 0 36.6 13 16.6 4.800000000000001 6.6000000000000005 16 10.600000000000001 24.6 5.6000000000000005 28.400000000000002 5.800000000000001 26 23.6 20.6 25 65.60000000000001 50.800000000000004 47 36.6 0 0 0 0 0 0 0.2 0 0 0.6000000000000001 0 0 0.6000000000000001 0 0 0 0 0 0 0 0 0 0 12.4 0 0.6000000000000001 0 0.6000000000000001 0.6000000000000001 0.2 0 0 0 0.6000000000000001 0 0 0 0 0 0 0.4 0.2 0 0 0 0 0 0.4 0.8 0.2 0 0 0.4 1 0.2 0 0.2 0 0 0.2 0 0 2.2 3.2 0 2.2 6.800000000000001 0 0 7.2 2.2 0 0 0 3.4000000000000004 10 2.4000000000000004 2.4000000000000004 9 0.2 0 0 0 0 0 0 0 0 0 0 0 0 0 0 0 0 0 0 0 0 0 0 0 0 0 0 0 0 0 0 0 0 0 0 0 0 0 0 0.4 0.4 0 0 0 0 0 0 0 0 0.4 0 0 0 0 0 0 0 0 0 0 0 0 2.2 11.200000000000001 2.2 3.4000000000000004 0 4.2 0 0.8 0 0 0 3 5 0 0 0.4 3.4000000000000004 0 2.4000000000000004 0 0 0 0 0 0 0 0 0 0 0 0 0 0 0 0 0 0 0 0 0 0 0 0 0 0 0 0 0.4 0 0 0 0 0 0 1.4000000000000001 0.2 0 0 0 0 0 0 0 0 0 0 0.4 0 0 0 0 0 2.4000000000000004 0 0 0 0 0 0 0 0 0 0 0 0.4 0.2 0.4 0 18 0 4.4 0 0 0 0 0 0 0 0 0.2 0 0 0 0 0 0 0 0 0 0 0 0 0 0 0 0 0 0 0 0 0 0 0 0 0 0 0 0 0.2 
 36.6 0 91.80000000000001 73.8 31.6 23 27.200000000000003 60.6 10.8 47.6 25.8 11.4 29 26.6 10.200000000000001 47 28 36.4 8.4 69 0 0.2 0 0 0 0 0 0 0 0.6000000000000001 0 0 0.6000000000000001 0 0 0 0 0 14.8 15.8 1.4000000000000001 0 0 0 0 0.6000000000000001 0 0.6000000000000001 0.6000000000000001 0 0 0 0 0.6000000000000001 1.2000000000000002 0 23.8 0 0 0 0 0 0 0 0 0 0 0.6000000000000001 0 0 1.8 0 0 0.4 0 0 0 0 0 0 1.8 5.2 2.6 0.2 1.8 2.2 2.8000000000000003 5.6000000000000005 0 6 5.2 3.4000000000000004 0 0.2 1.4000000000000001 9.200000000000001 8.4 9 0 0.2 0 0 0 0 0 0 0 0 0 0 0 0 4.2 0 0 0 0 0 0 2.6 0 0 0 0 0 0 0 0 0 0 0 0 0 0 0 0 0 0 0 0 0 0 0 0 0 0 0 1.8 0 0 0 0 0 0 0 0 0 0.4 0 0 0.2 1.4000000000000001 3 2 3.6 2.2 6 0.2 0 0 2.2 4.6000000000000005 0.2 4 3.8000000000000003 0.4 2.2 6.4 0 0.6000000000000001 0 0 0 0 0 0 0 0 0 0 0 0 2.6 0 4 0 0 0 0.4 0 0 0 0 0 0 0 0 0 0 0 0 0 0 0 0 0 0 0 0.4 0 0 0 0.2 0 0 0 0 0 0 0 0 0 0 0 0 2.4000000000000004 0 0 0 0 0 0 0 0 0 0.4 18.400000000000002 0 0 8.4 2.6 3 0 0 4.800000000000001 0 0 0 0 0 0 0 0 0 0 0 0 0 0 0.2 0 0 0 0 0 2 0 0 0 0 0 0 0 0 0 0 0 0 0 0 
 13 91.80000000000001 0 42 28.6 25.6 78 91.4 34 41 133.20000000000002 8 15.600000000000001 29.8 71 26.6 5 8.4 26.200000000000003 3.8000000000000003 0.6000000000000001 0 0.4 0.4 0.2 0.2 0.6000000000000001 0 0 0.6000000000000001 1.6 5.6000000000000005 0.6000000000000001 0 0 5.800000000000001 0 0.4 15.4 0.4 0 0 0 0 0.6000000000000001 1 1.6 0.6000000000000001 0.6000000000000001 0 0 0.6000000000000001 0.4 0.4 0 6.6000000000000005 0 0 2.8000000000000003 0.6000000000000001 0 0 0 0.6000000000000001 0.4 1.2000000000000002 0.2 0 0 0 0 0 0.2 0.6000000000000001 0 0 0.8 0 0.6000000000000001 1.2000000000000002 0.2 2.4000000000000004 2.8000000000000003 6.800000000000001 4.2 2.8000000000000003 5.6000000000000005 7.800000000000001 2.4000000000000004 8.8 2 3 0.2 10.600000000000001 0 2.8000000000000003 3.2 0 0.2 0 0 0 0.4 0 0 0 4.4 0 0 0 0.6000000000000001 0 0.2 2.6 0.6000000000000001 0 0 0 4.2 0 0 0 0 0 0 0 0 0 0 0 0 0 0 0 0 0 0 2.8000000000000003 0 0 0 1.2000000000000002 0 0 0 0 0.2 0 0.8 0 0.6000000000000001 0 0 0 0 0 0 0 0 0 2.8000000000000003 2.4000000000000004 4.2 5.6000000000000005 12.8 0.2 0 0 4.4 5 2.4000000000000004 10.4 0.4 0 0 9.4 5.2 6.6000000000000005 0 0 0 0 0 0 0.4 0 0 0 0.4 0 0 0 4.4 0 0 0.2 0 0 0 12 0 0 0 0 0 0 0 0 0 0 0 0 0 0 0 0 0 0 0 0 0 0 3 0 0 0 0.2 0 0 0 0 0 0 0 0 0 0 0 0 0 0 1.4000000000000001 0 0 0 0 0.2 0 0.4 0.4 2 1.8 0 0 0 0.2 0 0 0 0 0 0 3 0.2 0 0 0 0 0 0 0 0.2 0 0 0 0 2.2 0 0 0 0 0 0 0 0 0 0 0 0 0 
 16.6 73.8 42 0 71.2 26.200000000000003 21.400000000000002 29.6 40.800000000000004 57.6 17 43.2 11.4 10.200000000000001 33 27.6 30.8 47.400000000000006 109.4 14.4 0 0 0.4 0 0.4 0.6000000000000001 15 0 0.6000000000000001 0.6000000000000001 1.8 0 0.8 0.4 0.2 0 0 0.2 14.600000000000001 15.200000000000001 0 5.4 0 0 0 0.6000000000000001 0.8 0.6000000000000001 1 0 0 0 0 0.6000000000000001 0 0 0 0.4 14.200000000000001 0 0 0 7.2 0 0 0 0 0.6000000000000001 0.6000000000000001 0 9.4 0 0 0.4 0 0 0 0 0 0.4 3 0 5 0 0 3 2.2 2.6 3.2 3 9.4 14.4 0 0.2 0 3 7.6000000000000005 3.6 0 0 4 0 0 0 0 0 20 0 0 2.8000000000000003 0 0 10 8.200000000000001 4 0 0 0 2.2 3.6 0 0.2 0 0 0 0 0 0 0 0 0 0 0 0 0 0 0 3 0 0.2 0 0 0 0 0 4.4 0 0 0 0 0 0 0 0 0 0.4 0 0 0 0 0 0 0 0 4 8.200000000000001 0 0 1.4000000000000001 0 2.6 1.6 0 0 3.8000000000000003 0 0 5 0 0 0.2 8.6 1.8 0 0 0 1.8 0 0 0 0 0 4 1 3.8000000000000003 5 0 0 0 0 2.6 0 0 0 0 0 0 0 0.2 0 0 0 2 0 0 0 0 0 0 0 0 0 0 0 0 0 0 0 0 0 0 0 0 0 0 0.2 0 0 0 0 0 2.4000000000000004 0 0 0.2 0.2 9.600000000000001 0 24.400000000000002 0.4 0 0.6000000000000001 4.6000000000000005 0 0 0 0 0 0 0 0.4 0 2.2 0 0 0 0 0 0 0 0 0 0 0 0 2 0 0 0 0 0 0 0 0 0 0 0 0 0 0 
 4.800000000000001 31.6 28.6 71.2 0 64 14.8 10.4 49.2 39.2 33.6 55.6 15.8 9.8 13.8 19.400000000000002 30.200000000000003 51.6 10.600000000000001 79.2 4.6000000000000005 14.8 0.2 0 0.4 0 0.2 7.6000000000000005 6.4 0.6000000000000001 0.4 0 1 5.4 0 15.4 0 0.4 14.600000000000001 21 0 0 0 0 0 0.6000000000000001 0 0.6000000000000001 0.6000000000000001 0 0 0 0 0.6000000000000001 0 0 0 0 0 0 0 0 0 0 0 0 0 0.4 0.4 0 0.4 0 0 0.4 0 0 0 0 0 10.4 0 3.6 0 3.8000000000000003 3.8000000000000003 1.8 0 6.800000000000001 3.8000000000000003 4.800000000000001 2.2 8.6 0 0 0 17.400000000000002 0 4.4 0 0 4.2 0 1.4000000000000001 2.8000000000000003 0 0 2.2 8.200000000000001 4 6 0 0 5.6000000000000005 0 6.6000000000000005 1.8 0 0.8 2.4000000000000004 0 0 0 0 0 0 0 0 0 0 0.4 0 0 0 0 0 0 0 0 0 0 0.4 0 0 0 0 0 0 0 0 0 1.4000000000000001 0 0 0 0 1.8 0 4.4 0 0 0 0 4.6000000000000005 1 0.4 10 0 0 0 3 6 0 0 0 0 0 0 0 0 1 3.6 3.4000000000000004 8.8 2.8000000000000003 0 0.4 7.800000000000001 2 0.2 1.6 0 0 3 1.2000000000000002 4.2 3.2 0 1.8 4.6000000000000005 4.4 0 0 0 0 0 0 0 0 0 0 0 0 0 0 0 0 0 0 0.2 0 0 0 3 0 0.4 0 0 0 0 0 0 0 0 0 0 0 0 0 0 0 0 0.6000000000000001 0 0 0 0 0.2 0 1.2000000000000002 0.4 0.4 0.4 3 0 0 0 0 0 0 0 0.4 0 0 0 0 0 0 0 0 0 0 0 0 0 0 0 3.6 0 0 0 0 0 0 0 0 0 0 0 0 0 
 6.6000000000000005 23 25.6 26.200000000000003 64 0 94.4 30.200000000000003 38 12.4 16.400000000000002 48 6.4 8.6 39 26.200000000000003 34.800000000000004 29.400000000000002 7.2 8 15.4 5.800000000000001 0.2 0 0 0 30.6 0.4 4 0.8 0 0.4 15.4 0.2 14.600000000000001 0.4 0 0 27.200000000000003 23.6 0 0 0 0 0 12 1.2000000000000002 0.6000000000000001 1 0 0 0 0 8 0 0 0 0 0.8 0 0 0 0 0 0 0 0 0.6000000000000001 1.2000000000000002 0.4 0 0.2 0 0.4 0 0 0 0 0 0 0 0.4 2.6 6 0 5 0 0 2.6 0 4.800000000000001 5.6000000000000005 0 0 0 0 0 0 0 0 13.4 0 0.2 0 0 0 9.4 2.2 0 2.2 0 0 5.4 1.8 4 0.2 0 0 2.2 8.200000000000001 0 0 0 0 0 0 0 0.6000000000000001 0 0 0 0 0 0 0 0 0 0 0 0 1 0 0 0 0 0 0 0 0 0 0 0 0 0 1.4000000000000001 0 0 0.8 0 0 0 4 0 0.2 0.4 13 0 0 3.6 0 5.6000000000000005 0 0 0 0 0.2 0 2.8000000000000003 0 2 0 3 0 1.4000000000000001 0 0 5.2 0 0 0 0 0 4.800000000000001 4.4 2.2 0.6000000000000001 0 0.2 3 0.8 0 0 0 0 0 0 0 0.2 0 0 0 0 0 0 0 0 0 0 0.4 0 0 0 0 0 0 0 0 0 0 0 0 0 0 0 0 0 0 0 0 0 0 0 0 0 0 0 2.2 0 18.400000000000002 0 0.2 6 4 0 0 0 0 0 0 0 0 0 0 0 0 0 0 0 0 0.2 0 0 0 0 0 0 0 0 0 0 0 3.2 0 0 0 0 0 0 0 0 
 16 27.200000000000003 78 21.400000000000002 14.8 94.4 0 68.60000000000001 53.800000000000004 7.4 25.400000000000002 53.2 73.2 21.6 7 32.800000000000004 32 9.200000000000001 8.6 10.8 0 0.4 0 0.2 0 0 0 0 0 0.6000000000000001 0.2 0 0.6000000000000001 0.4 0 0 0 0 0.2 0.2 0 0 0 0 0 0.6000000000000001 0 0.6000000000000001 0.6000000000000001 0 0 0 0 0.4 0 0 0 0 0 0 0 0 0 1.2000000000000002 0 0 0 0 0 0 0 0.2 2 0.6000000000000001 0 0 0 0 13.4 0.6000000000000001 5.2 3.2 3.2 0.4 2.4000000000000004 1.6 11.4 2.6 1.2000000000000002 5.4 6 0 9 0 1.8 3 3.6 2.2 4.6000000000000005 7.800000000000001 0 0 0 0 0 0 0.2 0 0 0.2 0 0 0 0 0 0 0 0 0 0.4 0 0 0.2 0 0 0 0 0 0 0 0 0 0 0.4 0 2.2 0 0.2 0 0 0 3.4000000000000004 0.2 0 0 0 0 0 0 0 0 0 0 0 0 0 0 0 0 0 2.6 9.200000000000001 6.4 0 6.4 2.8000000000000003 0.2 3.2 1.8 7 2.6 5.6000000000000005 1.2000000000000002 6.4 9.200000000000001 2.8000000000000003 2 6.6000000000000005 0 0 0 0 3 0 0 3.8000000000000003 0 0 0 0 0 0 0 0.4 0 0.4 0 0 0 0 0 0 0.4 0 0 0 2 0 0 0 0 0 0 0 0 0 0 0 0 0 0 0 0 0 0 0 0 0 0 0 0 0 0 0 0 0 0.2 0 0 0 0 0 0 0 0 0.4 0 0 0 0.2 2.6 0.4 0 0 0 0 0 0 0 0 0 0 0 0 0 0 0 0 0 0 0 0 0 0 0 1.6 0 2.6 0 0 0 0 0 0 0 0 0 0 0 0 
 10.600000000000001 60.6 91.4 29.6 10.4 30.200000000000003 68.60000000000001 0 42.400000000000006 25.6 26.400000000000002 8.8 21.400000000000002 42.6 30.200000000000003 7.800000000000001 51.2 24.200000000000003 30.8 35.2 0 0 0 0.2 0.4 0 0 0 0 0.6000000000000001 0 0 0.6000000000000001 0.4 0 0 0 0 0 0 0 0 0 0 0 0.6000000000000001 0 0.6000000000000001 0.6000000000000001 0 0 0 0 0.6000000000000001 0 0 0 0 0 0 0 0 0 1 0 0 0 0.2 0 1 0 0 0 0.6000000000000001 0 0 0 0 0 0.4 3.4000000000000004 1.8 2.8000000000000003 5.4 2.8000000000000003 3.6 5.2 5 3 3 0.2 0 2.8000000000000003 3.2 2 5.800000000000001 0.2 2 3.4000000000000004 2 0 0 0 0 0 0 0.2 0 0 0.2 0 0 0 0 0 0 0 0 2.6 0.4 2.2 0 0.2 1.8 0 0 0 0 0 0 0 0 0 0.4 0 0 0 0 0 0 0 1.2000000000000002 0.4 0 0 0 0 0 0 0 0 0 0 0 0 0 0 0 0 0 0.4 4.4 3.6 0 0.6000000000000001 0 2.8000000000000003 2.6 10.200000000000001 5.2 2.6 6.6000000000000005 2.2 5.2 3.8000000000000003 2.8000000000000003 3.6 0 0 0.2 0 0 0 0 0 0 0 0 0 0 0 0 0.4 0.4 0 0.2 0 0 0 0 0 0 0.4 0 0 0 1.8 0 0 0 0 0 0 0 0 0 0 0 0 0 0 0 0 0 0 0 0 0 0 0 0 0 0 0 0 0 0 0 0 0 0 0 0 0 0 0.2 0 0 0 18 3.6 3.2 0 0 0 0 0 0 0 0 0 0 0 0 0 0 0 0 0 0 0 0 0 0 0 0 2 2 0 0 0 0 0 0 0 0 0 0 0 0 
 24.6 10.8 34 40.800000000000004 49.2 38 53.800000000000004 42.400000000000006 0 33.2 38 36.2 17 20.200000000000003 35.6 32.2 22.6 37.2 16.8 38 0 0.2 0 0.2 0 0.8 16 0.2 0 1.2000000000000002 0.2 0.4 0.8 0 0.2 23.200000000000003 0.4 1.8 18.400000000000002 0.6000000000000001 0 0 0 0.4 0 1.8 0 0.6000000000000001 0.6000000000000001 0 0.4 0 0 0.8 0 0.8 0.6000000000000001 0.6000000000000001 0 0 0 0 2.2 0.4 8.6 0 0 0.2 0.8 0 0 0 0 0.6000000000000001 0.2 0 0 0 0.4 1 3.6 0.2 6.800000000000001 0 2.4000000000000004 0 2.2 2.8000000000000003 6.2 8.200000000000001 9.4 0 0.8 0 2.2 2 0 2.2 0 2.4000000000000004 0 0 0 0 0 0.4 0 0 0 0 0 0 8.200000000000001 0.6000000000000001 4.2 0 0 0 0 1.8 0 0 0 0 0 2.8000000000000003 0 0 0 0 0.4 0 0 0 0 0 0 0 0 2.6 0 0.4 0 5 0 0 0 0 1.4000000000000001 0 0.6000000000000001 0 0 0 0 0 0 0 0 0 2.2 2.6 2.8000000000000003 0 2.2 4.800000000000001 0.2 0.2 1.8 3.6 6.6000000000000005 4.2 0 0 2.6 4.4 2.4000000000000004 2.4000000000000004 0 0 0 0 0 0 0 0 0 0 0 0.2 0 0 3.4000000000000004 2.6 1 0.4 0 0.4 7.6000000000000005 4.4 0 0 0 0 0 0 2.6 0 0 0 0 0 0 0 0.2 0 0 0 0 0 0.2 0 0 0 0 0 0 0 0 0 0 3.6 0 0 0 0 0 0 4.4 0.4 0 4 0 0 0 0.4 0 0 18 1.2000000000000002 0.6000000000000001 3 3.2 0 0 0 0 0 0 0 0 0 2.4000000000000004 0 0 0 0 0 0 0 0 0 0 0 0 0 0.2 0 0 0 0 0 0 0 0 0 0 0 0 0 
 5.6000000000000005 47.6 41 57.6 39.2 12.4 7.4 25.6 33.2 0 33.800000000000004 39.800000000000004 29 14.8 40.6 27.400000000000002 9.4 20 49.6 19 0.4 0.4 0.8 0 0 0.6000000000000001 0 0 0 0.6000000000000001 0 0 0.6000000000000001 0.6000000000000001 15.4 0.6000000000000001 0 0 15 0 0.6000000000000001 0 0 0 0 0.6000000000000001 0.6000000000000001 0.6000000000000001 1 0.6000000000000001 0 0 0 7.4 0 0 0 0 1 0 0 0 0 0.4 0 0 0 0.2 1 0 1 0 0.4 0.6000000000000001 0 0 0 0.6000000000000001 0 0.8 0.2 6.4 2.2 4 3.4000000000000004 0 0 5.800000000000001 5.800000000000001 4.6000000000000005 8 3 0 8.8 0 9.8 4.800000000000001 3.4000000000000004 0 0 0 0 0 0 0 0 0.2 0 0 0 0 0 0.2 4 0 0 0 0 3.6 0 0 0 0 0 0 0 0 0 1.4000000000000001 0 0 0 0 0 0 0 0 0.4 0 0 0 0 0 0 0 0 0 0 0 0 0 0 0 0 0 0 0 0 0 0 0 0 0 6.6000000000000005 2.6 2.4000000000000004 15 1.2000000000000002 0 2 2.2 5.4 0 0 0 3 2.8000000000000003 2.4000000000000004 2.8000000000000003 2.8000000000000003 0 3.8000000000000003 0 0 0 0 0 0 0 0 0 0 4.2 0 0 0 0 0 0 2.2 0 0 0 0 0 0 0 0 0 0 0 0 0 0 0 0 0 0 0.2 0 0 0 0 0 0 0 0 0 0 0 0 0 0 0 0 0 0 0 0 0 0 2 0 0 0 0.6000000000000001 0.4 0.4 0.4 18.400000000000002 3.2 2.6 0 0 0 0 0 0 0 0 0 0 3.6 0 0 0 0 0 0 0 0 0 0 0 0 0 0.8 0 0 0 0 0 0 0 0 0 0 0 0 0 
 28.400000000000002 25.8 133.20000000000002 17 33.6 16.400000000000002 25.400000000000002 26.400000000000002 38 33.800000000000004 0 30 9.200000000000001 13.8 12.600000000000001 58.800000000000004 25 49 7.4 15.200000000000001 0 0 0 0 0.4 0 19.400000000000002 0 0 0.6000000000000001 8.4 0 27 0 15.4 0.4 0 0 1.2000000000000002 0 0.4 0 0 0 0 0.6000000000000001 0.8 0.4 0.6000000000000001 0 0 0 0 0.4 0 0 0.6000000000000001 0 0.2 0 0 13 0 1 0 0 6.6000000000000005 0 0 0 0 0 0.4 0.6000000000000001 0 0 0 0 0 0.6000000000000001 2 0 6 8.8 6.800000000000001 2.8000000000000003 3.4000000000000004 0 1.6 9.4 7.4 2.4000000000000004 0 0.4 0 4 8 1.8 0 0 0 0 0 0 0 0 6.4 0 0.4 2 0 0 0 6.4 3 0 0 0 0 0 0 0 0 0 0 0 0 0 0 0 0 0 0 0 0 0 0 0 0 0 0 0 0 1 0 0 0 0 0 0 0 0 0 0 0 0 0 0 0 0 0 4.6000000000000005 7.2 2.6 10 0.4 3 0 0 12.600000000000001 4.4 3 1.6 2.6 2.6 1.8 4.4 3.4000000000000004 3.2 7.6000000000000005 0 0 0 1.8 0 0 4 0 0.2 0 0 0 0 5 2 2.8000000000000003 0 0 2.8000000000000003 1.8 1.4000000000000001 0 2.6 0 0 0 0 0 0 0 0 0 0 0 0 0 0 0 0 0 0 0 0 0 0 0 0.4 0 0 0 0 0 0 0 0 0 0 0 0 0 0 2.4000000000000004 0 0 0 0.4 0.2 0 0 0.4 0 1.8 0.4 0 0 0 0 0 0 0 0 0 2.4000000000000004 0 0 0 0 0 0 0 0 0 0 0 0 5.4 3 0 0 0 0 0 0 0 0 0 0 0 0 0 
 5.800000000000001 11.4 8 43.2 55.6 48 53.2 8.8 36.2 39.800000000000004 30 0 5.4 7.4 10.4 49.800000000000004 78.4 48.2 14.8 7.6000000000000005 14.4 0 0 0 0 0 0.2 15.200000000000001 14.8 14 0.4 0 0.6000000000000001 21 0 15 0 0 30.400000000000002 6.800000000000001 0 0 0 0 0 0.6000000000000001 0.2 0.6000000000000001 0.6000000000000001 0 0 0 0.4 0.6000000000000001 0 0 0 0 0.2 0 0 0.4 0 0 0 0 0 0.6000000000000001 0.8 0 0 0 0 0.4 0 0 0 0 0 0 0 0 5 0 0 14.200000000000001 0 0 2.2 3 8.6 5 0 0 0 0.2 0.8 2.2 0 0 3.4000000000000004 0 0 0 0 0 5 0.2 2.2 2.6 0 0 9.200000000000001 4.4 3.4000000000000004 3.8000000000000003 0 0 0 5.6000000000000005 0 0 0 0 0 0 0 0 0 0 0 0 0 4 0 0 0.4 0 0 0 0 0 0 1.8 0 0 0 0 0 0 0 0 0 0 0 0 0 0 0 0 0 0 0 0 1.8 7 0 0 0 3.4000000000000004 4.800000000000001 1.4000000000000001 0 0 0 0 0 3.2 0 0 0 2 1.8 0 0 0 4.6000000000000005 0 0 1.4000000000000001 0 0 7.6000000000000005 3.6 4 4.2 0 2.6 0.4 4 0 0 0 0 0 0 0 0 0 0 0 0 0 0 0 0 0 0 0 0 0 0 0 0 0 0 0 0 0 0 0 4.2 0 0 0 0 0 0 0 0 0 6 0 0 0 0 17.8 0.4 0.6000000000000001 0.4 0 3.6 3.8000000000000003 0 0 0 0 0 0 0 0 0 2.4000000000000004 0 0 0 0 0 0 0 0 0 0 0 0 1 0 0 0 0 0 0 0 0 0 0 0 0 0 0 
 26 29 15.600000000000001 11.4 15.8 6.4 73.2 21.400000000000002 17 29 9.200000000000001 5.4 0 32.800000000000004 6.6000000000000005 13.200000000000001 11.600000000000001 8 13 28.200000000000003 0.6000000000000001 0 0 0.2 0 0.2 0 0 0.8 1.2000000000000002 0.8 0 0.6000000000000001 0 0.6000000000000001 0 0 0 0.4 0 0 0 1 0 0.4 1.2000000000000002 0.8 0.6000000000000001 0.6000000000000001 13.200000000000001 0 0 0 0.4 0 0 0 0 0 0 0 0 0 0 0 0 0 0 1.2000000000000002 0 0.2 0 0.2 0.6000000000000001 0 0 0 0 0 0.6000000000000001 0.2 0.2 2.8000000000000003 0 0 0 0 0 2.4000000000000004 2 0 0 9.4 2.2 2 0 0 0 7.800000000000001 7.2 0 0 0 0 0.2 0 0 0 0 0.2 0 0 0 0 0 0 3.6 0 0 0 0 0 0 0 0 0 0 0 0 1.8 0 0 0 0 0 0 0 0 0 0 0 1.2000000000000002 0 0 0 0 0 0 0 0 0 0 0 0 0 0 0 0 0 0 7.4 3 0 0 0 0 0 9.600000000000001 4.4 0.4 0 0 4 2 1.8 0 0 0 3.8000000000000003 2.6 0 0 0 0 0 0 0.4 0 0 0 0 0.2 0 0 0 0.4 0 0 0 0 0 0 0 0 0 0 1.8 0 0 0 0 0 0 0 0 0 0 0 0 0 0 0 0 0 0 0 0 0 0 0 0 0 0 0 0 0 0.2 0 0 0 0 0 0 0 0 0.2 0 0.2 0.4 0.2 0 0 0 0 0 0 0 0 0 0 0.2 0 0 0 0 0 0 0 0 0 0 0 0 0 0 0 0 2 0 0 0 0 0 0 0 5 0 0 0 0 
 23.6 26.6 29.8 10.200000000000001 9.8 8.6 21.6 42.6 20.200000000000003 14.8 13.8 7.4 32.800000000000004 0 15.600000000000001 24.6 34 8.200000000000001 37 80.2 0 0 0 0.4 0 0 0 0 0.2 0.6000000000000001 0.2 0 0.6000000000000001 0 0 0 0 0 0.2 0 0 0 0 0 0 0.6000000000000001 0 0.6000000000000001 0.6000000000000001 0 0 0 0.4 0.6000000000000001 0 0.2 0 0 0 0 0 0 0 1 0 0 0 0.2 0 0 0 0 0 0.6000000000000001 0 0 0.2 0 0 0.4 0.2 0 3.8000000000000003 0.2 3.6 1.6 4 0.6000000000000001 5.800000000000001 0 0 0 1.2000000000000002 6 4 0.2 5 0 9 5.4 0 0 0 0 0 0 0 0.4 0 0 0 0 0 0 0 0.4 0 0 0 0 0 0 0 0 0.4 0 0 0 0 0 0 0 0 0 0 0 0 0 0 0 0 1.4000000000000001 0 0 3.8000000000000003 0 0 0 0 0 0 0 0 0 0 0 0 0 0 0 0 5.2 2.4000000000000004 0 8 0 2 5.2 2 6.4 0 1.8 3.2 5 3.4000000000000004 1.8 3 0 0 0 0 0 0.2 0 0 0 0 0 0 0 0.4 3.4000000000000004 0 0 0 0 0 0 0 3.8000000000000003 0.2 0 0 0 0 0 2.6 0 0 0 0 0.4 0 0.2 0 0 0 0 0 0.4 0 0 0 0 4.800000000000001 0 2.8000000000000003 0 0 0.2 0.2 0 2.8000000000000003 3.2 0 0 0 0 0 0 0 0 0 0 0 0 0.4 0 0 0.2 0.2 1.2000000000000002 0 0 0 0 0 0 0 0 0 0 0 0 0 0 0.2 0 0 0 0 0 0 0 0 2.4000000000000004 0 5.6000000000000005 0 0 0 0 0 0 0 0 0 0 0 0 
 20.6 10.200000000000001 71 33 13.8 39 7 30.200000000000003 35.6 40.6 12.600000000000001 10.4 6.6000000000000005 15.600000000000001 0 31.400000000000002 25.400000000000002 67.2 12.200000000000001 43.6 0 0.4 0.2 0.4 0.4 0 0 0 0 0.6000000000000001 0.4 0.4 1 0.4 0 0 0 1.6 0.6000000000000001 0 0 0.6000000000000001 0 0 0 0.6000000000000001 0.8 0.6000000000000001 0.6000000000000001 0 0 0 0.6000000000000001 0.6000000000000001 0 0 0 0 1.2000000000000002 0 0 0 0 1.2000000000000002 0 0 0 9.200000000000001 1.2000000000000002 0 0.8 0.6000000000000001 1.2000000000000002 0.4 0 11.8 0 0 0 1.2000000000000002 0 2.6 10 10.200000000000001 0 4.2 0.2 2.8000000000000003 6.2 6.2 1.2000000000000002 2.6 0 0 5 2.2 0 5 7.4 1.6 6.6000000000000005 0 0 0 0 0 1.8 0 0 0 0 0 0.2 2.2 0 0 0 0 4 1.2000000000000002 0 0 0 0 0 0 0 0 0.2 0 0 0 0 0 0 0 0 0 0 0.2 0 0 0 0 0 0 0 0 0.2 0 0.6000000000000001 0.2 0.4 0.2 0 0 0 0 0 0 0 5.6000000000000005 2.8000000000000003 2 2.4000000000000004 5.4 0 0 4.800000000000001 2.8000000000000003 0 0 1.8 0 0 0 1.6 5 0 0 0 0 0 0 0 0 0 0 0 0 0 0 0 0 0 0 0 0 0 0 0 0 0 3 0 0 0 0 0 0 0 0 0 0 0 0 0.4 0 0 0 0 0.2 0 0 0 0 0 0.2 0 0 0 0 0 0 0 0 0 0 0 0 0 0 0 0 0 0 0.2 0 0 19.200000000000003 0 2.4000000000000004 4 0 0 0 0 0 0 0 0 0 0 0 0 0 0 0 0 0 0 0 0 0 0 0 0 0 0 0 0 0 0 0 0 0 0 0 0 0 
 25 47 26.6 27.6 19.400000000000002 26.200000000000003 32.800000000000004 7.800000000000001 32.2 27.400000000000002 58.800000000000004 49.800000000000004 13.200000000000001 24.6 31.400000000000002 0 16.400000000000002 53.2 27.6 11.200000000000001 0 0.4 0 0.2 0.4 0 0.2 0 0.4 0.6000000000000001 0 13.200000000000001 0.6000000000000001 0.4 0 0 0.4 0.6000000000000001 9 0.4 0.6000000000000001 0 0.4 0.6000000000000001 0 0.6000000000000001 2.4000000000000004 0.4 0.6000000000000001 0 0 0 0 0.4 0 0 0 0 0.8 0 0 0 0.6000000000000001 0.2 0.4 0 0 0 0 0 0.6000000000000001 0 0.4 0.6000000000000001 0 0 0.4 0 0 9 0 2.4000000000000004 12.600000000000001 8.6 2.4000000000000004 3.4000000000000004 2.6 0 5.2 4.800000000000001 5 0 0 3.2 5.6000000000000005 0.8 7.2 0 3.6 3 0 0 0 0 0 0 3 0 0 0 0 0 0 2.8000000000000003 0 0 0 0 0.2 2 0 0 0.2 0 0 0 0 0 0 0 0 0 0 0.4 0 0 0 0 0 0 0 0 0 0 0 0 0 0 0 0 0 0 0 0 0 0 0 3 0 0 0 0 3.6 6 1.2000000000000002 0 6.4 1.4000000000000001 5.4 0.6000000000000001 0 4 6.2 2.4000000000000004 6.4 3.4000000000000004 5.2 6.800000000000001 2 3.4000000000000004 0 0.2 0 0 0 0 0.4 0 0.2 0 0 0.2 2.2 0.2 0 0.4 0 0 0 0 0 0 0 0 0.2 0 0 0 0 0 0 0 3.8000000000000003 0 0 0 0 0 0 0 0 0 0 0 0 0 0 0 0 0 0 0 0 4.800000000000001 0 0 0 0 0 0 0 4.2 0 0 0 0.8 0.2 0 0 17.400000000000002 0.2 1 0 0 0.2 0 0 0 0 0 0 0 1 6.800000000000001 0 0 0.4 0.4 0 0 0 0 0 0 0 1.6 0 0 0 0 0 0 0 0 0 0 0 0 0 0 
 65.60000000000001 28 5 30.8 30.200000000000003 34.800000000000004 32 51.2 22.6 9.4 25 78.4 11.600000000000001 34 25.400000000000002 16.400000000000002 0 80.60000000000001 10 32.2 0 0.2 0 0.6000000000000001 0 0 0 0 0 0.6000000000000001 0 0 0.6000000000000001 0 0 0 0 0 3.4000000000000004 1.2000000000000002 0 14.8 0 0 11 0.6000000000000001 0 5 0.6000000000000001 0 0 0 0 1 1.4000000000000001 0 0 0 0 0 0 0 0 0 0 0 0 0.4 3.2 0 0 0 0 0.4 0 9 5.6000000000000005 0 0 0.2 7.2 0 6.800000000000001 3.2 0 0 3.8000000000000003 7.800000000000001 5.800000000000001 8 5.2 0 1.6 0.8 4 16.2 2.8000000000000003 3.8000000000000003 2.4000000000000004 2 0 0 0 0 0 0 0 0 0 0 0 0 2.8000000000000003 0 0 0 0 0 0 0 0 0 0 0 2.6 0 0 0 0 0 0 0 0 0 0 0 0 0 0 0 0 2.6 0 0 0 0 0 0 0 0 0 0 0 0 0 0 0 0 0 0 0.2 11.4 6 4.4 6 2 5.6000000000000005 1.2000000000000002 1.8 4.800000000000001 2.2 0.6000000000000001 2.2 8.8 3.6 0 0.2 13 0 3.6 0 0 0 0 0 0 0 0 0 0 0 0 0 0 0 0 0 0 0 0 0 0 0 0 0 0 2 0 0 0 0 0 0 0 0 0 0 0 0 0 0 0 0 0 0 0 0 0 0 0 0 0 0 0 0 0 0 0 0 0 0 0 0 0 0 0.2 0.2 0 0 9.600000000000001 0.6000000000000001 1.2000000000000002 2 0 0 0 0 0 0 0 0 0 0 0 0 0 0 0 0 0 0 0 0 0 0 0 0 2.8000000000000003 0 0 0 0 0 0 0 0 0 0 0 0 
 50.800000000000004 36.4 8.4 47.400000000000006 51.6 29.400000000000002 9.200000000000001 24.200000000000003 37.2 20 49 48.2 8 8.200000000000001 67.2 53.2 80.60000000000001 0 21.6 5.800000000000001 0 0 0 0 0 0 0 0 0.4 0.6000000000000001 0.6000000000000001 0 0.6000000000000001 0 0 0 0 0 12.200000000000001 0 0 0 0 0 0 0.6000000000000001 0 0.6000000000000001 0.6000000000000001 0 0 0 0 0.6000000000000001 0 0 0 0 0 0 0 0 0 0 0 0 0 0.6000000000000001 7.800000000000001 0 0 0 0 0.4 0 0 0 0 0 0 1.2000000000000002 0.8 3.2 4.2 0 0 3.6 4.6000000000000005 8.200000000000001 2.8000000000000003 9.4 4.4 0 3 0.2 7.800000000000001 5 5.4 0 0 2.4000000000000004 0 0.4 0 0 0 0 0 0 0 0 0 3.8000000000000003 0 0 0.2 0 0 2.4000000000000004 0 0 0 0 0 0 0 0 0.2 0 0 0 0 0 0 0 0 0 0 0 0 0 0 0 0 0 0 0 0 0 0 0 0 0 0 0 0 0 1.4000000000000001 0 0 0 2 2.6 2 3 12.4 0 0 0 1.8 6.2 2 0.6000000000000001 2.6 1.2000000000000002 0 0 6 0 0 0 0 0 0 0.4 0 0 0 0.6000000000000001 0 0 0 0.8 3.2 1.8 0.8 0 0 3 2 0 0.4 0 0 0 0 0 0 0 0 0 0 0 0 0 0 0 0 0 0 0 0 0 0 0 0 0.2 0 0 0 0 0 0 0 0 0 0 0 0 0 0 0 0 0 0 0.8 0.2 0 0.2 0 2 0 7.800000000000001 0 0 0 0 0 0 0 0 0 1 0 0 0 0 0 0 0 0 0 0 0 0 0 0 0 0 0 0 0 0 0 0 0 0 0 0 0 
 47 8.4 26.200000000000003 109.4 10.600000000000001 7.2 8.6 30.8 16.8 49.6 7.4 14.8 13 37 12.200000000000001 27.6 10 21.6 0 36.2 0 0.6000000000000001 0.2 0.2 0 0 0.4 0.4 0.4 1 0 0 0.6000000000000001 0 0.2 0.6000000000000001 0.2 0 0 0 0 0 0 0 0 1.4000000000000001 0 0.6000000000000001 1.4000000000000001 12.4 0 0 0 0.4 4 0 0 0.4 0 13 0 0 0 0 0 0 0 0 0 1.2000000000000002 1.4000000000000001 0 0.6000000000000001 0.6000000000000001 0 0 0 0 0 0.6000000000000001 4.4 4.2 0 0 2 0.2 2 6.800000000000001 3.4000000000000004 2.4000000000000004 0 0 3.2 4.6000000000000005 1 5.800000000000001 10.200000000000001 5.800000000000001 0 0 0 0 0 0 0 0 0 0 0 0 0 0 0 0 0 0 0 0 0 0 0 0 0 0 0 1.6 0 0 0 0 0 0 0 0 0 0 0 0 0 0 0 0 0 0 0 0 0 0 0 0 3 0 0 0 0 0 0 0 0 0 2.2 0 2.4000000000000004 5.2 0 0 5.4 4.2 0.2 0 0 2 1.8 0 7 2.8000000000000003 3.4000000000000004 0 0.8 3.6 0 0 0 0 0 0 0 0 0 0 0 0 0 0 0 0 0 0 0 0 0 0 0 0 0 0 0 0 0 0 0 0 0 0 0 0 0 0 0 0 0 0 0 0 0 0 0 0 0 0 0 0 0 0 0 0 0 0 0 0 0 0 0 0 0 0.2 1 0 0.2 8.4 0 2.4000000000000004 0 0 0 0 0 0 0 0 0 0 0 0 0 0 0 0 0 0 0 0 0 0 0 2 0 0 0 0 0 0 0 0 0 0 0 0 0 0 
 36.6 69 3.8000000000000003 14.4 79.2 8 10.8 35.2 38 19 15.200000000000001 7.6000000000000005 28.200000000000003 80.2 43.6 11.200000000000001 32.2 5.800000000000001 36.2 0 0 6.2 0 0.4 0 0 0 0 0 0.6000000000000001 0.4 0 1.2000000000000002 0 0 12.8 0 0.2 0 0.2 0 0 0 0 0 0.6000000000000001 0 0.6000000000000001 0.6000000000000001 12.200000000000001 0 0 0 0.6000000000000001 0 0 0 0 0 0 0 0 0 0 0 0 0 0.6000000000000001 1.2000000000000002 0 0.4 0 0 0.4 0 0 0 0 0 0 5.4 0 1 0 0 0.2 5 2 0.4 1.8 0 0 2.2 4.800000000000001 7.6000000000000005 0.6000000000000001 0 9.200000000000001 5.4 2.2 0 0 0 0 0 0 0 0 0 0 0 0 0 0 0 0 0 0 0 0.2 0 0 0 0 0 0 0.2 0 0.2 0 0 0 0 0 0 0.2 0 0 0 0 0 0 0 0 0 0 0 0 0 0 0 0.2 0.4 0.4 0 0 0 0 0 0 7.800000000000001 0 0.2 0 0 0 7.2 12.4 0 0 0 0 5.6000000000000005 2 0 0 0.2 1.6 3 2.6 0 0 0 0 0 0 0 0.4 0 0 0 0 0 0 0 0 0 0 0 0 0 0 0 0 0 0 0 0 0 0 2.8000000000000003 0 0 0 0 0 0 0 0 0 0 0.2 0 0.2 0 0 0 0 0 0 0 0 0 0 0 0 0 0 0 0 0 0 0 0 0 0 0.2 0.4 0.2 2.4000000000000004 0 1 0 0 0 0 0 0 0 0 0 0 0 0 0 0 0 0 0 0 0 0 0 0 0 0 0 0 0 0 0 0 0 0 0 0 0 0 0 0 
 0 0 0.6000000000000001 0 4.6000000000000005 15.4 0 0 0 0.4 0 14.4 0.6000000000000001 0 0 0 0 0 0 0 0 82.2 57.800000000000004 11.600000000000001 48.2 67 15 41.400000000000006 49.6 8.6 58.6 63.400000000000006 23.400000000000002 52 9.4 22.8 20 54.2 52.800000000000004 45.2 0 0.4 0 0 41.2 0 0.6000000000000001 0 40.800000000000004 0 0 0 0.4 0 0 0 0 0 0 0 0 0 0 0 0 0 0.6000000000000001 0.4 0 0.4 0 0 0 0 0.2 0 0 0.6000000000000001 0 2 0 0 0 0 0 0 0 0 0 0 0 1.4000000000000001 0 0 0 0 0 0 0 0 10.8 5.4 4.4 6.4 0 0 1.4000000000000001 6.800000000000001 0 7.800000000000001 0.6000000000000001 0 2.2 0 8 3.2 3.2 8 0 1.2000000000000002 0 0 0 0 0 0 0 0 0 0 0 0 0 0 0 0 0 0 5.800000000000001 0 0 0 4.4 2.2 0 0 0 0.2 0 0 0 0 0 0 0 0 1.4000000000000001 0 0 0 0.8 0 0 0 0 0 0 0 0 0 0 0 0 0 0 0 0 0 0 0 3 12.4 6.6000000000000005 3.4000000000000004 1.6 1 6.6000000000000005 4.6000000000000005 2.2 3.8000000000000003 3 0.8 3 1.4000000000000001 0 11.8 2.4000000000000004 4.4 0 1.8 0 0 0 0 0 0 0 0 0 0 0 0 0 0 0 0 0 0 1.8 2 0 0 0 0 0 0 0 0 0 0 0 0 0.2 0 0 0 0 0 0 0 0 0 1.4000000000000001 0 0 0 0 0 0 0 0 0 0 0 1.4000000000000001 0 0 0 2.2 0.4 3 0 0 0 0 0 0 0 0 0 0 0 0 0 0 0 0 0 0 0 0 0 0 0 0 0 4.6000000000000005 0 0 0 
 0 0.2 0 0 14.8 5.800000000000001 0.4 0 0.2 0.4 0 0 0 0 0.4 0.4 0.2 0 0.6000000000000001 6.2 82.2 0 38.2 30 37 22.400000000000002 90.80000000000001 30.8 43.6 69.8 22.8 53 64.8 69.2 95.4 14 23.6 12.200000000000001 22.6 23.400000000000002 11 1 0 0.4 0.6000000000000001 0 0 0 0.8 0 0 0 0.4 0 0 0 0.2 0.6000000000000001 0 0 0 0.2 0 0 0 0 0.8 0.8 0 0.6000000000000001 0 0.6000000000000001 0 0 0.8 0 0 0.6000000000000001 0 0 0 0 0 0 3.2 0 0.2 0 0 0 0 0.4 0 0 0 0 0 0 0 0 1.8 4.2 4.4 3.6 0 0 1.6 4.6000000000000005 0 3.8000000000000003 0 0 0 1.4000000000000001 4.4 4 2.4000000000000004 0 0 1.2000000000000002 0 0 0 0 0 0 0.2 0 0 0 0 0 0.4 0 0 0 0 0 0 1.4000000000000001 0.6000000000000001 0 0 0 0 0 0 0.2 0 0 0 0 0 0 0.6000000000000001 0 0 0.6000000000000001 0.4 0 0 0 0 0 0 3.8000000000000003 0 0 0 0 1.8 0 0 0 0 0 0 0 0.4 0 2.6 0 5.2 6.6000000000000005 1.8 1.6 5 3 7 5.800000000000001 1.6 2.4000000000000004 1.4000000000000001 1.2000000000000002 2.2 2.4000000000000004 5.800000000000001 7.800000000000001 5.2 2.6 0 0.4 0 0 0 0 0 0 0 0 0 0 0.2 0 0 0 0 0 0 0 0 0 0 0 0 0 0 0 0 0 0 0 0 0 0 0 0 0 0 0 0 0 2.2 0 0 0 0 0 0 0 0 0 0 0 1.6 0 0.2 0 0 0.4 0.6000000000000001 0.4 0 0 0 0 2.6 0 0 0 0 0 0 0 0 0 0.4 0 0 0 0 2.2 0 0 0 0 0 0 0 2.6 
 0 0 0.4 0.4 0.2 0.2 0 0 0 0.8 0 0 0 0 0.2 0 0 0 0.2 0 57.800000000000004 38.2 0 96.80000000000001 66.60000000000001 41.2 14.600000000000001 40.6 21 32.800000000000004 40.2 15.4 21.400000000000002 56.6 22.8 17.8 43.2 25 15 26 0 0.4 0 0.6000000000000001 0.4 0 0 0 0 0.4 0 0 0.4 0 0.4 0 0 0 0 0 0 0 0 0 0 0.2 15.600000000000001 0.4 0 0.6000000000000001 0 0 0 6.4 0 0 0 0.6000000000000001 0 0 0 0 0 0 0.2 0 0 0 0 0 0 0 0 0 4 0 0 0 0 0 1.6 9 0.8 3.6 0.4 0 0 10.600000000000001 2.2 4.2 0.2 0 1.8 4 6 0 13.8 6.4 0 2 0 0 0.2 0 0 0 0 0 0 0 0 0 0.2 0 0 0 0 0 5.6000000000000005 5.800000000000001 0 0 0 0 0 0 0.2 0.2 0 0 0 0 0 0 0 0 2.4000000000000004 0 0 0 0 0 0 0 0 0.2 0 0 0 0 0 0 0 0 0 0 0 0.4 0 0 5.2 7.800000000000001 3.8000000000000003 0 1.6 0.2 1.4000000000000001 3.8000000000000003 2.4000000000000004 2.8000000000000003 2 2.4000000000000004 2.8000000000000003 3.6 3 12 2.8000000000000003 0 0 1.8 0 0 0 0 0 0.2 3.8000000000000003 0 0 0 0 0 0.4 0 0 0 0 0 1.8 0.8 0 0 0 0 0 0 0 0 0 0 0 0 0.4 0 0 0 0 0 0 0 0 0 1.4000000000000001 0 0 0 0.4 0 0 0 0 0 0 0 2.2 0 0.6000000000000001 1.8 7.800000000000001 0.2 0.6000000000000001 0.4 0 0 0 0 0 0 0 0 0 0 0 0 0 0 0 0 0 0 0 0 0 0 0 0 3.8000000000000003 0 0 0 
 0 0 0.4 0 0 0 0.2 0.2 0.2 0 0 0 0.2 0.4 0.4 0.2 0.6000000000000001 0 0.2 0.4 11.600000000000001 30 96.80000000000001 0 17.8 21.8 14.600000000000001 38.400000000000006 11.4 33 23.400000000000002 85.4 14.200000000000001 29 12.200000000000001 29.400000000000002 8 56.800000000000004 20 11.600000000000001 0 0.4 0 0 0 0 12.4 0 0 0.4 0 0 13 0 0 0 0 0 0 0.4 0 0 0 0 0 0 0.6000000000000001 10.600000000000001 0 0.4 0 0 8.200000000000001 0 0 0 0 0.6000000000000001 0 0 0 0 0 0.4 0 0 0 0 0 0 0 0 0 0 0 0 0 0.2 0 0 0 0.4 0 6.2 0.8 0.6000000000000001 0 1.8 0 0 6 0.4 0 0 0 2 5 8.6 0 0 1.8 0 0 0 0 0 14 0 0 0 6.2 0 4.2 3 2.8000000000000003 0 0 3 4.4 4.4 0 0 0 0 0 0 0 0 0 0 0 0 0 0 0 0 0 0 0 0 0.2 0 0 0 0 0 0 0 0 0 0 0 0 0 0 0 0 0 0 0 0.2 0 3 0 3.6 3 0 0 0 0 2.2 0 0 0 0 2.2 1.4000000000000001 0 0 1.8 0.2 0 0 0 0 0 3 3.6 0 6.4 0 0 0.4 0 8.8 3.6 2 1.4000000000000001 0.4 2.2 0 0 0 0 0 0 0 0 0 0 0 0 0 0 0 0 0 0 0 0 0 0.2 0 0 0 0 0 0 0 0 0 0 0 0 1.2000000000000002 0.2 0 0 0.2 0.2 3.2 0.4 0 0 0 0 0 0 0 0 0 0 0 0 0 0 0 0 0 0.2 0 2.6 0 0 0 0 0 0 0 0 
 0 0 0.2 0.4 0.4 0 0 0.4 0 0 0.4 0 0 0 0.4 0.4 0 0 0 0 48.2 37 66.60000000000001 17.8 0 47.6 75.2 24.200000000000003 36 51.2 24.200000000000003 15 63.2 18.400000000000002 32.800000000000004 29 69.60000000000001 14.4 16.400000000000002 16.6 0 0.4 0 0.6000000000000001 1.8 0 14.200000000000001 0 0 0.8 0 0 0.6000000000000001 0 12.200000000000001 0 0 0 0 0 0 0 0 0 0 0 0.6000000000000001 0.8 0 0.6000000000000001 0 0 0 0 0 0 0 0.6000000000000001 0 0 0 0 0 1.8 0 0 0 0 0 0 0 0 0 0 0 0 0 0 0 0 0 4.2 3.6 3 6.6000000000000005 4.2 0 0.4 7 3.4000000000000004 4.4 2.8000000000000003 0 1.4000000000000001 0 4.2 2 0 1.6 0.4 0 0 0 0 0 0 0 2.2 0 0 0 0 3.2 1.6 1.6 3.2 0 1.8 7.4 3.6 0 0 0 0 0 0 0 0.8 0 0 0 0 0 0 0 0 0.8 0 0 0.2 0 0.2 7.4 0 0 0 0 0 1.8 0 0.6000000000000001 0 0 0 0 0 0 0 0 0 14.200000000000001 1.8 0 2.6 2.2 6 1.8 7.6000000000000005 2.4000000000000004 0.2 4.2 2.8000000000000003 0 0.2 0 5.6000000000000005 6.6000000000000005 0 0 0 14.4 0 0.4 0 0 0 0 0 0 0 0 0 7.4 2.2 0.2 0 3.4000000000000004 0 5.4 0 0 0 0 0 0 0 0 0 0 0 0 0 0 0 0 0 0 0 0 0 0 0 1.2000000000000002 0 0 0 0 0 0 0 0 0 0 0 12.200000000000001 0.4 1.2000000000000002 15.8 0.8 0 0.4 5.6000000000000005 0 0 0 0 0 0 0 0 0 0 10.4 0 0 0 0 0 0 0 0 0 0 0 0 2.2 0 0 0 0 
 0 0 0.2 0.6000000000000001 0 0 0 0 0.8 0.6000000000000001 0 0 0.2 0 0 0 0 0 0 0 67 22.400000000000002 41.2 21.8 47.6 0 77.4 19.8 8.6 24.400000000000002 43.6 31.400000000000002 7.800000000000001 25.400000000000002 17 46.6 27.200000000000003 46.800000000000004 10.8 12.200000000000001 6.4 0.4 0 0.2 0 0 4.4 12.200000000000001 0 0.2 0.4 0 13 0 0 0 0 0.6000000000000001 0 12.4 0 0 0 0 0 0 0.6000000000000001 0.6000000000000001 0 1.6 0.2 0 2 0 0 0 0.4 0.4 0 0 1.4000000000000001 0 0 0 0 0 0 0 0 0 0 0 0 0 0.4 0 0 0 0.4 0 0 5 2.4000000000000004 2.2 6.4 0 0 0 0 0.2 3 14.600000000000001 0 1.6 0 2.2 2.6 0 0 0 0 2.2 7 0 0 0 2.2 3.4000000000000004 5.4 2.6 0 0 12.200000000000001 15.600000000000001 5.800000000000001 0 2.8000000000000003 0 3 5.800000000000001 0 0.2 0 0 0 0 0 0 0.2 0 0 0 0 0 0 0 2 0 0 0 0 0 0 0 0 0 0 0 0 0 0 0 0 0 0 0 0 0 0 0 0 2.2 3.6 0.2 4.2 2.2 0 0 3.2 1.6 3.8000000000000003 0 0 0 0 0 0 0 0 0 4 3 0 0 4 0 6.800000000000001 8 11.200000000000001 0 0 0 4.800000000000001 0.2 3.6 0.2 0 0.2 2.2 2 0 0 0 0 0 0 0 0 0 0 0 0 0 0 0 0 0 0 0 0 0 0 0 0 0 0 0 0 0 0.2 0 0 0 0 0.4 0 1.2000000000000002 15.200000000000001 0.2 0 0.8 2.4000000000000004 0 0 0 0 0 0 0 0 0 0 0 0 0 0 0 0 0 3.6 0 0 0 0 0 2 0 0 0 0 
 0.2 0 0.6000000000000001 15 0.2 30.6 0 0 16 0 19.400000000000002 0.2 0 0 0 0.2 0 0 0.4 0 15 90.80000000000001 14.600000000000001 14.600000000000001 75.2 77.4 0 32 61 12.200000000000001 10.600000000000001 48.400000000000006 26.8 11.8 25.6 7.4 10.600000000000001 49.6 26 62.400000000000006 0 0.4 0 0 2.4000000000000004 0 0 0 0 0 0 0.2 0.4 0 0 0 0 0 0 0 0 0 0 0 0 0 0.6000000000000001 0.4 17.8 0.6000000000000001 0 0 0 0.4 1.8 0 0 0.6000000000000001 0 0 0 0 0 3.6 0 4.4 0 0 0 2.2 0 2.2 0 0 0 0 1.6 0 0 0 0 0 2.4000000000000004 0.2 0 0 11.200000000000001 0 5.2 3 4.800000000000001 0 4.2 7.800000000000001 2.8000000000000003 3.8000000000000003 1.2000000000000002 0 0 8 0 0 0 0.2 0 0 0 0 0 0 0 0 0 0 0 0.2 0 0 0.2 0.6000000000000001 3.4000000000000004 0 0 1.2000000000000002 0 0 0.2 0 0 1.6 0 0 0 0 2.4000000000000004 0 0 1.4000000000000001 0 0 0 0 0 0 0 4.2 0 0 0 0 0.4 0 0 0 0 0.4 0 0 0 0.8 6.4 1.8 0 7.4 4.6000000000000005 0 9 5.4 4.2 4.4 3.8000000000000003 3.2 4 5.2 11.600000000000001 2.6 15 0.8 7.800000000000001 2.6 0 0 0 0 0 0 0 0 0 0 0 0 0 0.4 0 0 0 0 0.2 0 0 0 0 0 0 0 0 0 0 0 0.2 0 3.4000000000000004 0 0 0 0 0 0 0 0 0 1.2000000000000002 0 0 0 0 0 5.4 0 0 0 0 0 2.2 0.8 0 0 0.4 0 1 0 0 0 0 0 2 0 0 0 0 0.4 0 0 0 0 2.8000000000000003 0 0 0 0 2.2 0 0 0 0 0 0 0 0 
 0 0 0 0 7.6000000000000005 0.4 0 0 0.2 0 0 15.200000000000001 0 0 0 0 0 0 0.4 0 41.400000000000006 30.8 40.6 38.400000000000006 24.200000000000003 19.8 32 0 37 8 32 20.400000000000002 21.200000000000003 37.800000000000004 7 22 20.8 21.8 13 38.400000000000006 1.4000000000000001 0.4 0 0 0.6000000000000001 0 0 0 0 0 0 0 0.4 0 0 0 0 0 0 1.2000000000000002 0 9.600000000000001 0 0 0 0 0.6000000000000001 0.4 0 0.6000000000000001 0 0 0 0 0 1.2000000000000002 0 0.4 0 0 0 0 0 0 0 0 0 0 0 0 0 2 0 0 0 0 0 0 0 0 6.6000000000000005 3.6 6.800000000000001 6.4 0 0.2 2 4.4 2.4000000000000004 6.6000000000000005 6.6000000000000005 0 0 0.2 3.6 6.800000000000001 5.800000000000001 2.6 0 0 0 0 0 0 0 0 0 0 0 0 0 0 0 0 0 0.2 0 0 4.4 5.4 0 0 0 0 0 0 0 0 0 0 0 0 0 0 0 0 0.4 0 0 0 0.6000000000000001 0 0 0 0 0 0 0 0 0 0.8 0 0 0 0 0 0 0 0 0 2.8000000000000003 4.4 5 9 3.4000000000000004 2.2 2.2 3.2 1.8 11.600000000000001 0 0 0 0.4 1.8 5 10.200000000000001 7 0 0.8 0 0 0 0 0 0 2.6 0 0 0 0 0 0.2 2 0 0 0 0 5.800000000000001 4 0 0 0 0 0 0 0 0 0 0 0 0 0 0 0 0 0 0 0 0 0 0 0 0 0 0 0.4 0 0 0 0 0 0 0 0.8 0 0.2 0 0 0 6.2 0 0 0.2 0 0 0 0 0 0 0 0 0 0 0 0 0 0 0 0 0 0 0 0 0 0 0 0 0 0 
 0 0 0 0.6000000000000001 6.4 4 0 0 0 0 0 14.8 0.8 0.2 0 0.4 0 0.4 0.4 0 49.6 43.6 21 11.4 36 8.6 61 37 0 64.8 7 15.4 46.400000000000006 33.2 40 29.8 11.200000000000001 8.8 24.200000000000003 49 0.8 0.4 0 0 0.6000000000000001 0.2 0 0.4 0.8 0 0 0 0.4 0 0 0 0 0.8 0 1.6 0 0 0 0 0 0 0.6000000000000001 0.4 0 0.6000000000000001 0 4.800000000000001 0 0.4 0 0 0 0.4 0 0.8 0 0.4 0.2 0 0 1.4000000000000001 0 0 0 0 0 2.4000000000000004 0 0 0 0.2 0 0 0 0 6.800000000000001 0 2.2 2.4000000000000004 0 0 2.2 4.4 5.4 3 3.8000000000000003 0 2.6 0.2 2.4000000000000004 14 0.2 0 1.8 5 0 0.4 0 0 0 0.4 0 0 0 0 0 0 0 0.4 0 2.2 0 0 0 2.8000000000000003 1 0 0 0 0 0 0 0 0 0 0 0 0 0 0.8 0 0 2.2 0 0 1 0 1.4000000000000001 0 0 0.4 0 0 0 0 2.4000000000000004 0 0 0 0 0 0 0 0 0 1 3.8000000000000003 2.8000000000000003 8.6 3 0 6.6000000000000005 6.800000000000001 4 6 1.6 0.2 1.8 1.2000000000000002 0.2 0.2 7.6000000000000005 9.200000000000001 7.2 4 0 0 0 0 0 0 0 0 0 0 5 0 0 2 0 0 0 0 5.800000000000001 0 0 0 0 0 0 0 0 0 0.4 0 0 0 0 0 0 0 0 0 0.4 0 0 0 0 0 0 0 0 0 0 0 0 0 0 0 3.6 0 0 0 0.2 0 2.8000000000000003 0 0 0 0 0 0 0 0 0 0 0 0 0 0 0 0 0 0 0 0 2.8000000000000003 0 0 0 0 0 0 0 0 
 0.6000000000000001 0.6000000000000001 0.6000000000000001 0.6000000000000001 0.6000000000000001 0.8 0.6000000000000001 0.6000000000000001 1.2000000000000002 0.6000000000000001 0.6000000000000001 14 1.2000000000000002 0.6000000000000001 0.6000000000000001 0.6000000000000001 0.6000000000000001 0.6000000000000001 1 0.6000000000000001 8.6 69.8 32.800000000000004 33 51.2 24.400000000000002 12.200000000000001 8 64.8 0 20 33.800000000000004 56.800000000000004 32 64 44.2 82.60000000000001 24.8 60.6 15.600000000000001 18.8 0.4 0 0 0 0 13.200000000000001 0 0 0.4 0 0 12.8 0 0 0 0 0 0 0.8 0 0 0 0 0 0 0.6000000000000001 2.6 0 0.6000000000000001 0 0 0 0.2 0 0 0 0.6000000000000001 0 0 0 0 0 0 0 0 0 0.4 0 0 0 0 0.2 0 0 0 0 0 0 0 0 2.6 2.4000000000000004 2.4000000000000004 2.4000000000000004 12.200000000000001 0 0 4.800000000000001 0 1.2000000000000002 3 0 1.6 0 0 4.4 0 0 0 5.800000000000001 0 1.4000000000000001 0 0 0 4.4 6.6000000000000005 0 0 0 0.4 5.4 10.8 3.4000000000000004 0 0 1.4000000000000001 1.6 2 0 0.2 0 0 0 0 5.6000000000000005 0.2 0 0 0 0 0 0 0 0 0 0 0 0 0 0 0 0 0 0 0 0 0 8.6 0 0 0 0 0 0 0 0 0.2 0 0 0 5 0 0 7 0 0 0 0 6.4 2.4000000000000004 2.4000000000000004 0 0 2.6 2.4000000000000004 0.2 0.4 0 2.8000000000000003 2.4000000000000004 0 0.4 0 0 0 0 0.2 3 0 0 7.2 0.2 2 2.4000000000000004 5.6000000000000005 0 2.4000000000000004 0 0 0 0 0 0 0 0 0.4 0 0 0 1.8 0 0 0 0 0 0 0 0 0 0 0 0 0 0 0 0 0 0 0 0 0 0 2 0 0.4 2.6 0 0.2 1 0 0 0 0 0 0 0 0 0 0 0 0 0 0 0 0 0 0 0 0 1.8 0 0.4 0 6.4 0 0 0 0 
 0 0 1.6 1.8 0.4 0 0.2 0 0.2 0 8.4 0.4 0.8 0.2 0.4 0 0 0.6000000000000001 0 0.4 58.6 22.8 40.2 23.400000000000002 24.200000000000003 43.6 10.600000000000001 32 7 20 0 23.8 7.6000000000000005 53.400000000000006 14.4 33.2 29 55.800000000000004 10.600000000000001 13.8 2.4000000000000004 2.2 0.2 0 0 0 3 0 0 0 0 0.4 0.4 0 0.2 0.6000000000000001 0 0 0 0.2 0 0 0.4 0 0 0 0.6000000000000001 0.4 10.600000000000001 0.6000000000000001 0.2 0 0 0 0 0 0.4 0.6000000000000001 0 0 0 0 0 0 0 0 0 0 0 0 0 0 0 0 0 0 0 0 0 0 0.2 9 0 0.2 0 2.4000000000000004 0 2.2 0 0 0.8 0 0 0 0 4.6000000000000005 2.6 2.4000000000000004 0 0 0 0 0 5 0 0 0 0 0 0 0 0 1.4000000000000001 0 1.6 0 0 0 6.2 2.8000000000000003 0 0 0 0.4 0 0 0 0.2 0 0 3.2 0 0 0 0.4 0 2.2 0 0 0 0.4 0 0 0.2 0 0 0 0 0 0 0 0 0 0 0 0 0 0 0 0 2.6 3.8000000000000003 9 0 1.8 5 0 4.2 3.4000000000000004 5.4 0 0 0 0 0 2.2 3.6 1.2000000000000002 0 1.8 0 0 0 0 0 0 0 0 0 0 0 0 4.4 1.8 0.2 0 0 0 4.4 0 0 0 0 0 0 0 0 0 0 0 0 0 1.4000000000000001 0 2.4000000000000004 0 0 0 0 0.4 0 0 0.4 0 0 0 0 0 0 0 0 0 0 0 1.8 0.2 0.2 0.4 0 0.6000000000000001 3.6 0 0 0 0 0.6000000000000001 0.4 0.4 0 0 0 0 0 0 0.2 0 0 0 0 0 0 0 0 0 0 0 0 0 0 0 
 0 0 5.6000000000000005 0 0 0.4 0 0 0.4 0 0 0 0 0 0.4 13.200000000000001 0 0 0 0 63.400000000000006 53 15.4 85.4 15 31.400000000000002 48.400000000000006 20.400000000000002 15.4 33.800000000000004 23.8 0 13.4 7 38.2 18.2 16 35.4 9.600000000000001 9.200000000000001 13.8 0.4 14.4 0 0 0 12.200000000000001 0.2 26.400000000000002 0.4 0 0 35.2 15.600000000000001 0 0 0 0.8 0 13.8 0 0 0 0 0 0 0.6000000000000001 0.4 0 0.4 0 0 0 0 0 0 0 0.6000000000000001 0 0 0 0 0 0 0 0 0 0 0 0 0 0 0.4 0 0 0 0 0 0 0.2 0 1.8 0 2.8000000000000003 2.2 2.2 0 2.6 0 1.4000000000000001 3.2 1.6 0 0 2.6 0 2.2 1.2000000000000002 0.6000000000000001 0 5.6000000000000005 2.6 2 0 0 0 7.2 0 6.6000000000000005 0 1.8 0.2 4.4 4 2.6 0 2.2 1.4000000000000001 3 2.2 0 2.6 0.6000000000000001 0 0 0 0.6000000000000001 1.6 0 0 0 0 0 0 0 0 0.2 0 0 0 0 0 0 0 0 0 0 0 0 0 0 0 0 0 0 0 0 0 0 0 0 2.6 0 0 8.6 1.6 0 0 0 0 5.2 0.2 0 1.4000000000000001 0 0 0 0.2 0 0.2 2.8000000000000003 5.4 0 0 0 0 4 4.800000000000001 0.4 7.6000000000000005 0 0 0 1.4000000000000001 4.2 5 0 4 1.8 4.2 0 0 0 0 0.4 0 0 0 0 0 0 0 0 0 0 0 0 0 0 0 0 0 0 0 0 0 0 0 0 0 0 0 0 0 2.6 0.4 0.2 16 17 0.2 0.4 0 0 0 0 0 0 0 0 0 0 0 0 0 0 0 0 0 0 0 0 0.2 0 0.2 0 0 2.6 0 0 0 
 0.6000000000000001 0.6000000000000001 0.6000000000000001 0.8 1 15.4 0.6000000000000001 0.6000000000000001 0.8 0.6000000000000001 27 0.6000000000000001 0.6000000000000001 0.6000000000000001 1 0.6000000000000001 0.6000000000000001 0.6000000000000001 0.6000000000000001 1.2000000000000002 23.400000000000002 64.8 21.400000000000002 14.200000000000001 63.2 7.800000000000001 26.8 21.200000000000003 46.400000000000006 56.800000000000004 7.6000000000000005 13.4 0 17.400000000000002 28 9.8 27 51.800000000000004 37.6 28.8 0 0.4 0 0.4 0 0 0 0 0 0.6000000000000001 0 0 0.4 0 0 0 0 0 0 0 0 0 0 0 0 0 10.8 0.4 0 0.6000000000000001 0 0 0 0 1 0 0 0.6000000000000001 0 0 0 0 0 2.6 2.8000000000000003 1.8 0 0 0 0 0.4 3 0 0 0 0 0 0 0 0 0 2.4000000000000004 5.6000000000000005 6.4 0 0 7 3 1.8 1.8 1 0 0 6.800000000000001 9.600000000000001 0 2.6 0 0 3.8000000000000003 0 0 0 0 0 0 0 0 0 0 0 0 1.4000000000000001 0 0 0 0 0 2.8000000000000003 0 0.8 0 0 0.8 0 0 0 0 0 0 0 0 0 0 0 0 0 1.2000000000000002 0 0 0 0 0 0.2 0 3.8000000000000003 0 0 0 0 0.2 0 0.4 0.4 0 0 0 0 0 1.6 1.8 3.8000000000000003 3.6 7 1.8 0.8 3.6 2.2 4.4 3.8000000000000003 0 1.8 3.2 4 8.4 0.6000000000000001 0 0 4.800000000000001 1.8 0 0 0 0 0 0 0 0 0 0 0 0 0 0 0 0 0 0 0 0 0 0 0 0 0 0 2.8000000000000003 0 0 0 0 0 0 0 0 0 0 0 0 0 0 0 0 0 0 0 0 5.6000000000000005 0.4 0 0 0 0 0 1.6 0 0.2 0.2 0 0 0.4 0 0 0 0 0 2 0 0 0 0 0 0 0 0 0 2.4000000000000004 0 0 0 0 1.8 0 0 0 0 3.8000000000000003 0 0 0 
