 0 21.400000000000002 33.2 30.6 8 25.200000000000003 96 9.200000000000001 39 43.800000000000004 49.6 52.2 37.4 24 43.2 35.6 39.800000000000004 27 127 49.800000000000004 0 0 0 0.8 0.6000000000000001 0 0 0 0 1.2000000000000002 0 0 0.2 0 0.2 0 21.8 0 0 0.2 0.8 0 0 0.2 0 0 0.8 0.6000000000000001 0.6000000000000001 0.4 0.2 0 0 0 0 0.2 0 0.6000000000000001 0.6000000000000001 0.2 0 0.2 0 0.6000000000000001 0 0 0 0 0 0 0 0 0 0 0 0 0 0 0 0.6000000000000001 4 3 2.8000000000000003 4.4 1.8 3 3.4000000000000004 8.8 4.4 0 0.2 2.8000000000000003 0 1.8 9.200000000000001 7.4 0.4 0 1.2000000000000002 3.8000000000000003 0 0 0 0 0 0 0 0.2 0 0 0 0 0 0 0 0 0 0 3 1.8 0 0 0 0 0 0 0 0.2 2.2 0 0 0 0 0 4.6000000000000005 4.2 0 0 0 0 0 0 0 0 0 0 0 0 0 0 0 0 0 0 0 0 0 0 1.8 0 8.6 7.2 2 6 1.8 1.8 1.6 0 4.4 11 11.600000000000001 0.4 2.2 6.2 1.2000000000000002 0 4.2 4.800000000000001 5.6000000000000005 1.8 0 0 0 0 0 0 0 0 0 0 0 0 0 0 0 0 0 0 4 0 0 0 0 0.2 0 0 0 0 0 0.4 0 0 0.4 0 0 0 0 0 0 0 0 0 1.4000000000000001 0.4 0 0 0 0 0 0 0 0 0 0 0 0 0 0 0 0 0 0 0 0 0 0 0.8 0.4 0 0.4 0 7.800000000000001 8 0 0 0 0 0 0 0 0 0 0 0 0 0 0 0 0 0 0 0 0 0 0 3.8000000000000003 6.4 0 0 0 0 0 0 0 0 0 0 0 0 0 
 21.400000000000002 0 101 50.400000000000006 7 6.800000000000001 13.600000000000001 85 24.400000000000002 71 54.400000000000006 7.4 51.2 66 32.800000000000004 14 44.2 43.6 43.2 75.60000000000001 0 0 0 0.6000000000000001 0.2 0 15 0.2 0 0.8 0 0 0 0.2 0 0.2 0.8 0 15 0.8 0 0 0 0 0 0 0.6000000000000001 0.6000000000000001 0.6000000000000001 0 0 0 0 0 0 0 0 0.6000000000000001 0.6000000000000001 0 0.6000000000000001 0 0 0.4 0 0 1 7.800000000000001 1.8 1.2000000000000002 0.6000000000000001 0 0.8 0 0.6000000000000001 0 0 0 7.4 8 2.6 1.8 0 0 0.2 0.4 7.6000000000000005 2.8000000000000003 0 3.8000000000000003 2.2 2.8000000000000003 0 0.4 0 2.2 2.4000000000000004 0.4 12.200000000000001 0 0 0 0 0 0 0 0.2 0 0 0 1.8 0 2.2 0 0 0 0 0 0 0 0 0 0 0 0 0 0 0 0 0 0 2.8000000000000003 0 0 0 0 0.2 0 0 0 0 0 0 0 0 0 0 0 0 0 0 0.2 0 0 0 0 0 0 0 0 0 6.4 0.6000000000000001 0.2 4 0 2.2 4 5.6000000000000005 0 7 0 1.2000000000000002 0 0 9 4.6000000000000005 0.2 0 0 0 0 0 0 0 0 0 0.6000000000000001 0.4 0 0.4 0 0 0 0 0 0 0 2 2.8000000000000003 0 0 0 0 0 0 0 0 0 0 0 0 0 0 0 0 0 0 0 0 0 0 0 0 0 0 0 0 0 0 0 0 0 0 0 0 0 0 0 0 0 0 0 0 0.2 0 18.2 0 0.2 0.4 0 1.2000000000000002 0 0 0 0 0 0 0 0 0 0 0.2 0 0 0 0 0 0 0 0 0 0 0 0 3.2 0 0 0 0 0 0 0 0 0 0 0 0 0 0.4 
 33.2 101 0 60.800000000000004 10.200000000000001 11.4 13.4 37.800000000000004 59.400000000000006 28.6 25.200000000000003 12.200000000000001 15 28.200000000000003 26.6 6.6000000000000005 40.400000000000006 49.6 61.6 72.2 0 0 0.4 0.6000000000000001 0 0.4 0.4 0 0 1 0.8 0 14.600000000000001 0 0 0 0.6000000000000001 0 0.4 0 0 0.6000000000000001 0 0 0 0 0.6000000000000001 0.6000000000000001 0.6000000000000001 0 0 0 0 0 0.6000000000000001 0 0.2 0.6000000000000001 2.4000000000000004 0 0 0 0 0.4 0 0 0.6000000000000001 1.8 0.2 0 0 1 0 0 0 0 0 0.4 0 0.6000000000000001 6 2.2 4 0 0 0.2 4.6000000000000005 0.2 4 2 0 3 6.4 0.2 0.2 0 9.8 0 0 0 0 0 0 0 0.2 0 3.4000000000000004 0 0 0 0 0 8.8 0 0 0 0 0 2.2 0 0 0 0 0 0 0 0 0 0 0 0 0 0 0 0 0 0 0 0 0 0 0 0.4 0 0 0.2 0.2 0 0 0 0.2 0 0 0 0 0 0 0 0 0 0 0.4 0.2 0 0 0 3.4000000000000004 0 2.4000000000000004 0 6.4 2 4.4 0.2 7.800000000000001 4 0.6000000000000001 2.4000000000000004 0 0 0.2 0.2 0 0 0 0 1.8 0 0 0 0 0 0 1.2000000000000002 0 0 0 0 0 0 0.4 0 0.4 4.4 0 0 0 0 0 0 0 0 0 0 0 0 0 0 0 0 0 0 0 0 0 0 0 0 0 0 0 0 0 0 0 0 0 0.2 0 0 0 1.6 0 0 0 0 0 0.4 0.2 0.4 0 1 0.2 0 0 0 0.2 0 0 0.4 0 0 0 0 0 0 0.2 0 0 0 0 0 0 0 0 0 4 0 0 0 0 0 0 0 0 0 0 0 0 0.2 
 30.6 50.400000000000006 60.800000000000004 0 35 25 38.2 17.2 45.2 65.4 39.800000000000004 9 37.2 13.200000000000001 10.8 12.600000000000001 21 7 15.600000000000001 56.6 0.2 0.2 0 42.400000000000006 0.2 0 0 0 0 0.6000000000000001 0 0 0 0 0 41.800000000000004 0.6000000000000001 0 2.2 15 0.2 0 3.4000000000000004 0 0 0 0.6000000000000001 0.6000000000000001 0.6000000000000001 0 0 0 0 0 0 0 0 12.8 0.6000000000000001 0 0 0 0 0.6000000000000001 0 0 0 0 0 0 0 0 0 0 0 0 0 10 0 0.6000000000000001 2 0 6.6000000000000005 2 3.8000000000000003 2.6 2 2.6 0 2 5.800000000000001 9.200000000000001 0 0 3.8000000000000003 0 6.800000000000001 3.4000000000000004 0 0 0 0 0 0 0 0 0.2 0 0 0 0 0 3.2 0 0 0 0 0 1.8 3.2 0 0 0 0 0 0 0 0 0 0 0 2.2 0 0 3.8000000000000003 0 0 0 0 0 0 13.8 0 0 0 0 0 0 0 0 0 0 0 0 0 0 0 0 0 0 0 5.800000000000001 5.800000000000001 4 7 5.800000000000001 1 0 2.8000000000000003 0.6000000000000001 7.2 0 2.4000000000000004 0 3.2 13.200000000000001 0 2.6 0 0 3.6 0 8.8 0 0 0 0.2 0 0 0 0 0 2.8000000000000003 2.8000000000000003 0 0.2 0 0 6.6000000000000005 8 0 0 0 0 0 0 0 0 0 0 0 0.4 0 0 0 0 2.8000000000000003 1.2000000000000002 0 0 0 0 0 0 0 0 0 0 0 0 0 0 0 0 0 0 0 0 0 0.2 0 0 1 0 0 0 17.8 0 18.400000000000002 0.2 3.2 1.8 0.6000000000000001 0 0 0 0 0 0 0 0 0 2.2 0 0 0 0 0 0 0 0 0 0 0 0 0.2 0 2.4000000000000004 0 0 0 0 0 0 0 0 0 0 0 0 
 8 7 10.200000000000001 35 0 13.600000000000001 9.200000000000001 30.200000000000003 14.8 43.800000000000004 14 41.800000000000004 16.6 14.4 16.6 51.2 27 9 13.8 37.6 0 15.200000000000001 14.8 0.6000000000000001 0.2 0 31.8 0 0 0.8 0 0.4 3.8000000000000003 0.4 15.200000000000001 0 17 0 34.4 3.8000000000000003 0.4 0 0.4 0 0 0 0.6000000000000001 0.4 0.6000000000000001 0 0 0 0 0 0 0 0 0.4 0.6000000000000001 0 0 0 0 0.6000000000000001 0 0 0 0 0 6.6000000000000005 0 0 0 0 0.8 0 0 0.2 0 0.6000000000000001 0 0 0 0 4.2 0 0 0 0 0.8 0.4 3 0 0 0 0.2 3 3.8000000000000003 0 0.2 0.4 2.6 0 0 0 0 7.4 2 0 0 0 0 6.6000000000000005 1.8 5.6000000000000005 4.6000000000000005 2.8000000000000003 3.6 3 2.8000000000000003 0 0 0 0.4 0.2 0 0 0 0 0 0 0.2 2.4000000000000004 0.2 0.2 0 0 0 0 0.4 0.4 0 0 0 0 0 0 0 0 0 0 0 0 0 0 0 0 0 0 0 0 0 0.2 0.6000000000000001 8.6 0 0.2 0 0 3.8000000000000003 0 3.6 0 0 0.2 4 0 0 0 0.4 1.2000000000000002 3 0 0 0 0.2 3 3 2.4000000000000004 1.8 0 0 1.8 4.800000000000001 1.4000000000000001 0.2 3.6 0 7.800000000000001 3 0 0 2.2 0 0 0 0 0 0 0 0 0 0 0 0 0.4 0 0 0 0 0.2 0 0 0 0 0 0.4 0 0 0 0 0 0 0 0 0 0 0 0 0 0 0 0 0 0 0 0.2 0.6000000000000001 0.8 11.600000000000001 0.2 2.8000000000000003 0 0 0 0 0 0 0 0 0 0 0 0 0 0 0 0 0 0 0 0 0 0 0 0 0 0 0 0 0 0 0 0 0 0 0 0 0 0 
 25.200000000000003 6.800000000000001 11.4 25 13.600000000000001 0 5.4 70 55.6 18 30 31 6.4 28.6 9.200000000000001 94.2 9.200000000000001 12.4 10 8 15.200000000000001 16.2 30 0.6000000000000001 0.8 0 0 0.6000000000000001 0.4 0.6000000000000001 0 1 0.2 23.8 14.600000000000001 0 1 0 6.800000000000001 0 0 0 9.200000000000001 0 0 0 0.6000000000000001 0.6000000000000001 0.6000000000000001 0 0 0 0 0 0 0 0.2 0.6000000000000001 0.6000000000000001 0 0 0 0 0.4 0 0 1 0.6000000000000001 0 0 0.8 0.2 0 0 0 0 0 0 0 0.4 0 0 2.2 0 8.6 0.2 0 2.4000000000000004 2.2 3 1.4000000000000001 1.2000000000000002 0 0 4.6000000000000005 2.4000000000000004 0 1.8 0 0 1.8 0 2 0 0 0 4 3.6 0 1.8 0.6000000000000001 0 2.4000000000000004 0.6000000000000001 0 0.4 2.4000000000000004 0 9 3 0 0 0 0 0 0 0 0.4 0 0 0 0 0 0 4 0 0 0 0 0 0 5.800000000000001 0 0 0 0 0 0 0 0 0 0 0 0 0 0 0 0 0 0 0 5 2 3.8000000000000003 6.800000000000001 10.4 0 0 0 6 2.8000000000000003 0.2 0 0 1.2000000000000002 0 0 0 2.2 0 9.8 2.8000000000000003 3 3.4000000000000004 0 0 10.8 0.2 0 3.8000000000000003 0 0 5.800000000000001 2.2 0 2.2 3.6 2 6.6000000000000005 3.8000000000000003 0 0 0 0 0 0 0 0 0 0.2 0 3.8000000000000003 0.2 0 0 0 0 0 0 0 0 0 0 0.2 0 0 0 0 0 0 0 0 0 0 0 0 0 0 0 0 0 0 4.2 0 0 0.4 19.8 1 0.2 0.2 1.4000000000000001 19.8 0 0 0 0 0 0 0 0 0 0 0 0 0 0 0 0 0 0 0 0 0 0 0 0 0 0 0 0 0 0 0 0 0 0 0 0 0 0 
 96 13.600000000000001 13.4 38.2 9.200000000000001 5.4 0 63 25.200000000000003 9 26 12 73.60000000000001 7.6000000000000005 19.200000000000003 41 7.2 7.6000000000000005 6.800000000000001 46.2 0 0 0 0.6000000000000001 0.4 0 0.2 0 0 0.6000000000000001 0 0 0 0 0 0 0.6000000000000001 0.4 0 0.4 0 0 0 0 0 0 0.6000000000000001 0.6000000000000001 0.6000000000000001 0 0 0 0 0 0 0 0 0.6000000000000001 0.6000000000000001 0 0 0.6000000000000001 0 0.4 0 0 0 0.2 0 0 0 0 0.4 0 0 0 0 0 0 0.6000000000000001 0 4 1.8 3.4000000000000004 0.2 2 3.8000000000000003 2.2 4 0.2 0 0 3 2.8000000000000003 3.8000000000000003 0 0 0 2 4.2 0 0.2 0 0 0 0 0 0 0 0 0 0 1.4000000000000001 0 0 0 2 0 0 0 0 0 0 0 0.4 0 0 0 0 0 0 0 0 0.4 0 0 0 0 0 0 0 0 0 0 0.2 0 0 0 0.2 0 0 0.4 0 0 0 0 0 0 0.8 0 2.2 0 2 0 0.2 3.8000000000000003 1.2000000000000002 0 2 3.8000000000000003 0 0.2 0 4.2 2 0.4 0 2.4000000000000004 5 2.8000000000000003 0 0 0 0 0 0 0 0 0 1.8 0 0 0 0 0.2 0 0 0 0 0 0 0 0 0 5.4 0 0 0 0 0 2.8000000000000003 0 0 0 0 0 0 0 0 0 0.4 0 0 0 0 0.4 0.2 0 0.2 0.4 0 0.4 0 0 0 0 0 0 0 0 0 0 0 0 0 0 18.400000000000002 0 0 0.2 0 4.2 0 0 0 0 0 0 0 0 0 0 4.2 0 0 0 0 0 0 0 0 0 0 0 0 0 0 0 0 0 0 0 0 0 0 0 0 0 0.2 0 
 9.200000000000001 85 37.800000000000004 17.2 30.200000000000003 70 63 0 20.200000000000003 44.2 8.200000000000001 24.400000000000002 60.6 112.2 13.8 41.800000000000004 52.400000000000006 7.4 11.600000000000001 11.8 0 0.4 0 0.6000000000000001 0.2 0 0.4 0 0 0.6000000000000001 0 0 0 0 0 0 15 0 0 0.2 12.4 0 9.200000000000001 0 0 0 0.6000000000000001 0.4 0.4 0 0 0 0 0 0 0 0 0.2 0.6000000000000001 0 0 0 0 0.6000000000000001 0 0 0 0 0 0 0 0 0 0 0 0 0 0 0 0.6000000000000001 0 0.8 0.6000000000000001 14.200000000000001 0 6 2.6 2 0.2 5.2 5.800000000000001 1.2000000000000002 0.2 1.8 0 5 3.2 1.8 0.4 4 0 0 0 0 0 0 1 0 0 0 2.8000000000000003 0 0 0 0 0 0 0 2.2 0 0 1 0 0 0 5 0 0 2 3.2 0 0 2.8000000000000003 0 0 0 0 0 0 5.6000000000000005 0 5.800000000000001 0 0 0 0 0 0 0 0 2.8000000000000003 3.8000000000000003 0 0 0 0 0 0 0 0 2.6 7 9.200000000000001 10.200000000000001 3.4000000000000004 4.6000000000000005 0 6.2 0 10.200000000000001 3 0 4 0 3.4000000000000004 3.8000000000000003 4.800000000000001 2.2 0 2.8000000000000003 4.4 0 0 0 0 0 2 0 0 0 0 0 6 0 0 0 2.4000000000000004 0 0 6.2 0 0 0 0 0 0 0 2.6 0 0 0 4.4 0 0 0 0 0 0 0 0 0 0 0 0 0 0 0 0 0 0 0 4 0 0 0 0 3.4000000000000004 0 0 0 0 2 0 0 0 0 18.8 0 17.6 0.4 1.8 1.2000000000000002 2.8000000000000003 0 0 0 0 0 0 0 0 0 0 0 0 0 0 0 0 0 0 0 0 0 0 2.2 0 0 0 0 0 0 0 0 0 0 0 0 0 0 
 39 24.400000000000002 59.400000000000006 45.2 14.8 55.6 25.200000000000003 20.200000000000003 0 53.2 26.400000000000002 43.800000000000004 19 21 28.200000000000003 52.800000000000004 23 7.6000000000000005 33 29.8 7.800000000000001 0.8 0.6000000000000001 0.6000000000000001 0.4 0.4 14.8 0.4 0.6000000000000001 0.6000000000000001 0 0 15.200000000000001 15 0 0 0.4 0.6000000000000001 0 15.200000000000001 1 0 0 0 0.6000000000000001 0.4 0.6000000000000001 1 0.6000000000000001 0.6000000000000001 0 0 0 0 0.6000000000000001 0 0 0.4 0.6000000000000001 0 0 0 0 0.6000000000000001 0 0 0 0 0.4 0 0.4 0 0 0 0.2 0 0 0 0 0.6000000000000001 0 3 2.2 2.2 2.4000000000000004 7.800000000000001 0 16.400000000000002 6.2 8.4 7.2 0.4 0 0 5.2 7.800000000000001 9.600000000000001 4.800000000000001 0 4.6000000000000005 0 0 0 0 0 0 0 0 0 0 0 0 0.2 2.8000000000000003 0.6000000000000001 0 0 0 0 0 0 2.2 0 0 0 4.800000000000001 0 0 0 0 0 0 0 0 3.8000000000000003 0 0 0 0 0 0 0 0 0 0 0 0 0 0 0 0 0 0 0 0 0 0 0 0 0 0.6000000000000001 5.2 6.4 3 3.4000000000000004 0.6000000000000001 4.4 2.8000000000000003 6 4.6000000000000005 2.4000000000000004 11.4 0 4 2.8000000000000003 6.800000000000001 2.2 2 2.6 0 5 0 2.4000000000000004 0 0 0 7.4 0 0 0 0 0 1.4000000000000001 3.8000000000000003 0 3.4000000000000004 0 0 2.8000000000000003 2.4000000000000004 0 0 0 0 0 0 0 0 0 0 0 5.800000000000001 0 0 0 0 0 0 0 0 0 0 0 0 0 0 0 0 0 0 0 0 0 0 0 0 0.2 0 0 0 0 0 0 0 0 0 0.4 0 17.400000000000002 0 1.4000000000000001 2 0 0 0 0 0 0 0 0 0 0 0 0 0 0 0 0 0 0 0 0 0 0 0 3.8000000000000003 0 0 0 0 0 0 0 0 0 0 0 0 0 0 
 43.800000000000004 71 28.6 65.4 43.800000000000004 18 9 44.2 53.2 0 34 131.6 17.8 17.400000000000002 66.8 56 30.400000000000002 52.800000000000004 23.8 17.400000000000002 0 0.2 0 1.2000000000000002 1 0.2 12.200000000000001 0.2 22.400000000000002 1 0.6000000000000001 0 12.4 12 0 0 0.8 0 0.4 5 12.200000000000001 0 0 0 7 0 0.6000000000000001 0.6000000000000001 0.6000000000000001 0 0 0 0 0 0 0 0 0.6000000000000001 0.6000000000000001 0 0 0 0 0.4 0 0.4 0 0.6000000000000001 0 0 0 0.4 0 0 0 0 0 0.2 0 0.4 0 1.8 3.8000000000000003 7.2 5.4 2.6 0.2 1.8 4.800000000000001 3.4000000000000004 3.4000000000000004 2.2 0 9.600000000000001 3 3 2.8000000000000003 2.2 0.2 0 0 0 0 0 0 0 0.6000000000000001 2.8000000000000003 0 0 0 0 1 0 0 0 0 0 0 0 0 0 0.4 0.2 0 0 0 0 0 0 0 0 0 0 1.8 0 0 0 0 0 0 0 0 0 0 0 0 0 0 0 0 0 0 0 0 0 0 0 0.2 0 2 2.8000000000000003 8.8 6.6000000000000005 5.4 5 1.4000000000000001 0 0 0.6000000000000001 2.6 3.2 2.4000000000000004 2.2 3.2 7.2 0 3.6 0.2 3.4000000000000004 3.2 0 3.4000000000000004 0 0 0 2 0 0 0 0 0 0 2.8000000000000003 0 0 0 0 6 4 0 0 0 0 0 0.4 0 3.2 0 0 0 0 0 0.2 0 0.2 0 0.2 0 0 0 0 0 0 0 0 0 0 0 0 0 0 0 0 0 0 0 0 0.2 0 0 0 0 0 0 0.6000000000000001 17.6 0 1.8 0.4 2.8000000000000003 0.4 0 0.4 0 0 0 0 0 0 0 0 2 0 0 0 0 0 0 0 0 0 0 0 0 0 0.6000000000000001 0 0 0 0 0 0 0 0 0 0 0 0 0 
 49.6 54.400000000000006 25.200000000000003 39.800000000000004 14 30 26 8.200000000000001 26.400000000000002 34 0 30 10.200000000000001 8.6 27.8 34.800000000000004 49.2 14 44 30 0.4 0.4 0 0.6000000000000001 0.4 0 0.6000000000000001 0.6000000000000001 0 0.6000000000000001 0 0.4 3.8000000000000003 0.4 16.2 0 5.4 0.6000000000000001 0.4 0.2 0.6000000000000001 0 0 0 0 0 0.6000000000000001 0.6000000000000001 0.6000000000000001 0.4 0 0 0 0 0.4 0 0 0.6000000000000001 0.6000000000000001 0 0 0 0 0.4 0 0 0 0.4 0 0 0 0 0 0 0 0 0 0 0 0.6000000000000001 0 2 3 2.2 0 4.2 0 7 2 4 3.2 0.4 0.2 0 1.4000000000000001 2.8000000000000003 6.4 2.6 0.2 1.4000000000000001 0 0 0 0 0 0 0 0 0 2.4000000000000004 0 0 1.8 0.4 3 0 0 0 4 0 0 0 0 0 0 0 0 0 0.2 0 0 0 0 0 0 0 0 0 0 0 0 0 0 0 0 0 0 0 0 0 0 0 0 0 0 0 0 0 0 0 2.2 10 4 5.2 1.8 3.2 3.6 2 5.2 5 4.6000000000000005 5.6000000000000005 0.4 3.6 3 6.800000000000001 2.2 6.6000000000000005 1.4000000000000001 0 3.6 2 0 0 0 0 2 0 0 0 0 0 1.8 3.4000000000000004 0 0 0 0 0 2.6 0 0 0 0 0 0 0 0.4 0 0 0 4 0 3 0 0 0 0 0 0 0 0 0 0 0 0 0 0.2 0 0 0 0 2.2 0 0 0 0 0 0 0 0 0 0 0 0 1 0.8 0 23.8 0 2.4000000000000004 0 2.8000000000000003 0 0 0 0 0 0 0 0 0 0 0 0 0 0 0.2 0 0 0 0 0 0 0 5.4 0 2.6 0 0 0 0 0 0 0 0 0 0 0 0 
 52.2 7.4 12.200000000000001 9 41.800000000000004 31 12 24.400000000000002 43.800000000000004 131.6 30 0 6.4 19.400000000000002 49 51.400000000000006 29.6 58.6 47.2 6 0.4 3.8000000000000003 0.2 1 0 0 15.200000000000001 0 0 0.6000000000000001 0 0 29.6 15.4 0.2 0 27.200000000000003 0 8.200000000000001 15 15 0 0.2 0 0 0 0.6000000000000001 0.4 2 0 0 0 0 0 0 0 0 0.4 0.6000000000000001 0 0 0 0 0.6000000000000001 0 0 0 0.4 0 0 0 0 0 0 0.8 0 0 0.2 0 0.6000000000000001 4 6.6000000000000005 0 0 4.2 4.6000000000000005 9.4 4.800000000000001 2.6 2.4000000000000004 3.6 0 0 0 6.2 7.4 0 2.8000000000000003 0 0 0 0 0 0 0 0 4.4 2.6 0 0 0 4.2 2.8000000000000003 3.2 0 0 0 0.2 2.6 1.6 0 0 0 0 0 0 0 0 0.6000000000000001 0 0 0 0 0 3.6 0 0 0 5 0 0 0 0 0 0 0 0 0 0 0 0 0 0 0 0 0 0 0 0 0 4.4 1 0.2 5.4 6.2 7 1.6 0 0 2.4000000000000004 0.4 2.8000000000000003 0 3.2 0 0 3.6 7 0 0 4.800000000000001 2.2 2.6 0 0 0 0.6000000000000001 0 1.6 2.8000000000000003 0 0 0 2.8000000000000003 8.200000000000001 0 4.4 0 8.6 0.4 0 0 2 0 0 0 0 0 0 0 0 0 0 0 0 0 0 0 0 0 0 0 0 0 0 0 0 0 0 0 2.4000000000000004 0 0 0 0 0 0 0 0 0 0 0 0 0 0 0.2 17.2 0 0.8 17.2 0.2 0.2 0.4 0 0 0 0 0 0 0 0 0 1.8 0 0 0 0 0 0 0 0 0 0 0 0 0 5 0.2 0 0 0 0 0 0 0 0 0 0 0 0 
 37.4 51.2 15 37.2 16.6 6.4 73.60000000000001 60.6 19 17.8 10.200000000000001 6.4 0 21.6 70 48 23.200000000000003 24.400000000000002 34.6 93.2 0 0.6000000000000001 0.4 8.200000000000001 1.2000000000000002 0 0 0.4 0 0.6000000000000001 0 0 0 0 0 0 0.6000000000000001 0 0 0.4 6.2 0 0 0 0 0 0.6000000000000001 0.6000000000000001 0.6000000000000001 0 0 0 0 0 0 0 0 1 0.6000000000000001 0 0 0 0 0.4 0 0 0 0.4 0 0 0 0 0 0 0 0 0 0 0 0.6000000000000001 3.8000000000000003 4.6000000000000005 5.800000000000001 9 0.2 0 0 2.2 4.2 2.2 0 2.8000000000000003 2.8000000000000003 3.6 8.200000000000001 0 2 2 3.2 1 1.8 0 0 0 0 0 0 0 0 0 0 0.2 0 0 0.4 0 0 0 2 2 0 0 0 0 0.2 0 0 0 0 0 0 0 0 0 0 3.4000000000000004 0 0 0 0 0 0 0 0 0 0 0 0 0 0 0 0 0 0 0 0 0 0 1.2000000000000002 0 1.8 2.2 0.2 1.4000000000000001 0.4 0 0 0 0.2 5.4 1.8 0.4 0.2 0 2.6 0.2 0 2 8.4 3 0 0 0 0 0 0 0 3.6 0 0 0 0 0 0 2 0 0 0 0 0 0 0 0 0 0.2 0 0 0 0 0 0 0 0 0 0 0 0 0 0 0 0 3 0 0 0 2 0 0 0 0 3.4000000000000004 0 0 0 0 0 0 0 0 0 0 0 0 0 0 0 0 0.4 0.8 17.400000000000002 0 0 3 0 0 0 0 0 0 0.2 0 0 0 0 0 0 0 0 0 0 0.4 0 0 0 0 1.4000000000000001 0 0 0 0 0 0 0 0 0 0 0 0 0 0 
 24 66 28.200000000000003 13.200000000000001 14.4 28.6 7.6000000000000005 112.2 21 17.400000000000002 8.6 19.400000000000002 21.6 0 37.6 34.800000000000004 63.800000000000004 7.6000000000000005 61.800000000000004 42 0 0 0 0.6000000000000001 0.4 0 0 0 0 0.6000000000000001 0 0 0 0 7.2 0 4.6000000000000005 0 0 0.2 17.400000000000002 0 12.600000000000001 0 0 0 0.6000000000000001 0.6000000000000001 0.6000000000000001 0 0 0 0 0 0 0 0 0.6000000000000001 0.6000000000000001 0 0 0 0 0.4 0 0 0 0.8 0 0.2 0.4 0 0.2 0 0 0 0 0 0 0.4 6 5.6000000000000005 0 0 0 3.2 5.2 0 0 3.4000000000000004 4.800000000000001 0 1 7.800000000000001 0 2.6 4.6000000000000005 0 8.8 0 0 0 0 0 0 0 1.8 3 0 0 0 0 0 0 0 0.2 0 0 0 0 0 0.4 0 0 0 0.4 0 0 2.4000000000000004 0 0 0 0 0 0 0.4 0 0 0 0 0 0 0 0 0 0 0 0 0 1.4000000000000001 0 0 0 0 0 0 0 0 0 0 2.6 1.2000000000000002 0.2 2.6 0 0.2 1.8 5.4 2.4000000000000004 0.4 3.2 0 1.8 0 2.8000000000000003 2.8000000000000003 2 4.800000000000001 0 1.8 0.2 0 0 0 0 0 0 0 0 0 0 0 0 0 0 0 0 0 0 0.2 0 0 0 0 0.2 0 0.2 0 0 0 0 0 0 0 0 0 0 0 0 0 0 0 0 0 0 0 0 0 0 0 0 0 0 0 0 0 0 0 0 0 0 0.4 0 0 0 0.8 1 0 0.2 0 0 0.2 0 0 0 0 0 0.2 0 0 0 0 0 0 0 2.2 0 0 0 0.2 0 0 0 0 0 0 17 0 0 0 0 0 0 0 0 0 0 0 0 0 
 43.2 32.800000000000004 26.6 10.8 16.6 9.200000000000001 19.200000000000003 13.8 28.200000000000003 66.8 27.8 49 70 37.6 0 36.4 7.4 66 78.80000000000001 103 0 0 0 0.6000000000000001 0.4 0 0 0.4 0.2 0.6000000000000001 0 0 0 0 0.2 0 0.6000000000000001 41 41 0 0 0 0 0 0 0 0.6000000000000001 0.6000000000000001 0.6000000000000001 0 0 0 0 0 0 6.800000000000001 0 0.6000000000000001 0.6000000000000001 0 0 0 0 0.4 0 0 0 0.2 0 0 0 0 0 0 0 0 0 0 0 0.6000000000000001 0 17.2 7.4 3.2 0 2.4000000000000004 2.2 0 3.8000000000000003 2 2 0 7 7.2 6.2 3 0 0.4 3.2 13.4 0 0 0 0 0 0 0 0 0 0 0 0 0 0 0 0 0 0 0 0 0 0 0 0 0 0 0 0 0 0 0 0 0 0 0 0 0 0 0 0 0 0 0 0 0 0 0 0 0 0 0 0 0 0 0 0 3.8000000000000003 0 4.800000000000001 0 4.800000000000001 3 0 0 0 0 1.4000000000000001 0 8.200000000000001 2.2 3.6 2 1.8 1.6 2.4000000000000004 0.2 3.2 0 6.4 6.2 0 0 0 0 0 0 0 0.4 0 0 0.4 0 0 0 0 0 0 0 0 0 0 0 0 0 0 0 0 0.2 0 0 0 0 0 0 0 0 0 0 0 0 0 0 0 0 0 0 0 2.8000000000000003 0 0 0 0 0 0 0 0 0 0 0 0 0 0 0 0 0.2 0.4 0.2 0.2 0.4 0.4 0 1.8 0 0 0 0 0 0 0 0 0 0 0.2 0 0 0 0 0 0 0 0 0 0 0 0 0 0 0 0 0 0 0 0 0 0 0 0 0 0 0 
 35.6 14 6.6000000000000005 12.600000000000001 51.2 94.2 41 41.800000000000004 52.800000000000004 56 34.800000000000004 51.400000000000006 48 34.800000000000004 36.4 0 35.4 50 36.6 29.200000000000003 0 0 0.4 0.6000000000000001 0.2 0 0 0 0 0.6000000000000001 0.4 0 0 0.4 0 0 15.8 0 0 14.8 8.6 0 0.4 0 0 0.2 0.6000000000000001 0.4 0.4 0 0 0 0 0 0 0 0 12.600000000000001 0.6000000000000001 12.600000000000001 0 0 0 0.6000000000000001 0 0 0 0 0 0 0 0 0 0 0 0 0.2 10.200000000000001 0 0.6000000000000001 0 8.4 1.8 0 2 5 3.2 7 10.8 2.4000000000000004 3.6 3.2 0 0 6.800000000000001 8.200000000000001 0 1.4000000000000001 0 1.6 0 0 2 0 0 0 0 0 0 0 0 0 0 0 2.6 0 0 0 0 0.2 0 0 0 0 0 0 0 0 2.4000000000000004 0 0 0 0 0 3.8000000000000003 0 0 0 0 0 0 2.6 0 0 0 0 0 0 0 0.4 0 0 0 4 0 0 0 0 0 0 9 10.4 4.6000000000000005 3 9 7 3.8000000000000003 0 2.8000000000000003 3.4000000000000004 0.4 0.2 0 3 2.6 3.2 2.8000000000000003 0 4.2 0 3 0 4.4 0 0 0 2.2 2.2 0 0 0 0 4.800000000000001 0 0 0 0 0 3 4.800000000000001 0 0 1.4000000000000001 0.4 0 0 0 0 0.2 0.2 0 5.2 0 0 0 0 0 0 0 0 0 0 0 0 0.2 0 0 0 0 0 0 0 0 0 0 0 0 0 0 0 0 0 0 0 0 0 0.4 0 19.8 0.4 2.2 4.2 0 0.4 0 0 0 0 0 0 0 0 0 0 0 0 0 0 0 0 0 0 0 0 0 0 1.4000000000000001 2.6 0 0 0 0 0 0 0 0 0 0 0 0 
 39.800000000000004 44.2 40.400000000000006 21 27 9.200000000000001 7.2 52.400000000000006 23 30.400000000000002 49.2 29.6 23.200000000000003 63.800000000000004 7.4 35.4 0 54 50.400000000000006 51.800000000000004 0 0.4 0 0.6000000000000001 0.4 0.4 0.6000000000000001 0.4 0 0.6000000000000001 0 15.4 0 0.6000000000000001 0 0 1.2000000000000002 0 1.4000000000000001 0 0.4 0 12.600000000000001 0 0 0 0.6000000000000001 0.8 0.6000000000000001 0.6000000000000001 0 14.4 0 0 0.6000000000000001 0 0 0.6000000000000001 0.6000000000000001 0 10 0 0 0.6000000000000001 0 0 0 0 0 0 0 0 0 0 0 0 0 0 0 0.8 3.6 0.2 4.800000000000001 0.2 5 0 2 5.2 2.8000000000000003 2.6 0 4.6000000000000005 1.6 1.6 11.600000000000001 1 5.2 0 0.4 0 0 0 0 0 0 0 0 0 0 0 0 1.6 1.6 0 0.2 0 0 0 0 2.6 0 0 3.8000000000000003 0 0 0 0 0 0 0 0 0 0 0 0.2 0 2 0 0 0 0 0 0 0 0 0 0 0 0 0 0 0 0 0 0 0.2 0 0 0 0 3.4000000000000004 0 6.2 5.2 0.6000000000000001 4.2 2.2 0 7.6000000000000005 0.8 1.8 2.8000000000000003 3.2 2.2 3.2 9.600000000000001 2.6 5.2 0 0.4 0 0 0 0 0 0 0 0 0 0 0 0 0 0 4.800000000000001 0 0 0 3.2 4.2 0 0.2 0 0 0 0 0 0 0 0 0 0 0 0.4 0 0 0 0 0 0 0 0 0 0 0 0 0 0 0 0 0 0 0 0 0 0 0 0 0 0 0 0 0 0 0 0 17.400000000000002 0 0.8 17.2 0 0.4 0.2 0 0 0 0 0 0 0 0 0 2.4000000000000004 0 0 0 0 0 0 0 0 0 0 0 0 2.6 1.2000000000000002 0 0 0 0 0 0 2.6 0 0 0 0 0 0 
 27 43.6 49.6 7 9 12.4 7.6000000000000005 7.4 7.6000000000000005 52.800000000000004 14 58.6 24.400000000000002 7.6000000000000005 66 50 54 0 7.800000000000001 7.6000000000000005 0.2 0 0 0.8 0.4 0 15 0.8 0 0.6000000000000001 0 0 3.4000000000000004 0 20.200000000000003 0 0.6000000000000001 14.8 21.200000000000003 0 0 0 0 0 0 0 0.6000000000000001 0.6000000000000001 0.6000000000000001 0 0 0 0 0 0 0 0 0.6000000000000001 0.6000000000000001 0 0 0 0 0.4 0 0 11 0.2 0 0 0 0 0 0 0 0 0 0 0 0.6000000000000001 2.2 0.4 0 2.4000000000000004 0 0 2.2 1.8 3.2 0 5.6000000000000005 2.4000000000000004 1.4000000000000001 2.2 6.2 0 6.6000000000000005 3.6 3 0 0 4.800000000000001 0 0 0 0 3.6 0 0 0 0 0 3.8000000000000003 0 6.800000000000001 3.4000000000000004 0 0 1.8 6.6000000000000005 2 0 0 0 2.6 0 0 0 0 0 0 0 0 2.2 0 0 0 0 0 0 0 0 0 0 0 0 0 0 0 0 0 0 0 0 0 0 0 0 0 0.2 0 0.4 0 5.2 3.8000000000000003 0 2.4000000000000004 2 8 0 0.8 3.8000000000000003 4.2 2.8000000000000003 0 7 3.4000000000000004 11.600000000000001 0 0 0 2 0 0 0 0 0 0 2.2 0 0 0 0 0.4 0 0.2 0.2 0.2 0 0 0 0 0 0 0 0 0 0 0 0 0 0.4 0 0 0 0 0 0 0 0 2.4000000000000004 0 0 0 0 0 0 0 0 0 0 0 0 0 0 0 0 0 0 0.2 0 0 0 0 0 0.2 0.4 0 0.2 0.2 0 2.6 0 0 0 0 0 0 0 0.2 0 0 0 0 0 0 0 0 0 0 0 0 0 0 0 3.2 0 0 0 0 0 0 0 0 0 0 0 0 0 0 
 127 43.2 61.6 15.600000000000001 13.8 10 6.800000000000001 11.600000000000001 33 23.8 44 47.2 34.6 61.800000000000004 78.80000000000001 36.6 50.400000000000006 7.800000000000001 0 18.8 0 0.6000000000000001 0.6000000000000001 0.6000000000000001 0.4 0 0 0.2 0 0.6000000000000001 0 0 0 0 0 0 16.2 0 0 0 0 0 0 0 0.6000000000000001 0.4 0.6000000000000001 0.6000000000000001 0.6000000000000001 0 0 0 0 0 0 0 0 0.6000000000000001 0.6000000000000001 0 0 0 0 0.4 0 0 0 0.2 0.4 0 0.4 0 0 0 0.4 0 0 5.2 0 0.6000000000000001 5.2 2.2 3.8000000000000003 3.4000000000000004 0 2.2 4.2 1.6 8.4 2 2.2 3.8000000000000003 4 4.6000000000000005 5.800000000000001 2 6.800000000000001 0 0.4 3.4000000000000004 0 0 0 0 0 0 0 0 0 0 0 0 0.2 0 0 0 0 0 0 3.4000000000000004 0 0 0 0.4 0 0 0 0 0 0 0 0 0 0 0.2 0 0 0 0 0.4 0 0 0 0 0 0 0 0 0 0 0 0 0 0 0 0 0 0 0.8 0 9.4 10 0.6000000000000001 2.6 0 0 2.6 0 7.4 0 4.4 6.4 1.6 0.4 0 4 0.4 4.2 3 2.6 0 0 0 0 0 0 0 0 0 0 0 0 2 0 0 0 0 0 0 0 0 0 0 0 0 0.2 0 0 0 0 0 0 0.2 0 0 0.4 0 0 0 0 0 0 0 0 0 0 0.4 0 0 0.2 0 0 0 0 0 0 0 0 0 0 0 0 0 0 0 0 0 0 0 0 0 1.8 0 0 0 0 0 0 0 0 0 0 0.2 0 0 0 0 0 0 0 0 0 0 0 0 0 3.2 0 0 0 0 0 0 0 0 0 0 0 0 0 
 49.800000000000004 75.60000000000001 72.2 56.6 37.6 8 46.2 11.8 29.8 17.400000000000002 30 6 93.2 42 103 29.200000000000003 51.800000000000004 7.6000000000000005 18.8 0 0 0 0 0.6000000000000001 0.2 0.2 0.4 0.4 0 0.6000000000000001 0 0.6000000000000001 0 0.6000000000000001 0.4 0 0.8 0 0.2 0.6000000000000001 0.4 0 0 0 0 0 1 0.6000000000000001 0.6000000000000001 0.6000000000000001 0 0 0 0 0.6000000000000001 0 0 0.6000000000000001 0.6000000000000001 0 0 0 0 0.4 0.2 0 0 7.800000000000001 0 0 0 0 0 0 0 0 0.4 0 0 0.6000000000000001 1.4000000000000001 8.4 10 3.2 0 2 4 3 4.4 2.4000000000000004 0.4 0.4 6.2 0 6.4 2 9.8 2.8000000000000003 4.800000000000001 6 0 0 0 0 0 0 0 0 0 0 0 0.4 0 0 0 0 0 0 0 0 0 0 0 0 0 0 0 0 0 0 0 0 0 0 0 0 0 0 0 0 0 0 0 0 0 0.2 0 0 0 0 0 0 0 0 0 0.4 0 0 0.2 0 2.4000000000000004 2.6 0.2 0 0 0 1.8 0 5.4 3.4000000000000004 3.6 2 4.6000000000000005 0.2 2 2.8000000000000003 0 0.2 8.4 6.2 0 0 0.4 0 0 0 0 0 0 0 0 0 0.4 0.6000000000000001 0.2 0 0 0 0 0 0 0 0 0 0 0 0 0 0.2 0 0 0 0 0 0 0 0.2 0 0 0 0 0 0 0 0.4 0.2 0 0 0.4 0 0 0 0 0 0 0 0 0 0 0 0 0.2 0 0 0 0.2 0.4 0.4 0.6000000000000001 0.4 0 2.6 0 0.2 0 0 0 0 0 0 14.8 0 0.2 0 0 0 0 0 0 0 0 0 0 0 0 0 0.2 0 0 0 0 0 0 0 0 0 0 0 0 0 
 0 0 0 0.2 0 15.200000000000001 0 0 7.800000000000001 0 0.4 0.4 0 0 0 0 0 0.2 0 0 0 17.6 37 10.600000000000001 28 6.800000000000001 49.2 88.80000000000001 53 24.200000000000003 6.6000000000000005 50.800000000000004 68.4 28.8 20.8 28.6 8.200000000000001 20.6 26.400000000000002 9 0.4 0.4 0 0 0 0 0.6000000000000001 0 0.4 0.6000000000000001 0 0 0 0.6000000000000001 0.6000000000000001 0 0 0 0.6000000000000001 0 0.6000000000000001 0 0.4 0 0 0.4 0 0 0 1 0 0 0 0 0 0.6000000000000001 0 0.4 0.4 0.6000000000000001 0 0 0 0 0 1.8 0 0 2.4000000000000004 0 0.2 0 0 0 0.4 0 0 0 0 0 3.8000000000000003 2.4000000000000004 17 6 2.4000000000000004 0 3.4000000000000004 5.800000000000001 8.8 7 3.8000000000000003 0.2 1.8 2.2 4.2 2.4000000000000004 0.2 1.8 3.4000000000000004 4 2.2 0 0 0 0 0 2 0 0 0 0 0 0 0.4 0 0 0 0 3.6 0 0 0 0 0 0 0 0 0 0 0 0.8 0 0 0 2 0 6.6000000000000005 0 0 0 0 0 1 0 0 0.8 0 0 1 0 0 0 0 0 0 0 0 0.2 0 0 0.4 2.6 3 2.2 3 1.8 2.2 4.800000000000001 5.2 12.4 0 1.8 1.8 9.600000000000001 1.8 8.8 2.2 1.6 0 2.2 0 0 0 0 0 0 0 0 0 0 0 0 2.2 0 0.2 0 0 0 0 0 0 0 0 0 0 0 0 0 0 0 0 0 0 0 0 0 0 0 0 0 0 0 3 0 0 0 0 0 0 0 0 0 0 0 0 0 0 15.600000000000001 0.8 0.4 0.2 0 0 0 0 0 0 0 0 0 0 0 0 0 0 0 0 0 0 0 0 0 0 0 0 0 0 0 0 0 
 0 0 0 0.2 15.200000000000001 16.2 0 0.4 0.8 0.2 0.4 3.8000000000000003 0.6000000000000001 0 0 0 0.4 0 0.6000000000000001 0 17.6 0 38.2 15.200000000000001 8 6.4 66 51 56.800000000000004 82 14.8 13.600000000000001 39.6 48.6 42.400000000000006 13.600000000000001 9.4 14.4 48 15.8 0.8 0.2 0.2 0 1.2000000000000002 10.8 0.6000000000000001 0.4 0.4 0 0 0 0.2 1 0 0 11.200000000000001 0 1.2000000000000002 0 3.4000000000000004 0 0.4 0 0 0.6000000000000001 0 0.4 0.8 0.6000000000000001 0.2 0 2.8000000000000003 0 0 1 0 0.2 0 0.6000000000000001 0 0 0 0 10 0.2 0 0 0 0 0 0 0 0 0 0 0 0 0.2 0.2 4.4 2 4.800000000000001 3.2 0.2 0 6.4 0.2 1.2000000000000002 2.6 7.2 0.4 0.6000000000000001 7 2.8000000000000003 8.8 2.4000000000000004 5.800000000000001 4.4 1.4000000000000001 0 0 0 0 0 0 0 0 0 0 0 0 2.4000000000000004 0 0 0 0 0 0 0 0 0 0 0 0 0 0 0 0 0 0 0 0 0 0 0 0 0 0 0 0 0.4 0.2 0 0 4.800000000000001 0 0 0 0 0 0 0 0 0 0 1 0 0 0 5.6000000000000005 22 0 6.4 0.4 0 0.2 4 4.6000000000000005 6.4 0 1.8 7.800000000000001 0 6.4 0.2 4.4 0.2 6.4 0 0 0 2 0 0.4 0 0 2.2 0 0 0 0 0 0 0 0 0 0 0 1 0 0 0 0 0 0 0 0 0 0 0 0 0 0 0 0 0 0 0 0 0 0 0 0 0 0 0 0 0 1.8 0 0 0 0 0.4 0 0.4 0.2 1.4000000000000001 0.2 0 0 0 0 0 0 0 0 0 0 0 0 0 0 0 0 0 0 0 0 0 2.2 0 0 0 0 1.6 0 0 0 
 0 0 0.4 0 14.8 30 0 0 0.6000000000000001 0 0 0.2 0.4 0 0 0.4 0 0 0.6000000000000001 0 37 38.2 0 29.6 28.6 24.200000000000003 17.8 57.400000000000006 31.8 64.2 25.200000000000003 21.6 30.6 24 13.4 24.6 17 19.400000000000002 40.6 19.6 0 0.6000000000000001 0.2 0 0 0 12.8 0 0.4 0 0 0 12.600000000000001 0.6000000000000001 0 0 0 0 0.6000000000000001 11 0.6000000000000001 0 0.4 0 0 0 0 0 0.4 0.6000000000000001 0 0 0 0 0 0.6000000000000001 0 0.4 0.6000000000000001 0.6000000000000001 0 0 0 0 0.6000000000000001 0.4 0 0 0 0 0.6000000000000001 0 0 0 0 0 0 0 0 0 6.2 2.6 2.6 2 2.4000000000000004 0 0.4 1.6 0 5.2 9.8 3.4000000000000004 1.4000000000000001 1.8 2.4000000000000004 0 1.8 2 1.8 4.4 2 0 2 0 0.2 0 0.6000000000000001 2.6 0 0 0 0 3.6 0 0 0 0 0 0 0 0 0 0 0 0 0 0 0 2.8000000000000003 0 0 0 0 0 0 0 0 0 0 0 0 0 0 0 0 3.8000000000000003 0.4 0 0 0 0 0 0 0.4 0 0.6000000000000001 0 0 0 0 1.8 6.2 0.4 9.4 1.6 8.200000000000001 7.2 0 1.6 3.8000000000000003 4.2 2.4000000000000004 0 2 3 9 4.2 1 0.4 0 0 0 3.2 0 0 0 0 0 0 0 0 0 2.4000000000000004 0 1.4000000000000001 0 0 0 0 2.4000000000000004 0 0 0 0 0 0 0 0 0 0 0 0 0 0 0 0 0 0 0 0 0 0 2.8000000000000003 0 0 0 0 0 0 0 0 0 0 0 0 0 0 15.600000000000001 0 0 0.6000000000000001 0 0 0 0 0 0 0 0 0 0 0 0 0 0 0 0.2 0 0 0 0 0 0 0 0 0 0 0 0 0 
 0.8 0.6000000000000001 0.6000000000000001 42.400000000000006 0.6000000000000001 0.6000000000000001 0.6000000000000001 0.6000000000000001 0.6000000000000001 1.2000000000000002 0.6000000000000001 1 8.200000000000001 0.6000000000000001 0.6000000000000001 0.6000000000000001 0.6000000000000001 0.8 0.6000000000000001 0.6000000000000001 10.600000000000001 15.200000000000001 29.6 0 92.4 44.2 63.400000000000006 32 51.6 82 12.8 23.400000000000002 12.8 21 19.200000000000003 13.8 8 9.4 15 17.6 5 0.4 0 0 0 0 26 0 13.200000000000001 0 0 0 12.4 0.6000000000000001 0 0 0 0 13.200000000000001 10 0.6000000000000001 0 0.4 0 0 0.4 0 0 0 0.6000000000000001 0 0 0 0 0 0.6000000000000001 1 0.4 0 0.6000000000000001 0.2 0 0 0 0 0 0 0 0 0 0 0 0 0 0.4 0 0 0 0 0 4.4 0 5.2 3.8000000000000003 2.4000000000000004 0.2 0 1.6 2.2 2.4000000000000004 2.4000000000000004 2.6 3.4000000000000004 0 4 2.4000000000000004 2.8000000000000003 0 0 0 0 0 5.4 0 0 0 2.4000000000000004 0.6000000000000001 0 0 0 0 1.6 0.2 0.2 3.6 0 0 0 3 0 0 0.8 0 0 0 0 0 0 0 1 0 0 0 0 0 0 0 0 0 0 0 0 0 0 0 0 0 0 0 0 0 0 1.2000000000000002 0 1 0 0 0 0 0.4 13.600000000000001 1.6 0 6.4 6.6000000000000005 0 0 2.4000000000000004 2.6 5.6000000000000005 7.2 0 3 0 3 0 0 0 0 5.800000000000001 2.6 0 0 0 0 0 0.2 0.6000000000000001 0 0 0 3 2.4000000000000004 1.8 3.6 0 0 4 11.600000000000001 0 0 0 0 0 0 0 0 0 0 0 0 0 0 0 0 0 0 0 0 0 0 0 0 0 0 0 0 0 0 0 0 0 0 0 0.4 0 1.6 15 0.4 0.6000000000000001 0 0 0 0 0 0 0 0 0 0 0 0 0 0 0 0 0 0 3 0 0.4 0 0 0 7.800000000000001 0 0 0 0 
 0.6000000000000001 0.2 0 0.2 0.2 0.8 0.4 0.2 0.4 1 0.4 0 1.2000000000000002 0.4 0.4 0.2 0.4 0.4 0.4 0.2 28 8 28.6 92.4 0 81.80000000000001 11 33 33.2 42.800000000000004 64.4 25 20.6 24.8 15 25.200000000000003 11.4 49.6 14.600000000000001 20.6 1 0.6000000000000001 0 0 0 0.2 22.6 13.8 0.4 0 0 0.6000000000000001 13.600000000000001 0.6000000000000001 14 0 0.2 0 13.200000000000001 12.8 0.6000000000000001 0 0.4 0 0.4 0 1.2000000000000002 0 0 0.6000000000000001 0 0 0 0 0 0.6000000000000001 0 0.2 0 0.6000000000000001 0 2.8000000000000003 0 0 0.4 0 0 0 0 0 0 0 0 0 0 0 0 0 0 0 0 0 0 2.4000000000000004 4.4 0 0 0 3.4000000000000004 0.2 0 2.8000000000000003 0 0 0 0.2 2.4000000000000004 0 0 0 2 0 6.4 0 0 0 2.4000000000000004 2 0 0 0 0 2.6 0 0.2 0 0 0 2.4000000000000004 3.8000000000000003 0 0 0 0 0 0 0 0 0 0 0 0 0 0 0 0 0 0 0.4 0 0 0 0 0 0 0 0 0 0 0 0 0 0 1 0 0 0 1.2000000000000002 1 0 0 3.8000000000000003 0 2 2.4000000000000004 16 0 2.4000000000000004 4.2 0 5 4 0.2 2.2 0 4.2 0 2.4000000000000004 0 8.6 4.4 3.6 0.6000000000000001 0 0 0.2 0 11.4 0 0 0 0 2 4 2.2 7.6000000000000005 0 0 6.6000000000000005 4.4 0 0 0 0.4 0 0 0 2 0 0 0 0 0 0 0 0 0 0 0 0 0 0 0 0 0 0 0.4 0 0 0 0 0.2 0 0 0.4 0 0 0 15.8 1 1.2000000000000002 0 0.4 0 0 0 0 0 0 0 0 0 0 0 0 0 0 0 0 0 0 5.4 0 0 0 0 0 0 0 0 
 0 0 0.4 0 0 0 0 0 0.4 0.2 0 0 0 0 0 0 0.4 0 0 0.2 6.800000000000001 6.4 24.200000000000003 44.2 81.80000000000001 0 47 36.2 27.200000000000003 13 29.400000000000002 12.200000000000001 12 95 11 41 59.6 37.800000000000004 50 99.60000000000001 0.2 13 13.4 0.6000000000000001 0 0 11.8 13 0.8 0 0 0 0 12.8 26.200000000000003 0 0.2 0 1 13.200000000000001 0.6000000000000001 0 1.4000000000000001 0 0.2 0.4 10 0 0 0.6000000000000001 0 0 0 0 0 0.6000000000000001 0 0 0 0.6000000000000001 0 0 0 0 0 0 0.2 0 0 0 0 0 0 0 0 0 0 0 0.2 0.2 0 0.2 0.2 2.2 0 14.8 0 2.4000000000000004 0 0 2.8000000000000003 0 0 0 0 0 2.6 0 0 0 2.2 0 3.2 0 0 0 3.4000000000000004 5.2 2.6 3.4000000000000004 0 0 0 3.8000000000000003 2.6 2.2 0 2.2 5 0 0 0 0 0 0 0 0 0 0 0 0 0 0 0.6000000000000001 0 0 0 0 0 0 0 0.4 0 0 0 0 0 0 0 0 0 0 0 1.2000000000000002 0 0 0 0 0 0 0 0.2 2.2 1.6 2.6 0 0 0 0 0 6.800000000000001 12.600000000000001 0 0 0.2 2.8000000000000003 1 1.8 0 0 15.200000000000001 3.4000000000000004 1.8 0 0.4 0 3.8000000000000003 9.200000000000001 0.2 0 0 0 2.4000000000000004 6.4 4 0.2 0 0 5.6000000000000005 10.600000000000001 0 0 0 0 0 0 0 0 0 0 1.2000000000000002 0 0.2 0 0 0 0 0 0 0 0 0 0 0 0 0 0 0 14.8 0 0 0 0 0 0 1 0 1 15 0 2.4000000000000004 1.8 0 0 0 0 0 0 0 0 0 0 0 0 0 0 0 0 0 2.6 0 0 0 0 0 3.4000000000000004 0 0 0 0 
 0 15 0.4 0 31.8 0 0.2 0.4 14.8 12.200000000000001 0.6000000000000001 15.200000000000001 0 0 0 0 0.6000000000000001 15 0 0.4 49.2 66 17.8 63.400000000000006 11 47 0 35.6 6.2 25.6 19.8 6 56 59.6 28.400000000000002 22.6 17.6 46.800000000000004 13.4 20.8 0 0.6000000000000001 0.2 0 0.6000000000000001 0.2 1 0 0.4 0 0 0 0 0.6000000000000001 0 0 0.4 0 1 0 0.6000000000000001 0 0.4 0 0.8 0.2 0.4 0.4 0 0.6000000000000001 0 0.4 0 0 10.200000000000001 0.6000000000000001 0 0.4 0 0.6000000000000001 0 1.6 0 1.4000000000000001 2 2.6 0 0 1.2000000000000002 1.6 2.2 4.4 0 0 0.2 2.2 0 4.4 0 0 2.6 8.8 4.6000000000000005 3.8000000000000003 0 0 3.8000000000000003 7.6000000000000005 2.2 4.4 0.2 0 8.4 4 2.6 2.2 1.2000000000000002 4.800000000000001 2.2 3.2 0 0 0 0 0 0 2.8000000000000003 0 0 0 0 0 0 0.2 0 0 0 0 0 0 0 0 0 0 0 0 0 0 0 3.8000000000000003 0 0 0 0 3.6 0 0 0 0 0 0 1 4 2 2.2 0 0.2 0 0.8 0.2 0 2.2 0 0 0 0.2 1.4000000000000001 0 0 1.2000000000000002 2 7.6000000000000005 2.4000000000000004 4.6000000000000005 0 0 1.8 4.2 6.2 11.4 0 0 0.8 2.2 2 4 2.8000000000000003 0 3 3.6 0 0 1.8 0 0 0 0 0 0 0 0 0 0 0 0.4 0 0 0 0 0 0 0 0 0 0 0 0 0 0 0 0 2.8000000000000003 0 0.4 0 0 0 0 0 0 0 0 0 0 0 0 0 0 0 0 0 0 0 0 0.4 0 0.4 0.2 0 0.4 0 0.2 0 0 0 0 0 0 0 0 0 0 0 0 0 0 0 0 0 0 0 0 0 0 0 0 0 0 0 0 
 0 0.2 0 0 0 0.6000000000000001 0 0 0.4 0.2 0.6000000000000001 0 0.4 0 0.4 0 0.4 0.8 0.2 0.4 88.80000000000001 51 57.400000000000006 32 33 36.2 35.6 0 52.2 53 22.200000000000003 65.8 39.6 33 89 46.400000000000006 37.6 24.400000000000002 26.200000000000003 85.2 0.8 0.6000000000000001 0.2 0 0 0.2 0.6000000000000001 12.8 0.4 0 0 0 0 0.6000000000000001 0 0 0 0 0.6000000000000001 0.8 0.6000000000000001 0 0.4 0.2 10 0.4 0 0 0 0.6000000000000001 0.8 0.4 0 0 0.6000000000000001 0.6000000000000001 0 0.6000000000000001 0.2 0.6000000000000001 0 0 0 0 0 0 0 0 0.2 0 0 0 0 0 0 0 0 0 0 0 4.800000000000001 2.2 0.2 6.2 0 0 0 1.8 10.600000000000001 5.6000000000000005 7.800000000000001 6.2 1.2000000000000002 2.2 6.2 5.800000000000001 9.200000000000001 5.6000000000000005 0.2 2.6 0 0 0 0 0 0 2.8000000000000003 0 0 0 0 0 2.8000000000000003 0 0 0 0 0 2.8000000000000003 0 0 0.4 0.4 0 0 0 0 0 0 0 0 0 0 0 0 0 0 0 0 0 0 0 0 0 0 0.2 0 0 0 0 0 0 0 0 0 0 1 0.4 0.6000000000000001 0 2.8000000000000003 0 0 8.8 3.4000000000000004 0 5.6000000000000005 2.4000000000000004 4.4 0 0 2.2 0.2 3.4000000000000004 2.8000000000000003 2.4000000000000004 6.4 9.600000000000001 0 1.2000000000000002 0.4 0 0 0 0 0 0 0 0 0 0 0 2.2 0.2 0 0 0 0 0 2 0 0 0 0 0 0 0 0 0 0 0 0 0 0 0 0 0 0 0.4 0 0 0 0 0 0 0 0 0 0 0 0 0 0 0 0.8 0.4 0.4 9.600000000000001 18.2 0.4 1.8 0.4 0 0 0 0 0 0 0 0 0 0 0 0 0 0 0 0 0 0 0 1.6 0 0 0 0 0 0 0 0 
 0 0 0 0 0 0.4 0 0 0.6000000000000001 22.400000000000002 0 0 0 0 0.2 0 0 0 0 0 53 56.800000000000004 31.8 51.6 33.2 27.200000000000003 6.2 52.2 0 48 9.200000000000001 107.80000000000001 19.200000000000003 26.400000000000002 41 13.600000000000001 7.800000000000001 7.4 13.4 14.200000000000001 8.8 0.6000000000000001 0 0.2 0 11 0.6000000000000001 0 0.4 0 0 0 0 0.6000000000000001 0 0.2 0.2 0 0.6000000000000001 12.4 0.6000000000000001 0 0.4 0 0 0.2 0 0 0 0.6000000000000001 0 0 0 0 0 0.6000000000000001 0 0.4 0 0.6000000000000001 0 0 0 0.4 3.6 0 0 0 0 0 0 0 0 0 0 0 0 0 0 0 9.4 2.2 6.6000000000000005 5.4 4.800000000000001 1.8 0 1.6 0.8 2.4000000000000004 2.4000000000000004 11.4 3.4000000000000004 2.2 6.6000000000000005 6.800000000000001 0 3.8000000000000003 0 0 0 0 7.6000000000000005 0 0 0 2.6 1.4000000000000001 0 0 0 0 1.4000000000000001 0 0 0 0 0 0 2.6 0.8 0.2 0.2 0 0 0 0 0 0 0 1 0 0 0 0 0 0 0 0 0 0 0 0 0 0 0 0 0 0 0 0 0 0 0 0 0.6000000000000001 0 0 0 0 1.8 4 4.800000000000001 1.2000000000000002 3.8000000000000003 3 0 0 0.6000000000000001 0 1.4000000000000001 2.8000000000000003 0 3.2 2.4000000000000004 2.8000000000000003 0.2 0 0 0 11.600000000000001 2.4000000000000004 0 0 0 0 0 0 0 0.4 0 0 6 0 0.2 2.4000000000000004 0 0 0.4 1.8 0 0 0 0 0 0 0 0 0 0 0 0 0 0 0 0 0 0 0.2 0 0 0 0 0 0 0 0 0 0 0 0 0 0 0 0.4 0.4 0.4 4.4 0.4 0 2.6 0 0 0 0 0 0 0 0 0 0 0 0 0 0 0 0 0 0 1.2000000000000002 0 1.8 0 0 0 1.8 1.8 0 0 0 
 1.2000000000000002 0.8 1 0.6000000000000001 0.8 0.6000000000000001 0.6000000000000001 0.6000000000000001 0.6000000000000001 1 0.6000000000000001 0.6000000000000001 0.6000000000000001 0.6000000000000001 0.6000000000000001 0.6000000000000001 0.6000000000000001 0.6000000000000001 0.6000000000000001 0.6000000000000001 24.200000000000003 82 64.2 82 42.800000000000004 13 25.6 53 48 0 33 14.600000000000001 56.800000000000004 61.400000000000006 27.6 42.800000000000004 39.800000000000004 38.800000000000004 14 23.400000000000002 0.6000000000000001 1 0.2 0 0 0 25.200000000000003 14.200000000000001 0.8 0 0.2 0 7.800000000000001 1 13.600000000000001 0 0.2 0 13.200000000000001 24.6 0.6000000000000001 0 0.6000000000000001 0 0.2 0 0 0.6000000000000001 0 0.6000000000000001 0 0.2 0 0 0 0.6000000000000001 4.2 0.2 0 0.6000000000000001 0 0 0 0 0.2 0 0 0 0 0 0 0 0 0 0 0 0 0 0 0 1.8 2 0 0 1.2000000000000002 2.4000000000000004 0 0 0 3.6 0 2.4000000000000004 1.8 0 1.8 2.2 6.4 3 0 0 4.2 1.8 6.2 0 0.2 0.2 0 3.4000000000000004 0 0 0 0 6.6000000000000005 0 0 4.800000000000001 0 0 2.4000000000000004 8 0.2 0 0 0 0 0 0 0 0.2 0 0 0 0 0 0 0 0 0 0 0 0 0 0 0 0 0 0 0 0 0 0.4 0 0 1 0 0 0 0 0 0 0 0 3.6 0 0 1.2000000000000002 4.6000000000000005 0 0 2.4000000000000004 12.200000000000001 6.4 0 2.6 0.2 2 0.2 0 0 0 3.6 3.4000000000000004 4.800000000000001 0 0 0 0 14.600000000000001 1.6 0 0 0 0 1.8 4.800000000000001 5.6000000000000005 0 0 7.800000000000001 6.4 0 0 0 0 0 0 0 0 0 0 0 0 0 0 0 0 0 0 0 0 0 0 0 0 0 0 0 0 0 0 0 0 0 0 1 0 0.6000000000000001 15.4 16.2 0.2 0.8 0 0 0 0 0 3.4000000000000004 0 0 0 0 0 0 0 0 0 0 0 0 0 0 0 0 0 0 0 0 0 0 0 
 0 0 0.8 0 0 0 0 0 0 0.6000000000000001 0 0 0 0 0 0.4 0 0 0 0 6.6000000000000005 14.8 25.200000000000003 12.8 64.4 29.400000000000002 19.8 22.200000000000003 9.200000000000001 33 0 8 19.6 21.400000000000002 8.8 18.2 53 27 24 23.8 5.800000000000001 12.200000000000001 0.4 0 1 1.8 14.200000000000001 0 0.4 0 0 0.4 0 0.6000000000000001 0 0 0.6000000000000001 1.2000000000000002 7.6000000000000005 0 0.6000000000000001 0 0.4 0 0.4 0.2 0.8 0.2 0.4 1 0 0 0 0 0 0.6000000000000001 0 0 0.4 0.6000000000000001 0 0 0 0 0.2 0 0 0 0 1 0 0 0 0 0 0 0 0 0 0 0 2 2 4.800000000000001 3.2 7.2 4.6000000000000005 1.6 1.8 6 0 3.4000000000000004 1.6 0 0 3.2 1.4000000000000001 5.2 0 0.6000000000000001 4 0 0 0 0 0 2.2 4.2 3 0 0 0 1.6 0.2 0 4.2 0 0 5.800000000000001 0 0 0 0 0 0 0 0 0 0 0 0 0 0 0 0.4 0 0 0 0 8.6 0 0 0 0 0 0 0 0 0 0 0 4.6000000000000005 0 0 0 0 1 0 0 0 3.8000000000000003 2.2 0 0.2 3.6 2.8000000000000003 0 0 2.4000000000000004 2.8000000000000003 0.4 6.800000000000001 0 0 5.800000000000001 2.6 1.6 2.4000000000000004 0 0.6000000000000001 0 3.2 4.4 0.2 0 0 1.6 2.8000000000000003 0 0 0 0 0.4 1.4000000000000001 1.8 2.4000000000000004 0 2.6 2 1.4000000000000001 0 0 0 0 0 0 0 0 0 0 0 0 0 0 0 0 0 0 0 0 0 0 0 0 0 0 0 0 0 0 0 0 0 0 0 0 0 9.200000000000001 8.4 0.4 1 0 0 0 0 0 2 0 0 0 0 0 0 0 0 0 0 0 0 0 0 0 0 0 0 0 0 0 0 0 
