 0 14.8 14 11 9.200000000000001 6.6000000000000005 60 8.8 11.200000000000001 67.4 48 9.8 10 9 7.800000000000001 24 21.8 7 44.2 40.800000000000004 0.4 0.2 0 0.4 0 0.6000000000000001 1 0 0.6000000000000001 0 0.8 0.4 0 0 0.4 0.6000000000000001 0.6000000000000001 0 0 0 0 0 0 0.2 0.2 4.4 0.2 0.2 0 1.2000000000000002 0.2 0.6000000000000001 0.6000000000000001 0 0 0 0 0 0 0 0 2.2 2.8000000000000003 0.4 0 0 0.2 0.6000000000000001 13.600000000000001 0.6000000000000001 0 0 0.6000000000000001 0 0 0 0.6000000000000001 0 0 0.2 3.8000000000000003 3.2 0 2.6 0 0 5.6000000000000005 5.800000000000001 0 0 0 0 1.4000000000000001 2.2 3.6 2.4000000000000004 0.6000000000000001 0 1.8 0 0 0 0 0 0 0 0 0 0 0 0 0 0 0 0 0 0 0 0 0 0 0 0 0 0 0 0 0 0 0 0 0 0 0 0 0 0 0 0 0 0 0 0 0 0 2 0 1.6 0 0 0 0 0 0 0 0 0 0 0 0 2 0 0 0 1.2000000000000002 4.4 1.2000000000000002 2.8000000000000003 1.8 0 0 0 2.8000000000000003 0.2 2.4000000000000004 6 3.2 0 0.2 0 0 0 0 0 0 0 0 0 3.8000000000000003 4.6000000000000005 0 0 0 0 0 0 0 3 5 0 0 0 0 0 0 0 0 0 0 0 0 0 0 0 0 0 0 0 0.6000000000000001 0 0 0 0 0 0 0 0 0 0 0 0 0 0 0 0 0 0 0 0 0 0 4.6000000000000005 0 0 0 0.2 0 0 0 0.2 0 2.6 0 0 0 0 0 0 0 0 0 0 4 0.2 0 0 0 0 0 0 0 0 0 0 0 0 0 0 0 0 0 0 0 0 0 0 0 0 0 0 
 14.8 0 18.6 40.2 23.8 7 28.8 98.60000000000001 28 85.80000000000001 29.6 6.4 72.60000000000001 12 42 24.8 24 6.2 68.8 29.400000000000002 0.4 0.4 0 0.4 0 0.6000000000000001 1 0 1 0 0 0 0 0.2 0.4 0.6000000000000001 0.6000000000000001 0 0 0 0 0 0 0 0 0 0 0.4 0 0 0 0.6000000000000001 1 0 0 0 0 12.4 0 0 0 0 0.6000000000000001 0.4 0 0 0 0.6000000000000001 0.4 0.6000000000000001 0 0 0.6000000000000001 0 0 0 0.6000000000000001 0 0 0 0.6000000000000001 8.4 10.200000000000001 0 0 0 3.2 0 2.6 6.2 4.4 0 1.8 2.8000000000000003 0 4.800000000000001 2.2 5.4 0.4 7.4 0 0 0 0 0 0 0.2 0 0 0 0 0 3.8000000000000003 0 0 0 0 0 0 0 0 0 0 0 0 0 0 0 0 0 0 0 0 0 0 0 0 0 0 0 0 0 0.8 0 0 0 0 0 0 0 0.4 0 0 0 0 0 0 0 0 0 0 0.2 8 7.800000000000001 0 4 0 9.4 11.200000000000001 2.2 0 0 0.8 0 0 0 5.6000000000000005 0 0 0 0 0 0 0 0 0 0 0 0 0 0 0 2 0 2.6 0 0 0 2 0 0 0 0 0 0.4 0 0 0 0 0 0 0 0 0 0 0 0 0 0 0 0 0 0 0 0 0 0 0 0 0 0 0 0 0 0 0 0 0 0 0 0 0 0 0 0 0 0 0 0 0 5.6000000000000005 0.4 0 0 0 0 0 0 0 0 0 0 0 0 0 0 0.2 0 0 2 0 0 0 0 0 0.6000000000000001 0 1 0 0 0 0 0 0 0 0 0 0 0 0 
 14 18.6 0 58.800000000000004 24.8 19.8 14.600000000000001 37.800000000000004 14.4 13 9.600000000000001 42.2 29 10.200000000000001 27.6 24.400000000000002 43.2 45.6 16.6 23.6 0 0.4 0 22.400000000000002 0.4 0.6000000000000001 22.6 0.8 0.6000000000000001 0 0.4 0.6000000000000001 30.400000000000002 0 0.4 0.6000000000000001 0.6000000000000001 0.2 8 12.200000000000001 0 0 0 0.8 0 0.4 2.8000000000000003 0.8 0 0.6000000000000001 0 0.6000000000000001 1 0 0 0 0 0.8 0 0.6000000000000001 0 0.4 1.8 0.4 0 0 0 0.6000000000000001 0.4 0.6000000000000001 0 0 0.6000000000000001 1.2000000000000002 0 0.8 1 0 0.6000000000000001 0 1 4.6000000000000005 0 3.8000000000000003 6 17.8 0 2.2 2.2 2.4000000000000004 0.2 4 0.2 3.8000000000000003 3.6 0 5.800000000000001 6.6000000000000005 0 0.2 3.2 4 0.2 0 0 0 1.8 0 0 0 0 0 3.4000000000000004 4.6000000000000005 0 0 0 0 8.200000000000001 0.4 0 0 0 0 0 0 0 0 0 0 0 0 0 0 0 0 0 0 0 0 0 0 0 0 0 0 0 0 0.2 0 0 0 0 0.2 0 0 0.2 0 0 0 0 6.4 2 5.2 5.4 6.800000000000001 0.2 0 2 2.6 11.600000000000001 6.4 0 0 2.6 3.4000000000000004 0 7.6000000000000005 7.4 3.8000000000000003 0 0 2 0 0 0 0 0 0 0 0 0.2 2.4000000000000004 0 0 0 0 0 0 0.6000000000000001 0 0 0 0 0 0 0 0 0 0 0 0 0 0 0 0 0 0 0 0 0 2.8000000000000003 0 0 0 0.2 0 0 0 0 0 2.6 0 0 0 0 0 0 0 0 0 0 0 0 0 0.8 0 0 0 8.8 0 0 2.8000000000000003 0 0 0 0 0 0 0 0 0 0.4 0 0 0 0 0 0 0 0 0.4 0 0 0 1.2000000000000002 1.2000000000000002 0 0 0 0 0 0 0 0 0 0 0 0 0 
 11 40.2 58.800000000000004 0 41.2 25.400000000000002 31.6 34.2 17.2 42.400000000000006 29.200000000000003 36.800000000000004 54.800000000000004 14.600000000000001 13.200000000000001 28.6 43.6 71.8 17.400000000000002 29.6 0 0.8 0 0.4 0.4 0.6000000000000001 15.600000000000001 17.400000000000002 0.8 0 0 0.2 0 0 0.4 0.6000000000000001 0.6000000000000001 0.2 21.400000000000002 29.6 0 0 0 0 12 0 0.2 0.6000000000000001 0 11 0 0.6000000000000001 0.6000000000000001 0 0 0 0 0.4 0 0 0 0 0.6000000000000001 0.6000000000000001 0 0 0 0.6000000000000001 0.4 0.4 0 0 0.4 1 0 8.6 0.6000000000000001 0 0 0 3.8000000000000003 5.4 3 7.4 0 6.2 0 1 0 0 1.8 2.2 0 0 2.2 2 0.2 4.2 0 0 2 4 0 0 0 0 3.2 0.2 0 0 0 0 1.2000000000000002 10.600000000000001 0 0 3.4000000000000004 0 5.800000000000001 2 0 0 0 0 0 0 0 0 0.2 0 0 0 0 1.4000000000000001 0 0 0 0 0 0 0 0 0 0.4 0 0 0 0 0 0 0 0 0 0 0 0 0 0 0 1 2.4000000000000004 2 2.2 3.8000000000000003 2.2 8 0 0 0 2.8000000000000003 0 0.2 0 0 0.8 6.800000000000001 4.6000000000000005 0 0 0 1.4000000000000001 0 3.8000000000000003 0 0.2 0 0 0.2 0 1.6 0 0 1.4000000000000001 0 3 0 0 0 10.600000000000001 0 1 0 0 0 0 0 0 0 0 0 0 0 0 0 0 0 0 0 0 0 0 0 0 0 0 0 0 0 0 0 0 0 0 0 0 0 0 0 0 2.4000000000000004 0 3.2 0 0 0.2 0.8 0 0 0.4 18.2 0 0.2 0 0 0 0 0 0 0 0 0 0 5.4 0 0 0 0 0 0 0 0 0 0 0 0 3.4000000000000004 0.2 0 0 0 0 0 0 0 0 0 0 0 0 0 
 9.200000000000001 23.8 24.8 41.2 0 30.8 9 43 15.600000000000001 72.8 20.200000000000003 29 12.8 15 61 15.4 27.400000000000002 14.600000000000001 11.8 17.400000000000002 15.600000000000001 0.4 0 0.4 0.4 0.6000000000000001 20.6 15 8.200000000000001 0 0 0.6000000000000001 15.600000000000001 14.8 45 20.400000000000002 17 0 21.8 16 0 0 0 0 0 0 0 0.4 0 0 0 0.6000000000000001 0.6000000000000001 0 0 0 2 0.2 0 0 0 0 0.6000000000000001 0.4 0 0 0 0.6000000000000001 0.4 0.6000000000000001 0 0 0.6000000000000001 2.8000000000000003 0 9.600000000000001 0.6000000000000001 0 0 0 0 3.2 7.6000000000000005 0.2 0 2.2 0 0 0 2.8000000000000003 2.8000000000000003 0 0 0 0 1.6 2 2.4000000000000004 0 0 2 0.2 2.8000000000000003 0 0.2 0 1.2000000000000002 4 0.8 0 0.2 2.2 1.8 6 2.6 2.4000000000000004 1.2000000000000002 0 7 4.4 0 0 0 0 0 0 0 0 0 0 0 0 0 0 0 0 0 0 0 0 0 0 0 0 0 0 0 0 0 0 0 0 0 0 0 0 0 0 0 0 0.4 4.2 1.8 3.6 1.8 4 2 0 0 2.2 0 0.2 0 6.2 0 0.6000000000000001 0 0 0 0 1.4000000000000001 2.2 0 2.6 0 0 11.4 7 2.8000000000000003 2.4000000000000004 0 0 3 11.4 6.4 4.800000000000001 0 0 6.2 1.2000000000000002 0 0 0.4 0 0 0 0 0 0 0 0 0 0 0 0 0 0 0 1.2000000000000002 0 0 0 0 0 0 0 0 0 0 0 0 0 0 0 0 0 0 0 0 0 0 0 0 0 0 0 0.2 0 0.4 0 0 0.8 0 0 0 0 0 0 0 0.2 0 0 0 0 0 0 0 0 0 0 0 0 0 0 0 3.2 0 0.2 0 0 0 0 0 0 0 0 0 0 0 0 
 6.6000000000000005 7 19.8 25.400000000000002 30.8 0 9.600000000000001 9.200000000000001 25.6 12.600000000000001 16.6 39 6.800000000000001 8.6 10.200000000000001 17.400000000000002 29.8 29.200000000000003 10.200000000000001 11.600000000000001 15 0.6000000000000001 0 15.8 0 1.2000000000000002 1 22.400000000000002 8.4 0.4 0 0 34.4 8.6 33.4 19.8 15.600000000000001 0 28.400000000000002 0 0 0 0 0 0 0 0 0.6000000000000001 0 0.2 0.4 0.6000000000000001 1 0 0 0 0.6000000000000001 0.2 10 0 0 0 0.6000000000000001 1.4000000000000001 0 0 0 0.8 0.6000000000000001 1.4000000000000001 1 0 0.2 0.2 0 0 0.6000000000000001 0 0 0 0 0 2 0 0 2 0 0.2 1.4000000000000001 4.4 0 0 0 3.6 0 1.2000000000000002 3.4000000000000004 1 0 0.2 0 2.4000000000000004 0 0 0 0 0 4 7 0 4.2 2.6 2.6 2.2 1.8 2 0 0 3.2 7.4 0 0 0 0 0 0 0 0.2 0 0 0 0 0 0 0 0 0 0 0 0 0 0 0 0 0 0 0 0.2 0 0 1.2000000000000002 0 0 0 0.6000000000000001 0 0 0.2 0 0 0 0.2 0 2.8000000000000003 0 1.8 0 0 0 0.2 0 6.4 0 0 1.8 3.2 0 16.2 0 0 4.800000000000001 0 6.2 6 0 0 2.8000000000000003 14.8 2.2 0 0 0 2.4000000000000004 4.2 4.800000000000001 7.6000000000000005 0.8 12.4 1.8 0.4 0 0.2 0 0 0 0 0 0 0 0 0 0 0 0 0 0 0 0 0.6000000000000001 0.4 0 0 0 0 0 0 0 0 0 3.8000000000000003 0 0 4.2 0 0 0 0 0 0 0 0 0 0 0 0 0.2 25.200000000000003 0 2 0 0 0 0 0 0 0 0 0 0 0 0 3.8000000000000003 12.600000000000001 0 0 0 0 0 0 0 0 0 0 0 0 0.6000000000000001 0 0 0 0 0 0 0 0 0 0 0 0 0 0 
 60 28.8 14.600000000000001 31.6 9 9.600000000000001 0 37.2 43 28 7.800000000000001 36.4 60.6 55.6 3.6 41.800000000000004 13.8 21.8 35.800000000000004 34.4 0 0.4 0 0.4 0 0.6000000000000001 1 0 0.6000000000000001 0 0 0 0 0 0.4 0.6000000000000001 0.6000000000000001 0.2 0 0.2 0 0.6000000000000001 0 0 0 0 0.6000000000000001 0.4 0 0 0 0.6000000000000001 1 0 0 0 0.6000000000000001 1 0.6000000000000001 0 0 0.6000000000000001 0.6000000000000001 0.4 0.6000000000000001 0 0.4 0.6000000000000001 0.4 0.6000000000000001 0.2 0 1 0 0 0 0.6000000000000001 0 0 0.2 6.2 9.4 0.8 2 0 0 7.4 2 0 0.2 2.8000000000000003 0 0 2.8000000000000003 2.6 6.2 3 1.4000000000000001 1.6 2.2 0 0 0 0 0 0 0 0 0.4 0 0 0 0 0 0 0 0.4 0 0 0 0 0 0 0 0 0 0 0 0 0 0 0 0 0 0 0 0 0 0 0 0 0 0 0 0 0 0 1.2000000000000002 0 0 0 0 0 0.2 0 0.8 0 0 0 0 1.8 3.8000000000000003 0.2 2.8000000000000003 0 2 3.2 4.800000000000001 0.2 1.6 0 1.8 0.2 2.2 4 5.4 3.8000000000000003 3 0 5.2 0 0 0 0 0 0 0 0 0 0 0 0 0 0 0 0 0 0 0.2 0 0 0 0 0 0 0 0 0 0 0 0 0 0 0 0 0 0 0 0 0 0 0 0 0 0 0.2 0 0 0 0 0 0 0 0 0 0 0 0 0 0 0 0 0 0 0 0.2 0 0 0 0.2 0.2 0.8 2.6 0 0 0 0 0 0 0 0 0 2.8000000000000003 0 0 0 0 0 0 0 0 0 0 0 0 0 0 0 0 0 0 0 0 0 0 0 0 0 0 0 
 8.8 98.60000000000001 37.800000000000004 34.2 43 9.200000000000001 37.2 0 12 69.60000000000001 93 11.200000000000001 61.400000000000006 133 32.2 9 46.800000000000004 9.600000000000001 31.400000000000002 20.200000000000003 0 0.2 0 0.4 0 0.6000000000000001 0.6000000000000001 0 0.6000000000000001 0 14.8 0 0 0 1.2000000000000002 0.6000000000000001 0.6000000000000001 0 0 0 0 0 0 0 0 12.600000000000001 0.4 0.2 0 0 0 0.6000000000000001 1 0 0 0 0 0 0 0 0 0 1.2000000000000002 0.8 0 0 0 0.6000000000000001 0.4 0.6000000000000001 0 0 0.6000000000000001 0 0 0 0.6000000000000001 0 0 0 5.800000000000001 4.6000000000000005 2 2.8000000000000003 1.4000000000000001 0 4.4 0.8 0 0 1.8 0 2 0 4.4 1.2000000000000002 3.6 1.8 3.6 2.6 0 0 0 0 0 0 0 0 0 0 0 0 0 0 0 0 0 0 0 0 0 0 0 0 0 0 0 0 0 0 0 0 0 0 0 0 0 0 0 0 0 0 0.2 0 0 0 0 0 0 0 0 0 0 0 0 0 0 0 0 0 3 2.4000000000000004 4.2 5.6000000000000005 0 0 2.2 0.4 5.2 10.4 1.6 0 2.4000000000000004 1.8 0 0 0 2.2 0 3 0 0 0 0 0 0 0 0 0 0 0 0 0 0 0 0 0 0 2.4000000000000004 0 0 0 0 0 0 0 0 0 0 0 0 0.2 0 0 0 0 0 0 0 0 0 0 0 0 0 0 0 0 0 0 0 0 0 0 0 0 0 0 0 0 0 0 0 0 0 0.4 0 0 0.4 17.2 0.4 1 0 0 0 0 0 0 0 0 0 0 0 0 0 0 0 0 0 0 0 0 0 0 0 2.2 0 0 0 0 0 0 0 0 0 0 0 0 0 0 
 11.200000000000001 28 14.4 17.2 15.600000000000001 25.6 43 12 0 10.200000000000001 22.6 7.6000000000000005 30.400000000000002 54.2 36.2 43.400000000000006 24.200000000000003 7.6000000000000005 21 31.400000000000002 0 0.6000000000000001 0 0.4 5.2 0.6000000000000001 1 0 0.8 0 0 0.2 14.8 2.2 0.4 0.8 0.6000000000000001 0.2 0.2 0 0 0 0 0 0 0 12.4 0.6000000000000001 0 1 0 0.6000000000000001 4.800000000000001 0 0 0 0.4 12.200000000000001 0 0 0 0 0.6000000000000001 0.6000000000000001 0 0 0 0.6000000000000001 0.4 0.4 0 0 0.4 0 0 0.2 0.6000000000000001 0 11 0 5.4 6.800000000000001 3 2.8000000000000003 4.2 0.4 1.8 1.4000000000000001 4.800000000000001 4 2 2.8000000000000003 3 1.8 4.800000000000001 5.800000000000001 3.8000000000000003 0 0 2.6 0 0 0 0 0 0 0 0 0 0 0 0 0 0.2 0 0 0 3 3.6 0 0 0 0 0 0 0 0 0 0.4 0 0 0 0 0 0 0.4 0 0 0 0 0 0 0 0 0 0 0 0 0 0 0 0 0 0 0 0 0 0 0 0 0.2 0 3.2 0.2 1.4000000000000001 8.8 0 0.2 0 2.2 1.8 2.8000000000000003 2.2 2 1.8 4 8 5.6000000000000005 1.6 0 0 0 0 0 0 0 0 1.2000000000000002 0 0 0 0 0 0 0 0 0 0 6.4 0 0 0 0 0 0 0 0 0 0 0 0 0 0 0 0 0 0 0 0 0 0 0 0 0 0 0 0 0 0 0.4 0 0 0 0 0 0 0 0.2 0 0 0 5 0 0 0 0 0.2 0 0.2 0 0 0.4 0 0 0 0 0 0 0 0 0 0 4 0 0 0 0 0 0 0 0 0 0 0 0 0 1 0 0 0 0 0 0 0 0 0 0 0.4 0 0 
 67.4 85.80000000000001 13 42.400000000000006 72.8 12.600000000000001 28 69.60000000000001 10.200000000000001 0 35.800000000000004 9 26.200000000000003 11.4 56.2 35.6 28 27.8 11.8 51 0.4 0.8 0.2 0.4 0 1 0.8 0 0.6000000000000001 0 0.6000000000000001 0.6000000000000001 15.200000000000001 41.6 0.4 0.6000000000000001 0.8 1.2000000000000002 0.4 7.6000000000000005 0.2 0 0.6000000000000001 0 0 0.8 2.2 0.8 4.6000000000000005 0 0.2 5.4 0.6000000000000001 0.4 0.8 5 5 0 0 0 0 0.8 1 0.4 0.2 0 2.2 0.8 0.4 0.6000000000000001 0 0.6000000000000001 0.8 0 0.4 0 1 0.2 0 0.4 5 6 4.6000000000000005 2.6 2.8000000000000003 0 0.2 3.8000000000000003 0 1.6 1.6 1.8 1.6 2.2 2.4000000000000004 6.800000000000001 2.6 0 0.2 1.6 1.6 2.8000000000000003 0 0 0 0 0 0 0 0 0.2 0 0 0 0 0 0 0 0.6000000000000001 1.6 0 0 0 0 0 0 0.4 0 0 0 0 0 0 0 0 0 0 0 0 0 0 0 0 0 0 0.2 0 0 0 0 0 0 0 0 0 0 0 0 0 0 0.6000000000000001 0.4 2.6 0 0 2.4000000000000004 0 2 2.6 3.2 3 1.8 0 0 0 6.2 2.8000000000000003 0 0 0.2 0 0 0 0 0 0 3 0 1 3.8000000000000003 0 0 0 3 0 0 0 0 6.4 0 0 0 0.2 0 0 0 0 0 0 0 0 0 0 0 0 0 0 0 0 0 0 0 0 0 0 1.2000000000000002 0 0 0 0 0 0 0 0 0 0 0 0 0 0 0 3.8000000000000003 0 0 0 0.6000000000000001 0.2 0 0.2 0.8 0.4 2 0 0 0 0 0 0 0 0 0 0 6 0 0 0.4 0 4.2 0 0 0.4 0 0 0 0 2.4000000000000004 0 0 0 0 0 0 0 0 0 0 0 0 0 2.2 
 48 29.6 9.600000000000001 29.200000000000003 20.200000000000003 16.6 7.800000000000001 93 22.6 35.800000000000004 0 21.8 20.400000000000002 69.60000000000001 45.2 13.600000000000001 19.400000000000002 28.6 48.400000000000006 28 0 0.6000000000000001 0 1.2000000000000002 0 1.2000000000000002 15.8 4.800000000000001 0.6000000000000001 0 0 0 31.200000000000003 15.200000000000001 16.8 1.2000000000000002 0.6000000000000001 0 15 22.200000000000003 0 0 0 0 0 0 0 0.6000000000000001 0 0.2 0.4 0.6000000000000001 0.6000000000000001 0 0 0 0.2 0.2 0 0 0 0 0.6000000000000001 0.6000000000000001 0 0 0 0.4 0.4 0.2 0 0 0.2 0 0 0 0.6000000000000001 0 0 0 0 0 7.6000000000000005 1.6 5.6000000000000005 12.200000000000001 0 2.8000000000000003 4.6000000000000005 3.8000000000000003 5.6000000000000005 5.6000000000000005 0.4 0 1.4000000000000001 2 0 0 0 0 1.4000000000000001 4 0.6000000000000001 0 0 0 0.4 0 3.6 0 0 0 0 4.2 0 0 6.4 3.4000000000000004 0.2 4.4 0.2 0 0 0 0 0 0 0 0 0 0 0 0 0.2 0 0 0 0 0.2 0 0 0 0 0 0 0 0 0 0 0 0 0 0 0 0 0 0 0 0 0 1.6 0 0.2 0 2.8000000000000003 2.8000000000000003 0 0 3 1.6 7.6000000000000005 1.4000000000000001 0 6.4 0 0.4 5.2 0.2 0.2 0 0 0 2.2 0 0 0 3 0 0 0 0 0 2.2 3 0 2.6 0.4 0 5.6000000000000005 3.4000000000000004 0 0 0 0 0 0 0 0 0 0.4 0 0 0 0 0 0 0.2 0 2.6 0 0 0 0 0 0 0 0 0 0 0 0 0 0 0 0 0 0 0 0 0 0 0 0 0 0 0.8 17.2 0.2 9.600000000000001 0.2 0.4 1.4000000000000001 0 0 0 0 0 0 0 0 0 0 0 0 0 0 0 0 0 0 0 0 0 0 0 0 0 1.8 0 0 0 0 0 0 0 0 0 0 0 0 
 9.8 6.4 42.2 36.800000000000004 29 39 36.4 11.200000000000001 7.6000000000000005 9 21.8 0 5.800000000000001 18.6 10.600000000000001 60.6 25.200000000000003 62.800000000000004 7.6000000000000005 9.200000000000001 14.8 0.8 0 0.4 0 0.6000000000000001 4.800000000000001 0 0.6000000000000001 0 0.4 0 14.8 0 15.8 0.6000000000000001 0.6000000000000001 0 29.400000000000002 0.2 0 0 0 0 5.800000000000001 0 0 0.6000000000000001 0 12.600000000000001 0 0.6000000000000001 0.8 0 0 0 0 0.2 0 0 0 0 0.6000000000000001 0.6000000000000001 0 0 0 0.4 0.4 0 0 0 0.2 1.4000000000000001 6.4 0 0.6000000000000001 0 0 0 0.6000000000000001 0.2 2.4000000000000004 5 3.4000000000000004 11.200000000000001 0.2 0 0 2 2 0 0 3.6 0 5.800000000000001 3.4000000000000004 6.800000000000001 2.2 0 4.4 5.4 0 0 0 0 4.800000000000001 4 3 0 0 0 3.2 18.400000000000002 0 0 0 0 7.4 0 0 0 0 0 0 0 0 0 0 0 0 0 0 0 0 0 0 0 0 0 0 0 0 0 0 0.4 0 0.2 0 0.2 0 0 0.2 0 0.8 0 0 0 0 0 0 1.2000000000000002 2 3.4000000000000004 2 5.800000000000001 0 0 0 0 2 0.2 0 0 2.2 3.6 0 0 0 0 1 0 1.8 0 0 0 5.2 7.2 0 2 0.2 0 6.2 0 3.6 3.2 0 0 2.8000000000000003 5.800000000000001 0 0 0 0.2 0 0 0 0 0 0 0 0 0 0 0 0 0 0 0.2 0 0 0 0 0 0 0 0.4 0 0 0 0.4 0 0 0 0 0 0 0 0 0 0 0 0 0 0 0.4 16.8 0.4 0 0.4 0 0.8 0 0 0 0 0 0 0 0 0 0 0 0 0 0 0.2 0 0 0 0 0 0 0 0 1.2000000000000002 0.4 0 0 0 0 0 0 0 0 0 0 0.6000000000000001 0 0 
 10 72.60000000000001 29 54.800000000000004 12.8 6.800000000000001 60.6 61.400000000000006 30.400000000000002 26.200000000000003 20.400000000000002 5.800000000000001 0 62.2 19.8 27 19.200000000000003 32 20.8 27.6 0 0.6000000000000001 0 0.4 0 0.6000000000000001 1 0 1 0 15 0 0 0.2 0.4 0.6000000000000001 0.6000000000000001 0 0 40.400000000000006 0 0 0 0 0.4 0 0 0.6000000000000001 0 0 0 0.6000000000000001 1 0 0 0 0 0 1.6 0 0 0 0.6000000000000001 0.6000000000000001 0 0 0 0.4 0.4 0.2 0 0 0.2 0 0 0 0.6000000000000001 0 0 0 2.2 0 3.8000000000000003 4 7 0 0.8 2 4.800000000000001 0 0.2 0 2.6 3.2 4.4 2.2 2 6.800000000000001 0 0 0 0 0 0 1.4000000000000001 0 0 0 0 0 0 0 0 0 0 0 0 0 0 0 0 0 0 0 0 0 0 0 0 0 0 0 0 0 0 0 0 0 0 0 0 0 0.2 0 0 0 0 0 0 0.2 0 0 0 0 0 0 0 0 0 0 3.6 3.2 2.4000000000000004 0 0 0 6.6000000000000005 0 7.800000000000001 1.4000000000000001 3.4000000000000004 5 0.2 1.8 0 3.2 0.2 3.4000000000000004 0.2 4.6000000000000005 0 0 0 0 0 0 0 0 0 0 0 0 0 0 0 0 0 0 0 0 0 0 0 0 0 0 0 0 0 0 0 0 0 0 0 0 0 0 0 0 0 0 0 0 0 0 3.6 0 0 0 0 0 0 0 0 0 0 0 0.2 0 0 0 0 0 0 0 0 0.4 0.4 19.400000000000002 0.2 0 3 0 0 0 0 0 0 0 0 0 0 0 0 0 0 0 0 0 0 0 0 0 0 0 0 4.2 0 0 0 0 0 0 0 0 0 0 0 0 
 9 12 10.200000000000001 14.600000000000001 15 8.6 55.6 133 54.2 11.4 69.60000000000001 18.6 62.2 0 77.60000000000001 9 6.4 9.8 35.2 21 0 0.6000000000000001 0 0.4 0 0.6000000000000001 0.6000000000000001 0 0.6000000000000001 0.2 0 0 0.4 0 0.4 0.6000000000000001 0.6000000000000001 0 0 0 0 0 0 0 0 0 0 0.6000000000000001 0 0 0 0.6000000000000001 1 0.4 0 0 0 12.600000000000001 0 0.4 0 0 0.6000000000000001 0.6000000000000001 0 0.2 0 1.2000000000000002 0.4 0.4 0 0.2 0.4 0.4 0 0 0.6000000000000001 0 0.4 0 4 5.6000000000000005 2.8000000000000003 4.2 0.8 0 5.6000000000000005 0 5.2 2.4000000000000004 0 3.6 0 3.4000000000000004 6 0 0.2 4 3.4000000000000004 6.4 0 0 0 0 0 0 0 0 0 0 0 0 0 0 0 0 0 0 0 0 0 0 0 0 0 0.2 0 0 0 0 0 0 0 0 0 0 0 0 0 2.6 0 0 0 0 0 0.8 0 0 0 0.4 0 0 0 0 0 0 0 0 0 0 7 2.6 7.6000000000000005 2.4000000000000004 0 0 3.8000000000000003 0 3.8000000000000003 2 0.8 1.4000000000000001 2 1.6 5.4 3.2 6.4 1.4000000000000001 4 5 0 0 0 0 0 0 0 0.2 0 0 0 0.2 0 0 0 0 0 0 4 0 0 0 0 0 0 0 0 0 0.2 0 0 0 0 2 0 0 0 0 0 0 0 0 0 0 0 0 0.4 0 0 0 0 0 0 0 0 0 0 0 0 0 0 0 0 0 0 0.4 0 0 0 0 0 1.2000000000000002 0.4 0 0 0 0 0 0 0 0 0 0 0 0 0 0 0 0 0.4 0 0 0 0.6000000000000001 0 0 0 4.4 0 0 0 0 0 0 0 0 0 0 0 0 
 7.800000000000001 42 27.6 13.200000000000001 61 10.200000000000001 3.6 32.2 36.2 56.2 45.2 10.600000000000001 19.8 77.60000000000001 0 162.20000000000002 52 9.600000000000001 12.600000000000001 46.800000000000004 0 1 0.4 0.4 0 0.6000000000000001 0.6000000000000001 0 0.6000000000000001 0 0 0 0 0.4 0.8 0.6000000000000001 0.6000000000000001 0.4 1 0 0 0 0 0 0 0 0 0.4 0 0 0 0.6000000000000001 1 0 0 0 0 7 0 0 0 0 0.6000000000000001 0.4 0 0 5.800000000000001 0.6000000000000001 0.4 0.6000000000000001 0 0 0.6000000000000001 0 0 0 0.6000000000000001 0 0 0 8.8 0 3.6 5.800000000000001 5.800000000000001 2.8000000000000003 3.2 8.8 4.4 9.8 3.6 0 4 2 1.2000000000000002 3.8000000000000003 2 3.4000000000000004 2.4000000000000004 6.2 0 0.2 0 0 0 0 0 0 0 0 0 0 0 0 0 0.4 0 0.4 0 0 0 0.6000000000000001 0 0 0 0 0 0 0 0.2 0 0 0 0 0 0 0 0 0 0 0 0 0 0 0 0 0 0 0 0 0 0 0 0 0 0 0 0 0 0 2.8000000000000003 0.2 8.200000000000001 5.2 0 3.2 0 5.4 7 3 2.8000000000000003 5.800000000000001 5.6000000000000005 0.2 3.6 0.2 8.200000000000001 0 0 0 0 0 0.4 0 0 0 0 0 0 0 0 0 0 0 0 0 0 0.4 0 0 0 0 0 0 0 0 0 0 1.2000000000000002 0 0 0 0 0 0 0 0 0 0 0 0 2.6 6.4 0 0.2 0 0 0 0 0 0 0 0 0 0 0 0.4 0 0 0.2 0 0 0 0 0 0 0 0.2 0.4 0 2 0.2 0 0.4 0 0 0 0 0 0 0 0 0 0 0.4 0 0 0 0 0 0 0 0 7 0 0 2.2 3.2 0 0 0 0 0 0 0 0 0 0 0 0 
 24 24.8 24.400000000000002 28.6 15.4 17.400000000000002 41.800000000000004 9 43.400000000000006 35.6 13.600000000000001 60.6 27 9 162.20000000000002 0 63.800000000000004 63.800000000000004 8 22 14.8 0.6000000000000001 0 0.4 0 0.6000000000000001 0.6000000000000001 0.4 0.6000000000000001 0 0 0 0 0 0.4 0.6000000000000001 0.6000000000000001 0 0 0 0 0 0 0 0 0 0 0.6000000000000001 0 13.4 0 0.6000000000000001 0.8 0 0 0 0 12.600000000000001 0 0 0 0 0.6000000000000001 0.6000000000000001 0 0 0 0.4 0.4 0.2 0 0 0.4 0 0 0 0.6000000000000001 6 0 4.2 1.6 9.600000000000001 2.2 2.4000000000000004 0 8.8 2.8000000000000003 4 4.4 1.6 6 0 2 5.2 2.4000000000000004 3 3.4000000000000004 4.800000000000001 0 3.6 2 2 0 0 2 0 1 0.2 0 0 0 0 2 3.4000000000000004 0 0 0 0 3.8000000000000003 0 0 0 0 0 0 0 0 0 0.2 0 0 0 0 0 0 0 0 0 0 0 0 0 0 0.4 0 0 0 0.2 0 0 0 0 0 0 1.6 0 0 0 0 0 0.2 2.2 10.200000000000001 2.2 2.8000000000000003 6.800000000000001 0 4.800000000000001 2.6 2 0 0 0 0 4.4 5 2.6 0 0 0.2 0.4 0 0 0 0.2 1.4000000000000001 0 0 0 0 0 0 0 0 0 0 0 2.6 0 3.4000000000000004 0 0 0 0 0 0 0 0 0 0 0.2 0 0 0 0 0 2.6 0 0 0 0 0 0 0 0 0 0 0 0 0 0 0 0 0 0 0 0 0 0 0 0 0 0 0 0.2 0.2 0.6000000000000001 0.2 0.4 0 0.2 0.2 0 0 0 0 0 0 0 0 0 0 2.6 0 0 0 0 0 0 0 0 0 0 3.4000000000000004 0 0 0 0 0 0 0 0 0 0 0 0 0 0 0 0 
 21.8 24 43.2 43.6 27.400000000000002 29.8 13.8 46.800000000000004 24.200000000000003 28 19.400000000000002 25.200000000000003 19.200000000000003 6.4 52 63.800000000000004 0 50 7.2 8 0.2 0.4 0.4 0.4 0 0.6000000000000001 0.6000000000000001 0 0.6000000000000001 0.4 1.4000000000000001 0 1.2000000000000002 0 0.6000000000000001 0.6000000000000001 15.200000000000001 0.4 29.8 0.2 0 0 1 12.600000000000001 0 0 0.6000000000000001 0.6000000000000001 0 12.4 0 0.6000000000000001 0.6000000000000001 0.6000000000000001 0 0 0.6000000000000001 0 0 0 0 0 0.6000000000000001 0.4 0 0 0 0.6000000000000001 0.4 0.6000000000000001 0 0 0.6000000000000001 0 0.2 0 0.6000000000000001 0 0 0 3.8000000000000003 7.6000000000000005 5.800000000000001 5.6000000000000005 0 2.6 2.8000000000000003 5 0 1.2000000000000002 3.8000000000000003 0.4 0.2 3.8000000000000003 4.6000000000000005 2.4000000000000004 10 4.2 0 0 0 0 0.4 0 0 0 0 0 0 0 0 0 2 5.6000000000000005 0 0 0 0 5.6000000000000005 0.2 0 0 0 0 0 0 0 0 0 0 0 0 0 0 0 0 0 0 0 0 0 0 0 0 0 0 0 0 0.4 0 0 0 0 0.4 0.2 0 0.4 0 0 0.4 0 2 3.6 8.4 3.8000000000000003 9.600000000000001 0 6.6000000000000005 0.2 3.4000000000000004 3.8000000000000003 0.2 0 0 11 9.600000000000001 2.2 0 2 0 0 0 3.8000000000000003 0 4.6000000000000005 0 0.4 0 0 0 0 0 1.6 0.2 0.2 0 0 0 10.8 0 0 0 0 0 0 0 0 0 0 0 0 0 0 0 0 0 0 0 0 0 0 0 0 0 0 0.4 0.2 0 0 0 0 0 0 0 0 0 0 0 0.4 0 0 0 3.8000000000000003 0 0 0.4 0.2 0 0.4 0 0 0.8 0 0 0 0 0 0 0 0 0 1.4000000000000001 4 0 0 0 0 0 0 0 0 0 0 0 0 3.4000000000000004 0 0 0 0 0 0 0 0 0 0 0 0 0 0 
 7 6.2 45.6 71.8 14.600000000000001 29.200000000000003 21.8 9.600000000000001 7.6000000000000005 27.8 28.6 62.800000000000004 32 9.8 9.600000000000001 63.800000000000004 50 0 55.6 17 0 0.2 0 0.4 17.6 0.6000000000000001 0.8 0 0.6000000000000001 0 0 0 44.800000000000004 0 7.6000000000000005 1.4000000000000001 0.6000000000000001 0 6.800000000000001 0.2 0 0 0 0 0 0 0 0 0 0.2 0 0.6000000000000001 1 0 0 0 0.2 0 0 0 0 0 0.6000000000000001 0.4 0 0 0 0.6000000000000001 0.4 0.6000000000000001 0 0 0.6000000000000001 0 0 0 0.6000000000000001 0 0 0 0 0 3.2 2.8000000000000003 9.200000000000001 6.6000000000000005 0 2 3.6 2.4000000000000004 2 0 2.6 5.4 1 4.2 6.800000000000001 3.4000000000000004 0 0 0 3.6 0 0 0 0 0 0 2.2 0 0 0.4 1.2000000000000002 7.800000000000001 0 0 0 0 5.6000000000000005 3.8000000000000003 0 0 0 0 0 0 0 0 5.6000000000000005 0 0 0 2.4000000000000004 0 0 0 0.4 0 0 0 0 0 0 0 0.2 0 0 0 0 0 0 0 0 0 0 3.6 0 0 0 0.8 2.8000000000000003 4.2 0 2.8000000000000003 0 2 2.8000000000000003 0 5 2 7.4 9.4 0 0 1.8 6 1.2000000000000002 7 0 5 0 0 2.2 0 0 0 5.4 0 0 0 0 0 2 7.2 0 0 0 0 3 0.6000000000000001 0 0 0 0 0 0 0 0 0 0 0 0 0 0 0 0 0 0 0 0 0 0 0 0 0.2 0 0 0 0 0 0 0 0 0 0 0 0 0 0 0.4 0 0.4 0 0 0 0 17 0 0.4 19.8 0 0.8 3 0 0 0 0 0 0 0 0 0 0 0 0 0 0 0 0 0 0 0 0 0 0 0 0 3 0 0 0 0 0 0 0 0 0 0 0 0 
 44.2 68.8 16.6 17.400000000000002 11.8 10.200000000000001 35.800000000000004 31.400000000000002 21 11.8 48.400000000000006 7.6000000000000005 20.8 35.2 12.600000000000001 8 7.2 55.6 0 60.400000000000006 0 0.4 0 0.4 0.8 0.6000000000000001 0.6000000000000001 0 0.6000000000000001 0 0 10.4 0 0 0.4 0.6000000000000001 0.6000000000000001 0 0 0 0 0 0 0 0 0 0 0.4 0 0 0 0.8 1 0 0 0 0 0 0 0 0 0 0.6000000000000001 0.4 10.4 0 0 0.6000000000000001 0.4 0.6000000000000001 0 0 10.200000000000001 0 0 0 0.6000000000000001 0 0 0 0 0 0 0 0.2 0 3.8000000000000003 3 5.4 0 0 0 0 0 3.8000000000000003 0 0 0 3 0 0 0 0 0 0 0 0 0 0 0 0 0 0 0 0 0 0 0 0 0 0 0 0 0 0 0 0 0 0 0 0 0 0 0 0 0 0 0 0 0 0 0 0 0 0 0 0 1 0 0 0 0 0.4 0 0 3.2 0 0 0 0 4.800000000000001 0 0 0 0 0 4 5.800000000000001 0 0 0 0 5.6000000000000005 0 0 0 0 0 9.200000000000001 0 0 0 0 0 0 0 0 0 0 0 0 0 0 0 0 0 0 0 0 0 0 0 0 0.4 0.4 0.2 0 0 0 0 3 0 0 0 0 0 0 0 0 0 0 0 0 0 0 0 0 0 0 0 2.2 0 0 0 0 0 0 0 0 0 0 0 0 0 0 0.4 0.2 0 0 0 0.2 0 0 0 1.2000000000000002 0.2 0 0 0 0 0.2 0 0 0.2 0 0 0.2 0 0 0 0 0.2 0 0 0 0 0 0 0 0 0 0 0 0 0 0 0 0 0 0 
 40.800000000000004 29.400000000000002 23.6 29.6 17.400000000000002 11.600000000000001 34.4 20.200000000000003 31.400000000000002 51 28 9.200000000000001 27.6 21 46.800000000000004 22 8 17 60.400000000000006 0 0 0.2 0.6000000000000001 0.4 0.4 0.6000000000000001 0.6000000000000001 0 0.6000000000000001 0 0 0.2 0.6000000000000001 0 1 0.8 0.6000000000000001 0 0.2 0.2 0 0 0 0 0 0 0 0 0.6000000000000001 12.4 0 1.2000000000000002 1.6 0.6000000000000001 0 0 0.6000000000000001 0 0 0 0.4 0 0.6000000000000001 0.4 0.4 0 0 0.8 0.4 0.6000000000000001 14.600000000000001 0 0.6000000000000001 0 0 0 0.6000000000000001 0.4 0 0 7 3 0.4 7.4 4.4 1.6 11 13.4 2 0.2 3.8000000000000003 0 0 2.6 2.4000000000000004 1.8 6.800000000000001 0 1.8 2.4000000000000004 0 0 0 0 0 0 0.2 0 0 0 0 0 0 0 0 0 0 0 0.2 0 0 0 0 2.8000000000000003 0 0 0 0.4 0 0 0 0 0.2 0 0 0 0 0 0 0.2 0 0.4 0 0 0 0 0 0 0 0 0 0.4 0 0 0 0.2 0 0 0.4 0 6.4 3.8000000000000003 0.2 0 0 1 0 3.8000000000000003 2.2 0 3.2 1 2.4000000000000004 1 0.2 4.4 5.800000000000001 0 0 3 0 0 0 0 0 0 0 0 0 0 0 0 0 0 0 2.2 0 0 0 0 0 2.8000000000000003 0 0 0 2 0 0 0 0 0 0 0 0 0 0.4 0 0.4 0 0 0 0 0 0 0 0 0 0 0 0 0 0 0 0.2 0 0 0 0 0 0 0 0 0 0 0 0 0 0 0 0 0.4 0.8 0 0 0.2 0 0 0 0 0 0 0 4 0 0 0 0 0 0 0 0 0 0 0 0 0 1.6 3.8000000000000003 0 0 0 0 0 0 0 0.2 0 0 0 0 
 0.4 0.4 0 0 15.600000000000001 15 0 0 0 0.4 0 14.8 0 0 0 14.8 0.2 0 0 0 0 14.600000000000001 14.200000000000001 8.6 17.6 11 29.8 6.6000000000000005 32.6 6.6000000000000005 36 28.400000000000002 10.8 12 15.4 9.200000000000001 15.200000000000001 42 28.200000000000003 8 0 0 0 0 0.4 0 0.6000000000000001 0 0.6000000000000001 0 0.2 0 0.4 0 0.2 0 1.2000000000000002 1.2000000000000002 0 0 0 0 0 0 0 1.6 0 0.6000000000000001 0 0 0 0 0 0 0.4 0 0 0.6000000000000001 0 0 0 0 0 0 0 3.6 0 0 0 0 0.2 0 0 0 0 0 0 3.6 0 0 2.8000000000000003 2.2 0.6000000000000001 10.600000000000001 2 6.800000000000001 4.800000000000001 7 4.4 0 3.6 0.4 3.2 0 4.800000000000001 6.4 0 1.8 0 2.4000000000000004 0 0 0 0 0 0 0 0 0 0 3.6 0 3.8000000000000003 0.6000000000000001 0 0 0 0 0 0 0 0 0 0 0 0 0 0.2 0 0 0 0 0 0 1.2000000000000002 0 0 0 0 0 0 0 0 0 0 0 0 0 0 0 0 0 0 0 0 0 0 1.8 0 0 7.800000000000001 0 1.8 0 1.4000000000000001 0 4.6000000000000005 0 1.8 0 0 5.6000000000000005 0 2.2 1.6 0 1.8 0.2 0 2.4000000000000004 0 0 0 0 1.4000000000000001 0 0 0 0 2.6 0 0 0 0 0 0 0 0 0.2 0 0 0 0 0 0 0 0 0 0 0 0 1.2000000000000002 0 0 0 0 0 0 0 0 0 0 0 0 0 0 30.200000000000003 0 0 0 0 0 0 0 0 0 0 21.200000000000003 2.2 0 0 0 0 0 0 0 3.6 0 0 0 0 0 0 0 0 0 0 0 0 2.4000000000000004 0 0 0 0 0 0 0 0 0 0 
 0.2 0.4 0.4 0.8 0.4 0.6000000000000001 0.4 0.2 0.6000000000000001 0.8 0.6000000000000001 0.8 0.6000000000000001 0.6000000000000001 1 0.6000000000000001 0.4 0.2 0.4 0.2 14.600000000000001 0 67.4 42.800000000000004 24.8 21.400000000000002 17.2 34.6 26 6.800000000000001 10 23.400000000000002 11.600000000000001 16.6 10.200000000000001 5.800000000000001 40.2 7.4 29.200000000000003 9.600000000000001 0 0 0 0 0 0 0.6000000000000001 0 0.6000000000000001 0 0 0 0 0 0 0 0 0.6000000000000001 12.600000000000001 4.4 0 0 0 0 0.8 0 0 0.6000000000000001 0 0 0 0 0 0 4 0 0 0.6000000000000001 0 0 0 0 0 0 0 0 0 0 0 0 0 0 0 0 0 0 0 0 0 0 0.2 1.8 4 0.8 2.2 0.2 0.2 0 0.4 5.2 1.6 2.4000000000000004 0 1.6 0.2 1.6 0 1 0 0 0.8 0 0 0 0 0 5.2 0 2.2 0 1.4000000000000001 0 0.4 1.4000000000000001 0.2 0 0 0 7.6000000000000005 2.2 0 0 0 0 0 0 1.2000000000000002 2.2 0 1.8 0 0 0 0 0 0 0 0 0 0 0 0 0 0 0 0 0 0.2 0 0 0 0 3.2 0 0 0 0 2.2 0 0 0 2.4000000000000004 0.2 1 6.2 3.6 0 0 6 5.6000000000000005 4 0.2 1.4000000000000001 0 2.2 3 1.8 1.8 0 0 2.4000000000000004 2.8000000000000003 0 0 0 0 0 0 0 0 0 0 0 1.8 0.2 0 0 0 2.4000000000000004 5 0 0 0 0 0 0 0 0 0 0 0 0 0 0 0 0 0 0 0 0 0 0 2.4000000000000004 0 0 0 0 0 0 0.2 0 0 0 0 1.8 0 0 30.400000000000002 0 0 0.4 0.2 0 0 0 0 3.8000000000000003 0 0 0 0 0 0 0 0 0 0 0 0 1.6 0 0 0 0 0 0 3.6 0 0 0 
 0 0 0 0 0 0 0 0 0 0.2 0 0 0 0 0.4 0 0.4 0 0 0.6000000000000001 14.200000000000001 67.4 0 75.4 8.4 27.400000000000002 34.800000000000004 40.800000000000004 27.400000000000002 69.8 37.2 20 74.4 9.600000000000001 11.4 9.4 27.8 10.600000000000001 5.6000000000000005 6.6000000000000005 0 0 0 0 0 0 0.6000000000000001 0 0.4 0 0 0 12.4 0.2 0 0 0 0.6000000000000001 17.2 13 0 0 0 0 1.4000000000000001 0 0 0.6000000000000001 0 0 0 0 0 0 1 0 0 0.6000000000000001 9.8 0 0 0 0 0 0 0 0.2 0 0 0 0 0 0 0 0 0 0 0 0 0 0 0 0.2 4.6000000000000005 2.8000000000000003 6.4 0 1.8 3.4000000000000004 5.2 2.4000000000000004 3.8000000000000003 0 0 2.8000000000000003 4 0 0.2 0 0 0.2 0 1 0 0 0 4 0.2 3.6 0 3.6 0 4.800000000000001 3.2 3.2 0.2 0 0 2.2 5.2 0 0 0.6000000000000001 0 0 0 1.4000000000000001 0.4 0 0 0 0 0 0 0 0 0 0 0 0 0.2 0 0 0 0 0 0 0 0 0.2 0 0 0 4.2 0 0 0 0 0 0 0 0 0 2.4000000000000004 5.2 6 0 0 3.8000000000000003 1.8 4.2 0 0.2 0 3.4000000000000004 0 4.2 2.4000000000000004 0 0 3 1.8 0 0.4 0 0 0 0 0 0 0 0 0 0.2 0.2 0 2.4000000000000004 0 0 6 0 4.4 0 0 2.2 0 0.2 0 0 0 0 0 0 0 3 0 0 0 0 0 0 0 10.200000000000001 0 0 0 0 0 0 0 0 0 0 0 1.2000000000000002 0.4 0.2 36.2 1 0 0 0 0 0 0 0 2.8000000000000003 0 0 0 0 0 0 10.200000000000001 0 0 0 0 0 0.2 0 0 0 0 0 0 4.6000000000000005 0 0 0 
 0.4 0.4 22.400000000000002 0.4 0.4 15.8 0.4 0.4 0.4 0.4 1.2000000000000002 0.4 0.4 0.4 0.4 0.4 0.4 0.4 0.4 0.4 8.6 42.800000000000004 75.4 0 22.8 21 66.4 78.4 12.8 30.6 80.4 11.8 48.800000000000004 35.2 11.8 42.400000000000006 25.6 43.800000000000004 13.200000000000001 31.200000000000003 12.4 0 0 0.6000000000000001 0 0 0.6000000000000001 0 0.4 0 0 0 4.800000000000001 14 0 0 0 0.6000000000000001 0.2 0.2 0 0 0 0 0 0 0 0.6000000000000001 0 0 0 0 0 11 0.6000000000000001 0 0 0.6000000000000001 0 0 0 0 0 0 0 0 0 0.4 0 0 0 0 0 0 0 0 0 0 0 0 3.6 2 0.2 0 2.2 0.2 0.4 2.6 6.2 7 0.6000000000000001 1.2000000000000002 2.4000000000000004 0 2.6 1.8 0 3 0 2.6 0 0 2.2 0 0 0 0 2.8000000000000003 0 0 0 0 1.6 2.2 0 0 0 0 4.800000000000001 2.6 0 0 0 0 0 0 0 0.4 0 0 0 0 0 0 0 0 0 0.6000000000000001 0 0.2 0 0.4 0.8 0 0 0 0 1.2000000000000002 0 0 0 0 0 0 0.2 0 0 0 0.2 0 0 3.6 1.6 1.4000000000000001 1.8 1.6 3.4000000000000004 0.2 2 3.6 4 4 0.2 1.6 1 0.2 2.4000000000000004 10.200000000000001 7.2 0 1.6 0 0 0 0 0 3.6 0 0 0 0 0.2 9.200000000000001 0 0 4.4 0 0 7.2 4.2 0 0 0 0 0 0 0 0 0 0 0 0 0 0.2 0 0 0 0 0 0 0 0 0 0 0 0 0 0 0 0 0 0 0 0 2 0 0.2 0.2 0 0.4 0.4 0 0 0 0 0 0 0 0 0 0 0 0 0 0 0 0 0 0 1 0 3.8000000000000003 0 0 0 0 0 0 0 1.4000000000000001 
 0 0 0.4 0.4 0.4 0 0 0 5.2 0 0 0 0 0 0 0 0 17.6 0.8 0.4 17.6 24.8 8.4 22.8 0 32 52.6 17.400000000000002 36.4 34.2 22.400000000000002 66.60000000000001 12.4 16.6 69.4 70.2 11.8 37.4 8.200000000000001 19.200000000000003 0 6.2 19 0 0.6000000000000001 2.6 13.200000000000001 2.8000000000000003 0.4 0 0 0.6000000000000001 0 6.800000000000001 0 0 0 0.6000000000000001 12 37 0 0 0 0 0.6000000000000001 0 0 6.6000000000000005 0 0 0 0 0 0 0 0 0 0.6000000000000001 0.2 0 0 0 0 0 0 0 0 0 0 0 0 0 0 0 0 0 0 0 0 0 0 0 1 0 2.4000000000000004 1.6 0 0 0 1.8 2.2 9.200000000000001 0 0 0 0 1.6 2.2 0 0 6.2 4.6000000000000005 0 0 0 0 0 12.4 0 0 0 6 4.2 2.8000000000000003 3.6 2.2 2 0 3 4 0 0 0 0 0 0 1.4000000000000001 0.4 0 0 0 0 0 0 0 0 0 0 0 0 0 0 0 0 0 0 1.8 0 0 0 0 0 0 0 0 0 0 0 0 0 1.6 0 0 0 2.6 2 0.2 0 3 2.2 6 6 0 0 1.4000000000000001 4.6000000000000005 2.8000000000000003 2 0 0 2.4000000000000004 0.4 0 0 0 0 0 3.2 2 0 0.2 0 0.6000000000000001 0 5.2 3.6 2.8000000000000003 0 4 6.4 0 0 0 0 0 0 0 0 0 0 0 0 0 0 0 0 0 0 0 0 0 0 3.6 0 0 0 0 0 0 0.2 0 0 0 0 1.2000000000000002 0.6000000000000001 1 16 0 0 3 0 0 0 0 0 0 0 0 0 0 0 0 0 0 0 0 0 0 0 0 0 0 0 0 1.6 0 0 0 0 
 0.6000000000000001 0.6000000000000001 0.6000000000000001 0.6000000000000001 0.6000000000000001 1.2000000000000002 0.6000000000000001 0.6000000000000001 0.6000000000000001 1 1.2000000000000002 0.6000000000000001 0.6000000000000001 0.6000000000000001 0.6000000000000001 0.6000000000000001 0.6000000000000001 0.6000000000000001 0.6000000000000001 0.6000000000000001 11 21.400000000000002 27.400000000000002 21 32 0 3.6 7.800000000000001 21.8 31.400000000000002 34.2 25.400000000000002 9.200000000000001 52 9.200000000000001 13.4 11 81.60000000000001 9 7.2 0 0 12.600000000000001 0 1 0.8 0.6000000000000001 12.600000000000001 0.4 0 0.2 0 13.200000000000001 26.6 0.2 0 42 0.6000000000000001 12.8 0.2 0 0 0 0 0 0 0 0.6000000000000001 0 0 0 0 0 0 0.6000000000000001 0 0 0.6000000000000001 0 0 0 0 0 0 0 0 0 0 0 0 0 0 0 0 0 0 0 0 0 0 1.4000000000000001 0 2.4000000000000004 2.4000000000000004 4.2 4 0 0 0 5.4 9.4 0 0 0 0 2.8000000000000003 0 2 0 0 3.6 0 10.600000000000001 0 0 0 3 3.4000000000000004 0 0 3 0 0 10.600000000000001 4.800000000000001 4.2 2.6 1 3.6 0.2 0 0 2.4000000000000004 0.2 0 0 0.4 0.2 0 0 0 0 0 0 0 0 4.4 0 0 0 0 0 0.2 0 0 0 0 0 0 0 0 0 0 0 0 0 0 0 0 0 0 0.8 0 0 4.2 3.6 0 0 1 0 6.800000000000001 7 0 0.2 1 0 4.2 0 0 0 4.800000000000001 8 2.2 0 0 0 5 0 0 0 0 4.4 5.6000000000000005 2.6 6.2 6 2.4000000000000004 0 0.2 0 0 0 0 0 0 0 0 0 0.2 0 0.4 0 0 0 0 0 0 0 0 0 0 0 1 0 0 9.200000000000001 0 0 0 0 0 0 0 0 2 0.6000000000000001 0 1 0 0 0.4 0 0 0 0 0 2.4000000000000004 0 0 0 0 0 0 0 0 0 0 0 0 0 0 0 0 0 0 2.6 0 0 0 0 
 1 1 22.6 15.600000000000001 20.6 1 1 0.6000000000000001 1 0.8 15.8 4.800000000000001 1 0.6000000000000001 0.6000000000000001 0.6000000000000001 0.6000000000000001 0.8 0.6000000000000001 0.6000000000000001 29.8 17.2 34.800000000000004 66.4 52.6 3.6 0 35.2 13.4 9.200000000000001 32.800000000000004 23 18.8 21.200000000000003 76.80000000000001 45.6 34.4 28.6 33.6 31.200000000000003 0.4 0 0 0.8 0 0.6000000000000001 1.2000000000000002 0.6000000000000001 0.6000000000000001 0.4 0.4 0 0 0.2 0 0 1.8 1.4000000000000001 0.6000000000000001 0.4 0 0.2 0.6000000000000001 0 0 0 0 0.6000000000000001 0 0 10.200000000000001 0 0 4.4 0.4 0.4 0.4 0.8 0.4 0 0 0 0 0 0 2 0 0 0.2 0 0 2 0 0 0 0 0 0 0 0 0 0 9.8 2.6 0 0.6000000000000001 4.800000000000001 8.200000000000001 4.800000000000001 0 0 0 0 5.6000000000000005 4.4 2.8000000000000003 4.2 0.2 0.2 6.4 0 0 0 0 0 0 0 0 0 0 1.6 0 2.4000000000000004 0 0 0 0 2.4000000000000004 2.6 0 0 0 0 0 0.2 0 0 0.4 0 0 0 0 0 0 0 0 0 6.4 0 0 0 0 0 0 2.6 0 0 0 0.2 0 0.8 0.4 0 0 0 0 0 0.8 0 0 2.8000000000000003 4 2.2 2.6 0 0 4 8.4 0.2 14.4 0 8.4 3.2 0.2 5.4 5.6000000000000005 2.4000000000000004 0 2 1.8 0 0 0.4 0 0 0 0 0 0 0 0 0 0 0 0 0 0 0 4.800000000000001 2.4000000000000004 0 0 0.2 0 0 0 0 0 0 0 0 0 0 0 0 0 0 0 0 0 0 0 0.4 0 2.4000000000000004 0.4 0 0 14.600000000000001 0 0 0 0 0 4.6000000000000005 0 0.4 0 30.8 0 0.2 0 0.4 0 0 0 0 0 0 0 0 0 0 0 0 1 0 0 0 0 0 5.6000000000000005 0 0 0 0 0 0 0 0 
 0 0 0.8 17.400000000000002 15 22.400000000000002 0 0 0 0 4.800000000000001 0 0 0 0 0.4 0 0 0 0 6.6000000000000005 34.6 40.800000000000004 78.4 17.400000000000002 7.800000000000001 35.2 0 46.2 51.800000000000004 8.200000000000001 26.400000000000002 23 88.80000000000001 55.800000000000004 16.6 10.200000000000001 8.4 32.800000000000004 8 0 0 0 1 0 0 0.8 0.2 0.4 0.2 0 0 0 0 0 0 0.8 0.6000000000000001 0 12.8 9 0 0 0 0 0 0 0.6000000000000001 0.4 0 0 0 0 0.8 0.4 0 0 0.6000000000000001 0 0 0 0 0 0 0.6000000000000001 0 0 0 0 0.2 1.8 4.2 0 0 0 0 0 0 0 0.2 1.8 0.6000000000000001 2.8000000000000003 0 0 0 2.2 3.8000000000000003 2.8000000000000003 0.8 0.2 0.6000000000000001 0.6000000000000001 0 0 3.8000000000000003 2 2.8000000000000003 0 9.4 3 0 0 0 0.2 0 0.2 0.2 0 0 0 0.4 0 0 0 0 0 0 1.8 0 0 0 0 0 0 0 0 0.4 0 0 0 0 0 0 0 0 0 0 0 0 2 0 0 0 2.2 0 0 0 0 0 2.4000000000000004 0 0 0 0 0 2.6 0 0 0 0 1.2000000000000002 9.200000000000001 0 0 0 6.4 6.6000000000000005 4.2 1.8 4.6000000000000005 3.8000000000000003 2.2 1.6 0 9 0 2.4000000000000004 1.8 3.4000000000000004 0 0 0 0 0 0 0.2 0 0 0 0 0 0 0 0 0 0 0 4.6000000000000005 0 0 0 0 0 0 0 0 0 0 0 0 0 0 0 0 0 0 0 0 0 0 0 0 0 0 0.4 14.8 0 7 5.4 0 0 0 0 3 0 0.8 15.8 0 0 0 0 0 0 0 0 0.4 0 0 0 0 0 0 0 0 0.8 0 0.2 0 0 0 0 0 0 0 0 0 0 0 0.4 
 0.6000000000000001 1 0.6000000000000001 0.8 8.200000000000001 8.4 0.6000000000000001 0.6000000000000001 0.8 0.6000000000000001 0.6000000000000001 0.6000000000000001 1 0.6000000000000001 0.6000000000000001 0.6000000000000001 0.6000000000000001 0.6000000000000001 0.6000000000000001 0.6000000000000001 32.6 26 27.400000000000002 12.8 36.4 21.8 13.4 46.2 0 26.200000000000003 23.400000000000002 7.2 19.8 82.60000000000001 31.400000000000002 34.4 47.800000000000004 37.6 11.4 11 13.8 0 0.4 0 0.4 0 1.4000000000000001 0.6000000000000001 1 0.2 0.2 0 13.200000000000001 0.4 15.600000000000001 0 1.6 1 0.6000000000000001 24.8 0 0 0 0 0 0 0 0.6000000000000001 0 0 0 0 0 0 0.6000000000000001 0 0 0.6000000000000001 0 0 0 0.2 0 0 0 0 0 6.6000000000000005 0 0 0 0 0 0 0 0 0 0 0 0 0 0 2.6 0 6.4 2.2 0 0 1 7 9.200000000000001 0.2 10.4 0 2.8000000000000003 6.4 0 5.2 0 2.8000000000000003 0 0 0 0 0 0 2.4000000000000004 0 0.2 0 0 0 0 1.6 0.2 0 0 0 5.4 0 0 0 4.4 0 0 0 0.2 0.4 0 0.4 3.6 0 0 0 0 0 0 0 0 0 0 0 0 0 0 0 0 0 0 0 0 0 0 0 0 0 0 0 0 0 0.4 0 0 6.800000000000001 0.2 2.2 4.2 4 1.8 2 12 7.6000000000000005 0 0.8 2.8000000000000003 1.8 0.2 1 0 0 0.2 0 0 0 0 0 0 0 0 0 0.2 0 0 0 0 0.2 0 0 5.4 2.2 0.4 0 0 0 0 0 0 0 0 0 0 0 0 0 0 0 0 0 0 0 0 0 0 0 0 0.2 0 0 0 0 0 0 0 0 1.8 0 0 15 0 0.2 3.6 0 0 0 0 0 3.2 0 0 0 0 0 0 0 0 0 0 0 0 0 0 0 0 0 0 0 0 0 0 0 
 0 0 0 0 0 0.4 0 0 0 0 0 0 0 0.2 0 0 0.4 0 0 0 6.6000000000000005 6.800000000000001 69.8 30.6 34.2 31.400000000000002 9.200000000000001 51.800000000000004 26.200000000000003 0 17.2 30 10.200000000000001 75.8 15.600000000000001 26.6 14.200000000000001 41.2 18.8 15 4.4 0 0 0 0 0 0.6000000000000001 12.8 0.4 0 0 0 14 13.200000000000001 0 0 0 0.6000000000000001 43.6 0.4 0 0 0 0 1 0 0 0.6000000000000001 0 10.4 0 0 0 0 0.8 0 0 0.6000000000000001 0.2 0 0.2 0 0 0 1.6 0 0 0 0 0 0 0 0 0.4 0 0 0 0 0 0 1.4000000000000001 0.4 0.2 3 7 2.2 1.4000000000000001 2 0 0.6000000000000001 5.6000000000000005 0 0 0 0 0 0.4 2.8000000000000003 0 0 4 0 2 0 0 0 4.6000000000000005 2.6 3.4000000000000004 0 0 0 1.4000000000000001 2.6 3.8000000000000003 2.2 3 0 2 0 0 0 2.2 0 0 0 0.6000000000000001 0.2 0 0 0 0 0 0 0 0 3.6 0 0 0 0 0 0 0 0 0 0 0 0 3.2 0 0 0 0 0 0 0 0 0 0 3 1.4000000000000001 0 0 11.4 9.4 0 0 0 2.6 7.6000000000000005 8.4 1.4000000000000001 0 0 2.4000000000000004 1.6 5.800000000000001 0 0 3.2 1.8 0 0 0 0.4 1.8 0 0 0 0 0 3.4000000000000004 0.2 3.6 2 2.4000000000000004 0 6.4 5 0 0 0 0 0 0 0 0 0 0 0 0 0 0 0 0 0 0 0 0 0 0 1.2000000000000002 0 0 0.2 0 0 0 0 0 0 0 0 2 0 0 15.4 15.200000000000001 0 3.8000000000000003 0 0 0 0 0 2.8000000000000003 0 0 0 0 0 0 0 0 0 0 0 0 0 0 2.4000000000000004 0 0 0 3 4 0 0 0 
 0.8 0 0.4 0 0 0 0 14.8 0 0.6000000000000001 0 0.4 15 0 0 0 1.4000000000000001 0 0 0 36 10 37.2 80.4 22.400000000000002 34.2 32.800000000000004 8.200000000000001 23.400000000000002 17.2 0 12.200000000000001 53.6 37 40.800000000000004 44.2 69.2 37 6.6000000000000005 20 0 0 0.6000000000000001 0 0 0 1.2000000000000002 0 0.4 0 0 0 0.2 0.2 0 1 1.4000000000000001 0.6000000000000001 0 0 0 0 0 0 0 0 0 0.6000000000000001 0 0 0 0 0 0.2 0.8 0 0 0.6000000000000001 0.4 0 0 0 0 0 0 0 0 0 0.2 0 0 0 0.4 0 0 0 0 0 0 0 2.6 0 9.600000000000001 2.4000000000000004 5.4 2.6 0 0 6.4 2.8000000000000003 1.8 1.6 4 0 15.200000000000001 3.6 7.4 2 0 1.6 0 0 0 0 0 0 0 0 0 3 0 0 4.4 2 0 0 0 0 0 0 0 0 0 0 0.4 0 0 0.2 0 0 0 0 0 0 0 0 0 0.6000000000000001 0 0 0 0 0 0 0 0 0 0 0.2 0 0 0.2 0 0 0 0 0 0 0 0 3.6 2.4000000000000004 0 8.200000000000001 0 0.4 1.6 2.8000000000000003 0.8 4.4 0 4 2.6 2.4000000000000004 9.600000000000001 1.6 0 2.2 0 0 0 0 0.4 0 0 0 0 0 0 0 0 0 0 0 0 0 0 0 3 0 0 0 0 0 0 0 0 0 0 0 0 0 0 0 0 0 0 0 0.4 0 0 0 0.4 0 0 0 0 0 0 0 0 0 0 0 2.6 0 0.6000000000000001 0 31 0.8 0.4 0 0 0 0 0 0.2 0 0 0 0 0 0 0 0 0 0 0 0 0 0 3.6 0 0.2 0 0 0 0 0 0 
