 0 59.2 37.6 22.400000000000002 100.4 34.2 80.4 46.6 9.8 51.2 38.6 6.2 20.6 11.600000000000001 49.400000000000006 67.4 22.6 24.8 26.8 30.200000000000003 0.4 0 0.2 0 0.4 0.6000000000000001 0 0 0 0 0.6000000000000001 0 0 0 1.4000000000000001 0 0.4 0 18.2 0 0.4 0 0.4 0 0 0 0 0 0 0 0 0 0 0.6000000000000001 0 0 0.6000000000000001 0 0 0 0 0 0 0 0.6000000000000001 0.4 0 0 0 0 0.6000000000000001 0.2 0.4 0 0.8 0.6000000000000001 0 0 0 0 4.2 0 13.600000000000001 2 2 1.8 0.2 3.4000000000000004 2.8000000000000003 10.200000000000001 1.4000000000000001 6 8 2.4000000000000004 2 7.2 2.8000000000000003 12.200000000000001 0.2 4.6000000000000005 0 2 0 0 0 0 2 0 0 0 0 0 2 0 0 0 0 0 0 10 0 0 0.4 0 0 0 0 0 0 0 0 0 0 0 0 0 0 0 0 0 0.2 0 0 0 0 0 0 0 0 0 0.2 0 0 0 0 0 0 0 0 0 2.2 4.800000000000001 8.6 7.2 1.8 3.4000000000000004 3.2 10 2.4000000000000004 3.8000000000000003 1.8 5.4 0 5.800000000000001 5.2 2.4000000000000004 0 1.4000000000000001 15.200000000000001 0 0 0 0 0 0 0 0.4 0 0 0 0 0 3.2 0 0 0 0 0 10.600000000000001 0 0 0 0 0 0 0 0 0 0 0 0 0 0 0 0 0 0.4 0 0.2 0 0 0 0 0 0 0 0 0 0 0 0 0 0 0 0 0 0 0.4 0 0 0 0.4 0 0 0 0.2 19.6 0.2 0 0 0.4 3.6 0 0 0.2 0 0 0 0 0 0 0 0 0 0 0 0 0 0 0 0 0 0 0 0 0 2.6 0 0 0 0 0 0 0 0 0 0 0 0 0 
 59.2 0 38.800000000000004 14.600000000000001 54.800000000000004 8.200000000000001 54.400000000000006 14.600000000000001 75.2 52.400000000000006 104.4 7.6000000000000005 58.6 21.400000000000002 48.400000000000006 99.80000000000001 44.6 29 20.6 33.4 0.6000000000000001 0 0.4 0 0.4 0.6000000000000001 0.6000000000000001 0 0.2 0 1 0 0 0.4 0.4 0 0.2 0 10.200000000000001 0.4 0.4 0.4 0.2 0 0 0 0 14 0 0 0 12.600000000000001 0 0.6000000000000001 0 0 0.6000000000000001 0 0 0 0 0.2 0 0 0.4 0 0.4 0 0.2 0 0 10.200000000000001 1 0 0 0.6000000000000001 0 0 0.2 0 3.4000000000000004 1.2000000000000002 1.6 3 3.6 2.2 0 2.4000000000000004 3.4000000000000004 0 3.6 0 0 3.8000000000000003 5.6000000000000005 3 2.6 2.2 0 0.2 0 0 0 0 0 0 0.2 0 0 0 0 0 0 3.8000000000000003 0 6.4 0 0 3.8000000000000003 0 0 0 0 0 0 0 0 0 0 0 3.6 0 0 0 0 0 0 0 0 0 0 0 0 0 0 0 0 0 0 0 0 0 0 0 0 0 0 0 0 0 0 0.2 3.6 0 11 0 2 3 0 7.800000000000001 7 0.4 2.6 7.4 0 0 0.6000000000000001 3.8000000000000003 3.2 0 0 0 0 0 0 0 0 0 0 0 0 0 0 0 0 0 0 0 2.8000000000000003 0 0 0 0 0 0 0 0 0 0 0 0 0 0 0 0 0 0 0 0 0 0 0 0 0 0 0 0 0 0 0 0 0 0 0 0 0 0 0 0 0 0 1.4000000000000001 0 0 0 0.6000000000000001 0.2 0 0.2 0 4 1.6 0 0 0.4 0 0 0 0 0 0 0 0 0 0 0 0 0 0 0 0 0 0 0 0 0 2.2 3.2 0 0 0 0 0 0 0 0 0 0 0 0 
 37.6 38.800000000000004 0 18.400000000000002 9 17.2 53.6 39.400000000000006 42.800000000000004 35 50.2 9.4 27.200000000000003 10.600000000000001 42.6 29.200000000000003 47.800000000000004 20.200000000000003 5.4 11.4 0.6000000000000001 0 0 0 0.4 1 0 0 0.6000000000000001 0 0.6000000000000001 0 0.4 0.4 0.4 0 0 0 0 0.2 0.4 0.4 0 0 0 0 0 0.2 0 0 0 0.2 0 0.6000000000000001 0 0 0.6000000000000001 0 0 0 0 1 0 0 0.4 0 0 0 0 0 0 0.2 0.4 0 0 0.6000000000000001 0 0 0 0 6.4 4 2.4000000000000004 8 0 3.4000000000000004 0.2 6.800000000000001 6 3 9 7.800000000000001 2.8000000000000003 6.800000000000001 3.8000000000000003 5.800000000000001 3 0 2.2 6 0 0 0 0 0 0 2.2 0 0 0 0 0 2 0 0 0 0.2 0 4.4 2.4000000000000004 0 0 0 2 0 0 0 0 0 0 0 0 0 0 0 0 0 0 0 0 0 4.800000000000001 0 0 0 0 0 0 0 2.4000000000000004 0 0 0 0 0 0 0 0 0 0 2.6 1 2.6 0.8 1 0 0 5.6000000000000005 0.2 8.6 0.2 7.2 1 7.4 5.2 0 3.2 0 2.2 0 0 0 0 0 0 0 0 0 0 0 0 0 0 0 0 0 0 0 1.6 0 0 0 0 4.2 0 0 0 0 0 0 0 0 0 0 0 0 0 0 0 0 0 0 0 0 0 0 0 0 0 0 0 0 0 0 0 0 0 0 0 0 0 0 0 0 0 0 0 0 0.2 18 0 0 0.2 0 0 0 0 0 0 0 0 0 0 0 0 0 0 0 0 0.2 0 0 0 0.2 0 0 2.8000000000000003 3.2 0 0 0 0 0 0 0 0 0 0 0 0 
 22.400000000000002 14.600000000000001 18.400000000000002 0 18.8 84 14.4 38 52 56.6 97 24.200000000000003 10.200000000000001 13.200000000000001 46.800000000000004 11.200000000000001 72.2 70 17.400000000000002 9.4 0.4 0.6000000000000001 0 0.4 0.4 0.6000000000000001 0 28.8 0 0 0.6000000000000001 0 30 16.400000000000002 20.8 0 1 0.4 14.4 14.8 0.4 0 0 0 0 0.4 0 0.2 14.200000000000001 0 0 0.6000000000000001 0 0.6000000000000001 0 0 1 0.4 0.4 0 0 0 0 0 0.6000000000000001 0 0 0 0 0 0 0.2 0.4 0 0.6000000000000001 0.6000000000000001 0 0 0 0.2 0.4 0 4 2.2 6.4 4.6000000000000005 0 0 5.6000000000000005 4.800000000000001 4.2 0 0 0 0 0 3 9.4 2.8000000000000003 0 0 0 0 0 0 0 5.2 4.800000000000001 3.8000000000000003 0 0 0 2.2 5 0.6000000000000001 0.2 0 0 0.2 0 0 0 0 0 0 0 0 0 0 0 0 0 7.2 0 0 0 0 0 0 0 0 0 0 0 1 0 0 1.4000000000000001 0 0 0 0 0 1.2000000000000002 0 0 0 0 0 0 0 2 1.6 13 3.4000000000000004 7 0 0 1.6 0 0.2 7.2 0.2 0.4 0.2 3.8000000000000003 0 0 0 0 5 0 0 0 0 0.2 2.8000000000000003 2 0 0 0 0 5.2 0 1.8 0 0 0 2 1 0.2 0.4 0 0 0 0 0 0 0 0 0 0 0 3.6 0 0 0 0 0.4 0 0 0 0 0 0 0 0 0 0 0 0 0.2 0 0 0 2.8000000000000003 0 0 0 0 0 0.4 0 0 0 0 19 0 8.8 0.6000000000000001 0.8 1.6 0 0 0 0 0 0 0 0 0 0 0 0 0 0 0 0 0 0 0 0 0 0 0 4.6000000000000005 3.2 0 0 0 0 0 0 0 0 0 0 0 0 0 
 100.4 54.800000000000004 9 18.8 0 45.6 26.400000000000002 10 29.6 54.800000000000004 19.400000000000002 10.8 57.2 9.200000000000001 9 16.6 13 7.6000000000000005 58.800000000000004 11 15 0 0 0 0.4 0.6000000000000001 15.600000000000001 41.800000000000004 7.800000000000001 0 0.6000000000000001 0 29.400000000000002 39.400000000000006 5.800000000000001 15 0 0.2 7.4 15.4 1.4000000000000001 0.4 0 0 0 0 0 0 0.6000000000000001 0 0 0 0 1.8 0 0 0.6000000000000001 0 0 0.2 0 0 0 0 0.4 0 0 0 9 0 0 0.2 0.4 6.2 0 0.6000000000000001 0 0 0 0 3.2 0 3.6 2 0 0 0 0 0 5 0 2.6 0 0 0 0.2 3 4.4 0 0 0 0.2 0.2 0 0 0 7.6000000000000005 9.200000000000001 11.600000000000001 0 0 0 0.8 2.8000000000000003 2.8000000000000003 2.6 2 0 0.6000000000000001 0 0 0.2 0 0.4 2.6 0 0 2.2 0 0 0 0 0.2 0 0 0 0 0 0 0 1.2000000000000002 0 0 0 0 0 0.4 0.4 0 0 0 0 0 0.2 0 0 0 0 0 0 0 0 0 3.8000000000000003 6.4 3.4000000000000004 0 0 0 7.800000000000001 2.4000000000000004 2 0 0 2.2 0 0.2 0 0 0 7.6000000000000005 2.8000000000000003 4 0 0 0 2 14 2.6 0.4 2.6 0 2.6 6.800000000000001 5.2 0 6 0 2.4000000000000004 0.8 0.4 0 0 0 0 0 0 0 0 0 0 0 0 0 0 0 0 0 0 0 0 0 0 0 0 0 0 0 0 0 0 0 0 0 0 0 0 0 0 0 0 0 0 0 0 2 0.6000000000000001 0.8 0.2 17 0 2.6 0 0 0 0 0 0 0 0 0 2.4000000000000004 0.2 0 0 0 0.2 0 0 0 0 0 0 0 0 0 0 0 0 0 0 0 0 2.2 0 0.2 0 0 0 0 
 34.2 8.200000000000001 17.2 84 45.6 0 5.6000000000000005 37.6 23 53.6 52.2 27.6 4.2 25.200000000000003 27.400000000000002 36.6 52.6 19 6.4 8.4 0.6000000000000001 0.2 0.6000000000000001 0 0.4 0.6000000000000001 0 7.4 0 0.6000000000000001 0.6000000000000001 0.4 3.6 0 7.800000000000001 0 0 0 3.8000000000000003 0 1 0.4 0 0.6000000000000001 0 0.4 0 0.6000000000000001 0 0 0 0 0 0.6000000000000001 0.6000000000000001 1.6 1.6 0 0 0.8 1.2000000000000002 0 0.2 0 0.8 0 0 1.4000000000000001 8.4 0 0 0.2 0.4 0 0 0.6000000000000001 0 0 1 0.4 0 0 1.6 7.800000000000001 10.200000000000001 2.2 0 0 1.4000000000000001 7.2 4 4.2 0 0 0 2 2.8000000000000003 2 0 4.2 0 0 2 0 0 0 3.8000000000000003 0 0 0 0 0 2.6 0.2 0.2 0 0 0 0 15.600000000000001 0 0 0 0 0 0 0 0 0 0 0 0 3.8000000000000003 0 0 0 0 0 0 0 0 0 0 0 0 0 0 0 0 0 0 0 0 0 0 0 0.4 0 0 0 1 1.8 4.6000000000000005 6.800000000000001 0 5.4 0 0 5.800000000000001 0 5 2.8000000000000003 0 0 2.6 6.4 2.8000000000000003 0 0 0 0 3.4000000000000004 0 0 0 1 4 1.6 0 0 0 0 2.8000000000000003 0 2 0 0 0 7.2 1.8 0 0 0 0 0 0 0 0 0 0 0 0 0 0 0 0 0 0 0 0 0 0 0 0 0 0 0 0 0 0 0 0 0 0 0 0 0 0 0 0 0 0 0 0 0 0 1.2000000000000002 0 42.6 19.400000000000002 0 2.6 4.2 0 0 0 0 0 0 0 0 0 0 0 0 0 0 0 0 0 0 0 0 0 0 1.4000000000000001 3.2 0 0 0 0 0 0 0 0 0 0 0 0 0 
 80.4 54.400000000000006 53.6 14.4 26.400000000000002 5.6000000000000005 0 14.200000000000001 12.600000000000001 26.200000000000003 11.4 10 59.400000000000006 62.2 5.800000000000001 6 16.400000000000002 26.6 32 44.800000000000004 0.6000000000000001 0 0 0 0.4 0.6000000000000001 0 0 0 0 0.6000000000000001 10 0.2 0 0.4 0 0 0 0 0.4 0.4 0.4 0.4 0 0 0 0 0 0 0 12.8 0 0 0.6000000000000001 0 13 0.6000000000000001 0 0 0 0 0 0 0 0.4 1 0 0 0 0 0 0 0.4 0 0 0.6000000000000001 0 0 0 0 4 2.8000000000000003 6.2 0.6000000000000001 0 0 4 1.4000000000000001 0 8.8 0 5.6000000000000005 6 0.6000000000000001 2 0 4.2 3.8000000000000003 5.800000000000001 5.6000000000000005 0 0 0 0 0 4 0 0 0 0 0 0 3.8000000000000003 0 0 0 0 0 3.8000000000000003 4 0 0 0 0 0 0 0 0 0 0 0 0 0 0 0 0 0 1.6 0 1.4000000000000001 0 0 0 0 0 0 0 0 0 0 0 0 0 0 0 0 0.4 0 0 0 0 0 2.8000000000000003 8.6 2 0 4.2 5.4 0 3.6 0 1.4000000000000001 0.2 6 6.2 0 0.2 2.4000000000000004 7.6000000000000005 2 0 0 0 0 0 0 0 0 0 0 0 0 0 0 0 0 0 0 1.2000000000000002 0 0 0 0 0 0 1.4000000000000001 0 0 0 0 0 0.4 0 0 0 0 0 0 0 0 0 0 0 0 0 0 0 0 0 0 0 0 0 0 0 0 0 0 0 0 0 0 0 0 0 0 0 0 0 0.2 0 0.4 0 0 0 0 0 0 0 0 0 0 0 0 0 0 0 0 0 0 0 0 0 0 0 0 0 3.6 0 0 0 0 0 0 0 0 0 0 0 0 
 46.6 14.600000000000001 39.400000000000006 38 10 37.6 14.200000000000001 0 17.8 24 9.4 24.200000000000003 20 60.800000000000004 18.2 8.4 6 10.4 25.8 26.200000000000003 0.6000000000000001 0.4 0.4 0.6000000000000001 0.4 0.6000000000000001 0 0 0 0 1.4000000000000001 0.8 0.6000000000000001 0 0.4 0 0.6000000000000001 1 0 0.4 0.4 0.2 0.2 0 0 0.8 1.2000000000000002 0 0 0 6.2 0.4 0 0.6000000000000001 0 13 2.4000000000000004 0.8 1.4000000000000001 0 0 1 0 0 0.4 0 0 0 0.2 0.4 0 7.2 0.4 0 1.2000000000000002 6.6000000000000005 0 0 0 0.4 0.4 2 3.8000000000000003 3.2 4.6000000000000005 0.2 0.4 1.8 0 0.2 0.2 3 8.4 2.4000000000000004 2.6 3.8000000000000003 0 2.6 2.8000000000000003 1.8 0 0 0 0 0 0 0.6000000000000001 0 0 0 0 0 6 0 0 0 0 0 0 5 0 0 0 0 0 0 0 0 0 2.4000000000000004 0 0 0 0 0 0 0 0 0 0 0 0 0 0 0 0 0 0 0 0 0 0 0 0 0 0 0.2 0 0 0 5.4 5.4 6.800000000000001 0 0 1.6 4.6000000000000005 0 3 3 2.2 0.6000000000000001 1.2000000000000002 4 2 0 2 3 1.6 6.800000000000001 0 0 0 0 0 0 0 0 0 0 0 0 2 0 0.2 0 0 0 3.4000000000000004 1.4000000000000001 0 0 0 0 0 0 7.4 0 0 0 0 0 0 0 0 0 3.4000000000000004 0 0 0 0 0 0 0 0 0 0 0 0 0 0 0 0 0 0 0 0 0 0 0 0 0 0 0 0 0.4 0 0 0.4 0.4 0 0.6000000000000001 0 0 0.8 0 0 0 0 0 0 0 0 0 0 0 0 0 0 0 0 0 0 0 0 1.6 2.2 0 0 0 0 0 0 0 0 0 0 0 0 0 
 9.8 75.2 42.800000000000004 52 29.6 23 12.600000000000001 17.8 0 23.400000000000002 50.2 39.400000000000006 18.2 14.600000000000001 16.400000000000002 97.60000000000001 39.6 43.2 56.400000000000006 32.2 0.4 0 15 0 0.4 0.6000000000000001 0.2 0 0 0 0.8 0 14.600000000000001 0 0.4 0 41.800000000000004 0.2 0 0.2 0.4 0 0 0 0 12.8 0 0 0 0 0 0 0 0.6000000000000001 0 0 0.6000000000000001 1.4000000000000001 0 0 0 0.6000000000000001 0 0 0.6000000000000001 0 0 0 0 0 0 0.2 0.6000000000000001 0 0 0.6000000000000001 0 0 0 0 5.800000000000001 1.8 16.400000000000002 15.4 2.4000000000000004 3 0 0 2.2 3 6.6000000000000005 2.2 2.4000000000000004 1.8 1.4000000000000001 0 9.200000000000001 11 0.2 10.4 0.2 0 0 0 0 0 0 2.8000000000000003 1.6 0 0 0.2 5 0 0 0 0 0 2 1.4000000000000001 0 0 0 0 0 0 0 0 0 0 0 0.2 0 0 0 0 0 0 0 0 0 0 0 0 2.4000000000000004 0 0.2 0 0.4 0 0.2 0 0 0 0 0 0 0 0 0 0.2 2.4000000000000004 0 9.600000000000001 0 0 0.4 5.4 0 3 0.2 4.6000000000000005 0 3.8000000000000003 7.4 0 3.2 0 2.2 0 3.6 0 0 0 0 0 1.8 2.6 0 0 0 0 0 0 1.4000000000000001 0 0 0 4.4 4.6000000000000005 0 0 0 0 0 0 0 0 0 0 0 0 0 0 0 0 0 0 0 0 0.2 0 0 2 0 0 0 0 0 0 0 0 0 0 0 0 0 0 0 0 0 0 0 0 0 0.4 17.6 0 0 35 0.4 1.6 0 0 0 0 0 0 0 0 0 0 3.8000000000000003 0 0 0 0 0 0 0 0 0 0 0 0 1.2000000000000002 0 0 0 0 0 0 0 0 0 0 0 0 0 0 
 51.2 52.400000000000006 35 56.6 54.800000000000004 53.6 26.200000000000003 24 23.400000000000002 0 97.4 25.6 17.6 23.6 52.400000000000006 42.400000000000006 27.200000000000003 42.6 11.4 37.4 0.6000000000000001 0 0 0 0.4 0.6000000000000001 0.2 14.600000000000001 0 0 0.6000000000000001 0 15.600000000000001 3.4000000000000004 16.2 0 0.2 0 0.4 0.2 0.4 0.2 0 0 0 0 0 0.4 0 0 0.2 0 0 0.6000000000000001 0 0 0.6000000000000001 0 0 0 0 0 0 0 0.4 0 0 0 0 0 0 10.4 0.4 0 0 0.6000000000000001 0 0 0 0 7 1.4000000000000001 4.800000000000001 2 3.4000000000000004 2.6 0 4.4 1.8 12 2.2 6.6000000000000005 3 4.4 2.2 5.2 0 8 0.2 3.6 0 0 0 0 0 0 4.2 0 0.2 0 0 0 0 2.8000000000000003 0 0 2.8000000000000003 0 3.4000000000000004 0 0 0 0 0 0 0 0.2 0 0.2 0 0.2 0 0 0 0 0 0 0 0 0 0 0 0 0 0 0 0 0 0 0 0 0 0 0 0 0 0 0 0 0 0.2 3.4000000000000004 2.6 4.2 4.800000000000001 8.6 0 3.8000000000000003 3.4000000000000004 5.2 3.8000000000000003 6.2 5 5.800000000000001 1 0.2 0 0 3.8000000000000003 0 2.2 0 0 0 0 0 9 0.2 0 0 0 0 2.2 5.2 0 0 0 0 1.6 2.2 0 0 0 0 0 0 0 0 0 0 0 0 0.4 0 0 0 0 0 0 0 0 0 0 0 0 0 0 0 0 0 0 0 0 0 0 0 0 0 0 0 0 2.2 0 0 0 0.6000000000000001 1.2000000000000002 0 0.4 0.2 0 0.6000000000000001 0 0 0 0 0 0 0 0 0 0 11 0 0 0 0 0 0 0 0 0 0 0.2 0 0 3.4000000000000004 3.2 0 0 0 0 0 0 0 0 0 0 0 0 
 38.6 104.4 50.2 97 19.400000000000002 52.2 11.4 9.4 50.2 97.4 0 34.6 21.6 7.6000000000000005 22.8 32.6 56.2 9.4 39.6 9.4 6.2 0 0 0 0.4 0.6000000000000001 14.600000000000001 13.200000000000001 0.4 0 0.6000000000000001 0 0.2 15.200000000000001 5.4 0.8 0 0 14.600000000000001 0.2 0.4 0.6000000000000001 0 0 0 0 0 1.4000000000000001 0 0 13.200000000000001 0 0 0.6000000000000001 0 0 0.6000000000000001 0 0 0 0 0 0 0 8.6 0.2 0 0 0 0 0 6.6000000000000005 0.4 0 0 0.6000000000000001 0 0 0 0 3.2 3.2 0 2.6 10.600000000000001 4.4 0 2 6 2.6 4.6000000000000005 3.6 0 6.800000000000001 3 2.2 0 6.4 0 0.2 0 0 0 0 0 0 3 2.8000000000000003 3.8000000000000003 0 0 0 7.6000000000000005 3.8000000000000003 0.4 4.6000000000000005 0 1.8 6 4 0 0 0 0 0 2.2 0 0 0 0 0 0 2.2 1.6 0 0 0 0 0.4 0 0 0 0 0 0.4 0 0 0 0 0 0 0.4 0 0 0 0.4 0 0 0 0 0 2.2 3.2 0 5.4 5.2 0 0 0 3.6 3 3 3.6 3.4000000000000004 0 2.2 0 2.8000000000000003 0 0 2.2 0 0 0 0 0 0 2 0 2.4000000000000004 0 0 5.800000000000001 0 0.2 0 0.8 0 1.4000000000000001 0.6000000000000001 0 0 0 0 0 0.2 0 0 0 0 0.2 0 0 0 0 0 0 0 0 0 0 0 0 0 0 0 3.2 0 0 0 0 0 0 0.2 0 0 0 0 0 0 0 1.4000000000000001 0 0 0 0 17.400000000000002 0 17.8 0.4 3 2.2 0 0.8 0 0 0 0 0 0 0 0 0 0 0 0 0 0 0 0 0 0 0 0 0 0 5.2 3.6 0 0 0 0 0 0 0 0 0 0 0 0 
 6.2 7.6000000000000005 9.4 24.200000000000003 10.8 27.6 10 24.200000000000003 39.400000000000006 25.6 34.6 0 4.4 9.4 38.400000000000006 7.4 38.6 82.4 8.8 9.4 0.8 0.2 14.8 0.6000000000000001 0.6000000000000001 1 0 28.200000000000003 0.2 0.2 1 0.2 30.200000000000003 15.200000000000001 20.400000000000002 0 0.2 0.2 0 14.8 0.4 0 0 0 13.8 0 0 12.8 0 0 0 0 7.800000000000001 0.6000000000000001 0 8.200000000000001 0.6000000000000001 0 0 0 0.2 0.2 0 0 0.6000000000000001 0.4 0 0 0 0 0.8 0 0.4 0 0.2 0.6000000000000001 0 0 0 0 2.4000000000000004 0 5 3.4000000000000004 6.6000000000000005 2.6 0 0 0 2.6 3.8000000000000003 0.2 0 0 0 0.2 6.2 6.2 0.2 0 0 1.8 0.8 0 0 0 8 4.800000000000001 3.6 0 0 4.2 3.4000000000000004 2 0.8 0 1.8 0 0 3.4000000000000004 0 0 0 0.2 0 0 0 0 0 0 0 0 0.4 0 0 0 0 0 0 0 0 0 0 0 1.2000000000000002 0 0 3.6 0 0 0 0 0 1.6 0 0 0 0 0 0 0 0 0 4 1.2000000000000002 5.2 0 0 0 0 0 2.6 0 0 0 0 0 0.4 0 0 8.4 1 0 0 1.8 0 3.8000000000000003 0 0 0 0 0 4 0 2.4000000000000004 0 1.8 0 3.2 0.8 0 0 0 0 0 0 0 0 0 0 0 0 0 0 0 0 0 0 0 0 0 0 0 0 0 0 0 0 0 0 0 0 0 0 0 0 0 0 0.2 0 0 0 0 0 0 1 8.8 0 0.2 0 0 1 0 0 0 0 0 0 0.2 0 0 0 0 0 0 0 0.4 0 0 0 0 0 0 0 0 2.4000000000000004 2.8000000000000003 0 0 0 0 0 0 0 0 0 0 0 0 0 
 20.6 58.6 27.200000000000003 10.200000000000001 57.2 4.2 59.400000000000006 20 18.2 17.6 21.6 4.4 0 48.800000000000004 26.200000000000003 25 29.400000000000002 7.800000000000001 45.6 19.6 0.6000000000000001 0 0 2 0.8 1.2000000000000002 0.2 0 0 0 1 0.6000000000000001 0.4 0.6000000000000001 0.4 0 0.8 0.4 0 0.4 0.6000000000000001 0.2 0.4 0 0 0.4 0.2 0 1.4000000000000001 0 2 0.6000000000000001 0.8 1 0 0 1.6 0.2 1.4000000000000001 0.2 0 0 0 0.2 1.6 0.8 0.8 0 0 1.2000000000000002 5.800000000000001 0.4 0.4 0 0 8 0 0 0 0 0 3.8000000000000003 0 0.4 0 0 3.8000000000000003 2.6 0 0.4 1.4000000000000001 2 2.8000000000000003 2.8000000000000003 7 3.4000000000000004 4.6000000000000005 2 4.800000000000001 2 0 0 0 0 0 3.4000000000000004 0 0 0 0 0 0 0.4 0 0 0 0 0 1.8 0.2 0 3 0 0 0 0 0 0 0 0 0 0 0 0 0 0 0 0.4 0 0 0 0 0 0 0 0 0 0 0 0 0 0 0 0 0 0 0 0 0 0 0.6000000000000001 0 0.2 0 2 0 6.2 0.8 0 3.2 0 0 1 8.8 7 0 0.2 2 4.4 2.6 0 2.8000000000000003 0 0 0 0 0 0 0 0 0 0 0.2 0 0 0 0 0 1.6 0 0 0.2 0 0 0 0 0 0 0.2 0 0 0 0 0 0.4 0 0 0 0 0 0 0 0 0 0 0 0 0 0 0 0 0.2 0 0 0 0 0 0 3 0.2 0 0 0 0 0.4 0.2 0.2 0.4 0.6000000000000001 0.2 0 4.4 6.4 0 0 0 0 0 0 0 0.4 0 0 0 0 0 0 0 0 0 0 0 0 0 0 0 0 2 0 0 0 0 0 0 0 0 0 0 0 0 
 11.600000000000001 21.400000000000002 10.600000000000001 13.200000000000001 9.200000000000001 25.200000000000003 62.2 60.800000000000004 14.600000000000001 23.6 7.6000000000000005 9.4 48.800000000000004 0 55.400000000000006 27 46.6 6.800000000000001 54.2 38.2 1 0.4 0.2 0 0.4 0.6000000000000001 0 0 0 0.6000000000000001 1.8 0 0.2 0 0.4 0 0.2 0 15.600000000000001 0 0.4 0.6000000000000001 0.4 0 0 0 0 0.8 0 0 0 12.600000000000001 0 0.6000000000000001 0 0 6.6000000000000005 0 0 0 0 0 0 4 0.6000000000000001 1.8 0 0.4 0 0 0.2 0.8 0.4 0 0 0.6000000000000001 0 0 0 0.6000000000000001 6.2 3.4000000000000004 0 0 2 2.2 1.4000000000000001 0.4 3 5.2 0 0 2.6 0.2 0 0 2.8000000000000003 2.8000000000000003 0 1.8 0 0 0 0 0 0 0 0 0 0 0 0 0 0 0 0 0 0 0 0 0 0 0 0 0 0 0 0 0.4 0 0.2 0 0 0 0 0 0 0 0 0 0 0 0 0 0 0 0 0 0 0 0 0 0 0 0 0 0 0 0 0 1.8 3.8000000000000003 3.6 2 1.8 1.2000000000000002 7 2.8000000000000003 4.800000000000001 0 0 14.200000000000001 0 0 2.6 2.4000000000000004 2 5.800000000000001 6 0.8 0 0 0 0 0 0 0 0.4 0 0.4 0 0 0 0 0 0 0 0 0.6000000000000001 0 0 0 0 0.2 0 0 0.2 0 0 0 0 0 0.4 0 0 0 0 0 0 0 0 0 0 0 0 0 0 1.8 0 0 0 0 0 0 0 0 0 0 0 0 0 0 0 0 0 0 17.6 0 0 0 0 2.8000000000000003 0 0 0.2 0 0 0 0 0 0 0 0 0 0 0 0 0 0 0 0 0 0 0 0 0 0 0 0 0 0 0 0 0 0 0 0 0 0 0 
 49.400000000000006 48.400000000000006 42.6 46.800000000000004 9 27.400000000000002 5.800000000000001 18.2 16.400000000000002 52.400000000000006 22.8 38.400000000000006 26.200000000000003 55.400000000000006 0 69.2 7 24.6 48 34.6 0.6000000000000001 0 0 0 0.6000000000000001 0.6000000000000001 0 0 0 0 1 0 0.2 0 0.4 0 0 0 8.200000000000001 0 0.4 0.4 0.4 0 5.6000000000000005 0 0 0 6.6000000000000005 0 0.4 0 0 0.6000000000000001 0 0 0.6000000000000001 0 0 0 0 0 0 0 0.4 0.2 0 0 0 0 0 0.2 0.4 0 0 0.6000000000000001 0 0 0 0 0 6.2 1.8 6.2 5.2 0 2.4000000000000004 0 4 6.6000000000000005 1.8 1 0 0.2 3.4000000000000004 8.200000000000001 3.8000000000000003 0 0 1.8 0 0 0 0 0 0 2.6 0 0 0 0 0 12.600000000000001 0 0.2 0 0 0.4 2.8000000000000003 0 0 0 0.4 0 0 0 0 0 0 0 0 0.4 0 0 0 0 0 0 0 0 0 0 0 0 0 0 0 0 0.2 0 0 0 0 0 0 0 0 0 0 0 0 2 11 2.4000000000000004 1.4000000000000001 0 5.4 5 5.800000000000001 0.8 0 0 8 1.8 0 5.2 5.4 2.2 3.2 0.8 0 0 0 0 0 0 0.4 0 0 0 0 0 0 0 0 0 0 0 2 0.2 0 0 0 0 0 0 0 0 0 0 0 0 0 0 0 0 0.4 0 0 0 0 0 0 0 0 0 0 0.4 0 0 0 0 0 0 0 0 0 0.4 0 0 0 0 0 0 0 0 0.2 0.4 0 0.2 0.4 1.8 0 0 0 0 0 0 0 0 0 0 0 0 0 0 0 0 0 0 0 0 0 0 0 0 2.8000000000000003 2.8000000000000003 0 0 0 0 0 0 0 0 0 0 0 0 
 67.4 99.80000000000001 29.200000000000003 11.200000000000001 16.6 36.6 6 8.4 97.60000000000001 42.400000000000006 32.6 7.4 25 27 69.2 0 65.2 36.4 30.400000000000002 41.800000000000004 0.6000000000000001 0 0 0 0.4 0.6000000000000001 0.2 0 0 0 0.8 0 0 0 0.4 0 0.2 0 4 0.2 0.4 0 0.4 0 0 0 0 0 0 0.2 0.2 0 0 0.6000000000000001 0 0 0.6000000000000001 0 0 0 0 0 0 0 0.6000000000000001 0 0 0 0 0 0 0 0.4 0 0 0.6000000000000001 0 0 0 0 3.8000000000000003 3.8000000000000003 5.4 10.600000000000001 0 2.4000000000000004 0 0 16.2 7.6000000000000005 2.8000000000000003 1.6 6.4 6.800000000000001 5 5.800000000000001 5.800000000000001 0.2 0 7.4 0 0 0 0 0 0 0 0 0.2 0.4 0.4 0 0 2.6 0 2.6 0 0 2.4000000000000004 0 0 0 0 0 0 0 0 0 0 0.2 0 0 0 0 0 0 0 0 0 0 0 0 0 0 0 0 0 0 0 0.2 0 0 0 0 3 0 0 0 0 0 0 0 3.8000000000000003 0.2 3.6 0 2.8000000000000003 20.6 0 3 2.6 0 3.6 3.4000000000000004 2 4.2 9 8.8 4.4 0.2 0 0 0 0 0 0 0 0 0 0 0.2 0.2 0 0 0 0 0 0 4.4 0 0 0 0 0 0 0 0 0 0 0 0 0 0 0 2.4000000000000004 0 0 0 0 0 0 0 0 0 0 0 0 0 0 0 0 0 0 0 0 0 0 0 0 0 0 0 0 0 0 0.8 0 0 0.4 0 3 7.800000000000001 0 0 0 0 0 0 0 0 0 0 0 0 0 0 0 0 0 0 0 0 0 0 0 0 2.2 0 0 0 0 0 0 0 0 0 0 0 0 0 
 22.6 44.6 47.800000000000004 72.2 13 52.6 16.400000000000002 6 39.6 27.200000000000003 56.2 38.6 29.400000000000002 46.6 7 65.2 0 85.60000000000001 28.400000000000002 7.6000000000000005 0 1 0 0.6000000000000001 0 1.2000000000000002 0.4 15 0 0.4 0 0 30.200000000000003 0.4 15.4 0 0.8 0.6000000000000001 0.8 0.2 0 0.2 0 0 0.4 0.4 0.4 0 0 0 0 0.4 0 0.4 0 0 2 0.6000000000000001 2 0 0 0 0 0 0 0.2 0 0.6000000000000001 1.2000000000000002 0 0.2 0.6000000000000001 0 0 2 0 0 0 0 0.4 2.6 5.800000000000001 3.4000000000000004 6.2 7.4 3.6 0 2 7.6000000000000005 0 9.600000000000001 3 0 4 6.800000000000001 0.2 7.4 2 0 2.8000000000000003 0 0 0 0 0 0 1.6 2.6 4 0 0 0 20 2.8000000000000003 0 0 0 0 5.2 4.800000000000001 0 0 0 0 0 0 0 0 0 0 0 0 0 0 0 0 0 0 0 0 0 0 0 0 0 0 0 0 0 0 0 0 0 0 0 0 0 0 0 0 0 2.6 10 2.6 1.2000000000000002 2.2 0 1.4000000000000001 3.6 3.8000000000000003 3 3.8000000000000003 0 5.800000000000001 2 8 2.4000000000000004 0 0 0.2 1.4000000000000001 0 0 0 0 0 3.6 4.800000000000001 0 0 0 0 0 0 3 0 0 0 2.2 0 0 0 0.2 0 0 0 0 0 0 0 0 0 0 0 0 0 0 0 0 0 0 0 0 1.4000000000000001 0 0 0 0 0 0 0 0 0 0 0 0 0 0 0 0 0 0 0 0 0 0.2 0 0 11.8 20.6 0.4 1 3 0 0 0 0 0 0 0 0 0 0 0 0 0 0 0 0 0 0 0 0 0 0 0 0.2 2.8000000000000003 0 0 0 0 0 0 0 0 0 0 0 0 
 24.8 29 20.200000000000003 70 7.6000000000000005 19 26.6 10.4 43.2 42.6 9.4 82.4 7.800000000000001 6.800000000000001 24.6 36.4 85.60000000000001 0 64.8 34.2 0.6000000000000001 0.4 0 0 0.4 1 0.4 0.2 0 0 0.6000000000000001 0 25.200000000000003 3.8000000000000003 0.6000000000000001 0.4 0.2 0 0.4 0.2 0.4 0.8 0 0 0 0 0 0 0 0 0 0 0 0.6000000000000001 0 0.2 0.6000000000000001 0 0 0 0 0 0 0 0.4 0 0 1.4000000000000001 0 0 0 6.800000000000001 0.4 0 0 0.6000000000000001 6.4 0 0 0 0.2 2 5.4 4.2 7.6000000000000005 0 3.8000000000000003 3 1.6 7.800000000000001 15.600000000000001 5 8 4 1.8 3 6.6000000000000005 5.2 4.4 9.200000000000001 0 0 0 0 0 0 0.2 2.6 1.6 0.2 0.2 0 3.2 1 0 0 1.6 0 0.2 0.2 0 0 0 0 0.4 0 0 0 0 0.4 0 0 0 0 0 0 0 0 0 0 0 0.4 0 0 0 0 0 0 0 0.4 0 0 0 0 0 0 0 0.4 0 0 5.2 0 0.2 0.2 0.2 0 0 9.600000000000001 0.2 0 0.6000000000000001 1.4000000000000001 2.6 5.2 6.2 3 2.4000000000000004 0.2 7.2 0.4 3.6 0 0 0 0 0 4 3.4000000000000004 0 0 0.4 0.4 2 2.4000000000000004 1.4000000000000001 0 0 0 15.4 0 0 0 0 0 0 0 0 0 0 0.2 0 0 0 0 0 0 0 0 0 0 0 0.2 0 0 0 0 0 0 0 0 0 0 0.4 3 0 0 0 0 0 0 0 0 0 0 0 0 0.4 0 0.6000000000000001 17.6 0 0 0.2 0 0 0 0 0 0 0 0 0 0 0 0 0 0 0 0 0 0 0 0 0 0 0 0 1.6 0 0 0 0 0 0 0 0 0 0 0 0 
 26.8 20.6 5.4 17.400000000000002 58.800000000000004 6.4 32 25.8 56.400000000000006 11.4 39.6 8.8 45.6 54.2 48 30.400000000000002 28.400000000000002 64.8 0 17 0.6000000000000001 0 0.4 0 0.6000000000000001 0.6000000000000001 0 0.2 0 0 1 0.4 0 0 0.4 0 0.2 0 0 0.4 0.4 0 0.2 0 0 0 0 0 0 0 0.8 0 0 0.6000000000000001 0 0 0.6000000000000001 0 0 0 0 0 0 0 0.6000000000000001 0.2 0 0 0 0 0 0 0.6000000000000001 0 0 10.200000000000001 0 0 0 0 2.2 1.4000000000000001 8 2.2 3.4000000000000004 0 0 0.8 0 0 3.8000000000000003 0.2 6.800000000000001 0 6.800000000000001 0.4 3.2 4 2.8000000000000003 0.4 0 0 0 0 0 0 2 1.8 0 0 0 0 2.2 0 0 0 0 0 0 0 0 1.4000000000000001 0 0 0 0 0 0 0 0 0 0 0 0 0 0 0 0 0 0 0.4 0 0 0 0 0 0 0 0 0 0 0 0 1.8 0 0 0 0 0 0 1.2000000000000002 0 0 0 0 0 4 4.4 0 0 0 0 0 0 0 0.2 0 5.800000000000001 5.2 2.8000000000000003 0 0 0 1.8 0 0 2 0 0 0 0 0 0.2 0 0 0 0 0 4.6000000000000005 0.2 0 0 0 0 0 0 0 0 0 0 0 0 0 0 0 0 0 0 0.2 0 0 0 0 0 0 0 0 0 0 0 0 0 0 0 0 0 0.4 0 0 0 0 0.2 0 0 0 0.4 0 0 0 0.4 0 2.4000000000000004 0 0 0.4 0 0 0 0 0 0 0 0 0 0 0 0 0 0 0 0 0 0 0 0 0 2.8000000000000003 0 0 0 0 0 0 0 0 0 0 0 0 0 
 30.200000000000003 33.4 11.4 9.4 11 8.4 44.800000000000004 26.200000000000003 32.2 37.4 9.4 9.4 19.6 38.2 34.6 41.800000000000004 7.6000000000000005 34.2 17 0 0.6000000000000001 0 0 0 0.4 0.6000000000000001 0.2 0.2 0 0 0.6000000000000001 0 0.2 0 0.4 0 0.2 0 0 0.2 0.4 12.8 0.2 0 0 0 0 0 0 0 0 0 0 0.6000000000000001 0 0 0.6000000000000001 0 0 0 0 0.6000000000000001 0 0 0.4 0 0 0 0 0 0 0 0.4 0 0 0.6000000000000001 0 0 0 0 2.6 4 3.8000000000000003 3.8000000000000003 0.4 0 2 5.4 3.2 1.8 4.800000000000001 2.4000000000000004 9.8 7.4 7.2 1 3.4000000000000004 0 3.8000000000000003 9.4 0 0 0 0 0 0 0 0 0 0 0 0 0 0 0 0 0 0 0 0 0 0 0 0 0 0 0.2 0 0 1.8 0 0 0 0 0 0 0 0 0 0 0 0 0 0 0 0 0 0 0 0 0 0 0 0 0 0 0 0 0 0 2.6 0 0.6000000000000001 0 0 0 0.6000000000000001 9.4 0 0 0 2.2 4 4.800000000000001 4 3 2.4000000000000004 2.8000000000000003 5 0 0 0 0 0 0 0 0 0 0 0 0 0 0 0 0 0 0 0 0 0 0 0 0 0.2 0 0 0 0 0 0 0 3 0 0 0 0 0 0 0 0 0 0 0 0 0 0 0 0 0 0.4 0 0 0 0 0 0 0 0 0 0 0 0 0 0 0 0.4 0.2 0 0 0 0.4 1.4000000000000001 0 0 0 0 0 0 0 0 0 0 0 0 0 0 0 0 0 0 0 0 0 0 0 1.8 0 0 0 0 0 0 0 0 0 0 0 0 0 0 
 0.4 0.6000000000000001 0.6000000000000001 0.4 15 0.6000000000000001 0.6000000000000001 0.6000000000000001 0.4 0.6000000000000001 6.2 0.8 0.6000000000000001 1 0.6000000000000001 0.6000000000000001 0 0.6000000000000001 0.6000000000000001 0.6000000000000001 0 30.400000000000002 51.400000000000006 11.600000000000001 50.400000000000006 5.4 38.400000000000006 31.6 20.6 101.4 22.6 5.2 26 49.800000000000004 25.400000000000002 55 25 74.2 83.4 53.2 0.6000000000000001 0.4 0 0.6000000000000001 0 1.4000000000000001 0 1 0 0 12.600000000000001 0.4 0 0 13.4 0 0 0 0 0 0.6000000000000001 0 0 0 0 1 0 0.2 0.4 0 0 0.8 0 0.6000000000000001 0 0 0 0.6000000000000001 0 0 0 0 0 0 0 1 0 0 0 0 0 0 0 0 0 0 0 0 0 0 4.6000000000000005 3.4000000000000004 5 17 0 0 1.6 2 0 3 0.2 0 0 5.2 6.6000000000000005 3 0 0 1.8 0 0 0 0 0 0 0 0 0 0 0 0 0 0 0 0 0 0 0 0 0 1 0 0 0 0 0 0.8 0.4 0 0 0 0 0 1.4000000000000001 0 0 0 0 0 0 0 0 0 0 0.2 0 0 3.2 0 0 0 0 0.2 0 0 1 0 0 0 0 4.800000000000001 0 4.800000000000001 6.6000000000000005 0 1.2000000000000002 0 0 3 10 20.8 0 3.4000000000000004 3 0 0 17.400000000000002 4 0 14.8 0 0 0 0 0 0 0 0 0 0 0 0 0 0 0 0 0 0 0.2 0 0 0 0 0 0 0 0 0 0 0 0 0 0 0 0 0 0 0 0 0 0 0 2.8000000000000003 0 0 0 0 0 0 0 0 0 0 0 0.4 0 0 16.2 0 0 1.4000000000000001 2.4000000000000004 0 0 0 0 0 0 0 0 0 0 0 0 0 0 0 0 0 4.2 0 2.2 0 0 0 3.2 0 0 0 0 
 0 0 0 0.6000000000000001 0 0.2 0 0.4 0 0 0 0.2 0 0.4 0 0 1 0.4 0 0 30.400000000000002 0 84.60000000000001 25.6 21.200000000000003 6.800000000000001 43.6 50.400000000000006 33.4 30.6 22.200000000000003 21 12.200000000000001 54.6 70.8 93.4 29.6 101.80000000000001 13 24.400000000000002 0.6000000000000001 0.6000000000000001 0 0.6000000000000001 0 0.8 0 1 0 0 0 0 0 0 0 0 0 0 0 6.4 2 0 0 0 0 0.4 7.6000000000000005 0.4 0.4 0 0.2 1 0 0.6000000000000001 0 0 0 0 0 0.6000000000000001 0 0 0 0 0 0 0 0 0 0 0 0 0 0 0 0.2 3 0 0 0 0 8 12.4 4.4 4 1.8 0 0 0.2 1.4000000000000001 5.4 2.2 0 9 4.4 3.8000000000000003 1.6 6.6000000000000005 2 0.4 0 0 0 0 0 0 1.4000000000000001 0 0 0 0 0.2 4.4 0.2 0 0 0 0 0 0 0 0 0 0 0 0 0 0 0 0 0 0 0 0 0 0 0 0 0 0 0 0 0 2.4000000000000004 1.6 0 0 0 0 0 0 0 0 5.800000000000001 0 0 0 0 0 0.2 0 5 0.2 4.2 2.2 9.8 0.2 2.2 1.2000000000000002 0 7 1.6 0.4 0.6000000000000001 0.2 4.4 0 0 0 2.6 1.8 0 0 0 0 0 2.6 0 0 0 0 0 0 0.4 0 0 0 0 1.4000000000000001 3.6 0 0 0 0 0 0.2 0 0 0 0 0 0 0 0 0 0 0 0 0 0 0 0 3.2 0 0 0 0 0 0 0 0 0 0 0 2.4000000000000004 0.4 0 0 16.6 0 0.2 0.2 0 0 0 0 0 0 12.200000000000001 0 0 0 0 0 0 0 0 0 0 2.6 0 2 0 0 0 1.4000000000000001 0 0 0 0 
 0.2 0.4 0 0 0 0.6000000000000001 0 0.4 15 0 0 14.8 0 0.2 0 0 0 0 0.4 0 51.400000000000006 84.60000000000001 0 23.8 25 24.6 16.2 69.60000000000001 18.8 71.4 54 107.4 23.200000000000003 13.4 115.80000000000001 39.6 15 65.2 7 52.400000000000006 0.6000000000000001 0 0 1 0 1.2000000000000002 0 0.6000000000000001 0 0.6000000000000001 0.4 0 12.8 0 12.600000000000001 0.6000000000000001 0.6000000000000001 0 12.4 0 0.6000000000000001 0 0 0 0.6000000000000001 0.4 0 0 0 0 0.6000000000000001 1 0 6.2 0 0 0 0.4 0 0 0 0 0 0 4 0 0 0 0 0 0 0 0 0.4 0 0 0 0 0 0 2 2.6 2.4000000000000004 5.6000000000000005 0 2.4000000000000004 0 0.2 0 0 0 3.8000000000000003 1.8 2.6 2.8000000000000003 3 1.4000000000000001 2.4000000000000004 2.2 6.6000000000000005 2.4000000000000004 0 0 0 0 0 0 0.2 0 0 0 1.6 1.8 0 0 0 0 0 0 0 0 0 0 0 0.2 0 0 0 0 0 0 0 0 0 0 0 0 0 0 0 0 0 0 0 0 0 0 0 0 0 1.2000000000000002 0 0 0 0 0 0 0 0 0 0 1.8 5.800000000000001 2.6 1.4000000000000001 1.6 2.8000000000000003 0.4 4.2 0.4 4.4 2.4000000000000004 1.8 0.4 4.800000000000001 3.2 8.4 0 1.8 7.4 0 0 0.2 0 0 0 0 0 0 0 0 0 0 2.2 9.4 0 2.2 0 2 0 0 0 3.4000000000000004 0.4 0 0 0 0 0 0 0 0.2 0.4 0 3 0.2 0 0 0 0 0 0 1.6 0 0 0.4 0 0 0 0 0 0 0 0 5 0.4 0 8.8 0 0.4 0 0 0 0 0 0 0 0 0 0 0 0 0 0 0 0 0 0 0 0 0 2.6 0 0 0 0 0 0 0 0 
 0 0 0 0.4 0 0 0 0.6000000000000001 0 0 0 0.6000000000000001 2 0 0 0 0.6000000000000001 0 0 0 11.600000000000001 25.6 23.8 0 42.2 29.400000000000002 18 23.400000000000002 33.4 23.6 43 38 15.4 16.8 47.6 57.800000000000004 26.400000000000002 9.4 19.400000000000002 8.8 0.6000000000000001 0 0 0.6000000000000001 0 0 0 0.6000000000000001 0 0 0 4.6000000000000005 12.600000000000001 0 0 0 0 0 0.4 0.2 1.2000000000000002 0 0 0 0 0.4 0 0 8 0 0.2 0.2 0 0.6000000000000001 13 0.2 0 0 1.2000000000000002 10.600000000000001 0 0.2 0 0 0 0 0 0 0.2 0 0 0 0 0 2.6 0 0 0 0 0 3.4000000000000004 0 0.4 0 7.2 1.8 0 0 0 3.6 5.4 3.2 0 0 0 1.4000000000000001 0 6.6000000000000005 0 0 1.2000000000000002 4.2 1.4000000000000001 0 0 0 9.4 0.2 2.4000000000000004 0 0 0 2 5.800000000000001 1.4000000000000001 0 0 0 7.6000000000000005 0.4 0 0 0 0 0 0.2 0 0 0 0 0 0 0 0 0 0 0 0 0 0 0 0 0 0.4 0.2 0 3.6 0 0 0 0 0 0.4 0 0 0 0.2 0 0.4 1.2000000000000002 0 0.2 1.6 1.8 0.2 2.6 0 0 6.800000000000001 4 0.4 12.200000000000001 0 0 0 2.2 8 4.4 4 0 5.2 0 0 0 0 0.2 6 0 0 0 0 0 2 4.4 6.2 4.2 0 0 0 5.800000000000001 0 0 0 0 0 0 0 0 0 0 0 0 0 0.2 0 0 0 0 0 0 0 0 0 0 0 0 0 0 0 0 0 0 0 0.4 2.4000000000000004 0.2 0.4 15.200000000000001 0.8 4 0.4 0 0 0 0 0 0.8 0 0 0 0 0 0 0 0 0 0 0 0 0 0 0 0 0 0 0 0.4 0 0 0 
 0.4 0.4 0.4 0.4 0.4 0.4 0.4 0.4 0.4 0.4 0.4 0.6000000000000001 0.8 0.4 0.6000000000000001 0.4 0 0.4 0.6000000000000001 0.4 50.400000000000006 21.200000000000003 25 42.2 0 135.20000000000002 12.600000000000001 59.800000000000004 17.2 15 34 26.6 17.8 35 17.400000000000002 75.2 10 65.8 10.4 60 1 13.600000000000001 0 0.6000000000000001 0 0 6 0.6000000000000001 0 0 0 0 12.4 0 0 1.4000000000000001 0 1.6 12.4 10.8 2.4000000000000004 0 0 0 0 0.4 0 0 0 0 0.4 0 0 0.6000000000000001 0 0.4 0 0 0 0 0 0 0 0 0 0.2 0 0 0 0 0 0 0 0 0 0 0 0 0 0 0 7.4 2.2 0.2 0.2 4.4 0 0 0 2.2 6 2.2 0 2.6 0 4.2 1.2000000000000002 10.600000000000001 0 2.4000000000000004 0 0 2.2 0.2 0 0 0.2 0 0.2 0 2.2 0 2 3.6 3.6 0 10.600000000000001 0 4 1 0 0 0 0 0 0 0 0 0 0 0 0 0 0 0 0 0 0 0 0 0 0 0 0.8 0.6000000000000001 0 0 0 0 0 0 0 0 0.8 0 0.2 0 0 0 0.2 0 3 1.8 1.2000000000000002 6.4 6.800000000000001 0 0 0 2.8000000000000003 0.2 5.4 0 2.2 0 3.8000000000000003 0 0 0 0 5.800000000000001 4.4 0 0 0 1.4000000000000001 5.6000000000000005 0 0 0.2 0 0 4.2 0 1.6 0 2.4000000000000004 2.8000000000000003 1.4000000000000001 2 0 0 0 0 0 0 0 0 0 0.2 0.2 0 0 0 0 0 0 0 0 0 0 0 0 0 0 0 0 0 0 0 0 0 0 0 1 0.4 0 0.6000000000000001 16.400000000000002 1 0.2 0 0 0 0 0 0 0 0 0 0 0 0 0 0 0 0 0 0 0 0 0 0 0 3.6 0 0 0 0 0 
 0.6000000000000001 0.6000000000000001 1 0.6000000000000001 0.6000000000000001 0.6000000000000001 0.6000000000000001 0.6000000000000001 0.6000000000000001 0.6000000000000001 0.6000000000000001 1 1.2000000000000002 0.6000000000000001 0.6000000000000001 0.6000000000000001 1.2000000000000002 1 0.6000000000000001 0.6000000000000001 5.4 6.800000000000001 24.6 29.400000000000002 135.20000000000002 0 41.400000000000006 6.2 8 59 21.8 17.400000000000002 8.200000000000001 9 59.2 30 52.400000000000006 14 11 8.200000000000001 43.800000000000004 4.800000000000001 0 0.6000000000000001 0 10.8 16.8 1 13.4 12.600000000000001 12.8 0 4.800000000000001 0 13.4 0 12.600000000000001 0 11.600000000000001 0 0.6000000000000001 0 0 0 0 0.4 0 10 0 0 0 0.2 0 0.6000000000000001 0 0.2 0 0 0 0 0 0 0 0 0 0 0 0 0 0 0 0 0 0 0 0 0 0 0 0 2.8000000000000003 0 0 0 1.8 2.2 0 0 0 1.8 3.6 0 0 0 0 1.6 0 3.2 0 0 0 0.2 3.8000000000000003 9.200000000000001 0 0 0.2 4.6000000000000005 0 0 6 0 0 6.6000000000000005 4 2.2 4.800000000000001 2.8000000000000003 0.2 8 0 0 0 0.4 0 0 0 0 0 0 0 0 0 0 0 0 0 0 0 0 0 0 0 0 0 0 0 0 0 2.2 0 0 0 0 0 0 0 0 0 0.2 0 0 0.8 0 2.8000000000000003 0 0 0 0 5.2 0 9 0 0.4 0 2 0 2.8000000000000003 0 0 3.4000000000000004 0 0 1.4000000000000001 0 0.8 0 2.6 7.4 2 4.800000000000001 0 1.6 5.4 12.8 5.4 8 9.600000000000001 2.8000000000000003 0 0 0 0 0 0 0 0 0 0 0 0 0 0.6000000000000001 0 0 0 0 0 0 0 0 0 0 0 0 0 0 0 0 0 0 0 0 0 1.8 0.2 0.2 0 0 1.6 3 0 0 0 0 0 0 0 0 0 0 0 0 0 0 0 0 0 0 0 0 0 0 0 5 0 0 0 0 0 
 0 0.6000000000000001 0 0 15.600000000000001 0 0 0 0.2 0.2 14.600000000000001 0 0.2 0 0 0.2 0.4 0.4 0 0.2 38.400000000000006 43.6 16.2 18 12.600000000000001 41.400000000000006 0 19 58.400000000000006 51.800000000000004 5.6000000000000005 4 18.400000000000002 69.2 11.600000000000001 7.6000000000000005 37.6 48.6 10.200000000000001 28 1 0 0 0.6000000000000001 0 0 0 0.6000000000000001 0 0 0 0 0 1.4000000000000001 4.4 0 0.6000000000000001 0 0 0.2 0.6000000000000001 0 0 0 0.4 0.4 0 0 0 0 0.6000000000000001 0 0.8 0.6000000000000001 0 0 0 0 0 0 0 0 0 0 0 0 0 0 0 0.2 0 1.2000000000000002 0 0.6000000000000001 0 0 0 0 0 0 3.8000000000000003 0 1.8 4 2.6 0 0 1.4000000000000001 6 0.8 5.800000000000001 5.4 5 0 1.2000000000000002 3.4000000000000004 0 0 0 0 0 0 0 0 0 0.8 0 0 0 0 0 0 0 0 0 0 0 0 0.2 0 0.2 0 0 0 0 0 0 0 0 0 0 3 0 0 0 0 0 0 0 0 0 0 0 0.4 0 0 0 0 0 0.2 0 0 0 1.8 0 0 0.8 0 0 0 0 0.2 3.2 0 2.2 0 1.8 5.800000000000001 6 8.200000000000001 8.4 2.6 0.2 1.8 8.200000000000001 5 2.8000000000000003 16 0 0.4 0 0 0 0 0 0 0.4 0 0 0 0 0 2.8000000000000003 0 0 0 0 0 1.8 0 0 0 0 0 0 0 3.2 0 0 0 0 0 0 0 0 0.8 0 0 0 0 0 0 0.6000000000000001 0 0 0 0 0 0 0 0 0 0 0 4.4 0 0.4 15.200000000000001 0.6000000000000001 0.4 0.8 0 0 0 0 0 0 0 0 0 0 0 0 0 0 0 0 0 0 4 0 5.800000000000001 0 0 0 1.4000000000000001 0 0 0 0 
 0 0 0 28.8 41.800000000000004 7.4 0 0 0 14.600000000000001 13.200000000000001 28.200000000000003 0 0 0 0 15 0.2 0.2 0.2 31.6 50.400000000000006 69.60000000000001 23.400000000000002 59.800000000000004 6.2 19 0 23.6 27.400000000000002 6.800000000000001 48.2 80.60000000000001 31 23.8 9.600000000000001 22.200000000000003 47.400000000000006 14 8.4 42 0 0 1.2000000000000002 0.4 0 0 0.6000000000000001 0 0.4 0 0.2 0 0.6000000000000001 0.4 1 0 0 0 0 0.6000000000000001 0.6000000000000001 0.6000000000000001 0 0 0.4 0 0.4 0.2 0 0 0.2 0.2 2.2 0 0 0 0.4 0.4 0.4 0 0 0 0.2 4.6000000000000005 2.6 0 0 0 3 0 0.2 0 0.2 0 0 0 1.4000000000000001 2.6 0 0.2 0.2 1.8 0.2 3.2 4 2.4000000000000004 6.800000000000001 9.4 8.4 0 0.2 4 6.2 5.6000000000000005 0 7 0 0 4.6000000000000005 0 0 0 0 0 0 0.8 0 0 0 0 0 2 0 0 0 0 0 0 0 0 0 0 0 0 0 0 0 0 0 0 0 0 0 0 0 0 0 0 0 0 0 0.2 0.4 1.6 2.6 0 0 0 0 0 0 0 0 0 4 0 0 0 0 2.2 7.2 4.4 0 2 0 3.6 11.600000000000001 3.2 0 2 0.2 3 2.4000000000000004 7 4 2.8000000000000003 0.4 0 2.6 0.2 0 0 0 0 0 0.4 0 0 0 0 0 0 0 0 0 2.2 0 0 4 0 0 0 0 0 0 0 0 0 0 0 0 0 0 0 0 0 0 0 0 0 0 0.2 0 0 0.4 0 0 15 0 0 0 0 0 2.8000000000000003 0.2 0 0.2 0 0.2 0.4 0.4 0 0 0 0 0 0 0 0 0.4 0 0 0 0 0 0 0 0 0 0 0 0 0 0 0 0 0 0 0 
 0 0.2 0.6000000000000001 0 7.800000000000001 0 0 0 0 0 0.4 0.2 0 0 0 0 0 0 0 0 20.6 33.4 18.8 33.4 17.2 8 58.400000000000006 23.6 0 51.2 49.6 8.6 21.8 49.400000000000006 17.2 25.8 26.6 23.8 17.6 11.8 0.6000000000000001 0 0 0.6000000000000001 0 0 0 0.6000000000000001 0 0 0 0 0 0 0 1.2000000000000002 0.2 1 0 28.200000000000003 2.8000000000000003 0 0 0 0 0.4 0 0 0 0 0.2 0 0 0.6000000000000001 0.6000000000000001 0.4 0 0 0 0 0 0 0 0 0 0 0 0 0 0 0 0 0 0 0 0 0 0 0 0 0 2.8000000000000003 0 0 0 0 2 0.2 9.200000000000001 2 7.2 4.800000000000001 0 0 0 4.4 0 11.8 0 0 0 0 2.8000000000000003 0.4 0 0 3.6 0 0 0 0 0 3.6 9.8 0 0 2 0 2.6 0 2 0 0 0 0 0 1.2000000000000002 0 0 0 0 0.2 0 0.6000000000000001 0 0 0 0 0 0 0 0 0 1.2000000000000002 0.6000000000000001 0 0 0 0 0 0 0 0 0 0 0 0 0 0 9 0.2 5.4 1.8 0 3 7.2 0 0 3.6 6 2 3.8000000000000003 0 4.2 0 4 3.4000000000000004 0 0 0 13 4 0 0 3.2 0 6.2 0 0 0.2 0 0 5.800000000000001 0.2 3 0 0 0 1.8 8.8 0.2 0 0 0 0 0 0 0 0 0 0 0 0 0 0 0 0 0 0 0 0 0 0 0 0 0 0 0 0 0 0 0 0 0 1.6 0 0 0.2 16 0 0.2 4.4 0 0 0 0 0 0 0 0 0 0 0 0 0 0 0 0 0 0 0 0 0 0 0 0 0.2 0 0 0 
 0 0 0 0 0 0.6000000000000001 0 0 0 0 0 0.2 0 0.6000000000000001 0 0 0.4 0 0 0 101.4 30.6 71.4 23.6 15 59 51.800000000000004 27.400000000000002 51.2 0 17.8 68.60000000000001 18.6 37.4 18 30 36 43.800000000000004 10 21 0.6000000000000001 0.8 0 0.6000000000000001 0 0.2 0 0.4 0 0 0 0 12.600000000000001 0 0 0 0 0 0 11.4 0.6000000000000001 0 0 0 0 0.4 0 0 0 0 0.8 1.2000000000000002 10.4 0.2 0 0 0 0 0 0 0 0 0 2.6 0 0 0 0 0 0.4 0 0 0 0 0 0 0 0 0 0 1.4000000000000001 0 2.4000000000000004 1.8 0 0 0 3.8000000000000003 0 3.2 3.8000000000000003 3.4000000000000004 0 0 0.2 2.6 0.2 3.6 2 0 2 0 0 0 0 0 4.2 0.2 0 0 0 0 0.4 3.8000000000000003 0 0 0 0 7.800000000000001 0 0 0 0 0 0 0 0 0 0 0 0 0 0 0 0 0 2.8000000000000003 0 0 0 0 0 0.2 0.8 0 0 0 0 0 0 0 0 0 0 0 0 0 0 0 1.2000000000000002 0 0.4 0.6000000000000001 2.2 2 2 1.4000000000000001 3 7.6000000000000005 2.8000000000000003 2.6 11.4 0 3.6 6.6000000000000005 2.4000000000000004 4.800000000000001 7.4 0 0.4 5.4 0 0 0 0 0 0.4 0 0 1.4000000000000001 0.2 0 7.6000000000000005 0.2 0 0 0 0 1.8 3.6 0 0 0 0 0 0.6000000000000001 0 0 0 0 0 0 0 0 0 0 0 0 0 1.4000000000000001 0 0 5.4 0 0 0.2 0 0 0 0 0 2 0 0 1.8 0.4 0.6000000000000001 19.200000000000003 0.6000000000000001 0 0.2 0 0 0 0 0 0 0 0 0 0 0 0 0 0 0 0 0 0 0 0 1.6 0 0 0 0 0 0 0 0 
 0.6000000000000001 1 0.6000000000000001 0.6000000000000001 0.6000000000000001 0.6000000000000001 0.6000000000000001 1.4000000000000001 0.8 0.6000000000000001 0.6000000000000001 1 1 1.8 1 0.8 0 0.6000000000000001 1 0.6000000000000001 22.6 22.200000000000003 54 43 34 21.8 5.6000000000000005 6.800000000000001 49.6 17.8 0 18.6 7.2 22.6 90.60000000000001 29.400000000000002 33.6 11.8 13.600000000000001 12.600000000000001 13.200000000000001 0 0.4 0.6000000000000001 0 0.6000000000000001 0 13 0 0 0 0 0 0 0 0.2 0 0 24.8 13 1.2000000000000002 0.2 0 1 0 5.2 0 0 0.6000000000000001 0 0.6000000000000001 0.4 0 0.4 0 0 0 0 0 0.4 0 0 0 0 0 0.4 0 0 0 0 0 0 0 0 0 0 0 0 0 0 2.6 3.6 3.8000000000000003 0 1.2000000000000002 7.800000000000001 0 0.4 0 2.8000000000000003 5.800000000000001 0 0 6.800000000000001 0 0.4 4 0.6000000000000001 2.4000000000000004 1.8 1.8 2.6 1.6 0 0 0 2.6 2.2 0 0 0 0 0 2.2 0 0 0 0 2.8000000000000003 0 0 0 0.6000000000000001 0 0.4 0 0 0 0 0.2 0.8 0 0.8 0 0 0 0 0 0 0 0 0 0 0 0 0 0 0 0.4 0 0 0 0.6000000000000001 0.2 0 1 0 0 0 0 0 0 0 0 0.2 4.6000000000000005 0 0 0 1.8 3.6 5.4 1.4000000000000001 0 0 0.6000000000000001 0 4.4 0 2.8000000000000003 6.4 0 0.2 0 1.2000000000000002 0 0.4 2 6 0 0 0.4 0 6.2 2.8000000000000003 2.6 0 0 2.8000000000000003 0.2 0 0 0 0.6000000000000001 0 0.4 0 0 0 0.8 0 0 0.4 0 0 0 0 0 0 0 0 0 0 0 0 0.2 0 0 0 0 0 0 0 0 4 0.8 0.4 0 0.2 0 0.2 0.2 0.2 0 0 0 2.8000000000000003 0 0 0 2.8000000000000003 0 0 0 0 0 0 0.4 0 0 0 2.6 0 0 0 0 2 0 0 0.2 
 0 0 0 0 0 0.4 10 0.8 0 0 0 0.2 0.6000000000000001 0 0 0 0 0 0.4 0 5.2 21 107.4 38 26.6 17.400000000000002 4 48.2 8.6 68.60000000000001 18.6 0 6.2 8 21.6 8.4 103.80000000000001 31.400000000000002 6.2 7 1 0 0 0.6000000000000001 0 0.2 12.4 0.6000000000000001 0 12.8 0 0 10.600000000000001 0 0 0 0 0 13.4 5.2 0.6000000000000001 0 0 0 0 0.4 0 9.8 0 0 0 0.2 0 0.6000000000000001 0 0.2 0 0 0 0 0 0 0.2 0 0 0 0 0 0 0 0 0 0 0 0 0 0 0 0 0 1.8 0 0.2 4 10.4 14.4 0 0 0 5.800000000000001 3.4000000000000004 1.8 0 3.8000000000000003 3.6 1.4000000000000001 3.8000000000000003 0 0.2 0 0.2 2.8000000000000003 8.6 0 0 0 5.800000000000001 0 3.4000000000000004 0 0 0 4.800000000000001 6.800000000000001 2.8000000000000003 0 0.2 0 1.2000000000000002 2.6 0 0 0 0 0 0 0.4 0 0 0 0 0 0 0 0 0 0 0 0 0 0 0 0 1 0 0 0 0 0 0.2 0.8 0 0 0 0 0 0 0 0 0.2 0 13.8 0.2 0 1.8 0 0 2 0 2.2 0.2 2.8000000000000003 0 0 0.2 3.8000000000000003 0.8 1.6 0 0 3.6 0 0 2.8000000000000003 0 0 12.200000000000001 0.2 0 0 0 0 0.2 10.8 0 3.6 2 0 0.2 4 0 0 0 0 0.4 0.2 0 0 0 0 0 0 0 0 0 0.2 0 0 0 0 0 0 0 0 0 0.4 0 0 0 0 0 0 0 0 3 0 0.8 0.6000000000000001 0 0.4 0 3.8000000000000003 0 0 0 0 2 0 0 0 0 0 0 0 0 0 0 0 0 0 0 0.2 0 0 12.8 0 3.4000000000000004 0 0 0 
