 0 23.200000000000003 34 6.2 11.200000000000001 65.60000000000001 22.400000000000002 30 43.2 2 5.4 36.2 42.6 10.8 24.200000000000003 24.200000000000003 5.2 3.8000000000000003 9 30 0 0.6000000000000001 0 0 0.4 0 0 0.6000000000000001 1.4000000000000001 0 0 0 0 0 0 14.200000000000001 0 0.4 0.2 0.4 0 0 0 0 0 0 0.8 0 0 0 0.4 0 0 0 4 0 0.2 0 0 0 1.4000000000000001 0 0 0 0.6000000000000001 12.8 0.4 0 0 8 0 0.4 0 0 0 0 0 5.2 0 0 6.2 3.8000000000000003 0.2 0 0 0 2.6 0.2 1.4000000000000001 2 0 0 8.6 5 3 4 0.2 3.8000000000000003 5.6000000000000005 5 0 0 0.2 0 0 0.4 3 0 0 0 0 0 0 0 0 0 0 0 0 0 0 0 0 0 0 0 0 0 0 0 0 0 0 0 0 0 2.4000000000000004 0 0 0 0 0 0 0 0 0.2 0 0 0 0 0 0 0 0 0 0 1 0 0 0 2.4000000000000004 0 0 5.2 0 0.2 10.8 12.600000000000001 0 1.8 6.2 2.4000000000000004 1.6 0 3 0 0 2.2 2.8000000000000003 4.4 0 0 0 0 0 0 0 0 0 0 0 0 0.2 0 0 0 0 0 0 0 0 0 3.4000000000000004 0 0 0 0 0 0 0 0.2 0 0 0 0 0 0 0 0 0 0 0 0 0 0.2 0 0 0.4 0 0 0 0 3 0 0 0 0 0 0.2 0 0 0 0 0 0 0.6000000000000001 0.4 0 0 18 0 3 0 0 0 0 0 0 0 0 0 0 0 0 0 0 0 0 0 0 0 0 0 0 0 0.4 0 0 0 0 0 0 0 0 0 0 0 0 0 0 
 23.200000000000003 0 36.800000000000004 22.6 43.400000000000006 39.6 59.6 17 28.8 11.200000000000001 21.200000000000003 29.200000000000003 30.8 66 17.400000000000002 65.60000000000001 16.400000000000002 9 7.800000000000001 20.400000000000002 0 0.6000000000000001 0 0 0.4 0 0 1.2000000000000002 0.2 0 0 0 16 0 0 0.8 0 0 15 0.4 0 0 0 0 0 2.8000000000000003 0 0 0.6000000000000001 0 0.4 0 0 0 0.4 0 0 0 0 0 0 0 0 0 0 0.6000000000000001 0 0 0 0 0 0.4 0 0 0 0 0 0 0 0 4.2 2 6.6000000000000005 1.6 5.2 3 0 2.8000000000000003 1 4.6000000000000005 4.2 2.8000000000000003 0 2 0 2.6 4.800000000000001 0.2 0 2 0 0 0 0 0 0 0.6000000000000001 0.2 0 0 0 0 0 0 0.2 0 0 0 5.2 0 0 0 0 0 0 0 0 0 0 0 0 0 0 0 0 0 0 0 0 0 0 0 0 0 0.8 0 1 0 0 0 0 0 0 1 0 0 0 0 0 0 1.4000000000000001 7.6000000000000005 0.6000000000000001 4.4 0 1.8 0 4 2.2 9.8 2.4000000000000004 8.200000000000001 1 2 3.6 2.6 0 2 0 2.8000000000000003 2 0 0 0 0 0 0.2 0 0 1.6 0 0 3 3.4000000000000004 0 0 0 0 0 2 0 0 0 0.2 0 0 0 0 0 0 0 0 0 0 0 0 0 0 0 0 0 0 0 0 0 0 0 0 0 0 0 0 0 0 0 0 0 0 0 0 0 0 0 0 0 18.8 19.400000000000002 0 0.2 0.4 0.4 1.8 1.8 0 0 0 0 0 0 0 0 0 0 0 0 0 0 0 0 0 0 0 0 0 0 0 2.2 0 0 0 0 0 0 0 0 0 0 0 0 0 
 34 36.800000000000004 0 61.2 56.6 5.2 11.8 108.80000000000001 19.8 21.200000000000003 8.4 44 27.6 13 48.400000000000006 42.400000000000006 87.60000000000001 9.200000000000001 46.400000000000006 30.6 0 0.6000000000000001 0 0 0.4 0 0 0.6000000000000001 0.2 0 0 0 7.2 0 0 0.6000000000000001 0 0 0.4 0.4 0 0 0 0 0 0 0 0 0 0 0.4 0 0 1.6 0.4 0 0 0 0 0 0 2.6 0 1.4000000000000001 0 0.6000000000000001 0.6000000000000001 0 0 0 2.6 0.4 0 0 0 0 0 0.2 0 0 5 2.4000000000000004 0.2 9.200000000000001 5 3 0 5.4 4.800000000000001 3.6 2.2 5.800000000000001 0 0 6.2 0 5.6000000000000005 12.600000000000001 2.4000000000000004 6.2 0 0 0 0 0 0 2 0 0 0 0 0 4.4 0 0 0 0 0 2 0 0.4 0 0 4.6000000000000005 0 0 0 0.4 0 2.4000000000000004 0 0 0 0 0 0.2 0 0 0 0 0 0 0 0 0 0 0 0 0 0 0.8 0 0 0 0 0 0 0 0 0 0 1.2000000000000002 6.2 6.2 0.2 1.8 0 4 5.2 2.2 0 3.8000000000000003 3.8000000000000003 0 7.4 6.4 6.6000000000000005 6.2 2 0 0 0 0 0 0 0 1.6 0 0 0 0 0 5 0 0 0 0 0 0 0 0 0 0 0 0 0 0 0 0 0 0 0 0 0 0 0 0 0 0 0 0 0 0 0 0 0 0 0 0 0.4 0 0 0 0 0 0 0 0 0 0 0 0 0 0 0.4 0 0 0 0.2 0.4 0 1.8 0.2 0 0 0 0 0 0 0 0 0 8.4 0 0 0 0 0 0 0 0 0 0 0 0 3.8000000000000003 0 0 0 0 0 0 0 0 0 0.2 0 0 0 0 
 6.2 22.6 61.2 0 32.800000000000004 46.2 17.400000000000002 75.2 50.400000000000006 12.8 52.400000000000006 13.200000000000001 23.400000000000002 57 22.200000000000003 48.2 12.600000000000001 23 16.8 14.600000000000001 3.6 0.6000000000000001 0 0 0.4 0 0.2 0.6000000000000001 0 0 0 0 0 15 15 0.6000000000000001 0 0 0 0.4 0 0 0 0 4.4 0 0 0 0 0 0.4 0 0 0 0.4 0 0 0 0 0 0 0 0 7.800000000000001 0 0.6000000000000001 0 0 0 0 0 0.4 0 0 0 0 0 0 0 0 0.6000000000000001 1.8 5.6000000000000005 6.4 4.800000000000001 2.8000000000000003 0.2 2.8000000000000003 2.2 6.2 4.800000000000001 1 0 5 0 0 5 0 0 0 4 0.4 3 0 0 0 0.2 0 0 0 0 0 2 0 0 1.6 0 0 3.8000000000000003 6.800000000000001 4 0 0 0 0 0 0 0 0 0 0 0 0 0 0 0.2 0.4 0 0 0 0 0 0 0 0.6000000000000001 0 0.8 0 0 0 0 0 0 1.2000000000000002 0 0 0 0 0 0 0 2 0 0 0 2.2 0 0 5 0 6.6000000000000005 6.4 0.8 4.4 0.4 0 0 0.2 0 0 0.4 0 0 0 0 0 0.2 0.2 3.2 0 0.4 0.4 2.8000000000000003 0 0 4 0.2 0 6.6000000000000005 0 0 0 0 0 0 0 0 0 0 0 0 0 0 0 0 0 0 0 0 0 0 0 0 0 0 0 0 0 0 0.4 0 0 0 0 0 0 0 0 0 0 0 0 0 0 0.2 0.4 9.4 0 11.4 0.2 0.4 2.6 6.800000000000001 0 0 0 0 0 0 0 0 0 0 0 0 12.600000000000001 0 0 0 0 0 0 0 0 0 0.6000000000000001 2 0 0 0 0 0 0 0 0 0 0 0 0 0 
 11.200000000000001 43.400000000000006 56.6 32.800000000000004 0 16.8 12 65.60000000000001 18.8 23.200000000000003 63.400000000000006 46 15.4 17.8 74.8 33.800000000000004 71.60000000000001 46 11.600000000000001 32.6 0 15.8 0 0.4 0.4 0 4.4 0.6000000000000001 0 0 0.2 0 12.4 0 16.2 12 0 0 14.600000000000001 15.4 0.2 0.4 0 0 0 0.2 0 0 0 0.2 0.8 0 0 0 0.4 0 0 0.2 0 0 0 0 1.4000000000000001 0 0 0.6000000000000001 0.6000000000000001 0 0 0 0 0.6000000000000001 0 0 0 0 0 0 0 0 0 0 0.4 12 7 5.800000000000001 0 1.6 1.8 2 4.4 4.800000000000001 0 0 0 0 0 0 0 0 0.2 3 0 0 0 0 0 2.8000000000000003 0 0 0 0 1.2000000000000002 0 0 3.2 2 5 0 3 0 0 0 0 0 0 0 0 0 0 0 0 0 0 0 0 0.2 0.4 0 0 0 0 0 0 0 0 0 0 0 0 0 0 0 0 0 0 0 0 0 0 0 4.2 0 3.6 4.4 12.8 0 0 5.4 0 11 7.4 0 4.800000000000001 1.4000000000000001 0 1.6 1.8 0 0 4 4 0 0 0 0 5 4 2.8000000000000003 0 4.2 0 3.4000000000000004 2.8000000000000003 2.8000000000000003 0 0 0.4 11.200000000000001 2.8000000000000003 0 0 0 0 0 0 2 0 0 0 0 0 0 0 0 0 0 0 0 0 0 0 2.4000000000000004 0 0 0 0 0 0 0 0 0 0 0 0 0 0 0 0 0 0 0 0 0 0 0.6000000000000001 17.6 0 10.200000000000001 0 0 1.6 0 0 0 0 0 0 0 0 0 0 0 0 0 0 0 0 0 0 0 0 0 0 0 0 2.2 3.8000000000000003 0 0 0 0 0 0 0 0 0 0 0 0 
 65.60000000000001 39.6 5.2 46.2 16.8 0 24.200000000000003 24.200000000000003 26 56.6 74.4 18.400000000000002 4.2 54.6 34.2 23.6 44.400000000000006 51.2 14.200000000000001 7.2 6.2 0.6000000000000001 0 0 0.4 0 15.8 0.6000000000000001 0 0 0.4 0.2 0.2 14.600000000000001 16.6 1.4000000000000001 0 0 15.600000000000001 0.4 0 0 0 0 0 12.8 0 0 0 0 0.4 0 0 0 0.4 0 0 0 0 0 0 0 2.8000000000000003 0 0 0.6000000000000001 0.6000000000000001 0 10.200000000000001 0 0 0.4 0 0 0 0 0 0 0 0 0.4 1 0 8.8 0 0 0 0 0.2 6.2 3 1.2000000000000002 0 2.8000000000000003 0 0 1.8 0 0 0 4.4 1.4000000000000001 8.6 0 0 0.4 5 3.8000000000000003 0 0.4 0 0 9 0 0 5.6000000000000005 0 0 1.8 4.4 0 0 0.4 0 0 0 0 0 0.6000000000000001 0 0 0 0 0 0 0 0 0 0 0 0 0 0 0 0.8 0 1 0 0 0 0 0 0 1.4000000000000001 0 0 0 0 0 0 0 0.2 4.4 0.4 0.2 2.2 0 2.2 0 0 6.2 12.200000000000001 2.2 0.4 2 0 0 0 0 0 2.6 0 0 0 0 0 4.2 0.4 4.2 0 6.800000000000001 0 5 0.2 2.2 13.200000000000001 0.8 2.8000000000000003 6.2 0 0.4 0 0 0 0 0.2 0 0.2 0.4 0 0.2 0 0 0 0 0 0 0 0 0 0 0 0 0 0 0 0 0 0 0 0 0 0 0 0 0 0 0 0 0 0 0 0 0 0 0.8 18 0 0 1.2000000000000002 0 0.6000000000000001 0 0 0 0 0.4 0 0 0 0 0 0 0 0 0 0 0 0 0 0 0 0 0 0 4.6000000000000005 0 0 0 0 0 0 0 0 0 0 0 0 0 0 
 22.400000000000002 59.6 11.8 17.400000000000002 12 24.200000000000003 0 15.600000000000001 16.6 11.600000000000001 20.8 4.800000000000001 72.4 31.400000000000002 10.600000000000001 48.400000000000006 5.800000000000001 10.4 34.2 54 0 0.6000000000000001 0 0 0.4 0 0 0.6000000000000001 0.2 0 0 0 16.400000000000002 0 0 0.6000000000000001 0 0 0 0.6000000000000001 0 0 0 0 0 0 0 0 0 11.200000000000001 0.4 0 0 0 0.4 0 0.2 0 0 0 0 0 2 0 0 1.2000000000000002 0.2 0 0 0 1 0.4 0 0 0 0 0 0 0 0 0 2.2 3.6 0 2.6 0 1.6 0 0.2 0 0 0 9 14.200000000000001 0 3.2 1.8 0 0 5.800000000000001 4 0 0 0 0 0 0 0 0 0 0 0 0 0 0 0 0 0 0 0 0 0 0 0 2 0 0 0 0.4 0 0 0 0 0 0 0 0 0 0 0 0 1.8 0 0 0.8 0.2 1 0 0 0 0 0 0 1 0 1 0 0 0 0 0.6000000000000001 1.8 0.2 0.2 0 0 2.6 6.4 0 0 0 2.2 1 2.2 0 0.4 0 0 0 6.2 0 0 0 0 0.2 0 0 0 0 0 0.2 0 0 0 0 0 0 0 0 0 0 2.4000000000000004 0 0 0 0 0 0 0 0 0 0 0 0 0 0 0 0 0 0 0 0 0 0 0.4 0 0.4 0.2 0 0 0 0 0.4 0 0 0 0 0 0.4 0 0 0 0 0 0 0.4 8.8 0.2 0.8 0.4 0.4 1.2000000000000002 0 0 0 0 0 0 0 0 0 0 0 0 0 0 0 0 0 0 0 0 0 0 0 0 0 0 0 0 0 0 0 0 0 0 0 0 0 0 
 30 17 108.80000000000001 75.2 65.60000000000001 24.200000000000003 15.600000000000001 0 18.2 51.2 23.6 35.4 33.2 44 17.2 78.60000000000001 11.8 24.8 13 47.800000000000004 0 0.6000000000000001 0.4 0 0.4 0 0 0.6000000000000001 0.2 0 0 0 30.6 0 0 0.6000000000000001 0 0 0 0.4 0 0 0 0 0 0 0 0 0 0 0.4 0 0 0 0.4 0 8.4 0.4 0 0 0 0.8 0.2 0 0 0.6000000000000001 0 0 0 0.2 0.6000000000000001 0.4 0 0.6000000000000001 0.6000000000000001 0 0.4 0 0.4 0 3.8000000000000003 2 2 6.2 5.4 5 0.2 6.800000000000001 5.2 0 4.800000000000001 7.2 1.8 0 3.4000000000000004 5.2 0 2 0 1.6 0 0 0 0 0.2 0 0.2 0 0 0 0 0 5.4 0 0.2 0 0.4 0 1.4000000000000001 4.800000000000001 0 0 0 0 0 0 0 0 0 0 0 0 0 0 0 0 0 0 0 0 0.4 0 0 0 0 0 0 0 0 0 1.2000000000000002 0 0 0 0 0 2.2 0 0 0.4 5.800000000000001 4.800000000000001 2.6 5 0 4.6000000000000005 0 2.8000000000000003 3.8000000000000003 3 0 0 0 0 4 0.2 2 2.6 0 0 0 0 0 0 0 0 0 0 0 0 0 0 5.4 0 0 0 0 0 3.8000000000000003 0 0 0 0 0 0 0 0 0 0 0 0 0 0 0 0 0.4 0 0.4 0.2 0 0 0 0 0 0 0 0 0 0 0 2.2 0 0 0 0 0 0 0 0 0 0 0 0 0 0 0.4 11 0 18 0.4 0 2.6 0 0.2 0 0 0 0 0 0 0.2 0 0.2 0 0 0 0 0 0 0 0 0 0 0 0 2.6 0 0 0 0 0 0 0 0 1.6 0 0 0 0 0 
 43.2 28.8 19.8 50.400000000000006 18.8 26 16.6 18.2 0 36.6 61.6 66.2 48 62.6 76 14.200000000000001 36 18 45.6 17.2 0 0.6000000000000001 0 0 0.4 0 0 0.8 0.2 0 0 15 0.4 0 0 0.6000000000000001 0 0 0 0.4 0 0 0 0.4 0 13.8 0 0 0 0 0.4 0 0 1 0.4 0 0 0 0 0 0 5.6000000000000005 0 0 0 0.6000000000000001 0.4 0 0 0 0 0.4 0 0.2 0 0 0 0 0 0 6.4 2.2 7.4 0 2.8000000000000003 0 7.4 7 4.4 0.2 0 0.8 0 2.6 5.4 2.8000000000000003 2.4000000000000004 4.4 2 2.8000000000000003 0 0 3 0 0 0 2.2 0 0 0 0 0 1 0 0 0 0 0 2.6 0 0 0 0 0 0 0 0 0 0 0 0 0 0 0.2 0 0 0 0 0 0 0 0 0 0 1.6 0 2.6 0 0 0 0 0 0 1.6 0 0 1.4000000000000001 0 0 0 2.6 3.6 0.2 13.8 2.8000000000000003 1.6 0 5 0.2 4.6000000000000005 2.2 7 2.8000000000000003 3.4000000000000004 2 2.6 0.4 1.2000000000000002 2.6 9.600000000000001 0 0 0 0 0.4 3 0 0 0 0 0.4 0 0.6000000000000001 0 0 0 0 0 0 0 0 0 0 0 0 0 0 0 0 0 0 0 0 0 0 0 0 0 0 0 0 0 0 0 0 0 0 0 0 0 0 0 0 0 0 0 0 0 0 0 0 2.8000000000000003 0 0 0 0.4 10 0 0 0.4 0.6000000000000001 0.8 0 0 0 0 0 0 0 0 15.4 0 0 0 0 0 0 0 0 0 0 0 0 0 0 0.2 0 0 0 0 0 0 0 0 0 0 0 0 0 0 
 2 11.200000000000001 21.200000000000003 12.8 23.200000000000003 56.6 11.600000000000001 51.2 36.6 0 86 10 28.400000000000002 18 16.8 40.800000000000004 13.8 8.200000000000001 24.8 12.4 0 0.6000000000000001 0 0.6000000000000001 0.4 0 0.4 0.6000000000000001 0.4 0 0 0 0 0 0 0.6000000000000001 0 0 5 1 0.6000000000000001 0 0 0 0 4.6000000000000005 0 0 1.8 0 0.4 0 0 0 0.4 0 0 0 0 0 0 0 0 0 0 0.6000000000000001 0 0 0.2 0 0.6000000000000001 0.4 0 1 0 0 0 0 0 0.4 0 1.4000000000000001 0 6.6000000000000005 0 0 0.2 3.8000000000000003 0 9.200000000000001 5.4 0 0 0 1.6 0.4 4 1.8 5.800000000000001 5.4 0 0 0 0 0 0 0.4 0 0 0 0 0 6.4 0 0 0 0 2.6 6.2 0.4 0 0.4 0 0 0 0 0 0 0 0 0 0.4 0 0 0 0 0 0.4 0 0 0 0 0 0 0 0 0 0 0 0 0 3.4000000000000004 0 1 0 0 0 0 0 0 0 5.800000000000001 3 3.6 0.2 0.2 0 0 2.2 2 2.8000000000000003 1.8 1.4000000000000001 0 0 5.4 3.8000000000000003 1.6 2.6 4.800000000000001 2 0.2 0 0 0 0 4.6000000000000005 0 0 0.4 1.4000000000000001 0 3 0 0 3.2 0 4.4 2.8000000000000003 0 0 0 0 0 0 0 0 0 0 0 0 0 0 0 0 0 0 0 0 0 0 0 0 0 0 0 0 0 0 0 0 0 0 0 0 0 0 0 0 0 0 0 0 0 0 0 0.2 0 0.8 0 0.4 2.8000000000000003 2.8000000000000003 0 0 0 0 0 0 0 0.4 0 1.4000000000000001 0 0 0 0 0 0 0 0 0 0 0 0 2 0 0 0 0 0 0 0 0 0 0 0 0 0 0 
 5.4 21.200000000000003 8.4 52.400000000000006 63.400000000000006 74.4 20.8 23.6 61.6 86 0 33.2 30 9.4 66 36.4 65.4 58.6 26.8 55 7.800000000000001 1 0.2 0 0.8 0.4 0 0.6000000000000001 0 0 0.6000000000000001 0 0.4 15 14.600000000000001 0.8 0 0 15.200000000000001 0.8 0.4 10.8 0 0 0 13.200000000000001 0 0 0.4 0 0.4 0.4 0 0 0.4 0 11.200000000000001 0 0 0 0 0 0 0 0.2 0.6000000000000001 1.2000000000000002 0 0 0 0 0.4 0.8 0 0 0 0 0 0 0.6000000000000001 0.2 1.8 0.2 5.2 0.2 2 0 3.4000000000000004 0 6 3.6 2.4000000000000004 0 2.8000000000000003 0 0 2.4000000000000004 0 0 2 3.6 2.4000000000000004 2.6 0 0 0 2.2 0.2 4 0 0 0 3.8000000000000003 0 0 0 0 0 6 4 0 0 0 0 0 0 0 0 0 0 0 0 0 0 0 0 0 2.2 0 0 0 0 0 0 0.4 0 0.4 0 0 0 0 0 0 0.8 0 0 0 0 0 0 0 6 3 3.8000000000000003 5 0 0 0.2 0 2.6 4.4 10 1.4000000000000001 1.4000000000000001 0 3.2 0 2 1.8 4.6000000000000005 3.8000000000000003 0.2 0 0 0 0 0 0.2 2 0 0.2 0 1.8 0.2 0 5.4 2.2 2.2 2.4000000000000004 0 0 0 0 0 0 0 0 0 0 0 0 0 0 0.2 0 0 0 0 0 0 0 0 0 0 0 0 0 0 0 0 0 0 0 0 0 0 0 0 0 0 0 0 0 0 0 0.6000000000000001 17.6 0.4 0.2 0 0 1.4000000000000001 2.6 0.8 0 0 0 0.2 0 0 0 0 0 0 0 0 0 0 0 0 0 0 0 0 0.4 3.2 0 0 0 0 0 0 0 0 0 0 0 0 0 0 
 36.2 29.200000000000003 44 13.200000000000001 46 18.400000000000002 4.800000000000001 35.4 66.2 10 33.2 0 11 21.200000000000003 24.200000000000003 6 42 31.400000000000002 7.4 24.8 0 0.6000000000000001 0 0 0.4 0 0 15.8 0.2 0.2 0.2 0 15 0 0 0.6000000000000001 0 0 4.2 7.800000000000001 0 0 0 0 0 0.2 0 0 0 0 0.4 0 0 1.4000000000000001 0.4 0 0 0.4 0 0.6000000000000001 1.4000000000000001 0 0 0 0 0.6000000000000001 0.6000000000000001 0 0 0 0 0.4 0 0 0 0 0 7 0 0 6.4 2.2 1.8 8 4.2 3.4000000000000004 0 6 3.8000000000000003 2.6 5.800000000000001 3.8000000000000003 0 0 5.6000000000000005 0 3.6 2 0.2 0.6000000000000001 0.4 0 0 0 0 0 2.6 0 0 0 0 0 2.8000000000000003 0 0 0.2 0 0 1.4000000000000001 0 0 0 0 0 1.2000000000000002 0 0 0 0 0 0 0 0.4 0 0 0 0 0 0 0 0 0 0 0.8 0.2 0 0 0 0 0 0 0 0 0 0 0 0 0 0 0 0 2.4000000000000004 1.8 3 7.2 6.800000000000001 0 2.6 2.2 0 2 3 0.2 0 6.800000000000001 6.2 4.6000000000000005 5 0 0 0 0 0 0 0.2 0 1.8 0 0 0 0 0 6.4 2 0 0 0 0 0.2 2 0 0 0 0 0 0 0 0 0 0.2 0 0 0 0 0 0 0 0 0 0 0 0 0 0 0 0 0 0 0 0 0 0 0 0 0 0 0 0 0 0 0 0.4 0 0 0 0 0 0.4 0.4 0.8 0 2 0.4 0 0 0 0 0 0 0 0 0 2.2 0 0 0 0 0 0 0 0 0 0 0 0 4.800000000000001 0 3.8000000000000003 0 0 0 0 0 0 0 0 0 0 0 0 
 42.6 30.8 27.6 23.400000000000002 15.4 4.2 72.4 33.2 48 28.400000000000002 30 11 0 17.400000000000002 55.6 30.200000000000003 23.400000000000002 6.6000000000000005 116.2 29.8 0 0.8 0.4 0 1 0.4 0 0.6000000000000001 0.2 0.4 0 0 0.4 0 0 0.6000000000000001 0.4 0 0 0.4 0 0 0 0.4 0 12.600000000000001 0 0 0 0 0.4 0 0 1.4000000000000001 1 0.4 0 0.4 0.4 0 0.4 0 0 1 0 0.6000000000000001 0.4 0 0 0 1 0.4 0 8.8 0 0 0 0 0 0 0 0 2 0 0 0 0 8.4 2.2 0.4 0 0 4.4 1.2000000000000002 2 4.6000000000000005 3.8000000000000003 0.4 0 3 0.2 0 0 0 0 0 2.2 0 0 0 0.4 0 0 0 0 0.2 0 0 0 0 0 0 0 0 0 0 0 0 0 0 0.2 0 0.8 0.2 0 0 0 0 0 0 0 0 0 0 0 0 0 0 0 0.4 1.4000000000000001 0.2 0 0 0 0 0 0 0 0 0 0 0 10.4 3.4000000000000004 0 4.6000000000000005 3.4000000000000004 9.4 3.8000000000000003 6.2 4.800000000000001 0 0 4.800000000000001 4.6000000000000005 0 1.6 2.8000000000000003 7.4 0 0 0 0 0 0 0.4 0 0.4 0 0 0 0.2 0 0 0 0 0 0 0 0 0 0 0 0 0 0 0 0 0 0 0 0 0 0 0 0 0 0 0 0 0 0 0 0 0 0 0 0 0 0 0 0 0 0 0 0 0 0 0 0 0.8 0 0 0 0 0 0.4 0 0.2 0 0.8 0 0 0 0 0 0 0 0 0 0 2 0 0 0 0 0 0 0 0 0 0 0 0 0 0 0 0 0 0 0 0 0 0 0 0 0 0 0 
 10.8 66 13 57 17.8 54.6 31.400000000000002 44 62.6 18 9.4 21.200000000000003 17.400000000000002 0 36 35.4 47.2 8.6 39.6 65.4 0 0.6000000000000001 0 0 0.8 0 0.4 0.6000000000000001 0.8 0 0 0 0.2 0 0 0.6000000000000001 0 0 15.4 0.6000000000000001 0 0 0 0 13.8 0 0 0 0 0 0.4 0 0 0.6000000000000001 0.4 0 0 0 0 0 0 0 0 0 0 0.6000000000000001 1 0 0 0 0 0.4 0 0 0 0 0 0 0 3 2.6 3.4000000000000004 9.600000000000001 0 9.8 3 1.4000000000000001 2 3.2 0.4 3 7.2 2 5.6000000000000005 0.2 3.4000000000000004 4.2 0 1.8 4.800000000000001 0 0 0 0 0 0 0 0 0 0 0 0 2.8000000000000003 0 0 0 0 0 1.2000000000000002 0 0.4 0 0 0 0 0 0 0.2 0 0 0 0 0 0 0 0.2 0.4 0 0 0 0 0 0 0 1.2000000000000002 0 1.4000000000000001 0 0 0 0 0 0 0 2.8000000000000003 0 0 0 0 0 1.4000000000000001 3.8000000000000003 2 3 0 2.2 0 0 7.800000000000001 4.4 0 1.6 2.2 5 11 2.2 0 3 0 0 1.8 0 0 0 0 0 0 0.2 0 0 0 0.4 0.2 0.2 0 0 0 0 0 0.6000000000000001 0 0 0 0 0 0 0 0 0 0 0 0 0 0 0 0 0 0 0 0 0 0 0.2 0 0 0 0 0 0 1.8 0 0 0 0 0 0 0 0 0 0 0 0 0 0 0.2 0.4 37.800000000000004 0 0 27.400000000000002 1.4000000000000001 1.2000000000000002 0 0 0.4 0 0 0 0 0 0 0 0 0 0 0 0 0 0 0 0 0 0 2 0 3.8000000000000003 0.4 0 0 0 0 0 0 0 0 0 0 0 0 0 
 24.200000000000003 17.400000000000002 48.400000000000006 22.200000000000003 74.8 34.2 10.600000000000001 17.2 76 16.8 66 24.200000000000003 55.6 36 0 66.8 20 9.4 32.2 52.6 0 0.6000000000000001 0 0 0.4 0 0.2 1 0.2 0 0.2 0 0 0 0 0.6000000000000001 0.2 0 0 0.8 0 0 0 0 0 0 0 0 0 0 0.4 0 0 2.6 0.4 0 0 0 0 0 0 0 0 0 0 0.6000000000000001 0.6000000000000001 0 0 0 0 0.6000000000000001 0 0 0.4 0 0 0 0 0 3.6 0 5 0 0.2 0 0.2 9.200000000000001 2.2 4.6000000000000005 0 0 2.6 2.6 2 4.4 7.2 4.6000000000000005 0 8.8 0 0 0 0 0 0 1.8 0 0 0 0.2 0 0 0 0 0 0 0 0 0 0 0 0 0 0 1.6 0 0 0 0 0 0 0 0 0 0 0 0 0 0 0 0 0 0 0 0.4 0.4 0 0 0 2 0 0 0 0 0 0 0 0 0 0.2 0 0.2 3 3.4000000000000004 0.6000000000000001 2.6 7.4 4.6000000000000005 4.4 2.4000000000000004 3.6 0 0 7.2 5.800000000000001 0 4 3 4.800000000000001 0 0 0 0 0.4 0 0.2 0 0 0 0.4 0 0.2 0 0 0 0 0 0 0 0 0 0 0 0.2 0 0 0 0 0 0 0 0 0 0 0 0 0 0 0 0 0 0 0 0 0 0.2 0 0 0 0 0 0 0 0 0.2 0 0 0 0 0 0.6000000000000001 0 0 0 0.4 0.2 0 0.8 0.6000000000000001 0 2.6 0 0 0 0 0 0 0 0 0 0 3.8000000000000003 0 0 0 0 0 0 0 0 0 0 0 0 0 2.2 0 0 0 0 0 0 0 0 0 0 0 0 0 
 24.200000000000003 65.60000000000001 42.400000000000006 48.2 33.800000000000004 23.6 48.400000000000006 78.60000000000001 14.200000000000001 40.800000000000004 36.4 6 30.200000000000003 35.4 66.8 0 32.2 9.4 15.8 91.2 0 0.6000000000000001 0 0 0.4 41 0 0.6000000000000001 0.2 0 0 0 15 0 0 0.6000000000000001 0 0 0 0.4 0 0 0 0 0 0 0 0.6000000000000001 0 0 0.4 0 0 0 0.4 0 0 0 0 0 0 0 0 0 0 10 0 0 0 0 0 0.4 0 0 0 0 0 0 0 0 6.800000000000001 0 0.2 9.4 3.8000000000000003 4 0.4 5 0.4 2.6 2.2 0 0 0 0 7 4 3.4000000000000004 0 3.4000000000000004 0 0 0 0 0 0 1.8 1.8 0 0 0 0 0 0 2.2 1.6 0 0 8 1.8 0 0 0 0.4 0 0 0 0 0 0 3.4000000000000004 0 0 0 0 0 0 0 0 0 0 0 0 0 0 0 0.2 0 0 0 10 0 0 0 0 0 0 0 0 0 4.4 2 0 1.8 0 4.800000000000001 0 2 3 6.4 0 2.8000000000000003 0 0 2.8000000000000003 2 0 0 2.6 0 2.8000000000000003 0 0 0 0 0 0 0 0 0 0 0 2.6 3.8000000000000003 0 0 0 0 0 2.8000000000000003 0 0 0 0 0.4 0 0 0 0 0 0 0 0 0 0 0 0 0 0 0 0 0 0 0 0 0 0 0 0.4 0 0 0 0 0 0 0.4 0 0 0 0 0 0 0 0 0 0 1.6 0 0.4 17.6 0 0.6000000000000001 0.4 0 0 0 0.4 0 0 0 0 0 0 0 0 0 0 0 0 0 0 0 0 0 0 0 2.4000000000000004 0 0 0 0 0 0 0 0 0.2 0 0 0 0 
 5.2 16.400000000000002 87.60000000000001 12.600000000000001 71.60000000000001 44.400000000000006 5.800000000000001 11.8 36 13.8 65.4 42 23.400000000000002 47.2 20 32.2 0 86.60000000000001 11 8 0.4 0.6000000000000001 0 0 0.4 15.200000000000001 0 0.6000000000000001 0.2 0 0 0 14.8 0 0.6000000000000001 0.6000000000000001 0 0 0 18.8 0 0 0 0 0 0 0 0 0 0 0.4 0 0 0 0.4 0 0 0 0 0 0 9.600000000000001 0 0 0 0.6000000000000001 0 0.4 0 0 0 0.4 0 0 0 0 0 0 0 0 3.8000000000000003 1.8 3 1.8 5.6000000000000005 0 7.800000000000001 5.6000000000000005 0 4.6000000000000005 3 6.800000000000001 0 0 6.6000000000000005 0.4 3.4000000000000004 6.6000000000000005 1.6 14 0 0 0 0 0 0.2 2.2 0 0 0.2 0 0 0 0 0 0 0 0 0 0 0 0 0.2 0 0 0 0 0 0 0 0 0 0 0 0 0 0 0 0 0 0 0 0 0 0 0 0.2 0 0 0 0 0 0 0 0 0 0 0 0 0 0 0.2 2 9.8 0.2 0 0.2 7.6000000000000005 1.4000000000000001 3.2 2.2 11.200000000000001 3.8000000000000003 4.6000000000000005 8 6.2 3.4000000000000004 1.6 3 6.2 0 0 0 0 0 0 0 0 0 0 0 0 3 0 0 0 0 0 0 0 0.2 0 0 0 0 0.4 0 0.4 0 0 0 0 0 0 0 0 0 0 0 0 0 0 0 0 0 0 0 0 0 0 0 0 0 0 0 0 0 0 0 0 0 0 0 0 0 0.2 0.6000000000000001 0.2 0.4 0.4 0 2.4000000000000004 0 0 0 0 0 0 0 0 0 0 2.2 0 0 0 0 0 0 0 0 0 0 0 0 0 0 0 0 0 0 0 0 0 0 0 0 0 0 1.2000000000000002 
 3.8000000000000003 9 9.200000000000001 23 46 51.2 10.4 24.8 18 8.200000000000001 58.6 31.400000000000002 6.6000000000000005 8.6 9.4 9.4 86.60000000000001 0 19.400000000000002 7.6000000000000005 0 0.6000000000000001 0 0 0.8 0 0 18.400000000000002 0.2 0 0 0 22.200000000000003 15 0.4 0.8 0 0 76 23.400000000000002 0 0 0 0 0 0.2 0 0 0 0 0.4 0 0 0 0.4 0 0 0 0 0 0 1 0 0 0 0.6000000000000001 0.4 0 0 0 0 0.4 0 0 0 0 0 0 0 0 0 0 0 5 7 5.2 1.8 2.6 0 2.8000000000000003 4 5 0 0 2.8000000000000003 0.6000000000000001 0 1 0 3 5 0.6000000000000001 3 0 0 0 0 3 0 0 0 0 0 0 11.200000000000001 0.2 0.2 0 3.4000000000000004 5.6000000000000005 0 0 0 0 0 0 0 0 0 0 0 0 0 0 0 0 0 0 0 0 0 0 0 1.4000000000000001 0 0 0 0 0 0 0 0 0 0 0 0 0 0 0 0 0 0 0.2 7.800000000000001 7.800000000000001 1.8 0 3.2 0 1.6 3.6 1.6 0 1.8 1.2000000000000002 0 3.4000000000000004 1.8 0 1.6 3.4000000000000004 3.4000000000000004 0 0 0 0 3 0 3.8000000000000003 0 0 0.6000000000000001 2.4000000000000004 2 0.4 0 0 0 3.8000000000000003 4.4 0 0 0 0 0 0 0 0 0 0 2 0 0 0 0 0 0 0 0 0 0 0 0 0 0 0 0 0 0 0 0 0 0 0 0 0 0 0 0 0 0 0 0 0 0 0.4 0.8 0.2 0.2 0.4 0 4.6000000000000005 0 0 0.4 0 0 0 0 0 0 0 0 0 0 0 0 0 0 0 0 0 0 0 0 0 0.2 3 0 0 0 0 0 0 0 0 0 0 0 0 
 9 7.800000000000001 46.400000000000006 16.8 11.600000000000001 14.200000000000001 34.2 13 45.6 24.8 26.8 7.4 116.2 39.6 32.2 15.8 11 19.400000000000002 0 34 0 0.6000000000000001 0 0.4 0.4 0 0.2 0.6000000000000001 8.200000000000001 0 0.2 0 0 0 0 0.8 0 0.2 0 0.4 0 0 0 0 0 0 0 0 0 0 0.4 0 1.2000000000000002 0 0.4 0 1.4000000000000001 0 0 0 0 0 0 0.4 0 8.8 0.6000000000000001 0 0 0 0 0.6000000000000001 0 0 0 0 0 0 0 0 2 0 0 0 0 0 2.2 5.4 0 2 0 0 2.4000000000000004 1 0.2 3.6 0.4 3.4000000000000004 0.2 2.4000000000000004 3 0 0 2.6 0 0 0 0 0 0 0 0 0 0 0 0 0 0 0 0 0 0 0 0 0 0 0 0 0 0 0 0 0.4 0 0 0 0 0 0 0 0 0 0 0 0.2 0 0 0 0 0 8.6 0 0 0 0 0 0 0 0 0 0 2.8000000000000003 0 3.4000000000000004 0 0 0 0 2.8000000000000003 4.6000000000000005 2.8000000000000003 0.8 0 0 1.8 6.4 0 1.6 5.4 4 0 0 0 0 0 0 0 0 0 0 0 0 0 0 0 0 0 0 0.2 0 0 0 0 0 0 0 0 0 0 0.2 0 0 0 0 0 0 0 0 0 0 0 0 0 0 0 2 0 0 0 0 0 0 0 0 0 0 0 0 0 0 0 0 0 0 0 0 0.4 0 0 0 0.6000000000000001 1.8 0 0 0 0 0 0 0 0 0 0 0 0.4 0 0 0 0 0 0 0 0 0 0 0 0 0 0 0 0 0 0 0 0 0 0 0 0 0 0 
 30 20.400000000000002 30.6 14.600000000000001 32.6 7.2 54 47.800000000000004 17.2 12.4 55 24.8 29.8 65.4 52.6 91.2 8 7.6000000000000005 34 0 0 0.6000000000000001 0 0 0.4 0 0 0.6000000000000001 0.4 0 0 0 0 0 0 0.6000000000000001 0 0.4 0.8 0.4 0 0 0 0 0 0 0 0 0 0 0.4 0 0 0 2 0 13 0 0 0.2 0 0.2 0 0 0 0.6000000000000001 0.4 0 0 0 0 0.4 0 0 0 0 0.6000000000000001 0 0 0 1.6 10.200000000000001 0 0 2.2 2 0.6000000000000001 7 2.2 3.8000000000000003 2.6 0.2 2.2 3.2 0.2 2.2 5.2 3.4000000000000004 5 4.4 1 0 0 0 0 0 0 0 2 0 0 0 3.4000000000000004 0 0 0 0 0 0 0 0 0 0 0 0 0 0 0 0 0 0 0 0 0 0 0 0 0 0 0 0 0 0 0 0 0 0 0 0 0 1.2000000000000002 0 0 0 0 0 0 0 0 0 2.8000000000000003 2.6 9.8 0 0.2 0 4.4 0 6 2 0 0 2.2 2.2 0.2 0.4 6.2 3 1 0 0 0 0 0 0 0 0 0 0 0 0 0 0 0 0 0 0 0 0 0 0 0 0 0 0 0 0 0 0 0 0 0 0 0 0 0 0 0 0 0 0 0 0 0 0 0 0 0 0 0 0 0 0 0 0 0 0 0 0 0 0 0 0 0 0 0 0 0 0.2 18.2 0.6000000000000001 2.2 0 0 0 0 0 0 0 0 0 0 0 0 0 0 0 0 0 0 0 0 0 0 0 1.6 4.4 0 0 0 0 0 0 0 0 0 0 0 0 0 
 0 0 0 3.6 0 6.2 0 0 0 0 7.800000000000001 0 0 0 0 0 0.4 0 0 0 0 16.2 34.4 10.8 67 6.6000000000000005 47.2 11 71.60000000000001 32.2 19 9.4 32 55.2 29.200000000000003 9.600000000000001 9 10.8 5 32.4 0.6000000000000001 0 0.4 0 0.4 0 0 0 0.6000000000000001 0 0 0 0 0 0 0 0.6000000000000001 0 0.6000000000000001 0 9.8 0.6000000000000001 1.4000000000000001 0 0 0.6000000000000001 0 1.6 0.4 0.4 0 0.6000000000000001 2 1.6 9.200000000000001 0 0 0 0 0.4 0 0 0 0 0 3 0 0 0 0 0 0.8 0 0 0 0 0 0 2 0 8.4 3.8000000000000003 7.4 0 4.6000000000000005 3.6 6.4 0 1.8 4.2 0 0 0 5.4 3.4000000000000004 3.4000000000000004 3.8000000000000003 6 0 9 0 0 0 0 0 0 0 0 0 0 0 0 6 3.2 0 0 0 0 2.8000000000000003 0 0 3.2 0 0.4 0 0 2.4000000000000004 0 0 0 0 0 0 0 0 0 0 1.6 0 0 0 0 0 0 0 1.2000000000000002 0 0.2 0 1.6 1.8 0 0.2 0 0 0 0 0 0 0 2.2 0 5.2 0 0 0 0.2 5.4 2.4000000000000004 2.6 0.2 1 4 0 3.4000000000000004 4.2 0.4 4 2.4000000000000004 0 0 0 0 0 0 0 0 0 0 0 0 0 0 0 0 0 0 0 1 2.2 0 0 0 0 0 0 0 0 0 0 0 0 0 0 0 0 0 0 0 0 0 0 0 0 0 0 0 0 0 0 0 0 0 0 1.8 0 0.4 22.8 0 0 0.4 0 0 0 0 0 0 0 0 0 0 0 0 0 0 0 0 0 0 0 0 0 0 0 0 2.4000000000000004 0 0 0 0 
 0.6000000000000001 0.6000000000000001 0.6000000000000001 0.6000000000000001 15.8 0.6000000000000001 0.6000000000000001 0.6000000000000001 0.6000000000000001 0.6000000000000001 1 0.6000000000000001 0.8 0.6000000000000001 0.6000000000000001 0.6000000000000001 0.6000000000000001 0.6000000000000001 0.6000000000000001 0.6000000000000001 16.2 0 48.6 24.200000000000003 68.2 8 97 22 43 23.8 24.200000000000003 8.6 38.2 7 24.200000000000003 40.800000000000004 26.400000000000002 33.6 28.6 7 0.6000000000000001 0 0.4 0 0.4 0.6000000000000001 13.200000000000001 0 0.6000000000000001 0 0 0 0.2 0 0 0.6000000000000001 0.6000000000000001 0 21.200000000000003 0 0.6000000000000001 0.6000000000000001 1.6 0 1.4000000000000001 0.6000000000000001 12 3.8000000000000003 0.4 0.4 0 0.6000000000000001 0 0 0.6000000000000001 0 0 0 0 0.4 0 0 0 0 0 0 0 0 0 0 0 0 0 0 0 0 0 0 0.4 0 0 4.4 3.8000000000000003 7.2 7.800000000000001 0.2 0 6.6000000000000005 7.2 4.800000000000001 7.6000000000000005 5.800000000000001 2.4000000000000004 0.2 0 3.6 4 10 0 0 0 0 3.2 0 0 0 0 0 0 0 0 0 4.4 3.4000000000000004 0 0 0 0 0 0 0 0 0 0 0 0 0 0 0 0 0 0 0 0 0 0 0 0 0 0 0 0 0 0 8.200000000000001 2.8000000000000003 0 1.2000000000000002 0 0.6000000000000001 0.4 0 0 0 0 0 0 0 0 0.2 3.8000000000000003 0 7.4 3 4.6000000000000005 5 1.8 6.6000000000000005 3 8.6 0 1.4000000000000001 2.6 2.6 1.6 5.4 2 8.200000000000001 0 7.4 1.2000000000000002 0 0 3 0 0 0 1.8 0 0 0 0 0.2 0 0 0 0 0.4 4.4 0 0 0 0 0 0 0 0 0 0 0 0.4 0 0 0 0 0 0 0 0 0 0 0 0 0 0 0 0 0 0 0 0 0 0 0 4 0 0.4 17.2 0.2 0 0.8 0 0 0 0 0.2 0 0 0 0 0 0 0 0 0 0 0 0 0 0 0 3 0 0 0 6.2 0 0 0 0 
 0 0 0 0 0 0 0 0.4 0 0 0.2 0 0.4 0 0 0 0 0 0 0 34.4 48.6 0 18.2 17.6 5.6000000000000005 33.6 20.400000000000002 51 40.2 55.400000000000006 7.4 73.60000000000001 42 73.2 14.200000000000001 35 25.400000000000002 22 21 1.2000000000000002 0 0.8 0 0.4 0 0 0 1.2000000000000002 0 0.6000000000000001 0 0 0 0 0.8 1.2000000000000002 1.2000000000000002 1 0 0 0.6000000000000001 1.4000000000000001 0.4 0.6000000000000001 0.6000000000000001 0 1.8 0.4 0.4 0 0.6000000000000001 2.4000000000000004 0 0.6000000000000001 0 0 0.4 0 0.4 0 0 0 0 0 0 0 2.6 0 0 0 4.800000000000001 0 0 0 0 0 0 0 0 4.6000000000000005 0 6.4 4.4 2.2 4.800000000000001 1.8 9.200000000000001 2.2 0.6000000000000001 0 0 0 8.6 1.8 5.6000000000000005 7.2 0.2 0 0 0.2 0 0 0 0 0 0 0 0 0 1.8 0 2.4000000000000004 3 0 0 0 0 12.8 0 0 0 0 0 0 0 0 0 0 5 2.4000000000000004 2.8000000000000003 0 0.4 0 0 0 0 0.4 0 0 0 0 0 1.8 0.6000000000000001 0 1.4000000000000001 0 2 0 0 0 0 0 0 0 0 0 0 0 2 6.4 0 0 0 0.2 5.6000000000000005 2.4000000000000004 5.800000000000001 1.8 4.4 3.8000000000000003 0 1.2000000000000002 2.6 1.6 2 0 0.6000000000000001 10.200000000000001 0 0 0 0 0 0 0 0 0 0 0 0 0 0 0 0 0 1.2000000000000002 9.4 0 0 0 0.8 0 0 0 0 0 0 0 0 0 0 0 0 0 0 0 0 0 0 0 0 0 0 0 0 0 0 0 0.2 0 0 1.8 0 0 17.400000000000002 0 0.4 0.4 0.2 0.4 0 0 0 0 0 0 0 0 0 0 0 0 0 0 0 0 0 0 0 0 0 0 1 0 0 0 0 
 0 0 0 0 0.4 0 0 0 0 0.6000000000000001 0 0 0 0 0 0 0 0 0.4 0 10.8 24.200000000000003 18.2 0 35.800000000000004 10.4 17.6 28 106.2 68.60000000000001 29.8 22.6 19.8 21.400000000000002 12.8 40.2 36.4 31.8 12.8 29 0.8 0 0.4 0 14 0 12.4 13 0.6000000000000001 0 0 0 31.200000000000003 0 0 0 0.6000000000000001 0 0.6000000000000001 4.2 0 0.6000000000000001 0 1.4000000000000001 0 0.6000000000000001 0 0 0.6000000000000001 0.4 0.4 0.6000000000000001 1.6 0 0.6000000000000001 0 0 0 0 0.4 0 0 0 0 0.2 0 0 0 0 0 0 0 0 0 0 0 0 0 0 0 0.4 2 0 6.4 5.800000000000001 1.6 1.4000000000000001 0 13.200000000000001 2.2 10.200000000000001 6.4 0 3.8000000000000003 2.4000000000000004 3.2 1.6 1.4000000000000001 2.6 0 2 2.6 0 0 0 0 1.6 0.2 2.4000000000000004 2.4000000000000004 0 0 8.6 4.800000000000001 0 1.4000000000000001 3.2 0 7 0 0 0 0 0 0 0 0 0 0 0 0 0 0 0 0 0 0 0 0.4 0 0 0 0 0.4 0 0 0 0 0 0 0.4 0 0 0 0 0 0 3.4000000000000004 0 0 0 0 5.2 4.4 1 9.8 0.2 0.2 0 5.800000000000001 4.800000000000001 2 3.6 2.4000000000000004 1.2000000000000002 7.800000000000001 5.800000000000001 1.4000000000000001 0 2.2 2.2 0 0 0 0 0 0 0 0 0 0 0 2.6 5 0.2 12.4 0 0 1 0 0 0 0 0 0.4 0 0.2 0.2 0 0 0 0 0 0 0 0 0.4 0.2 0 0 0 0 2.4000000000000004 0 0 0 0 0 0 0 0 0 0 0 2.6 0.4 0.2 16.400000000000002 0.4 2.2 0.2 0 0 0 0 0 0 0 0 0 0 0 0 0 0 0 0 0 0 0 0 1.2000000000000002 0 0 0 0 0 0 0 0 
 0.4 0.4 0.4 0.4 0.4 0.4 0.4 0.4 0.4 0.4 0.8 0.4 1 0.8 0.4 0.4 0.4 0.8 0.4 0.4 67 68.2 17.6 35.800000000000004 0 26.8 15.200000000000001 28.400000000000002 22.6 46.400000000000006 94.4 11.200000000000001 59 44.400000000000006 17 79.60000000000001 69 7.2 12.4 22 0.6000000000000001 0 0.4 0.4 0.4 0.2 25.8 0.4 0.6000000000000001 0 0 0 0 0 0.6000000000000001 0.4 13.200000000000001 0.4 17.8 0 0.4 0.6000000000000001 0 0 0 0.8 5.800000000000001 0 1.8 0.6000000000000001 0.6000000000000001 0.6000000000000001 0 0 0.6000000000000001 0 0 0 0 0.4 0 0 0 0 0 0 0 0 0 0 0 0 0 0 0 0 0 0 0 0 0 2.8000000000000003 0 7.2 5 5.2 1.8 2.4000000000000004 4.2 4.6000000000000005 7 4.2 1 3 2 2.4000000000000004 4 9 0 0 0 0 0 0 0 0 0.2 0 0 0 0 0 3.2 2 0.4 3.2 0 7 5 3.8000000000000003 0 0 0 0 0 0 0 0 0 0 0 0 0 0 0 0 0 0 0.6000000000000001 0 0 0 0 0 2.2 0.2 0 1 0 0.8 0 0 0 0 0 0 0 0 0 0 1.2000000000000002 0 5 10.200000000000001 2.2 8.4 0 4.2 2 1.8 2.6 3.6 0.4 0.4 4.2 10 1.8 5.4 0 5.2 2.6 0 0 0 0 4 0 5 0 0 0 0 0 0 0.2 4.800000000000001 0 0 0.2 2.4000000000000004 0 0 0 0 0 0 0 0 0 0 0 3.4000000000000004 0 0 0 0 0 0 0 0 0 0 0.2 0 0 0 0 0 0 0 0 0 0 0 2.2 0.4 0 9.8 0.4 0 0.8 0 0 0 0 0 1 0 0 0 0 0 0 0 0 0 0 0 0 0 0 1.4000000000000001 0 0 0 5.2 1 0 0 0 
 0 0 0 0 0 0 0 0 0 0 0.4 0 0.4 0 0 41 15.200000000000001 0 0 0 6.6000000000000005 8 5.6000000000000005 10.4 26.8 0 7.800000000000001 8 11.200000000000001 15.600000000000001 74.2 39.400000000000006 7.2 10.4 12.4 16.6 13.200000000000001 31.400000000000002 12.4 10.600000000000001 6.4 12.200000000000001 6.4 0.2 0.4 0 5.2 18.6 0.6000000000000001 0 0 0 24.8 0 0 0 13.200000000000001 0 13 3.8000000000000003 0 0.6000000000000001 0 0 0 0.6000000000000001 14.600000000000001 0 2.6 0.4 0.4 0.6000000000000001 0 0 0.6000000000000001 0 0 1.6 0 0.4 0.4 0 0 0 0 0 0 0 0 0 0 0 0 0 0 0 0 0 0 0 0 0 0 2.8000000000000003 2 0.2 0 0 1.8 1.8 1.6 7.4 0 0 0 0 0.6000000000000001 0 0 0 2.2 7.800000000000001 0 0 0 0 1 2.4000000000000004 2.4000000000000004 2.4000000000000004 0 0 1.8 0 4.2 2 0.4 2.2 0.2 6.4 0 0 0.6000000000000001 0 1.4000000000000001 0 0 0 0 0 0 0 0 0 0 0 0 0 0 0 0 0 0 1.2000000000000002 0 0 0 0 0 0 0.2 0 0 0 0 0 0 0 0 0.2 0 2 0.2 4 4 1.6 0 0 0 0 2.6 3 0 0 0 0 6.2 0 0 0 6.2 0.2 0 0 0.2 0 0.4 0 0 0 0 0 9.200000000000001 2.4000000000000004 0.2 4 0 0.8 0.2 5 0 0 0 0 0 0 0 0 0 0 4.4 0 0 0 0 0 0 0 0 0 0 0 0 0 0 0 0 0 0 0 0 0 0 0 1.6 0 0 0 15 3 9 0 0 0 0 0 2.4000000000000004 0 0 0 0.2 0 0 0 0 0 0 0 0 7 0 0 0 0 0 0 1.8 2 0 0 
 0 0 0 0.2 4.4 15.8 0 0 0 0.4 0 0 0 0.4 0.2 0 0 0 0.2 0 47.2 97 33.6 17.6 15.200000000000001 7.800000000000001 0 59 22.8 24 6 7.800000000000001 27.8 76.2 25 38.800000000000004 21.200000000000003 9 32.6 88 0.6000000000000001 0 0.4 0 0.4 0 0 0 0.6000000000000001 0 0 0 0 0 0.4 1.2000000000000002 0.6000000000000001 0 0.6000000000000001 0 0 0.6000000000000001 2.4000000000000004 0 0 0.6000000000000001 0 0 0.4 0.4 0 1.2000000000000002 0 0 0.6000000000000001 0 0 0 0 0.4 0 0 0 0 1.8 0 0 0 0 0 0 0.2 0 0 0 0 0 0 0 0 0.2 7.6000000000000005 3.2 4.2 0 5 2.6 9.200000000000001 0 4 0 0 1.8 5.6000000000000005 4 12 3.8000000000000003 7.800000000000001 1.8 3.6 0.4 0 0 0 0 0 0 0 0 0 0 0 0 0 0 0 0 0 0 0 0 0 0 0.8 0 0 0 0 0 0 0 0 0 0 0 0 1.8 0 0 2 0 0 0 0 7 3.6 0 0 0 1.4000000000000001 3.6 4.6000000000000005 0.8 0 0 0 0 0 0 0 0 0.4 0 0 0 0 11.200000000000001 5 5.2 0.8 14 0 1.8 1.8 4.800000000000001 0 2.8000000000000003 2.8000000000000003 3.6 7.800000000000001 0 0 0 0 0 0 0 0.4 0 0.4 0 0 0 0 0 0 0 0 0 0 0 0 0 0 0 0 0 0 0 0 0 0 0 0 0 0 0 0 0 0 0 0 0 0 0 0 0 0 0 0 0 0.2 0 0 2.2 0.4 0.4 0 0 0 0.4 0 0 0 0 0 0 0 0 0 0 0 0 0 0 0 0 0 0 0 0 0 0 0 0 0 0 0 0 0 
 0.6000000000000001 1.2000000000000002 0.6000000000000001 0.6000000000000001 0.6000000000000001 0.6000000000000001 0.6000000000000001 0.6000000000000001 0.8 0.6000000000000001 0.6000000000000001 15.8 0.6000000000000001 0.6000000000000001 1 0.6000000000000001 0.6000000000000001 18.400000000000002 0.6000000000000001 0.6000000000000001 11 22 20.400000000000002 28 28.400000000000002 8 59 0 48.400000000000006 20.6 4.800000000000001 12 63.2 31.200000000000003 35.4 8.4 21 19.8 45 42.6 0.6000000000000001 0 0.4 0.4 0.8 0.2 0.4 0 1.2000000000000002 0 0 0 0 0 26.200000000000003 0.8 1 0 1 0.4 0.4 0.6000000000000001 1.4000000000000001 0 0 0.6000000000000001 0 2.4000000000000004 0.4 0.4 0.2 0.6000000000000001 1.2000000000000002 1.4000000000000001 0.6000000000000001 0.4 0.2 0 0 0.4 2.6 0 0.4 0 0 0 0 0 0 0.4 0 0 0 0 0 0 0 0 0 0 6 2.4000000000000004 6.6000000000000005 0 12.600000000000001 0 0.8 1.2000000000000002 8.6 4.2 5.800000000000001 0 2.4000000000000004 0 4 3.4000000000000004 4.4 3 1.4000000000000001 0.2 0 0 0 0 0 0 0 0 0 0 0 0 0 0 0 0.4 0 0.4 0 0 0 0 0 2 0.4 0 0 0 0 0.4 0 0 0 2.6 0 0 0 0 0 1.6 0 0 0 0 2.8000000000000003 0 0 0 0 0 2.6 0 2.2 0 0 0 0 2 0 0 6.2 2.4000000000000004 8 2.8000000000000003 0 0.6000000000000001 4.800000000000001 6 0 3.8000000000000003 0 1.4000000000000001 6.800000000000001 6.4 3.2 0.8 0.2 0 1.8 12.200000000000001 0.8 0 0 0 0 0.2 0 0 0 0 0 0 0 0 0 0 0 3.4000000000000004 3 0 0 0 0 0 0 0 4.2 0 0.2 0 0 0 1.8 0 0 0 0 0 0 0 0 0 0 0 0 0 0 0 0 0 0 0 0 0 0.8 0 0.2 15.4 0 0 0.8 0 0 0 0 0 0 0 0 0 0 0 0 0 0 0 0 0 0 0 0 1.4000000000000001 0 0 0 1.8 0 0 0 0 
 1.4000000000000001 0.2 0.2 0 0 0 0.2 0.2 0.2 0.4 0 0.2 0.2 0.8 0.2 0.2 0.2 0.2 8.200000000000001 0.4 71.60000000000001 43 51 106.2 22.6 11.200000000000001 22.8 48.400000000000006 0 81.80000000000001 24.200000000000003 5.6000000000000005 18.400000000000002 57.800000000000004 21 11.4 44.800000000000004 17.8 16.2 35.800000000000004 1.2000000000000002 0 1 0.4 1.4000000000000001 0 0.6000000000000001 0 0.6000000000000001 0 0 0.2 0 0 0.4 1.4000000000000001 1 0 1 0.4 1.8 0.6000000000000001 0 0 0 1 0 0 0.4 0.4 1 0.6000000000000001 0 0.4 0.8 0.8 0.6000000000000001 0.2 0 0.4 0 0 0 0 0 0 2.6 0 0 0 0 0 0 0 0 0 1.2000000000000002 0 0 0 0 5.800000000000001 0 0 1.6 8.6 0 3 0 6 3.8000000000000003 0 9.8 9.600000000000001 1.2000000000000002 3 0 5.800000000000001 0 3.8000000000000003 0 0 0 0 0 0 0 0 0 0 0 0 2.6 0 0 0 0 0 3.2 0 0 0 0 0 0 0 0 0 0 0.2 0 0 0 0 0 0 0 0 0.6000000000000001 0 0 0 0 0 0 1.4000000000000001 0 0 0 1.4000000000000001 0 0 0.8 0 0 0 1.4000000000000001 0 0 2.8000000000000003 1.6 2.6 0 1.4000000000000001 0 1.8 2.6 4.2 0 5.4 0 0 2.8000000000000003 2.8000000000000003 2.6 1.8 2.6 2 0 3.8000000000000003 0 0 0 0 0 0 0 0.8 0 0 0 0 0 0 0 0 0 0 0 8 0 0 0 0 0 0 0 0 0 0 0 0 0 0 0 0.4 0 0 0 0 0 4.800000000000001 0 0 0 0 0 0 0 0.2 0 0 0 0 1.6 0.2 0.6000000000000001 9.4 0 0.6000000000000001 0.2 0 13 0 0 0 0 0 0 0 0 0 0 0 0 0 0 0 0 0 0 0 0 0 0 2.2 0 4 0 0.6000000000000001 
 0 0 0 0 0 0 0 0 0 0 0 0.2 0.4 0 0 0 0 0 0 0 32.2 23.8 40.2 68.60000000000001 46.400000000000006 15.600000000000001 24 20.6 81.80000000000001 0 16.2 10.200000000000001 38.800000000000004 34.4 34.4 37.6 21.8 11.8 54.6 54 0.6000000000000001 0 0.4 0 0.6000000000000001 0 4.6000000000000005 0 0.6000000000000001 0 0 0 12.600000000000001 0 0 0 0.6000000000000001 0 12.8 0 0 0.6000000000000001 1.2000000000000002 0 0 0.6000000000000001 0 0.6000000000000001 0.4 0.4 0 0.6000000000000001 12.600000000000001 0 0.6000000000000001 0 0 0 0 0.4 0 0 0 0 0 0 0 0 0 0 0 0 0 0 0 0 0 0 0 0 1.8 3.2 3 7 2.2 6 11.8 0 9.8 2 3.8000000000000003 3.6 0 3 4.4 4.6000000000000005 4 8 2.4000000000000004 2.8000000000000003 0 0 0 0 0 0 0 1.8 0.2 0 0 0 0 0.2 0 0 0 0 2.8000000000000003 0 0 0 0 0.4 0 0 0 0 0 0 0 0 0 0 0 0 0.4 0 0.2 0.4 0 0.2 0 0 0 0.8 0 0.8 0 1 0 0 0 0 0 0 0 0 0 0 0 0.6000000000000001 8.6 1.4000000000000001 2.6 6 3 2.2 2.4000000000000004 4.2 1.4000000000000001 5.6000000000000005 2.4000000000000004 2 2 0.2 0.2 2.4000000000000004 0 2.2 0.2 0 0 0 0 0 0 3.8000000000000003 0.4 0 0 0 3.2 3.8000000000000003 0 0.2 0 0 3.8000000000000003 0.2 0 0.4 0 0 0 0 0 0 0 0 0 0 0 0 0 0 0 0 0 0 0 0 0.2 0 0 0 0 0 0 0 0 0 0 0 2.8000000000000003 0.2 0.4 0.6000000000000001 0.2 0 0.4 0.4 0 0 0 0 0 0 0 0 0 0 0 0 10 0 0 0 0 0 0 3.2 0 0.2 0 0 0 0 0 0.2 
 0 0 0 0 0.2 0.4 0 0 0 0 0.6000000000000001 0.2 0 0 0.2 0 0 0 0.2 0 19 24.200000000000003 55.400000000000006 29.8 94.4 74.2 6 4.800000000000001 24.200000000000003 16.2 0 25.6 14.8 7.800000000000001 12.600000000000001 15.4 91 15.4 7.800000000000001 11 1.2000000000000002 0.4 0.4 0 0.4 0 4.6000000000000005 0 0.6000000000000001 0 0 0 24.8 0.6000000000000001 0 0 1.2000000000000002 0 13.600000000000001 0 0 1.2000000000000002 0 0 0.4 0.6000000000000001 0.4 0 1.8 0.4 0 0.6000000000000001 0 0 0.6000000000000001 0 0 7.4 0 0.4 0 0 0 0 0 0 0 0 0 0 0 0 0 0 0 0 0 0 0 0 0 1 0 2 9 5.800000000000001 0 1.6 0 3 0.2 7.2 0 6.6000000000000005 0 1.6 2.8000000000000003 4.800000000000001 0.2 0 2.6 0.6000000000000001 1.8 0 0 0 6 2.8000000000000003 0 0 0 0 5.2 2.6 6.2 0.2 3.4000000000000004 0 3.4000000000000004 6 0 0.4 0 0 0.2 0 0 0 0 0 0 0 0 0 0 0 0 0 0 0 0 0 0 0 2.4000000000000004 0 0 0.6000000000000001 0 0.2 0.2 0 0 0 0 0 0 0 0 0 3.6 3.4000000000000004 3.6 4 5 4.4 0 4.4 2.6 0 0 4.2 0 0 0 0.4 0.6000000000000001 6.6000000000000005 0 0 3.8000000000000003 0 0 0 0 2.6 0 0 0 0 0 0 5 2.2 0.2 4.2 0 0.8 7 7.4 0 0 0 0 0 0 0 0 0 0 0 0 0 0 0 0 3.8000000000000003 1.2000000000000002 0 0 0 0 0 0 0 0 0 0 0 0 0 0 0 0 4.4 0 0.4 18.6 0.4 0.6000000000000001 0.2 0 0 0 0 0 2 0 0 0 0 0 0 0 0 0 0 0 0 0 0 2.6 0 0 0 3 1.8 0 0 0 
 0 0 0 0 0 0.2 0 0 15 0 0 0 0 0 0 0 0 0 0 0 9.4 8.6 7.4 22.6 11.200000000000001 39.400000000000006 7.800000000000001 12 5.6000000000000005 10.200000000000001 25.6 0 8 8.200000000000001 5.2 53.2 15.8 11.4 4.800000000000001 5.4 0.6000000000000001 13.8 2.8000000000000003 0.4 0.4 0 18 20.8 0.6000000000000001 0 0.2 0 13.4 25.400000000000002 1.2000000000000002 0.8 13.8 0 12.600000000000001 12.600000000000001 0 0.6000000000000001 0 0 0 0.6000000000000001 0 0.4 0.4 2.2 0 0.6000000000000001 0 0 0.6000000000000001 0.6000000000000001 0 0 0 0.4 0 0 0 0 0 0 0 0 0 0 0.4 0 0 0 0 0 0 0 0 0 0 0 0 0 10.200000000000001 7 0 0 0 0 1.8 4.6000000000000005 0 0 0 0 0 0 0 0 7.4 0.2 0 0 0 0 6.2 5.4 8.6 4.2 4.2 0 0 0 12 8.4 7.2 5.4 2.4000000000000004 5 0 0 0.2 0 0 0 0 0 0 0 0 0 0 0 0.4 0 0 0 0 0 0 0 0 1.6 0 0 0 0 0 0 0 0 0 0 0 0 0 0 0 0 0 0 0 0 1.6 3.4000000000000004 0 0.4 0 0 4 6.4 0 0 0 0 0 0 0 0 0 4.6000000000000005 0 4.2 0 0.2 2.4000000000000004 0 0 0.2 0 4 3.6 7 9.8 5.6000000000000005 1.6 0.2 5.800000000000001 5.2 0 0 0 0.4 0 0 0 0 0 0 0 0 0.4 0 0 0 0 0 0 0 0 0 0.2 0 0 0 0 0 0 0 0 0 0 0 2 0.4 0.8 0 0.8 3.4000000000000004 0.8 0 0 0 0 0.2 0 0 0 0 0 0 0 0 0 0 0 0 0 0 0 1.4000000000000001 0 1.4000000000000001 0 0 0 1 0 0 
 0 16 7.2 0 12.4 0.2 16.400000000000002 30.6 0.4 0 0.4 15 0.4 0.2 0 15 14.8 22.200000000000003 0 0 32 38.2 73.60000000000001 19.8 59 7.2 27.8 63.2 18.400000000000002 38.800000000000004 14.8 8 0 17.2 28.8 8.6 64.8 6 16.6 25.8 0.6000000000000001 0 0.4 0.8 0.4 0 0.6000000000000001 0 0.6000000000000001 0 0 0 0 0 0 0 0.6000000000000001 0 0.6000000000000001 0 0 0.6000000000000001 1.4000000000000001 0 0 0.6000000000000001 0 1.2000000000000002 0.6000000000000001 0.4 0 0.6000000000000001 2 0 0.6000000000000001 0 0 0 0 0.4 0.4 0 0 5.4 5.6000000000000005 3.8000000000000003 0 0 0 0 5.2 3.6 0 0 0 0 0 0 0 0 2.8000000000000003 4.4 2.6 0.2 2.6 0 5.6000000000000005 0 5.2 7 2.4000000000000004 0 0 2.4000000000000004 0 0 0.2 0.2 8.200000000000001 5.2 0 0 0 0 0 0 0 0 0 0 0 4 0 0 0 0 0 0 0 0 0 0 0 0 0 0 0 0 0 0 0 0 0 0 0 1.6 0 0 0 0 0 4.2 0 12 0 0.2 0 0 0 0.2 0 2.4000000000000004 0 0 2.2 0 0 0 0 0 5.4 2.2 7.2 6.6000000000000005 0 1.6 1.8 2.6 2 3 2 1 10.4 2.6 0 3.2 0 0 0 5.2 0 2.2 0 0 0.2 0 0 0 0 0 0 0 0 0 0 0 0 0 1 0 0 0 0 0 0 0 0.2 0 0 0 0 0 0 0 0 0 0 0 0 0 0 0 0 0 0 0 15.200000000000001 0 0 0 0 0 0 0 4.800000000000001 0 0.2 5.2 0 0.2 0.4 5.4 0 0 0 0.4 0 0 0 0 0 0 0 0 0 0 0 0 0 0 0 0 0 0 0.2 0 0 0 0 0 
