 0 155.4 19.6 11.600000000000001 28.400000000000002 48 97.80000000000001 14.200000000000001 68.8 22.6 22.200000000000003 5 13.8 9 30 11 73.4 2.8000000000000003 11.200000000000001 9 1.2000000000000002 1 0 0.4 0 0.2 0.8 0.4 1.2000000000000002 0 0 0.4 0 0 0 0 1 0 0.6000000000000001 0.4 0 0.8 0.6000000000000001 0 0.2 0 0 0 0.6000000000000001 0 0 0.4 0.2 0 0.6000000000000001 0 0 1 0.6000000000000001 0.4 0.6000000000000001 0 1 0 0 0 0.4 0.6000000000000001 0 0.4 0 0.4 0.6000000000000001 0 2.4000000000000004 0 0.4 0.4 0.6000000000000001 0 3.6 0.4 0.2 3.6 0 5 5.6000000000000005 2.8000000000000003 3.6 2.8000000000000003 1.8 8 4.4 0 1.6 7.800000000000001 13 1.8 7.800000000000001 2.8000000000000003 0 0 0 0 0 1 0 0 0 0 0 0 0 0 0 0 0 0 0 0 0.4 0 0 0 0 0 0 0 0 0 0 0 0 0 0 0 0 0 0 0 0 0.8 0 0 1 0 0 0 0 0 1 0 0.2 0 0 0 0 0 0 1.4000000000000001 4.2 0 0 0 0 0 2.8000000000000003 0.4 1.6 0 4.6000000000000005 0 2.8000000000000003 5.800000000000001 0 0.4 3.2 8 0 3.6 0 0 0.8 0.4 0 0 0 0 0 0 0.4 0 0 0 0 0 0.2 0 2.6 0.2 0 0 0 0 0 0 0.2 0 0 0 0 0 0 0 0 1.6 0.4 0 0 0 0 0 0.4 0 0 0 0 0 0 0 0 0 0 0 0 0 0 0 0 0 0 0 0 0 0 0.4 0 0 0.8 18.2 0 1.6 0 0 0 0 0 0 0 0 0 0 0 0 0 0 0 0 0 0 0 0 0 0 0 9.600000000000001 0.2 0 0 0 0 0 0 0 0 0 0 0 0 0 
 155.4 0 61.800000000000004 14 8.200000000000001 26.200000000000003 90 50.800000000000004 63 65.8 24 23.400000000000002 35.6 47.800000000000004 50 12.4 10.600000000000001 27 55.800000000000004 105.80000000000001 0.8 0 0 0 0 0 0.4 0.4 1 0 0 0.4 0 0 0 0 0.4 0.2 0.6000000000000001 0.6000000000000001 0.6000000000000001 1 1.2000000000000002 0 0.2 0 0 0 0.2 0 0 0.6000000000000001 0.4 10.200000000000001 0.6000000000000001 0 0.4 0 0.6000000000000001 0.2 0.6000000000000001 0 0.6000000000000001 8.6 0.2 0 0.6000000000000001 0 0.4 0.2 6.6000000000000005 0.8 0.8 0 0.4 1 1.2000000000000002 0 0.4 0 2.8000000000000003 4.2 7.6000000000000005 0.6000000000000001 6.2 2.8000000000000003 3.2 0.4 4.2 8.200000000000001 2.8000000000000003 4.6000000000000005 0.8 6 0.2 4.2 8.6 8.8 0.2 2 3.6 0 0 0 0 0 0 0 0 0 0 0 3 0 0.6000000000000001 0 0 0.4 3.6 3.2 0 0 0 0 0 0 0 0 0 0 0 0 0.2 0 0 0 0 0 0 0 0 0.4 0 0 0 0 0 0 1.6 0 0 0 0.6000000000000001 0 0 0.6000000000000001 0 0 0 0 2.4000000000000004 5 2.4000000000000004 8.200000000000001 3.6 0 0 2.6 0 0 1.8 0.2 1 0.2 14.8 5.6000000000000005 5.4 3 0 0.4 0 0 0 0 0 0 0 0 0 0 0 0 0 0 0.2 0 0 0 2.4000000000000004 0 0 0 0 0 0 0 0.4 0 0 0 0 0 0 0 0.4 0 0.2 0.2 0.4 2.8000000000000003 0 0 0 0 0 0 0 0 0 0 0 0 0 0 0 0.2 0 0 0 0 0 2.6 0 0 0 0.2 18 0.4 0.8 0.8 0 0.8 0 0 0 0.4 0 0 0 0 0 0 0 0 0 0 0 0 0 0 0 0 0 0 0 0 0 0 0 0 0 0 0 0 0 0.4 0 0 0 0 
 19.6 61.800000000000004 0 21.6 27.400000000000002 5.800000000000001 34.800000000000004 49.2 24.6 34.4 27 22.6 25.6 48 121 13.200000000000001 28 26.8 24.6 41.400000000000006 0.6000000000000001 0.6000000000000001 0 0 0 0 0 0 0.6000000000000001 0 0 0 0 0 0 0 0.4 0 0.6000000000000001 0.6000000000000001 0 0 0.4 0 0 0 0 0 0 0 0 0.4 0.4 0 1.4000000000000001 0 0 0 0 0 0.6000000000000001 0 0.6000000000000001 0.4 0 0 0.6000000000000001 0 0.6000000000000001 2.2 0 0 0 0 0.4 0 0 0 0.4 0.2 1.4000000000000001 5 2 0 6.800000000000001 0 3 5 0 11.8 4.4 5.800000000000001 2.2 1.8 0.2 4.4 3 2.8000000000000003 3.8000000000000003 2.6 0 0 0 0 0 0 0 0 0 0 0 0 0 0 0 0 0 0 2.4000000000000004 0 0 0 0 0 0 0 0 3.8000000000000003 0 0 0 0 0 0 0 0 0 0 0 0 0 0 0 0 0 0 0 2 1.2000000000000002 0 0 0 0.6000000000000001 0 0.8 1.4000000000000001 0 0 5 0 6.2 5.2 1.6 2.8000000000000003 0 0 4 0.2 1.2000000000000002 1.2000000000000002 3.6 0.4 4.2 4 2.2 3.4000000000000004 0 2.8000000000000003 2 0 0 0 0 0 0 0 0 0 0 0 0 0 0 0 0 0 0 0 1.8 3.6 0 0 0 2 0 0 0 0 0 0 0 0 0 0 0 0 0 0 0 0 0 0 0 0 0 0 0 0 0 0 0 0 0 0 0 0 0 0 0 0 0 0 0 0 0 0.2 18.400000000000002 0.4 0.4 17.6 0.2 3.8000000000000003 0 0 0 0 0 0 0 0 0 0 1.4000000000000001 0.2 0 0 0 0 0 0 0 0 0 0 0 0 0 1.2000000000000002 0 0 0 0 0 0 0 2 0 0 0 0 
 11.600000000000001 14 21.6 0 77.60000000000001 37.2 17.8 21.6 79 35.800000000000004 8.200000000000001 8.200000000000001 10 73.60000000000001 16.8 38.6 25 26.400000000000002 11.600000000000001 27.6 0.6000000000000001 0.4 0.2 0 0 0 0 0 0.6000000000000001 0 0.2 0 15.600000000000001 18.2 3.8000000000000003 0 0.4 0 58.2 30.6 0 0 0.4 0 0.4 0 0 0 0 0 0 6.6000000000000005 0.4 0.6000000000000001 0.6000000000000001 0 0 0.4 0 0 0.6000000000000001 0 1.4000000000000001 0.6000000000000001 0.4 0 0.6000000000000001 0 10.200000000000001 0 0 0 0.4 0 0.4 0 0.4 0 0.4 0 3.4000000000000004 3.8000000000000003 0 4.6000000000000005 0 0 3.2 7 4 0 2.4000000000000004 1.8 0 5.2 0 3.2 0.2 5.800000000000001 0 0 0 11 2.2 2.4000000000000004 0 0 0 0 0 0 0 0 0 3 4.6000000000000005 0 0 0 5.2 8.8 0 0 0 0 0 0 0 0 0 0 0 0 0 0 0 0 0.4 0 0 0 0 0 0 0 0 2 0 0 0 0 0 0 0 0 0 0 0.2 0 0.8 0 0 1.2000000000000002 2.8000000000000003 5 4.2 3.6 0.6000000000000001 3.2 2.2 0 2.4000000000000004 5.800000000000001 0 0 0 2.8000000000000003 0 0.2 0 0 0 0 0 0 0 0 8.4 3.2 9.8 0 0 0.2 8.8 5.2 2.4000000000000004 0 0 0.2 0.4 12.8 0 0 0 0 0 0 0 0 0 0 0 0 0 0 0 0 0 0 0 0 0 0 0 0 0 0 0 0.2 0 0 0 0.4 0 0 0 0.4 0 0 0 0 0 1 0 0 0 0 0 0 17.8 0.6000000000000001 0 1 1.8 0 0 0 0 0 0 0 0 0 0 0 0 0 0.2 0 0 0 0 0 0 0 0 0.2 3.4000000000000004 0 0 0 0 0 0 0 0 0.2 0 0 0 0 
 28.400000000000002 8.200000000000001 27.400000000000002 77.60000000000001 0 58.400000000000006 9.600000000000001 22.400000000000002 55.6 27.8 50.6 7.800000000000001 12.200000000000001 27.8 22.400000000000002 72.60000000000001 7.2 9 10.4 42.2 1.8 0.4 0.4 0 0 0.4 0.4 0 0.6000000000000001 0.6000000000000001 0 0 22.6 15.600000000000001 14.8 0 0.4 1.2000000000000002 17 3.6 0 0 0.4 0 0 0 1.4000000000000001 0 0 0 0 13.4 0.4 0 0.6000000000000001 0 0 0 0 0 0.6000000000000001 0 0.6000000000000001 0.8 0.4 1.2000000000000002 0.6000000000000001 0 0.4 0 0 1 0 11.4 0.4 0 0.8 0.4 0.4 0.4 4 4.2 0 3.8000000000000003 2.6 1.8 3.4000000000000004 4.6000000000000005 0.4 2 3.8000000000000003 3.6 0 5 0 2.6 2 5.6000000000000005 0 0 0 0 1.6 0.2 0 0 0 0 0.4 0 0.2 0 0 0 7 0 0 0 6.6000000000000005 3.6 1.6 0 0 2.4000000000000004 0 0 0.4 0 0 0 0 0 0 0 0 0 0 0 0 0 0 0 0 0 0 0 0 0 0 0 0 0 0 0 0 0 0 0 0.6000000000000001 0.2 3.6 1.2000000000000002 1.8 6.4 6.2 7.800000000000001 0 2.8000000000000003 5.4 0 2.8000000000000003 6.4 4.800000000000001 2.6 0 2.6 0 0.2 0 0.2 2.2 0 0 0 0 0 1.8 3.6 1.8 0 0 0 2.6 5.2 3 0 0 0 0 11.8 0 0 0 0 0 0 0 0 0 0 0 0 0 0 0 0 0 0 0 0.2 0.4 0 0 0 0 0 0 0 0 0 0 0 0 0 0 0 0 0 0 0 0 0.4 0 0 0 0.6000000000000001 0.2 0 0.4 0 4.4 1.8 0 0 0 0 0 0 0 0 0 0 1.2000000000000002 0 0 0 0 0 0 0 0 0 0 0 0 1.8 0 0 0 0 0 0 0 0 0 0 0 0 0 0 
 48 26.200000000000003 5.800000000000001 37.2 58.400000000000006 0 26.200000000000003 28 52.2 10.4 66.8 16.8 15.200000000000001 21.8 52 16 34.2 12.600000000000001 7.4 24.6 0.6000000000000001 0.2 0 0 0 0 15 0 0.8 0 0.6000000000000001 0.2 42.800000000000004 13 19 22 1 0 13.200000000000001 21 0 0.6000000000000001 0.4 0 0.4 0 0 0.4 0.2 0 0 0.6000000000000001 0.2 0 0.6000000000000001 0 0 0 0.6000000000000001 0.6000000000000001 0.6000000000000001 0 0.6000000000000001 0.4 0.2 0 0.6000000000000001 0.8 0 0 0 0.4 0.4 0 0.4 0 0 0 0.4 0.2 4.4 3.2 0.4 3.2 6.800000000000001 1.8 0 0 2 2.2 3.6 0 0 0.6000000000000001 0 0 0 1.8 0 0.4 3.4000000000000004 5.800000000000001 4 3.2 0.2 0 1.6 11.200000000000001 4.6000000000000005 4.6000000000000005 1.8 0 2 11.200000000000001 3.2 7.2 3.6 0 9 2.4000000000000004 0 0 0 0 0 0 0 0 0 0 0 0 0 0 0 0 0 0 0 0 0 0 0 0 0 1.6 0 0 0 0 0 0.2 0 0 0 0 0 0 2.2 0 0 2.6 1 2.2 3.2 3.2 0 0 0 0 0 0 0 0 0 2.2 2.4000000000000004 0.6000000000000001 0 3 3.2 3.8000000000000003 0 0 0.4 3.4000000000000004 6.2 5.2 2 0.2 0 2.2 16.8 4 12.4 0 5 0 3.4000000000000004 11.200000000000001 0 0 0 0 0 0 0 0 0 0 0 0 0 0 0 0 0 0 0 0 0 0 0 0 0 0 0 0 2.4000000000000004 0.4 0 0 0 0 0 0 0 0 0 0 0 0 0 0 0 0 0 0 0.4 0.8 0.8 1.2000000000000002 0 0 0 0 0 0 0 0 1.6 0 0 0 0 0 0 0 0 0 0 0 0 0 0 0 0 0 0 0 0 0 0 0 0 3.4000000000000004 0 0 0 0 
 97.80000000000001 90 34.800000000000004 17.8 9.600000000000001 26.200000000000003 0 26.6 14.4 24.200000000000003 28.6 9.4 20.200000000000003 45.400000000000006 105.2 4.800000000000001 7.6000000000000005 14.600000000000001 30 49.400000000000006 0.6000000000000001 0.2 0 0 0 0 0 0 1 0 0 0.2 0.2 0 0.4 0 1.8 0 0.6000000000000001 41 0 0 0.4 0 0.2 0 0.2 0 0 0.2 0 0.4 0.4 0 0.6000000000000001 0 0 0 0 0 0.6000000000000001 0 0.6000000000000001 0.4 0 0 0.6000000000000001 0 0 0 0 0 0 0 0.4 0 0 0 0.4 0.2 17.8 0.6000000000000001 3.6 3 4 0.2 2.8000000000000003 4.800000000000001 4.6000000000000005 5.4 2.4000000000000004 2.8000000000000003 3.8000000000000003 4 6.2 5.2 0 5 2.4000000000000004 0 1.2000000000000002 0 0 0 0 0 0 0 0 0 0 0 0 0.4 0 0 0 0 0 3 0 0 0 0 0 0 0 0 0 0 0 0 0 0 0 0 0 0 0 0 0 0 0 0 0 0 0 1.4000000000000001 1.2000000000000002 0 0 0 2.4000000000000004 0 1 1.2000000000000002 0 0 0.4 0 2.2 3.4000000000000004 2 5.800000000000001 4.4 4.6000000000000005 8.4 6 0 3.6 0 3 2.8000000000000003 3.8000000000000003 0 2.2 3 1 0 2.8000000000000003 0 0 0 0 0 0.2 0 0 0 0.2 0 0 0 0 0 0 0 0 0 3.6 0 0 0 0 0 0 0 0 0 0 0 0 0 0 0 0 0 0 0 0 0 0 0 0 0 0 2 0 0 0 0 0 0 0 0 0 0 0 0 0 0 0 0 0 0 0.4 17.8 0 0.2 9.200000000000001 0 1 0 0.2 0 0 0 0 0 0 0 0 0 0 0 0 0 0 0 0 0 0 0 0 0 0 0 1 0 0 0 0 0 0 0 0 0 0 0 0 
 14.200000000000001 50.800000000000004 49.2 21.6 22.400000000000002 28 26.6 0 13.4 66.2 25.6 15.600000000000001 33.2 31 13.600000000000001 7 11 7.4 16.2 47.6 0.6000000000000001 0.8 0.2 0 0 0.2 0 0.2 1 0 0.6000000000000001 0 0 0 0 0 0.4 0 0.6000000000000001 0.6000000000000001 0 13 0.6000000000000001 0 0 0.6000000000000001 0.6000000000000001 0 0 0.2 2.2 3.8000000000000003 0.8 0 0.6000000000000001 0 0 0.8 0 0.6000000000000001 1 0 0.6000000000000001 0 0.2 0 1 0.2 0.4 0 0 0 0.6000000000000001 0 0.4 0 0 0.4 0.6000000000000001 0.4 6.2 4.6000000000000005 6.800000000000001 2.2 4.6000000000000005 0 0 3.6 8.6 0 1.8 0 2.4000000000000004 2 0.2 0 3.8000000000000003 5 0.8 1 0 0 0 0 0 0 0 3.6 0 0 0 0 0 0 0 0 0 0 0.4 3.2 0 0 0 0 0 0 0 0 0 0 0.4 0.2 0 0 0.4 0 0 0 0 0 0 0 0 0 0 0 0 0 1.2000000000000002 0 0 0 1.6 0 0 0.6000000000000001 0 0.4 0 0 2.4000000000000004 4.2 2.4000000000000004 5.2 4 13.200000000000001 0 3.8000000000000003 0 2.2 0 3.2 0.2 0.2 2.4000000000000004 2.4000000000000004 6 3.8000000000000003 0 0.2 0 0 0 0.2 0.6000000000000001 3.2 0 0 0 0 0.2 0 0 0 0 0 1.8 0 0 3.4000000000000004 0 0 0 0 0 0 0 0 0 0 0 0 0 0 0 0 0 0 0 0 0 0 0 0 2 0 0 0 0 0 3.8000000000000003 0 0 0 0 0 0 0 0 0 0 0 0 0 0 0 0.6000000000000001 0 0 0.8 0.4 2 0 0.2 0 0 0.4 0 0 0 0 0 0 0 0 0 0 0 0 0 0 0 0 0 0 0 0 0 0 0 0 0 0 0 0 0 0 0 0 0 
 68.8 63 24.6 79 55.6 52.2 14.4 13.4 0 142.6 87.80000000000001 53.400000000000006 67.4 35.4 43.400000000000006 37.4 6.4 37.6 12.200000000000001 32.2 0.6000000000000001 0.6000000000000001 0 0 0 0 0 15.200000000000001 1 0 0 0 5.2 0 0 0 0.4 0 30.6 15.8 0 0 0.6000000000000001 0 0 0 0 0 0.6000000000000001 0 0.4 6 0.4 0 0.6000000000000001 0 0 0.2 0 0 0.6000000000000001 0 0.6000000000000001 0 1.2000000000000002 0 0.4 0.2 0 0.6000000000000001 0 0 0.4 0 0.6000000000000001 0 0 0 0.6000000000000001 8.4 0 0 2.8000000000000003 3 3.4000000000000004 4.6000000000000005 0 0.2 0 9.8 6.6000000000000005 0 0 2.2 3.4000000000000004 21.6 8.200000000000001 6.4 0 0 2.6 0.2 0 0 0 0 0 1.8 0 0 0 0 3.6 0 3.8000000000000003 0 5 0 2 1.6 0.2 0 0 0 0 0 0 0 0 0 0 0 0 0 0 0 0 0 0 0 0 0 0 0 0 0 0 0.4 0 0 0 0 0 0 0 0 0 0 0 0 0 3.6 4.800000000000001 3.6 0 0 6.4 3.2 4.800000000000001 1 3.6 3.8000000000000003 5 2.8000000000000003 3.6 2.2 0 0 0 0 0 0 0 0.2 0 0 4 2.8000000000000003 3.6 3 2.6 0 0 1.4000000000000001 0 0 0 0 0 2 0 0 0 0 0 0 0 0 0 0 0 0 0 0 0 0 0 0 0 0 0 0 0.2 0 0.4 0 0 0 0 0 0 0 3.4000000000000004 0 0 2.8000000000000003 0 0 0 0 0 2.2 0 0 0 0.6000000000000001 35.2 0 0.4 0.2 0 2.2 4.4 0 0 0 0 0 0 0 0 2.2 0 0 0 0 0 0 0 0 0 0 0 0 0 3.8000000000000003 2.8000000000000003 0 0 0 0 0 0 1.6 0 0 0 0 0 0 
 22.6 65.8 34.4 35.800000000000004 27.8 10.4 24.200000000000003 66.2 142.6 0 43.800000000000004 44.2 9.4 10.4 29.200000000000003 62.400000000000006 14.4 71.2 55.400000000000006 27.200000000000003 0.6000000000000001 0.2 0 0 0 0 0 0 1 0 0 0 30 0 0.6000000000000001 0 0.4 0 12.4 13.4 0 0 0.4 0 0 0.2 0 0 0 0 0 11.8 0 0 12.200000000000001 0 0 0 0 0 0.6000000000000001 0 0.6000000000000001 0 0.2 0 0.4 0 0 0 0 0 0 0 0.4 0 0 0 0.6000000000000001 5.800000000000001 2.6 0.2 4.800000000000001 11 14.600000000000001 7.4 0 0 7.4 3.4000000000000004 5.800000000000001 0 0 0.4 3.4000000000000004 4.2 10.8 5.4 0 0 2.6 0 0 0 0 0 0 0 0 0 0 0 2.4000000000000004 0 2 0 0 0 8.4 0 0 0 0 0 0 0 0 0 0 0 0 0 0 0 0 0 0 0 0 0 0 0 0 0 0 0 0 0 0 0 0 0 0 0 0 0 0 0 0 0 4.2 3.6 3.6 6 0.2 0 0 2 4.800000000000001 0 7.6000000000000005 0.4 2.6 4.2 3.4000000000000004 2 2.4000000000000004 5.4 0 0.2 1.8 0 0 0 0 0 1 3.4000000000000004 3.2 1.8 0 0 0 1 0 0 0 0 1.8 0.4 0 0 0 0 0 0 0 0 0 0 0 0 0 0 0 0 0 0 0 0 0 0 0 0 0 0 0 0 0 0 0.6000000000000001 0 0 0 0 0 0 0 0 0 0 2.4000000000000004 0 0 0 0 1.8 0.6000000000000001 0.4 17.8 0.4 2.2 0 0 0 0 0 0 0 0 0 0 0 0 0 0 0 0 0 0 0 0 0 0 0 1.2000000000000002 0 0 0 0 0 0 0 0 0 0 0 0 0 0 
 22.200000000000003 24 27 8.200000000000001 50.6 66.8 28.6 25.6 87.80000000000001 43.800000000000004 0 46.6 6.800000000000001 7.2 39.6 20 22 28.400000000000002 8.6 12 0.8 0.6000000000000001 0 0.4 0 0 0 0 1.2000000000000002 0 0 0 20.200000000000003 0 16.8 0.2 0.4 0 15.200000000000001 15 0 0 0.4 0 0.4 0 1.4000000000000001 0 0.6000000000000001 0.2 0 0.6000000000000001 0.4 0.6000000000000001 0.6000000000000001 0 0 0 0.6000000000000001 0 0.6000000000000001 0.2 0.6000000000000001 0 0 0 0.4 0.4 0.4 0 0 0.4 0 0.4 0.6000000000000001 0 0 0 0.6000000000000001 10.200000000000001 7 3 8.200000000000001 4.2 4.6000000000000005 5.2 3.4000000000000004 1.8 6.800000000000001 0 0 4.800000000000001 0 5.800000000000001 2.8000000000000003 0 2.2 4.4 0 0 4.6000000000000005 0 0.2 0 0 0 0 0.6000000000000001 0.4 0 0 0 0.6000000000000001 0 2.4000000000000004 3.2 1.4000000000000001 0.2 3.2 0 0 0 7.800000000000001 0 0 0 0 0 0 0.6000000000000001 0 0 0 0 0 0 0 0 0 0 0 0 0 0 0 0 0 0 0 0 0 0 0 0 0.2 0 0 0 0 0 2.2 2.6 2.2 3 5 0.6000000000000001 0 1 5.800000000000001 0.2 3.8000000000000003 0 0.2 2.8000000000000003 0.4 0.2 0 4.6000000000000005 0 2.8000000000000003 0.6000000000000001 0 0 0 0 0 3.4000000000000004 3.8000000000000003 6.2 0 0 0 0.2 2.6 0.8 0 2.8000000000000003 0 0 2.8000000000000003 0 0 0 0 0 0 0 0 0 0 0 3.8000000000000003 0 0 0 0 0 0 0 0 0 2.6 0 2.6 0 0 0 0 0 0 0 0 0 0 0 0 0 3.8000000000000003 0 0 0 0.4 0 0 0 0.4 0.4 0 17.6 17 0 1.8 0 0 0 0 0 0 0 0 0 0 0 0 0 0 0 0 0 0 0 0 0 0 0 0 1.2000000000000002 0.2 0 0 0 0 0 0 0 0 0 0 0 0 
 5 23.400000000000002 22.6 8.200000000000001 7.800000000000001 16.8 9.4 15.600000000000001 53.400000000000006 44.2 46.6 0 48.6 5.800000000000001 9.4 5.2 14.8 13.600000000000001 8.200000000000001 8.200000000000001 1 0.8 0 0.4 0 0 15.4 0.8 0.6000000000000001 0 0 0 24.200000000000003 0.6000000000000001 7.4 0.4 1.6 0 0.6000000000000001 4 0.6000000000000001 0.2 0.4 0 0 0 0 0 0.4 0 0 0.4 0.4 0 0.6000000000000001 0.6000000000000001 0 0 0 0 0.8 0 0.6000000000000001 0 0 0 0.6000000000000001 0 0.2 0 0 0 0.2 0 0.8 0 0 0.6000000000000001 0.6000000000000001 9.8 0 1.8 3.4000000000000004 2 7.6000000000000005 2.8000000000000003 0.2 0 0 0.2 2.6 0.2 0.4 0 0 2.2 7.4 1.8 0 1.8 2.8000000000000003 1.4000000000000001 8.200000000000001 1.6 0.4 0 0 5.6000000000000005 3.4000000000000004 5.4 2 0 10.8 1.4000000000000001 4.4 0 4.2 3.4000000000000004 2.8000000000000003 0 0 0 0 0 0 0 0 0 0 0 0 0 0 0 0 0 0 0 0 0 0 0 0 0 0 0 0 0 0 0 0.4 0 0 0 0 0 0 1.6 0 0 0 2.8000000000000003 2.8000000000000003 0 5.4 1.8 0 0 2.2 0 5.4 0 0 0 0 0 0.6000000000000001 2.4000000000000004 0 0 1.4000000000000001 1.8 0 0 0 0 3.4000000000000004 1.8 0 0 0 0 2.4000000000000004 5.2 4 2.2 0 0 2.2 2.8000000000000003 0 0 0 0.4 0 0 0 0 0 0 0 0.2 0 0 0 0 0 0 0.4 0 0 0.4 0 0 0 0 0 0 0 0 0 0 0 0.2 0 0 0 0.2 0 0 0 3.6 0 0 0 0.2 18 0 0 0 0 3.4000000000000004 0 0 0 0 0 0 0 0 0 0 0 0 0 0 0 0 0 0 0 0 0 0 0 0 0 0 0 0 0 0 0 0 0 5.800000000000001 0 0 0 0 
 13.8 35.6 25.6 10 12.200000000000001 15.200000000000001 20.200000000000003 33.2 67.4 9.4 6.800000000000001 48.6 0 62 26.8 23.200000000000003 26.6 5.4 83.4 13.8 0.6000000000000001 0.4 0.2 0 0 0 0 0 0.6000000000000001 0.4 0 0 0.2 0 0 0 0.4 0 0.6000000000000001 0.4 5.4 0 0.4 0 0 0 0 0 0 0 0 0.4 0.2 0 0.6000000000000001 0 7.2 0 0 0 0.6000000000000001 0 0.6000000000000001 0 0 0 0.4 0 0 0 0 0 0 0 0.4 0 5.4 0 0.6000000000000001 0 0 2.6 0 0 0.6000000000000001 0 2 0 0 0 0 1.8 2 7.800000000000001 0 0 4 4 3.4000000000000004 5 0 0 0 0 0 0 0 0 0 0 0 2.6 0 0 0 0 0.2 0 0 0 0 0 0 0 0 0 0 0 0 0 0 0 0 0 0 7 4.4 0 0 0 0 0 0 0 0.8 0.4 1.4000000000000001 0 0 0 1 0.4 0 0 0 0 0 0 0 0 0 0 0 4.4 0 0 2 5.800000000000001 2 0.8 2 0 6.6000000000000005 1 8.200000000000001 0 0 0 3.4000000000000004 3.6 0 0 0 0 0 0 0 0 0 0 0 0 0 0 0 0 0 0 0 0 0.2 0 0 0 0 0 0 0.4 0.6000000000000001 0 0 0 0 0 0 0 0 0 0 0 0 0 0 0 0 0 0 0 0 0 0 0 0 0 0 0 0 0 0 0 0 0 0 0 0 0 0 0 0.4 0 0 2.4000000000000004 0 0 0 0 0 0 0 0 0 0 2 0 0 0 0 0 0 0 0 0 0 0 0 0 0 0 0 0 0 0 0 0 0 0 0 0 0 0.4 
 9 47.800000000000004 48 73.60000000000001 27.8 21.8 45.400000000000006 31 35.4 10.4 7.2 5.800000000000001 62 0 67.60000000000001 27.200000000000003 26.400000000000002 24.8 38 67.4 0.6000000000000001 0.4 0.4 0 0 0 0 0 0.6000000000000001 0 0 0 0.4 0 0 0 0.4 0 0.6000000000000001 0.6000000000000001 0 0 0.4 0 0.4 0 0 0 0 0 0 0.4 10.200000000000001 0 0.6000000000000001 0 0 0 0 0 0.6000000000000001 0 0.6000000000000001 0.6000000000000001 0 0 0.6000000000000001 0 2.2 0 0 0 0 0 0.4 0 0 0 0.4 0.2 4.4 4 3.8000000000000003 3 6.4 2 7.4 2.2 5.2 22.200000000000003 7.4 2.8000000000000003 1.2000000000000002 4 2.8000000000000003 4.4 2.8000000000000003 2 1.8 3.4000000000000004 0 0 0 0 0 0.2 0 0 0 0 0 0 0 0 0 0 0 0 2.6 2.4000000000000004 0 0 0 0 0 0 0 0 0 0.2 0 0 0.2 0 0 0 0 0 0 0 0 0 0 0 0 0 0 2 1.2000000000000002 0.4 0 0 0.6000000000000001 0 0.8 1.8 0 1.8 0 0 10.600000000000001 5 3.4000000000000004 3.6 7.2 0.2 4 0.8 0 1 4.800000000000001 0.2 6.800000000000001 3.8000000000000003 3 7 2 0 0 0 0 0 0 0 0 0 0 0 0 0 0 0 0 0 0 0 0 0 1.4000000000000001 3 0 0 0 0 0 0 0 0 0.4 0 0.4 0 0 0 0 0 0 0 0 0 0 0 0 0 0 0 0 0 0 0 0 0 0 0 0 0 0 0 0 0 0 0 0 0 0 0 22.400000000000002 0 0.4 0.2 0 4.6000000000000005 0.4 0 0 0.4 0 0 0 0 0.2 0 0 0 0 0 0 0 0 0 0 0 0 0 0 0 0 1.8 0 0 0 0 0 0 0 0 0 0 0 0 
 30 50 121 16.8 22.400000000000002 52 105.2 13.600000000000001 43.400000000000006 29.200000000000003 39.6 9.4 26.8 67.60000000000001 0 35.4 26.8 61.400000000000006 24.200000000000003 47.2 0.6000000000000001 0.2 0 0 0 0 0 0 1 0 0.2 0 0 0 0 0 0.6000000000000001 0 0.6000000000000001 0.6000000000000001 0 0 0.4 0 0.4 0 0 0 0 0 0 0.4 4 13 0.6000000000000001 0 0 0 0 0 0.8 0 0.6000000000000001 0.6000000000000001 0 0 0.6000000000000001 8.8 0.8 0 0 0 0 0 0.4 0 0 0 0.4 0 0 4 0.4 0.4 3 3 3 8 0 4.2 9.8 4.4 2.2 1.8 0 5 4.4 0 2.4000000000000004 1.4000000000000001 0 0 0.4 0 0 0 0 0 0 0 0 0 0 0 0 0 0.2 0 2.2 2.2 0 0.2 0 0 0 0 0 0 0 0 0 0 0.2 0 0 0 0 0 0 0 0 0 0 0 0 0.4 0 0.8 0.6000000000000001 0 0 0.4 0.2 0 0.6000000000000001 1.6 0 0 0 0 11.200000000000001 3.4000000000000004 1.8 4.4 0 0 6.6000000000000005 3.8000000000000003 1.4000000000000001 1.8 3.2 2.8000000000000003 8.8 3.2 7 5.800000000000001 0 0 2.2 0.4 0 0 0 0 0 0 0.2 0 0 0 0 0 0 0 0 0 0 0 4.2 0 0.2 0 0 0 0 0 0 0.4 0 0 0 0 0 0 0 0 0 1 0 0 0 0 0 0 0 0 0 0 1.2000000000000002 0 0 0 2.2 0 0 0 0 0.4 0 0 0 0 0 0 0 0 21.200000000000003 0.2 0.4 1 0 0.2 0.4 0 0.2 0 0 0 0 0 0 0 1.4000000000000001 0 0 0 0 0 0 0 0 0 0 0 0 0 4 2.8000000000000003 0 0 0 0 0 0 0 0 0 0 0 0.4 
 11 12.4 13.200000000000001 38.6 72.60000000000001 16 4.800000000000001 7 37.4 62.400000000000006 20 5.2 23.200000000000003 27.200000000000003 35.4 0 48.800000000000004 24.6 11.4 96.2 2.4000000000000004 0.2 0 0 0 0 0 0 0.6000000000000001 0 0 0 15 0.2 0 0.2 0.4 0 33.2 16.8 0 0 0.4 0 0 0 0 0 0 0 0 12.8 0.4 8.4 0.6000000000000001 0 0 0 0 0 0.6000000000000001 0 0.6000000000000001 0 0.6000000000000001 0 0.4 0 0 0 0 0 0 0 0.4 0 0 0 0.6000000000000001 0.2 0 0 0 2.2 0 0 0 3.8000000000000003 2.4000000000000004 10.200000000000001 3.6 1.2000000000000002 0 0 2.8000000000000003 4.4 7.6000000000000005 6.4 0 0 0 0 3 0 0 0 0 0 0 0 0 0 2.8000000000000003 0 3 0 0 0 3.4000000000000004 3 0 0 0 0 0 0 0 0 0 0 0 0 0 0 0 0 0 0 0 0 0 0 0 0 0 0 0 0 0 0 0 0 0 0 0 0 0 0 1.2000000000000002 0 5 1.8 0 10.4 0 3 2.2 3.4000000000000004 5.4 3 4.6000000000000005 10.4 0.2 0 5 1.8 0 3.4000000000000004 0 0 2.4000000000000004 0 0 0 0 0 3.8000000000000003 4.2 4.2 0 0 0 2 2.8000000000000003 0.4 0 0 0 0 6.2 0 0 0 0 0 0 0 0 0 0 0 0 0 0 0 0 0 0 0 0 0 0 0 0 0 0 0 0 0 3.6 0 0 0 0 0 0 0 0 0 0 0 0 0 0 0 0.6000000000000001 0 0 0 0.2 0 2 3.2 0 0 0 0 0 0 0 0 0 0.2 0 0 0 0 0 0 0 0 0 0 0 0 5.2 3.6 0 0 0 0 0 0 0 0 0 0 0 0 0 
 73.4 10.600000000000001 28 25 7.2 34.2 7.6000000000000005 11 6.4 14.4 22 14.8 26.6 26.400000000000002 26.8 48.800000000000004 0 27 82.60000000000001 7.2 0.8 0.4 0 0 0.2 0 0 0 0.6000000000000001 0.4 0 0 6.4 16.8 16 0 0.4 0 15.200000000000001 0.6000000000000001 0 0 0.4 0 0.2 0 0 0 14.600000000000001 0 0.2 0.4 0 0 0.6000000000000001 0 0 0 0 0 0.6000000000000001 0 0.6000000000000001 0.6000000000000001 0 0 0.6000000000000001 0.6000000000000001 1 0 0 0 0 0 1 0 0 0 0.4 7.800000000000001 0 1.6 2.6 1 1.6 5.800000000000001 0.8 4.800000000000001 0.2 0 3.6 6.2 4.800000000000001 0 2.8000000000000003 8.200000000000001 0 0 3.6 1.4000000000000001 0 0 2 0 3 0 4.2 0 0 0 0 0 0 0 2 0 0 0 0 6.2 0 0 0 0 0 0 0 0 0 0 0 0 0 0 0 0 0 0 0 0 0 0 0 0 0 0 0 0 0 0 0 0 0 0 0 0 0 0 5.6000000000000005 0 0 0.2 4.4 2.2 1.4000000000000001 0 3.8000000000000003 2.4000000000000004 1.2000000000000002 7.2 2 4 0 0 4.800000000000001 2.4000000000000004 0 5.2 0 3.8000000000000003 0 0 0 0 0 0 0.2 0 0 0 0 0 2.8000000000000003 0 2.8000000000000003 0 0 0 4.2 4.6000000000000005 0 0 0 0 0 0 0 0 0 3 0 0 0 0 0 0 0 0 2.8000000000000003 0 0 0 0 0 0 0 0 0 0 0 0 0 0 0 0 0 0 0 0 0 0 0 0 0 0 0 0.2 0.2 0.4 0.2 3.2 1.6 0 0 0 0 0 0 0 0 0 0 1.2000000000000002 0 0 0 0 0 0 0 0 0 0 0 0 0 7 0 0 0 0 0 0 0 0 0 0 0 0 0 
 2.8000000000000003 27 26.8 26.400000000000002 9 12.600000000000001 14.600000000000001 7.4 37.6 71.2 28.400000000000002 13.600000000000001 5.4 24.8 61.400000000000006 24.6 27 0 28.8 15.600000000000001 1 0.6000000000000001 0.2 0.2 0 0 0.4 0.4 0.6000000000000001 0 0 0.4 1 12.8 1 0.2 0.4 0 16.2 0.4 0 0 0.4 0 0 0 0.8 0 0 0 0 0.4 0.2 0 0.6000000000000001 0 0 0 0 0 0.6000000000000001 0 1.6 0 0 0 0.4 0 2.6 0 0 0 0 0 0.4 0 0 0 0.6000000000000001 10.200000000000001 1.2000000000000002 0 1.4000000000000001 0.2 1.6 6 2.4000000000000004 1.4000000000000001 0.2 4.4 3 1.6 0 1.4000000000000001 7 2.6 0 0 6.2 3.4000000000000004 0 0 2.4000000000000004 0 0 0 2.8000000000000003 0 0 0 0 0 0 0.2 3.4000000000000004 0 0.4 0 0 5.4 0 0 0 0 3.2 0 0 0 0 0 0 0 0 0 0 0 0 0 0 0 0 0 0 0 0 0 3.6 0 0 0 0 0 0 0 0 0 0 0 0 0 0 3.2 6.4 0 5 3.4000000000000004 7.2 0 2.4000000000000004 5.2 4 1.4000000000000001 2.6 2.8000000000000003 2.8000000000000003 7.800000000000001 0 4.800000000000001 0 0 0 0 0 0 0 0 3.2 0 0 0 0 0 0 4.4 0 2.6 0 0 2 1.6 0 0 0 0 0 0 0 0.2 0 0 0 0 0 0 0 0 0 0 0 0 0 0 0 0 0 2.2 0 0 0 0 0 0 0 0 0 0 0 0 0 1.4000000000000001 0 0 0 0 0 0.6000000000000001 17.8 0 1.2000000000000002 0.2 4.6000000000000005 0.6000000000000001 3.6 0 0 0 0 0 0 0 0 0 2.6 0 0 0 0 0 0 0 0 0 0 0 0 0 3 0.2 0 0 0 0 0 0 0 0 0 2.6 0 0.2 
 11.200000000000001 55.800000000000004 24.6 11.600000000000001 10.4 7.4 30 16.2 12.200000000000001 55.400000000000006 8.6 8.200000000000001 83.4 38 24.200000000000003 11.4 82.60000000000001 28.8 0 36 0.6000000000000001 0.6000000000000001 0.6000000000000001 0 0 0 0 0 0.6000000000000001 0 0 0 0.4 0 0 0 0.4 0.2 1.2000000000000002 0.6000000000000001 0 0 1.2000000000000002 0 0 0.8 0.8 0 0 0 0.4 0.6000000000000001 0.4 0 0.6000000000000001 0 0 0 0 0.4 0.6000000000000001 0 0.6000000000000001 0 0 0 0.4 0.6000000000000001 1 0.4 0 0.4 0.6000000000000001 0 0.4 1 0 12.8 0.6000000000000001 0 2.6 2 0 1.4000000000000001 4.2 0 2 5 0 0 0 0.4 5 0 4.6000000000000005 0 0 0.2 6.2 5.800000000000001 0 0 0 0 0 0 0 0 0 0 0 0 0 0.4 0 1.4000000000000001 0 0 0 0 0 0 0 0 0 0 0 0 0 0 0 0 0 0 0 0 0 0 0 0 0 0 0 0 0 0 1.4000000000000001 0 0 0 0 0 5.4 0 0 0 0 1.8 0.4 0 0 1.8 0.8 4 0 3 5.2 2 2.2 3 1.2000000000000002 5.2 0 2.8000000000000003 3.6 0 6 3.4000000000000004 3.2 2.2 0 0 0 0 0 0.2 0 0 0 0.2 0 0 0 0 0 0 0 0 0 0 0 0 0 0 0 0 0 0 0 0 0 0 0 0 0 0 0 0 0 0 0 0 0 0 0 0 0 0 0 0 0 0 0 0 2.2 0 0 0 0 0 0 0 0 0 0 0 0 0.4 0.4 0.4 0 1 0 0 0 0.6000000000000001 0 0 0 0 0 0 0 0 0 0 0 0 0 0 0 0 0 0 0 0 0 0 0 0 0 0 0 0 0 0 0 0 0 0 
 9 105.80000000000001 41.400000000000006 27.6 42.2 24.6 49.400000000000006 47.6 32.2 27.200000000000003 12 8.200000000000001 13.8 67.4 47.2 96.2 7.2 15.600000000000001 36 0 0.6000000000000001 0.4 0 0 0 0 0 0 0.6000000000000001 0.6000000000000001 0 0 0 0 0 0 0.4 9.4 0.6000000000000001 0.4 0.2 0 0.6000000000000001 0 0 0 0 0 0 0 0 0.4 0 0.4 0.6000000000000001 0 0 0 0 0 0.6000000000000001 0 0.6000000000000001 0 0 0 0.4 0 0 0 0 0 11.600000000000001 0 1 0 0.4 0 0.6000000000000001 0 4.6000000000000005 5 1.2000000000000002 2.8000000000000003 0 0 3.4000000000000004 3.8000000000000003 2.2 3 6.800000000000001 1.6 0 1.4000000000000001 8 1.2000000000000002 6.800000000000001 0 2.6 0 0 0 0 0 0 0 0 0 0 0 0 0 0 0.2 0 0 0 0 0 0.2 0 0 0 0 0 0 0 0.4 0 0 0 0 0 0 0 0 0 0 0 0 0 0 0 0 0 0 0 0.8 0.6000000000000001 0 0 0 0.6000000000000001 0 0.4 1.8 0 0 0 0 5.6000000000000005 2.4000000000000004 0.4 6.800000000000001 1.2000000000000002 1.6 1.8 6.4 0 4.2 1 2 9.600000000000001 0 6.2 3.6 1.8 2.6 0.6000000000000001 0 0 0 0 0 0 0.4 0 0 0 0 0 0 0.4 0 0 0 2 0 0 2.8000000000000003 0 0 0 0 0 0 0 0 0 0 0 0 0 0 0 0 0 0 0 0 0 0 0 0 0 0 0 0 0 0 0 0 0 0 0 0 0 0.4 0 0 0 0 0 0 0 0.4 1.4000000000000001 0.4 0 0 0.2 0 0 0 0 0 0 0 0 0 0 0 0 0 0 0 0 0 0 0 0 0 0 0 0 0 0 3.4000000000000004 0 0 0 0 0 0 0 0 0 0 0 0 
 1.2000000000000002 0.8 0.6000000000000001 0.6000000000000001 1.8 0.6000000000000001 0.6000000000000001 0.6000000000000001 0.6000000000000001 0.6000000000000001 0.8 1 0.6000000000000001 0.6000000000000001 0.6000000000000001 2.4000000000000004 0.8 1 0.6000000000000001 0.6000000000000001 0 79 44.2 39 8 7.2 66.60000000000001 48.800000000000004 6.4 18 21.8 13.4 13 28.400000000000002 6.4 7.6000000000000005 4 25.200000000000003 7.6000000000000005 17.2 1.2000000000000002 0 0 0.4 0 0 1.8 0 0.4 0.2 0.4 0 13.200000000000001 0 0 1 0 13.4 13 0 0.4 0 1.6 10 0 0 0 0.4 0.4 0.8 0 1 0 0 0 0.8 0.4 0 0 0.2 0 1.8 0 0 0 0 0 0 0 0 0 0 0 0 0 0 0 0 0 0 0.2 3 0 0 8.6 0 1.6 0 1 6 1.6 7 2.8000000000000003 0.2 3.6 2.2 1.4000000000000001 4.6000000000000005 0 0 2.8000000000000003 0 0 0 0 0 0 0 0 0 0 0 0 0 0 0 0 0 2 0 0 0 0.6000000000000001 0 0 0 0 0 0 0 0.4 1.4000000000000001 0 0 0 0 0.2 0 0 0 0 0 0 0 0 0.2 0 0 0 0 0 0 0 0.2 0.2 0 0 0 0 0 0 4.4 7 2 2 1.4000000000000001 1.2000000000000002 0 8.8 5.6000000000000005 9.4 2.2 0.4 3.6 1.2000000000000002 10.4 2 8 0 0 2.2 0 0 0 0 0 0 0.2 0.4 0 0 0 1.8 0 0 0 0 0 5.4 0 0 0 0 0 0 0 0 0 0 0 0 0 0 0 0 0 0 0 0 0 0 0 0 0 0 0.2 0 0 0 0 0 0 0 0 1.2000000000000002 0.2 0.4 0 0.2 0 0 0 0 0 0 0 0 0 0 0 0 0 0 0 0 0 0 0 0 0.2 0 1.6 0 0 0 0 0 0 0 0 
 1 0 0.6000000000000001 0.4 0.4 0.2 0.2 0.8 0.6000000000000001 0.2 0.6000000000000001 0.8 0.4 0.4 0.2 0.2 0.4 0.6000000000000001 0.6000000000000001 0.4 79 0 17.400000000000002 30 5.6000000000000005 7.800000000000001 38.2 39.2 25 9.8 11.8 10.600000000000001 8 28.400000000000002 38 14.4 27 12.600000000000001 20.8 13.200000000000001 0.2 0.4 0.4 0 3.2 0.2 1.4000000000000001 0.6000000000000001 41.6 1 0.4 0.4 1.2000000000000002 0.2 0.6000000000000001 13.600000000000001 0.4 3.4000000000000004 22.200000000000003 0.4 0.4 0 0.6000000000000001 0.4 0 0 0 0 0.6000000000000001 0.4 0 0.2 1.6 0.4 0 0 0.4 0 2.2 0.4 2.4000000000000004 0 0 0 2.4000000000000004 0 0 0 0 0 0 0 0 0 0 0 0 0 0 0 0 2 4 3.8000000000000003 5.2 7.6000000000000005 0 0 0 0 0 3.6 0 1.4000000000000001 0 0 0 0 0 0 0 0 0 0 0.2 0 1.8 0 0 0 0 0 3.4000000000000004 0 0 0.2 0 0 0.2 6 0 0 0 0.4 0 0 4.800000000000001 0 0 0 0 0.8 0 0 0 0 0 0 0 0 0 0 0 0 0 0 0 0 0 0 0 0 0 0 0 0 0 0 0 0 2.2 8.8 10 0 4.2 1.8 0 0 2.4000000000000004 0 3.8000000000000003 0.4 0 0 0 3.8000000000000003 0 0 0 0 0 0 0 0 0 0 0 0 0 0 0 0 0 0 0 0 0 0 3.6 0 0 0 0 0.2 0 0 0.4 0 0 0 0 0.2 0 0.4 0 0 0 0 0 0 0 0 2.4000000000000004 0 0 0 0 0 0 0 0 0 0 0.6000000000000001 0 0 0.4 0.4 0 0 0.4 0 0 0 0 0 0 0.2 0 0 0 0 0 0 0 0 0 0 0 0 0 0 0 0 0 0 0 0 0 0 
 0 0 0 0.2 0.4 0 0 0.2 0 0 0 0 0.2 0.4 0 0 0 0.2 0.6000000000000001 0 44.2 17.400000000000002 0 79.2 29.6 29 129 38.6 50.400000000000006 68.2 26.6 63 16.400000000000002 45.2 12.4 23.6 31.400000000000002 71.2 23.8 9.4 0 0 0.8 0 0 1.2000000000000002 15.600000000000001 0 1.2000000000000002 14.8 0.4 0 0.8 0 0 0.4 0 0.4 0 0.4 0.4 0 0.6000000000000001 0.4 0 0 0 0 0.6000000000000001 1.8 0 0 0.4 0.2 0 0 0.4 0 0 0.2 0 0 0 0 0 0 0 0 0 0 0 0 0 0 0 0 0 0 0 0 0 0.6000000000000001 2.8000000000000003 3.6 4.800000000000001 1.8 5.4 0.2 2.2 5.4 6.4 6.800000000000001 0 0 4.2 7 2.8000000000000003 1.8 0.2 2.2 2 0 0 0 1.6 0 0.8 0 0.2 0 0 0 4 0 0 0 0 0 3 2 0 0 0.2 0 0 0.2 0 0 0 0 0 0.6000000000000001 0.4 5.6000000000000005 0.2 0 0 0 0 0 0 0 0.2 0 0 3 0 0 0 0 0 0 0 0 0 0.2 0 0 0 0 0 0.2 0.2 9.4 0 1.8 5.6000000000000005 4.4 0.4 12.4 3 7 4.2 3.6 3.4000000000000004 5.4 0.2 4.800000000000001 0 0 1.8 0 0 0 0 0 1.6 5 0 0 0 0 0 0 4.4 3.2 0 0 9.200000000000001 4.4 0 0 0 0 0 0 0 0 0 0 0 0 0 0 0 0 0 0 0 0 0 0 0 0 0 0 0 0 0 0 0 0 0 0 0.6000000000000001 0 0.2 15.600000000000001 15.600000000000001 0 0.4 0.4 0 0 0 0 5.6000000000000005 0 0 0 0 0 0 0 0 0 0.4 0 0 0 0 3.4000000000000004 0 0 0 0 5.4 0 0 0 
 0.4 0 0 0 0 0 0 0 0 0 0.4 0.4 0 0 0 0 0 0.2 0 0 39 30 79.2 0 103.4 23.200000000000003 44.2 21 35.4 36.800000000000004 12.600000000000001 29.400000000000002 11.8 71 27.8 15.200000000000001 38.400000000000006 12.4 35.2 57 41.800000000000004 12.8 4.2 0 0 0 0.8 0 0.8 0.4 1.6 0 1 0 12.8 0.4 0 0.4 0.4 16.400000000000002 0.4 0 0.6000000000000001 0.4 0 0 0 0 0.6000000000000001 0.4 0 0 0.4 0.4 0 0 0.4 0 8.4 0.2 2 0 0 0 0 0 0 0 0 0 0.4 0 0 0 0 0 1.6 0 0 0 1 2 2.8000000000000003 6.800000000000001 5.2 13.8 0.2 0 1.8 7.800000000000001 0 2 0 0 0 0 0 0 0 0 2.6 3 1.8 0 0 0 1.6 0 0 5.4 0 0 0 0 0 0 0 1.4000000000000001 1 1 0 0 0.2 0 0 0 0 0.2 0 0 0 1 0 0 0 0 0 0 0 0 0 0 0 0 0 0 0 0 0 0 0 0 0 0 0 0.4 0 0.4 0 0 3 7.800000000000001 3.4000000000000004 4.4 6.4 4.6000000000000005 0 3.6 2.6 0 3.8000000000000003 4.6000000000000005 1.8 0 0 5.6000000000000005 0 0 0 0 5.800000000000001 5.2 2.2 0 0 0 1.4000000000000001 0 2.4000000000000004 6 0 0 1.8 0 3.2 3.6 3.4000000000000004 0.2 9.600000000000001 2.6 0 0 0 0 0 0 0 0 0 0 0 0 0 0 0 0 0 0 0 0 0 0 2.6 0 0 0 0 0 0 0 0 0 0 0.2 0.8 0 0 22 0 0 1.2000000000000002 0.4 0 0 0 0 0 0 0 0 0 0 0 0 0 0 0 0 0 0 0 0.6000000000000001 0 0 0 0 0 0 0 0 
 0 0 0 0 0 0 0 0 0 0 0 0 0 0 0 0 0.2 0 0 0 8 5.6000000000000005 29.6 103.4 0 10.8 14.8 11.200000000000001 12.4 34 74 27 15.8 17.6 15.4 15.600000000000001 68.8 24.8 12.4 15.4 4.2 4.2 0.2 0 0 0.8 1.8 5.4 0.6000000000000001 5.800000000000001 0.8 0 25 15.200000000000001 23.8 10.8 0.8 0.8 58.400000000000006 15.600000000000001 6.2 0 0.4 0.4 0 0 0 1.2000000000000002 0.6000000000000001 0.4 0 9.600000000000001 7.800000000000001 0.6000000000000001 0 0 0.4 0 0.2 0 0 0 0 0 0 0 0 0 0 0 0 0 0 0 0 0 0 0 0 0 0 2.8000000000000003 0.2 0 0.2 1.6 0.4 0 0 1 6.4 2.4000000000000004 0 0 0 2 0 4.6000000000000005 0 0 3.2 8.4 3 0 0.2 0 5.2 6.6000000000000005 0.2 8.8 0 0 1.6 0.2 0 0 0 2 6.6000000000000005 8.200000000000001 0 0 0 0.2 0 0 0 0 0 0 0.2 0 0 0 0 0 0 0 0.2 0 0 0 0 0 0 0 0 0.4 0.2 0 0 0 0 0.2 0.4 0 0 0 2.6 0 0 0 0 2.6 1.6 0 0 0.2 0 0 0 4.2 3.6 0 0 2.8000000000000003 0 2.2 0 0 0.4 3.8000000000000003 0 0 3.8000000000000003 0 0 0 3 2.8000000000000003 0 0.2 1.6 2.2 6.6000000000000005 0 5.4 0 0 2 0 0.4 0 0 0 0.4 0 0 0 0 0 0 0 0 0 0.4 0 0 0 0 0 0 0 0 0 0 0 0 0 0 0 0 0 0 1.8 0 0.4 1 16.6 0 0.6000000000000001 0 0 0 0 0 0 0 0 0 0 0 0 0 0 0 0 0 0 0 0 0 0 0 0 0 0 0 0 0 
 0.2 0 0 0 0.4 0 0 0.2 0 0 0 0 0 0 0 0 0 0 0 0 7.2 7.800000000000001 29 23.200000000000003 10.8 0 3.6 12.4 20.6 10.200000000000001 91.2 27.6 3.8000000000000003 10.200000000000001 12 9.8 28.400000000000002 66 10 10.600000000000001 13.200000000000001 12.600000000000001 0 0.6000000000000001 0 0 14.600000000000001 4.6000000000000005 12.600000000000001 0.4 0.2 0.2 13.4 12.4 0.4 13.200000000000001 0 0.6000000000000001 13 1.4000000000000001 0.4 0 1 0.4 0 0 0 0.2 0.6000000000000001 2.2 0 0.6000000000000001 0.8 0.2 0 0.4 0.4 0 0 0 0 0 0 0 0 0 0 0 0 0 0 0 0 0 0 0 0 0 0 0 0 0 0 4.2 2.4000000000000004 2.8000000000000003 3.6 0 2.8000000000000003 0 0 1.8 0 0 0 0 1.4000000000000001 5.800000000000001 0 0 5.800000000000001 3 0.4 0 0 0 1.8 2.4000000000000004 1.6 0.2 0.2 0 7.2 2.6 3.4000000000000004 2 0 0 0 2.2 0 0 0 0 0 0 0 0 0 0 0 0 0 0.8 0 0 0 0 0 0 0 0 0 0 0 0 0 0 0 0 0 0 0 0 1.4000000000000001 0 0 0 0 0 0 0 2.6 2.4000000000000004 10.4 6.2 0 0 0 4.4 2.6 0 0 0 0.2 0 0 0 0 0 0 0 3.4000000000000004 0 0 0 9 16.6 4.800000000000001 2 0 2.8000000000000003 6.6000000000000005 0.4 5.6000000000000005 2 0 1.2000000000000002 8.6 9.600000000000001 0 0 0 0 0 0 0 0 4 0 0 0 0 0 0 0 1.2000000000000002 0 0 0 0 0 0 0 0 0 0 0 0 0 0 0 0 0 2.2 0 0 7.6000000000000005 0.2 0.4 0 1 0 0 0 0 4 0 0 0 0 0 0 0 0 0 0 0 0 0 0 0 0 0 0 0 4.800000000000001 0 0 0 
 0.8 0.4 0 0 0.4 15 0 0 0 0 0 15.4 0 0 0 0 0 0.4 0 0 66.60000000000001 38.2 129 44.2 14.8 3.6 0 22.6 36.2 58.400000000000006 6.6000000000000005 51.6 39.6 16.8 25.400000000000002 82.60000000000001 7.2 9.4 10 41.800000000000004 0 0 0 0 0 0.4 1.8 0 0 0.4 0.2 11 0.6000000000000001 0 0 0.4 0 0.4 0 0 0.4 0 0.6000000000000001 0.4 0 0 0 3.8000000000000003 0.6000000000000001 0.6000000000000001 0 0 1.2000000000000002 0.8 0 0 1 0 7.800000000000001 0.2 0 0 0 0 0 0 0 0 0 0 0 0 0 0 0 0 0 0 0 0 0.4 4 2.4000000000000004 0 0 0.4 15.200000000000001 5.2 7.6000000000000005 7.2 4 0 3.6 8.8 2.4000000000000004 1.8 5.800000000000001 7.4 3.6 2.6 0 0 0 0 0 0 0 0 0 0 0 0 0 0 0 0 0 0 0 0 0 0 0.8 0 0 0 0 0 0 0 0 0.4 0 0 0 0 0 0 0 0 0 0 0 0 2 1 0 0 0 0 0 0 0 0 0 0 0 0 0 0 2.6 10.4 10.600000000000001 3 0 0.4 4.2 3.4000000000000004 5.4 10.8 2 9.600000000000001 2.2 1.4000000000000001 13 2.4000000000000004 8 8.8 0 5.2 0 0 0 0 0 0 0 0 0 0 0 0 0 0 0 0 0 0 0.2 0 0 0 0 0 0 0 0 0.6000000000000001 0.4 0 0 0 0 0 0 0 0 0 0 0 0 0 0.2 0 0 0 0 0 0 0 0 0 0 0 1 0.2 0.2 0 2.8000000000000003 0.4 0.4 0.4 0.2 0 0 0 0 0 0 0 0 0 0 0 0 0 0 0 0 0 0 5.2 0 0 0 0 0 0 0 0 
 0.4 0.4 0 0 0 0 0 0.2 15.200000000000001 0 0 0.8 0 0 0 0 0 0.4 0 0 48.800000000000004 39.2 38.6 21 11.200000000000001 12.4 22.6 0 91.4 50.800000000000004 26 4.2 18.2 20 10 22.6 41.400000000000006 24.200000000000003 19 11.200000000000001 0 0.8 0 0 0 0 0.6000000000000001 0 0.4 0.4 0 0 0.6000000000000001 0 0 0.4 0 0.4 13 0.8 0.6000000000000001 0 0.4 0.4 0.2 0 0 0 0.6000000000000001 0.4 0 0.4 1 0.6000000000000001 0 0 1.2000000000000002 0 0.2 10.4 0 0 0 0 0 0 3.6 0 0 0 0 0 0 0 0 0 0 0 0 0 2 2 5.800000000000001 3.4000000000000004 10.8 5.800000000000001 2 1.4000000000000001 5 6 0 10.4 2.2 2.4000000000000004 0 1.8 0 0 0 0 0 0 0 0 0 2.2 0 0 0 0 0 0 0 0 0 0 0 0 0 0 0 2.2 0 0 0 0 0 0 0 0 0 0.8 0 0 0 0 0 0 0 0 0 0 0 0 0 0.4 0 0 0 0 0 0 0 0 0 0 0 2.2 0 0 0 4.4 9.8 0.8 2.4000000000000004 1.6 0.4 0 4.4 1.6 4.2 0 2.2 0.2 0.4 3 2.6 2.2 0 0 0 0 0 0 0 0 0 0.6000000000000001 0 0 0 0 1.6 0 0 0 0 0 1.2000000000000002 0 0 0 0 0 4.6000000000000005 0 0 0 0 0 0 0 0 0 0 0 0 0 0 0 0 0 0 0 0 0 0 0 0 0 0 0 0 0 2.8000000000000003 0 0.4 0.2 15.200000000000001 0 2.4000000000000004 0 0 0 0 0 0 0 0 0 0 0 0 0 0 0 0 0 0 0 0 0 0 0 0 0 0.2 0 0 0 
 1.2000000000000002 1 0.6000000000000001 0.6000000000000001 0.6000000000000001 0.8 1 1 1 1 1.2000000000000002 0.6000000000000001 0.6000000000000001 0.6000000000000001 1 0.6000000000000001 0.6000000000000001 0.6000000000000001 0.6000000000000001 0.6000000000000001 6.4 25 50.400000000000006 35.4 12.4 20.6 36.2 91.4 0 24.8 24.400000000000002 11.200000000000001 19.8 44.2 29.200000000000003 20 84 24.8 36.4 11.4 0 1.4000000000000001 0 0 0.6000000000000001 0 23.8 0.8 1.8 0.4 0.8 0.4 1.6 0 0 0.8 1 1 27.400000000000002 0.4 0.8 0 1.4000000000000001 0.4 0.8 0.6000000000000001 0.2 0 6 1.8 1.2000000000000002 0.8 1.2000000000000002 0.2 1.8 0.4 2.2 0.8 0.6000000000000001 0 0 0 0 0.2 0 0 0 0 0 0 0 1.4000000000000001 0 0 0 0 0 0 0 0 0 4.800000000000001 5.6000000000000005 4 4.800000000000001 5.6000000000000005 1.8 2.2 1.8 0.2 1.8 0 0 9.4 5.4 0 2.2 2.4000000000000004 0 0 0 0 0 0 0 0 2.4000000000000004 0 0 0 0 0.4 4.4 0.6000000000000001 0.2 0 2.8000000000000003 0 2.4000000000000004 6.4 0 0 0 0.4 0 0 0 2.2 0 0 0 0.4 0 0 0 0 0 0 0 0 0 0 0 0 0 0 0.4 0 0 0 0 0 0 0 0 0 0 0 0 0 9.8 4.800000000000001 10.600000000000001 0 0 2.2 0.8 0 0 2.4000000000000004 5 2 0 0.4 1 2.6 0 2.4000000000000004 0 0 0 0 0 0 0 0 0 4.800000000000001 0 0 0 0 3.8000000000000003 0 2 0.4 1.6 0.2 9.200000000000001 0 0 0 0 0 0 0 0 0 0 0 0.4 0 0 0 0 0 0 0 0 0 0 0 3 0 0 0 0 0 0 0 0 0 0 0 0.8 0 0.2 0.6000000000000001 8 0 0.8 0 0 0 0 0 3.6 0 0 0 0 0 0 0 0 0 0 0 0 0 0 0 0 0 0 0 1.4000000000000001 0 0 0 
 0 0 0 0 0.6000000000000001 0 0 0 0 0 0 0 0.4 0 0 0 0.4 0 0 0.6000000000000001 18 9.8 68.2 36.800000000000004 34 10.200000000000001 58.400000000000006 50.800000000000004 24.8 0 30.8 14 8.4 63.2 32.800000000000004 52.400000000000006 33.800000000000004 61.6 32 19.6 0.2 0 0.8 0 0 0 13.8 0 1.6 0.6000000000000001 0.4 0 1 0.4 0 0.4 0 0.4 0.4 25.8 0.6000000000000001 0 0.6000000000000001 0.4 0 0 0 0 0.6000000000000001 1.2000000000000002 0 0 0.6000000000000001 0.4 0.6000000000000001 0 0.4 0 0 0 0 0 0 0 0 0 0 0.4 0 0.2 0 0 0 0 0 0 0 0 0 0 1.8 0.2 3.6 5.6000000000000005 0 1.6 2.6 1.4000000000000001 1.4000000000000001 4.4 1 0.2 1.8 2.4000000000000004 0 0 0 0 0 0 0.6000000000000001 0 0 0.2 0 0 5.6000000000000005 0 0 0.4 0 0 7 6.6000000000000005 0 0 0 0.2 4.4 0 0 0 0 0 2 0 0 0 0 0 0 0 0 1.8 0 0 0 0.4 0 0 0 1 0 0 0 0.4 0 0 0 0 0 0 0 0 0 0 0 0.2 0 0 4.4 5.6000000000000005 2 2.4000000000000004 1.8 2.6 0.4 4.4 4.6000000000000005 6.6000000000000005 0 3.8000000000000003 4.6000000000000005 0 0 1.8 2.6 2.6 0 0 5.4 3.2 0 0 0 0 1 0 1.4000000000000001 0 0 0 3.2 0 6.2 2.4000000000000004 11.600000000000001 0 4.4 4.800000000000001 0.4 0 0 0 0 0 0 0 0 0 0 0 0 0 0 0 0 0 0 0 0 0 2.6 0 0 0 0 0 0 0 0 0 0 0 2.4000000000000004 0 1.2000000000000002 22.6 0.6000000000000001 0.4 1.2000000000000002 3 0 0 0 0 3.8000000000000003 0 0 0 0 0 0 0 0 0 0 0 0 0 0 0.4 0 0 5.4 0 0 0 0 0 
 0 0 0 0.2 0 0.6000000000000001 0 0.6000000000000001 0 0 0 0 0 0 0.2 0 0 0 0 0 21.8 11.8 26.6 12.600000000000001 74 91.2 6.6000000000000005 26 24.400000000000002 30.8 0 22.8 7.6000000000000005 7.6000000000000005 45 10.4 97.2 64.8 20.6 35 0 0 0 0 0 0 0.6000000000000001 21.400000000000002 0 5 0.2 0 20.200000000000003 0 0 0.4 0 0.4 13.4 12.4 0.4 0 0.6000000000000001 0.4 0 0 0 0 19.400000000000002 0.6000000000000001 0 0 0.4 0.2 0 0 0.4 0 0 0 0 0 0 0 0 0 0 0 0 0 0 0 0 0 0 0 0 0 0 0 0 3 0 1.8 9.4 0 0.2 0 1.6 3.6 2.6 6.4 0 2.8000000000000003 0 2 0.4 2.4000000000000004 0 0 2.6 0.4 2.4000000000000004 0 0.8 0 2.6 6.4 1.4000000000000001 0 0 0.2 0 4.800000000000001 2 1.4000000000000001 0.4 0 2.6 0.2 0 0 0 0 2.2 0 0 0 0 0 0 0 0 1 2 0 0 0 0 0 0 1.8 0 0 0 2.8000000000000003 0.2 0 0 0 0 0 0 0 0 0 0 0 1 0 4.6000000000000005 1.8 0.2 3.2 2.2 4.2 0 0.2 3.6 0 4 0.2 0.2 0.2 0 4.800000000000001 1.8 7 0 0 2.6 0.2 0 0 0 0 0 2.8000000000000003 1.6 0 0 0 2.4000000000000004 0 0 0 0 0 2.4000000000000004 3.4000000000000004 0 0 0 0 0 0 0 0 0 0 0.2 0 0 0 0 0 0 0 0 0 0 0 0 0 0 0 0 0 0 0 0 0 0 0 0.4 0.4 0.4 0 0.2 0 0.2 8.8 0 0 0 0 0 0 0 0 0 0 0 0 0 0 0 0 0 2 0 0 0 0 0 0.2 0 0 0 0 
