 0 40.6 38.6 28.400000000000002 52.6 7.2 49.400000000000006 26.8 28.200000000000003 4.6000000000000005 32.800000000000004 22 12.4 8.200000000000001 68.60000000000001 29.400000000000002 8.6 40.400000000000006 6.800000000000001 7.800000000000001 0.2 8.8 0 0.6000000000000001 20.8 0.4 0.4 0.4 0 0.2 0 0 0.4 1.4000000000000001 0.4 0 1 0 32.2 0 0 0 0 0 0 0 0.6000000000000001 0.2 0.6000000000000001 0 0 0 0 0.2 0 0 0 0 0 0 0 0 0 0 0 0.2 0 0 0 0 0 0 0 0 11.600000000000001 0 0 0 0.6000000000000001 0.6000000000000001 0 10.200000000000001 0.4 1.2000000000000002 7 2.8000000000000003 0 3.4000000000000004 0 0 2.8000000000000003 0 0 5.6000000000000005 0.2 6.6000000000000005 1.4000000000000001 2.2 0 4 1.2000000000000002 0 0 0 0 0 0 0 0 0 0 0 0 0 0 0 0 0 2.2 0 0 0 0 0 0 0 0 0 0 0 0 0 0 0 0 0 0 0 0 2 0 0 0 0 0 0 0 0 0 0 0 0 0 0 0 0 0 0 0 0 6.4 3.2 9.4 2.8000000000000003 0 0 0 5.4 2 2.8000000000000003 2.8000000000000003 0 2.4000000000000004 0 4.2 0 2.6 3.8000000000000003 9.600000000000001 0.2 0 0 0 0 0 0 0 0 0 0 0 2 0.2 0 0 0 0 0 2.6 1.8 0 0 0 0 0 0 0 0 0 0 0 0 0 0 0 0 0 0 0 0 0 0 0 0 0 0 0 0 0 0 0 0 0 0 0 0 0 0 0 0 0 0 0 0 0 0 0 0 0 19.8 0 1.6 3 0 0 0 0 0 0 0 0 0 0 0 0 0 0 0 0 0 0 0 0 0 0 0 2.4000000000000004 0 0 0 0 0 0 0 0 0 0 0 0 0 
 40.6 0 27.400000000000002 27.6 9.8 49 38.2 34 51.800000000000004 9.200000000000001 8.4 14.600000000000001 26.200000000000003 47.2 27.6 29.400000000000002 65.4 26.6 8.6 11.200000000000001 0 0 0.2 0.6000000000000001 15.4 0 0.2 0 0 0 0.4 0.4 0.4 0 0.4 0 0.8 0 0.4 0 0 0 7.6000000000000005 0 0 0 1 0.2 0.6000000000000001 0 0 0.6000000000000001 0.4 0.6000000000000001 1.4000000000000001 7 0.4 0 0 0 11.200000000000001 0 0 0 0 0 0 0 0 0.4 0 0 0 0 0 0 0 0 0 0.4 0.6000000000000001 11.8 2.8000000000000003 0.2 1.8 6.4 0.4 4.2 1.6 10.200000000000001 3 1.8 0 3 2.2 22.200000000000003 0 11.4 3.4000000000000004 2 0 0 0 2 0 0 0 0 0 0 0 0 0 0 0 0 0 0 7.2 0 0 0 0 0 0 0 0 0 0 0 0 0 0 0 0 0 0 0 0 0.8 0 0 0 0 0 0 0 0.4 0 0 0 0 0 0 0 0 0 0 0 0 3.8000000000000003 0 0 0 0 0.2 0 0 3 6.2 2.8000000000000003 0 2.2 1.4000000000000001 0 6.4 0.4 14.8 4.6000000000000005 0 0 0 0 0 0 0 0 0 0 0 0 0.6000000000000001 0 0.2 0 0 0 0 0.2 4.2 0 0 0 0 0 0 0 0 0 0 4.800000000000001 0 0 0 0 0 0 0 0.2 0 0 0 0 0 0 0 0.4 0 0 0 0 0 0 0.2 0 0 0 0 0 0 0 0.2 0 0 0 0 0.4 0 0.4 17.8 0 2.2 0 0 0 0 0 0 0 0 0 0 0 0 0 0 0 0 0 0 0 0 0 0 0 0 4.6000000000000005 0 0 0 0 0 0 0 0 0 0 0 0 0 
 38.6 27.400000000000002 0 38.2 19.400000000000002 2.8000000000000003 127.80000000000001 31.8 72.4 26.8 72.2 40 17.6 35.2 29.6 21 68.4 23 13 46.2 0 0 0 0.6000000000000001 0.2 0 0.4 0 0 0 0 0.2 0.4 0 0.4 0 0.4 0 29.6 0 0 0 0 0 0 0 0.6000000000000001 0.2 0.6000000000000001 0 0 0 13.8 0.6000000000000001 0 0 0.2 0 0 0 0 0 0 0 0 0 0 0 0 2.6 0 0 0 0 0 0 6.2 0 0 0.4 0 10.600000000000001 9.200000000000001 6 2.4000000000000004 0.2 0 9.200000000000001 0 4.2 7 0.2 0 3.8000000000000003 0 12.600000000000001 8.4 5.2 0 3.2 0.4 0 0 0 0 0 5 0 0 0 0 0 0 4 0 0 0 1.6 2 0 0 0 0 0 0 0 0 0 0 0 0 0 0 0 0 0 0 0 0 0 0 0 0 0 0.2 0 0 0.2 0 0 0 0 0 0 0 0 0 0 0 0 5.4 8.8 5.4 4.4 0 2.6 3.2 10.200000000000001 0 4.4 4.4 0 0.8 0 12.200000000000001 0.2 5.4 0.2 5 0 0 0 0 0 0 0 2.2 0 0 0 3 0 3.2 0 0 0 0 0 2.8000000000000003 6 0 0 0 0 0 0 0 0 0 0 0 0 0 0 0 0 0 0 0 0 0 0 0 0 0 0 0 0 0 0.2 0 0 0 0 0 0 0 0 0 0 0 0 0 0 0 0.4 0 0 0 17.400000000000002 0.4 1.2000000000000002 3.6 0 0 0 0 0 0 0 0 0 0.2 0 0 0 0 0 0 0 0 0 0 0 0 0 0 0 0 0 0 0 0 0 0 0 0 0 0 0 
 28.400000000000002 27.6 38.2 0 36.6 12.4 57.800000000000004 11.200000000000001 15.600000000000001 85.4 100.4 29.200000000000003 102.60000000000001 29 72 45.400000000000006 11.600000000000001 51.2 21.200000000000003 28.200000000000003 15.200000000000001 0 0 0.6000000000000001 0 0 7.800000000000001 0 0.4 0 0 0 0.6000000000000001 0.4 7.2 0 0.2 0 18.2 0 12.4 0 0 0 0 0 1.6 0.4 0.6000000000000001 0 0 0 0 0.6000000000000001 1 0 0 0 0 0 0 0 0 0 0 0 0 0.2 0 0 0 0 0.6000000000000001 6.6000000000000005 0 0 0 0 0 0 2.2 4.800000000000001 2 0 2.2 6.4 0 2.6 3.4000000000000004 2.8000000000000003 2.8000000000000003 2 0 0.2 2.2 0 1.6 2.6 0 0 0 5 0 0 0 0 3.4000000000000004 0.2 0 0 0 0 2 0 0 0 3.2 0 6.6000000000000005 2.2 0 0 0 0 0 0 0 0 0 0 0 0 0 0 0 0 0 0 0 0 0.6000000000000001 0 0 0 0 0 0 0 0 0 0 0.2 0.8 0 0 0 2.2 0 0 0 0 0 0 7.4 7.2 0 0 0 0 6.2 5.6000000000000005 4.2 0.6000000000000001 5 0 3 0 0 0 0 0 0 0 0 0 0 0 8.4 1.4000000000000001 0 2.6 0 8.200000000000001 0 3 0 0 0 3.8000000000000003 2.4000000000000004 0 2 0 0 0 0 0 0 0 0 0 0 0 0 0 0 0 0 0 0 0 0 0 0 0 0 0 0 0 0 0 0 0 0 0 0 0 0 0 0 0 1.8 0 0 0 0.6000000000000001 18.8 0.6000000000000001 17.6 0.4 0.4 0.6000000000000001 0 0 0 0 0 0 0 0 0 0 0 0 0 0 0 0 0 0 0 0 0 0 0 1.6 7 0 0 0 0 0 0 0 0 0 0 0 0 0 
 52.6 9.8 19.400000000000002 36.6 0 44.6 28.8 51.6 12.4 22.400000000000002 35 23.400000000000002 37.800000000000004 18 14.600000000000001 19.6 25 23.400000000000002 16.6 8.4 45.2 15.200000000000001 0 0.6000000000000001 0 0 9.200000000000001 15 0.4 0.2 0 0 5 5.4 8.200000000000001 0 0.6000000000000001 0 14.8 37.800000000000004 0 0 0 0 0 0 1 0.4 0.6000000000000001 0 0 0.4 0.4 0.4 0 0 0 0 0 0 0 0 0.8 0 0.4 0 0 0 0 0 0 0 0 0 0 0 1 0 0 0.6000000000000001 0 0 0.8 2.8000000000000003 0 2 0 6 2 0 5.800000000000001 2.6 0 0 0 0 2 0 0 0 5.2 1.6 1.6 0.2 0 0 8 6.4 0 0 0 0 0 11.200000000000001 14.600000000000001 0.4 5.2 0 2 10.200000000000001 0 0 0 0 0 0 0 0 0 0 0 0 0 0 0 0 0 0 0 0 0 0 0 0.2 0 1.2000000000000002 0 0 0 0 0 0.8 0.4 0 0 0 0 0 0 0 0 0 0 0 0.4 3.8000000000000003 0 0 0 0 0.4 3.6 0.8 0 0 0 0 0 0 0 6.2 0.8 2.4000000000000004 2.6 0.4 0 8.6 0 12.200000000000001 2.4000000000000004 0 0.8 5.800000000000001 2 7.2 7.2 0.6000000000000001 0 2 0 0 1.8 0 0 0 0 0 0 0 0 0 0 0 0 0 0.2 0 0 0 0 0 0 0 0 0 0 0 0 0 0 0 0 0 0 0 0 0 0 0 0 0 0.2 0 0 0 0.8 17.8 0.4 0 0.4 0.4 2.2 0 0 0 0 0 0 0 0 0 0 0 0 0 0 0 0 0 0 0 0 0 0 10.200000000000001 0 0 2.2 0 0 0 0 0 0 0 1.4000000000000001 0 0 0 0 
 7.2 49 2.8000000000000003 12.4 44.6 0 49.800000000000004 8.8 10.4 56.800000000000004 34.6 75.2 7.2 7.6000000000000005 11.8 15.600000000000001 10.4 11.600000000000001 12.600000000000001 10.600000000000001 34.4 4 0 1 1.2000000000000002 0.2 43 44.6 0.4 0.4 15 0 20.200000000000003 14.200000000000001 43 0 5.800000000000001 15.600000000000001 15.4 8.200000000000001 0 0 0 0 0.4 0 2 0.4 0.6000000000000001 0 0 0.6000000000000001 0.2 0.6000000000000001 0 0.4 0 0 0 0 0 0 0.2 0.2 0 0 1.2000000000000002 0 5.2 0.4 0 0 0.2 0 0 0 0.4 0 0 1 0 0 0 3.8000000000000003 2.2 0.2 0.4 0 0.4 0.2 3.2 3.4000000000000004 0 0 0 0 0 0 0.4 3.8000000000000003 1.6 0.2 0 3 0 0 1.6 11 3.4000000000000004 9.8 0 0 4.6000000000000005 3.8000000000000003 6.800000000000001 2.6 3.6 1.8 2 3.2 0 0 0 0 0 0 0 0 0 0 0 0 0 0 0 0 0 0 0 0 0 0 0 0 0 0 5.2 0.4 0 0 0 0 0 0 0 0 0 0 0 0 0 0 0 0.2 5 2 0 0 0 0 0 0 0 0 0 0 0.8 0 0 0 4 0.2 4.2 0 3.2 0 5.2 3.6 5.4 3 0 0 3.4000000000000004 2.2 5.6000000000000005 5 6.2 0 4 0 0 2 0 0 0 0 0.2 0 0 0 0 0 0 0 0 0 0 0 0.4 0 0 0 0 0 0 0 0 0 0 0.2 0 0 0 0.2 0 0 0 0 0 0 0 0.2 0 0 0 1.2000000000000002 1 0 1.2000000000000002 0 3.8000000000000003 2 0 0 0 0 0 0 0 0 0 0 0 0 0 0 3.4000000000000004 0 0 0 0.8 0 0 0 0 0 6 0 0 0 0 0 0 0 0 0 0 0 0 0 
 49.400000000000006 38.2 127.80000000000001 57.800000000000004 28.8 49.800000000000004 0 45.2 49.2 23.400000000000002 25.8 64.8 68.2 55.400000000000006 20.200000000000003 27 11.200000000000001 28.400000000000002 55.2 47 0 0.2 0 40.800000000000004 0.4 0 0.4 0.6000000000000001 0 0 0.8 0 0.8 0.8 0.4 0 0.6000000000000001 0 12.4 0 0 0 0 0 0 0 1.4000000000000001 0 0.6000000000000001 0 0 1.2000000000000002 0.8 0.2 0 0 0 0 0 0 0 0 0 0 0 0 0 0 0 0.8 0 0 0 0 0 0 0 0 0 0.6000000000000001 2 5.6000000000000005 3.8000000000000003 1.4000000000000001 4.2 3.2 0 7.800000000000001 0 2.4000000000000004 6.4 0.2 8.8 3.6 0.2 3.6 4.2 10 0 2 3 0 0 0 0 0 0.2 0 0 0 0 0 0 0.2 0 0 0 0 0 0 0 0 0 0 0 0 0 0 0 0.2 0 0 0 0 0 0 0 0 0 0 0 0 0 0 0 0 0 0 0 0 0 0 0 0 0 0 0 0.4 0 0 2.8000000000000003 2.6 0.2 0 0 2.4000000000000004 6.4 6.4 0 2.8000000000000003 5.6000000000000005 0 1 1.8 6.4 3.2 5.2 0 4.6000000000000005 0.6000000000000001 0 0 0 0 6.2 0 0.4 0 0 0 0 0.4 5.6000000000000005 0 0 0 0.2 0 2 5.4 0 0.4 0 0 0 0 0 0 0 0 0 0 0 0 0 0 0 0 0 0 0 0 0 0 0 0 0 0 0 0 0 0 0.8 0 0 0 0 0.2 0 0 0 0 0 0 0 0.4 0.2 0 0.2 9.8 0.4 4 6.2 0.4 0 0 0 0 6.4 0 0 0 0 0 0 0 0 0 0 0 0 0 0 0 0 6 2.8000000000000003 0 0 0 0 0 0 0 0 0 0 0 0 0 
 26.8 34 31.8 11.200000000000001 51.6 8.8 45.2 0 42.2 7 45.6 42.2 24.6 33.800000000000004 37.2 20.8 8.4 39.800000000000004 76.4 33.4 0.2 0.4 0 0.6000000000000001 0.4 0.4 0.4 0.6000000000000001 0.8 0.4 0 0 0.4 0.4 1 0 0.6000000000000001 0 15 1 0 0 0 0.4 0 0.6000000000000001 0.6000000000000001 0.2 0.6000000000000001 0.6000000000000001 0 0 0 0.2 0.4 0 0.6000000000000001 0.4 0 0 11.4 0 0 0 0 0 1 0 0 0 0 0 0 8.200000000000001 0 0 10.200000000000001 0 0 0.6000000000000001 7.800000000000001 2.8000000000000003 2.2 6.800000000000001 2.4000000000000004 0.2 2.8000000000000003 3.4000000000000004 2.2 5.4 0 0 2 3.4000000000000004 1.2000000000000002 2.4000000000000004 0.2 2.4000000000000004 0 4.800000000000001 0 0 0 0 0 0 0.2 0 0 0 0 0 0 0 0 0 0 0 2.6 0 0 0 0 0 0 0 0.2 0 0.4 0 0 0 0 0 0 0 0 0 0 0 0 0 0 0 7 0 0 0 0 0 0 0 0 0 0.4 0 0 0 0 0 9.200000000000001 7.6000000000000005 5.4 3.2 0 0 0.2 5.2 6 2.8000000000000003 2 0 4 0 2.6 0 0 3.6 4.4 2.2 0 0 0.2 0 0 0 0 0 0 0 0 0 0 0 0 0 0 0 5.6000000000000005 3.6 0 0 0 0 0 0 0 0 0 0 0.2 0 0 0 0 0 0 0 0 0 0 0 0 0 0 0 0 0 0 0 0 0.2 0 0 0 0 0 0.2 0 0 0 0 0 0 0 0 0 0.4 0 34.6 0.2 2.4000000000000004 4.6000000000000005 0 0 0 0 0 0 0 0 0 0 0 0 0 0 0 0 0 0 0 0 0 0 0.4 0 0 0 0 0 0 0 0 0 0 0 0 0 0 
 28.200000000000003 51.800000000000004 72.4 15.600000000000001 12.4 10.4 49.2 42.2 0 32 26.8 25.8 41.2 49.6 44.2 35.2 9 62.800000000000004 24.200000000000003 8 0.2 0 0 0.6000000000000001 0 0.4 0.4 0 0 0 0 0 0.4 0 0.4 0 0.4 41.2 15 0 0 0 0 0 0 0 0.6000000000000001 0.4 0.6000000000000001 0 0 0 0 0.6000000000000001 6 0 0 0 0 0 0 0 0 0 0 0 0 0 0 0 0 0 0 0.4 11.600000000000001 0 0 0 0 0.4 2.8000000000000003 8.4 4 2.2 4 4 2.4000000000000004 0 0 7.800000000000001 3 0 0 6.4 0 12.8 2.2 2.8000000000000003 0 2.2 0 3.8000000000000003 0 0 0 0 0 0 0 0 0 0 0 0 0 0 0 0 2.4000000000000004 0 0 0 0 0 0 0 0 0 0 0 0 0 0 0 0 0 0 0 0 2 6.6000000000000005 0 0 0 0 0 0 0 0 0 0 0 0 0 0 0 0 0 0 0 3 3.8000000000000003 13.4 4 0 4.2 3.6 9.4 2.4000000000000004 8.6 1.2000000000000002 0 0.2 0 15.200000000000001 2.8000000000000003 5.800000000000001 0 2 0 0 0 0 0 0 0 0 0 0 0 0 0 0.2 3 0 0 0 0 3 3.8000000000000003 0 0 0 0 0 0 0 0 0 0 0 0 0 0 0 0 0 0 0 0 0 0 0 0 0 0 0 0 0 0 0 0 0 0 0 0 0 0 0 0 0 0 0 0 0 0 0.2 0.6000000000000001 0.4 33.6 0 0.6000000000000001 4.2 0 0 0 0 0 0 0 0 0 2 0 0 0 0 0 0 0 0 0 0 0 0 0.4 0 0 0 0 0 0 0 0 0 0 0 0 0 0 
 4.6000000000000005 9.200000000000001 26.8 85.4 22.400000000000002 56.800000000000004 23.400000000000002 7 32 0 57 142 10 35 82.80000000000001 30.200000000000003 66.60000000000001 49.800000000000004 16.2 9.600000000000001 30.400000000000002 0 0.2 0.6000000000000001 0.2 0.6000000000000001 0.8 0.6000000000000001 0 0 0.2 0 0.4 7.800000000000001 1 0 0.4 0 15.8 31.6 0 0 0 0.4 0 0.4 1 0.4 1 0.6000000000000001 0 0 0 0.6000000000000001 0.4 0 13.200000000000001 0.4 0 0 0 0 0 1 0 0 0.6000000000000001 0 0 0.8 0 0 0.6000000000000001 0 0.6000000000000001 0 10 0 0 0.6000000000000001 0 11.4 3.6 5.2 2.2 6 0 5.4 7.6000000000000005 3.6 4 5.2 0 13.200000000000001 0 0.2 7.4 2 0 0 7.2 0 0.4 0 0 0 8 2.6 0.2 0 0 0 2.2 3 3.6 0 0.2 0 7.2 3.2 0 0 0 0 0 0 0 0 0 0 0 0 0 0 0 4.6000000000000005 0 0 0 0 0.2 0 0 0 0 2.2 0.4 0 0 0 0 0.8 0 0 0 0 0 0 0 0.4 0 8.6 2.8000000000000003 3.6 0.2 2.4000000000000004 0 2.8000000000000003 0 5.800000000000001 1.8 3.8000000000000003 0 1.2000000000000002 1.6 3.8000000000000003 7.4 0 0 0 0 0 0.2 0 0 0 2.6 0 3.8000000000000003 0 0 0 0 0 4.6000000000000005 0 0.2 0 0 11 0 0 0 0 0 0 0 0 0 0 3.2 0 0 0 0.2 0 0 0 0 0.2 0 0 0 0 0 0 0 0 0 0 0.2 0 0 0 0 0 0.2 0 0 0 0 0 0 0 0 0.4 24.6 0.2 2.6 0 0.2 0.4 0 0 0 0 0 0 0 0 0 0 2.2 0 0 0 0 0 0 0 0 3.6 0 0 0 0 0 2.4000000000000004 0 0 0 0 0 0 0 0 0 0 0 0 
 32.800000000000004 8.4 72.2 100.4 35 34.6 25.8 45.6 26.8 57 0 92.80000000000001 8.4 55.800000000000004 57.400000000000006 72.60000000000001 81.80000000000001 82.80000000000001 48.400000000000006 11 3.6 15.600000000000001 0.4 0.6000000000000001 0.2 0 0 0 0 0 0 0 15.200000000000001 0 4.6000000000000005 6.2 0.6000000000000001 0 39.400000000000006 0.4 0 0 0 0 0 0 0.6000000000000001 0.4 0.6000000000000001 0 0 0 0 0.4 0 0 0 0 0 0 0 0 0 0 0 0 2.8000000000000003 0 0 0 0 0 0 0 0 0 8.4 7.4 0 0.6000000000000001 0 7.800000000000001 0.2 5.2 0.4 5.4 0 2.8000000000000003 3.4000000000000004 10.600000000000001 0.6000000000000001 2.8000000000000003 0 3.8000000000000003 0 2.2 1 6.6000000000000005 0 0.4 2.8000000000000003 0 2 7.4 0 0 4.800000000000001 0 0 0 0 0 5 1.6 4.4 0 0 0 2.2 2.2 0 0 0 0 0 0 0.4 3.8000000000000003 0 0 0 0 0 0 0 0 0 0 0 0.2 0 0 0 0 0 7.4 0 0 0 0 0 0.8 0 0 0 0 0 0 0 0 4.2 26 3 4.4 5.800000000000001 2 0.6000000000000001 4.800000000000001 3.2 4.2 2.6 3.2 0 0 5.4 0 0 0 0 0 0 0 3 0 0 0 5.4 0 2.8000000000000003 0 0 0 0 0 4.6000000000000005 0 0 1.8 8.8 3 0 0 0 0 0 3.4000000000000004 0 0 0 0 0 0 0.2 0 0 0 0 0 0 0 0 0 0 0 0 0 0 0 0 0 0 0.4 0 0 0 0 0 0 0 0 0 0 0 0 0 0.4 9.8 0 0.4 35.2 0 2.2 3.6 0 0 0 0 0 1 0 0 0 2.2 0 0 0 0 0 0 0 0 0 0 0 0 0 3 0 0 0 0 0 0 0 0 0 0 0 0 0 
 22 14.600000000000001 40 29.200000000000003 23.400000000000002 75.2 64.8 42.2 25.8 142 92.80000000000001 0 47.800000000000004 8.4 54 26.200000000000003 33.800000000000004 47.6 50.6 8.8 29.8 0 0.4 0.6000000000000001 0.2 0 0.6000000000000001 6.4 0 0 0.4 0 0.4 0.4 4.4 0 17.2 0.4 4.2 59.6 0 0 0 0 0 0 0.6000000000000001 0.4 0.6000000000000001 0 0.4 0.2 0.2 0.4 16.6 0 0 0 0 0 0 0 0 0 0 0 0 0 0 0 0 0 6.6000000000000005 0 0 0 7.2 0 0 0.6000000000000001 0 3 0.2 5.6000000000000005 9.600000000000001 4.4 0 2.6 2.2 4.4 11.4 2 0.2 5 0 0 2.6 8.8 0 0 6.6000000000000005 0 0.4 0.2 0 0 3.6 2 0 0.2 0 0 2 0 7 0.4 0 2.2 7 3 0 0 0 0 0 0 0 0 0 0 0 0 0 0 0 0 0 0 0 0 0 0 0 0 0 1.6 0 0 0 0 0 0.8 0.4 0 0 0 0 0 0 0 0 8 2.4000000000000004 1.6 0 2 0 3.8000000000000003 0 5.2 2 3.2 0 8.200000000000001 3 1.6 0.8 0 0 0 1.4000000000000001 0.2 0.6000000000000001 0 0.4 0 0.6000000000000001 0 3.8000000000000003 0 0 0 0.2 0 6.4 0 1.8 0 3.4000000000000004 1.2000000000000002 0 0 0 0 0 3 0 0 0 0 0 0 0 0 0 0.4 0 0 0 0 0 0 0 0 0 0 0 0 0 0 0 0 0 0 0 0 0 0 0 0 0 0.2 0 0 0 0 17.6 0 0.2 1.4000000000000001 0.4 1 0 0 0 0 0 0 0 0 0 0 2.2 0 0 0 0 0 0 0 0 0 6.800000000000001 0 0 0.2 0 2 0 0 0 0 0 0 0 0 0 0 0 0 
 12.4 26.200000000000003 17.6 102.60000000000001 37.800000000000004 7.2 68.2 24.6 41.2 10 8.4 47.800000000000004 0 27.6 68.8 48.6 16.8 48.2 66.8 47.800000000000004 0.4 0.4 0 0.6000000000000001 0.2 0.4 0.4 0.4 0.4 1.8 0.8 0 1.6 0.6000000000000001 0.4 0 0.6000000000000001 0 1 0.6000000000000001 0 0 0.2 0.6000000000000001 0 0 1 0.8 0.6000000000000001 0.4 0 0.6000000000000001 1.4000000000000001 0.6000000000000001 0 0.4 0 0 0 0 0.6000000000000001 0 0 0 0 0 0 0 0 0.4 0.6000000000000001 0.6000000000000001 0 0 0 0 0.2 0.4 0 0.8 5.4 0 2 0 2.2 0 0 2.6 2 5.2 0 4.6000000000000005 7.2 4.4 2.6 0.2 0 7.4 4 2.6 0 0 0 0 0 0 0 0 0 0 0 0 0 0 0.2 0 0 0 0 0 0 0 0 0 0 0 0 0 0.2 0 0 0 0 0 0 0 0 0 0 0 1.6 0 0 0 0 0 0 0 4.2 0 0 0 0.2 0 0 0.2 0 0 0 0 0.4 2.4000000000000004 2.2 0.2 0.2 6.2 5.800000000000001 3 6 0 3.2 0 0 0 4 5.4 2.4000000000000004 3.6 7.2 4.6000000000000005 0 0 0 0 0 0 0 0 0 0 0 0.6000000000000001 0 0 0 0 0.2 0 2 0.8 0 0.4 0.2 0 0 0 0.4 0 0 0 0 0 0 0 0 0 0 0 0 0 0 0 2.6 0 0 0 0 0 0 0 0 0 0 0 0.2 0 0 0 0 0 0 0 0 0 0 0.4 0 0 0 0 0 1.6 0 0 0 0 0 0 0 0 0 0 0 0 0 0 0.4 0 0.6000000000000001 0 0 0 0 0 0.4 2.4000000000000004 0 0 0 0 0 0 0 0 0 0 0 0 0 0 
 8.200000000000001 47.2 35.2 29 18 7.6000000000000005 55.400000000000006 33.800000000000004 49.6 35 55.800000000000004 8.4 27.6 0 41.6 30.400000000000002 27 98 22.6 31.8 0 0 0 0.6000000000000001 0.6000000000000001 0.4 0.4 15.4 0 0 0 0 0.6000000000000001 0 0.4 0 0.6000000000000001 0 14.8 0 0.4 0 2 0 0.2 0 2.8000000000000003 0.4 0.6000000000000001 0 0 0 0 0.2 0 0 0.6000000000000001 0 0 0 0 0 0 0 0 1.4000000000000001 0 0 0 0 0 0 0 0 0 0 0.4 0 0 0.6000000000000001 8.8 1.8 4.2 3.4000000000000004 0.2 0 0.4 2.2 5 6.6000000000000005 0 4 0 3.6 5 9.4 1 0.6000000000000001 3.4000000000000004 2.2 0 0 0 0 0 0 0 0 0 0 0 0 0.2 0 0 0 0 0 0.4 0 0.2 0 0 0 0 0 0 0 0 0 0.2 0 0 0 0 0 0.4 0 0.2 0.2 1 0 0 0.2 0 0 0 0 0 0 0 1.8 1.2000000000000002 0.4 0 0 0 0 0 0 0.4 3 0.4 7.6000000000000005 2 2.6 0.2 0.4 5.6000000000000005 10.600000000000001 2.4000000000000004 0 0.2 1.2000000000000002 3.2 3.6 0.2 2 4 2 0 0 0 0 0 0.4 0 0 0 0 0 0 0 0 0 0 0 0 5 4.4 0.2 0 2.4000000000000004 0 0 0 0 0 0 0 0 0 0 0 0 0 0 0 0 0 0 0 0 0 0 0 0 0 0 0 0 1.4000000000000001 0.6000000000000001 0 0 0 0 0 0 0 0 0 0 0 0 0.8 0 0 0 20.400000000000002 0.4 2.8000000000000003 0 0.4 0 0 0 0 0 0 0 0 1.8 0 0 0 0 0 0 0 0 0 0 0.2 0.2 2.2 0 0 0 0 0 0 0 0 0 0 0 0 0 0 
 68.60000000000001 27.6 29.6 72 14.600000000000001 11.8 20.200000000000003 37.2 44.2 82.80000000000001 57.400000000000006 54 68.8 41.6 0 49 10.4 10.200000000000001 82.2 40.6 0.2 0 0.6000000000000001 0.6000000000000001 0.2 0 0.4 4 0 0.4 0 0 0.4 0.6000000000000001 0.4 0.6000000000000001 0.6000000000000001 0 0.6000000000000001 0 0.4 0 0 0 0 0 1.2000000000000002 0.4 0.6000000000000001 0 0.6000000000000001 0.6000000000000001 0.2 0.2 0.2 0 0 0 0.4 0 0 0 0 0 0 0 0 0 0 0.4 0 0.6000000000000001 0.4 0 0 0 0 0.6000000000000001 0 0.6000000000000001 17 0.2 0 4.2 6 3 0 0 6.2 3.2 0.2 0 4.2 0 5.4 0 2 0.2 0 3.4000000000000004 0 3.6 0 0.2 0 0 0.4 0 0 0 0 0 0 0 0 0 0 0 7.4 0 0 0.4 0 0 0 0 0 0.2 0 0 1 0 0 5 0 0 0 0 0 0 2.8000000000000003 0 0 0 0 0 0 0 0 0 0 0 1.2000000000000002 0 0 2.4000000000000004 0 0 0 0 2.6 2 0 4.6000000000000005 0 0 3.8000000000000003 0 0.2 3 5 1.6 2.2 6 2.2 9.4 0 0 0 0 0 0 0.4 0 0 0 0 0 0.4 0 0 0 1.6 0 0 0 0 0 8 5.4 0 0 0 0 0.4 0.2 0 0 0 0 0 0 0 0 0 0 0 0 0 0 0 0 0 0 0 0 0 0 0 0 0 0 0.4 0 0 0.4 0 0 0 3.2 0 0 0 0 0 0.4 0 0 19 1.4000000000000001 0 2.8000000000000003 2.4000000000000004 0 0 0 0 0 0 0 0 0 0 0 0 0 0 0 0 0 0 0 0 0 0 5.4 0.2 0 0 0 0 0 0 0 0 0 0 0 0 0 
 29.400000000000002 29.400000000000002 21 45.400000000000006 19.6 15.600000000000001 27 20.8 35.2 30.200000000000003 72.60000000000001 26.200000000000003 48.6 30.400000000000002 49 0 31 42.400000000000006 8.4 53.6 0 0 0 1 0 0 0.4 0.6000000000000001 0.2 0 0 0 0.4 1.4000000000000001 1 0 0.4 0 42.6 0 0.2 0 1.2000000000000002 0 0 0.4 0.6000000000000001 0.4 0.6000000000000001 0.8 0 0.4 0 0.6000000000000001 1.2000000000000002 1.2000000000000002 0 0 0 0 0 1.2000000000000002 0 0 0.4 0 0.6000000000000001 0.8 1 0 0 0 0 0 0 0 0 0 0 0 0 6 0 6.6000000000000005 6 4 0 0 3.2 6.2 2 6.2 0 0.6000000000000001 0.2 6 4 4.2 0 0 0 0 0.2 0 0 0 0 3.4000000000000004 2.4000000000000004 0 0 0 2.2 3.8000000000000003 0 0 0 0 7.2 0.2 0 0 0 0 0 0 0 0 0 0 0 0 0 0 0 0 0 0 0 0.2 0 0 0 0.2 0 0.2 0 0 0 0 0 1 1.4000000000000001 0 0 0 0 0 0 0 3.2 11 3 9.200000000000001 3.4000000000000004 0 0 3 3.8000000000000003 12.8 0.8 3.4000000000000004 0 2 2.6 0 4.4 1.8 0 0 0 0 0 0 0 0.2 4.2 0 0 0 0 0 1 0 0 0 0 0 6.2 5.6000000000000005 0 0 0 0 0 0 0 0 0 0 0 0 0 0 0 0 0 0 0 0 0.2 0 0.4 0 0 0 0 0 0 0 0 0 0 0 0 0 0 0 0 0 0 0 0 0 0 0 2 0 11 34.6 3.8000000000000003 1.2000000000000002 3.6 0 0 0 0 0.4 0 0 0 0 0 0 0 0 0 0 0 0 0 0 0 0 0 0 6.4 0 0 0 0 0 0 0 0 0 0 0 0 0 
 8.6 65.4 68.4 11.600000000000001 25 10.4 11.200000000000001 8.4 9 66.60000000000001 81.80000000000001 33.800000000000004 16.8 27 10.4 31 0 47.2 49 69.60000000000001 0 0 0.2 0.6000000000000001 0 0 0.8 0 0 0 0.2 0 0.6000000000000001 14.8 0.4 0 0.6000000000000001 0 15 0 0 0 0 0 0 0 0.6000000000000001 0.4 0.6000000000000001 0 0 0 0 0.4 0 0 0 0 0 0 0.4 7.800000000000001 0 0 0 0 0 0 0 0 0 0 0 0 0 0 0.2 0 0 0.6000000000000001 0 2.2 5.6000000000000005 0.2 0 4.6000000000000005 0 5 3.8000000000000003 2 2.8000000000000003 5.4 2.8000000000000003 6.2 2.6 4 4.800000000000001 3.8000000000000003 1.6 9.200000000000001 0 0 0 0 0 0 3.2 0 0 0 0 0 1.8 5 0.2 0 0 0 0.8 0 0 0 0 0 0 0 0 0 0 1.6 0 0 0 0 0 0 0 0 0 0 0 0 0 0 0 5.4 0 0 0 0 0.2 0.8 2.2 0 0 0 0 0 0 0 0 2.6 3.8000000000000003 0 4.4 2.2 0 2.6 4.4 6.6000000000000005 0.4 0.2 0.2 13.200000000000001 5.4 4.4 3.2 2.8000000000000003 2.4000000000000004 1.2000000000000002 2.2 0 0 0 0 0 3.4000000000000004 0 0.2 0 0 0 2.6 0 3.4000000000000004 0 0 0 2.8000000000000003 5 0 0 0 0 0 0 0 0.2 0 0 0 0 0 0 0 0 0 0 0 0 0 0 0 0 0 0 0 0 0 0 0 0 2.8000000000000003 0 0 0 2.6 0 0 0 0 0 0 0 0 0 18.400000000000002 0 0 0.2 0.4 1.2000000000000002 0.4 0 0 0 0 0 0 0 0 0 2.4000000000000004 0 0 0 0 0 0 0 0 0 0 0 0 0 0 2.6 0 0 0 0 0 0 0 0 0 0 0 0 
 40.400000000000006 26.6 23 51.2 23.400000000000002 11.600000000000001 28.400000000000002 39.800000000000004 62.800000000000004 49.800000000000004 82.80000000000001 47.6 48.2 98 10.200000000000001 42.400000000000006 47.2 0 57.400000000000006 5.800000000000001 19.200000000000003 0 0 0.6000000000000001 0.2 0 0.4 0 0 0 0 15.8 0.4 0 0.4 0.4 0.2 0 12 33.6 0 0 0 0 0 0 0.6000000000000001 0.2 0.6000000000000001 0 0 0 0 0.6000000000000001 0 0 0 0 0 0 0 12.8 0 0 0 0 0 0 0 0 0 0 0 0.2 0 0 6.4 0 0 7.800000000000001 3 10.600000000000001 5.2 7.800000000000001 2 6.6000000000000005 2 3.6 2.2 5 2.8000000000000003 2 0 13.600000000000001 0 4.4 9.4 7.6000000000000005 0 2.4000000000000004 2.4000000000000004 0 2.2 0 0 0 2.2 2 0 0 0 0 0 0 3 0 0 0 0.4 2.8000000000000003 0 0 0 0 0 0 0 0.6000000000000001 0 0 0 0 0 0 0 0 0 0 0 2 0 0 0 0 0 0.8 0 0 0 2.8000000000000003 0 0.2 0 0 0 0.4 0 0.2 0 0 0 6.6000000000000005 4 4 0.4 1.4000000000000001 0 4 0.2 4.4 6.4 2 0.2 0 6.4 0.2 2.4000000000000004 0 0 0 0 0 0 0 0 0 0.4 0 2.6 0 0 0 0.2 0 0 0 0.4 0 0 9.8 0 0.2 0.4 0 0 0 0.2 3.8000000000000003 0 0 0 0 0 0 0 0 0 0 0 0 0 3.8000000000000003 0 0 0 0 0 2 1.6 0 0 0 0 0 0.4 0 0 0 0 0 0 0 0 0 0 0 18.2 0.6000000000000001 0.6000000000000001 13.600000000000001 0.6000000000000001 1.8 0 0 0 0 0.2 0 0 0 0 0 0.2 0 0 0 0 0 0 0 0 0 0.4 0 0 0 0 1.4000000000000001 0 0 0 0 0 0 0 0 0 0 0 0 
 6.800000000000001 8.6 13 21.200000000000003 16.6 12.600000000000001 55.2 76.4 24.200000000000003 16.2 48.400000000000006 50.6 66.8 22.6 82.2 8.4 49 57.400000000000006 0 24.8 0 0 0 0.6000000000000001 0.2 0.2 0.4 0 0 0 0 0 0.4 0 0.4 0 0.2 0.4 0 0 0 0.8 0 0 0 0 0.6000000000000001 0.4 0.6000000000000001 0 0 0 0 0.6000000000000001 0 0 0 0 0 0 0 0 0 0 0 0 0 0 0 0 0 0 0.8 0 0 0 0 0 0 0 2.8000000000000003 0 0 0 0 0 2 0.2 0 0 0 0.4 5.6000000000000005 1.8 2 0 0 0 0 2.4000000000000004 0 0 0 0 0 0 0 0 0 0 0 0 0 0 0 0 0 0 0 0 0 0 0 0 0 0 0 0 0 0 0 0 0 0 0 0 0 0 0 0 0 1.4000000000000001 0 0 0 0 0 0 0 0 0 0 0 0 0.8 3.4000000000000004 0 0 0 0 0.2 0 0 0 0 0 2.2 0.2 0.4 0 0 0 3.8000000000000003 6.4 0 3 0.4 0 0 1.8 0 0.2 0 0 0 0 0 0 0 0.2 0 0 0 0 0 0.2 0 0 0 0 0 0 0 0 0 0 0 0 0 0 0 0.2 0 0 0 0 0 0 0 0 0 0 0 0.4 0 0 0 0 0 0 0 0 0 0 0 0 0 0 0 0 0 0 0 0 0 0 0 0 0.2 0 0 0.8 0 0.4 0 0 0 0.2 0 0 0 0 0 0 0 0 0 0 0 0 0 0 0 0 0 0 0 0 0 0 0 0 0 0 0 0 0 0 0 0 
 7.800000000000001 11.200000000000001 46.2 28.200000000000003 8.4 10.600000000000001 47 33.4 8 9.600000000000001 11 8.8 47.800000000000004 31.8 40.6 53.6 69.60000000000001 5.800000000000001 24.8 0 0 0 0 0.6000000000000001 0.2 0 0.4 0 0 0 0 0 0.4 0 0.4 0 0.2 0 0 0 0 0 0 0 0 0 0.6000000000000001 0.4 0.6000000000000001 0 0 0 0 0.6000000000000001 0 0 0 0 0 0 0 0 0 0 0 0 0 0 0 0 0 0 0 0 0 0 0 0 0 0 3.2 0 0 2.2 0.4 0 3.8000000000000003 0.4 2.4000000000000004 0.2 0 0.2 7.6000000000000005 0 2.4000000000000004 0 1.8 4.4 1.8 2.8000000000000003 0 0 0 0 0 0 0 0 0 0 0 0 0.2 0 0 0 0 0 2.2 0 0 0 0 0 0 0 0 0 0 0 0 0 0 0 0 0 0 0 0 0 0.8 0 0 0 0 0 0 0 0 0 0 0 11.4 0 0 0 0 0 0 0 6.4 0.2 2.2 4.4 0.6000000000000001 0.2 5.6000000000000005 2.4000000000000004 2 3.2 8.200000000000001 0 0 2.4000000000000004 2.8000000000000003 2.6 0.4 0.2 0.2 1.8 0 0.4 0 0 0 0 0 0 0 0.4 0 0 0 0 0 0.4 0 0 6.6000000000000005 6.6000000000000005 0 0 4 0 0 0 0 0 0 0 0.2 0 0 0 0 0 0 0 0 0 0 0 0 0 0 0 0 0 0 0 0 0 0 0 0.8 0 0 0 0 0 0 0 0 0 0 0 0 0.4 0 18 0 2.8000000000000003 6.6000000000000005 0 0 0 0 0 0 0 0 0 0 0 0 0 0 0 0 0 0 0 0 0 0 8.8 0 0 0 0 0 0 0 0 0 0.4 0 0 0 0 
 0.2 0 0 15.200000000000001 45.2 34.4 0 0.2 0.2 30.400000000000002 3.6 29.8 0.4 0 0.2 0 0 19.200000000000003 0 0 0 28 15 8.200000000000001 23.400000000000002 6.4 41.800000000000004 46.800000000000004 4.4 8.6 24.8 7 38.400000000000006 50.400000000000006 41 8.200000000000001 5.800000000000001 4.6000000000000005 12.600000000000001 31.8 12.8 0 0 0 0 0 1.2000000000000002 0.6000000000000001 0 0 0 0.8 0 1.2000000000000002 0.6000000000000001 0.4 0.2 0 0.2 0.8 0 0.2 0.4 0 0.8 0.6000000000000001 0 0 0 0.4 0 0 0.8 0.6000000000000001 0 0 0 10 0.6000000000000001 0.4 0 0 0 4.6000000000000005 1.6 0 0 0 0 0 3.8000000000000003 18 0 0 0 0 0.2 0 0 0 13.600000000000001 0 1.8 2.4000000000000004 0 0 7.6000000000000005 5 0.2 0 0 0 10.600000000000001 2.6 17.2 4 3.6 4.800000000000001 2.6 8 0 0 0 0 0 0 0 0 0 0 0 0 0 0 0 0 0 0 0 0 0 0 0 0 0 0 0.6000000000000001 0 0 0 0 0 0 0 0 0 0 3 3 0 0 0 0 2 0 2.6 0 0 0 0 2.2 2.6 0 0 0 0 0.6000000000000001 0 0 0 2.6 0 2 0 0 0 10 2.6 12.600000000000001 0 0 0 1.2000000000000002 1.2000000000000002 15.8 0 3.2 0 1.6 2 0 0 0 0 0 0 0 0 0 0 0 0 0 0 0 0 0 0 0 0 0 0 0 0 0 0 0 0 0 0 0 0 0 0 0 4.4 0 0 2.2 0 0 0 0 0 0 0.4 0 0 0 0 0 0 0 0 1.8 0 0.4 0 0 0 0 0 0 0 0 0 2.2 0 0.4 0 0 0 0 0 0 0 0 1.6 0 0 0 0 0 0 0 0 0 0 0 0 
 8.8 0 0 0 15.200000000000001 4 0.2 0.4 0 0 15.600000000000001 0 0.4 0 0 0 0 0 0 0 28 0 45.2 14.600000000000001 8.6 4.2 14.200000000000001 36.800000000000004 41.400000000000006 18.8 50.400000000000006 7 16.400000000000002 78 25.400000000000002 100.2 37 20.6 9 10.4 0 0 0 0 0 0 0.4 0.6000000000000001 0 0.6000000000000001 0 0.4 0 1.4000000000000001 0.2 0.4 0 0 12.4 0.6000000000000001 0 0 0 0 0 0 0 0 0.4 1.6 0 0 0 0.6000000000000001 0 0 0 0.6000000000000001 0.6000000000000001 0 0 0 0 0 0 0 0 0 0 0 0 0 0 0 0 0 0 0 0 0 4.2 4.6000000000000005 2.2 0.2 6.6000000000000005 3.6 0 1.8 3 0.2 4.6000000000000005 2.4000000000000004 2.8000000000000003 0.6000000000000001 2 0 3.2 4 0 2 0 0 0 0 0 0 0 1.8 0 0 0 0 0 0 0 0 0 0.4 4.800000000000001 0 0 0 0 0 0 0 0 0 1 0 0 0 0 0 0 0.2 0 0 0 0 0 0 0 0 0 2.6 0 0 0 0 0 0 0 0.6000000000000001 0 0 0 0 0 0 0.2 2.8000000000000003 9 6.6000000000000005 1.6 0 2.2 2.6 4 2.6 7 2 0 4.4 2.2 4.2 2.4000000000000004 7.800000000000001 2.8000000000000003 0 0.2 0 0.4 0.2 0 0 0 0 0 0 0 0 0.2 0 0 0 0 0 1.6 0 0 9.8 0 0 0 0 0 0 0 0 0 0 0 0 0 0 0 0 0 0 0 0 0 0 0 0 0 0 0 0 0 0 0 0 0.8 0 0 15.600000000000001 15.200000000000001 0.4 0.4 2 0 0 0 0 1.8 0 0 0 0 0 0 0 0 0 0 0 0 0 0 4.6000000000000005 0 0 0 0 0 0 0 0 
 0 0.2 0 0 0 0 0 0 0 0.2 0.4 0.4 0 0 0.6000000000000001 0 0.2 0 0 0 15 45.2 0 44.6 42.400000000000006 17.2 13.200000000000001 66.60000000000001 38.800000000000004 44.6 40.400000000000006 16.2 21.200000000000003 50.2 9.4 25.200000000000003 26.200000000000003 23.8 4.2 6.800000000000001 0 0 0 0 0 0 0.4 1.2000000000000002 0 3.6 0 0.4 0 2.4000000000000004 0 0.4 0 0 0.2 0.4 0 0 0 0 0 0 0 0 1.8 0.4 0 0 0 0.8 0 0 0 0.8 0.4 0 0.4 0.2 0 0 0 0 0 0 0 0 0 0 0 0 0 0 1.6 0 0 0 5 8.200000000000001 1.2000000000000002 11 5.6000000000000005 8.200000000000001 0 0 9.4 0 2.2 6.2 3 0 8.8 2 6.2 2 0 0 2.4000000000000004 0 0 0 0 0 0 3 0.4 0 0 0 1.8 0 0 0 0 0 2.2 0 0 0 0 0 0.2 0 0 0 0.4 0 0 0 0 0 0 0 0 0 0 0 0 0 0.2 0 0 2.2 0.6000000000000001 0 0 0 0 0 0 0.2 1.6 0 0 0 0 0 1.2000000000000002 15.600000000000001 0 4.6000000000000005 2.8000000000000003 0.2 0 3 0 3.4000000000000004 0 5.800000000000001 0 2.4000000000000004 0 4 2.6 21.200000000000003 0 0 0.2 0 0 0 0 0 0 0 0 0 0 0.4 5.6000000000000005 1.8 0.2 0.2 0 0 3 0.2 0.2 0 0 0 0 0 0 2.6 0 0 0 0 0 0 0 0 0 0 0 0 0 0 8.8 0 0 0.4 0 0 0 0 0 0 0.4 0 2.4000000000000004 0 0 15.4 15.8 0 0.8 7.2 0 0 0 0 2.6 0 0 0 0 0 0 0 0 0 0 0 0 0 0 2.6 0 0 0 0 0 0 0 1.6 
 0.6000000000000001 0.6000000000000001 0.6000000000000001 0.6000000000000001 0.6000000000000001 1 40.800000000000004 0.6000000000000001 0.6000000000000001 0.6000000000000001 0.6000000000000001 0.6000000000000001 0.6000000000000001 0.6000000000000001 0.6000000000000001 1 0.6000000000000001 0.6000000000000001 0.6000000000000001 0.6000000000000001 8.200000000000001 14.600000000000001 44.6 0 24.200000000000003 29.400000000000002 16.400000000000002 32.4 29.8 38.400000000000006 68.2 70.2 16.2 33.2 15 23 72 37.2 25.400000000000002 10.4 12 0 0.6000000000000001 0 0 0 0.4 0.6000000000000001 0 0.4 0 0.4 16.400000000000002 3.2 0.2 0.4 0 0 12.600000000000001 0.6000000000000001 0 0.4 0 0 0 0 0 0 2 1.2000000000000002 0.2 0 0 0.6000000000000001 0 0.2 0.2 0.6000000000000001 0.6000000000000001 0.4 0 0 0 0 0 0 0 0 0 0 0 0 0 0 0 0 0 0 0.2 0 2.4000000000000004 0.6000000000000001 0 7.2 5.800000000000001 5 0 0 4.2 0.4 2.8000000000000003 2.2 5 0 0 7.6000000000000005 2.2 0 0 0 1.8 0.2 0 0 0 0 2 3.6 2.4000000000000004 0 0 0 22 0 2 0 4 0 2.4000000000000004 0 0 0 0.4 0 0.4 3 0 0 0.4 0.6000000000000001 0 0 0 0 0 7.6000000000000005 0 0 0 0.4 0 0 0 0 1.2000000000000002 2.2 0 1.2000000000000002 0 0 0 0 0 0 0.6000000000000001 0 0 0 1.2000000000000002 0 0 3.8000000000000003 0 4.4 2.2 4 0 0 0 0 1.4000000000000001 5 0 2.4000000000000004 0 0.2 0 4.2 0 2 3.8000000000000003 0 0 0 0 0 4 0 0 0 0 0 12 2.4000000000000004 1.6 0 5 0.2 5.2 7.2 0 0 0 0 0 0 0 0 0 0 0 0 0 0 0 0 0 0 0 0 0 0 0 0 0 0 0 0 0 0 0 0 0 0 1 0.4 0 15.8 8.200000000000001 0.4 0.4 0 0 0 0 0 3.2 0 0 0 0 0 0 0 0 0 0 0 0 3 0 5 0 0 0 0 0 0 0 0.4 
 20.8 15.4 0.2 0 0 1.2000000000000002 0.4 0.4 0 0.2 0.2 0.2 0.2 0.6000000000000001 0.2 0 0 0.2 0.2 0.2 23.400000000000002 8.6 42.400000000000006 24.200000000000003 0 29.200000000000003 10 13.8 14.600000000000001 37.6 18.6 26 27.200000000000003 63.2 18.6 14.4 57.800000000000004 26.8 16.6 13.200000000000001 12.4 0 12 0 0 0 13.600000000000001 0.6000000000000001 0 0 0 0.4 0 0.6000000000000001 0.4 0.4 0 0 13 0.6000000000000001 0 0 0 0.6000000000000001 1.4000000000000001 0.4 0.8 0 0 0.6000000000000001 0 0 0 0.6000000000000001 0 0 0.8 0.6000000000000001 0.6000000000000001 0 0 0 0 0 0 0 0 0 0 0.2 0 0 0 0 0 0 0.2 0 0 0 0 0 0 4.4 8.6 3.4000000000000004 0 0 1.8 0.2 3 1.6 0 2.4000000000000004 0 2.2 3.8000000000000003 0.2 0 0 2 0.2 0 0 0 0 0 1.8 3.8000000000000003 0 0 0 8.200000000000001 0 3 1.4000000000000001 0.2 2 2.2 0 0 0 0.4 0 1.8 0 0 0 0 12.200000000000001 0 0.2 0 0 0 1 0 0 0 0.6000000000000001 0 0 0 0 0 0 0.4 0 0 0 0 0 0 0 0.8 0 0 0 0 0 0 2.6 0 4.6000000000000005 3.4000000000000004 0 0 0 0 0 1.2000000000000002 7 0 0 0 0 0 3.4000000000000004 0 0 4.800000000000001 0 0 1.4000000000000001 0 0 0.2 0 0 0 0 0 5.4 7.4 1.4000000000000001 0 0 0 2 0 0 0 0 0 0 0 0 0 0 0 0 0.4 0 0 0 0 0 0 0 0 0 0 0.4 0 0 0.2 0 0 0 0 0 0 0.2 0 1.2000000000000002 1 0 15.600000000000001 0.2 0.2 2.6 0 0 0 0 0.2 0 0 0 0 0 0 0 0 0 0 0 0 0 7.800000000000001 0 2.4000000000000004 0 0 0.4 0 1.2000000000000002 0 0 0.2 
 0.4 0 0 0 0 0.2 0 0.4 0.4 0.6000000000000001 0 0 0.4 0.4 0 0 0 0 0.2 0 6.4 4.2 17.2 29.400000000000002 29.200000000000003 0 6.800000000000001 3 10.600000000000001 27.6 78.2 17.400000000000002 8 12.4 13 13.200000000000001 18 11 11.8 7 0.4 3.8000000000000003 35.4 0 0 0 13.4 14.4 0 4.4 0 0.4 14.8 0.6000000000000001 12.4 0.4 42.2 0 15.200000000000001 13.4 0 0 0 0 0 0 0 0 0 0.6000000000000001 0 0 0 0.6000000000000001 0 0 0.2 0.6000000000000001 1.2000000000000002 0 0 0 3.4000000000000004 0 0 0.2 0 0 3.8000000000000003 0 0 0 0 0 0 0 0 0 0 0.2 0 0 0.2 0 6 2.2 0 0 2.2 0.4 0 3 0 0 0 7.800000000000001 0.2 0 0 0 2.4000000000000004 0 3.4000000000000004 0 0 0 5.800000000000001 5.4 4.6000000000000005 0 0 0 5 5 1.8 2.6 2.8000000000000003 0 2.2 0.2 0 0 1.4000000000000001 0 1 0 0 0 0.4 2.4000000000000004 0 0 0 0 0 1.4000000000000001 0.4 0 0.8 1 0 0 0 0 0 0 0.4 0 0 0 0 0 0 0 1.2000000000000002 0 0 0 0 0 0 3 0.2 6.4 5 3.6 0 0 0 0 2 6 0 0 0 0 0 1.6 0 0 12.600000000000001 0.4 3.4000000000000004 0.4 0 0 10.600000000000001 2.4000000000000004 2.2 0 2.4000000000000004 0 12 1.4000000000000001 2.4000000000000004 3.4000000000000004 3.6 0 9.600000000000001 6.2 0 0 0.2 0 0 0 0 0 0 0 0 0 0 0 0 0 0 0 0 0 0 0 0 0 0 0 0 0 0 0 0 0 0 0 2.4000000000000004 0 1 15.8 0 0 4.800000000000001 1 0 0 0 0 0 0 0 0 0 0 0 0 0 0 0 0 0 0 0 0.2 0 0 0 0 0 0 0 0 
 0.4 0.2 0.4 7.800000000000001 9.200000000000001 43 0.4 0.4 0.4 0.8 0 0.6000000000000001 0.4 0.4 0.4 0.4 0.8 0.4 0.4 0.4 41.800000000000004 14.200000000000001 13.200000000000001 16.400000000000002 10 6.800000000000001 0 124 10.8 6.6000000000000005 7 8.200000000000001 45 28.6 19 23.6 38.400000000000006 26.400000000000002 35.2 24.6 0 0 0 0 0 0 6.4 1 0.6000000000000001 0 0 0.4 0 1 1.6 13 0 0 0 4 0 1 0.8 0 0 0 0.6000000000000001 0 0 0.4 0 0 0 0.6000000000000001 0 0 0 0.6000000000000001 0.4 0 0 0.4 0 0 0 2.6 0 0 0 0 0 2.2 0 0 0 0 0 0 0 0 0.2 4.2 4 1.6 0.4 0 7.800000000000001 2.4000000000000004 4.4 3.6 0 2.2 5.800000000000001 4.2 2.8000000000000003 2.8000000000000003 2 0.4 2.2 1.2000000000000002 0 0 0 0 0 0 0 0 0 0 0 0 0 0 0 0 0 0 0 0 0 0 0 0 0 0 1.2000000000000002 0 0 0 0 0 0 0 0 0 3.2 0 0 0 0 0 0.4 0.8 4.4 0.6000000000000001 0 0 0 0 0 0 0 0 0 0 1.2000000000000002 0 0.2 0 8.8 3.2 2.4000000000000004 0.2 6 0 5 4.6000000000000005 3.2 1.8 0 0 1 1.8 6.800000000000001 4.4 5.6000000000000005 4.2 4.2 0 0 2 0 0 0 0 0 0 0 0 0 0 0 0 0 0 0 0 0 0.4 0.2 0 0 0 0 0 0 0 0.2 0 0 0 0 0 0 0.4 0 0 0 0 0 1.8 0 0 0 0 15 0 0 0 0 0 0 0 0.8 0 0.2 15.200000000000001 0 0 0.2 0 0 0 0 0 0 0 0 0 0 0 0 0 0 0 0.2 0 0 0 0 0 0 0 0 0.4 0 0 0 0 
 0.4 0 0 0 15 44.6 0.6000000000000001 0.6000000000000001 0 0.6000000000000001 0 6.4 0.4 15.4 4 0.6000000000000001 0 0 0 0 46.800000000000004 36.800000000000004 66.60000000000001 32.4 13.8 3 124 0 69.60000000000001 67.4 20.8 21.200000000000003 30.8 67.4 36 15.600000000000001 30 5.6000000000000005 58.800000000000004 36.6 1.6 0 0.2 0 0 0 0.8 0.6000000000000001 0 0 0 1 0.4 0.6000000000000001 0 0.4 0 0 1.2000000000000002 0.6000000000000001 0 0 0 0 0 0 1.6 0 2.2 1 0 0 0 0.6000000000000001 0 0 0 0.6000000000000001 0.6000000000000001 0 0 0 0 0 0.6000000000000001 0 0 0 0 0 4 0 0 0 0 0 0 0 0 0 5.4 5.4 4.4 4.2 0 2.4000000000000004 0.8 0 4 2 5.4 4 3.6 2.6 12.8 2.4000000000000004 2.4000000000000004 0.8 4.800000000000001 3.6 0 0 0 0 0 0 0 0 0 0 0 0 0 0 0 0 0 0 0 0 0 0 0 0 0 0 0 0 0.2 0 0 0 0 0 0 0.2 0 0 0 0 0 0 0 1.8 0 4 0 0 0 0 0 0 0 0 0 2 0.6000000000000001 0 0 0 15.4 11 0 0 0 0 1 3.2 2.8000000000000003 2.6 2 2 5.4 7.6000000000000005 5.4 4.2 14.8 4.800000000000001 0 0 0.2 0 0.4 0 0 0 0 0 0 0 0 0 0 0 0 0 0 0 1.8 0 0 0 0 0 0 0 0.2 0 0 0 0 0 0 0 0 0 0 0 0 0 0 0 0 0 0 0 0 0 0 0 0 0.2 0 0 2.4000000000000004 0 0.4 8.200000000000001 0 0 0.2 3.2 0 0 0 0 3 0 0 0 0 0 0 0 0 0 0 0 0 0 0 0 0 0 0 0 0 0 0 0 
 0 0 0 0.4 0.4 0.4 0 0.8 0 0 0 0 0.4 0 0 0.2 0 0 0 0 4.4 41.400000000000006 38.800000000000004 29.8 14.600000000000001 10.600000000000001 10.8 69.60000000000001 0 21.400000000000002 5.6000000000000005 53 99.80000000000001 47 17.6 26.8 83.4 23 23 12.200000000000001 0 0 0 0 0 0 0.4 1 0 0 0 0.4 0 1.6 3.2 0.4 0 0 14 0.4 0 0 0 0 0 1 0 0 0 0.4 1 0.2 0 0.6000000000000001 0 0 0.2 0.6000000000000001 0.4 0 0 0 0 0 0 0 0 0 0 0 0 0 0 0 0 0 0 0 0 0 0 4 1.4000000000000001 3.8000000000000003 2.2 5.2 0 3.2 0 3.6 2.2 2.6 0.2 0 0.2 4.6000000000000005 0 10 0 0 6.4 0 0 0 0 0 0.2 1.8 4.6000000000000005 0 0 0 5.4 0 0 2.4000000000000004 0 0 4.800000000000001 0.2 0 0 0 0 0 0 0 0 0 5.6000000000000005 0 0 0 0 0 0 0 0 0 0 0 0 0 0.2 0.2 0 0 0.2 0 0 0 0 0.4 0.6000000000000001 0 0 1 0 0 0 3.4000000000000004 2.2 0 3.4000000000000004 0 0.2 0.4 2 0.8 1.8 5 0.2 3.4000000000000004 0.2 0 6 2.2 0 6.800000000000001 0 0 1.6 0 0 0 0 3.8000000000000003 0.4 0 0 0 0 0.2 1.8 4.4 0 1.8 0 5.800000000000001 6.2 0 0 0 0 0 0 0 0 0 0 0 0 0 0 0 0 0 0 0.2 0 0 0 0.2 0 0 0 0 0 0 0 0 0 0 0 0 0 0 0.2 0.8 0 0.4 0.4 0 0 0 0 0 0 0 0 0 0 0 0 0 0 0 0 0 3 0 2.2 0 0 0 0 0 0 0 0 
 0.2 0 0 0 0.2 0.4 0 0.4 0 0 0 0 1.8 0 0.4 0 0 0 0 0 8.6 18.8 44.6 38.400000000000006 37.6 27.6 6.6000000000000005 67.4 21.400000000000002 0 32.6 47.400000000000006 27.400000000000002 119.60000000000001 92 60.800000000000004 95 54.2 23 55.6 13 0 2.6 0.2 0.4 0 0.8 1.2000000000000002 1 0 0.4 1 0 0.4 0.2 0.4 0.4 0 24.8 0.6000000000000001 0 0 0 0 0.6000000000000001 1.4000000000000001 0 0.2 0 0.4 5.6000000000000005 0.4 0.2 0.6000000000000001 0 0 0 1.6 0.4 0.6000000000000001 0 0 0 0 0 0 0 0 0 0 0 0 0.4 0 0 0 0.4 0 0 0 0 2.2 2.6 3.2 2.8000000000000003 6.6000000000000005 0 0 1.4000000000000001 2.6 0.2 10.4 0 2 0 9.4 3.4000000000000004 5.6000000000000005 0 0 14.8 0 0 0 0 0 0 0 0 0 0 0 3 0 0 1.8 0 0 2 2 0 0 0 0 0 0 0 0 1.8 0 2.4000000000000004 0 0 0 0 0 0 0.2 0 0 0 0 0 0 1.2000000000000002 0 0 1.8 0 0 0 0 0 0 0.4 0.4 0 0 0 0 3.6 0 0 0 0 2.2 0 1.8 0 1.8 4.4 1.6 0.2 0.4 0 0 2.2 3.4000000000000004 0.2 0 2 2 0 0 0 0 0 0.4 0 0 0 0 2.2 5.2 6.2 0 0 0 4 5 0 0 0 0 0.2 0 0 0 0 0 0 0 0 0 0 0 0 0 0 0 0 0 1.8 0 0 0 0.2 0 0 0 0 0 0 0 2.2 0 0.4 1 17.400000000000002 0 2.2 2.4000000000000004 0 0 0 0 0 0 0 0 0 0 0 0 0 0 0 0 0 3.8000000000000003 1.2000000000000002 0 0 0 0 0 0.2 0 0 0 
 0 0.4 0 0 0 15 0.8 0 0 0.2 0 0.4 0.8 0 0 0 0.2 0 0 0 24.8 50.400000000000006 40.400000000000006 68.2 18.6 78.2 7 20.8 5.6000000000000005 32.6 0 37.6 9.8 23 9.8 103.4 26.8 36 7.4 11.600000000000001 5.2 0 0 0 0 0 0.4 0.8 0 0 0 0.4 4.800000000000001 0.6000000000000001 0.4 0.4 0 0 13 0.6000000000000001 1.2000000000000002 0 0 7 0 0 0 0 1.2000000000000002 0.8 0 0 0 0.6000000000000001 0.4 0 0.2 0.6000000000000001 0.6000000000000001 0 0.4 0 0 0 0 0 0 0 0 0 0 0 0 0 0 0 0 0.2 0 0 2.4000000000000004 2.4000000000000004 0 9.200000000000001 2 1.8 0 0 4.800000000000001 0.2 12.8 1.4000000000000001 1.6 2.6 4.2 6.800000000000001 1.4000000000000001 0.2 0 0 2 0 4.800000000000001 0 0 0 0 0.2 3.2 0 1.8 0 10.600000000000001 0 0.8 2.2 3.4000000000000004 0 0 1.8 0 0 1 0 0 0 0 0 0 1.8 0 0 0 0 0 1.2000000000000002 0 0.2 0 0.8 0 0 0.2 0 1 2.6 0 0.4 0 0 0 0 0 0 0 0 0 0 1.2000000000000002 0 2.6 1 0 0 0 4.800000000000001 0.4 0 0 0 0 4.4 0 4.4 0 2.4000000000000004 0 1.8 0 5.2 1.8 1.4000000000000001 0 0 0 0 5.800000000000001 0 0 3.4000000000000004 0 0.6000000000000001 8.200000000000001 5.800000000000001 5.4 0.2 2 0 6.6000000000000005 2.6 0.2 0 0 0 0 0 0 0.4 0 0 0 0 0 0 0 0 0 0 0 0 0 0 0 0 0 0 0 0 0 0 0 0 0 0 0 0.2 0 0.4 0.6000000000000001 0 0.4 0 0 0 0 0 0.8 0 0 0 0.2 0 0 0 0.2 0 0 0 0 4.800000000000001 0 0 0 0 0 0 0 0 0 0 
 0 0.4 0.2 0 0 0 0 0 0 0 0 0 0 0 0 0 0 15.8 0 0 7 7 16.2 70.2 26 17.400000000000002 8.200000000000001 21.200000000000003 53 47.400000000000006 37.6 0 11.200000000000001 19.6 54.2 20 86 33 9.4 6.2 12 0 0.6000000000000001 0 0 11 0.4 0.6000000000000001 0 0 0 0.4 0 0.6000000000000001 12.600000000000001 0.4 0 0.2 0.4 0.6000000000000001 0 0 0 0 0 0 0 0 0 0.6000000000000001 0 0 0 0.6000000000000001 0 0 0 0.6000000000000001 0.6000000000000001 0 0 0 0.8 0 0 0 0 0 0 0 0 0 0 0 0 0 0 0 0 0 2.6 0 6 3.6 1.4000000000000001 0 0 0 5.2 0 2 1.8 0 0 0 5.800000000000001 1.8 3.8000000000000003 0 0 2.6 0.2 0.4 0 0 0 0 1.4000000000000001 0 0 0 0 3.8000000000000003 0 0 0 3.8000000000000003 0 2.2 0 0.2 0 0.4 0 0.6000000000000001 0 0 0 0.8 0.8 0 0 0 0 0 1.6 0 0 0 0.4 0 0 0.4 0 1 0 0.2 1 0 0 0 0 0 0 0.6000000000000001 0 0 0 1 0 0.8 3.4000000000000004 0 1.8 0 6 0 11 0 2.4000000000000004 1.4000000000000001 5.2 0 0 0 2 2.6 5 0 0 8.200000000000001 0 0 0 0 0 2.8000000000000003 0 0 0 0 0 7.4 1.8 2.2 0 0 0.2 3.8000000000000003 0 0 0 0 0 0 0 0 0 0 0 0 0 0.4 0 0 0 0 3.8000000000000003 0 0 0 0 1.6 0 0 0 0 0 0 0 0 0 0 0 1.6 0.4 0.4 31.200000000000003 22.200000000000003 0 0.2 0 0 0 0 0 0 0 0 0 0 0 0 0 0 0 0 0 0 0 0 2.2 0 0 0 0 0 0 0 0 
