 0 37.4 70.60000000000001 29.6 8.200000000000001 8.4 40.2 35 24.6 40.2 26.8 33.6 16.6 27.8 53.6 5.800000000000001 77.60000000000001 48.800000000000004 28.8 9.600000000000001 0 0 0 0 0 0.6000000000000001 0 0 0.6000000000000001 0 0 0.6000000000000001 0 0 0 0 0 0 30.6 0.4 12.600000000000001 0.4 0 0.6000000000000001 0 0 1.2000000000000002 0.4 2 0 0 0 0 0.6000000000000001 13 0 0 0 0 0 0 0.6000000000000001 0.4 0 0 0 0 0 0 0 0.2 0.4 0 0.6000000000000001 0.2 0 0 0 0.8 0.6000000000000001 13 5 0.2 3.2 4.6000000000000005 0 3.6 0.4 1.8 3 4.800000000000001 2.2 0 0 0 2.8000000000000003 11.600000000000001 7.2 4.2 0 0 0 0 0 0 0 0 0 0 0 0 0 0.2 1 0 0 0 0 3.4000000000000004 6.2 0 0 0 0 0 0 0 0 0 0 0 0 0 0 0 0 0 0 0 0 0 2.4000000000000004 0 0 0.4 1 0 0.4 0.6000000000000001 0 0 0 0 0 0 0 0 0 0 0 3 4.2 12.8 3.4000000000000004 3.2 0 0 9 1.8 7 4.2 1.6 0 0.2 2.4000000000000004 8.4 0 7.6000000000000005 0 0 0 0 0 0 0 0 0 0 0 0 0 0 3.2 4.2 0 0 0 0.4 0.2 0 0 0 0 0 0 0 0 0 0 0 0 0 0 0 0 0 0 0.2 0 0 0 0 0 0 0 0.6000000000000001 0 0 0 0 0 0 0 0.4 0.2 0 0 0 0 0 0 0 0 0 0 0.2 18 0 18.8 0.4 3 1 0 0 0 0 0 0 0 0 0 0 0.2 0 0 0 0 0 0 0 0 0 0 0 0 0 2.2 0 0 0 0 0 0 0 0 0 0 0 0 0 
 37.4 0 31.200000000000003 70.2 7.6000000000000005 8.6 49.6 92.80000000000001 28.8 41.2 9.4 60 93.2 90.60000000000001 79.60000000000001 26.8 24 61.800000000000004 7 41.2 0 0 0 0 0.2 17.400000000000002 0 0 0.6000000000000001 0 0 0.2 0 0 0 0 11 0 1 14.4 7.6000000000000005 0.4 0 0.6000000000000001 6.4 0 0.4 0.4 0.4 0 0 0 0 0.6000000000000001 0.4 0 0 0 0.2 0 0 0.4 0.6000000000000001 0 0 0 0 0 0 0 0 0 0 0.6000000000000001 0 0 0 0 0 0.6000000000000001 0.8 2.6 5.2 3.6 12.600000000000001 5.2 9 6.6000000000000005 3 1.6 5 5.4 2 0 0 3 2.8000000000000003 13.4 3 5.4 0 0 0 0 0 0 0 0 0 0 0 0 0 0.6000000000000001 0 0 0 0 0 4 0 0 0 0 0 0 0 0 0 0 0 0 0 0 0 0 0 0 0 0 0 0 0 0 0 0.8 0 0 0 0 0 0 0 0 0 0 0 0 0 0 4.800000000000001 8.8 2.2 0 0 2.2 0 3.6 6 3.2 6 2 0.2 7 0 2.2 0.2 0 2.2 5 0 0 0 0 0 0 0 0 0 0 0 0 0 0 0 0 0 0 0.2 0 0 0 0 0 0 0 0 0 0 0 0 0 0 0 0 0 0 0 0 0 0 0 0 0 0 0 0 0 0 0 0 0 0 0 0 0 0 0 0 0 0 0 0 0 0 0 20.200000000000003 0 0.6000000000000001 0 0 0.4 0 0 0 0 0 0 0 0 0 0 0 0 0 0 0 0 0 0 0 0 0 0 0 4 0 0 0 0 0 0 0 0 0 0 0 0 0 0 
 70.60000000000001 31.200000000000003 0 56.800000000000004 31.200000000000003 39.800000000000004 97.4 61.800000000000004 86.60000000000001 30.6 28.200000000000003 53.800000000000004 35.2 11.4 46.400000000000006 63.2 48.400000000000006 60.400000000000006 10.8 40.2 0 0 0 0 0 0.8 0 0 0.6000000000000001 0 15 0.2 15.4 0 15 0 0 0 31.6 0.2 0.2 0.6000000000000001 0 0.6000000000000001 0 0 0.4 0.4 0.4 0 0 0 0 0.6000000000000001 0.4 0 0 0 0.4 0 0 0.4 1.8 0 0 0 0 0 0 0 0 0 0 0.6000000000000001 0 0 0 0 0 0.6000000000000001 6.800000000000001 0.2 4.800000000000001 0 10.8 1.2000000000000002 4 3.8000000000000003 0.4 2.8000000000000003 14.200000000000001 0.2 2 2 2 1 9.600000000000001 2.6 6.6000000000000005 4.800000000000001 0 0 0 0 0 0 0 0 0 0 0 0 3.8000000000000003 0 2.6 0 1.8 0 0 2.2 0 0 0 0 0 0 0 0 0 0 0 0 0 0 0 0 0 0 0 1 0 0 0 0 0 0 0 0 0 0 0 0 0 0 0 0 0 0.6000000000000001 0 0 3.2 9.4 1.2000000000000002 5.800000000000001 4.6000000000000005 3.8000000000000003 0 0 0 0.4 0.2 4.800000000000001 3.4000000000000004 3 0 2 4 3 3.8000000000000003 2 0 0 0 0 0 4 0 0 0 0 0 0 1.8 3 0 0 0 0 8.200000000000001 0 0 0 0 0 0 5 0 0 0 0 0 0 3.2 0 0 2.8000000000000003 0 0 0 0 0 0 0 0 0 0 0 0 0 0 0 0 0 0 0 0 0 0 0 0 0 0 0 0 0 0 17.8 0 3 0 0 0.4 0 0 0 0 0 0 0 0 0 0 0 0 0 0 0 0 0 0 0 0 0 0 0 0 2.8000000000000003 0 0 0 0 0 0 0 0 0 0 0 0 0 
 29.6 70.2 56.800000000000004 0 11 11.8 44.400000000000006 35.4 18 17.8 27.8 70 37.4 22 14 36.800000000000004 14.200000000000001 51.800000000000004 16.6 11.200000000000001 0 0 0 0 0 1.6 14.8 0 0.6000000000000001 0 0 0.4 18 16 0.8 0 0.2 0 0.8 0.2 0 0.4 0 0.6000000000000001 0 0 2.2 1 0 0 14 0 0 0.6000000000000001 0.4 0 0 0 14.200000000000001 0.2 0 0.4 0.6000000000000001 0 0 0.4 0 0 0 0 0 0 10 0.6000000000000001 0 0 0.8 0 1.6 0.6000000000000001 2.4000000000000004 5.4 5.6000000000000005 2.8000000000000003 1.6 2.4000000000000004 2.2 5.6000000000000005 4.2 3.2 3 0 3.4000000000000004 0 0 2.2 3.2 1.2000000000000002 0 3.6 0 2.8000000000000003 0 0 0 0 0 4.4 4.800000000000001 4.800000000000001 0 0 1.6 3 3.2 0 0 3.2 2.8000000000000003 4 0 0 0 0 2.8000000000000003 0 0 0 0 0 0 0 0 0 0 0 0 0 0 0 0 0 0 0 0 0 0 0 0 0 0 0 0 0 0 0 0 0 0 0 0 0 0.2 0 4 0.4 0 0.2 2.8000000000000003 0 0 0 0 0 0 0 5.4 2.4000000000000004 0 0.4 1 0 1.4000000000000001 0 0 0 4.800000000000001 0.8 0 0 0 0 0 2.6 0 3 0.2 4.4 3.2 0 0 0 3.2 0 0 0 0 0 1 0 0.4 0 0 0 0 0 0 0 0 0 0 0 0 0 0 1.6 0 0 0 0 0 0 0 0 0 0 0 0 0 0 0 0 0 0 0 0.4 0.8 0 0 1.2000000000000002 0 0.4 2 0 0 0 0 0 0 0 0 0 0 0 0 0 0 0 0 0 0 0 0 0.6000000000000001 0 0 3.4000000000000004 0 0 0 0 0 0 0 0 0 0 0 0 0 
 8.200000000000001 7.6000000000000005 31.200000000000003 11 0 53.400000000000006 11.8 13.200000000000001 15.4 26.8 37.2 44.2 36 14 53.2 28.6 42.6 7.800000000000001 52.6 64.4 22.8 0.2 18.8 1 0 1 0 0 0.8 0 0 0.4 30.200000000000003 15.600000000000001 15.8 20 0.4 0 32.800000000000004 10 12.200000000000001 0.4 0 0.6000000000000001 0.6000000000000001 0 0.8 0.4 2.4000000000000004 0 0.2 0 0 0.6000000000000001 0.4 0 0 0 11.200000000000001 0 0 0.4 0.6000000000000001 0 0.8 0.2 0 0 0 0.6000000000000001 0 0 0 0.6000000000000001 0 0 1.2000000000000002 0 0.2 1 0.2 0 0 5.4 0 3.6 0 0 2.2 2.2 5.800000000000001 2.2 0 0 0 0 0.2 4.6000000000000005 0 0 5.4 1.2000000000000002 0 0.2 3 0 0 5.4 0 1.4000000000000001 0 0.4 2.2 10 0 0 1.8 2.4000000000000004 6.6000000000000005 4.2 0 0 0 0 0 0 0 0 0 0 0 0 0 0 0 0 0 0 0 0 0 0 0 0 0.2 0 0 0 0 0 0 0 0 0 0 0 0.2 0.4 0 0 0 0 0.8 0 1.8 7.2 0 2.4000000000000004 0 3.4000000000000004 0 1.4000000000000001 0 0 0 5.4 0 0 0 0 3.6 0 2.4000000000000004 0 0.2 0 0 0 5 0 0.4 0 1.8 2 0.4 0 2 2.8000000000000003 1.8 2.8000000000000003 0 0 0 0 0 2.4000000000000004 0 0 0 0 0 0 0 0 0 0 0.2 0 0 0.2 0 0 0 0 0 0 0 0 0 0 0 0 0 0 0 0 0 0 0 0 0 0 0 0 0 0.2 0.4 0 0.6000000000000001 0.4 0 2.2 0.2 0 0 0 0 0 0 0 0.4 0 2 0 0 0 0 0 0 0 0 0 0 0 0 0 0.2 0 0 0 0 0 0 0 0 0.2 0 0 0 0 
 8.4 8.6 39.800000000000004 11.8 53.400000000000006 0 22.400000000000002 7 20.400000000000002 46.400000000000006 92.2 11.600000000000001 8.8 7.800000000000001 101.2 50 30.200000000000003 46.400000000000006 12.200000000000001 7.6000000000000005 16.8 0 13 15.4 0.2 1 0.4 14.8 16.2 0 0.4 0.2 24 0 0 0.6000000000000001 0 0 16 29.400000000000002 0.8 0.4 0 0.6000000000000001 0 0 0.4 0.4 1.4000000000000001 0.4 0 0 0 0.6000000000000001 0.4 0 0.6000000000000001 0.6000000000000001 0.6000000000000001 0.8 0 0.6000000000000001 1.4000000000000001 0 0 0 0 0 0 0 0 0 0 0.6000000000000001 0 0 0 0 0 0.6000000000000001 0 2.8000000000000003 0 2 0.4 0 3 0 2.4000000000000004 11.8 8.200000000000001 2.8000000000000003 0 0 0 2 2 2.2 0 0 0 0 0 4 9.600000000000001 0 0 0 0.2 1 0 4 6.4 3.6 0 0 0 0.4 1 4.2 0 0 0 0 0 0.2 0 0 0 0 0 0 2.6 0 0 0 0 0 0 0 0 0 0 0 0 0 0 0 0 0 0 0 0 0 0 0 0 1.2000000000000002 0 0 0 1.6 2.4000000000000004 2.6 6.4 7.2 0.2 2.6 0 4.2 0.2 8.8 0 0 0 9.200000000000001 0.4 1.2000000000000002 0 0 1.8 0 0 0 4.800000000000001 0 0 0 1.2000000000000002 0 3.2 0 4.6000000000000005 2.2 0 2 0 0 9.4 0.6000000000000001 0 0.2 0 0 0 1.6 0 0 0 0 0 0 0 0 0 0 0 0 0 0 0 0 0 0 0 0 0 0 5.6000000000000005 0 0 0 0 0 0 0.4 0 0 0 0 0 0 0 0 0 0.4 0.2 0 0 0.4 0 0 0 0 0 0 0 0.4 0 0.2 0 0 2 0 0 0 0 0 0 0 0 0 0.4 0 0 0.2 0 0 0 0 0 0 0 0 0 0 0 0 0 0 
 40.2 49.6 97.4 44.400000000000006 11.8 22.400000000000002 0 46.400000000000006 50.800000000000004 42.2 53.800000000000004 31.200000000000003 70.4 13.200000000000001 10.600000000000001 51.400000000000006 9 57.2 30.8 19.8 0 0 0 0 0 0.8 0 0.2 0.6000000000000001 0 0 0.4 0 0 0 0 0 0 0.6000000000000001 0 0.2 0.4 0 0.6000000000000001 0 0 1.2000000000000002 0.4 0.4 0 0 0 0 0.6000000000000001 0 0 0 0 0 0 0 0.4 0.6000000000000001 0 0 0 0 0 0 0 0 0 0 0.6000000000000001 0 0 0 0 0 0.6000000000000001 2.8000000000000003 1.8 4.800000000000001 2 8.200000000000001 2 2.4000000000000004 2.4000000000000004 5.4 5.800000000000001 2 2 2.2 0 0 3 2.2 8.8 0 4.800000000000001 0 0 0 0 0 0 0.2 0 0 0 0 0 0 0 0 0 0 0 0 0.2 0 0 0 0 0 0 0 0 0 0 0 0 0 0 0 0 0 0 0 0 0 0 0 0 1.2000000000000002 2.2 0 0 0.6000000000000001 0 0 0 0 0 0 0 0 0 0 0 1 0.2 0 0.4 0.2 0 5.6000000000000005 0 2.8000000000000003 0.2 2.4000000000000004 0 4 5 0 0 0 0 4.4 5.4 0 0 0 0.2 0.4 0 0 0 0 0 0 0 0 0 0 0 0 0 6.6000000000000005 0 0 0 0 0 0.4 0 0 0 0 0 0 0 0 0 0 0 0 0 0 0 0 0 0 0 0 0 0 0 0 0 0 0 0 0 0 0 0 0 0 0 0 0 0 0 0 0 10.8 0 0.4 0 0.4 0.2 0 0 0 0 0 0 0 0 0 0 0 0 0 0 0 0 0 0 0 0 0 0 0 0.2 0 0 0 0 0 0 0 0 0 0 0 0 0 0 
 35 92.80000000000001 61.800000000000004 35.4 13.200000000000001 7 46.400000000000006 0 47 17.2 6.6000000000000005 34 105.4 122.80000000000001 51.6 50 7 54 15.8 44.400000000000006 0 0 1.2000000000000002 0 0 0.6000000000000001 0 0 1.2000000000000002 0.4 0 0.2 0 0 0 0 16.2 0.8 15.4 0 0.6000000000000001 0.4 0 0.6000000000000001 1.6 0 2.8000000000000003 1 2 0 9 0 0.6000000000000001 1 0.4 0.6000000000000001 0 0 0 0 0 0.6000000000000001 0.4 0 0.4 0 0 0 0 1.2000000000000002 0.8 0.4 0.2 1 1 0.6000000000000001 0 0 0.2 1.4000000000000001 0.6000000000000001 3.2 4.2 0.2 9.4 1.2000000000000002 6.4 8.6 8.6 3.2 2.4000000000000004 2.6 8 0.4 2.8000000000000003 2 5 5.800000000000001 4.2 2.2 0 0 0 0 0 0 0 3.2 0 0 0 0 0.2 0 0 0.2 0 2.8000000000000003 0 9 0 0 0 0 0 0 0.4 0 0 0 0 0.2 0 0.4 0 0 0 0 0 0 0 0 0 0 1 0.2 0 0 0 0 0 0 0 0 0 0 0 0 0 0 0.4 6.4 5.6000000000000005 0 0 0 1.8 6.6000000000000005 1.8 4 1.8 2.2 0.2 3.6 2.4000000000000004 6 0.2 2.2 0 0 0 0 0.2 0 0 0 0 0 0 0 0 0 2.8000000000000003 3 0 0 0 0 5.6000000000000005 0.4 0 0 0 0 0 0 0 0 0 0 0 0 0 0 0 0 0 0 0 0 0 0 0 0 0 0.4 0 0 0 0 0 0 0 0 0 0 0 0.2 0 0 0 0 0 0 0 0 9.4 0 18.2 0 3.4000000000000004 0.4 0 0 0 0 0 0 0 0 0 0 0 0 0 0 0.4 0 0 0 0 0 0 0 0 2 4.2 2.2 0 0 0 0 0 0 0 0 0 0 0 0 
 24.6 28.8 86.60000000000001 18 15.4 20.400000000000002 50.800000000000004 47 0 18.400000000000002 7.2 7.6000000000000005 46.2 45.800000000000004 69 28.200000000000003 5.800000000000001 32.6 40.2 17.6 0 0 0 0 0 0.8 0 15 0.6000000000000001 0.2 0 0.2 0 0.2 0 0 11.4 0 0.6000000000000001 0.2 0 0.4 0 0.6000000000000001 0 0 0.4 0.4 0.2 0 0 0 0 0.6000000000000001 0.4 0 0 0 0 0 0 0.6000000000000001 2.6 0 0 0 9.200000000000001 0 0 0 0.2 6.6000000000000005 15.4 0.6000000000000001 0.4 0 0 0 0 0.6000000000000001 4 0.2 1.2000000000000002 0 0.2 2.2 6.800000000000001 0.4 2 4.6000000000000005 4.2 0 3.2 2.8000000000000003 2.6 2 5 6 6.2 0 0 0 0 0 0 0 0 0 0 0 0 0 3.4000000000000004 0 0 0 0 0 0 3 0 0 0 0 0 0 0 0 0 0 0 0 0 0 0 0 0.4 0 0 0 0 0.2 0 0 2 0.4 0 0 0.6000000000000001 0 0 0 0 0 0 0 0 0 0 0 0.2 6.800000000000001 2.4000000000000004 2.4000000000000004 0 0 7.2 0 0 2.4000000000000004 4.6000000000000005 1.8 7.2 3.4000000000000004 6 5.2 9.600000000000001 1.6 5.6000000000000005 0.4 0 0 0 0 0 0 0 0 0 0 0 0 0.2 0 0 0 0 0 5.6000000000000005 0 0 0 0 0 0 0 0 0 0 0 0 0 0 0 0 0 0 0 0 0 0 0 0 0 0 0 0 0 0 0 0 0 0 0 0 0.4 0 0 0 0 0 0 0 0 0 0 17.6 0.2 17.8 0.4 2.8000000000000003 1.6 0 0 0 0 0 0 0 0 0 0 0 0 0 0 0 0 0 0 0 0 0 0 0 0 2.2 0.6000000000000001 0 0 0 0 0 0 0 0 0 0 0 0 
 40.2 41.2 30.6 17.8 26.8 46.400000000000006 42.2 17.2 18.400000000000002 0 47.6 7.800000000000001 12.8 35.2 88.2 24.400000000000002 51.400000000000006 18 30 21.400000000000002 0 0 0.4 0.6000000000000001 0.4 0.6000000000000001 0.4 0.4 0.6000000000000001 0 0 0.6000000000000001 0.2 1.6 0 0.6000000000000001 0 0.2 15.600000000000001 12.200000000000001 12.8 0.4 0 0.6000000000000001 0.6000000000000001 0.8 0.4 0.4 1.6 0 0 0 1.6 0.6000000000000001 0 0.6000000000000001 0.4 0 0 0 0 1.2000000000000002 0.6000000000000001 0 0.2 0.4 0 0 0 0.4 0 0.8 0.8 2 0.2 0 0 0 0 2 5.4 6.6000000000000005 0.8 2 4.2 2 8.4 0 0 2 0.4 3.2 7.6000000000000005 0.6000000000000001 0.4 0 5 3.4000000000000004 12.8 0.8 0 0 0 0 0 0 0 0 0 0 0 0 1.2000000000000002 0.6000000000000001 2.4000000000000004 0 0 0 2.2 7.4 0 0 0 0 0 0 0 0 0 0 0 0 0 0 0 0.2 0 0 0 0 0 0 0 0 0.4 1.8 0 0 0.6000000000000001 0 0 0 0 0 0 0 0 0 0.4 0 3.6 14.4 3.6 0.2 0.2 0 4.2 0.2 2.2 11 4.800000000000001 4 5.6000000000000005 0.4 2.2 6.2 3.4000000000000004 2.6 0 0.4 0 0 0 0 0 0.2 0 0 1.8 3.6 0 0 3 3.4000000000000004 0 0 0 0 0 0 0 0 0 0 0 0 0.4 0 0 0 0 0 0 0 0 0 0 0 0 0 0 0 3.6 0 0 0 0 0 0 0 0 0 0 0 0 0 3 0 0.4 0 0 0.4 0 0 0 0 18.2 0 18 0.2 3 0.4 0 0 0 0 0 0 0.4 0 0 0 0 0 0 0 0 0 0 0 0.2 0 0 0 0 0 2 0 0 0 0 0 0 0 0 0 0 0 0 0 
 26.8 9.4 28.200000000000003 27.8 37.2 92.2 53.800000000000004 6.6000000000000005 7.2 47.6 0 73.60000000000001 7 29.400000000000002 64.60000000000001 53 61.2 55 6.2 14.200000000000001 0 0.2 0.2 0 0 0.8 14.8 0.8 0.6000000000000001 0 0 0 6.6000000000000005 0 4.2 15.600000000000001 0 0 15 14.600000000000001 1.4000000000000001 0.4 0 0.6000000000000001 0.2 0 0.4 0.4 2.4000000000000004 0 0 0 0 0.6000000000000001 0.2 0 0 0 0 0 0 0.6000000000000001 0.6000000000000001 0 0 0 5.4 0 0 0 0.4 7.800000000000001 0.2 0.6000000000000001 1 0 0 0.6000000000000001 0.8 0.6000000000000001 0.2 2.6 2 10 0.4 5.2 0.2 0 8.6 10.8 3.2 4.800000000000001 0 0.2 0.4 5 9.4 4.800000000000001 0 0 1.6 3 0 0 0 0 0 2.4000000000000004 0 2.6 0 0 1.8 2.2 2.2 0 4.4 0.2 2.8000000000000003 5.800000000000001 0 0 0 0 3.8000000000000003 0 0 0 0 0 0 0 0 0 0 0 0 0 0 0 0 0 0.4 0 0 0 0 0 0 0 0 0 0 0 0 0 0 0.8 0 1 0 0.2 3 5.4 7.4 0.2 0 2.4000000000000004 3 5 0 0.2 0 0 0 6 3.6 4.2 0.4 0 0 0 0 0 0 0 5 1.4000000000000001 0 0 0 0 0 1.8 3.4000000000000004 2.2 1.8 0.2 0 0.2 0 0 0 0 0 0 0 0 0 0 0 0 0 0 0 0 0 0 0 0 0 0 0 0 0 0 0 0.4 0 0 0 0 0 0 0 0 0 0 0 0 0 0 0 0 0 0 0 0.4 0.8 17 0 1 2.2 0 0 0 0 0 0 0 0 0 2 0 0 0 0 0 0 0 0 0 0 0 0 8.6 2 0 0 0 0 0 0 0 0 0 0 0 0 0 
 33.6 60 53.800000000000004 70 44.2 11.600000000000001 31.200000000000003 34 7.6000000000000005 7.800000000000001 73.60000000000001 0 37.4 25 15.600000000000001 25.400000000000002 12.4 54.6 4.6000000000000005 5.4 15.200000000000001 0 0.4 0 0 1 0.6000000000000001 15.200000000000001 0.6000000000000001 0 13.8 0.2 15 0 31 3.6 0 0.6000000000000001 0.8 31.6 0 0.8 0 0.6000000000000001 0 0 1.8 0.4 0.2 0 0 0 0 0.6000000000000001 0.4 0 0 0 0 0 0 0.6000000000000001 0.4 0 0 0 0 0 0 0 0.2 0 0 0.6000000000000001 0 0 0 0 0 0.6000000000000001 0 2 3.6 0 9 6.800000000000001 3.8000000000000003 3.8000000000000003 0 2.2 6.4 5.2 0.2 0 0 3.6 0 3.6 0 3.6 7.2 9.4 0 0 2.2 0 9.200000000000001 2.2 5 0 0 0 1.4000000000000001 0 0.2 0.8 0 2.8000000000000003 9.600000000000001 6 0 0 0 0 0 0 0 0 0 0 0 0 0 0 0 0 0 0 0 0 0 0 0 0 0 0 3.4000000000000004 0 0 0 0 0.4 0 0 0 0 0 0 0 0 0 1.8 7.2 2.8000000000000003 0.4 2 0.8 4.2 1.2000000000000002 0 1.8 2.2 0 0 0 1.8 0 6.800000000000001 0.2 0 0 0 0 0 0 0 6.2 0 0.2 0 0 0 3.2 3.4000000000000004 3.4000000000000004 0 8.6 0 2.2 1.8 0 0 0 0 0 0.2 0 0 0 0 0 0 2 0 0 0 0 0 0 0 0 0 0 1.2000000000000002 0 0 0 0 0 0 0 0 0 0 0 0 0 0 0 0 0 0 0 0 0 0.6000000000000001 18.2 0.4 0.8 17.400000000000002 0 0 0 0 8.6 0 0 0 0 0 0 0 0 0 0 0 0 0 0 0 0 0 0 0 0 2 0 0 0 0 0 0 0 0 0 0 0 0 0 0 
 16.6 93.2 35.2 37.4 36 8.8 70.4 105.4 46.2 12.8 7 37.4 0 88.4 11.4 17.400000000000002 8.6 8.6 87.60000000000001 17.8 0 14.8 0.4 0 0 0.6000000000000001 0 0 0.6000000000000001 0 0.2 0.4 0 0 0 7.6000000000000005 0 0 0.6000000000000001 0 12.4 0.4 0 0.6000000000000001 0.2 0 13.200000000000001 0.4 0.2 0 0 0 0 0.6000000000000001 0.2 0 0 0 0 0 0 0.6000000000000001 0.4 0 0 0 0 0 0 0 0.4 0 0.2 0.6000000000000001 0 0 0 0 0 0.6000000000000001 4 1.8 6.2 2 4.2 2.2 4.4 5.800000000000001 2.8000000000000003 3.4000000000000004 4.2 0.8 5.6000000000000005 0 0.2 4.800000000000001 0.4 5.4 2.8000000000000003 3.4000000000000004 0 0.2 0 0 0 0.4 0 0 0 0 0.2 0 0.2 0 0 0 0 0 0.2 4 0 0 0 0 0 0 0 0 0 0 0 0 0 0 0 0 0 0 0 0 0.2 0 0 0 0.4 0.8 0 0 0.6000000000000001 0 0 0 0 0 0 0 0 0 0 0 3.6 3.2 0 0 0 0 5 6.2 2 3 4.2 0.2 0 0 6 0 0 0 2.4000000000000004 2.6 0 0 0 0 0 0 0 0 0 0 0 0 0 0 0 0 0.4 0 2.8000000000000003 0 0 0 0 0 0 0 0 0 0 0 0 0 0 0 0 0 0 0 0.2 0 0 0 0 0 0 0 0 0 0 0 0 0 0 0 0 0 0.2 0 0 0 0 0 0 0 0 0.2 19.200000000000003 0 0.2 0.4 0.4 3.2 0 0 0 0 0 0 0 0 0 0 0 0 0 0 0 0.2 0 0 0 0 0 0 0 0 0 0 0 0 0 0 0 0 0 0 0 0 0 0 
 27.8 90.60000000000001 11.4 22 14 7.800000000000001 13.200000000000001 122.80000000000001 45.800000000000004 35.2 29.400000000000002 25 88.4 0 77.4 95.60000000000001 35.2 10 42 34.6 0 8 0 0 0 15.4 0.4 0.4 0.6000000000000001 0 0 0.4 0 0.2 0 0 0.2 0 0.6000000000000001 0 13.8 0.4 0 0.6000000000000001 0 0 0.4 0.4 0.2 0 0 0 0 0.6000000000000001 0 0 0.4 0 0 0 0 0.4 0.6000000000000001 0 0 0 0 0 0 0 0 0 0 0.6000000000000001 0 0 0 0 0 2 2.6 18.2 2 5 7 0.4 3.6 4.800000000000001 0.6000000000000001 3.2 0 2.4000000000000004 2.8000000000000003 0 3.6 3.4000000000000004 6.2 3.2 3.8000000000000003 0 0 0 0 0 0 0 0 0 0 0 0 0 0 0 0 0 0 0 0 5.800000000000001 2.2 0 0 0 0 0 0 4 0 0 0 0 0 0 0 0 0 0 0 0 0 8.200000000000001 0 0 0 0.2 0 0 0 0 0 0 0 0 0 0 0 0.2 0 0 7.800000000000001 8.200000000000001 4.4 3.6 0 0 5.2 5.2 1.4000000000000001 2.8000000000000003 11.600000000000001 0 3.6 1.4000000000000001 0 3.4000000000000004 1.8 0 0 2 0 0 0 0 0 0 0 0 0 0 0 0 0.2 0 0 0 0 0 0 0 0 0 0 0 0 0 0 0 0 0 0 0 0 0 0 0 0 0 0 0 0 0 0 0 0 3.2 0 0 0 0 0 0 0 0 0 0.6000000000000001 0 0 0 0 0 0 0 0 0 11.200000000000001 0 0 0.4 0 0.4 0.4 0 0 0 0 0 0 0 0 0 0 0 0 0 0 0 0 0 0 0 0 0 0 0 4.6000000000000005 0 0 0 0 1.6 0 0 0 0 0 0 0 0 0 
 53.6 79.60000000000001 46.400000000000006 14 53.2 101.2 10.600000000000001 51.6 69 88.2 64.60000000000001 15.600000000000001 11.4 77.4 0 62 37.4 64.8 15.4 40.6 0 0.4 0 0 0 0.6000000000000001 0 0 0.6000000000000001 0 0 0.2 0.2 0.4 0.4 0 0 0 7.800000000000001 14.4 0 0.4 0 1.4000000000000001 0 0 0.4 0.4 0.4 0 0 0 0 1.8 0.4 0 0 0 0 0 0 0.6000000000000001 0.4 0 0.4 0 0 5.6000000000000005 0 0 0 0 0 0.6000000000000001 0 0 0 0 0 0.6000000000000001 0.8 10 3 0.4 2.6 3 7.800000000000001 5.2 0 3 2.6 5.2 2 0 1.8 0 8.8 3.2 5.2 0 0 0 0 0 0 0 0 0 1.8 0 0 0.4 1.6 3 0 0 0 3.8000000000000003 0 4.800000000000001 0 0 0 0 0.4 0 0 0 0 0 0 0 2.4000000000000004 0 0 0 0 0 0 0 0 0 0 0 0 0 0 0 0 0 0 0 0 0 0 0 0 1.4000000000000001 0 0 0 7.6000000000000005 2.8000000000000003 0 0 0 3.8000000000000003 4.2 2.2 2.2 2.2 5.6000000000000005 3.8000000000000003 0.4 0.6000000000000001 7.2 2.6 0.2 3.6 0.6000000000000001 0.2 0 2.4000000000000004 0 0 0 0 0 0 1.6 0 0 2.2 2.6 0 0 0 2.8000000000000003 0.2 0 0 0 0 0 0 0 0 0 0 0 0 0 0 0 0 2 0.4 0 0 0.4 0.2 0 0 0 0 0 0.2 0 0 0 0 0 0 0 0 0 0 0 0 0 0 0 0 0 0 0.4 1.4000000000000001 0.2 0.4 0 0 5.2 0 0 0 0 0 0 0 0 0 0 0 0 0 0 0 0 0 0 0 0 0 0 0 2.4000000000000004 4 2 0 0 0 0 0 0 0 0 0 0 0 0 
 5.800000000000001 26.8 63.2 36.800000000000004 28.6 50 51.400000000000006 50 28.200000000000003 24.400000000000002 53 25.400000000000002 17.400000000000002 95.60000000000001 62 0 35 113 8.6 20 0 0 0 0 0 15.600000000000001 0 8.6 0.6000000000000001 0 0.4 0.2 0 0 0 0.4 0.4 0 15.600000000000001 12 0.4 0.4 0 0.6000000000000001 0 0 0.8 0.4 0.2 0 0 0 0 0.6000000000000001 0 0 0 12.600000000000001 0 0 0 0.4 1.4000000000000001 0 0 0 0 0 0 0 0 0 0 0.6000000000000001 0 0 0 1.4000000000000001 0 1.6 0.2 2 3.8000000000000003 3.4000000000000004 2.4000000000000004 5.2 3.6 2 4.6000000000000005 11.600000000000001 3.8000000000000003 3.2 1.4000000000000001 0 0 3.6 7 0.2 5.800000000000001 1.8 0 0.2 0 0 0 0.4 0 0 1 0 0.2 0 4.800000000000001 3.8000000000000003 0 0 0.2 0 2.2 0 0 0 0 0 0.2 0 0 0 0 0 0 0 0 0 1.4000000000000001 0 0 0 0 0 0 0 0 0 0 0 0 0 0 0 0 0 0 0 2.6 0 0 0.6000000000000001 0 0 0 0.4 3 3.6 3.2 4.4 0.2 0 0 7.2 0 1.8 0 0 0 7.800000000000001 2.6 0.8 0 0.2 0 0 0 0 0.2 0 0.4 0.2 1.8 0 0 0 9.8 2.8000000000000003 0 0 0 0 2.6 0 0 0 0 0 0.2 0 0 0 0 0 0.2 0 0 0 0 0 0 0 0 0 0 0 0 0 0 0 0 0 0 0 0 0 0 0 0 0 0 0 0 0 0 0 0 0 0 0.6000000000000001 9.8 0 0.8 0.4 0 1.8 0.4 0 0 0 0 0 0 0 0.2 0 0 0.2 0 0 0 0 0 0 0 0 0 0 0 1.6 0 0 0 0 0 0 0 0 0 0 0 0 0 0 
 77.60000000000001 24 48.400000000000006 14.200000000000001 42.6 30.200000000000003 9 7 5.800000000000001 51.400000000000006 61.2 12.4 8.6 35.2 37.4 35 0 28.8 5.2 7.4 0 20.400000000000002 0 0 0 0.6000000000000001 0 0 0.6000000000000001 0 0 0.4 0 0 0 0 0 0 19 15 12.600000000000001 0.4 0 0.6000000000000001 0 0 0.8 0.4 0.8 0 0 0 0 0.6000000000000001 0.4 0 0 0 0 5.6000000000000005 0 0.6000000000000001 0.4 0 0 6.4 0 0 0 0 0.2 0 0 0.6000000000000001 0 0 0 0 0 0.6000000000000001 7.800000000000001 5.800000000000001 0 12.600000000000001 3.4000000000000004 2.2 7.800000000000001 0 6.800000000000001 9.600000000000001 0.4 4.800000000000001 0 0 0 3 6.4 6 6 0 0 0 0 0 0 0 0 0 0 0 0 0 2.2 3 0 0 0 0 3.2 6.2 0 0 0 0 0 0 0 0 0 0 0 0 0 0 0 0 0 0 0 2.6 0 0 0 0 0 0 2.8000000000000003 0 0.4 0 0 0 0 0 0 0 0 1 0 0 2.4000000000000004 4.6000000000000005 12 4.2 2.4000000000000004 0 0 6.4 0 11.200000000000001 3 0.6000000000000001 0 0.2 2.6 10.200000000000001 0 4 0 0 0 0 0 0 0 0 0 0 0.2 0 0 0 5.6000000000000005 3.4000000000000004 0 0 0 0 0 0 0 0 0 0 0 0 0 0 0 0 0 0 0 0 0 0 0 0.4 0 0 0 0 0 0 0 0 0 0 0 0 0 0 0 0.2 0.4 0 0 0 0 5 0 0 0 0 0 0 0.4 0.4 17.400000000000002 0.8 3.8000000000000003 1 0 0 0 0 0 0 0 0 0 0 0 0 0 0 0 0 0 0 0 0 0 0 0 1.6 3.2 0 0 0 0 0 0 0 0 0 0 0 0 0 
 48.800000000000004 61.800000000000004 60.400000000000006 51.800000000000004 7.800000000000001 46.400000000000006 57.2 54 32.6 18 55 54.6 8.6 10 64.8 113 28.8 0 25.6 17.400000000000002 0 7.6000000000000005 0 0 0 0.8 0 0 0.6000000000000001 0 0 0.8 5.6000000000000005 0 0 0 0.2 0 0.8 3.4000000000000004 0 0.4 0 0.6000000000000001 0 15.4 1.4000000000000001 0.4 0.2 0 0 0 0 0.6000000000000001 0 0 0 0 0 0.6000000000000001 0 0.6000000000000001 4.2 0 0 0 0 0 0 0 0 0 0 0.6000000000000001 0 0 0 0 0 0.6000000000000001 0 0 4 0 8.6 2.6 5.800000000000001 7.4 0.2 13.200000000000001 1 2 2.2 0 0 5.800000000000001 0.2 3.2 2 3.8000000000000003 0 0 0 0 0 0 0.2 0 0 0 0 0 2.2 2.4000000000000004 0 0.2 0 0.2 2 4 0 0 0 0 0.2 0 0.4 0 0 0 0 0.2 2.8000000000000003 0.4 0 0 0 0 0 0 0 0 0 0 2.4000000000000004 0.2 0 0 1 0 0 0 0 0 0 0 0 0 0 0 1.6 2 3.8000000000000003 0 0 0.4 1.2000000000000002 0.2 5 2.2 4.800000000000001 0.8 4 8.200000000000001 2.2 1.2000000000000002 0 0.6000000000000001 4 2.4000000000000004 0 0 0 0 0 0 0 0 2 0 0 2.2 1.8 0 0 0 0 0 3.4000000000000004 0.4 0 0 0 0 0 0 0 0 0 0 0 0 0 0 0 0 0 0 0 0 0 0 0 0 0 0.4 0 0 0 0 0 0 0 0 0 0 0 0 0 0 0 0 0 0 0 0.4 19.400000000000002 0.2 0.6000000000000001 0 0.4 0.8 0 0 0 0 0 0 0 0 0 0 0 0 0 0 0.4 0 0 0 0 0 0 0 0.4 2.8000000000000003 0 4 0 0 0 0 0 0 0 0 0 0 0 0.2 
 28.8 7 10.8 16.6 52.6 12.200000000000001 30.8 15.8 40.2 30 6.2 4.6000000000000005 87.60000000000001 42 15.4 8.6 5.2 25.6 0 17 0.2 0 0 0.2 0.4 1 0 0 1.6 0 0.6000000000000001 0.8 0 0 0 0 0.6000000000000001 0 1.2000000000000002 0 0 0.4 0 0.6000000000000001 0.4 0 0.8 0.4 0.4 0 0 1 0 0.6000000000000001 0.2 0.2 0 0 0 0 0 0.6000000000000001 0.4 0 0 0 0 0 0 0 0.2 0 0 0.6000000000000001 1 0 0 1.2000000000000002 0 1.2000000000000002 3.4000000000000004 0.4 2 0.6000000000000001 0 0 2.2 1.8 2.8000000000000003 0 0 2.6 7.2 0 2.4000000000000004 2 0 7.2 3.4000000000000004 0 0 0 0 0 0 0 0 0 0 0 0 0 0 0 0 0.4 0 0.4 0 0 0 0 0 0 0 0 0.2 0 0 0 0 0.4 0 0.2 0 0 0 0 0 0 0 0 4.4 0 1.4000000000000001 1.2000000000000002 0 0 2.4000000000000004 0 0 0 0 0 0 0 0 0 0 0 2.8000000000000003 0.6000000000000001 0 0 0 0 15.8 0.2 3.8000000000000003 0.4 0.2 0 0.2 1.2000000000000002 1.8 0 0 0 1.4000000000000001 1.8 0 0 0 0 0 0 0 0 0 0 0 0 0 0 0 0 0 0 4.4 0 0 0 0 0 0 0 0 0 0 0 0 0 0 0 0 0 0 0 0 0 0 0 0 0 0 0.2 0 0 0 0 0 0 0 0 0 0 0 0.4 0 0 0 0 0 0 0 0 3 0 0.8 0 0 1 0.4 0 0 0 0 0 0 0 0 0 0.4 0 0 0 0.2 0 0 0 0 0 0 0 0 0.2 0 0 0 0 0 0 0 0 0 0 0 0 0 0 
 9.600000000000001 41.2 40.2 11.200000000000001 64.4 7.6000000000000005 19.8 44.400000000000006 17.6 21.400000000000002 14.200000000000001 5.4 17.8 34.6 40.6 20 7.4 17.400000000000002 17 0 0 0 0 0 0 0.8 0 0 0.6000000000000001 0.4 0 0.4 0 0 0 0.6000000000000001 0.2 0 0.6000000000000001 0 0 0.4 0 0.6000000000000001 0 0 0.4 0.4 0.2 0 0 0 0 0.6000000000000001 0 0 0 0 0 0 0 0.6000000000000001 0.4 0 0 0 0 0 0 0 0.2 0 0 0.6000000000000001 0 0 0 0 0 0.6000000000000001 0 0 2.4000000000000004 0 4.6000000000000005 2.2 2 1.8 0 3.2 0 0 2.8000000000000003 0 0.4 0 5.4 3.6 5.6000000000000005 2.8000000000000003 0 0 0 0 0 0 0 0 0 0 0 0 0 0 0 1 0 4 0 0 0 0 0 0 0 0 0 0 0 0 0 0 0 0 0 0 0 0 0 0 0 0 0 0 0.4 0 0 0 0 0 0 0 0 0 0 0 0 0 0 0 0.6000000000000001 3.8000000000000003 0 1 0 0 7.4 0 0 0 2 0 9.4 9.8 3 0 2.6 0 4.6000000000000005 9.4 0 0 0 0 0 0 0 0 0 0 0 0 0 0 0 0 0 0 0 0 0 0 0 0 0 0.4 0 0.2 0 0 0 0 0 0 0 0 0 0 0 0 0 0 0 0 0.2 0.2 0.6000000000000001 0 0 0 0 0 0.4 3.2 0 0 0 0 0 0 0 0 0 0 0 0.4 1.2000000000000002 0 0.6000000000000001 0 0 0 0 0 0.4 0 0 0 0 0 0 0 0 0 0 0 0 0 0 0 0 0 0 0 0 0 0 1 0 0 0 0 0 0 0 0 0 0.2 0 0.2 
 0 0 0 0 22.8 16.8 0 0 0 0 0 15.200000000000001 0 0 0 0 0 0 0.2 0 0 21.400000000000002 78.60000000000001 12.8 8.4 21.6 25 29.6 37 35.6 26.200000000000003 6.4 16.2 31.200000000000003 27.8 36.800000000000004 45.400000000000006 8.4 9.4 26.6 4.2 0 3.8000000000000003 0.4 0 0 4.4 4.800000000000001 0.4 0 0.8 3 2.4000000000000004 0.4 0.2 5 0 0.6000000000000001 0 0 0 0 0.4 0 0 2.6 0.4 0 0 0 0.4 0 0 0.2 0 0 2.2 0 0.4 0 0 0 0 0 0 0 0 0 0 0 0 0 0 0 0 0.4 0 0 0 0 4 6.2 0 0 9.4 2.8000000000000003 0 13.8 0 1.6 1.6 4.2 0 10.600000000000001 7.800000000000001 0 5.800000000000001 1.8 4.6000000000000005 1.8 0 0 0 0 0 0 0 0.4 0 0 0 0 0 0 0 0 0 0 1.4000000000000001 0 0 0 0 0 0 0 0.2 4 0.4 0 0 0 0 0 0 0 1 0 0 0 0 0 0 0 0 3 0 0 0 0 0 0 0 2.4000000000000004 0 0 0 0 0.2 0 7.800000000000001 2.8000000000000003 6.2 0 0.6000000000000001 2.2 0 2 4.6000000000000005 5.2 6.2 2.4000000000000004 0.2 0 0 0 1.8 0.2 0.8 4.800000000000001 0.2 0 0 0.4 0 0 0 0 0 0 0 0 1 0.4 0 0 0 0 0 3 0 0 0 0 3.8000000000000003 0 0 0 0 0 0 0 0 0 0 0 0 0 0 0 0 0 0 0 0 0.4 0 0 14.8 0 0 0 0 0 1.2000000000000002 0 0 0.2 9.600000000000001 0 0.2 0 0 3 0 0 0 0 0 0 0 0 0 0 0 0 0 0 0 0.2 0 0 0 0 0 0 0.4 0 0 0 
 0 0 0 0 0.2 0 0 0 0 0 0.2 0 14.8 8 0.4 0 20.400000000000002 7.6000000000000005 0 0 21.400000000000002 0 36.2 9.600000000000001 20.6 22.6 54.400000000000006 49.800000000000004 26.8 28.400000000000002 10.8 8.200000000000001 34 64.60000000000001 13.600000000000001 39.800000000000004 47.400000000000006 23.400000000000002 25.400000000000002 9.600000000000001 0 0 0 0.2 0 0 0 0.8 0.2 0 0.6000000000000001 0.6000000000000001 0 0.4 0.2 0.6000000000000001 0 0.6000000000000001 0.2 0 0 0 0.4 0.6000000000000001 0.6000000000000001 0 0.4 0 0 0 0.4 0.4 0.4 0.4 0 0 0.4 0 0.4 0 0 0 0 0 0 1.4000000000000001 0 0 0 0 0 0 0 0 0 0 0 0 0 0 0.2 1.6 0 11.4 0 2.2 8 4 7.6000000000000005 2.8000000000000003 6.800000000000001 8.200000000000001 0.2 2.6 8.6 7.4 2 4.800000000000001 0 0 0 0 0 0 0 0 4.2 0 0 0 0 0 0 0 0 0 0 0 1.4000000000000001 0 0 0 0 0 0 0 0 2.2 0 0 0 0 0 0 0 0 0 0 0 0 0.6000000000000001 0 0 2.6 0 4 0 1.8 0 0 0.4 4 0 0 0 0 0 0 0 0.8 2.6 6.800000000000001 1.2000000000000002 3.2 4.6000000000000005 4 2.8000000000000003 1.4000000000000001 4.4 7.4 6.800000000000001 8 0 0 7.2 7.4 0 11 0 4.800000000000001 0 0 0 0 0 0 0 0 0 0 0 0 2 0 0 0 0 0 1 8.6 0 0 0 0 3.6 0 0 0 0 0 0 0 0 0 0 0 0 0 0 0 0 14.200000000000001 0 0 0 11.8 0 0 0 0 0 0 0 0 1.6 0 0 30.6 3.4000000000000004 0 2 0 0 0 0 0 0 0 0 0 0 0 0 0 0.6000000000000001 0 0 0 0 1.2000000000000002 0 0 0 0 0 2.4000000000000004 0 0 0 0 
 0 0 0 0 18.8 13 0 1.2000000000000002 0 0.4 0.2 0.4 0.4 0 0 0 0 0 0 0 78.60000000000001 36.2 0 70.60000000000001 10.600000000000001 31.6 28.400000000000002 52.6 32.4 17.8 11.4 5 77 91.60000000000001 17.2 23.6 26 10.200000000000001 21.400000000000002 24 0.6000000000000001 0 0 0.4 0 0 0.4 0.6000000000000001 0.8 0 2 0.6000000000000001 0 0.6000000000000001 0.4 0.6000000000000001 0.6000000000000001 0.6000000000000001 0.2 0 0.4 0.4 0.4 0 0 0.4 0.4 0.2 0.2 0.2 0.4 0.2 0.4 0.6000000000000001 0 0 0.6000000000000001 0.2 0.6000000000000001 0 0 0 0 0 0 0 0 0 0 0 0 0 0 0 0 0 0 0 0 0 0 3.2 0 5.4 6.800000000000001 6.800000000000001 0 7.4 0 2.8000000000000003 5.6000000000000005 4.800000000000001 0 9.8 4.4 0 2.8000000000000003 5 1.2000000000000002 1.6 0 0 0 0 0.2 0 0 0 0 0 0 0 3.2 0 0 0 0 0 1.2000000000000002 2.2 0 0 0 0 2.4000000000000004 0 0 0 0 0 0 0 0 0 0 0 0 0 0 0 0.2 0 0 0.2 0 4.2 0 0 0 0 0 0 0 0 0 0 0 0 0 0 8.4 3.2 4.6000000000000005 1.6 7.6000000000000005 2.6 0 1.8 8.4 1.4000000000000001 10.8 1.8 0 0.2 2.8000000000000003 1.6 8 7 2.4000000000000004 7.6000000000000005 0 0 0 0 0 0 0 0 0 0 0 0 1.6 0 0 0 0 0 0 2.8000000000000003 0 2.2 0 0 7.2 0 0 0 0 0 0 0 0 0 0 0 0 0 0 0 0 0 0 0 0 0 0 0 0 0 0 0 0 0 1 0 0.4 15 15.4 0 0 0.4 0 0 0 0 0 0 0 0 0 0 0 0 0 0 0 0 0 0 0 0 0 0 0 0.2 0 0 0 0 
 0 0 0 0 1 15.4 0 0 0 0.6000000000000001 0 0 0 0 0 0 0 0 0.2 0 12.8 9.600000000000001 70.60000000000001 0 33.2 47.800000000000004 63.800000000000004 40 25.6 22 11.200000000000001 39.2 16.2 14.8 24 23.200000000000003 6 28 17.2 27.8 0.2 0 0 0.2 0 0 5.6000000000000005 13.4 0.2 0.6000000000000001 0.6000000000000001 0.6000000000000001 12.600000000000001 0.8 0.4 0.6000000000000001 0 2 0.6000000000000001 7 0.4 0 0.4 2.6 0 0 0.4 0 0 1.6 0.4 0.4 0 0.2 0 0 0 0 0.4 0 0 0 0 0 0 0 0 0 0 0 0 1.6 0 0 0 0.4 0 0 0 0 0 0 2.4000000000000004 5.800000000000001 2.6 0.2 5 0 0 1.4000000000000001 3.2 1.4000000000000001 0 0 0 1.8 0 0 0 2.2 0 0 2.6 0 0 0 2.4000000000000004 0 0 0 0 0 2.2 2.4000000000000004 2 0 1.6 0 0.2 0 0 0 0 0.8 0 0 0.2 0 0 0 0 0 0 0 0.2 0 0 0 0 0 0 0 0 0 0.6000000000000001 0.2 0 0 0.4 1.8 0 0 1.2000000000000002 0 0 0 0 0 0 0 2 0.4 0 0 9.8 4.4 0 0 3.2 1.8 2.4000000000000004 2.4000000000000004 0 0 2.2 7.4 0 0.2 0.4 4.6000000000000005 5.6000000000000005 4 0 0.4 0 0 5.2 1.6 2.8000000000000003 0 0 0 0.2 0.6000000000000001 4.2 1.2000000000000002 1.2000000000000002 0 3.6 0 0 0 0 0 0 0 0 0 0 0 0 0 0 0 0 0 0 0 0 0 0 0 0 0 0 0.4 0 0 0 0 0 0 0 0 0.8 0 0.8 34.6 0 0 0 3 0 0 0 0 0 0 0 0 0 0 0 0 0 0 0 0 0 1.4000000000000001 0 0 0 0 0 2.6 3 0 0 0 
 0 0.2 0 0 0 0.2 0 0 0 0.4 0 0 0 0 0 0 0 0 0.4 0 8.4 20.6 10.600000000000001 33.2 0 25.200000000000003 25.8 16.400000000000002 37 29.200000000000003 36.800000000000004 37 26 14.200000000000001 29.200000000000003 43.6 35.4 37 16.8 14.600000000000001 0.8 0 0 0.2 0.6000000000000001 0.8 15.200000000000001 14 13.4 0.6000000000000001 0.6000000000000001 0.6000000000000001 25.8 0.4 0.2 0.6000000000000001 0 1.2000000000000002 9.8 4.800000000000001 0.8 0 0.4 1.6 0 0 0.4 0 0 0.6000000000000001 0.4 0.8 0 0.2 0 1.4000000000000001 0 0.8 0.4 1.8 0 1.8 0 0 0 0 0 0 0 2.6 0 0 0 0 0 0 0 0 0 0.8 2 0 0 3.4000000000000004 0 6.800000000000001 0 0 0.2 0 1.4000000000000001 0 0 0 0.2 4.800000000000001 0 0 0 0 2.6 5.800000000000001 6.800000000000001 0 0 0 5.6000000000000005 0 0 2 0.4 2.4000000000000004 4.800000000000001 1.8 4.6000000000000005 2.2 4 0 0.4 0 0 0 0 1.6 0 0 0 0 0.2 0 0 0 0 0 0 0 2.2 0 0 0.2 0 3.2 0 0 0 0 0 0 0 0 0 0 1 0 0 0 0 0 0 0 0 0 3 0.2 2.6 5.2 0 0 0 0.6000000000000001 0.2 0 0 0 4.4 0 0 0 0 1.2000000000000002 6.4 0 0 0 0 0 4.4 0 1.4000000000000001 4 0 0 1.8 2.8000000000000003 0 1.4000000000000001 0 0 5.2 0 0 0 0 0.4 0 0 0 0 0 0 0 0.4 0 0 0 0 0 0 0 0 0 0 0 0 0 0 0 0 0 0 0.2 0 0 0 1.2000000000000002 0 0.8 2.8000000000000003 0 0 0.8 7 0 0 0 0.2 0.2 0 0 0 0 0 0 0 0.2 0 0 0.4 0 0 0 0 0 0 1.6 0 0 0 0 0 
 0.6000000000000001 17.400000000000002 0.8 1.6 1 1 0.8 0.6000000000000001 0.8 0.6000000000000001 0.8 1 0.6000000000000001 15.4 0.6000000000000001 15.600000000000001 0.6000000000000001 0.8 1 0.8 21.6 22.6 31.6 47.800000000000004 25.200000000000003 0 25 53.800000000000004 7.800000000000001 16.6 51.800000000000004 17 10 12.600000000000001 30.200000000000003 22.6 17.400000000000002 13.4 12 7 0 0 0 0.4 0 0 6.800000000000001 5.4 0.2 0 0.6000000000000001 0.8 0.6000000000000001 0.2 13.4 0.6000000000000001 0 8.8 1.8 13.600000000000001 0 0 0.4 0 0 0.4 0.4 0 0 0 0.4 0 0 0.2 0 0 0 0 0.4 0 0 0 0.8 0 3.4000000000000004 0 0 3.6 0 0 0 0 0 0 0 3 0 0 0 0 0 3 3.8000000000000003 0 4.4 4 0 3.8000000000000003 0 0.4 4.800000000000001 5.2 0 0 2.6 0 0 0 0 0 7.2 0 1.8 0 0 0 10.4 0 1.6 0 0 0 2.6 2.4000000000000004 0 0 0 0 2.4000000000000004 2.4000000000000004 0 0 0 0 0 0 0.4 0 3 0 0 0 0 0 0 0 0 0 0 0 1.2000000000000002 0 0 0.2 0 0 0 4 0 0 0 0 0 1 0 0 0 0 0 2.2 0.2 2 0 1.4000000000000001 0 2.4000000000000004 0 2.8000000000000003 0 7.6000000000000005 1.6 4.4 0.4 0 0 4 3 12.4 0 0 3 4.2 0 0 0 0 2 9 4.4 2 0 0 4 2.8000000000000003 2.2 0.2 0 1.4000000000000001 3.4000000000000004 2.4000000000000004 0 0 0 0 0 0 0 0 0 0 0 0 0 0 0 0 0 0 0 0 0 0 0 0 0 0 0 0 0 0 0 0.2 0 0 1.8 0.2 0.6000000000000001 0.4 0 0 0.4 0 0 0 0 0 0 0 0 0 0 0 0 0 0 0 0 0 0 0 0 0 0 0 0 0 0 0 0 0 
 0 0 0 14.8 0 0.4 0 0 0 0.4 14.8 0.6000000000000001 0 0.4 0 0 0 0 0 0 25 54.400000000000006 28.400000000000002 63.800000000000004 25.8 25 0 40.6 27.200000000000003 13.8 7.6000000000000005 9.600000000000001 61.2 38.400000000000006 37.6 17.6 26 9.600000000000001 8 39.400000000000006 0.2 0 0 0.2 0 0 0 0.6000000000000001 0.4 0 0.6000000000000001 0.6000000000000001 0 1 0.4 0.6000000000000001 0.6000000000000001 1 5.2 0.8 0.2 0 0.4 1.8 0 0 0.8 0.4 0 0 0.4 0 0 0.4 0.2 0 0 0 0.4 0.2 0 0 4.2 2 0 2.8000000000000003 0 0 1.6 0 0 2.2 0 0 0 0 0.2 0 0 0 0 3 7 14.4 3 10.8 4.2 7.2 4.4 2 5.6000000000000005 2.8000000000000003 4.800000000000001 4 4.4 5.6000000000000005 0 0.8 0 0 0 0 0 0 0 0 0 0 0 0 0 0 0 0 0 0 0 0.2 1.2000000000000002 3 0 0 0 0 0 0 0 2.4000000000000004 0 0 1.2000000000000002 0 0 0 0 0 0 0 0 0 0 0 0 0.4 1.6 0.8 0 0.4 3.4000000000000004 0 2.2 3.6 0 0 0 0 0 0 0 0 11.200000000000001 4.800000000000001 1.6 2.6 6.6000000000000005 0.2 1.6 1.4000000000000001 0.8 6 1 1.2000000000000002 3.2 2.8000000000000003 8.4 0 5 12.200000000000001 0 7.4 0 0 0 0 0 0 0 0 0 0 0 0.4 6 0 0.4 0 0 0 0.2 0 0 0 0 0 3.8000000000000003 0 0 0 0 0 0 0 0 0 0 0.6000000000000001 0 0 0 0 0 0 0 0 0 0 0 0 0 0 0 0 0 0 0.4 0 0.8 30.6 0.2 0 0 0.4 0 0 0 0 0 0 0 0 0 0 0 0 0 0 0 0 0 0 0 0 0 0 0 0 3 0 0 0 
 0 0 0 0 0 14.8 0.2 0 15 0.4 0.8 15.200000000000001 0 0.4 0 8.6 0 0 0 0 29.6 49.800000000000004 52.6 40 16.400000000000002 53.800000000000004 40.6 0 49.2 47.400000000000006 39.6 12 25.200000000000003 15.8 40 67.60000000000001 39.800000000000004 50.800000000000004 12.8 9.4 0 0.4 0 0.2 0 0.4 0.2 0.6000000000000001 0.2 0 1.8 0.6000000000000001 0.2 0.4 0.2 0.6000000000000001 0 1.4000000000000001 0 0 0 0 0.4 0.6000000000000001 0 0.4 0.4 0 0 0 0.4 0 0 0.4 0 0 0.2 0 0.4 0 0 0.2 0 0 3.8000000000000003 0 0 0 0 0 0 0 0 0 0 0 0 0 0 0.4 7.4 9.4 1.4000000000000001 7.4 4.2 3.8000000000000003 3.8000000000000003 2.6 1.8 2.4000000000000004 7.2 11.4 0 0 1.8 0.6000000000000001 0.2 4.2 0 2 0 0 0 0 0 0 10.4 0 0 0 0 0 0 0 0 0 0.2 0 4.2 0.2 0 0 0 0 0 0 0 0 0 0 0 0 0 0 1 0 0 0 0 0 0 0 0.2 0 0 0 2.6 0 0 0 0 0 0 0 0 0 0 0 0 0 3.6 1.6 0.8 0 4.4 2.8000000000000003 0 3.4000000000000004 0 0.2 4 2.8000000000000003 3.8000000000000003 4 0.6000000000000001 2.8000000000000003 3.4000000000000004 3.8000000000000003 0 4.6000000000000005 0.8 0 0.4 0 0 9.4 0 0 0 0 0 0 4.4 2.8000000000000003 0 0 0 0 1.8 2.4000000000000004 0.4 0 0 0 0 0 0 0 0 0 0 0 2 0 0 0 0 0 0 0 0 0 0 0 0 0 0 0 0 9.200000000000001 0 0 0 0 0 0.4 0 17 1.2000000000000002 0 0 0 0 0 0 0 0 0 0 0 0 0 7.800000000000001 0 0 0 0 0 0 1.8 0 0 0 0 0.4 4.800000000000001 0 0 0 4.6000000000000005 
 0.6000000000000001 0.6000000000000001 0.6000000000000001 0.6000000000000001 0.8 16.2 0.6000000000000001 1.2000000000000002 0.6000000000000001 0.6000000000000001 0.6000000000000001 0.6000000000000001 0.6000000000000001 0.6000000000000001 0.6000000000000001 0.6000000000000001 0.6000000000000001 0.6000000000000001 1.6 0.6000000000000001 37 26.8 32.4 25.6 37 7.800000000000001 27.200000000000003 49.2 0 18.8 14.8 21.400000000000002 22.200000000000003 54.800000000000004 27.8 22 17.400000000000002 22.6 56.400000000000006 14.600000000000001 0 0.4 0.6000000000000001 0.6000000000000001 0 0.4 0.6000000000000001 1.2000000000000002 0.4 0 0.6000000000000001 0.6000000000000001 0.6000000000000001 1.6 0.2 0.6000000000000001 0 0.8 0 0 0 1.4000000000000001 0.4 1.2000000000000002 0 0 0.6000000000000001 0.2 0 10.8 1 0.2 0 0.4 0.4 0 0 0 0.6000000000000001 0 0 0 0 0 0 0 0 0 0 0 0 0 0 0 0 0 0 0 0 0 0.4 5.4 0.2 9.600000000000001 4.800000000000001 0.8 4 4.6000000000000005 5.2 6.2 4.2 4.4 0 3 2.4000000000000004 5.6000000000000005 7.4 2.6 0 2 2.4000000000000004 0.4 0.4 0 0 0 6.4 0 0 0 0 0.2 2 0 0 0 0 0 1.4000000000000001 0 0 0 0 0 0 0 0 0 0 0 0 0 0.2 0.2 2.2 0 0 0 0 0 0 0 0 0 1.2000000000000002 0 0 0 0.6000000000000001 0 0 0 0 0 0 0 0 0 0 0 4 9 6.4 9.200000000000001 8.200000000000001 0 0 2.2 2 4.2 9 4.800000000000001 0 0 2 3.4000000000000004 4.2 2.8000000000000003 0 5 5.2 2 0 0 0 0 0 2.2 0 0.4 0.2 0 5.2 0 2.6 1.4000000000000001 0 0 1.4000000000000001 4.4 0 0 0 0 1.2000000000000002 0.2 0 0 0 0.4 0 0 0 0 0 0 0 0 0 0 0 0 2.2 0 0 0 0 0 0 0 0 0 0 0.2 1 0 0.2 50.6 15.200000000000001 0.8 0.4 0 0 0 0 0 0 0 0 0 0 0 0 0 0 0 0 0 0 1.6 0 0 0 0 0 4 0 0 0 0.2 
 0 0 0 0 0 0 0 0.4 0.2 0 0 0 0 0 0 0 0 0 0 0.4 35.6 28.400000000000002 17.8 22 29.200000000000003 16.6 13.8 47.400000000000006 18.8 0 32.4 23.400000000000002 30.8 94.4 16.400000000000002 20.8 19 13.200000000000001 19.400000000000002 28.6 0 0 0.2 0.4 0 0 0 0.6000000000000001 0.2 0.2 1.8 0.6000000000000001 0 1.8 0.4 0.6000000000000001 0 0.8 0 0 0 0 0.4 1.8 0 0 0.4 0 0 0 0.4 0 0 0.6000000000000001 0 0 0 0 0.4 0 0 0 0 0 0 4.6000000000000005 0 0 0 0 0.2 0 0 0 0 0 0 0 0 0 0 3.2 3.2 4.6000000000000005 1.6 7 10.200000000000001 3.8000000000000003 0 2.2 6.800000000000001 4 0 3.2 5 2.8000000000000003 3 0.6000000000000001 0 0 2.2 0.2 0.2 0 0 0 8.6 0.2 0 0 0 0 9.8 0 0 0 0 0 3 0 0 0 0 0 0 0.4 0 1.8 0 0 0 0.4 3.2 0 1.6 0 0 0.2 0 0 0 0 0 0 1 0 0.4 0 4.2 0 0 0 0 0 0 0 0 0 0 0 1.6 3.4000000000000004 7.4 0 11.200000000000001 3.4000000000000004 0 3.2 3.6 2.8000000000000003 6.6000000000000005 3.2 0 0 2.4000000000000004 2.8000000000000003 4 4.4 0 2 0.2 11 0 0 0 0 0 2.2 4.800000000000001 0 0 0 3.6 3.6 2.2 1.6 0 4.2 0 9.4 0 0 0 0 0 0 0 0 0 0 0.4 0 0 0 0 0 0 0 0 0 0 0 0 0 0 0 0 0 0 0 0 0 0 0 0.2 0.2 0 34.800000000000004 15 0 0.4 0 0 0 0 0 0 0 0 0 0 0 0 0 0 0 0 0 0 2 0 0 0 0 0 3.6 2.6 0 0 0 
 0 0 15 0 0 0.4 0 0 0 0 0 13.8 0.2 0 0 0.4 0 0 0.6000000000000001 0 26.200000000000003 10.8 11.4 11.200000000000001 36.800000000000004 51.800000000000004 7.6000000000000005 39.6 14.8 32.4 0 13.600000000000001 43.2 67 17.6 21 61.6 66.4 11 20 0.2 0 0 0.4 0 0 4.4 11.4 0 0 0.6000000000000001 0.6000000000000001 19.6 0.2 0 0.6000000000000001 0 0.6000000000000001 0 12.4 0 0 0.4 0 0 0 0.4 0 0 0 0.4 0 0 0.2 0 0 0 0 0.4 0 0 0 0 3.2 0 0 0 2 0 0 0 0 0 0 0 0 0 0 0 0 0 3.4000000000000004 2 0.2 9.600000000000001 15.600000000000001 0 6.800000000000001 3.4000000000000004 0.4 3.4000000000000004 10.200000000000001 0 0 3.6 0 2.2 0 0 0 6.800000000000001 0 6.800000000000001 0 0 0 13 0 0.6000000000000001 0 0 0 5.4 4.2 0 0 0.2 0 4 3.2 0 0 0 0 0 0.4 0 0 0 0 0 0 0 0 0 0 1.6 0 0 0 0 0 0 0.4 0 0 0 0 0 0 0 0 0 0 0 0 0.4 0 0 0 3.8000000000000003 6.800000000000001 3.2 6.2 0.2 3 0 5 0 0 4.800000000000001 2.2 0 0 3 7.4 6.4 10.600000000000001 0 0.2 7.6000000000000005 0 0 0 0 0 2.4000000000000004 0 1.6 7.2 0 0 8.8 2.8000000000000003 0 0 0 0 0 2.6 0 0 0 0 0 0 0 0 0 0 0.4 0 0 0 0 0 0 0 0 0 0 0 3.4000000000000004 0 0 0 0 0 0 0 0 0 0 0 0.6000000000000001 0.4 0 0 15.200000000000001 0.2 1.6 2.8000000000000003 0 0 0 0 0.4 0 0 0 0 0.2 0 0 0 0 0 0 0 0 0 0 0 0 0 0 0 0 0 0 
 0.6000000000000001 0.2 0.2 0.4 0.4 0.2 0.4 0.2 0.2 0.6000000000000001 0 0.2 0.4 0.4 0.2 0.2 0.4 0.8 0.8 0.4 6.4 8.200000000000001 5 39.2 37 17 9.600000000000001 12 21.400000000000002 23.400000000000002 13.600000000000001 0 6.2 7.6000000000000005 50.2 51 16 35.2 10.4 9 0 0 0 0.2 0 0 4.4 13 0.8 0 0.6000000000000001 0.6000000000000001 12.200000000000001 13 0.4 0.6000000000000001 0.4 1.6 10.600000000000001 0 0 0 0.4 0 0 0 0.4 0 0 0 0.4 0 0 0.4 0 0 0 0 0.4 0 0 0 0 0 0 0 0 0 0.4 0 0 0 0 0.2 0 0 0 0 0 0 0 0.4 4.2 0 0 0 0 0 0 3 0.2 0.4 0 0 0.4 2.8000000000000003 1.8 0 0 0 3 6.2 3.8000000000000003 0 0 0 4.6000000000000005 0 0 0 0 4 0 4.2 4.2 0 2.2 0 0.8 0 0 0.2 0 1 0.4 0.2 0 0 0 0 0 0 0 0 3.4000000000000004 0.4 0 0 0 0 0 0 0 0 1 0 0 0 0 0 0 0 0 4.2 0 0 0 0 0 0 0.4 0 3.2 1.8 6 3.4000000000000004 0 0.2 0 4.800000000000001 0 1.2000000000000002 0 0 0 2.6 0.2 0 0 0 0.4 3.8000000000000003 0 0 0 0 2.2 6.4 0.2 0 0 0 0 0 2.6 0 0 0 6 1.8 0 0 6.6000000000000005 0 0 0 0 0 0 0 0 0 0 0 0 0 0 0 0 0 0 0 0 0 0 0 0 0 0 0 0 0 0 0 2 0 0.4 1.8 0.8 0.4 0.4 3 0 0 0 0 0 0 0 0 0 0 0 0 0 0 0.2 0 0 0 0 0 0 0 4.4 0 0 0 0 0 
