 0 18.2 14.4 71.8 23.200000000000003 6.4 70.8 5.4 17.6 72.4 12.600000000000001 14.200000000000001 29.200000000000003 12 12.4 24.6 40.2 7.800000000000001 13.4 36.2 0.6000000000000001 14.8 0.2 0 0.2 0 0.6000000000000001 0 0.2 0 11.4 0.4 0 0.6000000000000001 0.2 0 0.4 0 0.6000000000000001 0.6000000000000001 0 0 0 0 0 0 9.8 0 0 0 0.6000000000000001 0 0 0.6000000000000001 0 0 0 0 0 0 0 0 0.2 0 0 0 0 0.6000000000000001 0 0 0 0 0 0 0.6000000000000001 0 0 0 0 0 3 3.6 1.6 7.800000000000001 0 1 2.6 0 4.6000000000000005 2.2 1 2.2 10.200000000000001 5.800000000000001 5.2 3 5 1.6 0.4 1.6 0 0 0 0.2 0 0 0 0 0 0 0 0 0 0 0 0 0 0 0 0 0 0 0.2 0 0 0 0 0 0.2 0 0 0 0 0 0 0 0 0 0 0 0 0 2 0 0 0 0 0 0 0 0 0 0 0 0 0 0 0 0 0.2 0 6.800000000000001 1 0.2 9.8 0 0 3.8000000000000003 4.6000000000000005 3.4000000000000004 2.4000000000000004 0.2 0 0.2 0 1.6 2.4000000000000004 3.2 0 3.8000000000000003 0 0 0 0 0.4 0 0 0 0 0 0 0 0 0 0 2.6 0 0 0 0 0 0 0 0 0 0 0 0 0 0 0 0 0 0 0 0 0 0 0 0 0 0 0 0 0 0 0 0 0 0 0 0 3 0 0 0 0 0 0 0 0 1.8 0 0 0 0.2 27 0.2 0 18.2 0 1.2000000000000002 0 0 0 0 0 0 0 0 0 0 0 0 0 0 0 0 0 0 0 0 0 0.8 0 1.4000000000000001 11.4 1.6 0 0 0 0 0 0 0 0 0 0 0 0 
 18.2 0 15.600000000000001 44.800000000000004 45 5.6000000000000005 11.8 33 26 42.800000000000004 20.8 26 10 44.400000000000006 30 29.8 40.2 8.200000000000001 23 25.8 0.6000000000000001 0 0.6000000000000001 41.2 0 0.4 0.6000000000000001 0 0.8 0.6000000000000001 0 0.4 14.8 0.6000000000000001 0.6000000000000001 0.6000000000000001 0.6000000000000001 0.4 0.6000000000000001 0.6000000000000001 0 0 0 0.6000000000000001 0.6000000000000001 0 0.2 0 0 0.2 12.4 0 0 0.4 0 0 0.4 0 0 0 0 0 0.6000000000000001 0 0.4 0.6000000000000001 11.4 0.6000000000000001 0 0 0.2 0.4 0 2.4000000000000004 0.6000000000000001 0.2 0 0.4 0 0 6.800000000000001 0 1.8 0.2 6.2 0 0 9 7.2 3.2 0.8 4.800000000000001 2 4.4 0.2 0.2 2.2 4.6000000000000005 6.6000000000000005 1.2000000000000002 0 0 0 0 0 0 0 0 0.2 0 0 0 2 0 0 0 0 0 0 0 0 0 0 0 0 0.2 0 0 0 0 0 0 0 0 0 0 0 0 0 0 0 0 0 0 0 0 0 0 0 0 0 0 0 0 0 0 0 1.4000000000000001 0 0 0 1.8 0.8 3.4000000000000004 0.2 0 1.6 4.2 5.800000000000001 0.6000000000000001 10.8 0 0 1.2000000000000002 5.6000000000000005 1.8 3.6 3.8000000000000003 0 0.2 2 0 0.2 0 0 0 0 6.4 0 0 0 0 0 0 2 0 0 0 2.6 3.6 0 0 0 0 0 0 0 0 0 0 0 0 0 0 0 0 0 0 0 0 0 0 0 0 0 0 0 0 0 0 0 0 0 0 0 0 0 0 0 0 0 0 0 0 0 0 18.2 0 0.4 17.8 0 2.2 4.2 0 0 0 0 0 0 0 0.4 0 1 0 0 0 0 0 0.4 0 0 0 0 0 0 1.8 0 1.8 0 0 0 0 0 0 0 0 0 0 0 0 
 14.4 15.600000000000001 0 45.2 14.200000000000001 64.8 39.6 36.2 47.800000000000004 21 46.800000000000004 27.6 21.8 9.8 68.2 50.2 34.800000000000004 41.800000000000004 11.8 57.6 0.8 0 0 0.2 0.2 0 15.4 0 0.2 0 0 0 27.200000000000003 0.6000000000000001 0.6000000000000001 0.2 1 0 0.8 3.4000000000000004 0 0.6000000000000001 0 0 0 0 6.4 0 0.2 0 0.2 12.200000000000001 0 0.4 0 0 0 0 0 0 0 0 7 0 0 0 0 0.6000000000000001 0 0 0 0 0 0 0.6000000000000001 0 0.4 0 0 0 0.2 3 0 6.800000000000001 2.6 1.2000000000000002 4.2 0 0 0 7 8.200000000000001 6.2 0 2.8000000000000003 2 1.8 3 0 0 0 0 0 0.2 0 0 0.2 0 0 0 0.2 0 0 0.2 0 0 0 0 1.4000000000000001 6.2 4.2 0 0 0 0 0 0 0 0.2 0 0 0 0 0 0 1 0 0 0 0 0 0 0 0 0 0 0 0 0 0 0 0.6000000000000001 0 0 0 0 0 2.4000000000000004 0 0.4 0 3.8000000000000003 4 0 2.2 0 2.6 4.4 0.2 4.6000000000000005 3.2 1.6 1.6 0 4 1.8 7.4 4 0 0.8 0 2 0 0 0.4 0 9.200000000000001 0.4 0 0 0 0.2 3.8000000000000003 2.4000000000000004 0 0.4 0 0 3.4000000000000004 0 0 0 3.2 0.2 0 0 0 0 0 0 0 0 0 1.4000000000000001 0 0 0 0 0 0 0 0 0 0 0 0 0 0 0 0 0 0 0 0 0 0 0.2 0 0 0 0 3 0 0 0 0 9.4 0 0.4 0 0 0.6000000000000001 0 0 0 0 0 0 0 0 0 0 0 2.6 0 8 0 0 0 0 0 0 0 0 0 0 0 0 0 0 0 0 0 0 0 0 0 0 0 0 
 71.8 44.800000000000004 45.2 0 173.4 8.8 55.2 52 62.400000000000006 39.2 26 74.60000000000001 28.6 49 32.4 12.600000000000001 15.600000000000001 13.8 61 22.8 0 0 0 0.2 0 0.4 0 0 0.8 0.4 0.4 0 0.4 0 0 0 0 0 0 0 0 0 0 0 0 0 0.2 0 0 12.8 0 0 0 0 0 0 0 0 0 0.4 0 0 0 0 0 0 0 0 0 0 0 0 0 0 0 0 0 0 0 0.2 4.800000000000001 12.200000000000001 0 0 3.2 0 2.4000000000000004 4 10.8 2 7.2 5 3 0.4 0.2 11.200000000000001 2.2 11.600000000000001 0 3.6 0 0 0 0 0 0 0 0 0 0.2 0 0 2.2 0 0 0 0 0 2 4.2 0 0 0 0 0.6000000000000001 0 0 0 0 0 0 0 0 0 0 0.4 0 0 0 0 0.2 0.6000000000000001 0 2 0 0 0 0 0 0 0 0 0 0 0.4 0 0.8 0 0 0.4 1.4000000000000001 3.6 0 4 2.6 0 3 6 19.6 2.6 1.8 4.4 0.2 4.6000000000000005 6.6000000000000005 0 0.4 0.2 1.6 0 0 0 0 0 0 0 0 0 0 0 0 0 0 0 0 0 0 0 11.4 2.8000000000000003 0 0 0 3.6 0 0 0 0 0 0 0 0 0 0 0 0 0 0 0 0 0 0 0 0 0 0 0 3 0 0 0 3.2 0.4 0 0 0 0 0 0 0 0 0 0 0 0 0.8 9.200000000000001 0 0.8 0.6000000000000001 0 1.6 0 0.6000000000000001 0 0 0 0 0 0 0 0 0 0 0 0 0 0 12.8 0 0 0 0 0 0 2.4000000000000004 0 1.6 0 0 0 0 0 0 0 0 0 0 0 0 
 23.200000000000003 45 14.200000000000001 173.4 0 14 19.400000000000002 36 13.600000000000001 37.2 19.400000000000002 41 31.200000000000003 56.800000000000004 60.6 56.2 72.4 10.4 19.200000000000003 36.2 0.8 0 0 0 0.4 0 0.6000000000000001 0 0.4 0 0 0 0 0.6000000000000001 0.6000000000000001 2 0.6000000000000001 0 0.8 2.4000000000000004 0 0 0 0 0 0 0.2 0 0 0.2 0.4 0 0 0.4 0 0 0 0 0 0 0 0 0.4 0 0 0 0 0.6000000000000001 0 0 0 0 0 0.4 0.6000000000000001 0 0 0 0 0 5 2.8000000000000003 1.6 0.2 6.4 1.2000000000000002 0 3.6 6 6.6000000000000005 2 3.6 0.2 0.2 0.2 6 4.4 7.2 0 0 0 6.800000000000001 0 0 0 0 1.4000000000000001 0 0 0 2.8000000000000003 0 4.4 0.6000000000000001 0 0 2.4000000000000004 0 2.8000000000000003 0 0.4 0 0 0 0 2 0 0 0 0 0 0 0 0 0 0 0 0 0 0 0 0 0 0 0 0 0.4 0 0 0 0 0 0 0 0 0 1.6 0 0 0 1 0 0.2 3 0 5 0 0 6.2 0 4.2 3.2 0 5.4 5.800000000000001 0.4 0.2 0 0 0 5.6000000000000005 0 0 0 0.2 0 2.6 6.4 0.2 0 0 0 0.2 2.6 3 0 0 7.800000000000001 2.4000000000000004 7.800000000000001 0 0 1.8 0 0.4 0 0 1.8 0 0 0 0 0 0 0 0 0 0 0 0 0 0 0 0 0 0 1.2000000000000002 0 0 0 0 0 0 0 0 0 0 0 0 0 0 0 0 0 0 0 17.400000000000002 0 0.4 0.8 0 1.2000000000000002 1.4000000000000001 0 0 0 0 0 0 0 0 0 4.4 0 0 0 0 0 0 0 0 0 0 0 0 2 0 0 0 0 0 0 0 0 0 0 0 0 0 0 
 6.4 5.6000000000000005 64.8 8.8 14 0 8.200000000000001 5 39 29 37 12.200000000000001 4.4 51.800000000000004 10.4 17 14 32.2 54.400000000000006 57.400000000000006 29.8 14.4 15.200000000000001 0.6000000000000001 0 0 35.6 35.4 0 0 4.6000000000000005 0.4 16 8.4 16 0 17 0 16.6 1.4000000000000001 0.4 0 0 0 0 0 0 0 0.6000000000000001 0.6000000000000001 1 12.4 0 2.8000000000000003 0 0 0.6000000000000001 0.6000000000000001 0.6000000000000001 0 0 0 0.2 0 0 0 6.2 0.6000000000000001 0 0 0 0 0.4 0 0.6000000000000001 0 0.4 0 0 0 0 1.8 0.2 0 6.2 4.2 0 0 0 0 6.4 0 2.6 0.4 0 0 0 0 0 0 5.4 5.2 3 5.6000000000000005 0 0.2 5.6000000000000005 12.8 11.4 0 0.6000000000000001 1.8 7 1.6 0.4 5.800000000000001 2.2 0 2 0 0 0 0 0 0 0 0 0 2.4000000000000004 0 1.6 0 1.8 0 0 0 0 0 0 0 2.6 0 0 0 0 0 0 0 0 0 0 0.2 0 0.2 0 0 0 0 0 0 0.4 0 0 0 0.8 0 0 0 0 3 0 0 0 0 3 0 1.6 2.4000000000000004 0 0 2.8000000000000003 6.4 0 0 0 2.8000000000000003 9.8 2.2 0 2.2 2.4000000000000004 0 3.2 0.8 0.8 0 2.6 2.4000000000000004 3 0 0 0 0 0 0 0 0 0 0.4 0 0 0 0 0 0 0 0 0 4.2 0 0 0 0 0 0 0 0 0 0 0 0 0 0 0.2 0 0 0 0 0 0 0 0 0 0 0 0.8 0 0.2 1 0 0.2 1.8 0 0 0 2.8000000000000003 0 0 0.2 0 0 0 0 0 0 0 0 0 0 0 0 0 0 0 0 0 0.8 0 0 0 0 0 0 0 0 0 0 0 0 0 
 70.8 11.8 39.6 55.2 19.400000000000002 8.200000000000001 0 38.400000000000006 27.8 130.6 8.6 44.400000000000006 42.6 43.6 71.2 9 39.2 65.8 11.600000000000001 63.400000000000006 0.4 0 0 0.4 0 0 0.6000000000000001 0.4 0.4 0 0 0 0.4 0.6000000000000001 1 0 0.6000000000000001 0.4 0.6000000000000001 1.2000000000000002 0 0 0.2 0 0 0 12.600000000000001 0 0 0 0.2 0 0 0.4 0 0 0 0 0 12.4 0 0 0.4 0 0 0 0 0.6000000000000001 0 0 0 0 0 0 0.6000000000000001 0 0 0 0 0.6000000000000001 0 0 0.2 2.2 0 0 4.2 1.8 9.4 11.200000000000001 0 7 2.2 0 1.6 3.4000000000000004 7.4 5.2 5 0 0 0 0 0 0 0 0 0 0 0 0 0.2 0.2 0 0 0 0 3.4000000000000004 3.6 0.2 0 0 0 0 0.2 0 0 0 0 0 0 0 0 0 0 0 5.2 0 0 0 0 0 0 0 0 0 0 0 0 0 0 0 0 0 0 0 3.2 0 0 0 4.4 0.6000000000000001 3 4.6000000000000005 0.6000000000000001 0.2 0 0.2 4.800000000000001 0 5.2 3.6 0 4.800000000000001 3 1.6 9.200000000000001 5.2 0 2.6 0 0 0 0 0 0 0 0 0 0 0 0 0.2 0 0 0.6000000000000001 0 0 2.2 0 0.4 0 0 5 0 0 0 0 0 0 0 0 0 0 0 0 0 0 0 0.4 0 0 0 0 0 0 0 0 0 0 0 0 0 0 0 0 0 0 0 0 0 3.2 0 0 0 0.6000000000000001 35.2 0 0.4 0.2 0 2.6 0 0 0 0 0 0 0 0 0.4 0 0 0 0 0 0 0 0 0.2 0 0 0 0 0 3.8000000000000003 0 0 0 0 0 0 0 0 0 0 0 0 0 0 
 5.4 33 36.2 52 36 5 38.400000000000006 0 18 35.2 9.600000000000001 56 39.2 30.6 51.400000000000006 36.2 44.2 90.80000000000001 39.6 17.8 0.6000000000000001 0 0 0 0 0.8 0.6000000000000001 0.2 0.4 0 1.4000000000000001 0 0 0.6000000000000001 0.4 0 0.4 0 1 0.6000000000000001 0 0 0 0 0 0 0 0 0 0.4 0.6000000000000001 0 0 0.6000000000000001 0 0 0 11.600000000000001 0.4 0 0 0 9 0 0 0 0 0.6000000000000001 0.2 0 0 0 0 0 0.6000000000000001 0 0 0 0 0.8 2.2 4.2 7.2 3.4000000000000004 0 0 0 14.8 0.2 3.8000000000000003 1.8 1.6 2.2 2.6 0 6 5.2 11.200000000000001 6.2 3 0 0 0 0 2 0 0 0 0 0 0 0 0 0 0 0 0 0 0 0.2 0 0 0 0 0 0 0 0 0 0 0 0 0 0 0 0 0 0 0 0 0 0 0 0 0 0 0 0 0 0 0 1.4000000000000001 0 0.6000000000000001 0 0 0 3.4000000000000004 0 0 4.800000000000001 0 0.2 0 0 0 0 0 2 0 0 4.2 0 0 6 0 7.4 1.2000000000000002 3.4000000000000004 2.4000000000000004 0 0 0 0 0 0 0 0 0 0 0 0 0 0 0 0 0 0 6.2 2 0 0 0 1.8 0 2 0 0 0 0 0 0 0 0 0 0 0 0 0 0 0 0 0 0 0 0 0 0 0 0 0 0 0 0 0 0 0 0 0 0 0 0 0 0 0 0 0.2 0.8 0 18.6 0 0.6000000000000001 0.2 0 0.4 0.2 0 0 0 0 0 0 0 0 0 11.4 0 0 0 0 0.6000000000000001 0 0 0 0 0 3.2 0 0 0 0 0 0 2 0 0 0 0 0 0 
 17.6 26 47.800000000000004 62.400000000000006 13.600000000000001 39 27.8 18 0 44.800000000000004 86.4 93.4 19.8 25.200000000000003 18.400000000000002 47.800000000000004 46.6 34.4 21.400000000000002 24.6 0.8 0.4 0 0.2 0 0 8.4 0.2 0.4 0 14.8 0 26.400000000000002 0.8 0.8 0 0.6000000000000001 12 0.6000000000000001 12.4 0 0 0 0 0 0 7.800000000000001 0.2 0 0 0.2 14 0 0.4 0 0 0 0 0 0 0 0 0 0 0 0 0 0.6000000000000001 0 0 10.200000000000001 0 0 0 0.6000000000000001 0 0 0 0 0 2.8000000000000003 0 0 10.200000000000001 4.2 4.6000000000000005 2.8000000000000003 0 2.8000000000000003 1.8 5.6000000000000005 0 3.6 0 6.6000000000000005 2.6 5 4.4 0 0 0 0 0 0 0 0 4 2.6 0.2 0 0 0 7.6000000000000005 0.2 0 0 0 0 5.800000000000001 1.4000000000000001 0 0 0 0 0 0 0 0 0 0 0 0 0 0 0 0 0 0 0 0 0 0 0 0 0 0 0 0.4 0.4 0 0 0.6000000000000001 0 0 0 0 0.4 0 0 0 0 1.6 0 4.2 3.4000000000000004 7.2 0 11.4 0.4 7.2 0 2.2 0 0 4.2 3.2 4 2.2 0 0 0 9 0 0 0 0 6.4 2 0 0 0 0 8 2 1.4000000000000001 1.6 0 0 1.8 0 0 0 0 0 0 0 0 0 0 0 0 0 0 0 0 0 0 0 0 0 0 0 0 0 0 0 0 0 0 0 0 0 0 0 0 0 0 0 0 0 0 2 0 0 0 0 1 0 0.6000000000000001 0 3.4000000000000004 1.4000000000000001 0 0 0 0 0 0 0 0 0 0 0 0 0 0 0 0 0 0 0 0 0 0 0 0 2.8000000000000003 0 0 0 0 0 0 0 0 0 0 0 0 0 
 72.4 42.800000000000004 21 39.2 37.2 29 130.6 35.2 44.800000000000004 0 36.800000000000004 44.400000000000006 15.4 17.2 47.6 75 50 41.2 18 23.6 0.6000000000000001 0 15.600000000000001 0 0 0.2 0.6000000000000001 0.6000000000000001 0.4 0 0 0 0.2 58 0.8 0.4 0.6000000000000001 0 0.8 15.4 0 0 0.4 0 0 0.4 0.6000000000000001 0 0 0 0.2 0 0 0.4 0 0 0.8 0.4 0 0 0.4 0.6000000000000001 0.6000000000000001 0 0 0 0 1.2000000000000002 0 0 0 0 0 0 0.6000000000000001 0 0 0 0 1 3.6 1.2000000000000002 2 11 4.4 0 2.6 2.2 6.800000000000001 6 0 2.8000000000000003 2.6 0 1.8 0.2 6 6.4 5 0.2 0 1.6 0 0 0.4 0 0 0 2.2 0 0 0 5.6000000000000005 0.2 0 0 0.4 0 7.6000000000000005 1.4000000000000001 0 0 0 0 0 0 0 0 0 0 0 0 3.6 0 0 0 0.4 0 0 0 0 0 0 1.6 0 0 0 0 0 0 0 0 0 0 0 0 0.8 0 0 5.6000000000000005 3.6 1.2000000000000002 0 1.6 0 0 0 0 3.6 0 2.4000000000000004 5 0 1.4000000000000001 0 0.2 2 0 3 0.2 0 0 0 0 0.2 0 8.4 4 0 0 0.4 0 5.4 8 0 0.2 0 0 0.6000000000000001 0 0 0.2 0 3.2 0 0.4 0 0 0 0 0 0 0 0 0 0 0 0 0 0 0 0 0 0 0 0 0 0 0 0 0 0 0 0 0 0 0 0 0 0.2 0 2 0 0 0 0.4 9.600000000000001 0 26.400000000000002 0.6000000000000001 11.200000000000001 0.8 0 0 0.2 0 0 0 0 0.2 0 0 0 0 0 0 0 0 0 0 0 0 0 0 0 1.6 6.2 1.2000000000000002 0 0 0 0 0 0 0 0 0 0 0 0 
 12.600000000000001 20.8 46.800000000000004 26 19.400000000000002 37 8.6 9.600000000000001 86.4 36.800000000000004 0 27.6 24.400000000000002 24.6 10 32.4 82.4 61.2 8.4 14.200000000000001 1 0 0 0 0 0.2 30.400000000000002 15.200000000000001 0 5.6000000000000005 0 0 37.4 8.200000000000001 15.600000000000001 0.4 0.6000000000000001 0 16.2 30.200000000000003 0 0.4 0 0 0 0 0 0 5.800000000000001 0 0.4 12.8 0 0.4 0 0 0 0 0 0 0 0 0 0 0 0 1.2000000000000002 0.6000000000000001 0 0 0 0 0 0 0.6000000000000001 0 0 0 0 0 0 0 0 0 20.8 2.4000000000000004 0 0 0 0 6.6000000000000005 1.6 0 0 0 2.8000000000000003 0 4.2 0 0 0 6 0 0 4 0 0 4 1.8 0 0 1.2000000000000002 5.800000000000001 0 0 0 0 0 0 1.8 0 0 0 0 0 0 0 0 0 0 0 0 0 0 0 0 0 0 0 0 0 0 2.8000000000000003 0 0 0 0 0 0 0 0 0 0 0 0 0 0 0.4 0 0 0 1.6 0 0 5.800000000000001 2 0 0.8 0 3 6 5.6000000000000005 0 0 0 0 0 5.6000000000000005 0 0 8.6 2.4000000000000004 0 0 0 0 6.4 4.6000000000000005 0.4 0.2 0 0 6.800000000000001 1 5.6000000000000005 0 0 0 2.6 2.2 0 0 0 0 0 0 0 0.2 0 0 0 0.4 0 0 0 1.8 0 0 0 0 0 0 0 0 0 0 0 0 0 0.4 0 0 0 3.2 0 0 0 0 0 0.4 0 0 0 0 0 0.8 0 0 2.2 0.8 0.6000000000000001 2.6 0 0 0.2 0 0 0 0 0 0 0 1.8 0 0 0 0 0 0 0 0 0 1 0 0 0 1.2000000000000002 0 0 0 0 0 0 0 0 0 0 0 0 0 
 14.200000000000001 26 27.6 74.60000000000001 41 12.200000000000001 44.400000000000006 56 93.4 44.400000000000006 27.6 0 24.6 10.8 6.800000000000001 22.400000000000002 26.8 29.6 8.6 48.800000000000004 15 0 14.8 0 0 0 23.8 29.6 0.4 0 0 0 0 15.200000000000001 18 0 0.8 0 0.6000000000000001 7.6000000000000005 0 11.200000000000001 0 0 0 0 0 0 0 0 0.2 0 0 0.4 0 0 0 0 0 0 6 0 7.6000000000000005 0 0 0 0 0.6000000000000001 0 0 0 0 0 10.600000000000001 8 0 0 0 0 0 0 3.2 3.2 3 3.4000000000000004 0 0.4 6 4.800000000000001 0.2 0.2 3 0 0 0 5.6000000000000005 0 6.6000000000000005 0.2 0 1.6 2.8000000000000003 2.4000000000000004 0 0 0 2.4000000000000004 4.800000000000001 4.800000000000001 0 1.8 0 2.8000000000000003 1.4000000000000001 1.4000000000000001 0 1.2000000000000002 0 5.4 1.6 0 0 0 0 0 0 0 0 0 0 0 0 0 0 0 0 0 0 0 0 0 0 0 0 0 0 0 0 0 0 0 0.2 0 1.4000000000000001 0 0 2.2 0 0 0 2 1.4000000000000001 0 3.2 0 3.2 0 0 2 1.2000000000000002 0 8.6 0 2.4000000000000004 2 0 0 1.4000000000000001 0 0 3.4000000000000004 0 2.6 0 0 0 1.6 1.8 0 0.2 0 3.6 3.6 2.6 0 0 0 0 12.600000000000001 1.2000000000000002 0 0.4 0 3.4000000000000004 0 0 0 0 0 0 0.4 0 0 0 0 0.4 0 0 0 3.2 0.2 0 0 0 0 0.4 0 0.2 0 0 3.6 0 0 0 1 0 0 0 0.4 0 0 0 1.6 0 0 0.8 1 0 0.2 2.6 0 1 0.4 0 0 0 0 0 0 0 0 0 0.2 0 0 0 0 0 0 5.2 0 0 0 0 0 0 0 0 0 0 0 0 0 0 0 0 0 0 0 0 
 29.200000000000003 10 21.8 28.6 31.200000000000003 4.4 42.6 39.2 19.8 15.4 24.400000000000002 24.6 0 33.6 97.4 49.400000000000006 38.800000000000004 9 55.2 19.200000000000003 0.4 0.4 0.2 0.2 0 0.2 1 0 0.2 0.2 0 0 0 0.6000000000000001 0.6000000000000001 0 0.6000000000000001 0.4 0.6000000000000001 0.6000000000000001 0 0 0 0 0 0 7.6000000000000005 0 0 0 0.2 0 0 0.4 0 0 0 0 0 0 0.2 0 0 0 0 0 0 0.6000000000000001 0 0 0 0 0 0 1.2000000000000002 7.800000000000001 0 0 0 0 3.4000000000000004 6.6000000000000005 0.2 8.4 0 0 2.8000000000000003 8.4 1.2000000000000002 1 0.2 0.2 4 4.800000000000001 6.6000000000000005 4.4 3.8000000000000003 0 0 4 0 0 0 0 0 0 0 0 0 0 0 0 0 0 0 0 0 0 0 0.2 0 0 0 0 0 0 0 0 0 0 0 0 0 0 0 0 0 0 0 0 0 0 0 0 0 0 0 0 0 0 0 0 0 0 0 0.2 0 0 0 0 2.8000000000000003 0 0.2 0 8.8 0 0 4.2 0 6.6000000000000005 0 0 1 0 0 1.2000000000000002 6.2 0.8 0 0 0 0 0.2 0 0 0 0 0 2.8000000000000003 0 0 0.2 0 0 0 1.4000000000000001 0 0 3 2 0 0 0 0 0 0 0 0 0 0 0 0 0 0 0 0 0 0 0 0.4 0 0 0 0 0 0 0 0.4 0 4.4 0.2 0 0 0 0 0 0 0 0 0 0 2.2 0 0 0 0.8 1.2000000000000002 0 0 20 0.4 3.8000000000000003 0 0 0 0 0 0 0 0 0 0 0 0 0 0 0 0 0 0.2 0 0 0 0 0 0 2.2 0 0 0 0 0 0 0 0 0 0 0 0 0 
 12 44.400000000000006 9.8 49 56.800000000000004 51.800000000000004 43.6 30.6 25.200000000000003 17.2 24.6 10.8 33.6 0 43.400000000000006 8.4 39.400000000000006 23.8 43.6 63.800000000000004 0.6000000000000001 0 0 0.6000000000000001 40.6 0 0.6000000000000001 0 0.6000000000000001 0 0 0 0 0.6000000000000001 0.4 0 0.6000000000000001 0 0.8 1 0 0 0 0 0 0 0.6000000000000001 0.4 0 0.4 0.4 0.6000000000000001 0.6000000000000001 0.8 0 0 0.6000000000000001 0 0.6000000000000001 0 0 0 1.2000000000000002 0.2 0 0 0 0.6000000000000001 9 0 0 0 0 0 0.6000000000000001 0 0 0 0 0 3.8000000000000003 5.2 3 4 2 0 1.2000000000000002 8.200000000000001 7.6000000000000005 1.8 1.6 3.8000000000000003 4.4 2 0 7 4.2 6.6000000000000005 0.2 0 0 0 0 0 0 0 0 0 0 0.4 0 0.4 1.4000000000000001 0 0 0 0 0 0.2 0 0 0 0 0 0 0 0 0 0 0.4 0 0 0 0 0 0 0 0 0 0 0 0 0 0 0 0 0 0 0 0 0 0 0 0 0 0 0 1 0 0 2.6 0 0 1.4000000000000001 2 0 11.4 4.4 2.6 2 8 0 0 7.4 5 1.6 0.2 0 0 3.4000000000000004 0 0 3.8000000000000003 0 0 0 0 0.2 0.6000000000000001 0 0 0 0.2 0 0 0.2 0 0 3 3.8000000000000003 0.2 0 0 0 0 0 0 0 0 0 0 0 0 0 0 0 0 0 0 0 0 0 0 0 0 0 0 0 0 0 0 0 0 0 0 0 0 0 0 0 0 0 0 0 0 0 4.4 0 0.2 0.6000000000000001 0 2.4000000000000004 0 0.4 0 0 0 0 0 0 0 0 12.4 0 0 0 0 0 0 0 0 0 0 6.800000000000001 0 0 0 0 0 0 0 0 0 0 0 0 0 0 0 0 
 12.4 30 68.2 32.4 60.6 10.4 71.2 51.400000000000006 18.400000000000002 47.6 10 6.800000000000001 97.4 43.400000000000006 0 96.4 38.6 10.600000000000001 34.2 63.2 0.4 0 0 40.800000000000004 0.4 0.4 0.6000000000000001 0 0.4 0.4 21.400000000000002 0 0 0.6000000000000001 0.6000000000000001 0 1 0 0.6000000000000001 0.6000000000000001 0 0 0 0 0 0 0 0 0 0 0.8 0 0 0.4 0 0 0 0 0 0 0 0 0 0 6.6000000000000005 0 1.2000000000000002 0.6000000000000001 0 0 0 0 0 0 0.6000000000000001 0 11.4 0 0 3.8000000000000003 2.2 6.4 2.6 8.6 1.2000000000000002 0 3.6 0 2.8000000000000003 5.6000000000000005 0 0 6.4 0.2 14 2.4000000000000004 5.6000000000000005 1.2000000000000002 3 3.2 0 0.2 0 0 0 0 0 0 0 0 0 0 0 0 0 0 0 0 1.4000000000000001 0 0 0 0 0 0 0 0 0 0 0 0 0 0 0 0 0 0 1.8 0 0 0 0 0 0 0 0 0 0 0 2.6 0 0 0 0 0 0 0 0 0 0 3 0.2 7.6000000000000005 0 0 0 2.8000000000000003 1 3.6 3.6 0.2 0 13.4 2.6 3 1 3.2 12.200000000000001 5.2 3.6 0 0 0 0 0 0 2 0 0 0 0 0 1.4000000000000001 0 0 0.6000000000000001 0 0 3.6 0 0 0 0 3.6 0 0 0 0 0 0 0 0 0 0 0.2 0 0.2 0 0 0 0 0 0 0 0 0 0 3.2 0.2 0 0 0 0 0 0 0 0 0 0 0 0 2.4000000000000004 0 0 0 0.6000000000000001 0.4 0.4 1.2000000000000002 0.8 0.4 1.4000000000000001 0 0 0 0 0 0 0 0 0 0 0 0 0 0 0.4 0 0 0 0 0 0 0 0 2.2 0 0 0 0 0 0 0 0 0 0 0 0 0 0 
 24.6 29.8 50.2 12.600000000000001 56.2 17 9 36.2 47.800000000000004 75 32.4 22.400000000000002 49.400000000000006 8.4 96.4 0 22.200000000000003 7 49.6 16.6 0.4 0 0.2 0.2 0 0.2 0.8 0 0.2 0 0 0 0 13.4 0.6000000000000001 0 0.6000000000000001 0 0.6000000000000001 17.2 0 0 0 0 0 0 0 0 0 0 0.2 0 0 0.4 0 0 0 0 0 0 0 0 0 0 0 0 0 0.6000000000000001 0 0 0 0 0 0 0.6000000000000001 0 0 0 0 0 17.8 1.8 5.6000000000000005 6.4 0 1.6 0.2 2.6 2.8000000000000003 2.4000000000000004 0.4 1.4000000000000001 1.6 2 3.8000000000000003 6.800000000000001 14.200000000000001 8 2.6 3.8000000000000003 0 0 0 0 0 0 1.4000000000000001 0 0 0 0 0 0.4 0 0 0 0 0 5.800000000000001 6 0 0 0 0 0 0.4 0 0 0 2 0 0 0 0 0 0 0 0.4 0 0 0 0 0 0 0 0 0 0 0 0 0 0 0 0 0 0 0 0 0 0 2.6 8.4 0 3.2 2.8000000000000003 1.4000000000000001 0 0 5.2 5 0 4.4 0.4 0.4 0 1.6 0 0 2 2 0 0.4 0 0 0 0 3.8000000000000003 0 0 0 0 0 5.6000000000000005 5.800000000000001 0 0 0 0 2.4000000000000004 0 0 0 0 4.2 0 0 0 0 0 0 0.2 0 0 0 0 0.2 0 0 0 0 0 0 0 0 0 0 0 0 0 0 0 0 0 0 0 0 0 0 0 0 0 2 0 0 0 0 0.8 0 0.6000000000000001 0 5.2 2.8000000000000003 0 0 0 0 0 0 0 0 0 0 0 0 0 0 0 0 0 0 0 0 0 0 0 0 2.4000000000000004 2.6 0 0 0 0 0 0 0 0 0 0 0 0 
 40.2 40.2 34.800000000000004 15.600000000000001 72.4 14 39.2 44.2 46.6 50 82.4 26.8 38.800000000000004 39.400000000000006 38.6 22.200000000000003 0 17.400000000000002 9 46 1 0.4 0 0.2 1.4000000000000001 0 0.8 0 0.4 0.4 0.6000000000000001 0 0 0.6000000000000001 0.4 0 1 0.2 2.4000000000000004 15.600000000000001 0 0.6000000000000001 0 0 0.2 0.6000000000000001 12.600000000000001 0 0.6000000000000001 0 0.4 0.4 0 0.4 0 0 0.6000000000000001 0.4 0.6000000000000001 0 0 0.4 0 0 0 0.4 0 1.8 0 0 0 0.2 0 0 0.6000000000000001 0 0.6000000000000001 0 0 3.8000000000000003 1.6 3.8000000000000003 1.6 4.800000000000001 1.4000000000000001 2.2 2.2 5.800000000000001 8.4 3.2 0 3 1.8 1.2000000000000002 4.6000000000000005 5.2 7.800000000000001 8.6 3 0 0 0 0 0 0 0 4.800000000000001 0.4 0 0 0 0 0.6000000000000001 0 0 0 0 0 7.6000000000000005 0 0 0 0 6.800000000000001 0 0 0 0 3.8000000000000003 0 0 0 0 0 0 0 0 0 0 0 0 0 0 0 0 0 0 0 0 0 0 0 0 0 0 0 2.2 0.2 0 0 1.6 5.4 2.6 4.4 3 5.6000000000000005 0 0.2 18.6 2.8000000000000003 1.8 4.2 0 16 0 5.2 8.4 10.200000000000001 0 3.2 0 0 0 0 0 0 0 3.2 0.2 0 0.4 0 2.8000000000000003 3.2 0 0.6000000000000001 0 0 8.8 6.6000000000000005 0 0 0 5.4 0 0 0 0.4 0 0 0 0 0 0 0 0 0 0 0 0.2 0 0 0 0 0 0 0 0 0 0.2 0 0 0 0 0 0 0 0 0 0.2 0 3.2 0 0 0 0.4 26.6 0 0 0.8 5 0 0 0 0 0 0 0 0 0 0 0 0 0 0 0 0.4 0 0 0 0 0 0 0 0 4.2 4.800000000000001 1.6 0 0 0 0 0 0 0 0 0 0 0 0 
 7.800000000000001 8.200000000000001 41.800000000000004 13.8 10.4 32.2 65.8 90.80000000000001 34.4 41.2 61.2 29.6 9 23.8 10.600000000000001 7 17.400000000000002 0 50.6 6.2 0.6000000000000001 0.6000000000000001 0.4 0.6000000000000001 0 0 0.6000000000000001 0 0.6000000000000001 0 0 0.4 9.200000000000001 17 0.8 0 0.6000000000000001 0 0.8 16 0 0 0.4 0 0 0 0 0 0 0.2 0.2 12.4 0 0.4 0 0.4 0.6000000000000001 13.4 0 1.2000000000000002 0 0 1.2000000000000002 0.4 6.4 0 0 0.6000000000000001 0 0.8 0 1 0 0 0.6000000000000001 0 0 0 0 1 6.6000000000000005 8.8 2.8000000000000003 4 2.4000000000000004 4 0 2.8000000000000003 0 0 2.6 12.600000000000001 0 2.2 0.2 0 0.4 0 4.6000000000000005 0 0 1.4000000000000001 0 0.2 0 0 0 0.6000000000000001 2.2 0 0 0 5.4 0 0 0 0.2 0 4.4 3 0 0 0.2 0 0 0 0 0.4 0 0 0 0 0 0 0 0 0 0 0 0 0 0 0 0 0.4 0 0 0.4 0 0 0 0 0 0.2 0 0 0.2 0 0 0.4 0.2 0.2 0 2 0.2 0 2 2.6 0 2 2.4000000000000004 2.6 0 8.200000000000001 5 2.4000000000000004 1.8 2.2 0 1.2000000000000002 0.2 0 0 0 0.2 0 4.6000000000000005 0.8 0 0 0 0 3.6 10.200000000000001 0 0 0 3.6 4.4 0 0 0 0 0 0 0 0 0 0 0 0 0 0 0 0 0 0 0 0 0 0 0 0 0 0 0 0 2.2 0 0 0 0 0 0 0 0 0 0 0 0 0 0 0 0 0 0.2 0 0 25.6 17.2 7.6000000000000005 0.6000000000000001 2.6 0 0 0 0 0 0 0 0 0 0 0 0 0 0 0 0 0 0 0 0 0 0 0 4 0 0 0 0 0 0 0 0 0 0 0 0 0 
 13.4 23 11.8 61 19.200000000000003 54.400000000000006 11.600000000000001 39.6 21.400000000000002 18 8.4 8.6 55.2 43.6 34.2 49.6 9 50.6 0 23 1.2000000000000002 0.4 0.4 0.4 0 0 0.6000000000000001 1 0.4 0 0 0 0 1 0.4 0 1.4000000000000001 0 1.2000000000000002 0.8 0 0 0.6000000000000001 0.6000000000000001 0 0.6000000000000001 0 0 0.2 0 1 0 0 0.4 0 0.4 0.2 0 0 0 0 0 0 0 0.4 0.2 0.8 0.6000000000000001 0 0 0.6000000000000001 0.6000000000000001 0 0 0.6000000000000001 1 0.2 0.4 0 0 0 8.4 8.6 3 0 0 0 7.2 0.2 1.4000000000000001 2.8000000000000003 0 0 0 2.2 0 4.6000000000000005 0 4.6000000000000005 5.6000000000000005 0 0 0 0 0 0 0 0 0 0 0 0 0 0 0 0 0 0 0 0.4 0 0 0 0 0 0 0 0 0 0 0 0 0 0 0 0 0 0 0 0 0 0 0 0 0 0 0 0 0 0 0 0 0 0 0 0 0 2.4000000000000004 0 0 0 0 5.800000000000001 0 0 0 0 0 0 0.2 6.6000000000000005 0 2.8000000000000003 0 0 2 3.8000000000000003 3 0 0 0 0 0 0 0 0 0 0 0 0.4 0 0 0 0.4 0 0 0 0 0 0 0 0 0 0 0 0 0 0 0 0 0 0 0 0 0 0 4 0 0 0 1.8 0 0 0 0 0 0 0 0 0 0.4 0 0 0 0 0 0 0 0 0 0 0 0 0 0 0 0 0 0 0 0 1 0 0 0 0 0 0 0 0 0 0 0 0.4 0 0 0 0 0.4 0.4 0 0 0 0 0 0 0 0 0 0 0 0 0 0 0 0.4 0 0 0 0 
 36.2 25.8 57.6 22.8 36.2 57.400000000000006 63.400000000000006 17.8 24.6 23.6 14.200000000000001 48.800000000000004 19.200000000000003 63.800000000000004 63.2 16.6 46 6.2 23 0 0.6000000000000001 0 0 0 0.4 0.6000000000000001 1.4000000000000001 0 0.6000000000000001 0 0.4 0.4 0 0.6000000000000001 0.8 0 1 0 1.2000000000000002 0.6000000000000001 0 0 0.6000000000000001 0.6000000000000001 0 0.6000000000000001 6.2 0 0 0.2 1 13.4 0 0.4 0 0 0 0.6000000000000001 0 0.6000000000000001 0 0 0 0.8 0.4 0 0 0.6000000000000001 0 0.4 0.6000000000000001 0.6000000000000001 0 0 0.6000000000000001 1.2000000000000002 0.6000000000000001 0.4 0 1.2000000000000002 1.8 2.4000000000000004 0.2 3.2 0 0 4.4 2.6 3.6 3 3 3.2 9 4 5 0.2 2 0 2.6 0 0 0 0 0 0 0 0 0 0 0 0 0 0 0 0 0 0 0 2 0 0 0 0 0 0 0 0 0 0 0 0 0 0 0 0 0 0 0 0 0 0 0 0 0 0 0 0 0 0 0 0 0 0 0 0 0 0.8 0 0 0 3.4000000000000004 1.6 4 3.2 2.2 0 2.8000000000000003 7.6000000000000005 2.6 2 4.6000000000000005 0.2 1.6 1.6 0.4 1.8 7.800000000000001 4 0 2.2 0 0 0 0 0 0 0 0 0 0 0 0 0 0 0 0.4 0 0 0 0 0 0 0 0 0 0 0 0 0 0 0 0 0 0 0 0 0 0 0 0 0 0 0 0 0 0 0 0 0 0 0 0 0 0 0 0 0 0 0 0 0 3 0 0 0 0 19.200000000000003 0.6000000000000001 0.6000000000000001 35.6 0 2.8000000000000003 2.8000000000000003 0 0 0 0 0 0 0 0 0 0 0 0 0 0 0 0 0 0 0 0 0.4 0 5 1.6 1.6 0 0 0 0 0 0 0 0 0 0 0 0 
 0.6000000000000001 0.6000000000000001 0.8 0 0.8 29.8 0.4 0.6000000000000001 0.8 0.6000000000000001 1 15 0.4 0.6000000000000001 0.4 0.4 1 0.6000000000000001 1.2000000000000002 0.6000000000000001 0 46 24.400000000000002 43 4.2 6.800000000000001 57.6 32.4 8.6 8.200000000000001 50.800000000000004 8 9.8 37.6 33.4 20.400000000000002 7 56.800000000000004 87.2 81.60000000000001 0 0 0 14.200000000000001 0 0 0.4 0.4 0 0.6000000000000001 0 0.6000000000000001 0.2 0.6000000000000001 0 0.6000000000000001 0 0.6000000000000001 0.6000000000000001 0.6000000000000001 0.6000000000000001 9.8 0.2 0 0 0.6000000000000001 1 0.4 0.8 0 0 0 0.4 0 0 0 0.2 0.2 6.800000000000001 0 0 0 0 0 0 1.8 0 3 0 0 0 0 0 0 0 0 0 0 0 0 7.4 5.4 0 1.2000000000000002 0.6000000000000001 0 5.800000000000001 6.4 2.2 0.2 17.8 14 5.800000000000001 10.600000000000001 6.800000000000001 15.600000000000001 5.6000000000000005 0 1.6 3.2 0 0 0 0 0 0 0 0 0 0 0 0 4 0 0 0 0 0 3 0 0 0.8 0 0 0 0 0 0 0 0 0 0 0 4 0 1.2000000000000002 4.2 0 0 0 0 0 0 0 0 0 0 1.2000000000000002 0 0 0 0 0 0 0 0 0 0 0 0 6.4 6.800000000000001 11.4 2.2 10.4 0 5.6000000000000005 0 9.4 5.800000000000001 0.6000000000000001 0.8 0 8.4 2 12.600000000000001 3.8000000000000003 1.2000000000000002 0 0.8 0 0 0 0 0 0 0 0 2.4000000000000004 0 0 0 0 0 0 0 0 0 0 0 0 0 0 0 0 0 0 0 0 0 0 0 0 0 0 0 0 4.2 0 0 0 0 3.2 0 0 0 0 0 0 0 0 0 0 0 0 0.4 0 9 0 0 0.6000000000000001 0 0 0 0 0 0 0 0 0 0 0 0 0 0 0 0 0 0 4.4 0 3.8000000000000003 0 0 0 1.8 0 0 0 0 
 14.8 0 0 0 0 14.4 0 0 0.4 0 0 0 0.4 0 0 0 0.4 0.6000000000000001 0.4 0 46 0 19.400000000000002 66.8 4.800000000000001 7.4 38.6 23.200000000000003 18.2 65.8 37 24.200000000000003 11.8 22.200000000000003 29 35.6 24 24 31.200000000000003 6 0 0 0 0 0 0 0.4 0 0 0.4 0 0.6000000000000001 0.6000000000000001 0.6000000000000001 0.4 0 0 0.6000000000000001 0.6000000000000001 0 0.6000000000000001 0 0.6000000000000001 0 0 0.4 0.6000000000000001 0.4 0.4 0 0 0 0.6000000000000001 1.6 0 9 0 0 0 0 0 0 0.2 0 0.2 1.4000000000000001 0 0 0 0 0 0 0 0 0 0 0 0 0 0.2 7 4.6000000000000005 5.6000000000000005 5 1.8 4.4 2.4000000000000004 0 3.2 1 6 6.2 0 3 2.2 7.6000000000000005 2.4000000000000004 2 1.2000000000000002 5.2 0 0 0 0 0 0 0 0 0 0 0 0 0 0 0 0 0 0 1.8 11.8 0 0.8 0 0 0 0 0 0 0 0 0 0 0 0 0 0.4 0 0 0 0 0 0 0 0 0 0 0 0 0 0 0 0 0 1.6 0 0 0 0 0.4 0 0 8.200000000000001 6.2 4.6000000000000005 2.4000000000000004 8.4 1.6 2.4000000000000004 7.2 0.2 0.2 3.8000000000000003 0 0.2 3.6 4.2 5.6000000000000005 0.8 0 1.8 0 0 0 0 3 0 0 0 0 0 0 0 2 0 0 0 0 0 0 0 0 0 0 0 0 0 0 0 0 0 0 0 0 0 0 0 0 0 0 0 0 0 0 0 0 0 0 0 0 0 0 0 0 0 1 0 0.8 1 0 0.4 2.4000000000000004 0.2 0 0 0 0 0 0 0 0 0 0 0 0 0 0 0 0 0 2.4000000000000004 0 2.8000000000000003 0 0 0 2.4000000000000004 1.4000000000000001 0 0 0 
 0.2 0.6000000000000001 0 0 0 15.200000000000001 0 0 0 15.600000000000001 0 14.8 0.2 0 0 0.2 0 0.4 0.4 0 24.400000000000002 19.400000000000002 0 61.400000000000006 31.200000000000003 5 30.8 60.400000000000006 14.200000000000001 40.6 20.8 53 10.8 24.6 10.8 40.6 11 30.6 9 25 12.8 0 0 0 8 0 6.2 0 0 0.4 0 0.6000000000000001 0.6000000000000001 0.6000000000000001 0 0 15.8 0.6000000000000001 0.8 0 0.6000000000000001 0 0.6000000000000001 0 0 0.4 0.6000000000000001 0.6000000000000001 0.4 0 0 0 0.6000000000000001 9.4 0 0 0 0 0 0 0 0 0 0 0 6 0 0 0 0 0 0 0 0 0 0 0 0 4 0 2.2 5.4 0 7.2 0 3.2 3.8000000000000003 0.6000000000000001 4.2 1.8 7.6000000000000005 4.800000000000001 0 1.4000000000000001 0.2 5.800000000000001 4.2 0 2 0 1.8 0 2.6 0 0 0 2.8000000000000003 0 0 0 0 0 0 0 2.4000000000000004 1.4000000000000001 0 0 0 0 0 0 0.4 0.4 0 0 0 0 1.2000000000000002 0 0 0.2 0 0 0 1.2000000000000002 0 0 0 0 7.2 0.4 0 0.4 0.4 0 0 0 0 0 0 5.2 0 0 0 0.6000000000000001 0 0 0.6000000000000001 0 0 2.8000000000000003 0.6000000000000001 0 12.4 0.2 0.4 0 2 0 5 17.400000000000002 0 2.8000000000000003 0 3.4000000000000004 9.4 1 0 0 0 1.6 0 0 0 1.8 7.800000000000001 1 0 0 0 0.2 2.8000000000000003 2 0 0 0 0 4.4 2 0 0 0 0 0.6000000000000001 0.4 0 0.8 0 0 0 0 0 0 0 0 0 0 0 0 0 0 2.4000000000000004 0 0 0 0 0 0 0 0 0 0 0 1.8 0 0 0.8 1 0.2 0.4 0 13.8 0 0 0 0 0 0 0 0 0 0 0 0 0 0 0.4 0 0 0 0 0 0 0.2 0 0 0 0 0.2 
 0 41.2 0.2 0.2 0 0.6000000000000001 0.4 0 0.2 0 0 0 0.2 0.6000000000000001 40.800000000000004 0.2 0.2 0.6000000000000001 0.4 0 43 66.8 61.400000000000006 0 51.2 3.8000000000000003 63.800000000000004 18.2 35 77.80000000000001 39.800000000000004 57.400000000000006 27.6 76 16 53 66.60000000000001 45.2 47.400000000000006 54.6 13 0 0 0 0 0 12.8 0 0 0.4 1.4000000000000001 0.6000000000000001 0.4 5 0 0 0 0.6000000000000001 12.8 12.8 0.6000000000000001 0 0.6000000000000001 0 0 0.4 0.6000000000000001 0.4 0.4 0.6000000000000001 0 0.2 0.6000000000000001 0 0 0 0 0 0 0 0 0 0 0 0 0 0 0 0 0 0 0 0 0 0 0 0 0 0 0 0 1.6 0 1.8 6 6.6000000000000005 0 0 4.800000000000001 5.6000000000000005 5.800000000000001 1.8 0 3.2 1.8 3.6 3 6.800000000000001 0 0 13.4 0 0 0 0 0 2.2 0 0.2 1.8 0.4 0 0 0 0 0 0 0 6.800000000000001 5.4 0 0.8 0 0.4 0 0 0 0 0 0 0 0 0 0 0 1.6 0 0 1.8 0 3.6 0 0 0 1.2000000000000002 0 0 0 0 0 3.6 0 0 2 0 2.2 0 0 0.8 0 0 4 6.4 0 11.4 5 0.8 0.2 8 2.2 0.4 11.600000000000001 0 0 0 2.6 8.6 0 0 0 3.2 0 0 0 0 0 13.600000000000001 4 0 4.4 0 0 8.8 5.4 0 3.4000000000000004 0 0.2 0 0 0 0 0 0 0 0 0.4 0 0 0 0 0 0 0 0 0 0 0 0 0 0 3.6 0 0 0 0 0 0 0 0 0 0 0 0 1.6 0.2 0.4 21.400000000000002 0.2 0 0.4 0 0 0 0 0 0 0 0 0.2 0 0.4 0 0.2 0 0 0 0 0 0 0 0 0 0 0 0 0 0 0 0 
 0.2 0 0.2 0 0.4 0 0 0 0 0 0 0 0 40.6 0.4 0 1.4000000000000001 0 0 0.4 4.2 4.800000000000001 31.200000000000003 51.2 0 29.400000000000002 6.4 13.600000000000001 18.2 38.2 27 9.200000000000001 12 15.200000000000001 19.200000000000003 30.400000000000002 11 37.800000000000004 9.4 7.800000000000001 12.4 12.600000000000001 0 0 0 0 13.8 0 0.2 0.4 1.2000000000000002 0.6000000000000001 0.6000000000000001 12.8 0 0.4 1.2000000000000002 2 2 14.600000000000001 1 0.4 0.4 0.2 0 0.4 0.6000000000000001 1 0.4 0 0 0 0.4 0 0.6000000000000001 0 0 0 0 0 0 0 0 0 0 2.2 0 0 0 0 0 0 0 0 0 0 0 0 0 0 0 0 0 11 2 2.2 0.4 0.4 2.4000000000000004 4 5 8.6 0 4 2.6 4.4 4.800000000000001 3.6 0 0 1.4000000000000001 0 0 10.200000000000001 0 0 2.2 0 2.8000000000000003 2.4000000000000004 0 0 10.4 0.2 1.4000000000000001 1.8 1.8 0 0 0 0 0 0 0 0 0 0 0 1 0 0 0 0 0 0 1.6 0 0 0.2 0 0.8 0 0 0 0 0 0 0 0 0.4 0.2 2.6 0 0.4 0 1.6 0 0 0 0 0 7.800000000000001 0 0 10.200000000000001 0.2 0 0 0.4 2.8000000000000003 6.6000000000000005 19.6 0.4 0.2 2.2 3.2 4.4 4 0 0 0 8.6 0 0 0 0 0 1.2000000000000002 2.4000000000000004 1.8 0 0 1 5.800000000000001 0 1.6 0 0 7.4 11.4 0 0 3 0 0 0 0 0 0 0 0 0 0 0 0 0 0 0 0 0 0 2.6 0 0 0 0 0 0 0 0 0 0 0 0 1.4000000000000001 0 0 16.6 22.400000000000002 1.4000000000000001 0 0.6000000000000001 0 0 0 0 4.4 0 0 0 0 0 0 0 0 0 0 0 0 0 0 7.6000000000000005 0 0 0 0.6000000000000001 0 0 0 0 
 0 0.4 0 0.4 0 0 0 0.8 0 0.2 0.2 0 0.2 0 0.4 0.2 0 0 0 0.6000000000000001 6.800000000000001 7.4 5 3.8000000000000003 29.400000000000002 0 6.6000000000000005 20.8 29.6 54.800000000000004 14.4 25.6 8.6 26.8 11.8 14.4 43 27 12.200000000000001 8 13 12.600000000000001 25.6 12.8 0 0 0.8 31 0.2 13 0.6000000000000001 0.6000000000000001 32.800000000000004 23.200000000000003 12.600000000000001 0.6000000000000001 37.4 5.4 25.400000000000002 24.400000000000002 0.6000000000000001 1 0.6000000000000001 0 0 0.6000000000000001 0.6000000000000001 0.4 0.8 0 0 0 0.6000000000000001 0 0 0 0 10 0 0 0 0 0 0 0.2 0 0 0 0 0 0 0.4 0 0 0 0 0 0 0 0 0 0 0 0 3 2.4000000000000004 0 0 0 1.8 0 0 0 0 0 0 0 7.4 0 0.4 0 2.4000000000000004 0 0 0 0 3.6 4.2 0 3.2 4 0 0.2 3.8000000000000003 1.4000000000000001 1.6 1.4000000000000001 2 4.6000000000000005 7.800000000000001 0.4 0 0 0 0.2 0 0.4 4.800000000000001 0 0 0 0 0 0 0 0 0 0 0 0 0 0 0 0 0 0 0 0 3 0.2 0 0 0 0 0.8 0 0 0 0 0 0 0 0 2.6 4.4 0 0 0 0 2.2 0 3.4000000000000004 0 0.2 0 0 0.2 9.200000000000001 0 0 2.4000000000000004 2.6 0 9 0 0 3.8000000000000003 2.8000000000000003 1.4000000000000001 0 2.4000000000000004 5.4 2 3.2 7 0 10.4 3 6.6000000000000005 1.6 0 0 0.2 0 0 0 0 0 0 0 0 0 0 0 0 0 3 0 1.8 0 0 0 0 0 0 0 0 0 0 0 0 0 0.4 0 0.4 0.2 0 0 1.2000000000000002 0 0 0.2 0 0 12.8 0 0 0 0 0 0 0 0 0 0 0 0 0 0 0 0 2 0 0 0.2 0 0 0 0 0 
 0.6000000000000001 0.6000000000000001 15.4 0 0.6000000000000001 35.6 0.6000000000000001 0.6000000000000001 8.4 0.6000000000000001 30.400000000000002 23.8 1 0.6000000000000001 0.6000000000000001 0.8 0.8 0.6000000000000001 0.6000000000000001 1.4000000000000001 57.6 38.6 30.8 63.800000000000004 6.4 6.6000000000000005 0 45.6 25.6 70.2 21.8 61.800000000000004 32.4 29.6 66.60000000000001 21.400000000000002 21.400000000000002 4.4 12.600000000000001 11.200000000000001 0 0.4 0 0 0.6000000000000001 6.800000000000001 0.4 12.200000000000001 1.4000000000000001 0.4 0 0.6000000000000001 0.4 0.6000000000000001 0.6000000000000001 0 0 0.6000000000000001 0.6000000000000001 0 0.8 0.4 0.8 0 0.4 0.4 0.8 1.8 0.4 0.2 0.2 0 0.4 0 0.6000000000000001 0.4 0 0.2 0 0 0 0 0 0 2.2 3.2 0 0 0 0 5.6000000000000005 0 0 0 0 4.800000000000001 0 0.2 0 0 4 4.2 3.4000000000000004 1.8 1.8 0 5.800000000000001 11 3 0 0.8 2.2 2.6 1.8 6.4 4.4 4.6000000000000005 3.8000000000000003 0.2 4 0 0 0 0 0 0 0 0 0 0 0 1 0 0 0 0 0 0 2 0 0 1.2000000000000002 0 0 0 0 0 0 0 0 1.8 0 0 0 0 0 0 0 0 0.2 0 1.8 0 0 1.6 3.8000000000000003 0 0 0 2.4000000000000004 0 0.4 0 0 0 0 0 0 0 0 3.4000000000000004 0.4 3.6 0 0 3.6 1.2000000000000002 2.8000000000000003 4.4 4 6 0 6.2 4.4 5 0 0 5.4 10 0 0 0 0 0 0 0 0 0 0 0 0 0 0 0 0 0 0 0 4.2 0 2.6 0 0 0 0.8 0 0 0 0 0 0 0 0 0 0 0 0 0 0 0 0 0 5.6000000000000005 0 0 0 0 0 14.600000000000001 0 0 0 0 0 0 0 0 15.200000000000001 0.2 0 0 0 0 0 0 0 0 0 0 0 2 0 0 0 0 0 0 0 0 0 0 2.4000000000000004 0 0 0 0 0 0 0 0 
 0 0 0 0 0 35.4 0.4 0.2 0.2 0.6000000000000001 15.200000000000001 29.6 0 0 0 0 0 0 1 0 32.4 23.200000000000003 60.400000000000006 18.2 13.600000000000001 20.8 45.6 0 64 22.8 8.8 62.800000000000004 16.8 94.60000000000001 28 26 38 5.2 14.600000000000001 39.800000000000004 0 0 0 0 0 0 0.4 0 0 0.4 0 0.6000000000000001 0.4 1.4000000000000001 0 0 0 0.6000000000000001 0.6000000000000001 0 0.6000000000000001 0 0.4 0 0 0.4 0.6000000000000001 0.4 0.4 1.6 0 0 0.4 2 0 0 0 0 0 0 0 0 0 0 1 4.6000000000000005 0 0 0 0 0 0 0 0 0 0.4 0 0 0 0 5.4 7.6000000000000005 9.200000000000001 0.6000000000000001 0 3 9.4 6.6000000000000005 4.4 4.800000000000001 9.600000000000001 4.800000000000001 3.2 5 0 6.4 1.8 2.4000000000000004 1.8 0 0 0 0 0 0 0 0 0 0 0 0 0 0 0 0 0 0 0 0 2.2 0 0 0 0 0 0 0 0 0 0 0.4 0 0 0 0 0 0 0 0 0 0 0 0.4 0 3.6 2.8000000000000003 0 0 0 0 0 0 0 0 0 0 0 0 0 0 3.2 0 0.4 4.6000000000000005 0 1.8 2 0 0 0.4 3.2 2.4000000000000004 2.6 3.6 4 0 0 3 3.8000000000000003 0 0 0 0 0 0 0 0 0 0 0 0 0 10 6.6000000000000005 0 0 0 0 4.2 0 0 0 0 0 0 0 0 0 0 0 0 0 0 0 0.4 0 0 0 0 0 0 0 1.8 0 0 0 0 0 14.8 0 0 0 0 0 2 0 0 0 0 0.2 0 0 0 0 0 0 0 0 0 0 0 0 0 0 0 0 0.2 0 0 0 0 0 0 0 2.4000000000000004 0 2 0 0 0 
 0.2 0.8 0.2 0.8 0.4 0 0.4 0.4 0.4 0.4 0 0.4 0.2 0.6000000000000001 0.4 0.2 0.4 0.6000000000000001 0.4 0.6000000000000001 8.6 18.2 14.200000000000001 35 18.2 29.6 25.6 64 0 44.6 8.4 52.400000000000006 20.6 22.400000000000002 60.6 18.2 43.800000000000004 8.4 25.200000000000003 13.600000000000001 0 0 0 0.2 0.2 0 0.4 0 0 0.4 0.8 0.8 0.6000000000000001 0.6000000000000001 0 0 0 0.6000000000000001 13.200000000000001 29.400000000000002 0.8 0.4 0.6000000000000001 0 0 0.4 1.2000000000000002 0.4 0.6000000000000001 0.6000000000000001 0 0 0.6000000000000001 1.8 0.6000000000000001 0 1.2000000000000002 0 1 0.8 0 0 0 0 0 0 0 0 0 0 0 0 0 0 0 0 0 0 0 0 2 2.2 0.4 1.4000000000000001 0.4 4 0 0 1.8 2 0 7.2 1.8 0 2.8000000000000003 1.8 0 11.4 0 3 0 0 0 0 0 0 0 0 0 0 0 0 0 0 0 0 0.4 0 0 2.4000000000000004 0 0.6000000000000001 0 0 0 0 0 0 0 0 0 0 0 0 0 0 0.4 0 0 0 0 0 0 1.8 0 0 0 0 1.4000000000000001 0.4 0 0 0 0 0 0 0 0 0 0.4 0 0 0 2 4.2 5 0 2.6 0 6.6000000000000005 2.2 6.800000000000001 0 0 1.8 0 0 4.6000000000000005 0 0 0 0 0 0 0 0 0 0 4 0 0 0 4.6000000000000005 4.800000000000001 0 0 0 0 6 11.600000000000001 0 0 0 0 0 0 0 0 0 0 0 0 0.4 0 0 0 0 0 0 0 0 0 0 0 0 0 0 0 0 0.4 0 0 0 4.800000000000001 0.2 0 0.4 7.6000000000000005 16 0 0 1.8 0 0 0 0 0 0 0 0 0 0 0.2 0 0 0 0 0 0 0 0 4.800000000000001 0 0 0 0 1 0 0 0 
 0 0.6000000000000001 0 0.4 0 0 0 0 0 0 5.6000000000000005 0 0.2 0 0.4 0 0.4 0 0 0 8.200000000000001 65.8 40.6 77.80000000000001 38.2 54.800000000000004 70.2 22.8 44.6 0 34 61.2 11.200000000000001 60.2 22.200000000000003 40.400000000000006 9.600000000000001 19.400000000000002 17.6 39.400000000000006 0 0 0 0 0 0 14.600000000000001 0 0.4 0.4 0.6000000000000001 0.8 0.4 0.6000000000000001 0 0 0.2 0.6000000000000001 1 0 0.6000000000000001 0 0.6000000000000001 0 0 0.4 0.6000000000000001 0.4 0.4 1.2000000000000002 0 0 0.6000000000000001 3 0 0 0 0 0 0 0 0 0 0 0.2 0 0 0 0 0 0 0.4 0 0 0 0 0 0 0 0 0.2 2.2 2.4000000000000004 2.2 0.2 5.4 0 0 8.200000000000001 10.600000000000001 0 10.4 1.8 2.4000000000000004 4 3.2 2.2 7 0 3.4000000000000004 2.2 0 0 0 0 0 3 0 0.2 0 0 0 4.4 0 0 0 0 0 2 0 0 0.2 0 0 0 0 0.2 0 0 0 0 0 0 0.2 0 0 0 0 0 0 0.8 0 0 0 1 0 0 0 0 0 0 0 0 0 0 0 0 0 1 0 0 4.2 0.2 3.4000000000000004 5.800000000000001 9.8 0 2.8000000000000003 1.8 4.2 4.800000000000001 5.4 0 2.6 5.4 0.2 5 2 0 0 0 0 0 0 0 0 6.4 0 0 0 0 0 6.4 1.2000000000000002 0.4 0 0 0 0.2 0.6000000000000001 0 0 0 0 0 0 0 0 0 0 0 0 0 0 0 0 0 0 0 0 0 0 0 0 0 0 0 0 0 0 0 0 0 0 0.4 0 0.8 0.8 0.6000000000000001 0 0 2.2 0 0 0 0 0 0 0 0 0 0 0 0 0 0 0 0 0 0.2 0 3.6 0 0 0 0 1.8 0 0 0 
 11.4 0 0 0.4 0 4.6000000000000005 0 1.4000000000000001 14.8 0 0 0 0 0 21.400000000000002 0 0.6000000000000001 0 0 0.4 50.800000000000004 37 20.8 39.800000000000004 27 14.4 21.8 8.8 8.4 34 0 27.200000000000003 19 6 32.2 63.6 34 7.6000000000000005 25.6 11.200000000000001 12.200000000000001 0 0 0 0 0 0.4 12.8 0 0.4 0.6000000000000001 0.6000000000000001 0.6000000000000001 7.2 0 0 0 0.6000000000000001 14 12.600000000000001 0.6000000000000001 0 0.6000000000000001 0 0 0.4 0.6000000000000001 0.4 0.4 0 0 0 0.6000000000000001 0 0 0 0 0.2 0 0 0.2 0 0 0 2.6 12.600000000000001 0 0 0 0 3.8000000000000003 0 0 0 0.2 0 0 0 0 0 4.2 2.6 4.6000000000000005 4.2 2.2 4.6000000000000005 0 2 1.2000000000000002 3.8000000000000003 2.4000000000000004 3.2 0 9 0.8 7.800000000000001 2.2 2 0.2 2.4000000000000004 2.2 0 0 0 0 2.4000000000000004 0 0.2 0 1.4000000000000001 0 0 0 0 0 0 0 0 0 0 0.2 0 0 0 0 0 0 0 0.6000000000000001 0 0 0 0 0 0 0.2 0 0 0 0 0 0 0 0 2.4000000000000004 0 0 0 0 2.8000000000000003 0 0 0 1 0 0 0 0 0 0 0.2 5.2 4.4 0.6000000000000001 3.6 2.2 2.6 0.4 2.2 0.2 2.4000000000000004 1.8 2.6 0 4 5 6.2 0 0 0 3.2 0 0.2 0 0 0 1.2000000000000002 1.8 0.2 5.6000000000000005 0 1.4000000000000001 5.2 0 0 1.6 0 0.4 4.800000000000001 3.2 0 0 0 0 0 0 0 0 0 0 0 0 2.4000000000000004 0 0 0 0 0 0 0 0 0 0 0 0 0 0 0 0 0 0 0 0 0 0.8 0.4 0 2 0 0 0.6000000000000001 0 0 0 0 0 0 0 0 0 0 0 0 0 0 0 0 0 0 0 0 0 0 0 0 0 0 0 0 0 
