 0 13.600000000000001 61.2 8.8 51.6 4.4 84.60000000000001 31 5.6000000000000005 4.2 8.8 10.4 46.6 10.4 6 4.6000000000000005 6.4 23.6 28.6 45.2 0.4 15 0 0.6000000000000001 0 0 0.4 0 0 0 0 0 0 0 0 0 0 0.4 0 0 0 0 0.2 0 0.6000000000000001 0 0 0 0.4 0.2 0 2.8000000000000003 0 0 0 0 0.6000000000000001 0.4 0 0 0 0.6000000000000001 0 0 0 0 2.2 1 0.4 0 0 0 1.6 1 0 0 0 0 0.4 0 3.8000000000000003 4 0 2.4000000000000004 13 0 1.8 2.8000000000000003 0 0 2.4000000000000004 10.200000000000001 0.2 2.4000000000000004 1.4000000000000001 2.2 4 2.4000000000000004 0.2 2.8000000000000003 0 0 0 0 0 0 0 0 0 0 0 0 0.4 0 0.2 0 0 0 0 0.4 0 0 0 0 0 0 0 0 0 0 0 0 0.4 0.4 0 0 0 0 0 1.6 0 0 0 0.2 0 0 0 0 0.8 0 0 0 0 0 0 0 0 0 0 0 11 3 0 3.2 0 0 6 0.6000000000000001 6.2 0 0 1.2000000000000002 3.2 5.800000000000001 4.800000000000001 0 1.8 0 0.2 0.2 0 0 0 0 0 0.2 0 0.4 0.2 0 0 0 0 0 0 0 0 0 0 0 0 0 0 0 0 0 0 0.2 0 0 0.2 0 1.8 0 0 5.2 0 0 0 0 0 0 0 0 0 0 0 0 0 0 0 0 0 0 0 0 0 0 0 0 0 0 0 0 0 0 0.4 0 0.2 0 0 1.8 0 0 0 0 0 0 0 0 0 0 0 0 3 0 0 0 0 0 0 0 0 0 0 0 0 0 0 0 0 0 0 1.2000000000000002 0 0 0 0 0 1.4000000000000001 
 13.600000000000001 0 118 13.8 6.6000000000000005 33.2 48.2 44.2 92 6.4 2.8000000000000003 9.600000000000001 18 13.4 24.200000000000003 32 49.2 9 32.4 11.8 0.4 0.6000000000000001 0 0.6000000000000001 0 0 0.6000000000000001 0 0.2 0 0 0 15.4 0.2 0 0 0 0.6000000000000001 0 0 0 0 6.6000000000000005 0 0.6000000000000001 0 0 0 0.4 0 0 0.2 0 0 0 0 0.4 0.4 0 0 0 0.6000000000000001 0 0 0 0 0 0 0.6000000000000001 0 0 0 0.6000000000000001 0 0 0 0 0.2 0 0 4.4 2 5.2 0 0 0 0 2.2 10.8 4 0 0 0.2 0 7.800000000000001 0 2 2.6 0 0 0 0 0 0 0 0 0 0 0 0 0 0 0 7.6000000000000005 3.2 0 0 0 0 2.6 0 0 0 0 0 0 0 0 0 0 0 0 0 0 0 0 0 0 0 0 0 0 0 0 0 0 0 0 0.8 0 0 0 0 0 0 0 0 0 0 0 3.8000000000000003 2.8000000000000003 0 4.6000000000000005 2.8000000000000003 0 1.2000000000000002 5.2 4.800000000000001 0 0 5 2.6 6 6.4 1.8 2 2.6 4 0.2 0 0 0 0 0 0 2 0 0 0 0 0 7 9.200000000000001 0 0 0 0 0 0 0 0 0 0 0 0 0 0 0 0 0 0 0 0 0 0 0 0 0 0 0 0 0 0 0 0 0 0 0 0 0 0 0 0 0 0 0 0 0 0 0 0 0 0 0 0 0.4 0.4 0.4 0 1.6 0.2 0 0 0 0 0 0 0 0 0 0 0 0 0 0 0 0 0 0 0 0 0 0 0 0 0 0 0 0 0 0 0 0 0 0 0 0 0 1 
 61.2 118 0 41.6 41.2 6.4 35 44.400000000000006 46.400000000000006 11.200000000000001 20.400000000000002 35.4 29.8 73.60000000000001 51 10 57.6 24.6 13.8 26 0.4 0.2 0.4 0.6000000000000001 0 0.4 0.4 0.6000000000000001 0.2 7.6000000000000005 0 0.4 0.4 0.6000000000000001 0.6000000000000001 0.4 0 0 12.600000000000001 0.8 0 0.6000000000000001 0.6000000000000001 0 0.6000000000000001 1.8 0.8 1 0.4 0 0 0.6000000000000001 0 0.4 0 0.4 0.8 0.6000000000000001 0.4 0.2 0.6000000000000001 0.6000000000000001 0 0 0 0 0 0 0.4 0 0 0.4 1 0.4 0.4 0 2.2 0 0.2 0.2 8.8 3.2 0.4 2.6 0.2 0 0 0 13.8 3.6 0 1.8 0 0 0 4.2 7.4 11.600000000000001 0 0 0 0 0 0 0 0 0 1.6 0 0 0 0 0 8.6 2 0 0 0 0.4 0 0 0 0 0 0 0 0 0 0 0 0.4 0.4 0 0 0 0.2 0 0 0 0 0 0 0 0 0 0 0 0 0 0 0 0.4 0 0 0 0 0 0.4 0 0 3.2 1.8 6.800000000000001 4.4 2.6 0 2.2 5 0 0.8 4.6000000000000005 2 2.8000000000000003 10.4 1.6 0 1 3 0 0 0 0 0.4 0 0 0 4.800000000000001 0.2 0 0 0 0 7.800000000000001 2 0 0 0 0 0.2 2.8000000000000003 0 0 0.4 0 0 0 0 0 0 0 0 0 0 0.4 0 0.4 0 0 0 0 0 0 0 0 0 0 0 0 0 0 0 0 0 0 0 0 0 0 0 0 0 0 0 0 0 0 1.6 0.4 0.2 9.4 0 1.4000000000000001 0 0 0 0 0 0.2 0 0 0.4 0 0 0 0 0 0.2 0 0 0 0 0 0 2.6 0.4 3.4000000000000004 2.2 0 0 0 0 0 0 0 0 0 0 0 0 0 
 8.8 13.8 41.6 0 77 25.200000000000003 39.400000000000006 36.6 33.4 41.6 53 49.6 13.4 30.200000000000003 87.60000000000001 31.400000000000002 55.800000000000004 11.8 19.200000000000003 57.800000000000004 0.4 0.4 8 0.8 0 0 0.8 0 0.2 0 0 0 0 0 0 0 0 0 15.600000000000001 0 0 0 0 0 0.6000000000000001 0 0 0 0.4 12.200000000000001 0.4 0.4 0 0 0 0.6000000000000001 1 0.4 0.6000000000000001 0.4 0.2 0.6000000000000001 0.2 0.6000000000000001 0.4 0 0.6000000000000001 0.2 0.8 0 0.6000000000000001 0 0.6000000000000001 0 0 0 0 0 0.8 0 1 5.6000000000000005 4.800000000000001 2 2 2 3 9 8.6 0 4.6000000000000005 6 5 6.800000000000001 4.2 4.800000000000001 0.2 2 4.800000000000001 5 0 0 0 3 0 0 0 0 0 0 0 0 0 1 2.4000000000000004 4 0 0 4 2.6 0 0 0 0 0 0 0 0 0 0 0 0 0 0 0 0 0 0 0 0.2 0 0 0 0 0 0 0 0 0 0 0 0 0 0 0 0 0 0 0.4 0 3.4000000000000004 0 4.6000000000000005 1.4000000000000001 0 2.8000000000000003 0 0 2.6 1.4000000000000001 6 0.4 2.2 2.4000000000000004 0 5 6.800000000000001 14 0 3 0 0 0 0 0 0 0 3.2 0 0 0 0 0 0 0 0 0 0 0.4 0 0 0 0 0 0 0 0 0 0 0 0 0 0 0 0 0 0 0 0 0 0 0 0 0 0 0 0 0 0 0 0 0 0 0 0 0 0 0 0 0 0 0 0 0 0 0 21 0 17.6 17.400000000000002 0 0 0.4 0 0 0 0 0 0 0 0.2 0 2.6 0 0 0 0 0 0 0 0 0 0 0 0 2.8000000000000003 0 0.4 0 0 0 0 0 0 0 0 0 0 0 0 
 51.6 6.6000000000000005 41.2 77 0 51.800000000000004 13 14.600000000000001 14.200000000000001 35.2 40 32.6 55 14.4 13.200000000000001 30 16.6 24.8 13.4 19.200000000000003 1.6 0 0 0.6000000000000001 0.2 0 8 14.8 0 0 0.2 0 15.8 1.4000000000000001 0 0 0.2 0.4 20 0 0 0 0 12.4 2.6 0 0 0 0.4 0 2 0.2 0 0 0 2 0.4 2.4000000000000004 0.2 0 0 0.6000000000000001 0 0 0 1.2000000000000002 4.2 0 0.6000000000000001 0 0 0 0.6000000000000001 0 0 1 0 0 0.4 0.6000000000000001 0 2 2.2 2.8000000000000003 2.2 1.6 3 3.2 3.4000000000000004 0 4.4 1.6 2.4000000000000004 8.6 2.2 2 0.2 3.8000000000000003 0 0 0 4.6000000000000005 3 0 0 0.2 3.2 0 0 0 1.8 0 2.4000000000000004 8.6 2.4000000000000004 0.2 0.4 0.4 7.6000000000000005 5.4 0 0 0 0 0 0 0 0 0 0 0 0 0 0 0 0 0 0 0 0 0 0 0 0 3 0 0 0 0 0 2.2 0 0 0 0 0 0 0 0 0 0 0 2.4000000000000004 1.4000000000000001 1.4000000000000001 7.4 0 0.2 0 1.4000000000000001 6.6000000000000005 3.8000000000000003 0 0 0 0.2 1.6 4.800000000000001 1.2000000000000002 0 0.2 0 0 0 0 0 0 10.8 0 0 0.4 0 0 5.4 3.6 4.800000000000001 0 0.2 6 8.4 0.6000000000000001 0 0 0 0 0 0 0 0 0 0 0 0 0 0 0 0.2 0 0 0.4 0 0 0 0 0 0 0 0 0.4 0 0 0 0 0 0 0 0 0 0 0 0 0 8 0 0 0 19 0.2 0.8 8.4 0 0 0 0 0 0 0 0 0 0 0 0 0 0 0 0 0 0 0 0 0 0 0 0 0 0 0.4 0.2 0 0 2 0 0 0 0 0 0 0 0 0 
 4.4 33.2 6.4 25.200000000000003 51.800000000000004 0 6.6000000000000005 29.8 42 6.800000000000001 16.2 37.6 4 11.600000000000001 27 15.8 12.600000000000001 30 10.4 53.400000000000006 0.6000000000000001 0 15.200000000000001 0.6000000000000001 0 0 17 6 15.8 0 0 0 0.2 15.8 15 0 0 0.2 15 0 0 0 0 0 5.6000000000000005 0 0 0.2 3 0 0.8 0 0 0 0.2 0 13 0.4 0 0 0 0.6000000000000001 0 0 0 0 0 0 0.6000000000000001 0 0 7 0.6000000000000001 0 0 0.4 0 0 0 1.4000000000000001 0 0 3.2 0.6000000000000001 5.4 4.4 0 2.4000000000000004 0 4 9.8 2.8000000000000003 0 0 19.400000000000002 0 4.4 5.4 0 0 0 10.200000000000001 2.8000000000000003 0 0 0 0.2 0 0 1.6 2 0 0 4.4 0.2 3 2 0 5.2 2.2 0 0 0 0 0 0 0 0 0 0 0 0 0 0 0 0 0 0 0 0 0 0 0 0 0.4 0.4 0 1.4000000000000001 0 0 0 0 0.4 0 0 0 0 0 0 0 0 0 0 2.4000000000000004 2.8000000000000003 4.2 0 0 0 0 1.2000000000000002 4 0 0 0 3 0.2 4.4 0 0 1.4000000000000001 0 0 0.2 0 0 0 6.2 2.8000000000000003 0 2.4000000000000004 0 4.2 3.6 7 6 0 0 3.8000000000000003 0.6000000000000001 0 0.4 0 0 0 0 0 0 0 0 0 0 0.8 0 0 0 0 0 0 0 0.4 0.2 0 0 0 0 0 0 0 0 0 0.4 0 0.4 0 0 0 0 0 0.2 0 0 4.2 0 0 0.4 17.6 0 0.2 0.2 3.8000000000000003 2 0 0 0 0 0 0 0 0 0 3.8000000000000003 0 0 0 0 0 0 0 0 0 0 0 0 0 0 0 0 0 0 0 0 0 0 0 0 0 0 0 0 
 84.60000000000001 48.2 35 39.400000000000006 13 6.6000000000000005 0 63.6 15.8 24.200000000000003 25.200000000000003 48.6 61.6 76.80000000000001 24 42.2 6.2 7.800000000000001 13.4 34 0.4 0.2 0 0.6000000000000001 0 0 5.2 1.2000000000000002 0 0 0 0 0 0 0 0 0.4 0 0 0 0 0 0.4 0 0.6000000000000001 0 0 0 0.8 0 0 0.4 0 0 0 0 0.6000000000000001 0.4 0 1.4000000000000001 0 0.6000000000000001 0.6000000000000001 0 0 0 0.4 0 0.4 0 0 0.6000000000000001 0.6000000000000001 0 0 0 6.4 0 0.2 0 7.6000000000000005 4.6000000000000005 4 0.2 0 0 0 5.6000000000000005 0 0 0 0 2.8000000000000003 4.800000000000001 4 0 2 0 4 8.200000000000001 0 0 0 0 0 0 0 0.4 0 0.6000000000000001 0 0 0 0 0 0.2 0 0 0 0.2 0 0 0 0 0.4 0 0 0 0 0 0 0 0 0 0 0 0 0 0 0 0 0 0 0.2 0 0 0 0 0.4 0 0 0 0 0 0 1 0 0 0 0 2.8000000000000003 6.2 0 5.2 0 0 8.4 2.4000000000000004 5 1.4000000000000001 0 0 2.4000000000000004 4.6000000000000005 1.4000000000000001 0 2 0 1 4.800000000000001 0 0 0 0 0 0 0 0 0 0 0 0 0 0 0.2 0 0 0 0 0.2 0 0 0 0 0 0 0 0 0 0 0 0 0 0 0 0 0 0 0 0 0 0 0 0.4 0.4 0.2 0 0 0 0 0 0 0 0 0 0 0 0.8 0 0 0 0 0 0 0 0 0.4 0.4 0.6000000000000001 0 0 2.8000000000000003 0 0.2 0 0 0 0 0 0 0 0 2.6 0 0 0 0 0 0 0 0 0 0 0 0 0 0 0 0 0 0 0 0 0 0 0 0 0 0 0 
 31 44.2 44.400000000000006 36.6 14.600000000000001 29.8 63.6 0 21.400000000000002 27.200000000000003 7.6000000000000005 54.6 40.6 54.400000000000006 40.400000000000006 43 21.8 29.6 75.8 41.800000000000004 0.4 0.4 0 0.6000000000000001 0.4 0 0.6000000000000001 0 0 0 0.4 0.2 0 0.4 0.2 0 0.2 1.6 0 0 0 0 0 0 0.6000000000000001 0 0 0.2 0.4 0 0 0.2 0 0 0 0 0.4 0.4 0 0 0 0.6000000000000001 0 0 0 0 1 0 0.6000000000000001 0.6000000000000001 0 0 0.6000000000000001 0 0 0 0 0 0 0 3 3.2 0 0.2 0 0 0.2 0.8 0 2.6 0 0.2 0 0 3.6 0 6 0 1.8 9.200000000000001 0 0 0 0 0 0 0 0 0 0 0 0 0 0 0 0 0 0.2 0.2 2.2 0 0 0 0 0 0 0 0 0 0 3 0 0 0 0 0 0 0 0 0 0 0 0 0 0 0 0 0 0 0 0 0 0 1.2000000000000002 0 0 0 0 0 0 6 2.6 0 0.8 2.4000000000000004 0 3 4.2 0 0 0.6000000000000001 0.6000000000000001 0 2.6 8.4 2.6 2.4000000000000004 3.8000000000000003 3.2 1.8 2.6 0 0 0 0 0 0 0 0 0 0 0 0 0 1.4000000000000001 0.4 0 0 0 0 0 0 0 0 0 0 0 0 0 0 0 0 8.4 0 0 0 0 0 0 0 0 0 0 0 0 0 0 0 2 0 0 0 0 0 0 0 0 0 0.4 0 0 0 0 0 0 0.2 0.4 0.2 0.6000000000000001 0 4.4 1.6 0 0 0 0 0 0 0 0 0 0 0 0 0 0 0 0 0 0 0 0 0 0 0 0 0 4.2 0 0 0 0 0 0 0 0 0 0 0 0 
 5.6000000000000005 92 46.400000000000006 33.4 14.200000000000001 42 15.8 21.400000000000002 0 17 54.2 7.6000000000000005 15.600000000000001 14.600000000000001 38 100 15.8 27.200000000000003 15.4 12.4 0.4 0.4 1.2000000000000002 0.6000000000000001 0 0 0.6000000000000001 0 1 0.2 0 0.4 0.4 0 0 1.2000000000000002 0.2 1 1.4000000000000001 0 0 0.4 2.6 0 1.8 2.4000000000000004 0 0 0.4 0 0 0.8 0.4 0 0 0 0.4 0.4 0 0 1.2000000000000002 0.6000000000000001 0 0 0 0 0 0 1.8 0 0.2 0.8 0.6000000000000001 0 0 0.2 1.4000000000000001 1.2000000000000002 0 0.2 0 5.800000000000001 5.800000000000001 0 2.6 0 0 3 10.600000000000001 13 1.8 3.4000000000000004 0 0 2 6.800000000000001 2.2 9.600000000000001 0 0 0 0 0 0 0 0 3.2 5.2 0 0 0 0 7.800000000000001 4.6000000000000005 3.2 0 0 0 0.2 6.2 0 0 0 0 0 0 0 0 0 0 0 0 0 0 0 0 0 0 0 0 0 0 0 0 0 0 0 0 0 0 0 0 0 0 0 0 0 0 0 0 0 0 8 2.4000000000000004 5.6000000000000005 0 0 0 0 0.2 0 1.6 0 2.4000000000000004 0 5.4 0 5.2 0 0 0 4.800000000000001 0 0 0 0 4.800000000000001 2.8000000000000003 0 0 2.8000000000000003 0 4.800000000000001 0.2 2.2 0 0 0 0 3.4000000000000004 0 0 0 0 0 0 0 0 0 0 0 0 0 0 0 0 0 0 0 0 0 0 0 0 0 0 0 0 0 1.2000000000000002 0 0 0 0 0 0 0 0 0 0 0 2.4000000000000004 0 0 0 0.2 0.2 0 0 2.4000000000000004 3 0 0 0 0 0 0 0 0 0 0 0 0 0 0 0 0 0 0 0 0 0 0 0 0 1.6 0 0 0 0 0 0 0 0 0 0 0 0 0 0 
 4.2 6.4 11.200000000000001 41.6 35.2 6.800000000000001 24.200000000000003 27.200000000000003 17 0 119.80000000000001 24.400000000000002 13.200000000000001 34.6 53 105 46 25.200000000000003 23 24.400000000000002 1.2000000000000002 0.4 0 0.6000000000000001 0 0 0.4 0 0 0 0 0 0 0.4 0.4 0 0 0 14.4 0 0 0 0 0 0.6000000000000001 0 0 0 0.4 0 0 0.6000000000000001 0 0 0 0 0.6000000000000001 0.4 0 0 0 0.6000000000000001 0 0 0 0 1.2000000000000002 0 0.4 0 0 0 0.6000000000000001 0 0 0 0 0 0.2 0 4.800000000000001 4 11.8 8.8 3 3 2.4000000000000004 1.6 2.8000000000000003 4.2 2 5.2 0 3 15.8 1.8 2.4000000000000004 0 6.6000000000000005 8.4 0 3.6 0 3.2 0 0 0.2 0 0 0 0 0 0 2.2 2 2.8000000000000003 0 2.6 3.8000000000000003 4.800000000000001 0 0 0 0 3.2 0 0.2 0 0 0 0 0 0 0.4 0 0 0 0 0 0 2 0 0 0 0 0 0 0 0 0 0 0 0 2 0 0 0 0 0 0 0.2 3.2 6.4 1.2000000000000002 1.6 6 3.8000000000000003 2.6 5.4 3.2 0 7 8.4 0.2 1.8 9.200000000000001 4.2 1.8 1 0 0 2.8000000000000003 0 0 0 0.2 3.2 1.8 0.2 0 0 0 0 0 0 0 2 0.2 0 0 0 0 0 0 0 0 0 0.2 0 0 0 0 0 0 0 0 2 0 0 0 0 0 0 0 0 0 0 0 0 0 0 0 0 0 0 0 0 0 0 0 0 0 0 0 0 0 17.400000000000002 0 18.2 0 0 2 3.8000000000000003 0.4 0 0 0 0.2 0 0 0 0 2.8000000000000003 0 0 0 0 0 0 0 0 0 0 0 0 0 0 0 0 0 0 0 0 0 0 0 0 0 0 0 
 8.8 2.8000000000000003 20.400000000000002 53 40 16.2 25.200000000000003 7.6000000000000005 54.2 119.80000000000001 0 31 6.6000000000000005 54.6 13.600000000000001 96.2 38.2 43.6 4 16.2 15.200000000000001 0.2 0 0.6000000000000001 0 0.4 0.4 0 0 0 0 0 0 14.8 0.2 0 0 0 18 0 0 0 0 0 0.6000000000000001 0.8 0 0 0.4 0 0 0.6000000000000001 0 0 0 0 0.6000000000000001 0.4 0 0 0 0.6000000000000001 0 0 0 0 0.6000000000000001 0 0.4 0 0 0 0.4 0 0 0 0 0 0.4 0 0 2 0.4 7 5 0.4 1.8 0 5 4.6000000000000005 4.2 5.2 2.8000000000000003 5.4 1.2000000000000002 0.2 3.2 2.6 2 0 0 2.6 1.8 2 0 0 2.6 2.4000000000000004 0 0.2 0 0 2.6 2.2 1.8 3.4000000000000004 0 0 1 0 0.4 0 0 0 0 0 0 0 0.4 0 0 0 0 0 0 0 0 0 0 0 0 0 0 0 0 0 0 0 0 0 0 0 0 0 0 0.2 0 0 0 0 3.6 0 0 3.8000000000000003 10.8 2.2 0 2.6 3.2 1.2000000000000002 1.8 6.4 0.4 0 2.4000000000000004 2.2 5 4 2.6 2.8000000000000003 0 0 0 0 0 0 3.2 3.6 0 1.8 0 0 0.2 2.4000000000000004 2.2 1.6 0 0 3.4000000000000004 4.2 0 0 0 0 0 0 0 0 0 0 0 0 0 0 0 0 0 0.4 0 0 0 0 0 0 0 0 0 0 0 0 0 0 0.2 0 0 0 0 0 0 0 0 0 0 0 0 0.2 9.200000000000001 0 9.200000000000001 0.4 0 0.4 0.4 0 0 0 0 0 0 0 0 0 0 0 0 0 0 0 0 0 0 0 0 0 0 0.6000000000000001 2.2 0 0 0 0 0 0 0 0 0 0 0 0 0 
 10.4 9.600000000000001 35.4 49.6 32.6 37.6 48.6 54.6 7.6000000000000005 24.400000000000002 31 0 7 26 33.6 47.2 67.4 29.6 6.2 23 0.4 0 0.2 0.6000000000000001 0 0 0.6000000000000001 24.6 0 0 0 0 0.4 15.200000000000001 15 0 0 0 4.800000000000001 0 0 0 0 0 0.6000000000000001 0 0 0 0.4 0 0 0.2 0 0 0 0 0.4 0.8 0 0 0 0.6000000000000001 0.8 0 0 0 9.8 0 0.6000000000000001 0 0 19 0.6000000000000001 0 0 0 0 0 0.2 0 0 0 5.800000000000001 0 3.8000000000000003 1.8 0 0 0 4.2 2 3.8000000000000003 1.8 2.2 0 0 1.4000000000000001 0.2 0 0 0 6.4 2 0 0 0 0 0 0 0 1.6 0 2 2 3.6 3.8000000000000003 0.4 0 6 2.2 0 0 0 0 0 0 0 0 0 0 0 0 0 0 0 0 0 0 0 0 0 0 0 0 0 0 0 0.2 0 0 0 0 0 0 0 0.2 0 0 0.6000000000000001 0 5.4 0 6 0.2 0.2 5.2 0 0 0 0 1 4.800000000000001 2 0 2.8000000000000003 1.8 3.2 3.2 2.8000000000000003 5 0 0 0 0 0 0 0.2 4.800000000000001 3.8000000000000003 0 0 0 2.2 4.4 1.6 3.4000000000000004 0 0 12.200000000000001 2.8000000000000003 0 0 0 0 0 0 0 0 0 0 0 0 0 0 0.2 0 0 0 0 0 0 0 0 0 0 3.8000000000000003 0 0 0 0 0 0 0 0 0 0 0 0 0 0 0 0 2.8000000000000003 0 0 0.4 17 0 0.6000000000000001 1 0.6000000000000001 3.2 2 0 0 0 0 0 0.4 0 0 0 0 0 0 0 0 0.2 0 0 0 0 0 0 0 3.8000000000000003 2.4000000000000004 0 0 0 0 0 0 0 0 0 0 0 0 0 
 46.6 18 29.8 13.4 55 4 61.6 40.6 15.600000000000001 13.200000000000001 6.6000000000000005 7 0 74.60000000000001 32.6 13 3.2 4.800000000000001 33.6 38.6 0.4 0.8 0 0.6000000000000001 0 0 0.6000000000000001 0 0 0 0.4 0 0 0 0 0 0 0.2 0 0 0 0 0 0.4 0.6000000000000001 0 0 0 0.4 0 0 0.2 0 0 0 0 0.4 0.4 0 0 0 0.6000000000000001 0 0 0 0 5.2 0 0.6000000000000001 0 0 0.6000000000000001 0.6000000000000001 0 6.6000000000000005 0 0 0 0.4 0 4.4 0 0.6000000000000001 1.4000000000000001 0 0 11 2.8000000000000003 0 0 0.6000000000000001 0 0 0.8 0 1.2000000000000002 0 0.2 2.8000000000000003 9.600000000000001 0 0 0 0.2 0.2 0 0 0.8 0 0 0 0 0 0 0 0 0 0 0 0.2 0 0 0 0 0 0 0 0.4 0 0 0 0 0 0 0 0 0.4 0 0 0 0 0 0 0 0 0 0 0 0.4 0 0 0 0 0 0 0 0 0 0 0 6 4.800000000000001 0 3 0 0 5.4 3.8000000000000003 6.6000000000000005 0 0 0 2.4000000000000004 4.4 1.4000000000000001 0 2 0 0 0 0 0 0 0 0.4 0 0 0 0 0.4 0 0.4 0 0 0 0 0 0 0 0 0 0 0 0 0 0 0 0 0 0.4 0 0 0 0 0.4 0 0 0 0 0 0 0 0 0 0 0 0 0 0 0 0 0 0 0 0 0 0 0 0 0.2 0 0 0 0 0 0.4 0 0.2 0 0 0 1.6 0 0 0 0 0 0 0 0 0 0 4 0 0 0 0 0 0 0 0 0 0 0 0 0 0 0 0 0 0 0 0 0 0 0 0 0 0 0 
 10.4 13.4 73.60000000000001 30.200000000000003 14.4 11.600000000000001 76.80000000000001 54.400000000000006 14.600000000000001 34.6 54.6 26 74.60000000000001 0 53.2 38.800000000000004 25.200000000000003 7.800000000000001 36.800000000000004 80.80000000000001 0.4 0.2 0 0.6000000000000001 0 0.6000000000000001 0.6000000000000001 0 0 0 0 0 0 0 0.4 0 0 0 0 0 0 0 0 0 0.6000000000000001 0 0 0.2 0.4 0 0 0 0 0 0 0 0.4 0.4 0 0 0 10 0 0 0 0 0.6000000000000001 0 0.6000000000000001 0 0 0 0.6000000000000001 0 0 0 0 0 0.4 0 2.6 0 2.8000000000000003 1 0 0 0 0 5.6000000000000005 3.4000000000000004 0 0 4.2 9 0 0 0 0 3.4000000000000004 3 0 0 0 0 0 0 0 0 0 0 0 0 0 0 0 0 0 0 0 0 0 0 0.2 0 0 0 0 0 0 0 0 0 0 0 0 0 0 0 0 0.4 0 0 0 0 0.4 0 0 0 0.6000000000000001 0 0 0 0.4 0.4 0.2 0 0 0 0 0 6.800000000000001 0 0 0 0.2 0 3.8000000000000003 4.800000000000001 16.2 13 0.8 1 1.4000000000000001 8.8 1 2 1.8 0 3.8000000000000003 1.8 0 0 0 0 0 0 0 0 0 0 0 0 0 0 0 0 0 0 0 0 0 0.4 0 0 0.4 0 0 0 0 0 0 0 0 0 0 0 0 0 0 0 0.4 0 0 0 0 0 0 0 0 0 0 0.4 0 0.4 0 0 0 0 0 0 0 0 0 0 0 0 0 0.4 0.2 0.4 0 2.2 0.2 0 0 0 0 0 0 0 0 0 0 0 0 0 0 0 0 0 0 0 0 0 0 0 3.4000000000000004 0 0 0 0 0 0 0 0 0 0 0 0 0 
 6 24.200000000000003 51 87.60000000000001 13.200000000000001 27 24 40.400000000000006 38 53 13.600000000000001 33.6 32.6 53.2 0 28 9.4 74.4 40 35.4 1 0.2 1 1.2000000000000002 0.4 0.4 1 0 1.2000000000000002 0.8 0 0.6000000000000001 0.6000000000000001 0 0 0.6000000000000001 0.6000000000000001 0.4 0.2 0 0 0 1.6 1.6 1.8 0.4 0 0.4 1 0.2 0.2 0.4 0 0 0 0 1.6 0.4 0 0 0.6000000000000001 0.6000000000000001 0 0 0.2 0 0.6000000000000001 1.2000000000000002 1 0 1 0 0.6000000000000001 0 1 0 0.6000000000000001 0.4 0.4 0 7.800000000000001 0 8.4 3.8000000000000003 0 0 3.8000000000000003 3 0.2 0 0 0.2 3 2.6 2 2.2 2.4000000000000004 0.2 9.4 4.800000000000001 0 0 0 0 2.2 0 0 0 0 0 0 0 0 0 0 0 0 0 0 0 0 0 0 0 0 0 0 0 0 0 0 7.4 0 0 0 0 0 0 0 0 0 0 0 0 0 0 0 0 0 0 0 0 3.6 0 0 0 0 0 0 0 10.8 6.800000000000001 3.2 0 0.2 0 0.2 1.8 0.6000000000000001 3.2 1.4000000000000001 0 0.8 4 2 2.4000000000000004 8 0.2 0.2 13.200000000000001 0 0 0 0 3.4000000000000004 0 0 0 0 0 0 0 0 0.8 0 0 0 0 0 0 0 0 0 0 0 0 0 0 0 0 0 0 0 0 0 0 0 0 0 0 0 0 0 0 0 0 0 0 0.4 0 0 0 0 0 0 0 0 0 0 0 0 0 0 0 0 0 0 0 0.2 17.2 0 2.4000000000000004 0 0 0 0 0 0 0 0 0 0 2.2 0 0 0 0.4 0 0 0 0 0 2 0 0 6.4 0 2.6 0 0 0 0 0 0 2 0 0 0 0 0 
 4.6000000000000005 32 10 31.400000000000002 30 15.8 42.2 43 100 105 96.2 47.2 13 38.800000000000004 28 0 81.60000000000001 72.2 15 37.800000000000004 0.4 0.2 0 0.6000000000000001 0 0 0.4 0 0 0 0 0 0 0 14.4 0 0 0 0.8 0.4 0 0 0 0 0.6000000000000001 0 0 0 0.4 0 0 0.6000000000000001 0 0 0 12.200000000000001 0.6000000000000001 0.4 0 0 0 0.6000000000000001 0 0 0 0 0 0 0.4 0 0 0 0.6000000000000001 0 0 0 0 0 0.4 0 3.8000000000000003 1.4000000000000001 7.4 2 3.6 0 2.6 0 3.2 1.8 1.8 0 3.6 6.6000000000000005 2.2 0 0 0 9.200000000000001 3.8000000000000003 0 0 0 0 0 0 0.2 0 0 0 0 0 0 3.2 0.2 0.2 0 0 5.2 8 0 0 0.2 0 0 0 0 0 0 0 0 0 0 0 0 0 0 0 2.8000000000000003 0 0 0 0 0 0 0.4 0 0 0 0.2 0 0 0.4 0.4 0 0 0 0 0 0 5.4 0 6.4 3.6 2 2.8000000000000003 0.2 4.4 0 2 0 9 4 2.2 3.2 5.4 2.2 2.6 5 2 0 4.6000000000000005 0 0 0 0 3.2 6.2 0 0 0 0 0 3 0 0 0 0 0.2 0 0 0 0 0 0 0 0 0 0 0 0 0 0 0 0 0 0 0 0 0 0 0 0 0 0 0 0 0 0 0 0 0.4 0 0 0 0 0.2 0 0 0 0 0 0 0 0 0.4 17.6 0.4 0.6000000000000001 0.4 0 0.8 2.6 0 0 0 0 0 0 0 0 0 0 0 0 0 0 0 0 0 0 0 0 0 0 0 0 0 0 0 0 0.6000000000000001 0 0 0 0 0 0 0 0 
 6.4 49.2 57.6 55.800000000000004 16.6 12.600000000000001 6.2 21.8 15.8 46 38.2 67.4 3.2 25.200000000000003 9.4 81.60000000000001 0 47.800000000000004 12.8 6.800000000000001 0.4 0.4 0 0.6000000000000001 0 0.2 0.8 0 0.8 0.4 0.2 1.2000000000000002 0.6000000000000001 0 0 0 0.6000000000000001 0.4 0 17 0 0 0.4 0 1.2000000000000002 2.6 0 0 0.4 0 1.2000000000000002 1.6 0 0 0 0 0.6000000000000001 0.4 0 0 0.6000000000000001 0.8 0 0 0 0 1.4000000000000001 0 1 0 0.8 0 0.6000000000000001 0.2 0 0 0 0 0.2 0 0 2.8000000000000003 5.800000000000001 5.4 2.6 0.2 0 0.2 2.8000000000000003 10.8 5.6000000000000005 6.6000000000000005 0 1.4000000000000001 2.4000000000000004 11 2.6 1.6 4.2 2.6 0 0 0 0 0 0 5.4 5.6000000000000005 0 0 0 0 2.8000000000000003 2 0 0.4 0 0 2.2 5.800000000000001 0 0 0 0 0 0 0 0 0 0 0 0 0.4 0.4 0 0 0 0 0 1.4000000000000001 0 0 0 0.2 0 0 0 0 0 0.2 0 0 0 0 0 0 0 0 0 0 0.8 3.8000000000000003 10.8 0.6000000000000001 3.4000000000000004 5 3.6 3 0 2.2 0 7 2.6 0.2 1.8 4 0.8 3 0.8 0 0 3.8000000000000003 0 0 0 0 2.8000000000000003 6.800000000000001 0.2 0 0 0 0 2.8000000000000003 2 0 0 0 0.2 3.4000000000000004 0 0 0 0 0 0 0 0 0 0 0.2 0 0.6000000000000001 0 0 0 0 0 0 0 0 0 0 0 0 0 0 0 0 0 2.4000000000000004 0 0 0 0 0 0 0 0 0 0 2.2 0 0 0 1 0.6000000000000001 0 0.8 0.2 0 0.4 4.4 0 0 0 0 0 0 0 0.4 0 0 0 0 1.6 0 0 0 0 0 0 0 0 0 0 0 0 0 0 0 0 0 0 0 0 0 0 0 0 
 23.6 9 24.6 11.8 24.8 30 7.800000000000001 29.6 27.200000000000003 25.200000000000003 43.6 29.6 4.800000000000001 7.800000000000001 74.4 72.2 47.800000000000004 0 7.4 18 43.2 0.2 0.4 1.2000000000000002 0.4 0 0.4 0 0 0 42 0 41.400000000000006 0 0.8 0 0 6.6000000000000005 33.4 0 0 0 0 0 0.6000000000000001 2.8000000000000003 0 0 0.4 0 7.800000000000001 0.6000000000000001 0 0 0 0.2 0.6000000000000001 0.4 0 0 0 0.6000000000000001 0 0 0 0 0 0 0.4 0 0 0 0.6000000000000001 0 0 0 0 0 0 0 0 0 0 0.6000000000000001 2 5 0 3.2 2 0.2 5.800000000000001 4.4 2.8000000000000003 2 2.4000000000000004 3 5.6000000000000005 6.6000000000000005 0 0 0 0.2 0 3.6 0 0 0 3.4000000000000004 0.2 0 0 0.2 4.6000000000000005 0.4 1.8 4 0 0 2.8000000000000003 5.2 0 0 0 0.2 0 0 0 0 0 2.2 0 0 0 0 0 0 0 0.4 0 0 0 0 0 0 0 0 0 3 0 0 0 0 0 0 0 0 0.4 0 0 0 0.8 0 4.6000000000000005 0 1 4.2 0 0 0 0 3.4000000000000004 2 0 0 1.2000000000000002 0 2 2.2 0 2.2 0 0 0 0 0 0 0 3.2 0 0 0 0 0 0 0 0 0 0 0 0 0 0 0 0 0 0 0 0 0.4 0 0 0 1.8 0 0 0 0 0 0 0 0 0 0 0 0 0 0 0 0 0 0 0 0 0 0 0 0 0 0 0 0 4 0 0 0 0.6000000000000001 0 0.6000000000000001 18.8 0.6000000000000001 0 1.4000000000000001 0 0 0 0 0 0.4 0 0 0 0 0 0 0 0 0 0 0 0.4 0 0 0 0 0 0 0 3.2 0 0 0 0 0 0 0 0.2 0 0 0 0 
 28.6 32.4 13.8 19.200000000000003 13.4 10.4 13.4 75.8 15.4 23 4 6.2 33.6 36.800000000000004 40 15 12.8 7.4 0 61.6 0.8 0.2 0.4 0.6000000000000001 0 0.2 0.4 0.4 0 0 0 0.6000000000000001 0 0.4 0.6000000000000001 0.8 0.4 0.6000000000000001 0 0.6000000000000001 0.8 0 0 0 0.6000000000000001 0 0 1 0.4 0 0.6000000000000001 0.6000000000000001 0 0 0 0.4 0.6000000000000001 1.6 0 0 0.2 0.6000000000000001 0 0 0.4 0 0 0 0.6000000000000001 6 0.4 0 0.8 0 0 0.2 0 0 0.2 0.2 3.2 4.800000000000001 0 4.6000000000000005 0 0 7 7.2 3.4000000000000004 0.4 0 2 2.8000000000000003 0 0.2 6.2 3.2 5.800000000000001 2.4000000000000004 5.6000000000000005 0 0 0 0 0 0 0 0 0 0 0 0 0 0 0 0 0 0 0 0 0 0 0 0 0 0 0 0 0 0 0 0 3 0 0 0 0 0 0 0 0 0 0 2.2 0 0 0 0 0 0 0 0 0 0 0 0 0 0 0 0 2.8000000000000003 0.2 0 0.2 0 0 0 5.4 2.6 0.4 6 0 0 0.2 3.6 0 0 0 5 2.2 0 0 1.4000000000000001 0 0 0 0 0 0 0 0 0 0 0 0 0 0 0 0 0 0 0 0 0 0 0 0 0 0 0 0 0 0 0 0 0 0 0 0 0 0 0 0 0 0 0 0 0 0 0 0 0 0 0 0 0 0 0 0 0 0 0 0 0 0 0 0.6000000000000001 0 0 0 0 1 0 0 0.4 0 0 0 0 0 0 0 0 0 0 0 0 0 0 0 0 0 0 0 0 0 2.2 2.8000000000000003 0 0 0 0 0 0 0 0 0 0 0 0 
 45.2 11.8 26 57.800000000000004 19.200000000000003 53.400000000000006 34 41.800000000000004 12.4 24.400000000000002 16.2 23 38.6 80.80000000000001 35.4 37.800000000000004 6.800000000000001 18 61.6 0 0.4 0.4 0 0.6000000000000001 0 0 0.4 0 0 0 0 0.6000000000000001 0.2 0 0 0 0 0 0.2 15.600000000000001 0 0 0 0 0.6000000000000001 0 0 0 0.4 0 6.2 1.4000000000000001 0.4 0 0 0 0.6000000000000001 0.4 0 0 0 0.6000000000000001 0 0 0 0 0 0 0.4 0 0 0 0.6000000000000001 0 0 0 0 0 0.2 0 1.4000000000000001 3.2 0.4 0 0 0 4.4 4.6000000000000005 3.4000000000000004 3 0 0 0 0 0.2 0 0 2.2 2.8000000000000003 8 0 0.4 0 0 0 0 0 0 0 0 0 0 0 0 0 0 0 0 0 0 0 0 0 0.2 0 0 0 0 0 0 0 0 0 0 0 0 0 0 0 0 0 0 0 0 0 0 0 0 1 0 0 0 0 0 0 0 0.4 0 0 0 2.4000000000000004 0 0.2 1.2000000000000002 0.2 0.2 0 4.2 1 2 2.4000000000000004 0 0.2 1.8 1.8 0 0 0 4 0 0 0 0 0 0 0 0.6000000000000001 0 0 0 0 0 0.8 0 0 0 0 0 0 0 0 0 0 0.2 0 0 0 0 0.4 0 0 0 0 0 0 0 0 0 0 2.8000000000000003 0 0 0 0 0 0 0 0 0 0 0 0 0 0 0 0.2 0 0 0 0 0 0 0 0 0 0.8 0 0 0 0.4 0 0.6000000000000001 0 0 2.6 0 0 0 0 0 0 0 0 0 0 0 0 0 0 0.4 0 0.4 0 0 0 0 3.4000000000000004 0 0 0 0 0 0 0 0 0 0 0 0 0 
 0.4 0.4 0.4 0.4 1.6 0.6000000000000001 0.4 0.4 0.4 1.2000000000000002 15.200000000000001 0.4 0.4 0.4 1 0.4 0.4 43.2 0.8 0.4 0 20.6 94.2 111.2 22.8 6.4 101 41 23.8 6 24.400000000000002 65.2 104.4 48.2 27 5.6000000000000005 50.6 65 37.6 58.6 0 0.6000000000000001 0 0 0.6000000000000001 0 0 12.600000000000001 0.6000000000000001 0 0 0 0 0 0 0 0.2 0 0 0 0 0 0.6000000000000001 0 0 0.4 0.6000000000000001 0.6000000000000001 0 0 0.6000000000000001 0.2 0 0 0 12 0.4 0 0.4 0.4 0 0 0 0 3.4000000000000004 9.8 0 0 0 0 0.6000000000000001 4 0 0 0 0 0 0 0 0 1.8 2.8000000000000003 2.6 8 0 0 3 3.6 0 1.4000000000000001 3.4000000000000004 0 5.6000000000000005 5 2.4000000000000004 6.2 9.4 2.6 2.6 2 0 0 0 0 0 0 0 0 0 0 0 0 2.2 0 0 0 0 0 0 0 0 0 0 0 0 0 0 0.6000000000000001 0 0 0 0 0 0 0 0 0 0 0.2 0 4.800000000000001 0 0 0 0 0 0 0 0 0 0 0 0 0 0 0 0 0 0.4 0 7.6000000000000005 0.2 0 3.8000000000000003 0 0 0.2 2.4000000000000004 2.2 5.800000000000001 9 0 2.6 2 0.8 1.8 0 0 3.8000000000000003 2.8000000000000003 0 0 0 0 0 0 0 0 0 0 0 0 0 0 0 0 0 0 0 0 0 0 0 0 0 0 0 0 0 0 0 0 0 0 0 0 0 0 0 0 0 0 0 0 0 0 0 0 16.400000000000002 0 0 0 0 0 3 0 0.6000000000000001 0 0 0.4 0.4 2.6 0 0 0 0 0 0 0 0 0 0 0 0 0 0 0.2 0 0 0 0 0 0 0 0 0 0 0 0 0 
 15 0.6000000000000001 0.2 0.4 0 0 0.2 0.4 0.4 0.4 0.2 0 0.8 0.2 0.2 0.2 0.4 0.2 0.2 0.4 20.6 0 18.400000000000002 63.800000000000004 6.2 16.2 33.800000000000004 19 29.200000000000003 8.200000000000001 7.6000000000000005 11 24.400000000000002 44.800000000000004 31.200000000000003 20.400000000000002 21.400000000000002 24.8 5.800000000000001 12.8 0 0.6000000000000001 0 0 0.6000000000000001 0 0 0 0.6000000000000001 12.4 0 0 0 0 0 0 0.2 0 0 0 0 0 0.6000000000000001 2.2 0 0.4 0.6000000000000001 0.6000000000000001 1.8 0 0.6000000000000001 0.2 4.6000000000000005 0 0 0.4 0.6000000000000001 1.4000000000000001 0.4 0.4 0 0 0 0 0 0 0 0 0 0 0 0 0 0 4.2 0 0 0 0 0 4.4 2.8000000000000003 1 0 1.8 6.800000000000001 3 5.4 7 0 0.2 2 0 0 4.6000000000000005 0 2.4000000000000004 4.800000000000001 0 1.8 0 0 0 0 0 0 0 0 0 0 0 0 0 0 0 0 0 0 1.8 3.4000000000000004 0 0 0.8 0 0 0 0 0 0 0 0 0 0 0 0 0 0 1 0 0 0 0 0 0 0 0 0 0 0 0 0 0 0 0 0 0 0 1.6 0 0 0 3 6 1.6 1.8 4.6000000000000005 2 0 8.4 2 2 4.2 2 3.6 0 0 6.800000000000001 5 0 0 4.2 0 0 0 0 0 0 0.2 0 0 3 0 0 0 0 0 0 0 0 0 0 0 0 0 0 0 0 0 0 0 0 0 0 0 0 0 0 0 0 0 0 0 0 0 0 0 0 0 0 0 0 0 0 0 2 0 0.2 0.2 0 0.2 0.2 0 0 0 0 0 0.2 0 0 0 0 0 0 0 0 0 0 0 0 2.2 0 0 0 0 0 2.4000000000000004 0 0 0 0 
 0 0 0.4 8 0 15.200000000000001 0 0 1.2000000000000002 0 0 0.2 0 0 1 0 0 0.4 0.4 0 94.2 18.400000000000002 0 42.400000000000006 16.400000000000002 8.200000000000001 49.2 22 68.8 30 26.400000000000002 13 64.8 31.200000000000003 36.4 135.4 37.800000000000004 58.6 25.400000000000002 54.6 0 0.8 0.6000000000000001 0 0.6000000000000001 0 0 0.6000000000000001 0.8 0 0.2 0 0 5.2 0 0 0.6000000000000001 0.6000000000000001 0.2 0 0.6000000000000001 0.2 0.4 0.6000000000000001 0 1 1.2000000000000002 13.200000000000001 10.200000000000001 0.6000000000000001 0.6000000000000001 9.8 0 0 0.8 0.4 0.8 0 0 5 0 0 0.2 0 0 2.4000000000000004 0 0 0 0 0 0 0 0 0 0 0 0 0 0 2.4000000000000004 5.2 0 2.4000000000000004 0 4.4 2 0 2 10.8 4.800000000000001 2.4000000000000004 6.2 1.4000000000000001 0 6.2 2.2 0.4 2 1.2000000000000002 3 0 0 0 0 0 1.6 0 0 0 0 0 1.4000000000000001 0 0.4 0 0 0 3 0 0.4 0 0 0 0 0 0 1 0 0 0 0 0 0 0 0 0 0 0 0 0 0 0 0 0 0 0 0 0.2 0 0 0 0 0 0 0 0 1.4000000000000001 0.8 0 4 0 3 2.8000000000000003 0 3.6 0 2.4000000000000004 4 4 1.4000000000000001 2.4000000000000004 0.4 0 0 8.8 2.2 0 1.6 0 0 0 0 0 0 0 0.2 0 0 0 0 0 0.8 2.4000000000000004 3 0 2.6 0 0 5.800000000000001 0 0 0 0 0 0 0 0 0 0 0 0 0 0 0 0 0 0 0 0 0 0 0 0 0 0 0 0 0 0 0 0 0 0 2.2 0 0.2 0.2 0 0 0.2 2.4000000000000004 0 0 0 0 0 0 0 0 0 0 0 0 0 0 0 0 0 1.8 0 0 0 0 0 0 0 0 0 0 
 0.6000000000000001 0.6000000000000001 0.6000000000000001 0.8 0.6000000000000001 0.6000000000000001 0.6000000000000001 0.6000000000000001 0.6000000000000001 0.6000000000000001 0.6000000000000001 0.6000000000000001 0.6000000000000001 0.6000000000000001 1.2000000000000002 0.6000000000000001 0.6000000000000001 1.2000000000000002 0.6000000000000001 0.6000000000000001 111.2 63.800000000000004 42.400000000000006 0 14 39.2 101.4 32.4 31 19.200000000000003 28.200000000000003 29.6 29.400000000000002 12.4 41.800000000000004 37.2 61.6 8.6 10.4 58 0 3.8000000000000003 0 0.4 0.6000000000000001 0 0 0 0.6000000000000001 0 0 0 12.4 0 0 0 0.2 1.4000000000000001 3.6 0 0 0 0.6000000000000001 10.8 0 0.4 0.6000000000000001 0.6000000000000001 1.8 0 0.6000000000000001 0 1.6 0 0 0.4 0.4 1.2000000000000002 0 0.4 0 0 0 0 0 0 0 2.4000000000000004 0 0 0 0 0 0 0 0 0 0 2 0 5.6000000000000005 0 10.200000000000001 0 2.4000000000000004 9.8 0 4.800000000000001 3 0 2.2 3.6 0 0 3.6 2 2.8000000000000003 6.6000000000000005 0 0 0 0 3.4000000000000004 0 0 0 0 0 0 0.6000000000000001 0 0 0 2 3 0 0 0 4.6000000000000005 2 0 0 0 0 0.2 0 0 0 0 0 0 0 0 0 0 1 0 0 0 0 0 2 0 0 0 0 0 0 0 0 0 0 0 0 0 0 0 1.4000000000000001 0 0 2.6 6 0 0 0 7.6000000000000005 2.8000000000000003 0 6 0 6.2 7.6000000000000005 0 3.8000000000000003 1.8 0.4 8.4 2.8000000000000003 0 0 0 2.4000000000000004 0 0 0 0 0 0 0 0 0 0 1.6 2.2 0 2.4000000000000004 0 0 2.2 0 0 0 0 0 0 0 0 0 0 0 0 0 0 0 0 0 0 0 0 0 0 0 0 0 0 0 0 0 0 0 0 0 0 0 2.6 0.2 0 15.200000000000001 0.4 0 1.2000000000000002 0 0 0 0 0 5.2 0 0 0 0 0 0 0 0 0 0 0 0 0.2 0 0 0 0 0 0 0.2 0 0 0 
 0 0 0 0 0.2 0 0 0.4 0 0 0 0 0 0 0.4 0 0 0.4 0 0 22.8 6.2 16.400000000000002 14 0 50 25.200000000000003 15.600000000000001 66.60000000000001 27.6 25.200000000000003 60 28.200000000000003 8.8 28.200000000000003 20.400000000000002 8.8 58.800000000000004 53.2 84.2 0.2 13.8 0 0 0.6000000000000001 0 4.2 12.8 19.6 0 0 0 25.6 6.2 10.200000000000001 22.200000000000003 0 0.4 0.2 22.400000000000002 0 0 0.4 0 0 0.4 0.6000000000000001 1 0 0 0.4 0.4 0 0 0 0.4 0.4 0 0 0.6000000000000001 0 0 0 0 0 0 0 0 0 0 0 0 0 0 0 0 0 0 0 0 1.8 0.2 0 3 2 0 0 0 4.800000000000001 0 0.2 5.4 0 0 0 2.2 0.2 0 0 2.4000000000000004 2.2 2.6 0 1.6 0 0 1.2000000000000002 3.2 0 6.4 1.6 0 4.6000000000000005 1.4000000000000001 0 1.8 6.2 12.200000000000001 3.8000000000000003 4.800000000000001 0 0 0 0 0 0 0 0 0 0.2 0 0 0 0.2 0 0 0 0 0 0 0 0 0 1.8 0 0 0 0 0 0 0 0 0 0 0 0 0 0 0 0 2.6 0 6.2 0 3.8000000000000003 5.2 0 0 3.6 0.2 0.2 0 0 0.2 0 0.2 2.2 0 0 0 0 2.6 0 2.8000000000000003 2.4000000000000004 0.4 4 4.800000000000001 2.4000000000000004 1 0 0 5.4 0 2.4000000000000004 0 3 0 1.4000000000000001 3.8000000000000003 0 0 0 0 0 0 4 0 0 0 0 0 0 0 0.2 0 0 0 0 0 0 0 2.4000000000000004 0 0 0 0 0 0 0 0 0 0 0 1.2000000000000002 0.2 0.8 0.4 0.2 0 0.6000000000000001 0 0 0 0 0 0 0 0 0 0 0 0 0 0 0 0 0 0 0 0 0 0 0 0 0 0 0 0 0 
 0 0 0.4 0 0 0 0 0 0 0 0.4 0 0 0.6000000000000001 0.4 0 0.2 0 0.2 0 6.4 16.2 8.200000000000001 39.2 50 0 4.6000000000000005 94.4 49.2 24.400000000000002 16.8 26.8 8 10 9 21.200000000000003 11.8 12.600000000000001 67.60000000000001 24.200000000000003 0 25.6 0 0 0.6000000000000001 0 25 13 11.8 0.2 0 0.2 23 12.4 25.400000000000002 0 0 0.2 12.4 13.4 0 0 0.2 0 0 0.4 0.6000000000000001 2.2 0 0 0.4 0 0 0 0 0.4 0.4 10.600000000000001 0.2 0.6000000000000001 0 0 0 0 0 0 0 0 0 0 0 0 0 0 0 0 0 0 0.4 0 0 0 0 0 2.2 4.4 0 3.2 0 0 4 0.2 0.8 0 0 0 0 1.4000000000000001 0 0 2 0.2 0.8 3 0 0 1.8 0.4 1.8 4.6000000000000005 0 4.2 3.8000000000000003 1 3.8000000000000003 5.800000000000001 0.2 3.6 1 14.4 0 0 0 0 0 0.2 0 0 0 1 0 0 0 0 0 0.6000000000000001 0 0 0 0 0 0 0 0 0 0 0 0 0.4 0 0 0 3 0 0 0 0 0.6000000000000001 0 0.4 0 4.2 6.2 4 5.800000000000001 0.2 0 0 3.2 0 0 2.6 0 0 0 0 2.4000000000000004 0.4 0 0 2 8.6 0 2.2 0 4 2.8000000000000003 0 2.4000000000000004 2.2 0 0 0 3 0 0.2 4 0 4.2 8.6 0 0 0 0 0 0 0 0 0 0 0 0 0 0 0 0 0 0 0 0 0 0 3 0 0 0 0 0 0 0 0 0 0 0 2.4000000000000004 0.2 0 17.8 0.8 0 0.2 0 0 0 0 0 0 12.4 0 0 0 0 0 0 0 0 0 0 0 0 0 0 0 0 2.8000000000000003 0 0 0 0 0 
 0.4 0.6000000000000001 0.4 0.8 8 17 5.2 0.6000000000000001 0.6000000000000001 0.4 0.4 0.6000000000000001 0.6000000000000001 0.6000000000000001 1 0.4 0.8 0.4 0.4 0.4 101 33.800000000000004 49.2 101.4 25.200000000000003 4.6000000000000005 0 34.4 101.80000000000001 51.6 29 52.2 70.4 11.8 24.8 49.400000000000006 8.8 31.8 83.2 61.400000000000006 0 0.6000000000000001 0 0 0.6000000000000001 0 13 0 0.6000000000000001 0 0 0 0 0 0 0 0.2 0.2 0 0 0 0 0.6000000000000001 0 0 1.6 0.6000000000000001 0.6000000000000001 0 0 0.6000000000000001 0.2 0 0 0 3.8000000000000003 9.200000000000001 0 10.8 1.4000000000000001 0 0 0 3 1.2000000000000002 2.2 0 0 0 0 0 3.4000000000000004 0 0 0 0 0 2.2 0.2 0 2 8.6 2.6 2.6 0.2 0.2 3 0 0.2 8 1 3.8000000000000003 4.2 7.6000000000000005 1.8 3 3 6 3.4000000000000004 0.2 0 0 0 0 0 0 0 0.2 0 0 0 0 4.6000000000000005 0 0 1.8 0 0 0 0 0 0 0 0 0 0.2 0 0.4 0 0 0 0 0.2 0 0 0 0 0 0 0 0 0 0 0 1.8 1.8 0 0 0 0 3.8000000000000003 0 0.2 0 0 0 0 3.4000000000000004 0 0.2 5.6000000000000005 0 4 3 4.6000000000000005 0 0 10.4 3.2 9.8 5.2 0 4.6000000000000005 1 1 1.8 3.6 1 9.8 14.600000000000001 0 0 0 0 0 0 0 0 0 0 0 0 0.2 0 0 0.4 0 0 0 0 0 0 0 0 0 0 0.4 0 0 0 0 2.8000000000000003 0 0 0 0 0 0 0 0 0 0 0 0 0 0 0 0 0 0 0 0 15 0 1 0 0 0 0 0.4 0.8 3 0 0 0 0 0 0 0 0 0 0 0 0 0 0 0 0 0 0 0 0.2 0 0 0 0.2 0 0 0 0 
 0 0 0.6000000000000001 0 14.8 6 1.2000000000000002 0 0 0 0 24.6 0 0 0 0 0 0 0.4 0 41 19 22 32.4 15.600000000000001 94.4 34.4 0 32.4 23.400000000000002 67.4 28.6 35.800000000000004 69.4 42.400000000000006 9.8 70.4 11 30.8 29.8 0 0.6000000000000001 0.4 0 6.6000000000000005 0 0.2 0 0.8 0 0 0.4 0 0 0 0 0.6000000000000001 0 0.2 0 0.4 0.2 0.6000000000000001 1.2000000000000002 0 1.2000000000000002 0.8 0.8 4.800000000000001 0 0.6000000000000001 0.2 1.2000000000000002 0.2 0 0.4 0.8 1.8 0.6000000000000001 0.4 0 0 0 0 5.2 6 0 0 0.2 0 0 0 0 0 0 0 0 0 0 0 5.800000000000001 1.4000000000000001 6.2 0 0.2 0 7.4 14.8 2.2 4.6000000000000005 3.6 0.2 9.600000000000001 2.4000000000000004 8.4 5.6000000000000005 10 3 4.4 2 0 0 0 0 0 0 0 0 0 0 0 0 0 0 0 0 0 0 0 0 0 0 0 0 0 0 0 0 0 0 0 0 0 0 0 0 0 0 0.8 0 0 0.2 2.6 0 0.2 3.2 0 0 0 0 0 0 0 0.4 0 0 0 0 0 0 4.800000000000001 1.8 0.2 5.4 6.4 3.4000000000000004 5 8 8.4 7.2 3.8000000000000003 0.6000000000000001 5 3.4000000000000004 7.800000000000001 1.4000000000000001 0 1.8 9 0 0 0 0 0 0.4 0 0 0 0 0 0 0 0 0 0 0 0 0 0.4 0 0 0 0 0 0 0 0 0 0 0 0 0 0 0 0 0 0 0 0 0 0 0 3.4000000000000004 0 0 0 15 0 0 0 0 0 0 0 2.2 0.4 0.6000000000000001 0.2 0 0 2 0.2 0 0 0 0 0 0 0 0 0 0 0 0 0 2 0 0 0 0 0 0 0 0 0 0 0 0 0 0 
 0 0.2 0.2 0.2 0 15.8 0 0 1 0 0 0 0 0 1.2000000000000002 0 0.8 0 0 0 23.8 29.200000000000003 68.8 31 66.60000000000001 49.2 101.80000000000001 32.4 0 26.6 81.60000000000001 66 94.80000000000001 27.8 49 75.8 29 26.6 18.400000000000002 74.8 0.4 0.6000000000000001 0 0 0.6000000000000001 0 0 0 0.6000000000000001 0 0 0 0.2 0 0 0 0.2 0.2 0 13.200000000000001 8.8 0 0.6000000000000001 2 0 0.4 0.6000000000000001 0.6000000000000001 1.4000000000000001 0 0.6000000000000001 11.600000000000001 3.6 0 0 0.4 0.6000000000000001 1 9.8 0.4 0 0 0 0 0 2.4000000000000004 0 0 0 0 0 0 0 0 0 0 4.2 0 0 0 2.2 1.6 3 6.2 5 0 7.4 2.2 5.2 9.4 2.4000000000000004 4 1.6 1.6 2.8000000000000003 2.4000000000000004 3.2 3 2.2 1.8 0 0.2 0 0 0.2 0 0 0 0 0 0 0 0.2 0 0 0 0 0 0 0 0 0 0 0 0 0 0 1.6 0 0 0 0 0 0 0 0 0 0 0 0 0 0 0 0 0.2 0 0 0 0 0 0 0.4 0 0 0 0 0 0 0 0 3 1.6 1.4000000000000001 4.2 5.2 0.4 4 3 6.4 3 5 0 4.4 6.800000000000001 0 12.4 1.8 2 0 0 0 0 0 0 0 0 0 2 0 1.2000000000000002 0 0 1.6 5.6000000000000005 0 0 0 0 10.600000000000001 0 0 0 0.2 0 0 0 0 0 0 0 0 0 0 0 0 0 0 0 0 0.4 0 0 0 0 0 0 0 0 0 0 0 0 0 0 0.4 0 0 0.4 0 0.4 3.2 2.6 0 0 0 0 0 0 0 0 0 0 5.800000000000001 0 0.4 0 0 0.4 0 0 0 2.6 0 0 0 0 0 0 0 0 
 0 0 7.6000000000000005 0 0 0 0 0 0.2 0 0 0 0 0 0.8 0 0.4 0 0 0 6 8.200000000000001 30 19.200000000000003 27.6 24.400000000000002 51.6 23.400000000000002 26.6 0 36.2 51.2 4.6000000000000005 31 16.8 32 18.400000000000002 23.6 14.8 16.2 0 0.6000000000000001 0 0.2 1 0 0.8 0 0.6000000000000001 0 0.4 0 0 0 0 0 0.6000000000000001 1.6 0.8 4.6000000000000005 0 0 0.6000000000000001 0 0.2 0.8 0.6000000000000001 0.6000000000000001 0 0 0.6000000000000001 0.6000000000000001 0 0 0 0.4 0.6000000000000001 0.4 0 0.4 0 0 0 1.8 0 0 0 0 0 0 0 0 0 0 0 0 0 0 0 0 2.6 2.6 2.6 6.2 2.8000000000000003 1.6 0 3 2.4000000000000004 3.2 2.2 2.4000000000000004 2.6 0 0 0 6.2 3 0 0 1.6 0 0.2 0 0 0 0 0 0 0 0 0 1.8 0 0 0 2.6 4.2 0 0.2 0 0 0.8 0 0 0 0 0 0 0 0 0 0.4 0 0 0 0 0.8 0.2 0 0 0 0 0 0 0 0 0 0 0 0 0 0 0 0 0 0.2 0 0 0 5 11.8 8.6 0 0.2 3.8000000000000003 2.4000000000000004 0 0.4 4.2 0 3.4000000000000004 2.2 0 0 0 7.4 1.8 0 2.4000000000000004 4.2 0 0 0 0 0 0.2 0.2 0 0 0 0 2.8000000000000003 0 0 0 0 0 0 2.4000000000000004 0 1.4000000000000001 3.2 0 2.2 0 0 0 0 0 0 0 0 0 0 0 0 0 0 0 0 0 0 0 0 0 0 0 0 0 0 0 0 0.2 0.6000000000000001 0 0 15 0.6000000000000001 0.8 0.8 0 0 0 0 0 0 0 0 0 0 0 0 0 0 0 0 0 0 0 0 2.6 0 0 0.4 0 1.2000000000000002 0 0 0 
 0 0 0 0 0.2 0 0 0.4 0 0 0 0 0.4 0 0 0 0.2 42 0 0 24.400000000000002 7.6000000000000005 26.400000000000002 28.200000000000003 25.200000000000003 16.8 29 67.4 81.60000000000001 36.2 0 15.200000000000001 126.60000000000001 7.6000000000000005 30.8 33 49.400000000000006 41.6 7.4 25.8 4.2 0.6000000000000001 0 0 0.6000000000000001 0 0.2 0.4 0.6000000000000001 0 0 0.4 0 6 0 0.6000000000000001 0.2 41.800000000000004 4 3.8000000000000003 0 0 0.6000000000000001 0 0 0.4 0.6000000000000001 0.8 0 0 0.6000000000000001 0.2 0.4 0.4 0 0.4 0.4 0 0 0.4 0 0 0 0 0 0 0 0 0 0 0 0 0 0 0 0 0 0 0 0 1.2000000000000002 0 2.4000000000000004 4.800000000000001 7.2 0 0 0 4.4 11.8 0 9 3.4000000000000004 0 0 4 0 3.8000000000000003 0 0 0 2.4000000000000004 0 0 0 0 1.2000000000000002 1.4000000000000001 0 0 0 0 9.4 0 1.8 0 0 2.2 0 0 0 0 0 0 0 0 0 0 0 0 0 0 0 0 0 0 0 0 0 0 0 1.6 0 0 0 0 0 0 0 0 0 0 0 0 0 0 0 0.2 0 0 0.8 7 4 7.4 4.800000000000001 0.2 0 0 0 0 4 5.6000000000000005 0 0 2 4.4 0.8 2.6 0 0 0 0 0 0 0 0 1.4000000000000001 0 2.6 3.6 0 0 5.2 2.6 4.2 0 0 0 1.6 0 0 0 0 0 0 0 0 0 0 0 0 0 0 0 0 0 0 0 0 0 0 0 0 0 0 0 0 0 0 0 0 0 0 0 1.2000000000000002 0 0.2 0 0.2 0 2.2 1 0 0 0 0 0 0 0 0 0 0 0 0 0 0 0 0 0 0 0 7 0 0 0 0 0 0 0 0 
 0 0 0.4 0 0 0 0 0.2 0.4 0 0 0 0 0 0.6000000000000001 0 1.2000000000000002 0 0.6000000000000001 0.6000000000000001 65.2 11 13 29.6 60 26.8 52.2 28.6 66 51.2 15.200000000000001 0 27.400000000000002 52.400000000000006 40.400000000000006 56.6 12.600000000000001 62 51.800000000000004 72.60000000000001 0 6.6000000000000005 0 0 0.6000000000000001 0 13.200000000000001 18.2 0.6000000000000001 0 0 0 19 13.200000000000001 12.600000000000001 9.600000000000001 0.2 1.8 11.4 6.2 0 0 0.4 0 0 0.4 0.6000000000000001 0.4 7.2 0 0.6000000000000001 0.4 1.6 0 0 0.4 0.4 0 0.2 0.6000000000000001 0 0 0 0 0 0 0 0 0 0 0 0 0 0 0 0 0 0 0.4 0 3.4000000000000004 0 0.2 0 0 4.6000000000000005 0.2 0 4.800000000000001 0 4 2.4000000000000004 0 0 3 2.2 0 0.2 0 0 2.2 2.8000000000000003 3.2 3.4000000000000004 0 0 2.8000000000000003 3.2 0 3.8000000000000003 0 0 2.6 1.4000000000000001 6.4 0 0 1.6 6.2 2.2 0 0 0 0 0 0 0 0 0 2.8000000000000003 0 0 0 0 0 0 0 0 0 0 0 0 0 0 0 0 0 0 0 0 0 0 0.4 0 1.2000000000000002 0 1 0 0 0.4 2.4000000000000004 2.2 0 0 4.2 6.6000000000000005 0.4 0 2.4000000000000004 0 5.6000000000000005 3 0 0.2 0 0 5.2 3 0 0 1.2000000000000002 4.6000000000000005 0 0 0.2 0 2.4000000000000004 0.2 0 8.6 0 0 0 0.2 3.8000000000000003 0.2 5.4 4.4 4.2 6.4 0 0 0 0 0 0 0 0 0 0 0 1.6 0 0 0 0 0 0 0 0 0 0 0 0 0 0 0 0 0 0 0 0 0 0 2.6 0.8 0 49.6 15 0.6000000000000001 0.4 0 0 0 0 0 2 0 5.4 0 0 0 0 0 0 0 0 0 0 0 0 0 0 0 0 0 1.4000000000000001 0 0 0 
