 0 67 33.2 53 8.6 25.400000000000002 74.8 18.2 112.4 7.800000000000001 31.400000000000002 23.200000000000003 29.200000000000003 43.800000000000004 8.6 13.200000000000001 26 8.6 38.800000000000004 106.80000000000001 0 0.4 0 0 0 0 0 0 0 0 0.4 0 0 0 0 0 0.2 0 0 0 0 0.4 0 1.2000000000000002 0 0 0.6000000000000001 0 0 0 0 0 0 0.4 0.4 0 0 0.6000000000000001 0 0 0 0 0 0 0 0 0.6000000000000001 0 0 0.4 0 0 0 0 0 0 0 0 0.8 3 0 0 8.200000000000001 2.2 0 0 5.6000000000000005 2.4000000000000004 10 11 4.4 0 3 2.6 4 8.6 0 2 5 3.8000000000000003 0.4 0 0 0 0 0 3.2 0 0 0 0 0 0 0 0 0 0 0 0 3.2 0 0 0 0 0 0.2 0 0 0 0 0 0 0 0 0 0 0.2 0 0 0 0 0 0 0 0.4 0 0 0 0 0 0 3 0 0 0 0 0 3.8000000000000003 0 0 0.2 2.6 7 2.6 1 0 1.6 2 2 11.200000000000001 4.2 3.6 0 2 4.2 2 7.4 5 0 4.800000000000001 0 0 0.4 0 0 0 0 0 0 0 2.6 0 0 0 0 0 0 0 0 0 0 0 0 0 0 0 0 0 0 0 0 0 0.2 0 0 0 1.6 0 0 0 0 0 0 0 0 0 0 0 0 0 0 0 0 0 0 0 0 0 0 0 0 0 0 0 0.4 0.4 0 0 0.2 9.200000000000001 0 0.4 0 0 0 0 0 0 0 0 0 0 0 0 0 0 0 0 0 0 0 0 0 0 0 0 0 0 0 0 0 0 0 0 0 0 0 0 0 0 
 67 0 84.4 9.4 41.800000000000004 66.8 40 27 16.6 7.800000000000001 53.6 23 50.800000000000004 7.800000000000001 9 17.400000000000002 35 9.8 73.2 43.400000000000006 15 0.4 0.2 0 0 0 0 0 0 0 0.4 0 0 0 0 0.4 0 0 0 0 0 0.4 0 2.6 0 0 0.6000000000000001 0 0 0 0 0 0 0 0.4 0 0 0.6000000000000001 0 0 0 0 0 0 0 0 0.6000000000000001 0 0 0.4 0 0 0 0 0 0 0 0 0.4 0 0.4 2 2 1.4000000000000001 0 0 2.4000000000000004 2.6 2 2.8000000000000003 0 0.2 0 7.6000000000000005 3.4000000000000004 5.800000000000001 0 4 6.2 5.800000000000001 0 0 0 0 0 0 5 0 0 0 0 0 0 2.2 0 1.6 0 0 2 0 0 0 0 0 0 0 0 0 0 0 0 0 0 0 0 0 0 0 0 0 0 0 0 0 0 0 0 1.2000000000000002 0 0 0 0 0 0 0 0 0 0 0 0 0 4.800000000000001 9.600000000000001 0 0 1.4000000000000001 5 4.6000000000000005 3.2 2 2.6 2.2 2.2 4.800000000000001 6.6000000000000005 0 6.800000000000001 5.800000000000001 4.4 2.6 4.4 0 0 0 0 0 2.2 0 0 0 0 0.4 4 0 1.8 0 0 0 0.4 0 0.2 0 0 0 0 0 0.2 4.2 0.2 0 0 0 0 0 0 0 0 0 0 0 0 0 0 0 0 0.4 0 0 0 0 0 0 0 0 0 0 0 0 0 0 0 0 0 0 0 0.2 0 0 0.4 0.4 0 2.6 0 0 0 0 0 0 0 0 0 0 2 0 0 0 0 0 0 0 0 0 0 0 0 0 2 0.2 0 0 0 0 0 0 0 0 0 0 0 0 
 33.2 84.4 0 60.2 36.4 11 12.8 20 100.2 27.6 9.200000000000001 26.6 28.8 17.6 54.400000000000006 29.8 50.400000000000006 45.400000000000006 51.800000000000004 45.400000000000006 0 0.4 0 0 0 0 19.6 0 0 0 0.4 0.4 7 15.200000000000001 0 0 0 0 0.2 15 0 0.4 0 0.8 0 0 0.6000000000000001 0 0 0 0 0 0 0.2 0.4 0 0 0.6000000000000001 0 0 0 0 0 0 0 0 0.6000000000000001 0 0 0.4 0 0 0 0.8 0 0 0 0 0.4 0.2 0 9.8 6.800000000000001 0 0.2 1.8 2 0 0.2 0.4 7 2.2 2.2 3.4000000000000004 3 5.4 1.8 2.8000000000000003 6.800000000000001 0 6 0 0 0 0 0 1.8 0 0 0 0 0 2.8000000000000003 9.600000000000001 2.6 0 0 0 1.4000000000000001 3 0 0 0 0 0 0 0 0 0 0 0 0 0 0 0 0 0 0 0 0 0 0 0 0 0 0 2.8000000000000003 0 0 0 0 0 0 0 0 0 0 0 0 0 0.4 0.2 2.6 2.8000000000000003 0.2 6.800000000000001 0 1.8 2.2 0.2 9.600000000000001 6 2.2 7.4 6.2 2.2 4.6000000000000005 0 0 0 0.2 0 0 0 0 0 4.4 0 0 1.6 0 0 1.6 0 0 0 0 0 1.8 0 0 0 0 0 0 0.4 0 0 0 0 0 0 0 0 0 0 0 0 0 0 0 0 0 0 0 0 0 0 0.4 0 0 0 0 0 0 0 0 0 1.6 0 0 0 0 0 0 0.4 0.4 0 0 0.6000000000000001 0.4 1.4000000000000001 0 0 0 0 0 0 0 0 0 0 0 0 0 0 0 0 0 0 0 0 0 0 0 0.2 4.4 3.2 0 0 0 0 0 0 0 0 0 0 0 0 
 53 9.4 60.2 0 34.4 36.2 42.400000000000006 15.4 39 52 62.2 79 57.2 35.4 31.200000000000003 25.6 5.800000000000001 56.400000000000006 16.2 69.60000000000001 0 0.4 0 0.6000000000000001 0 0.2 11.600000000000001 0 0.4 0 0.4 0 0 20 0.2 0.6000000000000001 0.2 0 18 15 0 0.4 0 0 0.6000000000000001 0.6000000000000001 0.6000000000000001 0 0 0 0 0.6000000000000001 0 0.8 0.4 0 6.4 0.6000000000000001 0.8 0 0 0 0 0 0 0 0.6000000000000001 9.600000000000001 0 0.4 0 0 0 0.8 0 0 0.4 1 0.4 0.2 0 0.6000000000000001 0 3.8000000000000003 4.2 0 2.2 0.4 3.6 3.2 1.2000000000000002 5 0.8 5.2 1.8 2 0 0.6000000000000001 0 0 0 3.6 0.6000000000000001 0 0 0 0.2 0 3.2 0 0 0 0 1 1.8 6.4 0 0 0 2.8000000000000003 0 0 0 0 0 0 0 0 0 0 0 0 0 0 0 0 0 0 0 0 0 0 0 0 4.2 0 0 0 0 0 0 0 0 0 0 0 0 0 0 0 2.2 0 0.2 3.8000000000000003 0 2.4000000000000004 0.8 4.2 0 3.8000000000000003 2.4000000000000004 4.2 0 4.800000000000001 0 0 0.4 0 0 0 6.4 2.6 0 0 0 0 3.8000000000000003 0.2 2.2 4.2 0 0 1.8 12.200000000000001 0 0 0 0.2 10.600000000000001 0 0 0 0 0 0 0 0 0 0 0 0 0 0 0 0 0 0 0 0 0 0 3 0 0 0 0 0 0 0 0 5.6000000000000005 0 0 0 0 0 0 0 0 0 0 0 0 0 0 0.4 0.2 0 17.400000000000002 18.6 0 1.2000000000000002 0 0 0 0 0 0 0 0 0 0 0 0 0 0 0 0 0 0 0 0 0 0 0 0.2 0 2.2 0 0 0 0 0 0 0 0 0 0 0 0 
 8.6 41.800000000000004 36.4 34.4 0 76.4 7.4 14.8 59.2 35 112 10.600000000000001 15.200000000000001 38.2 20.400000000000002 14.4 48.400000000000006 22.400000000000002 15.4 16.400000000000002 6.4 0.4 15 0 0 0.2 44.800000000000004 0 0 0 0.4 0 29.8 0 0 0 0 0 23 14.600000000000001 6.4 0.4 0 0 1.6 0 0.6000000000000001 0 0 0 0 1 0 0.4 0.4 0 0 0.6000000000000001 0 0 0 0 0 0 0.2 0 0.6000000000000001 0 0 1.6 0 0 0 0 0 7.6000000000000005 0 10.4 0.4 0 4.800000000000001 1.8 4.2 2 6.4 5.6000000000000005 0 0 0 0.2 2.2 2 0 0 2 0 3.8000000000000003 5 0 0 3.2 2.2 0.4 0 0 0 6.6000000000000005 0.2 2.4000000000000004 0 0 0 1.8 7.800000000000001 8 5.2 3 0 1.4000000000000001 5.2 0 0 0 0 0 0 0 0 0 0 0 0 0 0 0 0 0 0 0 0 0 0 0 0 0 0 0 0 0 0 0 0 0 0 0 0 0 0 0 0 0 2.4000000000000004 3 0 0.2 6.2 0 0 2 0 0 2.8000000000000003 2.6 0 3.6 0.2 0 0 0 0 0.2 0 0.2 0 0 0 0 0 1.8 0.2 0 0 7 3.6 0.8 0 0 0 0 0 0 0 0 0 0 0.2 0 0 0 0 0 0.8 0 0 0 0 0 0 0 0 0 0 0 0 0 0 0 0 0.2 0 0 0 0 0 0 0 0 0 0 0 0 0 0 0 0 0 18 0 0 0 0 1.2000000000000002 1.4000000000000001 0 0 0 0 0 0 0 0 0 0 0 0 0 0 0 0 0 0 0 0 0 0 3.4000000000000004 6.2 3.8000000000000003 0 0 0 0 0 0 0 0 0 0 0 0 
 25.400000000000002 66.8 11 36.2 76.4 0 8.4 42.400000000000006 28.6 48.800000000000004 26.200000000000003 31.8 4.6000000000000005 10.200000000000001 12.600000000000001 32.6 39.6 29.400000000000002 54 11.200000000000001 18.400000000000002 0.4 0 5.4 0 0 0.2 16.6 5 0 0.4 0 17.2 12.4 20.200000000000003 16.2 0 0 29 4.800000000000001 0 0.4 0 0 2.2 0 0.6000000000000001 0 0.2 0 0 1.2000000000000002 0 0.4 0.4 0 0 0.6000000000000001 0 0 0 0 0 0 0 0 0.6000000000000001 0 0 0.4 0.8 0 9 0 0 0 0 0 0.4 0 0 0 0 3.4000000000000004 0 0.2 0 0 4.800000000000001 2 2 3.6 0 0 1.8 1.2000000000000002 3.4000000000000004 2.6 0 0 3 0 0 0 0 0 2.8000000000000003 2.2 2.2 4.4 0.2 0 13.600000000000001 7.800000000000001 4.800000000000001 0 2.6 0.2 0 2 0.2 0.2 0 0 0.4 0 0 0 0 0 0 0 0 0 0 0 0 0.4 0 0 0 0 0 0 0 0 0 0 0 0 0 0 0 0 0 3 2.2 0 0.2 0 0 0 0 4.6000000000000005 3.8000000000000003 3.6 0 0 3.4000000000000004 1.2000000000000002 0 0 0.2 0 1.6 1.2000000000000002 0 0 0.4 0 11.600000000000001 3.6 3.4000000000000004 0 0 0 2.6 6.2 2.2 0 0 0 5.800000000000001 2.6 4.4 1.2000000000000002 0 2 2 5.6000000000000005 0 0 0 0 0 0 0 0 0 0 0 2.4000000000000004 0 0 0 0 0 0 0 0 0 0.8 0 0 0 0 0 0 0 0 0.4 0 0 0 0 0 0 0 0 0 0 0.4 0 0 0 0 0 0 0.2 0.2 0.2 0 0 0 0 0 0 0 0 0 0 0 0 0 0 0 0 0 0 0 0 0 0 0 0 1.8 0 2.2 0 0 0 6 0 0 0 0 0 0 0 0 
 74.8 40 12.8 42.400000000000006 7.4 8.4 0 59 62 8.4 5 9.4 55.6 32.800000000000004 43.6 24 17.8 82 105.80000000000001 54 0 0.4 0 0 0 0 0.2 0.2 0 0 0.4 0 0 0 0 0 0.4 0 0 0 0 0.4 0 2.2 0 0 0.4 0 0 0 0 0.2 0 0 0.4 0 0 0.6000000000000001 0.4 0 0 10.8 0 0 0 0 0.6000000000000001 0 0 0.8 0 0 0 0 0 0 0 0 0.8 0 0.2 4.4 2.2 0 2.4000000000000004 0.2 0.2 5 5.2 0 7.800000000000001 1.6 0 16 4.4 17.400000000000002 3.2 6.4 4.800000000000001 4.800000000000001 0.2 0 0 0 0 0 0.2 0 0 0 0 0 0 0 0 0 0 0 2 0 0 0.2 0 0 0 0 0 0.4 0.6000000000000001 0 0.2 0 0 0 0 0 0 0 0 0 0.6000000000000001 0.4 0 0 0 0 0 0 0 0 0 0 0 0 0 0 0.2 0 0 0 1.6 3 0 0 2 2 0 11.8 14 4.4 6.4 5.4 0 6 2.4000000000000004 4.2 2.6 7.800000000000001 3 0 0.2 0 0 0 0 0 0 0.2 0 0 0 0 0 0 0 0 0 0 2.4000000000000004 0 0 0 1.8 0 0 0 0 0 0 0.2 0 0 1.8 0 0 0 0 0 0 0 0 0 0 0 0 0 0 0 0 0 0 0 0 0 0 0 0 0 0 0 0 0 0 0 0 0 0 0 18.6 0.4 0 1.2000000000000002 0 0 0 0 0 0 0 0 0 0 2 0 0 0 0 0 0 0 0 0 0 0 0 0 0 2.6 0 0 0 0 0 0 0 0 0 0 0 0 
 18.2 27 20 15.4 14.8 42.400000000000006 59 0 36.800000000000004 49.800000000000004 24.200000000000003 38.6 68.60000000000001 76.2 32.2 19.200000000000003 5.4 26 50.6 11 0 0.8 0.2 15 0.4 0 0 0 0 0 0.4 1.2000000000000002 0 0 0 0.4 0.2 0.2 12 0 0 0.8 0 0 0.6000000000000001 0.4 0.6000000000000001 0.8 0 0 1 0.8 0 0 0.4 0 0 0.6000000000000001 0 0 0.4 0 0 0 0 0 0.6000000000000001 0 0 0.4 0.4 0 0 0 6 8.8 0 0 0.4 0 2.8000000000000003 3.2 0 0.2 0 0 0.4 4.6000000000000005 4.4 5 7.2 0 0 5.4 9 4.6000000000000005 2.2 9.200000000000001 4.2 3 1.2000000000000002 0 0 0 0 0 3.2 0 0 0 0 0 0 0 0 0 0 0 0 3.4000000000000004 0 0 0 0 0 0 0 0 0.4 0 0 0 0 0 0 0 0 0 0 0 0 3 0 0 0 0 0 0.2 0.4 0 0 0 0 0.2 0 1.4000000000000001 1 0 0 0 2 2.8000000000000003 0 0.6000000000000001 2 0 1.4000000000000001 2.2 3.6 9.600000000000001 7.4 0 0.4 3.8000000000000003 0 14.8 2.8000000000000003 4.800000000000001 0 0.8 0 0 0 0 0 0.2 1.8 0 0.2 0 2.2 0 0 0 0 0 0 3.8000000000000003 5.800000000000001 6 0 0 0 0 0 0 0 0 0 0 0 0 0 0 0 0 0 0 0 0 1.2000000000000002 0 0 0 0 0 0 0 0 0 0 0.2 0 0 0 0 0 0 0 0 0 0 0 0 0 0.4 0 0.2 0.6000000000000001 0.6000000000000001 0 1.2000000000000002 0 0 0.4 0 0.4 0 0 0 0 0 0 0 0 0 0 0 0 0 0 0 0 0 0 0 0 0 0 0 0 0 0 0 0 0 0 0 0 0.4 
 112.4 16.6 100.2 39 59.2 28.6 62 36.800000000000004 0 80.60000000000001 17 79 90.80000000000001 46.400000000000006 68.60000000000001 68.2 38.400000000000006 29 24 33.4 0 0.4 0 0 0 0 18.400000000000002 0 14.600000000000001 0 0.4 0.4 0 15.200000000000001 0 0 0 0 31 0 0 0.4 0 0 6.4 0 0.6000000000000001 0 0 0 0 0 0 0.2 0.4 0 0 0.6000000000000001 0 0 0 0 0 0 0 0 0.6000000000000001 0 0 0.6000000000000001 0 0 0 0.4 0 0.4 0 0 0.4 0 0 0.4 2.4000000000000004 0.2 3.4000000000000004 3.8000000000000003 0.2 0 4.2 0 3.6 0 0.2 0 0 0 13.4 2.4000000000000004 0.2 0 5.800000000000001 0 0 0 0 0 1.4000000000000001 0 0 0 0 0 0 2.2 7.6000000000000005 8.4 0 0 0.4 2.6 0 0 0 0 0 0 0 0 0 0 0 0 0 0 0 0 0 0 0 0 0 0 0 0 0 0 0 0 0 0 0 0 0 0 0.2 0.2 0 0 0 0 1.6 7.800000000000001 3.6 0 1.8 0.6000000000000001 0.2 0 2 0 6.4 6.6000000000000005 1.8 0 0.2 0 2 0 0 0 0.4 0 0 0 0 0 1.2000000000000002 0 0 0 0 0 3 2.8000000000000003 5.4 0 0 0.4 11.4 0 0 0 0 0 0 0 0 0 3.2 0 0 0 0 0 0 0 0 0.2 0 0 0 0 0 0 0 0 0 0 0 0 0 0 0 0 0 0 0 0 0 0 0 1.8 0 0 0 0.6000000000000001 1 0 0.4 1.6 0.2 0.4 0 0 0 0 0 0.4 0 0.2 0 0 0 0 0 0 0 0 0 0 0 0 0 0 0 0.4 1.8 0 0 0 0 0 0 0 0 0.2 0 0 0 0 
 7.800000000000001 7.800000000000001 27.6 52 35 48.800000000000004 8.4 49.800000000000004 80.60000000000001 0 53 18.6 9 75.60000000000001 20 50.2 26 30.200000000000003 39.2 16.2 18.2 0.4 0 17.6 0 0.2 43.6 0 13 0 0.4 0.2 15.600000000000001 0 0 0 0.6000000000000001 0 43.800000000000004 7.2 10.8 0.4 0 0 0.8 0 0.6000000000000001 0 0 0 0 1.2000000000000002 0 0.4 0.4 0 0 0.6000000000000001 0 0 0 0 0 0 0.4 0 0.6000000000000001 0 0 1.4000000000000001 0 0.2 0 0 0 0 0 0 0.4 5.800000000000001 0 4.800000000000001 2.2 5.2 0.8 3.4000000000000004 0 0 4 1.6 4.800000000000001 6.4 0 0 0 0 2.4000000000000004 2.4000000000000004 0 0 1.2000000000000002 3.2 0 0 0 0 0 3.4000000000000004 0.2 0 0 0 3.4000000000000004 2.6 6 2 0 0 1.6 5.6000000000000005 0 0 0 0 0 0 0 0 0 0 0 0 0 0 0 0 0 0 0 0 0 0 0 0 0 0 0 2.4000000000000004 0 0 0 0 0 0 0 0.6000000000000001 1 0 0 0 0 2 4.2 6.6000000000000005 0.2 2.8000000000000003 0 0 2.2 0 0 6.800000000000001 0 0 4.2 1.6 0 0 0.6000000000000001 0 5.6000000000000005 4.6000000000000005 2 0 0 0 9.8 2.2 2 0.2 0 0 3 5 3.4000000000000004 0 0 0 0.2 3.2 0 0 0 0 0 0 0 0 0 0 0 0 0 0 0 0 0 0 0 0 0 0 0 0 0 0 0 0 0.2 0 0 0 0 0 0 0 0 0 0 0 0 0.2 0 0 0 1 34.6 0 0 0.4 1.6 0.4 4.6000000000000005 2.2 0 0 0 0 0 0 0.2 0 0 0 0 0 0 0 0 0 0 0 0 0 0 3 3.4000000000000004 0 0 0 0 0 0 0 0 0 0 0 0 0 
 31.400000000000002 53.6 9.200000000000001 62.2 112 26.200000000000003 5 24.200000000000003 17 53 0 29.6 94.80000000000001 30.200000000000003 16 33 16.6 107.2 10.4 61 14.600000000000001 0.4 0 0 0 0 26.6 0 0 0 0.4 0 0.2 0 0 0 0.6000000000000001 0 29.8 3 0 0.6000000000000001 0 0 0 0 0.6000000000000001 0 0 0 0 0 0 0 0.4 0 0 0.6000000000000001 0 0 0 0 0 0 1.6 0 0.6000000000000001 0 0 1.2000000000000002 0 0 0 0 0 0 0 0 0.4 0.2 0.4 0.8 3.2 2 8 10 0 0 0 0 3.8000000000000003 6.4 0 0.2 1.4000000000000001 5.6000000000000005 2 3.8000000000000003 0 0.2 0 4.4 0 0.4 0 0 5.6000000000000005 0 2 0 0 0 3.4000000000000004 0.2 0 7.2 0.2 0 0.2 6.2 0 0 0.2 0 0 0 0 0 0 0 0 0 0 0 0 0 0 0 0 0 0 0 0 1.4000000000000001 0 0 0 0 0 0 0 0 1.4000000000000001 0.4 0 0 0 0 0 0.4 0 0.4 4.6000000000000005 0.6000000000000001 12.600000000000001 7.800000000000001 0 0 2.6 3.4000000000000004 0 0 0 0 2.8000000000000003 0.2 0 0 1.4000000000000001 0 0.4 2.2 0 0 0 0 2 0 0 0 0 0 6 8 2.8000000000000003 0 0 0 4.4 1.6 0 0 0 0 0 0 0 0 0 0 0 0 0 0.4 0 0 0 0 0 0 0 0 0 0 0.2 0 0.2 0 0 0 0 0 0 0 0 0 0 0 0 0 0 2 0 0 0 0.2 9.4 0 0.2 0.4 0.2 0.4 4.6000000000000005 0 0 0 0 0 0 0 0 0 0.4 0 0 0 0 0 0 0 0 0 0 0 0 0 2.4000000000000004 0 0 0 0 0.6000000000000001 0 0 0 0 0 0 0 0 
 23.200000000000003 23 26.6 79 10.600000000000001 31.8 9.4 38.6 79 18.6 29.6 0 10.600000000000001 5 26.200000000000003 49.6 34.800000000000004 25.8 23.8 49.400000000000006 15 0.4 0.2 16.8 0 0 19.400000000000002 0 0 0 0.8 0 0 4.6000000000000005 0 0.4 0.2 0.4 6.800000000000001 0.2 0 0.4 0 0 1.4000000000000001 0 0.6000000000000001 0 0 0 0 1.6 0 0.4 0.4 0 0 0.6000000000000001 0 0 0 0 0 0 0 0 0.6000000000000001 0 0 0.4 0 0 0 0.8 0 0 0 1 0.4 0 0 0 3 0.6000000000000001 2.2 6 0 0 4.2 0 4.6000000000000005 2 0 0 0 2 7.6000000000000005 6.2 0 0 3.2 0 0.6000000000000001 0 0 0 4 0 0.2 0 0 0 0 5.4 3.8000000000000003 4.800000000000001 0 0.4 0 0 0.2 0 0 0 0.2 0 0 0 0 0 0 0 0 0 0 0 0 0 0 0 0 0 0 0 0 0.4 0.2 0 6 0 0 0 0 0 1.6 0.8 0.4 0 0.4 0 0 2.2 0 4.2 2 1.2000000000000002 0 4.2 4.6000000000000005 5.800000000000001 3.6 0.4 0.8 0 0 2.4000000000000004 0 3.4000000000000004 0 0 8.4 0 0 0 0 0 3.8000000000000003 0.2 3.6 4.2 0 0 5.800000000000001 7.6000000000000005 0 0 0 0.2 5 3.2 0 0 0 0 0 0 0 0 0 0 0 0 0 0 0 0 2 0 0 0 0 0.4 0 0 0 0 0 0 0 0 0 0 0 0 0 0 0 0 0 0 0 0 0 0 0 1 17.6 0 17.8 18 0 0.4 0.4 0 0 0 0 0.2 0 0 0 0 0 0 0 0 0.8 0 0 0 0 0 0 0 0 0.2 2.4000000000000004 0 0 0 0 0 0 0 0 0 0 0 0 0 
 29.200000000000003 50.800000000000004 28.8 57.2 15.200000000000001 4.6000000000000005 55.6 68.60000000000001 90.80000000000001 9 94.80000000000001 10.600000000000001 0 52 13.8 12.200000000000001 25.200000000000003 12.8 35.2 68.2 0 0.4 0 0.2 0 0 0 0 0.8 0 0.4 1 0.4 0 0.4 0 0.2 0.8 0 0 0 0.4 0.2 1.8 0 0 0.6000000000000001 0.6000000000000001 1.2000000000000002 0 0.2 0.4 0 0.2 0.4 0.6000000000000001 0.6000000000000001 0.6000000000000001 0 0 0 0 0 0 2.4000000000000004 0.2 0.6000000000000001 0 0 0.4 0 1.2000000000000002 0 0 0 0 0 1.2000000000000002 0.4 0 4 0.2 2.2 0 0 0 3.2 3.4000000000000004 0.2 0.2 0 0 0.6000000000000001 0 2.4000000000000004 0.2 0 0 0 3.4000000000000004 0 0 0 0 0 0 0 0 0 0 0 0 0 0 0 0 0 0 0.2 0 0 0 0 0 0 0 0 0 0 0 0 0 0 0 0 0 0 0 0 0 0 0 0 0 0 0 0 0 0 0 0 0 0 0 0 0 0 0 0 0 0.8 2.2 3.4000000000000004 5.2 0 0 2.2 0 0 0.4 2.8000000000000003 0 0 7.2 5.6000000000000005 0 6.2 1.8 0 2.8000000000000003 0 0 0 0 0 0 0 0 0 0 0 0 0 0 0 0 0.4 0 0 0 0 0 0 0.4 0 0 0.2 0 0 0 0.4 0 0 0 2 0 0 0 0 0 0 0 0 0 0 0 0 0.2 0 0 0 0 0 0 0 0 0.2 0 0 0 0 0 0 0 0 0.6000000000000001 0.4 0 0.4 0 0 0.8 0 0 0 0 0 0 0 0 0 0 0 0 0 0 0 0 0 0 0 0 0 0 0 0 0 0 0 0 0 0 0 0 3 0 0 0 0 0 
 43.800000000000004 7.800000000000001 17.6 35.4 38.2 10.200000000000001 32.800000000000004 76.2 46.400000000000006 75.60000000000001 30.200000000000003 5 52 0 61.400000000000006 30.200000000000003 17.8 24.200000000000003 31.6 57.2 0 0.4 0 0 0 0 0 0 0 0 0.4 4.4 0 0.4 0 0 0.8 0 29.6 0 0 0.4 0 0.2 0 0 0.4 0 0 0 0 0 0 0 0.4 0 0 0.6000000000000001 0 0 0 0 0 0 4.4 0 0.6000000000000001 0 0 2 0 0 0 0 0 0 0 0 0.4 0 2.2 12.200000000000001 7.800000000000001 2.6 2.2 7 1.8 0 2.2 0 2.4000000000000004 0 2.2 5 2.4000000000000004 4 3.2 13.4 0 1.2000000000000002 0 0 0 0 0 0 0 0 0 0 0 0 0 0 0 0 0 0 0 0 0 0 0 0 0 0 0 0 0 0 0 0 0 0 0 0 0 0 0 0 0 0 0 0 0 0 0 0 0 0 0 0 0 0 0 0 0 0 0 0 2 1.6 14 2.2 0 2.4000000000000004 0 2 0 0.2 5.2 7.800000000000001 0 9.8 7.2 0 5 0 0 2 0 0.4 0 0 0 0 0 0 0 0 0 0 0 0 0 0 0 0 2.6 0 0 0 0 0 0 0 0.4 0 0.4 0 0 0 0 0 0 0 0 0 0 0 0 0 0 0 0 0 0 0.4 0 0 0 0 0 0 0 0 0 0 0 0 0 0 0 0 0 0.6000000000000001 0 0 0 0 0 0.8 1.2000000000000002 0 0 0 0 0 0 0 0 0 0 0 0 0 0 0 0 0 0 0 0 0 0 2 0 2.8000000000000003 0 0 0 0 0 0 0 0 0 0 0 0 
 8.6 9 54.400000000000006 31.200000000000003 20.400000000000002 12.600000000000001 43.6 32.2 68.60000000000001 20 16 26.200000000000003 13.8 61.400000000000006 0 48.400000000000006 43.2 31.6 46.800000000000004 87.4 1 0.6000000000000001 1 0 0.6000000000000001 1 0 0.8 0.2 0.8 0.8 0.2 0 0 0.2 0 1 0 15.200000000000001 0 0 1.4000000000000001 0 0.6000000000000001 1 0.2 0.2 0 0 0 1.4000000000000001 1.2000000000000002 0 0 0.4 0.6000000000000001 12.600000000000001 0.6000000000000001 0 0 0.4 0 0.6000000000000001 0.6000000000000001 0.2 0.6000000000000001 0.2 0 0.6000000000000001 0.6000000000000001 0.4 0.6000000000000001 0 0 0 1 0.4 0.2 0.6000000000000001 0 3.4000000000000004 0 2.8000000000000003 3.6 0 2.4000000000000004 0.2 9.4 5.4 3.4000000000000004 6.800000000000001 0 1.6 0 0 3.8000000000000003 5 1.8 4 0 2 0 0 0 0 0 0 0 0 0 0 0 0 0 0 0 0 0 0 0 0 0 0 0 4 0 0 0 0 0 0 0 0 0 0 0 0 2 0 0 0 0 0 0 0 0 0 0 0 0 0 0 0 0 0 0.2 0 0 0 0 10 2.6 0.8 0.2 0 0.4 8 0 2 0 7 4.4 0 10.8 0 5.4 0 2.2 0.6000000000000001 0 0 0 0 0 0 0 0 0 0 0 2.4000000000000004 0 0.2 0 0 0 0 0 1.2000000000000002 3.6 0 0 0 0 0 3.2 0 0 0 0 0 0 0 0 0 0 0 0 0 0 0 0 0 0 0 0 0 0 3.2 3.8000000000000003 0 0 0 0 0 0 2 0 0 0 0 0 0 0 0 0.4 0 0 0.8 2.4000000000000004 0 1 0.2 0 0 0.4 0 0 0 0 0 0 0 0 0 0 0 0 0 0 0 0 0.4 0 0 0 0 0 0 0 0 0 0 0 0 0 0 0 0 0 
 13.200000000000001 17.400000000000002 29.8 25.6 14.4 32.6 24 19.200000000000003 68.2 50.2 33 49.6 12.200000000000001 30.200000000000003 48.400000000000006 0 26.6 10.600000000000001 62.6 41 0 0.4 0 14.8 0 0 15 0.2 0 0 0.8 0 0 0 0 0 0 0 16 0.4 0 0.4 0 0.8 0.8 0 0.6000000000000001 0 0 0 0.6000000000000001 0 0 0.4 0.4 0 0.2 0.6000000000000001 0 1.2000000000000002 0 1.4000000000000001 0.8 0.2 0 0 7 0.4 0.4 0.4 0 0 0.2 2 1 0 0.2 0 0.4 0.6000000000000001 0 0.2 0 4.2 3.6 4 2.4000000000000004 5.800000000000001 8.8 18.400000000000002 9.200000000000001 2 2 2.6 2 1 3.8000000000000003 2.4000000000000004 4.6000000000000005 1.6 1.6 0 0 0.2 0 0 0 0 0 0 0 0 2.2 0 0 0 0 0 0 4.2 0 0 0 0 0 0 0 0 0 0 0 0 0 0 0 0 0 0 0 0 0 0 0 0 1.8 0 0 0 0 0 0 0 0 0 0 0.6000000000000001 0.4 0 0 0 1.8 15.4 1 0 2 0 2 3.4000000000000004 0 0 9.600000000000001 0.6000000000000001 0 4.2 0 10.8 3 0 2.8000000000000003 0 0 0 0 0 0 0 0 0 0 0 0 0 0 0.4 2.4000000000000004 0 0 0 1.8 3.4000000000000004 0 0 0 1.8 0 0 0 0 0 0 0 0 0 0.4 0 0 0 0 0 0 0 0 0 0 3.8000000000000003 0 0 0 0 0.4 0 0 0 0 0 0 0 0 0 0 0 2.4000000000000004 0 0 0 0.4 19.200000000000003 0 0.4 9 0 0 0 0 0 0 0 0 0 0 0 0 0 0 0 0 0 0 0 0 0 0 0 0.6000000000000001 0 1 0 0 0 0 0 0 0 0 0 0 0 0 0 0 
 26 35 50.400000000000006 5.800000000000001 48.400000000000006 39.6 17.8 5.4 38.400000000000006 26 16.6 34.800000000000004 25.200000000000003 17.8 43.2 26.6 0 10 5.2 48.6 0 1.2000000000000002 0 15.4 0 0 0 0 0 0.8 1 0 0 0 0 0 0.4 0.2 14.8 0 0 1 0 2 0 0 0.6000000000000001 0 0 0 0.6000000000000001 0 0 0.2 0.4 0 0 0.6000000000000001 0 0.6000000000000001 0.6000000000000001 0.2 0.4 0 0 0 0.6000000000000001 0 3.6 0.4 0 0 0 0 0 0 0 0 0.4 0 3.6 15.4 3.6 2.8000000000000003 2.4000000000000004 0.4 0 0.2 7.4 2 0 0.2 0.2 4 1.8 1.4000000000000001 3.4000000000000004 2.2 0 0 0.8 0.2 0.2 0 0 0 2 2.6 0 0 0 0 3.8000000000000003 0.8 2 0 0 0 1.8 3.8000000000000003 0 0 0 0.2 0 0 0 0 0 0 0 0 0 0 0 0 0 0 0 0.2 0 0 0 0.4 0 0 0 0 0 0 0 0 0 0 0 3 1.6 0 0 0 0 7.6000000000000005 2.4000000000000004 5.800000000000001 0 2 4.2 3 0.4 4.2 1.2000000000000002 8.4 1.6 0 7 1.6 3 2 0 0 4.4 0.6000000000000001 0 0 0 0 4 1.6 0 0.2 0 0 4 0.2 0 0 0 0 1.8 2.8000000000000003 0 0 0 0 0 0 0 0 0 0 0 0 0.4 0 0.4 0 0 0 0 0 0 0 0 0 0 0 0 0 0 0 0 0 0 0 3.6 0 0 0 0 0 0 0 0 0 0 0 16.6 0 0 0 0 0.8 0 0 0 0 0 0 0 0 0 0 2.2 0 0 0 0 0 0.2 0 0 0 0 0 0 4.6000000000000005 2.6 0 0 0 0 0 0 0 0 0 0 0 0 0 
 8.6 9.8 45.400000000000006 56.400000000000006 22.400000000000002 29.400000000000002 82 26 29 30.200000000000003 107.2 25.8 12.8 24.200000000000003 31.6 10.600000000000001 10 0 64.60000000000001 6.800000000000001 0 0.4 0.8 0.6000000000000001 0 0.4 44.800000000000004 0 1 0.2 0.8 0.4 16.6 0.6000000000000001 0.4 0.6000000000000001 6.4 0.6000000000000001 27.8 5.6000000000000005 0 0.4 0 0 1.6 0 0.6000000000000001 0 0 13.200000000000001 0.6000000000000001 14.8 0 0.4 0.4 0.6000000000000001 0 0.6000000000000001 12.600000000000001 0 0 0.6000000000000001 0 0 0.8 0 0.6000000000000001 0 0 0.4 0 0.6000000000000001 0 0.2 0.6000000000000001 0 0 0.2 0.4 0.6000000000000001 3.6 9.4 5 0 0 5.6000000000000005 1.8 0 1.6 0 5.4 4.2 0 2.4000000000000004 1.8 5.800000000000001 0 0.2 0.2 0 2 3 0 0 0 0 0.2 0 0.2 0 0 0 0 2.2 6.6000000000000005 3.4000000000000004 0 0 1 0 0 0 0 0 0 0 0 0 0 0 0 0 0 0 0 0 0 0 0 0 0 0 0.4 0 0 0 0 0 0 0 0 0 0 0 0 0 0 0 0 0 5.4 2.2 0 4 0 5 0 2.2 0 0 0.4 4 2.4000000000000004 1.8 0 2.8000000000000003 0 2 3.4000000000000004 0 3.6 4 1.8 0 0 0 4.4 0 2 0 0 0 2.8000000000000003 5.6000000000000005 2 0.2 0.4 0 0 0 0 0 0 0.4 0 0 0 0 0 0 3.2 0 0 0 0 0 0 0 0 0 1.6 0 0 0 0 6.4 0 0 0 0 0 0 0 0 0 0 0.2 0 0 0 0 0 0 0 0 0.2 17.400000000000002 0.2 0.2 0 2.2 0.4 0 0 0 0 0 0 0 0 0 0 0 0 0 0.4 0 0 0 0 0 0 0 0.2 0.4 0 4.2 2 0 0 0 0 0 0 0 0 0 0 0 0 
 38.800000000000004 73.2 51.800000000000004 16.2 15.4 54 105.80000000000001 50.6 24 39.2 10.4 23.8 35.2 31.6 46.800000000000004 62.6 5.2 64.60000000000001 0 44.6 0 0.4 0.2 0 0.2 0.6000000000000001 0 0.4 0 0 0.4 0.2 0 0 0.6000000000000001 0 0.2 0 0 0 0 0.8 0 0 0 0 0.6000000000000001 0 0 0 1 0 0 0.4 0.4 0 0 0.6000000000000001 0 0 0 0 0 0 0.4 0 0.6000000000000001 0 0 0.4 0 0 0 0 0 0 0 0 0.4 0.2 3.6 11.4 0.8 0 0 0.2 0 3.4000000000000004 7.800000000000001 0 3 1.6 0 2.4000000000000004 0 6 0.4 0 3.2 9.600000000000001 0 0 0.4 0 0 0 0 0 0 0 0 0 0 0 0 0 0 0 0 0.2 0 0 0 0 0 0 0 0 0 0 0 0 0 0 0 0 0 0 0 0 0 0 0 0 0 1 0 0 0 0 0 0 2.6 0 0 0 0 0 0 0 2.8000000000000003 0 5 0 2.4000000000000004 0 2.6 1.4000000000000001 2 0 0 0 3.8000000000000003 1.4000000000000001 2.6 7.4 2.4000000000000004 6.4 7.4 10.4 0 0 0 0 0 0 0 0 0 0.2 2.2 0 0 0 0 0 0 0 0 0 0 0 0 0 3.8000000000000003 0 0 0 0 0 0 0 0 0 0 0 0 0 0 0 0.6000000000000001 0.2 0 0 0 0 0 0 0.2 0 0 0 2.2 0 0 0 0 0 0 0 0 0 0 0 0 0.4 0.4 0.4 0.4 0 0 0.4 0 0 0 0 0 0 0 0 0 0 0 0 0 0 0.6000000000000001 0 0 0 0 0 0 0 0 0 0 0 0 0 0 0 0 0 0 0 0 0 0 0 
 106.80000000000001 43.400000000000006 45.400000000000006 69.60000000000001 16.400000000000002 11.200000000000001 54 11 33.4 16.2 61 49.400000000000006 68.2 57.2 87.4 41 48.6 6.800000000000001 44.6 0 0 5.6000000000000005 0 0 0.4 0 0 0.2 0 0 0.4 0.4 0.2 0 0 0.6000000000000001 0 0.4 0 0 0 0.4 0.2 1.8 0 0 0.6000000000000001 0 0.2 0 0.4 0 0 0.4 0.4 0 0 0.6000000000000001 0 0.2 0 0 0 0 0 0.2 0.6000000000000001 9.600000000000001 0 7 0 0 0 0 0 0 0 0 0.4 0 0 0 1.6 4.2 0 0 8.200000000000001 4.6000000000000005 6.4 8.4 0.2 0.4 4 2.2 2.4000000000000004 3.4000000000000004 0 0 4.6000000000000005 2.4000000000000004 0 0 0 0 2 0 0 0.4 0 0 0 0 0 0 0 0 1.8 0 0 0 0 0 0.4 0 0 0 0 0 0 0 0 0 0 0 0 0 0 0 0.4 0 0 0 0 0 0 0 0 0 0 0 0 0 0 0 0 0 0 0 0 0.4 2.2 5 4.4 5.6000000000000005 0 0 2.2 3.4000000000000004 0.2 4.6000000000000005 7.800000000000001 3.4000000000000004 0 3.6 4 0 10.600000000000001 2.8000000000000003 0.6000000000000001 0 0 0 0 0 0 0 0 0 0 0 0 0 0 0 0 0 0 0 0 0 0 0 0 0 0 0 0 0 0 0 0 0 0 0 0 0 0 0 0 0 0 0 0 0 0 1.2000000000000002 0 0 0 0 0 0 0 0 0 0 0 0 0 0 0 0 0 0 0 0.4 0 0.6000000000000001 0.4 17.400000000000002 0 1.6 0 0 0.2 0 0 0 0 0 0 0 0 0 0 0 0.8 0 0 0 0 0 0 0 0 0 0 0.2 0 0 0 0 0 0 0 0 0 0 0 0 
 0 15 0 0 6.4 18.400000000000002 0 0 0 18.2 14.600000000000001 15 0 0 1 0 0 0 0 0 0 92.60000000000001 30.200000000000003 7.800000000000001 8.4 19.200000000000003 78.2 46.400000000000006 27.6 4.6000000000000005 27.8 9.4 26.200000000000003 31.6 39 35.2 95.80000000000001 5 8.6 48.800000000000004 0 0 0 0 0 0 0.4 0 0.2 0 0 0 0 0 0 0 0 0 14 0 0 0 0 0.4 0 0 0 0 0 0 0 0 0 0 0 0 0 0 0 0.6000000000000001 0 0 0 4.6000000000000005 7 0 0 0 0 0 0 0 0 0 0 0 0 0 0 0 3.8000000000000003 8.200000000000001 2 3.6 3.4000000000000004 3.8000000000000003 4.800000000000001 11.8 6.800000000000001 4.800000000000001 11.4 3.4000000000000004 0 7.800000000000001 7.2 8.200000000000001 7.6000000000000005 1.8 2 0 0 0.2 0 0 0 0 3.8000000000000003 0 0 0 0 0 5.6000000000000005 5.4 0 0 0.4 0 2 0.4 0 0 0 0.2 0 0 0 0.4 0.4 1.6 0 0 0 0 0 0 0 0 0 0 2.2 0 0 0 0 2 0 0 0 0.4 0 0 0 0 3.4000000000000004 0 0 0 0.4 0 1.8 0.2 0 2.6 0 7.2 0 3.6 12 3.2 0 0 5.6000000000000005 0.2 0 1.4000000000000001 4 0 2.4000000000000004 7.800000000000001 0 0 0 0 0 0 3.4000000000000004 0 0 0 0 0 0 0 0 0 0 0 4.4 0 0 0 0 0 0 0 0 0 0 0 0 0 0 0 0 0 0 0.2 0 0 0 0 0 0 0 0 0 0 0 0 0 0 0 0.4 0.4 0.4 0.4 15.8 0 0 0 0.4 0 0 0 0 0 0 0 0 0 0.4 0 0 0 0 0 0 0 2 0 5.6000000000000005 0 0 0 0 0 0 0 0 
 0.4 0.4 0.4 0.4 0.4 0.4 0.4 0.8 0.4 0.4 0.4 0.4 0.4 0.4 0.6000000000000001 0.4 1.2000000000000002 0.4 0.4 5.6000000000000005 92.60000000000001 0 53.6 29.400000000000002 24.6 65.4 17 46.6 58.2 8.200000000000001 67.2 5.6000000000000005 8 43.800000000000004 60.400000000000006 27.400000000000002 140.4 7.2 7 7.2 0 0.2 0 0 0 0 1 0 0.6000000000000001 0 0 0 0.2 0 0.2 1.6 0 0.8 11.8 0.2 0 10.4 0.8 0 0 0.6000000000000001 1.2000000000000002 0 1.2000000000000002 7 0 0 0 0 0 0.4 0 0 0 0.8 0 0 0 0 0 1.4000000000000001 0 0 0 0 0 0 0 0 0 0 0 0 0 0 0 8 2.4000000000000004 0.2 5 2 0 2.8000000000000003 3 8 5.2 4 0 0 0.4 2.8000000000000003 0 3.8000000000000003 0 0 3.8000000000000003 0 0 0 0 0 1.8 0 0 0 0.2 0 6.4 3.6 4 0 0 0 8.200000000000001 5 0 0 0 0 0 0 0 0.2 0 0.4 0 0 0 0 0 0 0 0 0 0 0.4 0 0 0 0.2 0 0 0 0 0.2 0 0 0 0 0 0 0 0 0 0 1.6 0 0.2 2.4000000000000004 0 8.6 0 0 2.2 2.2 0 4.6000000000000005 0 0 2.4000000000000004 0.6000000000000001 4 5.2 2 0 0 0 0 0 0 0 2.6 0 0 0 0 0 1.6 2 0 0 0.2 0 0 3 0 0 0 0 0 0 0 0 0 0 0 0 0 0 0 0 0 0.4 0 0 0 0 0.2 0 0 0 0 0 0.4 0 0 0 0 0.2 1.8 0 0 8.6 0 0 2.2 4 0 0 0 0.4 0 0 0 0 0 0 0 0 0 0 0 0 0 0 0 0.4 0 0 0 0 0 0 0 0 
 0 0.2 0 0 15 0 0 0.2 0 0 0 0.2 0 0 1 0 0 0.8 0.2 0 30.200000000000003 53.6 0 41 53.6 22.6 98 31.8 98 14.8 42 98 91.2 12.600000000000001 37.6 50.6 23 24.8 59.800000000000004 5 0 0 0 0 0 21.6 0 0 0.4 0 0 22.200000000000003 12.4 0.2 0 0.4 0.6000000000000001 21.6 13.600000000000001 0 0 0 0 0 0 0.4 0 0 0.4 0 0 0.6000000000000001 0 0 0 0 0 0.4 0.6000000000000001 0 0 0 0 0 2 4.4 0 0 0 0 0 0 0 0 0 0 0 0 0 0 0 4 0.2 2.2 4.2 3.4000000000000004 2.2 8.4 2.2 13.200000000000001 1.8 2 10.4 3.4000000000000004 1.6 3.6 3.2 10.4 3.8000000000000003 4.800000000000001 4.800000000000001 0 0 0 0 0 0 0 0 0 0 0 5.800000000000001 0 0 0 0 0 2.8000000000000003 5.2 0 0.2 0.4 0 0.2 0 0 0 0 0 0 0 0 0 0 0 0 0 0 0 0 2.4000000000000004 0.4 0 0 0 0 0 0 0 0 0 0 0.4 0 0 0 0 0 0 0 0 0 2.2 0.2 0.2 0.4 2.8000000000000003 7.2 0 1 0 5 0.2 0 0.4 4 2.8000000000000003 3.8000000000000003 8 0 0 0 0 0 0 4.6000000000000005 0 0 0 0 0 0.2 2 0 0 0 0 4 0.2 0 0 0 0 0 0 0 0 0 0 0 0.4 0 0 0 0 0 0 0 0 0 0 0 0 0 0 0 0 0 0 0 0 0 0 4.2 0 0 25.200000000000003 0.6000000000000001 0 0.4 0 0 0 0 0 0 0 0 0 0 0 0 0 0 0 0 0 0 0 0 0 0 0 0 0 0 0 0 0 
 0 0 0 0.6000000000000001 0 5.4 0 15 0 17.6 0 16.8 0.2 0 0 14.8 15.4 0.6000000000000001 0 0 7.800000000000001 29.400000000000002 41 0 32.2 21.200000000000003 18.6 13.600000000000001 19.400000000000002 30.400000000000002 91.4 36.2 35.6 14.8 32.800000000000004 12.4 39.2 13.600000000000001 37.800000000000004 8 0 0 0 0 0 0 12.4 0.6000000000000001 0.2 0 0 0.6000000000000001 0 6.2 0.4 0.4 0.6000000000000001 0 12.4 27.8 0 1 0 0 0 0.4 0 0 0.4 0 0 0.6000000000000001 0 0 0 0 0 0 0.6000000000000001 0 0 0 0 2.2 0.2 0 0 0 5.4 1.6 0 0 0.2 0 0 0 3.2 0 0 0 4.800000000000001 3.8000000000000003 10 2.8000000000000003 4.6000000000000005 0.2 0 5.800000000000001 3 0 2.8000000000000003 2 0 0 0 8.200000000000001 6.2 0.2 2.4000000000000004 0 0 2 2.8000000000000003 0 0 0 0 6.2 1.2000000000000002 0 0 0 2 2.4000000000000004 0 1.8 1.2000000000000002 0 2 0 0 0 0 0 1.2000000000000002 0 0 0 0 0 0 0 0 0 0 1.6 2 0 0 0 0 0 0 3.6 0 0 0 0 0 0 0 0 0 2 0 0.8 0 0 0 0 2.2 2.4000000000000004 2.6 3.2 0 1.6 4.2 0.4 4.4 3.2 5.4 5.6000000000000005 0 0 0 2.6 0.2 0 0 3.8000000000000003 0.6000000000000001 2 0 0 0 0 3 0 0 0 0 0 5.6000000000000005 0 2.8000000000000003 2.4000000000000004 0.4 0 3.8000000000000003 1.8 0 0 0 0 0 0 0 0 0 0 0 0 0 0 0 0 0 0 0 0 0 0 3 0 0 0 0.2 0 0 0 0 0 0 0 1.4000000000000001 0 0.4 15.600000000000001 15.600000000000001 0.4 0 0 0 0 0 0 0 0 0 0 0 7 0 0 0 2 0 0 0 0 0 0 0 0 0 2.2 3 0 0 0 
 0 0 0 0 0 0 0 0.4 0 0 0 0 0 0 0.6000000000000001 0 0 0 0.2 0.4 8.4 24.6 53.6 32.2 0 78.60000000000001 61.2 43.6 72.2 34 38.400000000000006 71.2 39.2 29.6 22.6 74.2 47.6 68.4 11.200000000000001 14.200000000000001 12.4 0.2 0.4 0.4 0.2 0.4 0.6000000000000001 0 1 0.4 0.4 1 13.200000000000001 26.400000000000002 0.2 0.6000000000000001 1 1 2.8000000000000003 11.600000000000001 0 0.6000000000000001 0 0 0 0.4 0.2 0 0.4 0.8 0.6000000000000001 1.2000000000000002 0 0 0 0 0.4 1.2000000000000002 0.4 0 0 0 0 0 0 0 0 0 0 0 0 0 0 0 0 0 0 0 0 0 0.6000000000000001 1.8 0 3.4000000000000004 4 2 0 2.6 0 7 3.4000000000000004 8.4 0 0 0.4 0 0 2.2 0.2 0 0 0 0.2 0 0 0 1.8 1.2000000000000002 0.8 2.2 0 0 0 3.2 6.2 1.2000000000000002 0.2 0 6.800000000000001 0 0 0 2.6 0 0 0 0 0.2 0.2 0.4 0 0 0 0 0 0 0.2 0 0 0 0 0 0.2 0.2 0 0 0 0 0 0 0 0 0.6000000000000001 0.2 0 0 0 0 0.2 0 0 0.2 1.6 0.4 0 8.8 0.2 0 0.8 0 1.8 6 0 2.6 0 1.2000000000000002 1.6 2.6 0 0 1.6 3.2 0 5.6000000000000005 0 0 2 0 0 2.2 2.2 0 0.6000000000000001 0 1.6 2.2 0.2 0 2.6 5.4 0 0 0 0 0 0 0 0 0 0 0 0 0 0 0 0 0 0.4 0 0 0 0 2 0 0 0 0 0 0 0.4 0 0 0 0.2 1.4000000000000001 0.4 0.6000000000000001 0.2 0 0.6000000000000001 0.6000000000000001 4.2 0 0 0 0 0 0 0 0 0 0.6000000000000001 0 0 0 0 0 0 0 0 0 0 0 0 0 1.8 4.6000000000000005 0 0 0 
 0 0 0 0.2 0.2 0 0 0 0 0.2 0 0 0 0 1 0 0 0.4 0.6000000000000001 0 19.200000000000003 65.4 22.6 21.200000000000003 78.60000000000001 0 50.2 32.6 87.2 36.6 26 25.200000000000003 8 14.200000000000001 15.600000000000001 59 86.60000000000001 50.6 9.200000000000001 27.200000000000003 21.8 0 0 0 0 12.200000000000001 0.2 0 0.4 12.600000000000001 0 0.8 17.8 0 0.2 0 1 0 12.8 0.2 0 1 0 0 0.4 0.4 0 0.6000000000000001 0.4 0 0 0.6000000000000001 0 9.200000000000001 0 0 0 0 0.6000000000000001 0 0 0.2 0 0 0 0 0 0 0 0 0 0 0 0 0 0 0 0.4 0 0 2.8000000000000003 4.2 2.4000000000000004 0 7.2 0 0 1.4000000000000001 2 0 5.4 1.6 0 0 10.600000000000001 2.6 0 0 0 0 9.200000000000001 2 0 0 0 0 2.4000000000000004 3 0 3.8000000000000003 0 1 4.4 3.2 0.4 0 0 0 0 4.6000000000000005 0 0 0 0 0 0 0 0.4 0 0 0 0 0 0 0 0 0 0 2.6 0 0 0 0 0 0 0 0 0 0 0 0 0 0 1.6 0 0 0 0 0 0 0 0 3.8000000000000003 12.600000000000001 0 10.8 0 0 2.6 0.2 0 3.2 0.2 0 0 0 1.2000000000000002 1.6 0 0 3.2 0 2.2 0 0.2 0 4.4 5.6000000000000005 0.6000000000000001 5.800000000000001 0.4 0 3.8000000000000003 4.800000000000001 0.2 0.8 3 0.4 1.8 2.4000000000000004 0 0 0 0 0 0 0 0 0 0 0 0 0 3.6 0 0 0 0 0 0 0 0 0 0 0 0 0 0 0 0 0.2 0 0 0 1.2000000000000002 0 0.2 0.2 14.8 0.2 0.2 0 0 0 14.200000000000001 0 0 0 0 0 0 0 0 0 0 0 0 0 0 0 0 0 0 0 0 0 2.4000000000000004 0 0 0 
 0 0 19.6 11.600000000000001 44.800000000000004 0.2 0.2 0 18.400000000000002 43.6 26.6 19.400000000000002 0 0 0 15 0 44.800000000000004 0 0 78.2 17 98 18.6 61.2 50.2 0 34 12 5.4 6.2 5.800000000000001 28.200000000000003 12 8.4 53.800000000000004 9 7 41.800000000000004 34.6 0 0 0 0 0 0 0 0 0 0 12.8 13 0 0.2 0 0 0.6000000000000001 0.4 0 0 0 0 0 0 0 0.4 0 0 0.4 0 0 0.6000000000000001 0 5 0 0 0 0 0.6000000000000001 0 0 0.2 2.2 0.8 8.200000000000001 3.8000000000000003 0 0 0 0 3.6 13.600000000000001 0 0 0.2 0 2.2 0.8 0 0 2.4000000000000004 4 0 0 0 0 2.2 0 1.8 3 0 0 3 3 0 6.4 0.4 0 3.4000000000000004 6.4 0 0 0 0 0 0 0 0 0 0 0 0 0 0 0 0 0 0 0.4 0 0 0 0 0.8 0.6000000000000001 0 0 2.4000000000000004 0 0 0 0 2.2 0 0 0 0 0.2 0 0 0 2.2 0 4.4 6 2.8000000000000003 0 0.2 0 6.800000000000001 0 1.4000000000000001 0 0 1.4000000000000001 0.2 0 0.2 0.4 0 3.2 0 0 0 0 0 8.200000000000001 0.2 0 4.2 0 0 8.200000000000001 7.800000000000001 2.6 0 0 0.2 5.800000000000001 2 0 0 1.6 0 0 0 0 0 0 0 0.4 0 0 0 0 0 0.4 0 0 0 0 0 0 0.2 0 0 0 0 0 0 0 0 0 0 0 0 0 0 0 0 0 1.4000000000000001 0 0 0 0.2 4 0 0 15 0 0 0 0 1.8 0 0.4 0 0 0 0.6000000000000001 0 0.2 0 0 0 0 0 0 0 0 0 0 0 0 0 1.2000000000000002 0 0 0 0 0 0 0 0 0 0 0 0 0 
 0 0 0 0 0 16.6 0.2 0 0 0 0 0 0 0 0.8 0.2 0 0 0.4 0.2 46.400000000000006 46.6 31.8 13.600000000000001 43.6 32.6 34 0 45.800000000000004 4.6000000000000005 23.8 3.2 37.6 33.6 70.8 32.4 17.400000000000002 50.800000000000004 9.600000000000001 39.6 0 0.4 0 0 0 0 0 12.200000000000001 0.4 0 0 0.6000000000000001 0 0 0 0.2 0.6000000000000001 0 0 0 0 0 0 0 0 0.4 0 0 0.4 0 0.4 0.6000000000000001 0 0 0 0 0 0 0.6000000000000001 0 0 0 0 0 0 0 0 0 0 0 0 0 0 0 0 0 0 0 0 0 3.8000000000000003 1.2000000000000002 9.200000000000001 1.6 0.4 1.8 1.8 6.2 4.2 5.4 4.6000000000000005 7.800000000000001 4.2 4.2 6.800000000000001 3.8000000000000003 7 0.2 0 0 0 0 0 0 0 0 3.2 0.4 0 0 0 0 0 2.6 0 0 0 0 1.6 0.2 0 0 0 0.4 0 0 0 0.4 0 2 0 0 0 0 0 0 0 0 0 0 0 0 0 0 0 0 0 0 0 0 0 0 0 0 0 0 0.2 0 0 0 2.8000000000000003 0 1.8 4.2 2.2 7.800000000000001 0 5.800000000000001 3 3 2.4000000000000004 0 2.8000000000000003 5.800000000000001 2.4000000000000004 5.2 3.2 2 0 9.4 0.2 0 0 0 0 0 0 0.4 0 0 0 0 0.4 0 0 0.4 0 0 7.2 0.2 0 0 0 0 0 0 0 0 0 0 0 0 0 0.4 0 0 0 0 0 0 0 0 0 0 0 0 0 0 0 0 0 0 0 0 2.8000000000000003 0.4 0.4 31.400000000000002 0 0.2 0 1.6 0 0 0 0 2.8000000000000003 0 0 0 0 0 0 0 0 0 0 0 0 0.8 0 6.4 0 0 0 0 0 0 0 0 
 0 0 0 0.4 0 5 0 0 14.600000000000001 13 0 0 0.8 0 0.2 0 0 1 0 0 27.6 58.2 98 19.400000000000002 72.2 87.2 12 45.800000000000004 0 31.200000000000003 38.6 16.2 17.400000000000002 77 44.400000000000006 69.60000000000001 71 8.6 17.2 8.4 10.8 0 0 0 0 0 0.2 0 0.2 0.4 0 0.6000000000000001 0 0.2 0 0.4 0.6000000000000001 0 13.8 0.2 0 1.6 0 10.200000000000001 0 0.4 0 0 0.4 0 0 0.8 0 0 0 0 0 6.4 0.6000000000000001 8.6 0 0 0 0 0.4 1.8 0 0 0 0 0.4 0 0 0 0 0 0 0 0 0 0 4.800000000000001 3.6 0 5 0.2 0 4 2.8000000000000003 4.2 6.6000000000000005 2.4000000000000004 1.8 0 0 3.6 0 5 0 0 4.2 0 0 0 0 0 5.800000000000001 0 0 0 5 0 4.4 0.6000000000000001 0 0 0 0 2.8000000000000003 6 0 0 0.6000000000000001 0 0 0 0 0.4 0 1 0 0 0 0 0 0 0 0 0 0 0 0 0 0 0 0 0 0 0 0 0 0 0 0 0 0 0 0 0 0 2.6 1.2000000000000002 0 5 2.2 9.4 0 0.2 0.2 4 2.2 2.4000000000000004 0 1.8 1.2000000000000002 0 3.2 6.4 3.6 0 0 0 0 0 0 0 4.2 0 0 0 0 0 0 1.6 0 0.2 0 0 3.2 5 0 0 0 0 0 0 0 0 0 0 0 0 0 0 0.4 0 0 0 0 0 0 0 0 0 0 0 0 0 0 0 0 0 0 0 0.8 0 0 41.6 0 0.4 4.2 2.2 0 0 0 0 0 0 0 0 0 0 0 0 0 0 0 0 0 0 0 0 0 0 0 0 3 0 0 0 
 0 0 0 0 0 0 0 0 0 0 0 0 0 0 0.8 0 0.8 0.2 0 0 4.6000000000000005 8.200000000000001 14.8 30.400000000000002 34 36.6 5.4 4.6000000000000005 31.200000000000003 0 29.8 39 11 21.400000000000002 29 42.2 17.2 57.2 15.8 18.2 12.200000000000001 0 0 0 0 0 0 0 0.8 0 0.6000000000000001 0.6000000000000001 4.800000000000001 0 0 0 0.6000000000000001 0 0 0.2 0.6000000000000001 0.4 0.4 0 0 0.4 0 0 0.4 0 0 0.6000000000000001 0 0 0 0 0 0 0.6000000000000001 0 0 0 0 0 0 0 0 0 0 0 0 0 0 0 0 0 0 0 0 0 0 4.6000000000000005 0 2 3.6 1.4000000000000001 0 0 0.2 0 1.6 5.6000000000000005 5.2 0 2.8000000000000003 3.6 4.6000000000000005 5.800000000000001 0.4 0 2.8000000000000003 2.2 0 0 0 0 4 4.800000000000001 0 0 0 0 3 1 0 0 0 0 0 2.4000000000000004 0 0 0 0 0 0 0 0.4 0 0 0 0 0 0 0 0 0 0 0 0 0 0 0 0 0 0 0 0 0 0 0 0 0 0 0 1.8 0 0 0 0 0 0 3.8000000000000003 5.800000000000001 1 5.6000000000000005 0 3.6 1.6 2.8000000000000003 1.6 1.8 0.2 0 0 0.8 0.2 3.2 0 0 1 0 3.4000000000000004 0 0 0 1.8 2.8000000000000003 0 2 0 0 4 4.6000000000000005 0 0 3 2.2 2.2 3 0 0 0 0 0 0 0 0.4 3.4000000000000004 0 0 0.8 0 0 0 0 0 0 0 0 0 0 0 0 0 0 0 0 0 0 0 0 0 0 2.6 0 0 0.6000000000000001 8 0 0.4 0 0 0 0 0 0 0 0 0 0 0 0 0 0 0 0 0 0 1.8 0 0 0 0 0 0.2 2 0 0 0 
 0.4 0.4 0.4 0.4 0.4 0.4 0.4 0.4 0.4 0.4 0.4 0.8 0.4 0.4 0.8 0.8 1 0.8 0.4 0.4 27.8 67.2 42 91.4 38.400000000000006 26 6.2 23.8 38.6 29.8 0 25.8 6.6000000000000005 11 45 26.6 47 66.60000000000001 5.4 57.6 0.2 0 0.6000000000000001 0 0.8 1.4000000000000001 13 1 0.4 0 0 1.8 0.8 1.2000000000000002 0 0 1 0 11.8 10.600000000000001 0 2 10.600000000000001 1.8 0 0.8 0.6000000000000001 1.2000000000000002 0.8 1.2000000000000002 0 0.6000000000000001 0 0.8 0 0 0 7 1.2000000000000002 0.6000000000000001 6.2 0 0 0 0 0 0 0 0 0 0 0 0 0 0 0 0 0 0 0 0 5.800000000000001 2.8000000000000003 0 2.4000000000000004 7 0 6.4 0 2.4000000000000004 3 6.800000000000001 0 0 2.8000000000000003 0 2.2 2.4000000000000004 0 0 3.4000000000000004 2.2 0 0 0 0 0 0.2 3 0 0 0 3.6 0 0 0 0 0 7.800000000000001 8.6 0 0 0 0 0 0 0 0.4 0 0.8 0 0 0 0 0 0 0 0 0 0 0 0 0 0 0 0 0 7.800000000000001 0 0 0 0 0 0.4 0 0 4.4 0 0 0 0 0 0 2.4000000000000004 1.8 5.4 3.6 1.8 2.2 2.2 2.2 9 4 2.2 2.6 1.4000000000000001 0 3.8000000000000003 0 2.6 0 0 0 0 0 0 6.4 0.2 0 0.2 0 0 2.4000000000000004 5 0 1.4000000000000001 2 0 4.800000000000001 0.2 0 0 0 0 0 0 0 0 0 0 0 0 0 0 0 0 0 0 0 0 0 0 0 0 0 0 0 0 0 0 0 0 0 0 3.2 0 0 23.8 26.400000000000002 0 1.2000000000000002 1.2000000000000002 0 0 0 0 0 0 0 0 0 0 0 0 0 0 0 0 0 1.4000000000000001 0 2.4000000000000004 0 0 0.2 0 0 0 0 0 
 0 0 0.4 0 0 0 0 1.2000000000000002 0.4 0.2 0 0 1 4.4 0.2 0 0 0.4 0.2 0.4 9.4 5.6000000000000005 98 36.2 71.2 25.200000000000003 5.800000000000001 3.2 16.2 39 25.8 0 11.600000000000001 5.6000000000000005 6.6000000000000005 52.800000000000004 35.4 53.6 9.600000000000001 3 0.2 13.200000000000001 0 0 1.2000000000000002 0 4.4 0 4.6000000000000005 0 0 1.8 12.8 12.600000000000001 0 0 0.6000000000000001 0 6.2 19.200000000000003 0.8 0 0 9.8 0 0.4 0 0 0.4 0 0.8 0.8 0.6000000000000001 0 0 0.6000000000000001 0 0 0.6000000000000001 0 0 0 0 0 0 0 0 0 0 0 0 0 0 0 0 0 0 0 0 0 0 0.2 0 1.8 4.800000000000001 0.8 0 0.2 0.6000000000000001 0 6 2.2 0 0 0 0.2 0 0 0 0 0 15.200000000000001 0.6000000000000001 0 0 2.4000000000000004 4.2 1.4000000000000001 3.6 0 0 0 2.4000000000000004 3.4000000000000004 0 5.800000000000001 0 0 1.6 2.2 0.4 0 0 0 0 0 0 0.4 0 0 0 0 0 0 0 0 0 0 0 0 0 0 0 0 0 0.2 0 0 0 0 0 0 0 0.4 0 0 0 0 0 0 0 0 0 0 3.6 1.4000000000000001 0 0 2.4000000000000004 0 6 2.8000000000000003 0 0 0 0.2 0 2.8000000000000003 0 2.4000000000000004 4.6000000000000005 2.6 0 0 0 0 3.4000000000000004 0 0 2 0 0 8.200000000000001 0 0 3.2 8.6 4 9.200000000000001 2.2 0 0 0 0 0 0 0 0 0 0 0 0 0 0 0 0 0 0 0 0 0 0 0 0 0 0.4 0 0 0 0 0 0 0 0 0.6000000000000001 0 0.8 0 30.6 0 0.4 0.4 0 0 0 0.2 0 0 0 0 0 0 0 0 0 0 0 0 0 0 0 0 0 0 2.8000000000000003 2 2.6 0 0 0 
 0 0 7 0 29.8 17.2 0 0 0 15.600000000000001 0.2 0 0.4 0 0 0 0 16.6 0 0.2 26.200000000000003 8 91.2 35.6 39.2 8 28.200000000000003 37.6 17.400000000000002 11 6.6000000000000005 11.600000000000001 0 62.2 11.200000000000001 24.8 5.2 20 12.600000000000001 33.4 0 0 0 0 0 0.2 0 0 0.4 0 0 1 0 0.2 0 0 1 0 0 0.4 0 0 0 0 0.8 0.6000000000000001 0 0 0.4 0 0.4 0.6000000000000001 0 0 0 0 0 0.2 0.4 0 0 0 0.4 0 0.2 0 0 0 0 0 1.8 2.8000000000000003 0 0 0 0 0 0 0 0 4.4 2.4000000000000004 4.4 7.4 0 0 7.6000000000000005 0 2.2 1.8 0 1.8 11.4 1.6 1.4000000000000001 5 8.6 0.4 4.4 0 0 0 0 0 0 0 0 0 0 0 0 3.8000000000000003 0 0 0 0 0 0 0 0 0 0 0.2 0 0 0 0 0.4 0 0 0 0 0 0 0 0 0 0 0 0 0 0 0 0 1.8 5.2 0 0 0 0 0 2.4000000000000004 0 0 5.4 2 0 0 2.8000000000000003 0 0 6 2 2.8000000000000003 1 0 6.4 5.6000000000000005 2.4000000000000004 3.8000000000000003 0.8 0 2.8000000000000003 0 2.2 6.800000000000001 0 1.6 0 2.8000000000000003 0 0 0 0 0 0 0.4 0 0 0.2 0 0 0 0 0 0 0 0 0 0 0 0 0 0 0 0 0 0 0 0 0 0 0 0 0 0 0 0 0 0 0 0 0 0 0 0 0 0 0 0 0.4 0 0 0 0.4 0 0 0 0 0.4 0 0 0 0 0 0 0.2 0 0 0 0 0 0 0 0 0 3.8000000000000003 0 0 0 0 0 0 0 0 0 0 0 0 0 
