 0 19.200000000000003 45 11.200000000000001 13.200000000000001 12 31.8 53.6 10.600000000000001 45.6 47.400000000000006 4.800000000000001 11.8 38.400000000000006 27.8 49.800000000000004 9.8 26.8 25.6 74.60000000000001 0.4 0.6000000000000001 0.6000000000000001 0.4 0 0.6000000000000001 0 0.2 1.4000000000000001 14.8 0 1 0 0 0.4 0.2 0 0.8 0.2 0.2 0.2 0.6000000000000001 0.4 1 0 0 0.4 1.2000000000000002 0.4 0.6000000000000001 0.4 1 0.4 0 1.6 1 0.8 0 0.6000000000000001 0 0 0.8 0 0.8 0.6000000000000001 1.2000000000000002 0 0 0 0 0.4 0.6000000000000001 0.4 0 0.6000000000000001 0 1.2000000000000002 0.8 0 0.2 1.4000000000000001 0.8 0.4 0.2 11 0 1.8 2 0 2.4000000000000004 0.2 0.2 0 5.4 1.8 3.6 2.2 5.6000000000000005 4.800000000000001 4.800000000000001 0 0 0 0 0 0 0 0 0 0 0 0.2 0 0.2 0 0 0 0 4.800000000000001 0 2.2 0 0 0 0 0 0 0 0 0 0 0 0 0 3.2 0 0 0 0 0 0 0 0 0 0 0 0 0 0 0 1.2000000000000002 2.8000000000000003 0 0 0 0 2 0 0 0 3.8000000000000003 0 0 5.800000000000001 0 0 0.8 4.6000000000000005 0 0 2.2 3.6 5.6000000000000005 0 5.4 2.6 11.600000000000001 3.4000000000000004 4 2 0 0 0 0 0.4 0.4 0 0 0 0 0 0 3.4000000000000004 0.2 0 6 0 0 0 0 0 0 1.4000000000000001 0 0 0 0 0 0 0.4 0.2 0 0 0 2.6 0.4 0 0 0 0 0 0.4 0 0 0 0 0 0 0 0 0 0 0 0 0 0 0.4 0 0 0 0 0 0 0 0 0.4 0 0 0 0.2 0 6.6000000000000005 0 0 0 0 0 0 0 0 0 0 0.6000000000000001 0 0 0 0 0 0 0 0 0 0 0 0 0 0.4 2.6 0 0 0 0 0 0 0 0 0 0 0 0 
 19.200000000000003 0 36 14.4 103.60000000000001 17.6 11.200000000000001 14.8 20.200000000000003 23.400000000000002 41 11.4 28.6 54.6 18 46 8.200000000000001 16.8 21.400000000000002 5.4 0 0 0 0.4 0 0.6000000000000001 16 0 0 0 0 0.6000000000000001 0 0 0 0 0 0 29 4.2 0 0 0.4 0 0 0 0.4 0.6000000000000001 14 18.400000000000002 0 0.4 0.6000000000000001 0 0.2 0 0 0 0 0.2 0 0.4 0 0 0 0.6000000000000001 0 0 0 0 0 0 0 0 0 0 0.6000000000000001 0.4 0 0 3.4000000000000004 3 6.4 2.8000000000000003 3 1.6 0 0 6.2 0.4 0 0 0 0 2 0 3.2 2.8000000000000003 2 0.2 2.8000000000000003 0 0 0 0 0 3 0 0 0 0 0 7.6000000000000005 0.4 0 0 0 0 3.8000000000000003 2.2 0 0 0 0 0 0 0 0 0 0 0 0 0 0 0 0 0 0 0 0 0 0 0 0 0.4 0 0 0 0 0 0 0 0 0 0 0 4.2 4.2 0 0 0 0 2.2 0 2 0 0 5 0 2.6 0 4.2 3.6 0 0 2 2.4000000000000004 2.8000000000000003 0.2 0 2.8000000000000003 0 0 0 0 0 0.2 0 0 0 0 0 0 0.2 2 0 0 0 4 5.6000000000000005 0 0.2 0 0 0 0 0 0.2 0 0 0 0 0 0 0 0 0 0 0 0 0 0 0 0 0 0 0 0 0 0 0 0 0 0 0 0 0 0 0 0 0 0 0 0 0 0 0.2 0.2 0 0 3.6 0 0 0 0 0 0 0 0 0 0 0 0 0 0 0 0 0 0 0 0 0 0 0 0 2.8000000000000003 3.2 0 0 0 0 0 0 0 0 0 0 0 0 0 
 45 36 0 20 27.6 28.8 17.2 86 58.2 28 42.6 45.800000000000004 17.6 39.6 27.8 47 59.800000000000004 53.6 10.4 68 0 0 0 0.4 0 0.6000000000000001 0 0 0 0 0 0.6000000000000001 30.400000000000002 0.4 0 0.4 0.6000000000000001 0 0 21.8 0 0 0.2 0 0 0 0.4 7.4 0.6000000000000001 0.4 0 0.4 0.6000000000000001 0 8.200000000000001 0 0 0 0 0.2 0 0.4 0 0 0 0.6000000000000001 0 0 0 0 0 0 0 0 0 0 0.6000000000000001 0.4 0 0 0 4.2 0 0.4 4.2 7.4 3.2 0.2 0 8.8 3.8000000000000003 7.6000000000000005 0 0 0.2 2.2 0.4 5.800000000000001 0 0 0.6000000000000001 4 5.4 0 0 0 2.4000000000000004 0 0.2 0 0.2 0 0 0 0 0 0.2 4.800000000000001 5.4 0 0 0 0 0 0 0 0 0 0 0 0 0 0 0 0 0 0 0 0 0 0 0 0 0 0 0 2.2 0 0 0 4.2 0 0 0 0 0 2 0.4 0 0 0 2.2 5.800000000000001 2.4000000000000004 2.4000000000000004 0 5.800000000000001 0 2.2 6.2 0 2.2 0 6.800000000000001 1.2000000000000002 5.4 0 0 0 3.2 3.4000000000000004 0 0 0 0 0 0 0 0 0 0 0 5.2 0 0 0 0 0 2.8000000000000003 10.600000000000001 0 0 0 0 0.2 0 0 0 0 0 0 0 0 0 0 0 0 0 0 0 0 0 0 0 0 0 0 0 0 0 0 6.800000000000001 0 0 0 0 0 0 0 0 0 0.4 0 0 0 0 0 0.2 0.2 18 0 0 2.4000000000000004 0 0.4 0 0 0 0 0 0 0 2.6 0 0 0 0 0 0 0 0 0 0 0.4 0 0.4 0 0 0 0 0 0 0 0 0 0 0 0 0 0 
 11.200000000000001 14.4 20 0 15.4 6.800000000000001 17.400000000000002 12.4 12.4 38.400000000000006 42 59.800000000000004 14.600000000000001 15.200000000000001 29.8 9 16.8 7.4 14 14.4 20 0.4 0.2 1 0 1 19.200000000000003 0 0 0 0.6000000000000001 0.6000000000000001 21.8 21.200000000000003 15.4 0 0 0.2 15.600000000000001 4.2 0 0.6000000000000001 0 0.4 0 13 1.2000000000000002 1 0 0 0 0.4 0.8 0 0 0 0 1 0.6000000000000001 0.4 0 0.4 1.2000000000000002 0 0 0.6000000000000001 0 0.8 0 0.4 1 0 0.4 0.2 0 2.2 0.6000000000000001 0.6000000000000001 0 0 0 0 4.6000000000000005 0 13 2.8000000000000003 1.2000000000000002 3 0 2.2 3.6 3.4000000000000004 0 0 5 0 0.8 2 0.2 0 0 8.200000000000001 8.200000000000001 2 0 0 13.4 0 5.2 5.800000000000001 0 0 3.2 3.4000000000000004 2 0 0 0 6.2 6.4 0 2 0 0 0 0 0 0 0 0 0 0 3.8000000000000003 0 0 0 0 0 0 0 0.6000000000000001 0 0 0 0.6000000000000001 0 0 0 0 0 0 0 0 0 0 0 0.8 0 0 0 0 0 0 0 5.2 4.800000000000001 0 0 0 2 5.4 0 0 0 0 0 0 0 0 0 2.4000000000000004 0.2 4 0 0 0 8 0 8.200000000000001 2 0 0 0 0.2 3.2 0 5.4 2.6 0.4 7.800000000000001 0 0 0 0 0 0 0 0 0 0 0 0 0 0 0.2 0 0 0 0 0 0 0 0 0 0 0 3.4000000000000004 0 0 0 0.4 0 0 0 0 0 0 0 0 0 0 0 0 0 0 0.2 11 0 0 35 0.4 0.4 0 0 0 0 0 0 0 0 0 0 0 0 0 0 0 0 0 0 0 0 0 0 0 0 0 0 0 0 0 0 0 0 0 0 0 0 0 0 
 13.200000000000001 103.60000000000001 27.6 15.4 0 36.2 11.200000000000001 10.200000000000001 28.6 16.6 14 7.4 24 16.6 45.800000000000004 47.800000000000004 29.6 9.4 12 18.8 0.2 0 14.8 0.8 0 0.6000000000000001 47.6 0 0 0 0 0.6000000000000001 0 0.2 21.200000000000003 39.2 0 0 15.4 0.4 0 0 0.2 0 0 3.6 0.8 0.6000000000000001 0.2 6 0 0.4 0.4 0 0 0 0 0 0.6000000000000001 0.4 0 0.4 0 0 0 0.6000000000000001 0.2 0 0 0 0 0 0 6.800000000000001 0 0 0.6000000000000001 0.4 0.8 0 1.2000000000000002 0.8 3.8000000000000003 3.2 4 0 0 6 1.4000000000000001 0 0.2 0 1.8 3 2 8.8 2.4000000000000004 3.4000000000000004 0 2 0 0 0.2 0 0 0 0 2 0 0 0 4.2 3.4000000000000004 3.8000000000000003 9.600000000000001 4.800000000000001 0 2.8000000000000003 0 0.4 0 0 0 0 0 0 0 0 0 0 0 0 0 0 0 0 0 0 0 0 0 0 0 0 0.4 0 0 0 0 0 1.2000000000000002 0 0 0 0 0 0 0 0 0 0 0 1.8 4 2.2 3 0.4 7.4 3.8000000000000003 2.2 2.6 7.2 0 0 2.6 3 0.2 4.6000000000000005 0 0 3.4000000000000004 0 0.2 0 0 0 3.6 4 2.8000000000000003 7.4 0 1.6 3.8000000000000003 3.6 8 3.2 0 0 2.2 0 0 0.4 0 0 0 0 0 0.6000000000000001 0 0 0 0 0 0 0 0.8 0 0 0 0 0 0 0 0 0 0 0 0 0 0 0 0 0 2.4000000000000004 0 0 0 0 0 0 0 0 0 0 0 0.6000000000000001 0 0 0.8 0.2 2.8000000000000003 0.8 0 0 0 0 0 0 0 0 0 0 0 0 0 0 0 0 0 0 0 0 0 0 0 0 0 2.8000000000000003 0 0 0 0 0 0 0 0 0 0 0 0 
 12 17.6 28.8 6.800000000000001 36.2 0 3.8000000000000003 6.800000000000001 37.800000000000004 10.8 61.6 7.4 7 8.6 43.800000000000004 26.200000000000003 18.8 10 8.6 51.400000000000006 19.8 0.6000000000000001 14.8 0.4 0 0.6000000000000001 45 17.2 12.8 0 0 0.6000000000000001 14.8 0 32.4 34.6 0 15.4 36.6 13 0 0 0 0 0 0 0.8 0.6000000000000001 0 0 0 0.4 0.2 0 0 0.4 0 0 0 0.4 0 0.8 0 0.2 0 0.6000000000000001 0 0 0 0 0 0 8.8 1.4000000000000001 0.6000000000000001 0 0.6000000000000001 0.4 0 0 0 4 3.8000000000000003 0 6.2 4 0 3 0 0 0 5.4 0 0 1.2000000000000002 1.4000000000000001 0 2.8000000000000003 0 0.8 0 3 8 0 0 0 18 6.2 4 0 10.8 3.4000000000000004 5.800000000000001 2.4000000000000004 2.2 0 1.2000000000000002 0.6000000000000001 0 3.8000000000000003 0.2 0 0.2 0 0 0 0 0 0 0 0 0 0.2 0 0 0 0 0 0 0 0 0 0 0 0 0 0 0.8 0 0 0.6000000000000001 0 0.2 0 0 0 1.8 0 0 2.6 0 2 2.8000000000000003 0 2.8000000000000003 0.6000000000000001 0 0 2.8000000000000003 0.2 0 2.8000000000000003 0 0 0 4 0 1.8 0.2 0 7.4 0.6000000000000001 1.8 0 2.2 0.2 8.8 0.8 2.8000000000000003 5.800000000000001 0.4 2.2 3.2 4.6000000000000005 6 5.2 0 0 3 5.4 0 0 0 0 0 0 0 0 0 0 0 0 0 0 0 0 0 0 12.600000000000001 0 0 0 0 0 0 0 0 0 0 0 0 0 0 0 0 0 0 0.4 0 0 0 0 0 0 0 0.6000000000000001 0.2 0 0.2 0.8 0.2 0 0.8 0 0 0 0 0 0 0 0.2 0 0 0 0 0 10 0 0 0 0.4 0 0 0 0 0 0 0 0 0 0 0 0 0 0 0 0 0 0 0 
 31.8 11.200000000000001 17.2 17.400000000000002 11.200000000000001 3.8000000000000003 0 18.6 12.4 10.200000000000001 7.800000000000001 7.800000000000001 87.4 33.800000000000004 7.6000000000000005 46.800000000000004 5.800000000000001 5.6000000000000005 9.4 40.800000000000004 0 0.2 0 0.4 0 7.4 0 0.4 0 0 0 1 0 0 0 0 0 13.200000000000001 0 0.4 0 0 0 0 0 0 13 0.6000000000000001 0.6000000000000001 0 0 0.4 0.6000000000000001 0 0 0 0 0 0 0.4 0 0.4 0.4 0 0 0.6000000000000001 0 0 0 0 0 0.4 0 0 0 0 0.6000000000000001 0.4 0 0 3.8000000000000003 0 2.8000000000000003 1.4000000000000001 0 0 4 2 4 2.6 2 0 2.2 5.6000000000000005 0.4 1.8 2 0 2 4 0 0 0 0 0 0 0 0 0 0 0 0 0 0 0 0 0 0 0 0 0 0 0 0 0 0 0 0 0 0 0 0 0 0 0 0 0 2.8000000000000003 0 0 0 0 0 0.2 0 0 0 0 0 0 0.2 0.2 0 0 0 0.6000000000000001 0.2 0 0 0 5 2 0 0 0 0 6 0.2 0 0 0 0 3.6 13.600000000000001 1.4000000000000001 0 0.2 0 0.2 4 0 0 0 0.4 0 0 0 0 0 0 0 0 0 0 0 0 0 0 0 0 0 0 0 0 0 0 0 0 0 0 0 0 0 0 0 0 0 0 0 0 0 0 0 0.2 0 0 0 0 0 0 0 0 0 0 0 0 0 0 0 0 0 0 0 0 0 0 0 0.2 0 0 0 0.6000000000000001 0.2 0 0 0 0 0 0 0 0 0 0 0 0 0 1.6 0 0 0 0 0 0 0 0 0 2 0 0 0 0 0 0 0 0 0 0 0 0 0 
 53.6 14.8 86 12.4 10.200000000000001 6.800000000000001 18.6 0 56.6 44.6 42 7.2 27.8 77.2 16.400000000000002 126.80000000000001 26.400000000000002 26 7.4 32.2 0 0 0.2 41 0 0.6000000000000001 0 0 0 0 0 0.6000000000000001 15.4 0 0 40.6 0 0 7.2 1.4000000000000001 0 0 0 0 0 0 0.4 0.6000000000000001 0.2 0 0 0.4 0.2 12.600000000000001 0 0 0 0 0 0.4 0 1.6 0 0 0 0.6000000000000001 1.2000000000000002 0 0 0 0 0 0 0 0 0 0.6000000000000001 0.4 0 0 2 4.2 0 2.2 2.4000000000000004 4.4 2.6 5.2 1.8 6.800000000000001 0.6000000000000001 6.4 3.6 3 8.4 4.4 0 0 0 4.800000000000001 0 0 0 0 0 0 4 0 0 0 0 0 2.2 0 0 0 0 0 4.6000000000000005 0.2 0.2 0 0 0 0 0 0 0 0 0 0 0 0 0 0 0.4 0 0 0 0 2.4000000000000004 0 0 0 0 0 0 0 0 0 0 0.4 0 0 0 0 2.6 0 0 0 1.2000000000000002 7.4 4 2 0 3.4000000000000004 0 0 8.200000000000001 2.6 2 1.6 0 0.8 4.2 4.800000000000001 12.200000000000001 1.4000000000000001 0 6 0 0 0 0 0 0 0 0 0 0 0 0 8.200000000000001 0 0 0.4 1 0 0.2 2.2 0 0 0.4 0 0 0 0 0 0 0 0 0 0 0.2 0 0 0 0 0 0 0 0 0 0 0 0 0 0 0 0 0 0 0 0 0 0 0 0 0 0 0 2 0 0 0 0 0.2 0 2 0.2 0 1.2000000000000002 0 0 0 0 0 0 0 0 0 0 0 0 0 0 0 0 0 0 0 0 0 0 0 0 0 0 0 0 0 0 0 0 0 0 0 0 0 0 
 10.600000000000001 20.200000000000003 58.2 12.4 28.6 37.800000000000004 12.4 56.6 0 42.2 66.4 8 24.200000000000003 23.400000000000002 15.600000000000001 35.6 52.800000000000004 24 18 19.200000000000003 0 0 0 0.4 0 0.8 16.2 0 0.4 0 0 0.6000000000000001 14.8 0.4 0 0 0 0 41.6 13 0 0 0.4 0 0 0 0.4 0.6000000000000001 0.2 0 0 0.4 0.2 0 0 0 0.4 0 0 0.2 0 1.8 0 0 0 0.6000000000000001 6.2 0 0 0 0 0 0 0 0 0 0.6000000000000001 0.4 0 0 0 11 3.8000000000000003 0.4 3.8000000000000003 6.800000000000001 2.8000000000000003 3.8000000000000003 0.2 3.4000000000000004 2.8000000000000003 3.4000000000000004 0 0 3.4000000000000004 1.8 0 2.8000000000000003 0 0 0.2 0 0 0 0 0 3.8000000000000003 0 0 0 0 0 7 0.4 0 0 0 0 3.8000000000000003 5.6000000000000005 0 0 0 0 0 0 0 0 0 0 0 0 0 0 0 0 0 0 0 0 0 0 0 0 0 0 0 0 0 0 0.4 0 0 0 0 0 5.4 0 0 0 0 4.2 6.2 2.6 0 0 3.4000000000000004 0.6000000000000001 9.8 0.2 4.2 2.8000000000000003 0 2 3.8000000000000003 11.8 4.2 0.2 0 2 5 0.2 0 0 0 0 0.2 0 0 0 0 0 5.4 0.2 2 0 0 0 0.6000000000000001 12.600000000000001 0 0 0 0 5.800000000000001 0 0 0 0 0 0 0 0 2.6 0 0 0 0 0 0 0 0 0 0 0 0 0 0 0 0 1.6 0 0 0 0 0 0 0 0 0 0 2.8000000000000003 0 0 0 0 0.2 0 9.4 0 0 1 0 0 0 0 0 0 0 0 0 0 12.200000000000001 0 0 0 0 0 0 0 0 0 0 0 0 0 0.2 0 0 0 0 0 0 0 0 0 0 0 0 0 
 45.6 23.400000000000002 28 38.400000000000006 16.6 10.8 10.200000000000001 44.6 42.2 0 44.800000000000004 20 29 37.800000000000004 14.200000000000001 22.6 41 31 32 20.8 15 0 0 0.4 0 0.6000000000000001 15 0 0.4 0 0 0.8 15.600000000000001 6.4 0 0 1 0.6000000000000001 32.4 16.2 0 0 0.4 0 0 0 1.2000000000000002 0.6000000000000001 0.2 0 0 1 1.6 0 0 0.4 0 0 0 0.2 0 1.4000000000000001 0 0.2 0 0.6000000000000001 1 0 0 0 0 0.6000000000000001 0 0 0.6000000000000001 0 0.6000000000000001 0.8 0 0 0 3.4000000000000004 5.2 0 7.2 5 0 0 4 0 2.6 0 0 2.8000000000000003 2.2 0 2.2 5 2.2 2.4000000000000004 0 5 0 0 0 0 5.800000000000001 0 0 0 0 0 3.2 1.4000000000000001 0 0 0 0 11.200000000000001 2.8000000000000003 0 2 2.8000000000000003 0 0 0 0 0 0 0 0 0 0 0 0 0 0 0 0 0 0 0 0 0 0 0 0 0 0 0 0 0 0 0 0 0 2.2 0 0 0 0 2.2 1.6 4 2.4000000000000004 3.4000000000000004 0 0.2 9.600000000000001 1.4000000000000001 14 0 2 0 2.8000000000000003 2.2 5.2 3 5 0 2.4000000000000004 5 5.4 0 0 0 0 0 0.4 0 0 0 3.8000000000000003 0.2 1.8 0 2.2 0 0 3.2 0 0 0 0 0 0 0 0 0 0 0 0 0 0 0 0 0 0 0 0 0 0 0 0 4.2 0 0 0 0 0 0 0 0 0 0 0 0 0 0.6000000000000001 0 0 0 0 0 0 0.4 30 0 0.4 0 0 1.2000000000000002 0 0 0 0 0 0 0 0 0 0 0 0 0 0 0 0 0 0 0 0 0 0 0 0 4.800000000000001 0 0 0 0 0 0 0 0 0 0 0 0 0 
 47.400000000000006 41 42.6 42 14 61.6 7.800000000000001 42 66.4 44.800000000000004 0 7.4 52.2 27.8 27.6 40.800000000000004 57.400000000000006 40.800000000000004 8 17.400000000000002 0 0 0 0.4 0 0.6000000000000001 3.8000000000000003 0 0 0 0 0.6000000000000001 15.4 0 0 0 0 0 31 15.4 0 0 0.2 0 0 0 0.4 0.8 0.2 0 0 0.4 0.2 0 0 0 0 0.4 0 0 0 0.4 0 0 0 0.6000000000000001 0 0.2 0 0.2 0.6000000000000001 0 0.2 0 0 0.4 0.6000000000000001 0.4 0 0 0 1.8 6.6000000000000005 0 8.200000000000001 6.2 1.8 3.6 0 2.2 0.2 3 0 0 2.2 2 0.2 0 0 0 0 0.2 2 0 0 0 5.2 0 2 0 0 0 6.6000000000000005 6 0 0 0 0 1.8 1.4000000000000001 0 0 0 0 0 0 0 0 0 0 0 0 0.4 0 0 0 0 0 0 0 2.4000000000000004 0 0 0 0 0 0 0 0 0 0 0 0.2 0 0 0 3.6 0 0 1 0 1.8 4.4 0 4.2 0 0 0 3.6 6 0 0 0 2.2 2.4000000000000004 6.2 0 0 0 3.4000000000000004 2 0 0 0 0 0 2.6 0 0 0 0 0 12.600000000000001 0 0.4 0.2 0 0 2 6.4 0 0 0 0 0 0 0 0 0 0 0 3.2 0.4 0 0 0 0 0 0 0 0 0 0 0 13 0 0 0 0 0 0 1.8 0 0 0.2 0 0 0 0 0 0 2.4000000000000004 0 0 0 0.2 18.6 0 9.4 17.2 0.2 2 0 0 0 0 0 0 0 0 0.2 0 0 0 0 0 0 0 0 0 0 0 0 0 0 0 0 0 0 0 0 0 0 0 0 0 0 0 0 0 
 4.800000000000001 11.4 45.800000000000004 59.800000000000004 7.4 7.4 7.800000000000001 7.2 8 20 7.4 0 24.6 67.4 63.6 8 15.600000000000001 29 49.6 23.8 15.4 0 0 0.4 0 1 0 0 0 0 0 0.6000000000000001 7.2 22 1 0.2 0.4 0 0 29.8 0 0 0.4 0 0 0 1.4000000000000001 13 0.2 0.6000000000000001 0 0.6000000000000001 1.4000000000000001 0 0 0 0 0 0 0.8 0 0.8 0 0 0 0.8 0 0 0.2 0 0.2 0 0 0.4 0 0 0.6000000000000001 0.4 0 0.2 0 0 0 0 2 0 2 3.4000000000000004 0 6 3.2 12.8 0 0 2 2.6 4 6 0 0 12.4 5 0 0 0 0 3.2 0 2 0 0 0 0 0 0.2 0 0 0 5.2 1.8 0 0 0 0 0 0 0 0 0 0 0 0 0 0 0 0 0 0 0 0 0 0 0 0 0 0 0 0 0 0 0 0 0 0 0 0 0 0 0 0 0 0 0 2.8000000000000003 6 0 0 1.6 0 4.6000000000000005 6.6000000000000005 0 0 1.6 3.2 0 0 1.8 0 0 3.6 0 2 0 0 0 0 3.8000000000000003 0.2 2.8000000000000003 0 0 4.6000000000000005 0 0 0 0 0 1.2000000000000002 2.4000000000000004 0 0 0 0 0 0 0 0 0 0 0 0 0 0 0 0 0 0 0 0 0 0 0 0 0 0 0 0 0 0 0 0 0 0 0 0 0 0 0 0 0 0 0 0 0 0.6000000000000001 18.8 0.4 0.6000000000000001 1.2000000000000002 0 0.4 2.6 0 0 0 0 0 0 0 3.8000000000000003 0 0 0 0 0 0 0 0 0 0 0 0 0 0 6.800000000000001 0 2.8000000000000003 0 0 0 0 0 0 0 0 0 0 0 0 
 11.8 28.6 17.6 14.600000000000001 24 7 87.4 27.8 24.200000000000003 29 52.2 24.6 0 81.80000000000001 55.400000000000006 8.6 51.6 6.4 29.200000000000003 47.2 0 0.4 0 0.4 0.6000000000000001 0.6000000000000001 0 0 0 0 0 0.6000000000000001 0.6000000000000001 0 0 0.4 0 0 0 0.4 0 0 0.4 0 0.4 1 0.8 0.6000000000000001 0 8.200000000000001 0 0.4 0 0 0 0 0 0 0 0 0 0.4 0 0 0 0.6000000000000001 0 0 0 0 0 0 0.8 0 0 0 0.6000000000000001 0.4 0 0 0 0 1.8 6.800000000000001 3 0 3.4000000000000004 7.4 5.800000000000001 4 0 4.4 2.2 2.8000000000000003 7.2 0 1.2000000000000002 2.2 3.6 10.200000000000001 0 0 1.2000000000000002 0 0 0.4 0 0 0 0 0 1.4000000000000001 0 0 0 0 0.4 0 0 0 0.4 0 0 0 0 0 0 2.6 0 0 0 0 0 0 0 0 0 0 0 0 0.2 0 0 0 1.2000000000000002 0.4 0.4 0 0 0 0 3 0 0 0 0 0 0 0 0 9.200000000000001 2.2 0.4 0 0 0 0 0 2.6 2 0 0 6.2 0 0 0 3 2.2 3 5.6000000000000005 0 1.4000000000000001 0 0 0 0 0 0 0 0 0 0 0 0 0 0.2 0.4 0 0 0 0 0 0 0.2 0 0 0 0 0 0 0 0 0 0 0 0 2.2 0 0 0 0.4 0 0 0 0 0.2 0 0 0 1.6 0 0 0 0 0 0 0 0 0 0 0 0 0 0 0 0 0 0.4 0.4 19 1.8 0 0 0 0 0 0 0 0 0 0 0 0 0 0 0 0 0 0 0 0 0 0 0 0 0 3.2 0 0 0 0 0 0 0 0 0 0 0 0 0 
 38.400000000000006 54.6 39.6 15.200000000000001 16.6 8.6 33.800000000000004 77.2 23.400000000000002 37.800000000000004 27.8 67.4 81.80000000000001 0 55.6 11.4 21.8 7.6000000000000005 37.2 124.60000000000001 0 0 0 0.4 0 0.6000000000000001 0 0 0 0 0 1 0.4 0 0 0 0 0 0 0.2 0 0 0.4 0 0 0 0.4 0.6000000000000001 0.2 0 0 0.4 0.2 0 0 0 0 0 0 0.2 0 0.4 0 0 0 0.6000000000000001 0 0 0 0 0 0 0 0 0 0 0.6000000000000001 0.4 0 0 1.4000000000000001 0 0 2.2 4.4 1.8 4.800000000000001 8.6 2.8000000000000003 10 3.2 1.6 0.4 3.6 4.4 0 0 6 5.4 1.6 0 0 0 0 0.4 0 0 0 0 0 0 0 0.4 0 0 0 0 0 0.2 0 0 0 0 0 0 0 0 0 0 0 0 0.4 0 0 0 0 0 0.4 0 0 0 0 0 0 0 0 0 0 0 0 0 0 0 0 0 0 0.4 0 0 0 1.6 4.2 1.8 13.4 0 0.2 2.6 2.6 7.800000000000001 0 0 0.4 1.8 5.2 4.4 5.2 5.800000000000001 0 4.800000000000001 8.200000000000001 0 0 0 0 0 0 0 2.8000000000000003 0 0 0 0 8.8 0 2.2 0 0 0 0 2.8000000000000003 0 0 0 0 0 0 0 0 0 0 0 0 0 0 0 0 0 0 0 0 0 0 0 0 0 0 0 0 0 0 0 0 0.2 0 0 0 0 0 0 0 0 3 0 0 0.2 0 0 0 0.4 17.400000000000002 0 0.4 0 0 0 0 0 0 0 0 0 0 3 0 0 0 0 0 0 0 0 0 0 0 0 0 4.2 0 0 0 0 0 0 0 0 0 0 0 0 0 
 27.8 18 27.8 29.8 45.800000000000004 43.800000000000004 7.6000000000000005 16.400000000000002 15.600000000000001 14.200000000000001 27.6 63.6 55.400000000000006 55.6 0 35.4 7 14.8 39.2 75 0 0 0 0.4 0 0.6000000000000001 0 0 0 0 0.4 0.6000000000000001 11.600000000000001 0 0 0 0 0 0.4 0.4 12.600000000000001 0 0.4 0 9 0 0.4 0.6000000000000001 0.2 0 0 0.4 0.2 0 1 0 12.600000000000001 0 0 0 0 0.4 0 0 0 0.6000000000000001 0 0 0 0 0 0 0 0 0 0 0.6000000000000001 0.4 0 0 0.2 0 1.4000000000000001 6.6000000000000005 0.2 0.4 0 6 4.800000000000001 4.800000000000001 0 5 2.2 2.2 12.600000000000001 0 6.800000000000001 5.6000000000000005 0 12.200000000000001 3 0 0 0 0 0 0 0 0 0 0 0 0 0 0 0 0 0 2.2 0 0 0 0 0 0 0 0 0 0 0 0 0 0 0 0 0 0 0 0 0 0 0 0 3.8000000000000003 0 0 0 0 0.4 0 0.4 0 0 0 0 0 0 0 0 0 4.6000000000000005 2 6.6000000000000005 2.2 2.2 0 11.200000000000001 0.4 6.2 4.2 0 0 0 0.6000000000000001 0 0 0 5 0.2 0.6000000000000001 0 0 0 0.2 0 0 0 0 0 0 0 0 4.2 0 1.4000000000000001 0 0 0 0 0 1.8 0 0 0 0 0 0 0 0 0 0.2 0 0 0 0 0 0 0 0 0 0 0 0.2 0 0 0 0 0 0 0 0 0 0 0 0 0 0 0 0 0 0 0 0 0 0 0 0 0 0.6000000000000001 10.200000000000001 0.6000000000000001 0.4 0.4 0 0 0 0 0 0 0 0 0 4 0 0 0 0 0 0 0 0 0 0 0 0 4 4 0 0 0 0 0 0 0 0 0 0 0 0 0 
 49.800000000000004 46 47 9 47.800000000000004 26.200000000000003 46.800000000000004 126.80000000000001 35.6 22.6 40.800000000000004 8 8.6 11.4 35.4 0 16 34.800000000000004 17.8 34.2 0.4 0 0 0.6000000000000001 0 0.6000000000000001 15 0.4 0 0 0 0.6000000000000001 0 0 0.2 0 0 0.8 30.6 4.4 0 0 0.4 0 0 0.2 0.4 0.6000000000000001 1 0 0 0.4 0.4 0 1 0 0 0 0 0 0 0.8 0 0 0 0.6000000000000001 1.2000000000000002 0 0 0 0 0.2 0 0 0 0 0.6000000000000001 0.4 0 0 1.2000000000000002 2.8000000000000003 9.4 1.6 7 2.6 0.4 5.4 0.4 0 0 0 0.6000000000000001 4.6000000000000005 1.4000000000000001 2 0.2 5.4 0 2.6 0 0 0 0.2 0 0.6000000000000001 3.2 0 0 0 0 0 2.6 0.2 0 0 0 2 3.6 0.4 0 0 0 0.4 0 0 0 0.4 0 0 0 0 0 0 0 0 0 0 0 0 0 0 0 2 0 0.2 0 0 6.2 0 0 0 5.2 0 0 0 2.8000000000000003 0 0 0.2 0 0 6.800000000000001 7.6000000000000005 0 2 3 0.4 4.6000000000000005 2 3.2 3.2 0 0 1 2.6 4.2 3.4000000000000004 0 0.4 3.8000000000000003 0 0 0.2 0 0 0 0 0 0 0.2 0 7.2 0 2.6 0 0 0 5.6000000000000005 2.8000000000000003 0 0 0 0 0 0 0 0 2.6 0 0 0.4 0 0 0 0 0 0 0 0 0 0 0 0.2 0.2 0 0 0.2 0 0 0 0 0 0 0 0 0 0 0 0 0 0.2 0 0 0 0.4 0.2 0 0.6000000000000001 0.2 2.8000000000000003 0 0.4 0.4 0 0 0 0 0 0 15.200000000000001 0 3.2 0 0 0 0 0 0 0 0 0 0 0 0 0 0 0 0 0 0 0 0 0 0 0 0 0 0 0 
 9.8 8.200000000000001 59.800000000000004 16.8 29.6 18.8 5.800000000000001 26.400000000000002 52.800000000000004 41 57.400000000000006 15.600000000000001 51.6 21.8 7 16 0 10.200000000000001 8 28.6 0 0 0 0.4 0 0.6000000000000001 15.4 0 0.4 0 41.400000000000006 0.8 14.8 0.2 0.2 0 0 0.4 14.8 0.2 0 0 0.4 0 0 1.2000000000000002 0.4 0.6000000000000001 0.4 0.4 0 1.8 0.4 0 0 0 0 1 0 0.2 0 0.8 0 0.6000000000000001 1.2000000000000002 0.6000000000000001 0.2 0.4 0.4 0.6000000000000001 0.4 0 0.4 0.2 0 0.2 1.2000000000000002 0.4 0 0 1.2000000000000002 3.6 5.2 0.2 3.2 1.6 2.8000000000000003 3.2 0.2 2.6 0 1.6 8.4 4 0.2 0.2 2 2.2 4.6000000000000005 1 2.6 6.800000000000001 0 0 0 0 3 0 0.2 0 0.2 0 5.6000000000000005 3.2 0 2 1.4000000000000001 1.4000000000000001 3.6 0 0 2.4000000000000004 0 0 0 0 0 0 0 0 0 0 0 0 0 0 0 0 0 0 0 0 0 0 0 0 0 0 0 0.4 0 0 0 0 0 0 2 0.2 0 0 0 0 4.800000000000001 6.6000000000000005 4.2 3.8000000000000003 2.6 4.2 1.2000000000000002 3.4000000000000004 0.4 3.2 1.2000000000000002 2 1.8 2.6 3.2 0 3.6 2.2 2.8000000000000003 0.2 0 0 0 0 0 0.4 0 1.6 0 0 2.2 0 9 0 2 0 2.6 6.2 0 0 0 0 0.2 0 0 0 0 3 0 0 0 0 0 0 0 0 0 0 0 0 0 0 0 0 0 0 1.6 0 0 0.2 0 0 0 0 0 0 0 0 0 2.6 0 0 0 0 2.8000000000000003 0 1 1 0.2 1.6 0 0 0 0 0 0 0 0 0 0 2.6 0 0 0 0 0 0 0 0 0 0 0.2 0 2.6 1 0 0 0 0 0 0 0 0 0 0 0 0 0 
 26.8 16.8 53.6 7.4 9.4 10 5.6000000000000005 26 24 31 40.800000000000004 29 6.4 7.6000000000000005 14.8 34.800000000000004 10.200000000000001 0 17.8 31.400000000000002 0 0 0.4 0.6000000000000001 0 0.6000000000000001 0 0.2 0 0 0 0.6000000000000001 15 0 0.4 0 0 0 13.8 0.4 0 0 0.4 0 0 0.8 0.4 0.6000000000000001 0.2 0 0 0.4 0.2 0 1 0 0 0 0 0 0 1.8 0 0 5.4 0.6000000000000001 0.6000000000000001 0 0 0 0 0 0 0 0 0.6000000000000001 0.6000000000000001 0.4 0 0 0 5.4 0.2 2.4000000000000004 0 7.4 1.6 6 0.2 0 4.800000000000001 5.4 1.6 2.4000000000000004 12.200000000000001 7.2 0 6 0 4.6000000000000005 0 0 0 0 0 0 3 0 0 0 0 0 2 0 0 0 0 0 2.8000000000000003 1.4000000000000001 0 0 0 0 0 0 0 2.2 0 0 0 0 0 0 0 0 0 0 0 0 0 0 0 0.4 0 0 0 0 0 0 0.4 0 0 0 0 0 1.8 0 0 0 0 5.6000000000000005 5.800000000000001 2 0 0.4 2.8000000000000003 3.8000000000000003 9.200000000000001 0 3.4000000000000004 0 0 1.8 0.4 6 5.4 4.6000000000000005 0 0.2 0 0 0 0 0 0 0 0 0 0 0 0 2.8000000000000003 0 3.6 0 0 0.2 0 0 0 0 0 0 0 0 0 0 0 0.2 0.2 0 0 0 0 0.4 0 0 0 0 0 0 0 0 0 0 0 0 0 0 0 0 0 0 0 1.8 0.4 0 0 0 0 0 0 0 0 0 0.4 0 0.8 0.2 0.4 1.8 0 0 0 0 0 0 0 0 0 0 12.8 0 0 0 0 0 0 0 0 0 0 0 0 3.2 0 0.4 0 0 0 0 0 0 0 0 0 0 0 0 
 25.6 21.400000000000002 10.4 14 12 8.6 9.4 7.4 18 32 8 49.6 29.200000000000003 37.2 39.2 17.8 8 17.8 0 103.4 15 0 0.2 0.4 0 1 0 0 0.4 0 0 0.6000000000000001 0 0 35.6 0 0 0 0 0.4 0 0 0.2 0 0 0 0.4 0.6000000000000001 0.2 0 0 0.4 0.2 0 0.4 0 0 0 12.200000000000001 0.4 0 0.4 0 0 0 0.6000000000000001 0 0 0 0 0 0 0.8 0 0 0 0.6000000000000001 0.4 0 0 1 0 1.4000000000000001 0.2 4 0 0 2.2 3.2 1.8 0 0.2 0 4.6000000000000005 0 0 1.6 2.6 0 1.4000000000000001 0 0 0 0 0 0 0 0 0 0.4 0 0 0 0 2.6 0 0 0 0 0 1.8 0 0 0 0 0 0 0 0 0.2 0 0 0 0 0 0 0 0 0 0 0 0 0 0 0 0 0 0 0 0 0 0 0 0 0 0.2 0 0 0 0 2.4000000000000004 2.2 2 2.6 0 0.4 5.6000000000000005 0 6.800000000000001 2.6 0 0 1.4000000000000001 0 1 0 8.200000000000001 5 9.8 0 0 0 0 0 0 4.800000000000001 0 0 0 0 0 0.4 0 0 0 0 0 0 0 0 0 0 0 0 0 0 0 0 0.4 0 0 0 0 0 0 0.4 0 0 0 0 0 0 0 0 0 0 0 0 0 0 0 0 0 0.4 0 0 0 0 0 0 0 0 0 0 0 0.4 0 0 0.2 0.2 2.4000000000000004 0.6000000000000001 0 0 0 0 0 0 0 0 0 0 8.4 0 0 0 0 0 0 0 0 0 0 0 0 0 2 0 0 0 0 0 0 0 0 0 0 0 0 0 
 74.60000000000001 5.4 68 14.4 18.8 51.400000000000006 40.800000000000004 32.2 19.200000000000003 20.8 17.400000000000002 23.8 47.2 124.60000000000001 75 34.2 28.6 31.400000000000002 103.4 0 0.4 0 0 0.4 0 0.6000000000000001 0 0 15 0.4 0.4 0.6000000000000001 0 0 0 0 0 0 0.4 0.2 0 0 0.4 0 0 0 0.4 0.6000000000000001 0.4 0 0 0.4 0.4 0 1 0 0 0 0 0 0 0.4 0 0 0 0.6000000000000001 0 0 0 0 0 0 0 0 0 0 0.6000000000000001 0.4 0 0 0.4 0 0 2.4000000000000004 6 0 1.6 3.6 6.6000000000000005 4.800000000000001 0 0.2 1.8 2.8000000000000003 10.8 0 2 6.6000000000000005 8.200000000000001 9 0 0 0 0 0 7.6000000000000005 0 0 0.2 0 0 0 0 0 0 0 0 0 0 0 0 0 0 0 0 0 0 0 0 0 0 0 0 0 0 1.8 0 0 0 0 0 0 0 0 0 0 0 0 0 0.2 0 12 0 0 0 0 1.8 0.4 0 0 13.200000000000001 1.8 0 4.2 0.2 0 1.4000000000000001 2.2 2.8000000000000003 0 0 0 5 0.2 0 0 9.4 3.4000000000000004 3 4.2 0 0 2.2 0 0 0 0 0 0 0 3.4000000000000004 0 4.2 0 3.2 0 0 0 0 0 0 0 0 0 0 0 0 0 0 0 0 0 0 0 0 0 0 0 0.2 0 0 0 0 0.2 0 0 1.2000000000000002 0 0 0 0 0 0 0 0 0 0 0 0 0 0 0 0 0 0 0 0 0 0 17.6 0.4 2 0 0 0 0 0 0 0 0 0 0 1.4000000000000001 0 0 0 0 0 0 0 0 0 0 0 0 0 4.4 0 0 0 0 0 0 0 0 0 0 0 0 0 
 0.4 0 0 20 0.2 19.8 0 0 0 15 0 15.4 0 0 0 0.4 0 0 15 0.4 0 59.400000000000006 16.6 53 51.2 23.200000000000003 44.6 46.400000000000006 14 6.800000000000001 63.800000000000004 22.400000000000002 19 38 43.800000000000004 9 8.6 27.6 12.8 52.400000000000006 0 0.6000000000000001 0.2 0 0 0 2 0.2 0.4 1 1 0 1.4000000000000001 0 0 0.8 1 0 0.6000000000000001 0 0 0.4 0 0 0 0 0 0 0 0.4 0 0 0.8 1 0 0 0 0 0 0 0 0 0 0 4.800000000000001 2.8000000000000003 0 0.4 0 0.4 0 0 0 0 0 10.200000000000001 0 0 0.6000000000000001 0 0 6.4 7.800000000000001 0.8 0.4 0 9.600000000000001 9.4 4.4 0 2.2 3.4000000000000004 0 4 8.200000000000001 0 3.6 0 4.4 11 0 0 0 0 0.4 0 0 0 0 4 0 0 0 0 0 0 0 0 0 0 0 0 0 0 0 0 0 0 0 0 0 0 1.8 0 0 0 0 0 0 0 0 0 2 0 0 0.2 0 0 0.8 0 7.800000000000001 1.8 0 0 0 0 0 0 0 0 2.2 0 6.800000000000001 0 1.8 0.6000000000000001 3.8000000000000003 0 8.200000000000001 7.6000000000000005 1.8 0 4 0 1.4000000000000001 1 0 4.2 1.8 2 0 0 0.2 0 0 0 0 0 0.4 0 0 0.4 0 0 0 0 0.2 0 0 0 0 0 0 0 0 0 0 0 0 0 0 0 0 0 0 0 0 0 0 0 0 0 0 0 0 0 0 0 0 0 0 0 0 0 0 0 0 0 0 0.2 0.2 0 0 0 0 0 2 0 0 0 0 0 0 0 0 0 0 0 0 0 0 1.4000000000000001 0 0 0 2 0 0 0 0 
 0.6000000000000001 0 0 0.4 0 0.6000000000000001 0.2 0 0 0 0 0 0.4 0 0 0 0 0 0 0 59.400000000000006 0 50.2 66.8 6.4 28.6 27 52 44.2 33.800000000000004 16.2 7.4 7.4 19.400000000000002 36.2 9 57.800000000000004 26 15.200000000000001 28 1.6 0 0.6000000000000001 0.4 0.6000000000000001 0.2 0.4 0.4 12.4 0 0 0 0.6000000000000001 0 0.4 0 0 0 13.4 0 0 0 0 4 0 0.4 0.4 0 1 0 0 0.6000000000000001 0 4.2 0.6000000000000001 0.2 0 0 10 0.6000000000000001 0 0 0 0 0 0 0 0 2.4000000000000004 0 0 0 0 0 0 0 0 0 0 0 8.6 2 1.4000000000000001 2.8000000000000003 4.2 3.2 0 5 10.200000000000001 5.800000000000001 10.200000000000001 0 0 0 0 4.4 4.800000000000001 3.2 0 0 0.4 0 0 13.4 0 0 0 0 0 0 0 0 6.4 2.2 0 0 0 0 1.6 5.2 0 0 0 0 0 0 0 0 0 0 0 0 0 0 0 0 0 0 0 0 0 0 0 0 0 0 0 0 0.6000000000000001 0 0 0 0 0 0 0 0 0 0.6000000000000001 2.2 2 5.4 0 4.800000000000001 7.4 4.4 0 6.4 0 6.4 7.4 6.4 0 3.2 1.8 5 3.8000000000000003 5 0 0.4 2.2 0 0 0 0 0 10.8 0 0 0 0 0 3.2 4 2.2 0 0 0 0 7.4 0 0 0 0 0 0 0 0 0 0 0 0 0 0 0 0 0 0 0 0 0 0 3.6 0 0 0 0 0 0 0 0 0 0 0 1.2000000000000002 0 0 16.400000000000002 15.200000000000001 0 0 0 0 0 0 0 2 0 0 0 0 0 0 0 0 0 0 0 0 1.6 0 0.4 0 0 0 0 0 0 0 0 
 0.6000000000000001 0 0 0.2 14.8 14.8 0 0.2 0 0 0 0 0 0 0 0 0 0.4 0.2 0 16.6 50.2 0 39.400000000000006 59.800000000000004 50 16.8 51.400000000000006 62.400000000000006 42.400000000000006 37 47.400000000000006 57.400000000000006 17 9.8 16.400000000000002 67.2 9 23 93.80000000000001 16.2 0 0 0 0 0 0.4 0.2 0 0 0 0 0.6000000000000001 0.2 0 0 0 12.4 0.6000000000000001 0.2 0 0 0 0.4 0 0 0 0 0 0 0 0.6000000000000001 0 0 0.4 0 0 0.4 0 0.6000000000000001 0 0 0 0 0 0.4 0 0 0 0 0 0 0 0 0 0 0 0 0 0 2.6 1.4000000000000001 1.4000000000000001 0 2.4000000000000004 0 0 8.4 2.8000000000000003 1 5 2.8000000000000003 2.4000000000000004 0.2 0 2.6 4 1.4000000000000001 1.4000000000000001 0 0 0 0 0 0 0 0 0 2.6 0 0 0 2 2 2.2 0 0 0 0.6000000000000001 0.4 0 0 0 0 0 0 0 0 0 0.4 0 0 0 0 0 0 0 0 0 0 0 0 0 0.4 2.4000000000000004 1.8 0 0 0.6000000000000001 0 0 0 0 0 0.2 0 0 0 0.8 0 2.4000000000000004 1.6 0.2 5 7.6000000000000005 4.800000000000001 2.4000000000000004 4.4 0.2 0 7.2 8 0 9.8 2.2 5.800000000000001 4.4 7.800000000000001 0 0 0 2 0 0 0 0 5 2 0 0 0 0 4 3.6 0 0.6000000000000001 0 0 1.6 4.6000000000000005 0 0 0 0 0 0 0 0 9.8 0 0 0 0 0.4 0 0 0 0 0 0 0 0 0 0 0 0 0 0 0 0 0 0 0 0 0.4 0 0 2.2 0 0.4 1 0 0 0 0 0 0 0 0 0 0 0 0 0 0 0 0.2 0 0 0.2 0 0 0 0 0 0 0.2 0 0 0 
 0.4 0.4 0.4 1 0.8 0.4 0.4 41 0.4 0.4 0.4 0.4 0.4 0.4 0.4 0.6000000000000001 0.4 0.6000000000000001 0.4 0.4 53 66.8 39.400000000000006 0 24.200000000000003 66.8 33 44 27.6 89.2 30.200000000000003 13.4 14.4 11.200000000000001 54.6 55.800000000000004 18.8 73 61 11.4 11.8 0 0.2 0 0 0 0.4 42 0.2 0 0 41.800000000000004 14.200000000000001 0 5.2 0 0 0 6.6000000000000005 0 0 0 0 0.4 0 0 0 0 0 0 0 0.6000000000000001 0 0 0.6000000000000001 0 6.6000000000000005 0.6000000000000001 5.2 0.4 0 0 0 0 0 0 0 0 0 0 0 0 0 0 0 0 0 0 0 0 4.800000000000001 0 0 2.8000000000000003 8.6 1.8 0 0 1.8 6.800000000000001 11.200000000000001 0 0 3 0 7.800000000000001 3.6 2.2 0 0 0 0 0 0 0 0 0 0 0.2 0 0 2.8000000000000003 1.8 0.6000000000000001 2.8000000000000003 0 0 0 2.6 3.2 0 0 0 0 0 0 0 0 0 0 0 0 0 0 0 0 0 0 0 0 0 0 0 0 0 0 0 1.4000000000000001 0 0 0 0 0 0 0 0 0 0 1.4000000000000001 0 0 6.800000000000001 0 7.4 8.4 0 0 4.800000000000001 0 4.2 0 8.200000000000001 0 3.2 0.2 2.8000000000000003 3 18.400000000000002 0 0 2.8000000000000003 1.8 0 1.4000000000000001 0 0 14.200000000000001 1.8 1 0 0 0 4.2 3.8000000000000003 0 1.2000000000000002 0 0 0.2 0 0 0 0 0 0 0 0 0 0 0 0 0 0 0 0 0 0 0 0 0 0 0 0.2 0 0 0 0 0 0 0 0 3 0 0 0.4 0.4 0.4 15.200000000000001 15 0 2.8000000000000003 0.4 0 0 0 0 0 0 0 0 0 0 0 0 0 0 0 0 0 7 0 2.6 0 0 0 0 0 0 0 0 
 0 0 0 0 0 0 0 0 0 0 0 0 0.6000000000000001 0 0 0 0 0 0 0 51.2 6.4 59.800000000000004 24.200000000000003 0 24.200000000000003 10.4 14.4 36.6 43.2 18.2 3.8000000000000003 32.6 15.200000000000001 15 51.400000000000006 10 26.400000000000002 15.8 33.800000000000004 0.4 11.8 0.6000000000000001 0 0.6000000000000001 0 0.4 2.6 11 0 0 0.2 5.2 12.200000000000001 27.200000000000003 0 12.8 0.2 0.2 12.600000000000001 0 0 0 0.4 0.4 0 0 0 0 0 0 0.6000000000000001 0 0 0.4 0 0 0.4 0 0.4 0 0 0.4 0 2.4000000000000004 0 0.4 0 0 0 0 0 0 0 0 0 0 0 0 0 0 0 0 2.6 6.6000000000000005 1.6 0 0 0 3.6 0.2 2.6 0 3 0.6000000000000001 4 0 4.800000000000001 0 0 0 8.200000000000001 3 0 0 0 4.2 5.800000000000001 1.6 5.2 2 5 6.2 0.4 8 3 12 0 5.4 7.2 0 0 0 0 0.6000000000000001 0 0 0 0 0 0 0 0 0 0 0 0 1.8 0 0 0 0 0 0 0.4 0 0 0 0 0 0 0 0 0 0.4 0 0 0 0 0 0 2.8000000000000003 3.6 0 0.4 1.8 0 2.8000000000000003 0.6000000000000001 2.8000000000000003 0 0 0 7.4 0 0 0 0 0 0 0 2 3.6 0 0.6000000000000001 0 3.8000000000000003 0 1.4000000000000001 0 0 0.2 0.2 1.4000000000000001 0 0 0 3 6 14.600000000000001 0 0 0 0 0 0 0 0 0 0 0 0 0.8 0 0 0 0 0 0 0 0 1.6 0 0 0 0 0 0 0 0 0 0 0 0 2.2 0.4 0 0 0.2 0.4 1 2.4000000000000004 0 0 0 2.4000000000000004 0 0 0 0 0 0 0 0 0 0 0 0 0 0 0 0 0 0 0 0 0 1.6 0 0.4 
 0.6000000000000001 0.6000000000000001 0.6000000000000001 1 0.6000000000000001 0.6000000000000001 7.4 0.6000000000000001 0.8 0.6000000000000001 0.6000000000000001 1 0.6000000000000001 0.6000000000000001 0.6000000000000001 0.6000000000000001 0.6000000000000001 0.6000000000000001 1 0.6000000000000001 23.200000000000003 28.6 50 66.8 24.200000000000003 0 5.4 27.400000000000002 51.2 55.6 61 39 12 6.800000000000001 27.6 25 25.8 13.600000000000001 11.200000000000001 11.4 13.200000000000001 0 0 0 0 0 0.4 0.2 1.2000000000000002 0 0 0 0.6000000000000001 0.2 12.4 0 0 0 10.600000000000001 0 1 0 0 0.4 0 0 0 0 0 0 0 1 0 0 0.2 0 0 0.2 0 0.6000000000000001 3.2 0 0 0 0 0 0 0 3 0 0 0 0 0 0 0 0 0 0 0 0 0 0 0 2.4000000000000004 6 0 0 4 2 7.2 0 0 0 0 0 0.6000000000000001 0 0 0 0 0 0 0 0 0 0 0.2 1.6 4 0 0.2 12.200000000000001 1.8 5 0 0.2 0 2.2 2.8000000000000003 0 0 0 0 0 0 0.4 0 0 0 0 0 0 0 0 0 0 6 0 0.8 0 0 0 0 0 0 0 0 1 0 0 0 0 0 0 0 0 0 0 0 0 1.4000000000000001 2.6 4.6000000000000005 5.6000000000000005 3.4000000000000004 0 0 0 7.4 9.8 4.4 0 0 0 2.4000000000000004 1.4000000000000001 5.4 0 0 0 0.2 0 0 0 0 3.2 0.2 0 0 0 0 7 7.4 3 0 0 0 0 20.400000000000002 0 0 0 1.2000000000000002 0 0 0 0 0 0 0 0 0 0 0 0 0 0 0.4 0 0 0 2.2 0 0 0 0 0 0 0 0 0 0 0 1.4000000000000001 0.8 0.4 15 14.8 0 0.2 3 0 0 0 0 0 0 0 0 0 0 0 0 0 0 0.2 0 0 0 0 0 0 0 0 0 0 0 0 0 
 0 16 0 19.200000000000003 47.6 45 0 0 16.2 15 3.8000000000000003 0 0 0 0 15 15.4 0 0 0 44.6 27 16.8 33 10.4 5.4 0 77.60000000000001 56 9.4 12.200000000000001 19 88 41 23 26 78.80000000000001 10.200000000000001 40.800000000000004 26.8 0.4 0 41 0 0 0 11.4 0.2 0 0 0 0 0.6000000000000001 0 0 0 0 0 0.2 0 0 0 0 0.4 0 0 0 0 0 10 0 8.6 0 1.4000000000000001 0.2 0 0 0.2 0 0.6000000000000001 0 0 4.4 0 0.2 0.6000000000000001 0 0 0 0 0 0.4 0 0 0 0 0 0 0 0 0 4.2 3.4000000000000004 3.2 2 0 4 3.6 0.6000000000000001 3.8000000000000003 2 3 5.800000000000001 9.4 11.8 7 2.2 4.4 0.4 0 0 0 0 0 0 0 0 0 0 0 0 0 0 0 0 0 0 0 0 0.4 0 0 0 0 0 0 0 3 0 0.2 0 0 0 0 0 0 1.2000000000000002 0 0 0 0 0 2 0 4.800000000000001 1 0 1.2000000000000002 0.2 4.2 0 2.4000000000000004 0 0 0 0 0 1.8 0 0 16.2 3.8000000000000003 8.6 6.800000000000001 2.8000000000000003 0 5.4 2.8000000000000003 0 8.6 5.4 0 0.2 0.8 5 1.8 2.2 2.8000000000000003 5.800000000000001 6.6000000000000005 0 0 0 0 0 0 0 0 0 0 0 0 0 0 0 0.4 0 0 0 0 0 0 0 0 0 0 0 0 0 0 0 0 0 0.2 0 0 0 0 0 0 0 0 0 0 0 0 14.600000000000001 0 0 0.2 0 0 0 0 1 0 0.6000000000000001 0 0.2 0 0 0.4 0 0 0 0 2 0 0 0 0 0 0 0 0 0 0 0 0 0 0 2.6 0 0 0 4.800000000000001 0 0 0 0 
 0.2 0 0 0 0 17.2 0.4 0 0 0 0 0 0 0 0 0.4 0 0.2 0 0 46.400000000000006 52 51.400000000000006 44 14.4 27.400000000000002 77.60000000000001 0 96.80000000000001 7.4 6.800000000000001 18.6 21.400000000000002 32.800000000000004 31 8 43.6 21.8 33.6 51.800000000000004 0.4 0.4 0.4 0.2 0 0 0.4 0.4 0 1 0 0 0.6000000000000001 0 0 0 0 0 13.4 0 0 0 0 0.4 0 0 0 0 0 0 0 4.4 0 1.4000000000000001 0.4 0 0 0.4 0 0.4 0 0 0 0.2 0 0.2 0 0 0 0 0 0 0 0 0 0 0 0 0 0 2.4000000000000004 2.8000000000000003 6.2 5.4 5.800000000000001 1.8 1.6 2 4.800000000000001 12 10.4 0 2.4000000000000004 4.2 2.4000000000000004 3.8000000000000003 3.8000000000000003 1.4000000000000001 3.8000000000000003 4.800000000000001 0 0 0 0 0 0 0 0 0 0 0 0 0.2 0 0 0 0 0 0 0.2 0 0 0 0 0.2 0 0 0 0 0 0 0 0 0.2 0 0 0 7.4 0 0 0 0 0 0 0 1.8 0 0 4.4 0.2 0 2.2 0 0 0 0 0 0 0 0 11.4 16.8 2.2 10.8 4.2 1 3.8000000000000003 3.2 2.6 2.2 9.600000000000001 6.800000000000001 0 4 3.4000000000000004 4.6000000000000005 8.6 2.8000000000000003 0 1.6 0 0 0 0 0 0 2.4000000000000004 0.2 0 0 0 0 1 0 0 0 0 0 0 3.8000000000000003 0 0 0 0 0 0 0 0 0 0 0.2 0 0 0 0 0 0 0 0 0 0 0 0 0 0 0 0 0 0 0 0 0.2 0 0 1.6 0.4 0.4 15 0.2 0.4 0 0 0 0 0 0 4.800000000000001 0 0 0 0 0 0 0 0 0 0 0 0 0 0 2.6 0 0.4 0 2.2 0 0 0 0 
 1.4000000000000001 0 0 0 0 12.8 0 0 0.4 0.4 0 0 0 0 0 0 0.4 0 0.4 15 14 44.2 62.400000000000006 27.6 36.6 51.2 56 96.80000000000001 0 33.2 25 84.60000000000001 25 22.200000000000003 16.8 25.6 28.6 97.2 33.4 12 0.2 0 0.2 0 0 0 0.4 0.4 0 0 0 0 0.6000000000000001 0 0 0 0 0 0.6000000000000001 12.4 0 0 0 0.4 0 0.4 0 0 0 0 0 0.6000000000000001 0 0.4 0.6000000000000001 0.4 0 0.6000000000000001 0 0.4 0 0 0 0 2.4000000000000004 2 0 0 0 0 0 0 0.4 0 0 0 0 0 0 0 3.2 1.4000000000000001 7 1 2.6 0 2.8000000000000003 8.6 2 5.4 5 3.4000000000000004 1.2000000000000002 5.800000000000001 3 3.6 2 0.2 0 3 0 0 0 0 0 0 0 0.6000000000000001 0 0 0 0 2 2.2 0 1.8 0 0 0 0 0 0 0 0 0 0 0.4 0 0 0 0 0 0 0 0 0 0.4 3.4000000000000004 0 0 0 0 3 0 0 0 0 0 0.2 0 0 2 0 0 0 0 0 0 1 0 1.8 1.2000000000000002 2.2 3.4000000000000004 3 3 5.4 3.6 0 4.6000000000000005 3.8000000000000003 2.4000000000000004 0 3.2 0.6000000000000001 6 1.2000000000000002 2.2 0.2 1.6 2 0 0 0 0 0 4.6000000000000005 0 0 0 0 0 0 2.2 0 0 0 0 0 0 0 0 0 0 0 0 0 0 0 0 0 0.4 0 0 0 0 0 0 0 0 0 0 0 0 0 0.4 0 0 0 0 0 0.2 0 0 2.8000000000000003 0 0.4 1.4000000000000001 0 0 1.6 0 1.8 0 0 0 1.6 0 0 0 0 0 0 0 0 0 0 0 0 0 0 0.2 0 0 0 2.2 0 0 0 0 
 14.8 0 0 0 0 0 0 0 0 0 0 0 0 0 0 0 0 0 0 0.4 6.800000000000001 33.800000000000004 42.400000000000006 89.2 43.2 55.6 9.4 7.4 33.2 0 97.4 25.400000000000002 13 43.2 23.6 73.8 46.6 84.2 15.600000000000001 38.2 0.2 0 0 0 0 0 0.4 0.4 0 0 0 0 0.6000000000000001 0 0 0 0 0 0 0.2 0 0 0 0.6000000000000001 0 0 0 0 0 0 0 0.6000000000000001 0 0 0.6000000000000001 0 0 0.6000000000000001 10 0.4 0 0 0.2 0 0 0 0.2 0 0 0 0 0 0 0 0 0 0 0 0 0 5.2 0 0 2.6 0.6000000000000001 6.4 0 1.2000000000000002 2 10.4 3.4000000000000004 4.800000000000001 0 0 2 4.2 1.2000000000000002 3.8000000000000003 0 0 0 0 0 0 0 0 2 0.2 0 0 0 0 4.2 2.2 2.2 0 0 0 1.6 2.8000000000000003 0 0 0 0 0 0 0 0 0 0 0 0 0 0 0 0 0 1.4000000000000001 0 0.2 0 0 0 0 0 0 0 0 0 0 0 0 0 0 0 0.6000000000000001 0 0 1.2000000000000002 0 0 5.4 7.800000000000001 4.800000000000001 1.6 1.8 0.2 0 3.2 8 0 4.6000000000000005 0 7.2 1.2000000000000002 2 1.4000000000000001 6.6000000000000005 0 0 11.200000000000001 0 0.2 0 0 0 6 0 0 0 0 0.4 1.8 11 0 0 0 0 0 9.4 0 0 0 0 2.4000000000000004 0 0 0 0 0 0 0 0 0 0 0 1 0 0 0 0 0 1 0 0 0 0 0 0 0 0 0 0 0 1.4000000000000001 0 0 0.8 15.8 0.6000000000000001 1.8 3.2 0 0 0 0 0 0 0 0 0 0 0 0 0 0 0 0 0 1.4000000000000001 0 0 0 0 0 0 3.8000000000000003 0 0 0 
 0 0 0 0.6000000000000001 0 0 0 0 0 0 0 0 0 0 0.4 0 41.400000000000006 0 0 0.4 63.800000000000004 16.2 37 30.200000000000003 18.2 61 12.200000000000001 6.800000000000001 25 97.4 0 71.60000000000001 8.4 7.800000000000001 60.6 27.400000000000002 50.400000000000006 36.4 23.400000000000002 14.8 0.4 0 0 0 0 0 0.4 0.2 0 0 0 0 0.6000000000000001 0.4 0 0 0 0 0.4 0 0 0 0 0.4 0 0 0 0 0 0 0 0.6000000000000001 0 0 0.4 0 0 0.4 0 0.4 0 0 0.2 0 0 2.2 0 0 0 0 0 0 0 0 0 2.6 0 0 0 0 0 0 3.2 5.800000000000001 0 2.2 0 4 6 0 11 3.2 0 0 2 2.2 6.800000000000001 2 0 0 0 0 10.200000000000001 0 0 0 0 2.6 0.6000000000000001 0 0 0 2.4000000000000004 5.4 0.2 0 0 0 1.8 3 0 0 0 0 0 0 0 1.8 0 0 0 0 0 0 0 0 0 0 0 0 0 0 0 0 0.2 0 0 0 0 0 0 0 0 0 0 0 0 0.2 1.2000000000000002 0.8 0 0 4.2 2.8000000000000003 5.6000000000000005 5.4 2.4000000000000004 0 3.4000000000000004 4.2 0 2 0 2.6 1 0 3 5.4 0 0 0.2 1.8 0 0 0 0 8 0 0.2 0 0 0 0 3.4000000000000004 0 0 0 0 0.8 3.4000000000000004 0 0 0 0 7 0 0 0 0 0 0 0 0 0 0 0 0 0.4 0 0 0 0 0.8 0 0 0 0 0 0 0 0 0 0 0 1.2000000000000002 0.4 0.4 15.200000000000001 15.200000000000001 0.4 1.6 0 0 0 0 0 0 0 0 0 0 0 0 0 0 0 0 0 0 0 0 0.8 0 0 0 0 5 0 0 0 
 1 0.6000000000000001 0.6000000000000001 0.6000000000000001 0.6000000000000001 0.6000000000000001 1 0.6000000000000001 0.6000000000000001 0.8 0.6000000000000001 0.6000000000000001 0.6000000000000001 1 0.6000000000000001 0.6000000000000001 0.8 0.6000000000000001 0.6000000000000001 0.6000000000000001 22.400000000000002 7.4 47.400000000000006 13.4 3.8000000000000003 39 19 18.6 84.60000000000001 25.400000000000002 71.60000000000001 0 20 25.200000000000003 24.200000000000003 53.2 48.800000000000004 65.2 4.4 11.200000000000001 0.4 13.200000000000001 0 0 0 0 0.4 0 0 0 0 0.6000000000000001 0.8 0 0 0.2 0.4 0.4 12.600000000000001 0 0 0.2 0.4 0.4 0 0 0.6000000000000001 0 0 0 0 0.6000000000000001 0.4 0.2 0.2 0 0 0.2 0 0.6000000000000001 0 0 0 0 0 0 0 0 0 0 0 0 2.2 0 0 0 0 0 0 0 0 0.2 2.2 0 1 4.6000000000000005 4 1.6 2.4000000000000004 0.2 2.2 0 0 0 2.8000000000000003 0 0 0 0 0.2 0 0 2.8000000000000003 0 0 0 4 2.4000000000000004 1.6 0 0 0 0 3.2 0.2 0 0 0 1.8 0 0 0 0 0 0 0 0 0 0 0.2 0 0 0 0 0 0 0 0 0 0 0 0 0 0 0 0 0 0 0.8 0 0 0 0 0 0 0 0 0 0 0 0 0 8.8 1.8 0 6 0 0 5 3.6 7.4 2.4000000000000004 0 0 0 2.2 2.6 0 0 0 0 0 0 0 0 0 0.6000000000000001 4.2 0 0 0 0 1.4000000000000001 0 0 0 0 0 1.2000000000000002 2.2 0 0 0 0 0 0 0 0 0 0 0 0 0 0 0 0 0 0 0 0 0 0 0 0 0 0 0 0 0 0 0 0 0 0 2 0 0.4 31.200000000000003 0.2 0.2 0.4 0 0 0 0 0 0 0 0 0 0 0 0 0 0 0 0 0 0 0 0 2.4000000000000004 0 0 0 0 3.8000000000000003 0 0 0 
