 0 76.60000000000001 15.8 8 7.4 10.200000000000001 16.400000000000002 8.200000000000001 12 49.6 14.600000000000001 23.8 48.400000000000006 36 25.6 45 28.400000000000002 9 33 28 0 0 0.4 0 0 0 4.800000000000001 0 0.4 0.8 0.4 0 0 0.4 0.6000000000000001 0 0.6000000000000001 0 0 0 0 0 0 0 0.6000000000000001 0.6000000000000001 0 0.8 0 0 0 0.4 0.4 0 1.6 0 0 0 0 0 1 0 0.4 1.2000000000000002 1 0 0 0 0 0 0.2 0 0.2 0 0 0 0.6000000000000001 0.8 0 0.2 1.2000000000000002 3 1.8 11.8 0 5 1.6 0 3.4000000000000004 0 0.2 3.8000000000000003 3.6 3.4000000000000004 4.6000000000000005 3.8000000000000003 4.2 6.800000000000001 6.6000000000000005 9.4 0 0 2.2 0 0 0 0 0 0 0 0 0 0 0.2 0 0 0 0 2.4000000000000004 0 0 0 0 0 0 0 0 0 0 0 0 0 0 0 0 0.4 0 0 0 0 0 0 0.2 0 0.2 0.2 0 0 0 0 0 1.2000000000000002 0 8.6 0 0.2 0 0 0 0 2.8000000000000003 7.4 9.200000000000001 2.2 0 0.2 4 2.6 3.2 8.8 0 3.4000000000000004 2.2 3.2 4.6000000000000005 0 0 3.2 6.4 1.8 0 0 1.8 0 0 0.4 0 0 0 0 0 0 0 0 0 0 0 0 0 0 0 0 0 0 0 0 0.2 0 0 0 0 3.6 0 0 0 0 0 0 0 0 0 0 0 0 0 0 0 0 0 0 0 0 0 0 0 0 0 0 0 0 0 0 0 0 0 0 17.8 0.2 0 18.400000000000002 0 1.4000000000000001 0 0.2 0.2 0 0.2 0 0 0 0 0 0 0 0 0 0 0 0 0 0 0 0 0 0 0 4.800000000000001 0 0 0 0 0 0 0 0 0 0 0 0 0 
 76.60000000000001 0 16.400000000000002 28 4.2 5.2 77.80000000000001 43.2 29.400000000000002 11 8.4 8.200000000000001 71.8 12.4 19 7.4 53 24.400000000000002 25.6 33 0 0.2 0 0 0.4 0 0.4 0 0 0.4 0 0.2 0 0 0.6000000000000001 0 0.8 0 0.4 0 0 0 0 0 0.6000000000000001 0 0 0.4 0 0 0 0 0 0 1 0 0 0.2 0 14.200000000000001 0.4 0 0 0 0 9.4 0 0 0 0 0 0 0 0 0 0 0.6000000000000001 0 0 0 0 4.2 0 10.200000000000001 0 0.6000000000000001 7.2 0.2 0 15.200000000000001 0 4 2.4000000000000004 0 8.200000000000001 3.2 2.4000000000000004 2.2 7 4 0 0 3.6 0 0 0 0 0 0 0 0 0 0 0 0 0 0 0 0 0 0 0 0 0.4 0 0 0 0 0 0 0 0 0 0.2 0 0 0 0 0 0 0 0 0 0 0 0 2.8000000000000003 0 0 0 3.2 2 0 0 0 0 0 0 0 0 0.6000000000000001 10.200000000000001 5.4 1.2000000000000002 0 3.2 4.4 7.4 3 2.8000000000000003 2.6 2.8000000000000003 1 11.200000000000001 5.800000000000001 3.6 0.4 6.800000000000001 5 9 0 0.2 0 0 0 0 0 0 0 0 0 0 0 0 0 0 0 0.2 0 0 0 0 0 0 0 0 0 0 0 0 0 0 0 0 0 0 0 0 0 0 0 0.2 0 0 0 0 0 0 0 0 0 0 0 0 0 0 0 0 0 0 0 0 0 0 0 0.4 1.2000000000000002 0 0 0 0 1.6 0.2 0 0 0 0 0 0 0 0 0 2.6 0 0 0 0 0 0 0 0 0 0 0 0 0.2 0 0 0 0 0 0 0 0 0 0 0 0 0 0 
 15.8 16.400000000000002 0 35 9.600000000000001 34.4 54.400000000000006 31 57.800000000000004 13.200000000000001 21.400000000000002 15.600000000000001 15.200000000000001 9.600000000000001 30 25 24.200000000000003 21.8 30 12.4 0 0 0 0 0 0.4 0 0 0 0.8 0 0.4 0.4 0 0.4 0 0.2 14.8 27 6.800000000000001 0 0 0 0 0.6000000000000001 0 0 0.4 0 0 0 0 0.4 0 0.2 0.2 0 0 0 0 0.6000000000000001 0 0 0 0 0 0 0 0 0 0.6000000000000001 0 0 0 0 0 1 0 0 0 4.4 0 9.200000000000001 3 0.4 2.6 0.2 3.6 1.4000000000000001 5.4 5.2 2.4000000000000004 0 3.2 0.4 8.4 4 7.2 0 0 0 0 0 0 0 0 2.6 0 0 0 0 0 2 0.8 0 0 0 0 2.2 4.4 0 0 0 0 0 0.4 0 0 0 0 0 0 0 0 0 0.4 0 0 0 0 0 0 0 0 0.2 0 0 0 0 0 0 0 0 0 0 0.4 0 1.8 0 0 1.6 0 2 0 0 0 2.4000000000000004 0 2.6 7.6000000000000005 2.4000000000000004 0.4 2.2 4.2 4.2 0.2 1.2000000000000002 3.8000000000000003 0.2 0 0 0 0 0 0 0.4 0 0 0 0 0 0 0.6000000000000001 0 0 0 0 0 0 1.8 0 0 0 0 0 0 0 0 0 0 0 0.4 0 0 0 0 0 0 2.8000000000000003 0 0 0 0 0 0 0 0 0 0 0 0.4 0 0.2 0 0 0 0 0 0 0 0 0 0 0 0 0.4 0.2 0 4.4 0 3.2 2.4000000000000004 0.4 0.2 0 0 0 0.2 0 0 0 0 0 0 0 0 0 0 0 0 0 0 0 0 0 3 2.8000000000000003 0.8 0 0 0 0 0 0 0 0 0 0 0 0 
 8 28 35 0 24.200000000000003 40.800000000000004 35.2 16.8 28.200000000000003 33.6 13.8 14.4 13 12.4 57 27.200000000000003 9 6.800000000000001 12.200000000000001 99 28 30 0 0 0.4 0 0.2 5.4 0 0.4 0 0.6000000000000001 7 15 15.200000000000001 0 0.6000000000000001 0 30.200000000000003 14.200000000000001 0 0.4 0 0 0.6000000000000001 0.6000000000000001 0 0.4 0 0 0 0.2 0 0 0.4 0.4 0 0 0 1 0.6000000000000001 0 0 0.6000000000000001 7.4 0 0 0.4 0 5.6000000000000005 0.6000000000000001 0 0 0.2 0.2 0 0.4 0.4 0 0 0.2 2.6 2.6 0 2.8000000000000003 4.2 0.2 2.2 1.4000000000000001 5.2 4.4 4.800000000000001 2.2 0 0.8 2.2 2 4.4 0 0 0 2.4000000000000004 0 0 0 0 7.4 0 0 0 0 0 5.2 5.2 1.2000000000000002 0.8 2.8000000000000003 0 4.800000000000001 11.200000000000001 0 0 0 0 0 0 0 0 0 0 0 0 0 0 0 0 0 0 0 0 0 0 0 0 0 0 0 0 0 0 0 1.2000000000000002 0 0.2 0 0 0 0 0 0 1.6 3.2 9.600000000000001 9.4 5.4 0 2 0 2.6 1.4000000000000001 4.4 0 2.2 0.2 4 3.4000000000000004 8.4 1.4000000000000001 1.8 3.6 2.8000000000000003 3 0 0 0 0 2.8000000000000003 11 0 0 0 0 2.6 0.2 2.8000000000000003 0 2 0 3.4000000000000004 2.8000000000000003 0 0 0 0 0 0 0 0 0 0 0 0.8 0 0 0 0 0 0 0 0 0 0 0 0 0 0 0 0 0 0 0 0 0 0 0 0 0 0 0 0 0 0 0 0 0 0 0.4 0.4 0.4 0.2 0 2 0.4 0 0 0 0 0 0 0 0 0 0 0 0 0 0 0 0 0 0 0 0 0 0 0 0 0 0 0 0 0 0 0 0 0 0 0 0 0 
 7.4 4.2 9.600000000000001 24.200000000000003 0 47 13 18 12 15.8 17 40.400000000000006 16 28.200000000000003 21.6 26.200000000000003 45.400000000000006 15.600000000000001 33 19.400000000000002 24 15 42 0 0 0 0 14.8 0.2 0.4 0 0.4 29.200000000000003 0.2 0.4 0 0.2 0.4 0 0.6000000000000001 0 0 0 0 0.6000000000000001 0 0 0.4 0 0 0 0 0 0 0 0 0 0 0 0 0.6000000000000001 0 0 0 0 0 0 0 0 0 0 0 1.6 0 0 0 0.4 0 0 0 0 4 0 2 1.8 2.4000000000000004 0 3.8000000000000003 2.6 0 4 3.4000000000000004 0 0 0 0 2.8000000000000003 6.6000000000000005 0 0 2.8000000000000003 0 0 0 0 0 6.4 0.2 0 3.8000000000000003 0 0 0.2 2 5.6000000000000005 0 3.2 2.2 2.2 7.2 0.4 0 0 0 0 0 0 0 0 0 0 0 0 0 0 0 0 0 0 0 1.4000000000000001 0.4 0 0 0 0 0 0 0 0 0 0 0 0.6000000000000001 0 0 0 0 0 0 0 0.6000000000000001 5.800000000000001 6 2.6 4 0 0 0.2 0 0 0.2 0 0 0 6.800000000000001 0.8 3.4000000000000004 0 0 7 0 0 0 0 0 7 0.6000000000000001 0 0 0 0 3 0 2.6 12.200000000000001 0 2.2 5.800000000000001 5.4 0 0 0 0 0 0 0 0 0 0 0 0 0 0 0 0 0 0 0 0 0 0 0 0 0 0 0 0 0 0 0 2 0 0 0 0 0 0 0 0 0 2.2 0 0 0 18 17.6 0.2 9.8 19.400000000000002 0.2 2 0 0 0 0 0 0 0 0 0 0 0 0 0 0 0 0 0 0 0 0 0 0 0 3 0 0 0 0 0 0 0 0 0 0 0 0 0 0 
 10.200000000000001 5.2 34.4 40.800000000000004 47 0 11 33.6 36.6 37.2 12 13.8 58.400000000000006 38.2 52.2 15.4 51.800000000000004 49 6.6000000000000005 52.6 15.200000000000001 0 0 0.4 0 0 0 0 0 0.6000000000000001 0 0.6000000000000001 15.200000000000001 16.6 0.4 0.4 0.2 0 10.200000000000001 23.400000000000002 0 0 0 0 0.6000000000000001 0 0 0.4 0 0 0 0 0 0 0 0 0 0 12.4 0 0.6000000000000001 0 0 0 0 0 0 1.4000000000000001 0 9.600000000000001 0 0 12.8 0 0 0 0.4 0 0 0 0 1 4.4 5 0 0 0 14 0 2.8000000000000003 4.2 3.4000000000000004 0 0 0.2 3 2.8000000000000003 6 0 0 1.6 2.4000000000000004 0 0 0 0 8.4 0 0 0 0 0 0 13.8 3.8000000000000003 0 8.4 0 4.2 6.800000000000001 0 0 0 0 0 0 0 0 0 0 0 0 0 0 0 0 0 0 0 0 0 0 0 0 0 0 0 1 0 0 0 0 0.4 0 0 0 3.2 0 0 0 0 4.800000000000001 0.6000000000000001 0.2 0 5.4 0 0 0 2.2 0.2 0 0 0 1 0.6000000000000001 0 3.4000000000000004 0 11.8 2.8000000000000003 0 0.2 0 0 0 2.4000000000000004 3 0 0 0 0 0 0 0 2.2 0 0 1.4000000000000001 0 0 0 0 0 0.2 0 0 0 0 0 0 0 0 0 0 0 0 0 0 0 0 0 0 0 0 0 0 0 0 0 0 0 0 0 0 0 0 0 0 0 0 0 0 0 0 0.2 0.4 0 1.2000000000000002 0.8 0 2 0 0 0 0 0 0 0 0 0 0 2.8000000000000003 0 0 0 0 0 0 0 0 0 0 0 0 3.8000000000000003 0 1.6 0 0 0 0 0 0 0 0 0 0 0 0 
 16.400000000000002 77.80000000000001 54.400000000000006 35.2 13 11 0 23.8 48.800000000000004 28.200000000000003 25.8 11.200000000000001 16.400000000000002 12.4 25.200000000000003 11 21.400000000000002 15.8 6.2 49.800000000000004 0 0.2 0 0 0 0 0 0 0 0.8 0 1.2000000000000002 0 0 0.4 0.4 0.2 0 0 0 0 0 0.4 0 0.6000000000000001 0 0 0.4 0 0 0 0 0 0.2 0 0 0 0 0 0 0.4 0 0 0 0 0 0 0 0 0 0.6000000000000001 0 0 0 0 0 0.6000000000000001 0 0 0 4.2 3.8000000000000003 11.8 0 0 2.2 3.8000000000000003 4.800000000000001 3.6 9.8 9 10 5.2 3.6 0.6000000000000001 15.600000000000001 6.2 6.4 3 0.2 0.4 0 0 0 0 0 0 4.2 0 0 0 0 0.2 0 0 0 0 0 2.2 0 0.4 0 0 0.2 0 0 0 0 0 0 0 0 0 0 0 0 0 0 0 0 0 0.4 0 0 0 0 0 0 0 0 0 1.8 0 0 0 0 0 0 4.6000000000000005 0 7.4 2.2 2 4.2 0 2.2 3 3 0.6000000000000001 2.4000000000000004 3.8000000000000003 0 9.8 4 4 2 2.2 9.200000000000001 0 2.2 0 0 0 0 0 0 3.4000000000000004 0 0 0 0 0 0 0 0 0 0 0 0 0 0 0 0 0 0 0 0 0 0 0 0 0 0 0 0 0 0 0 0 0 0 0 0 0 0 0 0 0 0 0 0 0 0 0 0 0 0 0 0 0 0 0.2 0 0 0 0.4 0 0 0.6000000000000001 0 0.4 2.6 1.2000000000000002 0 0 0 0 0 0 0 0 0 0 0 0 0 0 0 0 0 0 0 0 0 0 0 0 0 0 0 0 0 0 0 0 0 0 0 0 0 
 8.200000000000001 43.2 31 16.8 18 33.6 23.8 0 43.400000000000006 73.60000000000001 77.2 75.60000000000001 35.6 33 74.4 26.6 62.800000000000004 36.800000000000004 24.8 33.6 0 0 0 0 0.2 0 0 0 0 0.8 0 0.4 0 0 0.4 3.2 0.2 0 5.4 0 0 0.8 0 0 0.6000000000000001 0 0 0.4 0 0 0 0 0 0 0 0 0 0 0 0 0.6000000000000001 0 0 0 0 0 0 0 0 0 0.2 0 0 0 0 0 0.8 0 0 0.2 7.4 1.4000000000000001 9.200000000000001 16.400000000000002 3 2.2 2.2 7.6000000000000005 0 4.2 4.800000000000001 7.800000000000001 6.4 2 5.2 9.200000000000001 14.4 2.6 0 0 0 0 0 0 0 0 0 0 0 0 0 0 2 1.6 0 0 0 0 2 0 0 0 0 0 0 0 0 0 0 0 0 0 0 0 0 0 0.4 0.4 0 0 0 0 0 0 0 0 0 0 0 0 0 0 0 0 0 0 0 0 0 0 0 2.8000000000000003 2.8000000000000003 0 0 1.6 1.2000000000000002 0 3.2 11.600000000000001 9 4.800000000000001 0 8.8 5.2 0 4.6000000000000005 8.8 2.8000000000000003 3.6 0 0 0 0 0 0 0.2 0 0.2 0.4 0 0 0 0 0 0 0 0 0 2.4000000000000004 0.4 0 0 0 0 0 0 0 0 0 0 0 0 0 0 0 0 0 0 0.4 0 0 0 0 0 0 0 0 0 0 0 0 0 0 0 0 0 0 0 1.4000000000000001 0 0 0 0 0 0.6000000000000001 17.8 0 0 0.2 5 0.6000000000000001 1.8 4 0 0 0 0 0 0 0 0 2.8000000000000003 0 0 0 0 0 0 0 0 0 0 0 0 3 2.8000000000000003 1.8 0 0 0 0 0 0 0 0 0 0 0 0 
 12 29.400000000000002 57.800000000000004 28.200000000000003 12 36.6 48.800000000000004 43.400000000000006 0 80.80000000000001 16.8 5.6000000000000005 40.400000000000006 10.600000000000001 45.800000000000004 70.4 8 30.400000000000002 12 51 0 0 0 0 0 0 18.2 0 0 0.4 7 0.4 0 0 0.2 0.2 0 0 30.200000000000003 4.4 0 0 0 0 0.6000000000000001 0 0 0.4 0.4 0 0 0 0 0 1.2000000000000002 0 0.2 0 0 0 0.6000000000000001 0 10.600000000000001 0 0 0 0 0 0 0 2.6 0 0 0 0 0 0.2 0 0 0 4 0.2 9.200000000000001 5.2 0 0 8.8 3.8000000000000003 3.2 3.8000000000000003 7.2 0 0 2.4000000000000004 3.4000000000000004 3.8000000000000003 6 7.800000000000001 0 0 0 0 0 0 0 0 0.4 0 0 0 0 0 0.2 2 0 0 0 0.4 0 3.8000000000000003 0 0 1.6 0 0 0.2 0 0 2.6 0 0 0 0 0 0 0 0 0 0 0 0 0 0 0 0 0 0 0 0 0.2 0 0 0 0 0 0 0 0 0 0 6.800000000000001 0 4.2 0 1.2000000000000002 0.6000000000000001 3.6 0 10.4 13 0.6000000000000001 13.8 0 5 5.6000000000000005 2 1.8 3.6 10.200000000000001 2.2 0 0 0 0 0 0 5.6000000000000005 0 0 0 0 0 0 0 0 0 0 0 4.2 0 0 0 0 0.2 0 0 0 0 0 0 0 0 0 0 0 0 0 0 0 0 0 0 0 0 0 2.2 0 0 0 0 0 0 0.4 0 0 4.2 0 0 0 0 0 0 0 0 0 0 17.2 0 0.2 0.4 0 0.8 0 0 0 0 0 0 0 0 0 0 0 0 0 0 0 0 0 0 0 0 0 0 0 2 0 2.2 0 0 0 0 0 0 0 0 0 0 0 0 
 49.6 11 13.200000000000001 33.6 15.8 37.2 28.200000000000003 73.60000000000001 80.80000000000001 0 18.400000000000002 31.200000000000003 15.600000000000001 29.6 46.2 21 64.60000000000001 28 30.8 22.6 0.6000000000000001 0.6000000000000001 0 0 0.2 0 0 0 0 0.4 0.2 0.4 16.400000000000002 0 0.4 15.4 0.2 0 8 15.4 0 0 0 0 0.6000000000000001 0 0 0.4 0 0 0 0 0 0 0 0 0 0 0 0 0.6000000000000001 0 0 0 0 0 0 0 0 6.4 6 0 0 0 0 0 0.6000000000000001 8 10 0 5.2 3.2 6.6000000000000005 5.2 0 0 0 5.800000000000001 3.2 0 2.8000000000000003 6 10.200000000000001 2.8000000000000003 0.2 0 6.4 3.8000000000000003 0 0 0 2.4000000000000004 0 0 0 0 8.200000000000001 0 0 0 0 0 0 1.2000000000000002 0 0 0 0 0 1 0.2 0 0 0 0 0 0 0 0 0 0 0 0 0 0 0 0 0 0 0 0 0.2 0 0 0 0 0 0 0 0 0 0 0 0 0 0 0 0 0 0 0 0.6000000000000001 0 4.2 1.4000000000000001 2.4000000000000004 0.8 0 2 10.200000000000001 2 7.6000000000000005 0 0 5 4.4 3 5.4 0 0 3.4000000000000004 0 0 0 0 0 5 4.2 0 0 0 0 0.2 0 0 0 0 0 1.8 0 0 0 0 0.2 0 0 0 0 0 0 0 0 0 0 0 0 0 0 0 0 0 0 0 0 0 0 0 0 0.4 0 0 0 0 0 0 0 0 0 0 0 0 3.4000000000000004 0 0 0 0 17.8 0 0.2 1.2000000000000002 0 3.4000000000000004 1.2000000000000002 0 0.4 0 0 0 0 0 0 0 0 0 0 0 0 0 0 0 0 0 0 0 0 4 4.4 0 0 0 0 0 0 0 0 0 0 0 0 0 
 14.600000000000001 8.4 21.400000000000002 13.8 17 12 25.8 77.2 16.8 18.400000000000002 0 75.60000000000001 49.400000000000006 21 23.8 53.800000000000004 27 22.8 9.4 60.400000000000006 26.200000000000003 30 0.6000000000000001 0.4 0.6000000000000001 0.6000000000000001 0.4 15.600000000000001 0 1 0.4 1 13.4 15 0.4 0.2 0.8 0.4 14.4 0.2 0 0.4 0.4 0 0.6000000000000001 0.6000000000000001 0.6000000000000001 0.4 0 0.4 0 11.4 0.6000000000000001 0 0.4 0.4 0 0.4 0.6000000000000001 1 1 0 0 0.8 0.4 0.6000000000000001 0.6000000000000001 0.4 0.2 0.2 0.8 0 0 0 0 0 0.8 0.2 0 0.4 12.200000000000001 0 2.4000000000000004 0 5.2 3.2 0 5.4 1.4000000000000001 4 0.2 0.2 0 2.6 0 3.2 6.4 0 0 0 0 0 0 0 0 0 8.200000000000001 0 0 4.800000000000001 0 0 4.6000000000000005 0 3 1.2000000000000002 0 2.4000000000000004 5 0.2 0 0 0 0 0 0 0 0 0 0 0 0 0 0 0 0 0 0.2 0 0 3 0 0 0 0 0 0 0 0 0 0 0 0.2 0 0 0 0 0 0 0 1.6 0 0 0 9.600000000000001 0 2.4000000000000004 0 2.8000000000000003 6 1.4000000000000001 0 0 3.8000000000000003 2.8000000000000003 0 9.8 3.2 0 0 6.4 3 0.2 0 0 0 0 0 0.2 0 0 0 0 0.2 0 0 2 3.6 0.2 4.2 0 0 0 0.4 2.8000000000000003 0 0 0 0 0 0 0 0 0 0 0 0 0 0 0 0 0 0 0 0 0 0 0 0 0 0 0 0 0 0 0 0 0 0 0 0 0 0 0 0 0.2 17.400000000000002 0 0.4 0.4 4.4 4.6000000000000005 2 0 0 0 0 0 0 0 0 0 0 0 0 0 0 0 0 0 0 0 0 0 0 0 5.800000000000001 0 0 0 0 0 0 0 0 0 0 0 0 0 
 23.8 8.200000000000001 15.600000000000001 14.4 40.400000000000006 13.8 11.200000000000001 75.60000000000001 5.6000000000000005 31.200000000000003 75.60000000000001 0 6 4.2 10 24 19 11.200000000000001 4.800000000000001 52.2 3.4000000000000004 14.8 0 0.2 0 0 0 56.800000000000004 0 0.4 0 0.4 4.4 0 0.4 0 0.2 0 19.8 0.2 0 0 0 0 0.6000000000000001 0 0 0.4 0 0.6000000000000001 0 0 0 0 1 0 0.6000000000000001 0 0 0 1 6.2 0 0 0 0 0 0 0 0 0 0 0 0.6000000000000001 0 0 0.6000000000000001 0.6000000000000001 0.4 0 3.2 0 2.6 4 4.2 1.8 0 2.2 1.4000000000000001 4 4.6000000000000005 2 0 2.2 0 3.4000000000000004 2.2 2.4000000000000004 0 0 0 0 0 0 0 0 5 0 0 2 0 0 2 0 2 0 0 3.2 0 6.4 0 3.8000000000000003 0 0 0 0 0 0 0 0 0 0 0 0 0 0 0 0 0 0 1.2000000000000002 0 0 0 0 0 0 0 0 0 0 0 0 0 0 2.8000000000000003 0 1.8 0 0 0 2 0 5 1.6 2 0 0 3 3.8000000000000003 2.8000000000000003 0 0 4.4 0 4.800000000000001 2.2 3.2 0 0 5.6000000000000005 0 0.2 0 0 0 2.8000000000000003 0 0.2 0 0 0 3 0 0 0 0 2.6 2.4000000000000004 6.2 0 0 0 1.8 0 0 0 0 0 0 5.800000000000001 0 2 0 0 0 0 0 0 0 0 0 0 0 0 0 0 0 0 0 0 0 0 0 0 0 0 0 4 0 0 4.800000000000001 0 0 0 0.4 17.6 0.4 0.4 0.4 4.2 1.8 0.8 0 0 0 0 0 0 0 0 0 0 0 0 0 0 0 0 0 0 0 0 0 0 2.8000000000000003 4 0 0 0 0 0 0 0 0 0 0 0 0 0 
 48.400000000000006 71.8 15.200000000000001 13 16 58.400000000000006 16.400000000000002 35.6 40.400000000000006 15.600000000000001 49.400000000000006 6 0 63.400000000000006 48.800000000000004 10.200000000000001 11.8 26.200000000000003 23.6 70.2 0 0 0.6000000000000001 0.6000000000000001 0 0.2 0 0 0 0.4 0 0.4 0 0 0.2 0.8 0 0 0 0 1.8 0 0.8 0.2 0.6000000000000001 0 0 0.4 0 0 0 0 0 0.4 6.6000000000000005 0 0 0.4 5.2 0 0.6000000000000001 0 0 0 0 0 0.6000000000000001 0.4 0.6000000000000001 0.4 0 0 0.4 0 0 0 0 0 0 1.4000000000000001 1.8 5.800000000000001 2.2 2.6 0 0 7 1.4000000000000001 2.6 12 0 0 2.8000000000000003 0 7.4 0 0.2 3.2 8 5 0 0 0 0 0 0 0 0 0 0 0 0 0 0 0 0 0 0 0 0 0 0 0 0 0 0 0 0 0 0 0 0 0 0 0 0 0 0 0 0 0 0 0.4 0 0 0 0 2.2 0 0 0 0 0 0.4 0 0 0 0 0 0 2.2 3.2 8.8 0 0 3.2 3.8000000000000003 6 5.2 2 0 2.8000000000000003 0 7.6000000000000005 2 0 0 0.2 1.6 6.2 0 0.2 0 0 0.2 0 0 0 4 0 0.4 0 0 0 0 0 0 0.4 0 0.4 0 0 2 0 0 0 0.4 0 0 0 0 0 0 0 0 0 0 0 0 0 0 0.2 0 0 0 0 0 0 0 0 0 0 0 0 1.6 0 0 0 0 0 0 0 0 0 0 0.4 0.4 0.2 0 0.4 0 2.6 0 0.2 0 0 0 0 0 0 0.2 0 2.4000000000000004 0 0 0 0 0 0 0 3 0 0 0 0 0 0.2 0 0 0 0 0 0 0 0 0 0 0 0 0 
 36 12.4 9.600000000000001 12.4 28.200000000000003 38.2 12.4 33 10.600000000000001 29.6 21 4.2 63.400000000000006 0 25 49 6 21.200000000000003 25 33.800000000000004 0 0 0.2 1.2000000000000002 0 0 1 1.6 0 0.8 0 0.4 0 0 1 0 0.2 0.4 0.2 0.4 0.4 2.4000000000000004 0 0 0.6000000000000001 0 0 0.4 0 0 0 0 2.6 0 12.8 0 0 0 0.8 0 0.6000000000000001 0 0 0.8 0 0 0 0.8 0 0 0 0.8 0 0 0 0 0.6000000000000001 1.2000000000000002 0 0 3.2 2.4000000000000004 0 0 2 5.6000000000000005 6.6000000000000005 6 5 0 0 2 0 0 1.6 0 2.2 0 3.8000000000000003 1.4000000000000001 0 0 1.2000000000000002 0 0 0 0 0 0 0 0 0 1.8 0 0 0 0 0 0 0 0 0 0 0 0 0 0 0 0 0 0 0 0 0 0 0 0 0 0 0 0 0 0 0 0 0 0 0 0 2 0 0 0.4 0 0 0 0 0 0 0 1.6 2 5.2 0 2.2 3.6 2.6 9.200000000000001 2 2.8000000000000003 0 4.4 0 2.4000000000000004 1.2000000000000002 0 0 2 0 4.2 0 0 0 0 0 0 0 0 0 0 0 0 0.6000000000000001 0 0 0 0 0 0 0 0 0 0 0 0.2 0 0 0.6000000000000001 0 0 0 3.4000000000000004 0 0 0 0 0 0 0 0 0 0 1.2000000000000002 0 0 0 0 0 0 0 0 0 0 0 0 0 0 0 0 0 0 0 3.2 0 0 0 1.8 0.4 0.4 0 3 3 0 0 0 0 0 0 0 0 0 0 2.4000000000000004 0 0 0 0 0 0 0 0 0 0 0 0 0 3.4000000000000004 0 0 0 0 0 0 0 0 0 0 0 0 0 
 25.6 19 30 57 21.6 52.2 25.200000000000003 74.4 45.800000000000004 46.2 23.8 10 48.800000000000004 25 0 27.400000000000002 13.600000000000001 8.200000000000001 13.200000000000001 68.8 0.2 0.4 0 0.2 0.4 0 0 0.6000000000000001 0 0.8 0 4.800000000000001 0 0 0.8 15.200000000000001 0.4 0.4 4.4 0 0 0 0 0 0.6000000000000001 0 0 0.4 1 0.4 0 0 0 7.800000000000001 5.2 0 0 0.4 0 0 0.6000000000000001 0 0 0 0 1 0 0 0 0 1.4000000000000001 0 0 0 0 0 0.6000000000000001 0 0 0 5.6000000000000005 0 5.2 0 2 1.8 3.4000000000000004 2.4000000000000004 2.8000000000000003 1.2000000000000002 0.6000000000000001 2 2.8000000000000003 2.2 6.4 2.8000000000000003 1.4000000000000001 0 2 1.8 0 0 0 0 0 0 0 0 0 2.4000000000000004 0 0 1.8 0 0 0 0 0 0 0 0 0 0 0 0 0 0 0 0 0 0 0 0 0 0 0 0 0 0 0 0 0 0.6000000000000001 0 0 0 0 0 0 0 0 0 0 0 0 0 0 0 0 2 0.8 0 2.4000000000000004 0 2.2 0.2 11 0 2.2 5 2.4000000000000004 10.200000000000001 0 0 2.8000000000000003 0 3.2 2.4000000000000004 0.2 0 0 0 0 0 0 0 0 0 0 0 0 0 0 0 0 0 0 0 0 0 0 0 0 0 0 0 0 0 0 0 4.4 0 0 0 0 0 0 0 0 0 0 0 0 0 0 0 0 0 1.2000000000000002 0 0 0 0 0 0 0 0 0 0 0 0 0 0 0 0 1.2000000000000002 1.2000000000000002 0 0.4 0.2 3 1.6 1.6 0 0 0 0 0 0 0 0 0 0 0 0 0 0 0.2 0 0 0 0 0 0 0 0 3 0 0 0 0 0 0 0 0 0 0 0 0 0 
 45 7.4 25 27.200000000000003 26.200000000000003 15.4 11 26.6 70.4 21 53.800000000000004 24 10.200000000000001 49 27.400000000000002 0 51.6 25.6 24.6 17.6 0 0 0 0 0.2 0 0 7.6000000000000005 0 0.4 0 0.4 0 0 0.4 0 0.2 0.4 5.4 0 0 0 0 0 0.6000000000000001 0 1 0.4 0 0.4 0 0 0 0 0.6000000000000001 0 0 1 0 0 0.6000000000000001 0.4 0 0 0 0 0 0 0 0 0.2 0 0 0 0 0 12.4 0 0 0 0 0 3 10.4 5 0 1.6 0.2 7 0 1.2000000000000002 4.800000000000001 0 2.8000000000000003 2.2 2 4.800000000000001 0 0.2 1.4000000000000001 0 0 0 0 0 0 5.2 0 0 0 0 0 0 0.2 0 0 0 0 0 0 0 0 0 3.8000000000000003 0 0 0 0 0 0 0 0 0 0 0 0 0.4 0 0 0 0 0 4.2 0 4.2 0 0 0 0 0 0.2 0 3.8000000000000003 0 0 0 0 0 0 0 3.6 0 2.4000000000000004 0.2 1.4000000000000001 5 7.2 0 7.2 3.4000000000000004 0 5.6000000000000005 0 3 0 0.4 0 0.2 1.6 4 4.2 0 0 6.6000000000000005 0 0 1.6 0.4 0 0 0 0 0 0 0 0 0 0 5.800000000000001 0 0.4 0 0 0.4 0 0 0 0 0 0 0 0 5 0 0 0 0 0 0 0 0 0 0 0 0 0 0 0 0 0 0 0 0 0 0 0 0 0 0 0 0 0 0 0 0 0 18.6 0 0.6000000000000001 0.4 0 1.2000000000000002 0 0 0 0 0 0 0 0 0 0 3 0 0 0 0 0 0 0 0 0 0 0 0 4.800000000000001 4 0 0 0 0 0 0 0 0 0 0 0 0 0 
 28.400000000000002 53 24.200000000000003 9 45.400000000000006 51.800000000000004 21.400000000000002 62.800000000000004 8 64.60000000000001 27 19 11.8 6 13.600000000000001 51.6 0 98.80000000000001 4.800000000000001 9 0 0 0 0 0 0.2 0 0 0 0.4 0 0.2 0.4 0 0.8 41.6 0.2 0 44.800000000000004 0 0 0 0 0 0.6000000000000001 12.8 0 0.4 0 0 0 0 0 0 0 0 0.2 0 0 0 0.6000000000000001 0 0 0 0 0 0 0 0 0 0 0 0 0 0 0 0.6000000000000001 0 0 0 0 1 0 2.2 1.8 0 0 5 2.2 0 5.4 12 0 0.4 3 3.2 8.200000000000001 7.6000000000000005 0 0 0 0 0 0 0 0 5.6000000000000005 0 0 0 0 0 0 2.4000000000000004 3.8000000000000003 0 0 0 0.6000000000000001 4.4 0 0 0 0 0 0 0 0 0 0 0 0 0 0 0 0 0 0 0 0 0 0 0 0 0 0 0 0 0 0 0 0.4 0 0 0 0 0 0 0 0 0 12.200000000000001 0 2.8000000000000003 0 8.8 0 0 3 5.6000000000000005 0 1.8 0 0 3 12.4 0 5.800000000000001 0 6.800000000000001 3 0 0 1.2000000000000002 0 0 10.600000000000001 3 0 0 0 0 0 0 0 0 0 0 3.4000000000000004 2.4000000000000004 0 0 0 0 0 0 0 0 0 0 0 0 2.6 0 0 0 0 0 0 3.6 0 0 0 0 0 0 0 0 0 0 0 0 0 0 0 0 0.2 0 0 0 0 0 0 0 0 0.2 0.4 0 17.2 17.2 0 1 0 0 0 0 0 0.2 0 0 0 0 3.2 0 0 0 0 0 0 0 0 0 0 0 0 3.2 0 2 0 0 0 0 0 0 0 0 0 0 0 0 
 9 24.400000000000002 21.8 6.800000000000001 15.600000000000001 49 15.8 36.800000000000004 30.400000000000002 28 22.8 11.200000000000001 26.200000000000003 21.200000000000003 8.200000000000001 25.6 98.80000000000001 0 9 44 3.6 0.2 0 0 0 0 0.4 0 0 0.4 0 0.4 0 0.2 0.4 0 0.2 0 4.2 0.4 0 0 0.2 0 0.6000000000000001 0 0 0.4 0 0 0 0 0 0 0.4 0 0 0 0 0 0.6000000000000001 0 0 0 0 0 0 0 0 0 0 0 0.8 0 0 0 0.4 0 0 0 0 2 2.8000000000000003 5.4 0.4 0.2 1.6 5.6000000000000005 0 0 2.2 3.8000000000000003 0 4 5.6000000000000005 4.6000000000000005 17 8.200000000000001 0 0 1.8 0 0 0 0 0 0 0 0 0 0 0 0 5.6000000000000005 2.8000000000000003 0 3 0 8.200000000000001 2 0 0 0 0 0 0 0 0 0 0 0 0.4 0 0 0 0 0 0 0 0 0 0 0 0 0 0 0 0 0 0 0 0 0 0 0 0 0 0 0 0 0 0.2 3 2.4000000000000004 0 6 2 0 4 6.4 0 1.4000000000000001 0 9.600000000000001 0.2 4.800000000000001 1.6 7.800000000000001 3.6 4 2.8000000000000003 0 0 0 0 0 2.4000000000000004 0 0.4 0.2 0 0 0.2 0 0 2.8000000000000003 0 0 1.8 1.2000000000000002 0 0 0 0 0 0 0 0 0 0 0 0 0 0 0 0 0 0 0 0.2 0 0 0 0 0 0 0 0 0 0 2.2 0 0 0 0 0 0 0 0 0 0 0 0 0 0 0 17.2 0 1 34 0 1 0 0 0 0 0 0 0 0 0 0 0.2 0 0 0 0 0 0 0 0 0 0 0 0.4 5.800000000000001 0 2 0 0 0 0 0 0 0 0 0 0 0 0 
 33 25.6 30 12.200000000000001 33 6.6000000000000005 6.2 24.8 12 30.8 9.4 4.800000000000001 23.6 25 13.200000000000001 24.6 4.800000000000001 9 0 20.200000000000003 0 0.8 0.2 0 0.8 1.4000000000000001 0 0 0 0.4 0 0 0.8 0.4 0.6000000000000001 14.8 0.6000000000000001 0.2 0 0 0 0 0.8 0 0.6000000000000001 0.6000000000000001 0.8 13 0 0 1.2000000000000002 0 0.8 0 8 1.2000000000000002 0.2 0 0 0 10.4 0 0 1.2000000000000002 0 0 0 0 0 0 0 0 0 0.2 0 0 0.6000000000000001 0 0 0.8 0 0 0 3.8000000000000003 0 0 1.8 0 2.4000000000000004 1.6 0 0 2.8000000000000003 3.6 1.8 0 0 5.800000000000001 2.6 0 0 0 0 0 0 0 0 0 0 0 0.4 0 0 0 0 0 0 0 0 0 0 0 0 0 0 0 0.2 0 0 0 0 0 0 0 0 0 0 0 0 0 0 0 0 0 0 0 0 0 0 1.4000000000000001 0 0 0 0 0 1.8 0 0 0 0 2.8000000000000003 3 2 1.6 0 0 1.4000000000000001 1.6 0 0 0.2 3.6 2 2.4000000000000004 0 0 2.6 0.2 3 0 0 0 0 0 0 0 0 0 0 0 0 0 0.4 0.4 0 0 0 0 0 0 0 0 0.4 0 0 0.4 0 0 0 0 0 0 9 0 0 0 0 0 0 0 0 0 0 0 0 0 0 0 0 0 0 0 0 0 0 0 0 0 0.2 0 0 0 0 0 0 2.4000000000000004 0 0 0 17.6 0 2.8000000000000003 0 0 0 0 0 0 0 0 0 0 0 0 0 0 0 0 0 0 0 0 0 0 0 0 2 0 0 0 0 0 0 0 0 0 0 0 0 0 
 28 33 12.4 99 19.400000000000002 52.6 49.800000000000004 33.6 51 22.6 60.400000000000006 52.2 70.2 33.800000000000004 68.8 17.6 9 44 20.200000000000003 0 0 0.8 0 0 0.2 0.2 0.4 0.4 0.2 0.8 0.2 0.4 0.4 0 0.6000000000000001 1.6 0.6000000000000001 0.4 0.4 0 0.4 0 0.4 0 1 0 0.4 0.8 0.4 0 0 1.2000000000000002 0.2 0 7 0 0 0 0 0.4 0.6000000000000001 0 0 0 0 0 0 0 0 0 0 0 0 0.4 0 0 0.6000000000000001 0 0 0 3.8000000000000003 5 3.4000000000000004 2.8000000000000003 0 0 14.200000000000001 4 5.2 6.2 0 0 3.6 0 4.6000000000000005 2.4000000000000004 0.4 3.2 0 0.2 0 0 0 0 0 0 0 0 0 0 0 0 3.6 0.2 0 0 0 0 0 0 0 0 0 0 0 0 0 0 0 0 0 0 0 0 0 0 0 0 0 0 0 0 0 0 0 0 0 0 0 0 0 0 0 6.2 0 0 0 0 0.2 0 0 0 4.4 0 0 3 1.8 13 7.2 2.2 0 2.8000000000000003 0 5.6000000000000005 0 4.2 0 0.2 1.6 8 0 0 0 0 0 0 0 0 0 0 0 0 0 0 0 0 0 0 0 0 0 0 0 0 0 0 3.8000000000000003 0.4 0 0 0 0 0 0 0 0 0 0.4 0 0 0.2 0 0 0 0 0.2 0 0 0 0 0 0 0 0 0 0 2 0 0 0 0 0 0 0 0 0.4 1.2000000000000002 0 0.2 0.4 0 3 0.4 0 0 0 0 0.2 0 0 0 0 2.4000000000000004 0 0 0 0 0 0 0 0 0 0 0 0 0 4.6000000000000005 0 0 0 0 0 0 0 0 0 0 0 0 0 
 0 0 0 28 24 15.200000000000001 0 0 0 0.6000000000000001 26.200000000000003 3.4000000000000004 0 0 0.2 0 0 3.6 0 0 0 51.400000000000006 12.4 11.600000000000001 12.8 31.200000000000003 37.4 26.6 6.800000000000001 22.8 25.400000000000002 7 46.800000000000004 22 28.400000000000002 27.6 8 6.6000000000000005 52.2 27.6 0 0 0.6000000000000001 0 0 0 0 0 0 0 0.4 0 0.6000000000000001 0 0.4 0 0.6000000000000001 0 0 4 0 0.6000000000000001 0 0 0 0 5.2 0 0 10 0 0 1 0 0 0 0 0.4 0 0 0 0 0 0 2 2.4000000000000004 0 0 0 0 0 0 0 0 0 0 0 0.2 0 0 5.2 2.4000000000000004 2.4000000000000004 2.6 0 10.8 5.6000000000000005 0.2 1.4000000000000001 3.2 0.2 0 2.4000000000000004 9.8 7.2 0 5 2.2 4.6000000000000005 5.2 0 0 0 0.4 1.2000000000000002 0 0 0 0 0 0 0 0 0 0 0 0 0 3 0 0.8 0 0 0 0.2 0 0 0 0 0 0 0.4 0.4 0 0 0 0 0 0 0 0 0.4 0 5.6000000000000005 5.2 1.8 0 0 0 0 0 0 0 0 0 5.800000000000001 1.4000000000000001 1.6 0 0 11.600000000000001 3 1.8 3.6 0.2 0 3.8000000000000003 2.8000000000000003 0.2 0 3.4000000000000004 0 2.4000000000000004 5 2.6 6 1.4000000000000001 6 2.2 6.800000000000001 0 0 0 0 0 0 0 0 0 0 0 6.2 0 0 0.4 0 0 0 0 0 0 0 0 0 0 0 0 0 0 0.2 0.2 0 0 0 0 0 0 0 0 0 0 0 0 0 0 0 14.8 0 0 18 0 0 0 0 2 0.4 0 0 0 0.4 5.6000000000000005 0.4 0.2 0 0 0 0 0 0 0 0 0 0 0 0 2.4000000000000004 0 0 0 0 0 0 0 0 0 0 0 0 0 6.6000000000000005 
 0 0.2 0 30 15 0 0.2 0 0 0.6000000000000001 30 14.8 0 0 0.4 0 0 0.2 0.8 0.8 51.400000000000006 0 32.800000000000004 14.8 8.200000000000001 9.600000000000001 70.8 32.800000000000004 42.400000000000006 9.200000000000001 7.2 7 55.6 37.800000000000004 19 23.400000000000002 15.4 7.2 12.200000000000001 79.4 0 0 0.6000000000000001 0 0 0 13.8 6 0 0 1 0 0.8 0 0.4 0.4 7.4 0.4 0 0.4 0.2 0.6000000000000001 0 0 0 0.4 0.2 1 0.4 10.600000000000001 0 0.4 0.2 0.4 0 0.4 0 0.6000000000000001 0 0.4 0 0 0 0 4.4 4.4 0 0 0 0 1.6 0 0 0.2 0 0 0 0 0 0 8.6 4 3.8000000000000003 0 0 0 6.2 3.2 4.2 5.800000000000001 2.8000000000000003 2.2 6.4 2.4000000000000004 3.2 3.6 3.6 4.800000000000001 2.6 0 0 0 0 0 0 0 3.6 0 0 0 0 0 0 0 0 0 0 0 0.2 0 1.2000000000000002 0 0 0 0 0 0 0 0 0 0 0 0 0 0 0 0 0 0 0 0 0 0 1.6 4 0 0 0 0 0.8 0 0 0 0 0.4 0 0 0 0 0 6 4.2 10 0 2.4000000000000004 0 0 3.4000000000000004 12.200000000000001 2 0 3.4000000000000004 9.200000000000001 4 5.4 0 6.2 3.4000000000000004 2.6 5.4 0 0 0 0 0 0 0 1.4000000000000001 0 0 0 2.4000000000000004 0 0 0 0 0 0 0 0 0 0 0.4 0 0 0 0 0 0 0 0 0 0 0 0 0 2 0 0 0 0 0 0 0 0 0 0 0 0 0 0 0 0 0 1.6 0 0 0 0.2 0 0.8 0 0 0 0 0 0 0 0 0 0 0 0 0 0 0 0 0 0 0 0 0 0 0 0 0 0 0 0 0 
 0.4 0 0 0 42 0 0 0 0 0 0.6000000000000001 0 0.6000000000000001 0.2 0 0 0 0 0.2 0 12.4 32.800000000000004 0 36.4 8.8 12 37.6 73.2 30.6 25.400000000000002 13.200000000000001 8.6 91.2 21.400000000000002 8.6 6 57.800000000000004 54 26.8 55.800000000000004 0.2 0.6000000000000001 42.6 0 0 2.4000000000000004 11.200000000000001 0 0 0.4 0.6000000000000001 0.4 1.6 0 0.4 0 0.6000000000000001 0 1 0 10.4 0.6000000000000001 0 1 0 0 0.4 1.6 0 0 0 11.200000000000001 1 0.6000000000000001 0 0.4 0 1 0 1.2000000000000002 0 0 0.4 0 0 2 0 0 0 0 0 0 0.2 0 0 3.2 0 0 3 0 0.6000000000000001 7.6000000000000005 3.4000000000000004 0.2 2 7.2 0.2 6 5.6000000000000005 2.2 4.6000000000000005 13 2 3.6 0.8 0 0 2.2 0 1.8 0 0 0 0 0 0 0.6000000000000001 0.2 0 0 0 0 0.2 0 0 0 0 0 4 0.2 0 0 0 0 0 1 0 0 0 0 0 0 0 0 0.2 0 0.4 0 0 0.6000000000000001 0.4 0 0 0 0.4 0.4 0 0 0 0.4 0 0 0 0 0 0 0 0 0 0 4.2 2.8000000000000003 11.4 6.6000000000000005 2.2 0 5.6000000000000005 4 1.8 0 5.6000000000000005 6 0 3.6 4 4.800000000000001 3.6 17.2 0 9.200000000000001 0 0 0 0 0 0 0 0.4 0 0 0 0 0.2 0 0 0 0 0 0 0.2 0 0 0 0 0 0 0 0 0 0 0 0 0 0 0 0 0 0 0 0 0 0 0 0 0 0 0 0 0 0 0 0 0 0 0.6000000000000001 0.4 0.4 16.400000000000002 16.8 0 0.4 0.4 0 0 0 0 0 0 0 0 0 0 0 0 0 0 0 0 0 0 0 2 0 0 0 0.2 0 0 0 0 
 0 0 0 0 0 0.4 0 0 0 0 0.4 0.2 0.6000000000000001 1.2000000000000002 0.2 0 0 0 0 0 11.600000000000001 14.8 36.4 0 33.4 10.600000000000001 61.800000000000004 13.600000000000001 88.2 67 38.800000000000004 10.600000000000001 31 21.8 25.8 35.800000000000004 22.8 26.8 22.200000000000003 10.8 0 0.2 13.8 0 0 13 0.4 0 0 0 0 12.4 13.600000000000001 12.4 0.8 0.8 1.4000000000000001 0 27.400000000000002 0 0.2 0.6000000000000001 0 0 0 0 0.2 0 0 0.8 0 0 0.4 0 0.4 0 0 1 0 1.4000000000000001 2.6 0 0 0 0 0 0 0 0 0 0 0 0 0 0 0 0 0 0 0 2 2.8000000000000003 0.4 2.4000000000000004 1.8 4.2 0 0 0 1 2.4000000000000004 0.2 0 0.2 0 3.6 0 0 0 0 0 1.6 0 0 0 0 1 4.800000000000001 3.2 0 0 0 13.200000000000001 4.4 2.8000000000000003 0 0 0 15.8 9.600000000000001 0 0.4 0 0 0.2 0 0.6000000000000001 0 0 0 2.8000000000000003 0 0 0 0.2 0 0 0 0 0 0 0.4 0 0 0.4 0 0 0 0 2.2 0 0 0 0 0 3.8000000000000003 0.2 0 0 0.2 2.4000000000000004 0 1.2000000000000002 0 7 4.4 0 0 0 0 0 2.4000000000000004 0 0 0 0 0 0 0 0 5 0 0 0 0 0 5.800000000000001 3.4000000000000004 0.2 0 0 0 5.2 2.2 0.4 0 0 0 0.4 4.4 0 0 0.2 0 0 0 0 0 0 0.2 0.4 0 0 0 0 0 0 0 1.6 0 0 0 0 0 0 0 0 0 0.2 0 0 0 0 0 0.4 0 0.4 15.4 0 0.8 0 0.4 0.2 0 0 0.2 0 0 0 0 0 0 0 0.4 0 0 0 0 0 3 0 3.6 0 0 0 0 2.4000000000000004 0 0 0 
 0 0.4 0 0.4 0 0 0 0.2 0 0.2 0.6000000000000001 0 0 0 0.4 0.2 0 0 0.8 0.2 12.8 8.200000000000001 8.8 33.4 0 33 8 15 33 29.6 40 24 17.2 18.400000000000002 17.6 19 39.800000000000004 10.8 30.200000000000003 12 0 0.2 0.6000000000000001 0 0 0 0 13.600000000000001 12.4 0.4 0 0 13.200000000000001 0 0.4 0 0.6000000000000001 0 5.4 0.2 0 0.6000000000000001 1 0 0 0.6000000000000001 0.6000000000000001 0 0 0 0 0 0.6000000000000001 1.2000000000000002 0.4 1.4000000000000001 0 0.4 0 0 0 0 0 0 0 0 0 0 0 0 0 0 0 0 0 0 0 0 0 0 0 1.8 0 2.6 2.8000000000000003 3.8000000000000003 0 0 2.6 5.800000000000001 0 0.4 0 0 0 2.2 0 0 0 0 2.4000000000000004 0 8 0 0 0 3.2 0.2 2.4000000000000004 2.8000000000000003 0 0 9 1.4000000000000001 0 0 3.6 1.8 0.4 11.600000000000001 0 1.4000000000000001 0 0 0 0 1 0 0 4 0 0 0 0 0 0 0 0 0 0 0 0 0 0 0 0 0 0 0 0 0 0 0 0 0.2 0 0 0 0 1 0 0.2 2.8000000000000003 5.2 4.6000000000000005 5.4 0 0 0 2.6 2.6 0 0 0.2 0 0.2 0 0.2 0 0 0 6.2 11.600000000000001 0 0 0 1.4000000000000001 1.6 2.8000000000000003 0 2.2 0 2.2 2.2 2.4000000000000004 4.2 8.200000000000001 3.6 10 13.8 0 0 0.2 0 0 0 0 0 0 0 0 0 0 0 0 0 0 0 0 0 0 0 0 0 0 0 0 0 0 0 0 0 0 4.4 0.2 0.2 0.2 0.6000000000000001 16.8 0 0.4 7.2 0 0 0 0 0 0 0 0 0 0 0 0 0 0 0 0 0 0 0 0.4 0 0 0 2.4000000000000004 0 0 0 0 
 0 0 0.4 0 0 0 0 0 0 0 0.6000000000000001 0 0.2 0 0 0 0.2 0 1.4000000000000001 0.2 31.200000000000003 9.600000000000001 12 10.600000000000001 33 0 10.8 41 9 13.600000000000001 34.6 20.400000000000002 54.2 12.4 9 53.6 27.8 11.4 7 12.4 12.600000000000001 18.400000000000002 0.6000000000000001 0 0 0 25.8 25.6 13 0 0 0 6.6000000000000005 1.6 13.200000000000001 11 1 0 12.8 12.600000000000001 0 0.6000000000000001 0 0 0 0.4 0.4 0 0 0 0 0 0.2 0 0.2 4 0 1.2000000000000002 0 0 0 0 0 0 0 0.4 0 0 0 0.4 0 0 0 0 0 0 0 0 0.4 0 0 4.6000000000000005 0 1.8 6 7 0 0 2.4000000000000004 1.8 0 1.8 0 2.6 0 0.2 0 0 0 0 1.2000000000000002 0 5.6000000000000005 2.8000000000000003 0 0 0 2.8000000000000003 2.8000000000000003 0 3 0 2.8000000000000003 0 0 0 0 1.6 0.4 8.4 5 0 0 0 0 0 0 0 4 0 0 0 0 0 0 0 0 1 0 0 0 0 0 0 0 0 0 0 0 0 0 0 0 0 0 0 0 0 1 0.4 0 0 2.2 5.2 0 6.4 0 0.8 0 0 4.800000000000001 1.8 0 0.4 3.6 0.2 0 0 0 0 2.2 6.6000000000000005 4.2 2.6 0.2 0 5.6000000000000005 5.4 0 2.6 0 1.4000000000000001 7 0.4 5.800000000000001 2.8000000000000003 4.800000000000001 0 7.800000000000001 6 0 0 0 0 0 0.2 0 0 0 0 0 0 0 0 0.4 0 0 0 0 0 0 0 2.4000000000000004 0 0 0.4 0 0 0 0 0 0 0.4 0 1.2000000000000002 0.2 0 15.4 16.2 1 1 0.2 0 0 0 0 0 0 0 0.4 0 0 0 0.4 0 2.4000000000000004 0 0 0 0 0 0 0 0 0 0.2 0 0 0 0 
 4.800000000000001 0.4 0 0.2 0 0 0 0 18.2 0 0.4 0 0 1 0 0 0 0.4 0 0.4 37.4 70.8 37.6 61.800000000000004 8 10.8 0 82.4 28 8.8 35 9.4 50.400000000000006 56.800000000000004 38.6 20.400000000000002 8 20.8 13.200000000000001 46.6 0 0 0.6000000000000001 0 0 0 12.8 0 0 0 0.6000000000000001 0 1 0 0.4 0 0.6000000000000001 0 0 0 0.2 0.6000000000000001 0 0 0 0 0.2 1.6 0 0 1.2000000000000002 0 0.2 0 0 0 0 0.6000000000000001 0 0.4 0 0 0 0 0 1 0 0 0 0 0 0 0 0 0 0 0 0 0 0 7.800000000000001 2.2 5 0 0 3 7.4 2.2 7.6000000000000005 0 12.4 0.2 1.2000000000000002 3.2 2 1.8 5.6000000000000005 0 6.4 0 0 0 0 0 0 0 0.2 0 0 0 0 0 0 0 0 0 0 0 3 3 0 0 0 0 0 0 0 0 0 0 0 0 0 0 0 0 0 0 0 0 0 0 0 3.6 8 2.2 0 0 0 0.4 0 0 0 0 0 0 0 0 3.8000000000000003 0 12 5.2 8 0 2 0 0 4 3.6 5 0 2.8000000000000003 6.2 11 2 0 1.4000000000000001 8.4 1.6 2.2 0 0 0 0 0 0 0 0 0 0 0 5 0 0 0 0 0 0 0 0 0 0 0 0 0 0 0 0 0 0 0 0 0 0 0 0 0 3.8000000000000003 0 0 0 0 0 0 0 0 0 0 0 0 0 0 0 0 0.8 0 0.4 0 0 0.2 1 0.4 0 0 0 0 0 0 0 2.4000000000000004 0 0 0 0.2 0.2 0 0 0 0 0 0 0 0 0 0 0 0 0 0 0 
 0 0 0 5.4 14.8 0 0 0 0 0 15.600000000000001 56.800000000000004 0 1.6 0.6000000000000001 7.6000000000000005 0 0 0 0.4 26.6 32.800000000000004 73.2 13.600000000000001 15 41 82.4 0 66.4 25.8 22.8 38.400000000000006 40.6 34.800000000000004 69.4 50.400000000000006 25.200000000000003 9 9.200000000000001 41.400000000000006 0 0 0.6000000000000001 0 0 0.6000000000000001 9 0 0 0 0 0 0.6000000000000001 0 0.4 0 0.6000000000000001 0 0 0 0 0.6000000000000001 0 0 0 10.200000000000001 0.6000000000000001 0 0 0 0 0 0.4 0 0.2 0 0 0.2 0 0 0 0 0 0 0 0 0 0 0 0 0 0 0 0 0 0 0 0.2 0 0 0 11.4 1.2000000000000002 1.6 0.4 6 0.2 0.2 15.4 5.2 11 7 5 2.2 10.600000000000001 9.8 4.4 7.2 0 0 0 0 0 0.4 0 0 3.8000000000000003 0 0 0 0 0 3.6 2 0 0 0 0 0 0 0.6000000000000001 0 0 0 0.2 0 0.2 0 0 0 0 0.4 0.4 0 0 0 0 0 0 0 0.6000000000000001 0.4 0 0 2 0 0 0 0 0.8 0 0 0 0 0 0 0.2 0 0 0 1.2000000000000002 5.4 9.200000000000001 6.2 1.8 0 5.4 2.6 3.8000000000000003 2.2 5.4 3.2 4.800000000000001 5.6000000000000005 3.4000000000000004 0 7.4 5 0 5 0 0 0 0 0 0 0.8 2.2 0 0 0 0 0.8 0 0 0 0 0 0.2 0.8 0 0 0 0 0 0 0 0 0 0.2 0 0 0 0 0 0 0 0 0 0 0 0 3.2 0 0 0 2.8000000000000003 0 0 0 0 0 0 0 0.4 0.4 0.2 8 2 0.2 0.2 0 0 0 0 0 1.4000000000000001 0 0 0 0 0 0 0 0 0 0 0 0 0 0 2.2 0 0 0 9.200000000000001 0 0.4 0 0 
 0.4 0 0 0 0.2 0 0 0 0 0 0 0 0 0 0 0 0 0 0 0.2 6.800000000000001 42.400000000000006 30.6 88.2 33 9 28 66.4 0 50.2 65.60000000000001 26.8 37.800000000000004 26.400000000000002 19 32 66 40.800000000000004 17.400000000000002 23.8 0 0 1 1.2000000000000002 0.6000000000000001 0 7.6000000000000005 0 0 0 0.8 0 13.8 12.600000000000001 1 0 2.6 0 13.4 0 0 0.6000000000000001 0 0.4 0 0 0.4 1.6 0 0 0 0 0.6000000000000001 0 0.4 0 5.800000000000001 0.4 0 0 0 0 0 0.4 0 2 0 0 0 0 0 0 0 0 0 0 0 0 0 0 0 1.4000000000000001 2.2 5 0 2.6 0 1.8 2.2 1.8 0 4.4 1.6 3.2 0 5.4 6.4 7.800000000000001 0 0.4 0.2 1.6 0 0 0 0 3.8000000000000003 3.6 2.4000000000000004 0.2 0.4 0 5.6000000000000005 5.800000000000001 2.6 0 0.2 0 0 7.2 0 0 0 0 8 0 0.6000000000000001 0 0.2 0 0 0 0 0 0 0 0 0 0 0 0 0 0 0 2.6 0 0 0 0 1 0 0 0 0 0 0 0 0 0 0.2 0 0.4 2.8000000000000003 0 3.2 8.200000000000001 0 3.2 4.800000000000001 1.6 0.2 0.2 2.4000000000000004 1.8 0 0 5.2 2.2 0 0 2.8000000000000003 0 0 0 0 0 6 1 0 0 0 0 5.6000000000000005 1.6 0 0 0 0 0 3.4000000000000004 0 0.4 0 0.8 0 0 0 0 0 0 0 0 0 0 0 0 0 0 0 0 0 0 0 0 0 0 0 0 0 0 0 0 0 0 0 0.2 0 0 22.6 0 0.4 0 0 0 0 0 0 0 0 0 0 0 0 0 0 0 0 0 0 2.6 0 3.2 0 0 0.4 0 0 0.2 0 0 
 0.8 0.4 0.8 0.4 0.4 0.6000000000000001 0.8 0.8 0.4 0.4 1 0.4 0.4 0.8 0.8 0.4 0.4 0.4 0.4 0.8 22.8 9.200000000000001 25.400000000000002 67 29.6 13.600000000000001 8.8 25.8 50.2 0 95.4 15.600000000000001 11.8 24.6 28.200000000000003 47 33.4 23.200000000000003 32.800000000000004 15.600000000000001 0 0.4 0.6000000000000001 0 0 0 0.6000000000000001 41.6 0.2 0 0 0 0.6000000000000001 4.2 0.4 0 1.6 0 11.200000000000001 0 0 0.6000000000000001 0 10.4 0.8 0 0.4 0 0 0 0 0 0.4 0 0 0 10 0.4 0 1.4000000000000001 0 0 0 0 0 0 0 0 0 0 0 0 0 0 0 0 0 0 0 0 0 0 4.4 8.4 2.8000000000000003 2 0 12.600000000000001 3 7 0 1.4000000000000001 2.4000000000000004 2.4000000000000004 4.6000000000000005 3 0 4.2 2.2 0 0 0 0 0 0 0 3.4000000000000004 3.6 0.2 0.2 0 0 7 9.200000000000001 0 0 0.2 0 3.6 7.6000000000000005 0 1 0 0 0 0 0.8 0 0 0 0 0 0 0 0.6000000000000001 0 0 0 0 0 0 0 2 0 0 0 0 0 0 0 0 0 0 0 0 0 0 0 0 0 0.2 5.6000000000000005 0.2 2.4000000000000004 0.8 5.4 0.6000000000000001 3.4000000000000004 0 7.4 5.6000000000000005 0.4 0 2.4000000000000004 3.2 11.8 4.6000000000000005 3.2 2.4000000000000004 0 0.2 0 0 0 0 0 6.800000000000001 0 0 0 0 0 8.8 3 0 0 0 0 0 7.2 0 0 0 0 0 0 0 0 0 0 0 0 0 0 0 0 0 0 0.2 0 0 0 0 0 0 0 0 0 0 0 0 0 0 0 0.4 0 0.4 16.2 0 0.4 2.4000000000000004 3.8000000000000003 0 0 0 0 0.4 0 0 0 0 0 0 0 0 0 0 0 0 0 0 0 0 0 0 0 1.6 0 0 0 
 0.4 0 0 0 0 0 0 0 7 0.2 0.4 0 0 0 0 0 0 0 0 0.2 25.400000000000002 7.2 13.200000000000001 38.800000000000004 40 34.6 35 22.8 65.60000000000001 95.4 0 8.6 25.8 8.4 16.6 38.800000000000004 52.400000000000006 26.200000000000003 23.400000000000002 9 0 0.2 0.6000000000000001 0 0 0.8 0.2 0 0.6000000000000001 0.2 0 0.2 13.600000000000001 13 3.8000000000000003 0 0.6000000000000001 7.6000000000000005 12.600000000000001 0 0 0.6000000000000001 0 0 0 0 0.4 0 0 4 0 0 0.4 0 0.8 0.4 0 0.4 0 0 0.4 0 0 0 0 0 0 0 0 0 0 0 0 0 0 0 0 0 0 0 0.2 3.8000000000000003 0.4 6.2 0 8 0 0 0.6000000000000001 0 0 2.8000000000000003 0 6.6000000000000005 0 4.800000000000001 0 0 0 3 0 2.2 0 0 0 0.4 4 0 0 0 0 0 5.6000000000000005 2.2 3.6 0 0 0 0 4 0 0.8 0 0 0 0 1.4000000000000001 0 0 0 0 0 0 0.4 0 0 0 0 0 0 0 0 0 0 0.8 0 0 0 0 3.8000000000000003 0 0 0 0 0 0 0 0 5.6000000000000005 0 7.4 0 8.8 6.4 2.8000000000000003 2.6 3.6 2.2 0 0 7.2 4.4 0 3.6 4.2 4.6000000000000005 0 2.4000000000000004 0 1 1.6 0 0 0 0 0 5.2 0 0.6000000000000001 0 0 0 3.8000000000000003 4.2 0 0 0 0 3.4000000000000004 0.4 0 0 0 0 0 0 0 0 0 0 0 0 0 0 0 0 0 0 1.2000000000000002 0 0 0 2.6 0 0 0 0 0 0 0 0 0 0 0 1.4000000000000001 0 0 3.4000000000000004 15.8 0.4 4 0.2 0 0 0 0 0 0 0 0 0 0 0 0 0 0 0 0 0 3.4000000000000004 0 4 0 0 0 0 0 0 0 0 
 0 0.2 0.4 0.6000000000000001 0.4 0.6000000000000001 1.2000000000000002 0.4 0.4 0.4 1 0.4 0.4 0.4 4.800000000000001 0.4 0.2 0.4 0 0.4 7 7 8.6 10.600000000000001 24 20.400000000000002 9.4 38.400000000000006 26.8 15.600000000000001 8.6 0 24.8 7 17.400000000000002 16.2 92.60000000000001 46.6 8.200000000000001 11.4 1.4000000000000001 0 0.6000000000000001 0 0.4 2.6 0.2 0.4 0 0.4 0 0.4 54.6 0 1 1.2000000000000002 0.6000000000000001 0 14 0.4 0 1.8 0.2 0.8 1.4000000000000001 0 0.6000000000000001 1 0 1 0 0.2 0.6000000000000001 0 0.4 0 0 0.4 0 0 0 0 0 0 0 0 0 0 0 0 0 0 0 0 0 0 0 0 0 0 0.2 6 1.6 4 8.200000000000001 7.6000000000000005 0 1.2000000000000002 3.6 1.8 2.6 10 3 2.4000000000000004 0 2.8000000000000003 0.2 2.6 0 2.8000000000000003 0 0 0 0 0 0 0 0 0 0 0 0 0 2.6 0 0 0 0 0 0 0 0.2 0 0.4 0 0 0 0 0 0 0 0 0 0 0.4 0 0 0 0 0 0 0 0 0 0 0 0 0 0 0 0 0 0 0 0 0 0 0 0 1.2000000000000002 0 4.2 0 0 0 0 0 3.2 0 2.6 1.8 3.8000000000000003 0.2 2.2 2.4000000000000004 1.2000000000000002 15.8 0 0 0 0 0 0 0.2 0 0 2.6 2 0 0 0 0 2.4000000000000004 0 0.6000000000000001 0.8 0 0 1.6 0 0 0 0 0 0 1.2000000000000002 0 0 0 0 3.6 0 0 0 0 0 0 0 0 0 0 0 1.6 0 0 0 0 0 0.4 0 0 0 0 0.2 0.4 0.2 0 8.200000000000001 22.200000000000003 0.2 0.6000000000000001 0.2 0 0 0 0 8.200000000000001 0 0 0 0 0 0 0 0 0 0 0 0 0 0 0 0 0 0 0 0 0 0 0 
