 0 77.2 39.800000000000004 59.6 8.8 9.8 35.800000000000004 70.60000000000001 8.8 13.8 37.4 24.6 30 12.8 29.200000000000003 6.4 90.60000000000001 25 27.200000000000003 26.200000000000003 0 12 0.2 0.4 0.4 0.2 0 0 0 0 1.2000000000000002 0.2 0.2 40.6 0.6000000000000001 0.4 0.2 0.6000000000000001 0 0.6000000000000001 0 0 0 0.4 0 0.6000000000000001 0 0.4 0.6000000000000001 0 0 0.4 0 1.4000000000000001 0 0.6000000000000001 0 0.6000000000000001 1 0 0 0 0.6000000000000001 0.6000000000000001 0 0 0 0.6000000000000001 0 0.4 0 0 0 0.6000000000000001 0 0.6000000000000001 0.6000000000000001 0 0 0 1.8 0.8 3.6 3.2 4.2 3.8000000000000003 0.2 2.6 0.2 2 8.8 0 4 3.6 4.4 0.2 5 0 2.8000000000000003 0 0 0 0 0 0 0 0 0 0 0 0 0 0 0 0 0 0.4 0 0 1.4000000000000001 0 0 0 0 0 0 0 0 0 0.6000000000000001 0 0 0 0 0 0 0 0 2 0 0 0 0 0 0 0 0 0 0 0 1.2000000000000002 0 0 0 0 0 0 0 0 0 2.6 0 3 0.2 3 0 0 1.4000000000000001 3 2.6 0 0 3.8000000000000003 3.6 0 7.4 0 0.2 0.2 2 5.2 0 0 0 2.6 0 1.8 0 0 0 0 0 3.8000000000000003 0.2 0 0 0 0 3.4000000000000004 0 0 0 0 0 0 0 0 0 0 0 0 0 0 0 0 0 0 0 0 0 0 0 0 0 0 0 0 0 0 0 0 0 0 0 0 0 0 0 0 0 0 0 0 0 0 0.4 0 0.4 0.2 0.2 0.4 0.8 0 0 0 0 0 0 0 0 0 0 0 0 0 0 0 0 0 0 0 0 0 0 0 0 2.8000000000000003 0 0 0 0 0 0 0 0 0 0 0 0 0 
 77.2 0 42.6 115.60000000000001 24.200000000000003 7.2 88.2 39 30.400000000000002 22.8 39.800000000000004 7 60 33 34.6 36.800000000000004 23.200000000000003 34.6 12.200000000000001 75.4 0.4 0 0 0.4 0.4 0.2 0 0.2 0 0 0 0.4 0 0 0.4 14.4 0.2 0 0 0.6000000000000001 0 0 0 0.4 0.2 0.6000000000000001 0 0.4 0.6000000000000001 0 0 0.2 0 2 0 0.6000000000000001 0 0.6000000000000001 1 0 0 0 0.8 4.4 0 0 0 0.6000000000000001 0 0.6000000000000001 0 0 0 0.6000000000000001 0 0.6000000000000001 0.6000000000000001 0 0 0 6.6000000000000005 7.2 0.2 7.4 1 4.2 2.8000000000000003 1.8 0 4.6000000000000005 6.4 2.6 3.8000000000000003 6 3.2 4.800000000000001 1.8 0 0 0.8 0 0 0 0 0 0 0.4 0 0 0 0 0 0 0 0 0 0.2 0 1.2000000000000002 0 0 0 0 0 0 3.8000000000000003 0 0 0 0 0 0 0 0 0 0 0 0 0 0 0 0 0 0 0 0 0 0 0 0 0 0 0 0 0 0 0 4 2.4000000000000004 0 10 7 0 0 6.4 0.8 5 4.2 4.2 4.4 3.6 3.2 4.800000000000001 5.800000000000001 1 4.6000000000000005 0 0.4 0 1.8 3 0 0 0 0 0 1.6 0 0 0 0 0 3 0.2 0.4 0 0 0 0 0 0 0 0 0 0 0 0 0 0 0 0 0 0 0 0.2 0 0 0 0 0 0 0 0 0 0 0 0 0 0 0 0 0 0 0 0 0 0 0 2.6 0 0 0 0 0 0 0 18.2 0.2 0.2 20 0.2 1.6 0 0 0 0 0 0 0 0 0 0 0 0 0 0 0 0 0 0 0 0 0 0 0 0 1.8 1.8 0 0 0 0 0 0 0 0.2 0 0 0 0 
 39.800000000000004 42.6 0 14.8 31.8 71.60000000000001 30.6 75.2 49.800000000000004 42 26 24.8 31.200000000000003 8 47 54 69.2 43.800000000000004 26 43.6 15 0.6000000000000001 0.4 1.2000000000000002 0.4 0 0.2 0 0 0.4 0.4 0.8 19 0.4 0.8 0.4 2.6 0.2 30.200000000000003 0.6000000000000001 12.600000000000001 0 0 0.6000000000000001 2 0.6000000000000001 0 0.8 0.6000000000000001 0 0.4 0 0 3.4000000000000004 0 0.6000000000000001 0.4 0.6000000000000001 0.2 0 0 0 0.4 5 0 0.6000000000000001 0 0.6000000000000001 0 0.2 0.6000000000000001 0.4 0.6000000000000001 0.6000000000000001 0 0.6000000000000001 0.6000000000000001 0.8 0.4 0 6.4 1.6 1.8 1.2000000000000002 0 0.4 0 2.2 4.2 2 8.6 2.4000000000000004 0 6.4 3 7.800000000000001 3.2 5 0 0 0 0 0 0.4 0 0 0 0 0 0 0 0 0.2 2.2 0.2 0 0 0.2 4.2 0.6000000000000001 0 0 0 0 0 0 1.4000000000000001 0 0 0 0 0 0 0 0 0 0 0 0 3.2 0 0 0 4.2 0 2.6 0.2 0 0 0 0 0 0 0 0 0 0 0 0 0 9 0 2.2 2.4000000000000004 9.8 2.2 0 1.4000000000000001 3 0.4 0 0 5.4 5.800000000000001 3 0 2.6 4.4 0 8.6 2.8000000000000003 0 3 0 2.8000000000000003 0 4.2 0 0 0 0 0 6.6000000000000005 0 2.4000000000000004 0 0 0 0 0 0 0 0 0 0 0 0 0 0 6.6000000000000005 2.6 0 0 0 0 0 0 0 0 0.4 0 0 0.2 0.4 0 0 0 0 0 0 0 0 0 0 0 0 0 0 0 0 0 0 0 0 0 0 0 0.2 0 0.4 0.4 2 0 0 0 0 0 0 0.2 0 0 0 0 0 0 0 0 0 0 0 0 0 0 0 0 0 0 0 0 0 0 0 0 0 0 0 0 0 0 0 
 59.6 115.60000000000001 14.8 0 18.400000000000002 62 62.2 15.8 18.6 59.6 15.4 10.600000000000001 56.400000000000006 19.200000000000003 16.2 27.400000000000002 9.8 89.4 59.800000000000004 16.2 19.6 0.2 0 0.4 0.4 0 14.8 0 0 0 0 0.4 0 1 0.4 0.4 0 0 14.600000000000001 4.6000000000000005 0 12.600000000000001 0 0.4 0 0.6000000000000001 0 0.6000000000000001 0.6000000000000001 0 0 0 0 0.6000000000000001 0 0.6000000000000001 0 0.6000000000000001 0 0 0 0 0.6000000000000001 0.2 0 0 0 0.6000000000000001 0 0.6000000000000001 0 2 1.2000000000000002 0.6000000000000001 0 0.6000000000000001 0.6000000000000001 0 0.2 0.8 0 2.8000000000000003 0 1.6 12.4 4 2.8000000000000003 5.2 0 12.4 5.800000000000001 0 0 0 0 1.8 0 0 0 2.2 0 2 0 0 0 0 2.2 5.6000000000000005 0 6.2 0 0.4 0 7.6000000000000005 1.8 0 5.4 0 3.6 3.6 0 0 0.4 0 0 0 0 0 0 0 0 0.4 0 0 0 0 0 0 0 0 0 0 0 0 0 0.4 0 0 0 0 0 0 0 0 0 0 0.4 0 0 0.2 4.800000000000001 0 0 4.6000000000000005 2.8000000000000003 0 1.2000000000000002 2 3.2 5.4 3 1.8 0 2 1.8 2.2 2 0 0 0.2 2.8000000000000003 0 0 0 0 0 0 1.8 0 0 0 0 3.2 2 0 3 0 0 0 0.4 0 2 0 0 0.2 0 0 0 0 0 0 0 0 0 0 0 0 0 0 0 0 0 0 0 0 0 0 0 0 0 0 0 0 0 0 0 0 0 0 0 0 0.4 0 0 0 0.6000000000000001 17.400000000000002 0.4 0.8 0.8 0.2 0.4 2.8000000000000003 0 0 0 0 0 0 0 0 0 0 0 0 0 0 0 0 0 0 0 0 0 0 0 4 2.2 0 0 0 0 0 0 0 0 0 0 0 0 
 8.8 24.200000000000003 31.8 18.400000000000002 0 30.200000000000003 8.8 21.200000000000003 33.6 63 14.200000000000001 14.600000000000001 12.4 10 17 22.200000000000003 10.4 68.60000000000001 15.4 34.4 19.200000000000003 0 3.2 0.4 0.4 0 15 16.6 0 0 0.2 0.4 44.800000000000004 26 0.6000000000000001 0 0.2 0 51 15.200000000000001 0 0.4 0 0.6000000000000001 0.8 1.8 0 0.6000000000000001 0.6000000000000001 0 0 0 0.2 0.8 0.2 0.6000000000000001 0 0.6000000000000001 7 0 0 0 0.6000000000000001 0.2 1.8 0 0 0.6000000000000001 0 0.8 0.2 0 1.2000000000000002 0.6000000000000001 9.600000000000001 1.2000000000000002 0.6000000000000001 0 0.4 0 0.4 0 0 4.800000000000001 0.2 6.2 0.2 0.2 7 4.6000000000000005 4.6000000000000005 0.2 0 0.4 0.4 2 3 0 0 0.4 0 0 0 0.2 0 0 4.4 2 0 0 0 0 0 2.2 0 0 1.2000000000000002 0 0 6.800000000000001 0 0 0 0 0 0 0 0 0 1.2000000000000002 0 0 0 0 0 0 0 0 0 0 0 0 0 0 0 0 0 0 0.2 0 0 0 0 0.4 0 0 0 0 0 0 0 2.6 8.4 4.2 2.8000000000000003 2.2 0 0 4.800000000000001 0 2 0 0 0.2 0 0 2 3.4000000000000004 0 0 6 0 0 0 0 0 6.6000000000000005 2.8000000000000003 0 0.2 0.4 0 6.4 0 6.4 0 0.2 3.6 4.800000000000001 0 0 0 0 0 0 0 0 0 0 0 0 0 0 0 0 0 3 0 0 0 0 0.6000000000000001 0 0 0.8 0.4 0 0 0 0 0 0 0 0 0.2 0.4 0 0 0 0 0 0 0 0 0.4 0.2 0.8 0 0.2 1 0.4 2.6 2.8000000000000003 0 0 0 0 0 0.4 0 0 0 0 0 0 0 0 0 2 0 0 0 0 0 0 2.4000000000000004 0 0 0 0 0 0 0 0 0 0 0 0 0 0 
 9.8 7.2 71.60000000000001 62 30.200000000000003 0 11.4 51.2 10 33.4 14.4 10.200000000000001 46.800000000000004 5.800000000000001 7.2 73.8 11 55.400000000000006 10 13 9.200000000000001 14.8 5.6000000000000005 15.200000000000001 0.4 0 44.400000000000006 0 0.2 0.4 0 0.4 14.8 15.600000000000001 20.6 0 12.600000000000001 17 11 2.4000000000000004 0 0 0 0.4 2.6 0.6000000000000001 0 0.4 0.6000000000000001 0 0 0.4 0 1.2000000000000002 0 0.6000000000000001 0 0.6000000000000001 0 0 0 0 0.6000000000000001 0.6000000000000001 0.4 0 0 0.6000000000000001 0 0.6000000000000001 0 11.600000000000001 3.4000000000000004 0.6000000000000001 0 0.6000000000000001 0.6000000000000001 0 0 0.4 0 0 0 5.4 4.2 9.8 0 0 2 3 2.2 3.2 0 0 0 5 16 0 0 0 3.6 7.4 12.600000000000001 1.2000000000000002 0 0 7.4 7.4 0.2 4.800000000000001 3.6 0 0.2 4.6000000000000005 0 3.4000000000000004 1.8 4 0 7.800000000000001 0 0.6000000000000001 0 0 0 0 0 0 0 0.4 0 0 0 0 0 0 0 0 0 0 0 0 0 0 0 0 0 0 0 0.2 0 0 0 0 0 0 0 0.6000000000000001 0 0 8 0 5.2 5.6000000000000005 4 7.2 0 0 0 0.8 3.6 0 0 0.4 0 0 2.8000000000000003 0 0 0 10.8 0 0 2.6 7 0 0.2 9 5.6000000000000005 6.4 0 1.6 6.6000000000000005 6.2 4.6000000000000005 0 5.2 0.6000000000000001 0 0.8 0 0 0 0 0 0 0 0 0 0 0 0 0 0 0 0 0 0 0 3 0 0 0 0 0 0 0 0 2.2 0 0 2.6 0 0 0 0.2 0 0 0 2.4000000000000004 0 0 3.4000000000000004 0 0 0.8 0 0.2 0 0 1.4000000000000001 0.6000000000000001 2.6 0 0 0 0 0 0 0 7 0 0.2 0 0 0 0 0 0 0 12.200000000000001 0 0 0 0 0 0 0 0 0 0 0 0 0 0 0 0 0 0 0 
 35.800000000000004 88.2 30.6 62.2 8.8 11.4 0 30.400000000000002 35.800000000000004 30.200000000000003 70 8 36.6 28.400000000000002 43.6 11.600000000000001 8 9 24.6 60.2 0 0 0.4 0.8 1.2000000000000002 0.4 1.4000000000000001 0.4 0.8 0.6000000000000001 1.6 0.4 0.2 41 0.4 0.4 0 0.6000000000000001 0 0.4 0 0 1.6 0.8 0.6000000000000001 1.2000000000000002 0.4 2 0.6000000000000001 0 1 0.4 0.6000000000000001 12.8 0 1.4000000000000001 1 2 0.6000000000000001 0.4 0.2 0 0.6000000000000001 1.6 0 0.4 0.8 0.6000000000000001 0.2 1.2000000000000002 1.4000000000000001 0 0 1.4000000000000001 0.4 0.6000000000000001 1.2000000000000002 0.2 0.4 0 6.4 2.2 2 0 0 1.8 6.2 4.6000000000000005 0 2.2 4.4 3 0 5.4 3.6 15 1.4000000000000001 4.6000000000000005 0 2.8000000000000003 0 0 0 0 0 0 0.2 0.4 0 0 0 0 0 0 0 0 0.2 0 2 0.2 0.4 0 0 0 0 0 0 0 0 0 0 0 0 0 0 0 0 0 0 0 0 0.4 0 0 0 0 0 0 0 2 0 0.4 0 0 0 0 0 0 0 0 4.4 5 0 0 4.2 4.4 6.4 5.2 0.2 7.6000000000000005 0.4 0 3.8000000000000003 8.4 0 1.6 0.4 1.8 6.2 3 0 0 0 0 0 0 0 0 0 0 0 0 0 0 0.2 0 0 0 0 0 0 0 0 0 0 0 0 0 0 0.4 0.2 0 0 0 0.4 0 0 0 0 0 0 0 0 0 0 0 0 0 0 0 0 0 0 0 0.6000000000000001 0 0 0 0 0 0 0 0 0 0 0.4 17.6 0.2 0.2 17.6 0 1.6 0 0 0 0 0 0 0 0 0 0 12.200000000000001 0 0 0 0 0 0 0 0 0 0 0 0 0 0 2 0 0 0 0 0 0.6000000000000001 0 0 0 0 0 0 
 70.60000000000001 39 75.2 15.8 21.200000000000003 51.2 30.400000000000002 0 54.6 13 7.4 8.4 82.80000000000001 60.2 61.400000000000006 63.800000000000004 55.6 25.200000000000003 34.4 46.400000000000006 0 0.2 0 0.4 0.4 0 0 0 0.2 0 18 0.4 15.4 0 0.4 0 0 0 0 0.4 0 0 0 0.4 0 0.6000000000000001 0 0.6000000000000001 0.6000000000000001 0 0 0.2 0 2.6 12.8 0.6000000000000001 0 0.6000000000000001 0.4 0 0 0 0.6000000000000001 1.4000000000000001 0 0 0 0.4 0 0.6000000000000001 0.2 0 0 0.6000000000000001 0 0.6000000000000001 0.6000000000000001 0 8.6 0 4.6000000000000005 0 3.8000000000000003 4.2 1 0 2.8000000000000003 8.200000000000001 10 2 1.4000000000000001 2.4000000000000004 0.2 8.4 0.8 1.4000000000000001 0 5.4 0 0 0 0 0 0 0 0 0 0 0 0 0 0 0 0 0 0 0 0 2 0.4 0 0 0.2 0 0 0 0 0 0 0 0 0.2 0 0 0 0 0 0 0 0 0 0 0 0 0 0.2 0 4 0 0 0 0 0 0 0 0 0 0 0 0.2 2 2.6 0.2 0.2 5.6000000000000005 0 0 0 2 3 0 0 1.8 2.2 1.2000000000000002 0 4.4 0.2 3.6 0 2.6 0 0 1.6 0 0 6.2 0 0 0 0 0 4.800000000000001 0 0 0 0 0 8.8 0 0 0 0 0 0.4 0 0 0 0 0 0 0 0 0 0 0 0 0 0 0 0 0 0 0 0 0 0.4 0 0 0 0 0 0 0 0 0 0 0 0 0 0 0 0 0 0 0.4 0 0.4 0 0.2 0.4 2.4000000000000004 0 0 0 0 0 0 0 0 0 0 0 0 0 0 0 0 0 0 0 0 0 0 0 4.800000000000001 6.2 0 0 0 0 0 0 0 0 0 0 0 0 0 
 8.8 30.400000000000002 49.800000000000004 18.6 33.6 10 35.800000000000004 54.6 0 18.6 19.8 5.2 41.800000000000004 40.800000000000004 81.60000000000001 35.800000000000004 24 51 27.400000000000002 38.800000000000004 0 0 0 0.4 0.8 0 0 0 0.4 0 13.4 0.4 2.2 0 0.4 0 0 0 14.8 0.4 0 0 0 0.4 0 0.6000000000000001 0 0.6000000000000001 0.6000000000000001 0 0 0.6000000000000001 0 0.6000000000000001 0 0.6000000000000001 0 0.6000000000000001 0 0 0 0 0.6000000000000001 0.6000000000000001 0 0 0 0.6000000000000001 0 0.6000000000000001 0 0 0 0.6000000000000001 0 0.6000000000000001 0.6000000000000001 0 0 0 0 1 5.2 0 0 0.2 7.2 0.8 6.2 2 0 6.800000000000001 0 2.2 3 6.800000000000001 1.6 4 10.200000000000001 2.2 0 0 0 0 0 0 0 0 0 0 0 0 0 4.2 0 0.4 0 0 0 0 0 0 0 0 0 0 0 0 0 0 0 0 0 0 0 0 0 0 0 0 0.2 0 0 0 0 4 0 0 0 0 0 2.8000000000000003 0 0 0 0 0 0 0 0 0.2 1.8 0.2 0 0.6000000000000001 5.2 0 1.4000000000000001 3 2.6 2.2 0.2 3.6 1 0 7.2 0 6.2 2.8000000000000003 0 0 0 0.4 0 0.4 0 8 0 0 0 0 0 0.4 0 3.4000000000000004 0 0 0 3.4000000000000004 0 0 0 0 0 0 0 0 0 0 0 0 0 0 0 0 0 0 0 0 0 0 0 0 0 0 0 0 0 0 0 0 0 0 0 0 0 0 0 0 0 0 0 0 0 0 0.4 17.8 0.2 0.4 2.2 0 3.8000000000000003 0 0 0 0 0 0 0 0 0 0 2 0 0.4 0 0 0 0 0 0 0 0.4 0 0 4 0 0 0 0 0 0 0 0 0 0 0 0 0 0 
 13.8 22.8 42 59.6 63 33.4 30.200000000000003 13 18.6 0 46.400000000000006 7.6000000000000005 51 18 26.6 34.2 9.600000000000001 19 22 23.200000000000003 27.400000000000002 0 0 0.4 0.4 0 14.600000000000001 0 0 0 0 0.4 0 0 0.4 0 0.2 0 32.6 34.6 0 0 0 0.4 0.6000000000000001 0.6000000000000001 0 0.4 0.6000000000000001 0 0 0.4 0 0.6000000000000001 0 0.6000000000000001 0 0.6000000000000001 0 0 0 0 0.6000000000000001 0.6000000000000001 0 0 0 0.6000000000000001 0 0.4 0 1.2000000000000002 0.6000000000000001 0.6000000000000001 0 0.6000000000000001 0.6000000000000001 8.6 0 0 0 3.8000000000000003 0 1.8 17.6 8 2.8000000000000003 0 7.4 7.6000000000000005 10.200000000000001 0 0 2.8000000000000003 2 4.800000000000001 3.6 0.2 0 3 0 1.4000000000000001 0 0 0.4 0.2 1.8 9.200000000000001 0 6.6000000000000005 0 0 0 13.200000000000001 2.6 0 0 0 0.2 7 0 0 0 0 0 0 0 0 0 0 0 0 0.2 0 0 0 0 0 0 0 0 0 0 0 0 0 0 0 0 0 0.4 0 0 0 0 0 0 0 0 0 4.800000000000001 0 0 2.6 3 0 0 3 3.8000000000000003 2.2 2.6 3.2 4.4 3.8000000000000003 2 4.4 0 0.4 0 1 2.6 0.4 0 0 0 0.2 0 4.2 0 0 0 0 3 0.2 3.4000000000000004 1 3.6 0 1.8 1.6 0.2 0 0 0 0 0 0 0 0 0 0 0 0 0 0 0 0 0 0 0 0 0 0 0 0.4 0 0 0 0 0 0.2 0 0 0 0 0 0.4 0 0 0 0 0 0 0 0 0.8 17.8 0 0.2 18.400000000000002 0 1.4000000000000001 3 0.4 0 0 0 0 0 0 0 0 0 0 0 0 0 0 0 0 0 0 0 0 0 0 0 2.2 0 0 0 0 0 0 0 0 0 0 0 0 
 37.4 39.800000000000004 26 15.4 14.200000000000001 14.4 70 7.4 19.8 46.400000000000006 0 32.4 7.2 51.6 30.6 16.8 24.400000000000002 16.400000000000002 8 13.200000000000001 16.400000000000002 0 0 0.4 0.4 0 0 0 0 0.4 0 0.4 0 0 0.6000000000000001 0 0 0.4 14.8 18.8 0 0 12.4 0.4 0.2 0.6000000000000001 0 0.4 0.6000000000000001 0 0 0.2 0 0.6000000000000001 0 0.6000000000000001 0 0.6000000000000001 0 0 0 0 0.6000000000000001 0.6000000000000001 0 0 0 0.6000000000000001 0 0.4 0 0 0 0.6000000000000001 0 0.6000000000000001 0.6000000000000001 0 0 0 2 2 2.2 2.2 0.8 10.4 2.6 0.2 0 0 1.8 0 0 2.6 1.4000000000000001 4 0 1.8 0 0.2 0.2 0 4 0 0 0.2 3.4000000000000004 2.8000000000000003 0 0 0 0 0.4 2 0 0 0 0 0.6000000000000001 7.6000000000000005 0 0 0 0 0 0 0 0 0 0 0.4 0 0 0 0 0 0 0 0 0 0 0 0 0 0 0 0 0 0 0 3.4000000000000004 0 0 0 0 0 0 0 0.2 0 1.4000000000000001 5.800000000000001 0.2 0 2.6 1.8 0 5.800000000000001 4.6000000000000005 5.2 0.2 1.6 3 5 0 8.200000000000001 2.2 2.2 0 1.6 0.8 0 0.6000000000000001 0 0 0 2 2.6 0 0 0 0 1.8 0 3.6 3.8000000000000003 2.2 0 3.6 1.4000000000000001 0 0 0.2 0 0 0 0 0 0 0 0 0 2 0 0 0 0 0 0 0 0 0 0 0 0 0 0 0.4 0 0 0 0 0 0 0 0 0 0 0 0 0 4.4 0 0 0 0 17.400000000000002 0 0.4 8.200000000000001 0 1.6 0.4 0 0 0 0 0 0 0 0 0 0 0 0 0 0 0 0 0 0 0 0 0 0 0 2.8000000000000003 2 0 0 0 0 0 0 0 0.4 0 0 0 0 
 24.6 7 24.8 10.600000000000001 14.600000000000001 10.200000000000001 8 8.4 5.2 7.6000000000000005 32.4 0 5.4 51.2 26.400000000000002 9.8 26.400000000000002 42.6 5.800000000000001 8 14.4 14.600000000000001 0 0.4 0.4 0 16.2 30.8 0.4 0 0.4 0.4 0.2 0 0.4 0 0 0 14.600000000000001 86.80000000000001 0 0.2 0 0.4 6.6000000000000005 0.6000000000000001 0 0.6000000000000001 0.6000000000000001 0 0 0 0 0.6000000000000001 0 0.6000000000000001 0 0.6000000000000001 0 0 0 0 0.6000000000000001 0.2 0 0 0 0.6000000000000001 0 0.6000000000000001 0 0 0 0.6000000000000001 0 0.6000000000000001 0.6000000000000001 0 0 0 0.2 0 2 0.2 3.8000000000000003 7.800000000000001 0 7.2 1.2000000000000002 5 4.2 0 0 0 0 0 0.6000000000000001 0 0 0 10 2.8000000000000003 3.2 0 0 0 2.4000000000000004 0.2 0 0 0 0 2 2.2 0 3 0 0 5.2 11.8 0 0 0 0 0 0 1.6 0 0 0 0 0 0 0 0.2 0 0.2 0 0 0 0.2 0 0 0 0 1.2000000000000002 0.2 0 0 0 0 0 0 0 0 0 0 0 0 0 0.2 0.2 6.2 2.2 5.2 4.6000000000000005 1.2000000000000002 0.2 5.2 3.4000000000000004 3.4000000000000004 1.2000000000000002 0 0 0 2.6 2.4000000000000004 15.200000000000001 0.2 0 3.6 0 4.800000000000001 0 0 0.4 4 0.2 0 0 2.2 0 3.6 1.8 2 2.8000000000000003 2.6 0 4.6000000000000005 0.2 0 0 0 0 0 0 0 0 0 0 0 0 1 0 0.2 0 0 0 0 0.4 0 0.2 0.2 0 0 0 0 0 0 0 0 0 0 0 0 0 0 0 0 0 0 1.6 0 0 0 0.2 0.4 0 0 1.4000000000000001 0.2 2.4000000000000004 3.2 0 0 0 0 0 0 0 0 0 0 0 0 0 0 0 0 0 0 0 0 0 0 0 4 0 0 0 0 0 0 0 0 0 0 0 0 0 
 30 60 31.200000000000003 56.400000000000006 12.4 46.800000000000004 36.6 82.80000000000001 41.800000000000004 51 7.2 5.4 0 59.400000000000006 29.200000000000003 42.400000000000006 65 25.400000000000002 28.200000000000003 60 0 0.4 0 0.4 0.8 0 0.2 0 0 0 0.4 0 0.2 0 0.4 0 0 0 0 0.6000000000000001 0 0 0 0.4 0 0.6000000000000001 0 0.6000000000000001 0.6000000000000001 0 0 0.2 0 0.6000000000000001 0 0.6000000000000001 0 0.6000000000000001 0 0 0 0 0.6000000000000001 0.4 0 0 0 0.6000000000000001 0 0.6000000000000001 0 0 0 0.6000000000000001 0 0.6000000000000001 0.6000000000000001 0 0 0 2 7 6.4 4 0 0 0 0 0.6000000000000001 5.800000000000001 2.6 1.8 5 6.800000000000001 12.600000000000001 8.4 4.6000000000000005 4 1 0 0 0 0 0 0 0 0 0 0 0 0 0 0 3 0 0 0.2 0 0 0 0 0 0 0 0 0 0 0 0 0 0 0 0 0 0 0 0 0 0 0 0 0 0 0 0 0 0 11.8 0 0 0 0 0 0 0.4 0 0 0 0 0 6.800000000000001 0 0 0 0 0 0 0.2 2.2 0 4.2 0 4.6000000000000005 6.2 5.6000000000000005 2.8000000000000003 2 3.4000000000000004 0 3.6 0 0 0 0 0 0 0 0 0 0 0 0 0 1.2000000000000002 0 0 0 0 0 0 0 0 0 0 0 0 0 0 0 0 0 0 0 0 0 0 0 0 0 0 0 0 0 0 0 0 0 0 0 0 0 0 0 0 0 0 0 0 0 0 0 0 0 0 0 0.4 20.200000000000003 0.2 0 0 0.2 1.2000000000000002 0 0 0 0 0 0 0 0 0 0 0 0 0 0 0 0 0 0 0 0 0 0 0 5.4 0.2 0 0 0 0 0 0 0 0 0 0 0 0 0 
 12.8 33 8 19.200000000000003 10 5.800000000000001 28.400000000000002 60.2 40.800000000000004 18 51.6 51.2 59.400000000000006 0 36.800000000000004 55.2 36.4 27.8 108.80000000000001 19.6 0 0.2 5.2 0.4 0.8 0 0 0 0 0.4 0 0.4 0 0 0.4 0 0 0.4 0 0.6000000000000001 0 1.2000000000000002 0 0.4 0.2 0.6000000000000001 0 0.4 0.6000000000000001 0 0 0.2 0 0.6000000000000001 0 0.6000000000000001 0 1.2000000000000002 0 0 0 0 0.6000000000000001 0.6000000000000001 0 0 0 0.6000000000000001 0 1 0 0 0 0.6000000000000001 0.2 0.6000000000000001 0.6000000000000001 0 0 0 0 6.800000000000001 3.6 2.4000000000000004 6.800000000000001 0.4 3.4000000000000004 0 2.4000000000000004 2.4000000000000004 2.2 2 6.4 2.4000000000000004 1.8 9 3.2 7.2 5.6000000000000005 5 0 0 0 0 0 0 0 0 0 0 0 0 0 0 0 0 0 0 0 0 0 0 0.2 0 0 0 0 0 0 0 0 0 0 0.4 0 0 0 0 0 0 0 0 0 0 0 0 0 0 0 0 0 0 0 0 0 0 0 0 0 0 2.8000000000000003 0 0 0 0 0 0 2 2.8000000000000003 2 4.2 1.8 0 0.4 5.4 2.6 1.4000000000000001 2.2 0.2 0.4 0 0 0 4.2 0 0 0 0 0 0 0 0 1.4000000000000001 0 0 0 0 0 0 0 0 0 0 0 0 0 0 0 0 0 0 0 0 0 0 0 0 0 0 0 0 0 0 0 0 0 0 3.8000000000000003 0 0 0 0 0 0 0.4 0 0 0 0 0 0 0 0 0 0 0 35.4 0 0 0 0 0.4 0 0 0.4 0 0 0 0 0 0 0 0 0 0 0 0 0 0 0 0 0 0 0 0 4.6000000000000005 0 3 0 0 0 0 0 0 0 0 0 0 0 0 
 29.200000000000003 34.6 47 16.2 17 7.2 43.6 61.400000000000006 81.60000000000001 26.6 30.6 26.400000000000002 29.200000000000003 36.800000000000004 0 35.4 78.4 68.2 18.6 74.4 0 0.2 0 0.4 0.4 0 0 0 0 0 0 0.4 15.200000000000001 0 0.6000000000000001 0.2 0 0 0 41.2 0 0 0 0.4 0 0.6000000000000001 0 0.6000000000000001 0.6000000000000001 0 0 0.2 0 13.200000000000001 0 0.6000000000000001 0 0.6000000000000001 0 0 0 0 0.8 1.6 0 0 0 0.6000000000000001 0 0.6000000000000001 0 0 0 0.6000000000000001 0 0.6000000000000001 0.6000000000000001 0 0 0 2 8 3.4000000000000004 1.8 0 0.6000000000000001 0 2.2 1.4000000000000001 0 0.4 2.8000000000000003 0 12.600000000000001 2.8000000000000003 3.4000000000000004 0 5.6000000000000005 0.2 0 0 0 0 0 0 0 0 0.2 0 0 0 0 0 0 0 0 0 0 0.8 0 4 0 0 0 0 0 0.2 0 0.2 0 0 0 0 0 0 0.2 0 0 0 0 0 0 0 0 0 0 0 0 0 0 0 0 0 0 0 0 0 0.2 0 0 3.2 6.4 0 0 5.2 0 0 2 4.800000000000001 3.4000000000000004 4.6000000000000005 0 12.600000000000001 5.800000000000001 1.4000000000000001 5.6000000000000005 0.6000000000000001 2.6 0 0.2 0 0 0 0 0 0 2 0 0 0 0 0 2 0.2 0 0 0 0 5.2 0 0 0.4 0 0.2 0 0 0 0 0 0 0 0 0 0 0 0 0 0.4 0 0 0 0 0 0 0 0 0 0 0.2 0 0 0.4 0 0.4 0 0 0 0 0 0 0 0 0 0 0 0 1.4000000000000001 0 0 0.8 0.2 1.4000000000000001 0 0 0 0 0 0 0 0 0 0 2.8000000000000003 0 0 0 0.2 0 0 0.4 0 0 0 0 0 1.8 2 0 0 0 0 0 0 0 0 0 0 0 0 0 
 6.4 36.800000000000004 54 27.400000000000002 22.200000000000003 73.8 11.600000000000001 63.800000000000004 35.800000000000004 34.2 16.8 9.8 42.400000000000006 55.2 35.4 0 14.4 67.2 16.8 18.6 0 0 0 0.4 0.4 0 15.200000000000001 1 0 0 0.4 0.4 0.2 0 1 14.600000000000001 0 0 25.6 0.4 0 0 0 0.4 0 0.6000000000000001 0 0.6000000000000001 0.6000000000000001 12.4 0 0.2 0 0.4 0 0.6000000000000001 0 0.8 0.2 0.6000000000000001 0 0 0.6000000000000001 0 0 0 0 0.4 0 0.6000000000000001 0.2 0 0 0.6000000000000001 0 1.2000000000000002 0.6000000000000001 0 9 0 2.2 3.4000000000000004 1 7.6000000000000005 4.800000000000001 3.2 0.2 2.8000000000000003 0 20.6 6.6000000000000005 1.8 1.6 2.2 5.6000000000000005 0.6000000000000001 7 4.800000000000001 0 12.200000000000001 0 0 0.2 0 0 0 4.2 0 0.2 0 0 0 0 0 0 0 0 0 0 4 0 0 0 0 0 0 0 0 0 0 0 0 0 0 0 0 0 0 0 0 0 0 0 0 0 0 0 0 0 0 0 0 0 0 0 0 0 0 0 0 2.2 0 3.4000000000000004 4.4 0 5.4 0 0 5 3.4000000000000004 10.600000000000001 4 0 0 4 3.6 2.4000000000000004 6.800000000000001 0 0.4 4 0 0 0 0 0 6.4 0.2 0 0 0 0.4 0 1.8 0 0 0 0 0 0 0 0 0 0 0 0 0 0 0 0 0 0 0 0 0 0 0 0 0 0 0 0 0 0 0 0 0 0 0 0 0 0 0 0 0 0.4 0 0 0 0 0 0 0 0 0 0.4 19 0 0.4 0.2 1.6 0.8 2.8000000000000003 0 0 0 0 0 0 0 16.2 0 0 0 0 0 0 0 0 0 0 0 0 0 0 0 2.8000000000000003 0 0 0 0 0 0 0 0 0 0 0 0 0 
 90.60000000000001 23.200000000000003 69.2 9.8 10.4 11 8 55.6 24 9.600000000000001 24.400000000000002 26.400000000000002 65 36.4 78.4 14.4 0 37.2 18.6 29.400000000000002 0 0.4 0 0.4 0.8 0 0 0 0 0.8 0.6000000000000001 0.8 15.200000000000001 0 0.6000000000000001 0.2 0 1.2000000000000002 0 30.400000000000002 0 0 0 1.4000000000000001 0.8 0.6000000000000001 0.2 0.4 0.6000000000000001 0 0.2 0.2 0 1.4000000000000001 0 0.6000000000000001 0.4 1.2000000000000002 0.6000000000000001 0 0 0 0.6000000000000001 0.6000000000000001 0.6000000000000001 0 0 1.6 1 1 0 0 0 1.4000000000000001 0 0.6000000000000001 0.8 0 0 0.4 4.6000000000000005 0.4 3.8000000000000003 6.4 6.800000000000001 0 3.4000000000000004 0 4.800000000000001 2.2 0.6000000000000001 0 0 0.4 0 2 0.2 3.4000000000000004 0.4 0 2.2 4.2 0 0 0 0 0.2 0 0 0 0 0 0 0 0 0 0 0 0.6000000000000001 0.4 0 0 0.2 0 0 0 1 0 0 0 0 0.2 0 0 0 0 0 0 0 0 0 0 0 0 0 5 0 0 0 0.2 0 0 0 0 0 0 0 0 0 0.2 0 0 2.8000000000000003 2.8000000000000003 7 2.8000000000000003 0 0 0 6.6000000000000005 0 0 3 0.2 2.8000000000000003 0 4.6000000000000005 2.8000000000000003 3.6 2 3.8000000000000003 0 2.2 0 0 0 1.4000000000000001 0 0 0 0 0.2 6.2 0 4 0 0 0 3.8000000000000003 0 0 2.8000000000000003 0 0 0.4 0 0 0 0 0 0 0 0 0 0 0 0 0 0 0 0 0 0 0 0 0 0.4 0 0 0 0 0 0 0 0 0 0 0 0 0 0 0 0 0 0 0.4 0 0 0.2 0.4 0 1 0 0 0 0 0 0 0 0 0 0 0 0 0 0 0 0 0 0 0.4 0 0 0 0 7.800000000000001 2 0 0 0 0 0 0 0 0 0 0 0 0 0 
 25 34.6 43.800000000000004 89.4 68.60000000000001 55.400000000000006 9 25.200000000000003 51 19 16.400000000000002 42.6 25.400000000000002 27.8 68.2 67.2 37.2 0 26.6 33.4 7 0.4 0 0.4 0.4 0.2 0.4 0 1.8 0 0 0.4 0 0 0.4 0 0.2 0 3.4000000000000004 30.400000000000002 0 0 0 0.4 0 0.6000000000000001 0 0.6000000000000001 0.6000000000000001 0 0 0.4 0 0.6000000000000001 0 0.6000000000000001 0 0.6000000000000001 0 0 0 1.2000000000000002 0.6000000000000001 1.6 0 0 0 12.200000000000001 0 0.6000000000000001 5.6000000000000005 0 0 0.6000000000000001 0 0.6000000000000001 0.6000000000000001 0 0 0 2.2 0 0.2 0 0 0 0 5.6000000000000005 0 2.4000000000000004 3.6 3.2 0 6.800000000000001 0 0 0 9.200000000000001 0 0 1.8 4 0 0 0.4 0.2 2 2 0 0 0 0 0 2.2 1.4000000000000001 0 0 0 2.6 0 0 0 0 0 0 0 2 0 0 0 0 0 0 0 0 0 0 0 0 0 0.6000000000000001 0 0 0 0 0.8 0 0 0 0.2 0 0 0 0 0 0 0 0 0.2 0 2.2 0 0 3.2 8.4 5.4 7.2 0 3 7.2 1 0 2.2 4.6000000000000005 5 0 1 4.800000000000001 2.6 0 0 0 2 0 0 0 1.4000000000000001 0 0 0 0 0.2 0 0.4 2.2 0.2 0.2 0 0.2 2.4000000000000004 0 2 0 1.4000000000000001 0 0 0 0 0 0 0 0 0 0 0 0 0 0 0 0 0 0 0 0 0 0 0 0.4 0 0 0.2 0 0 0 0 0 0 0 0 0 0 0 0 0 0 0 0.2 0 0.4 16.6 2 3.8000000000000003 0 0 0 0 0 0 0 0 0 0 0 0 0 0 0 0 0 0 0 0 0 0 0 0 3.4000000000000004 0 0 0 0 0 0 0 0 0.4 0 0 0 0 
 27.200000000000003 12.200000000000001 26 59.800000000000004 15.4 10 24.6 34.4 27.400000000000002 22 8 5.800000000000001 28.200000000000003 108.80000000000001 18.6 16.8 18.6 26.6 0 62.2 0 0.8 0 0.4 0.4 0 0 0 1.6 0.6000000000000001 0 0.8 0.4 0.4 0.4 0 0 0.6000000000000001 0 0.4 0.4 0 0 0.4 0 1.2000000000000002 0 1.2000000000000002 0.6000000000000001 0 0 0.2 0 0.6000000000000001 0.4 0.6000000000000001 0 0.6000000000000001 0.6000000000000001 0 0 0 0.6000000000000001 0.4 0 0 0 0.6000000000000001 0 1.6 0 0 0 0.6000000000000001 0 20.6 0.6000000000000001 0 0 0 11.8 0.4 0.2 4 0 0 0 4.4 0 2.8000000000000003 3.6 1.4000000000000001 10.200000000000001 0.4 0.4 0 2 3.6 2.4000000000000004 7.4 0 0 0 0 0 0 0 0 0 0 0 0 0 0 0 0 0 0 0.2 0 0 0 0 0 0 0 0 0 0 0 0 0 0 0 0 0 0 0 0 0 0 0 0 0 0 0 0 0 0 0 2.2 0 0 0 0 0 0 0 0 0 2.8000000000000003 3.4000000000000004 3.4000000000000004 0 0.2 0 6.4 4.4 0 0 0 0 2.8000000000000003 5.2 2.4000000000000004 4 2.4000000000000004 0 0 5.2 0 0 0 0 0 0 0 0 0 0 0 0 0 0 0 0 0 0 0 0 0 0 0 0 0 0 0 0 0 0 0 0 0 0 0 0 0 0 0 0 0 0 0 0 0 0 0 0 0 0 0 0 0 0 0 0 0 0 0 0 0 0 0 0 0 0.4 0 0 0.4 0.2 0 0.6000000000000001 0 0.8 0.4 0 0 0 0 0 0 0 0 0 0 0 0 0 0 0 0 0 0 0 0 3 0.2 0 0 0 0 0 0 0 0 0 0 0 0 0 
 26.200000000000003 75.4 43.6 16.2 34.4 13 60.2 46.400000000000006 38.800000000000004 23.200000000000003 13.200000000000001 8 60 19.6 74.4 18.6 29.400000000000002 33.4 62.2 0 0 0.2 0 0.4 0.4 0 0 0 0.2 0 0.2 0.4 0 0 0.4 0 0 1 0 0.6000000000000001 0 0 0 0.4 0 13.200000000000001 0 0.6000000000000001 0.6000000000000001 0 0 0 0 0.6000000000000001 0 0.6000000000000001 0 0.6000000000000001 0.4 0 0 0 0.6000000000000001 1.6 0 0 0 0.6000000000000001 0 1.4000000000000001 0 0 0 0.6000000000000001 0 0.6000000000000001 0.6000000000000001 0 0 0 6 2.2 3 0 0 0 5.6000000000000005 2.6 0 0 0.2 3.6 4.4 8 2 5.4 0 4.2 1.6 2.2 0 0 0 0 0 0 0 0 0 0 0 0 0 0 0 0 0 0.4 1.6 0 0 0 0 0 0 0 0 0 0 0 0 0 0 0 0 0 0.2 0 0 0 3 0 0 0 0 0 0.4 0 0 0 0 0 0 0 0 0 0 0 0 0 10.200000000000001 2.4000000000000004 2.2 0 2.4000000000000004 1.8 2 3.4000000000000004 0 2.8000000000000003 0 0 7.4 17.6 0 5.800000000000001 0 0 3.8000000000000003 4.2 0 0 0 0.2 0 0 0.4 0 0 0 0 0 0 0 0 0 0 0 0 0 0 0 0 0 0 0 0 0 0 0 0 0 0 0 0 0 0 0 0 0.2 0 0.4 0.4 2.4000000000000004 0 0 4.2 0 0 0 0 0 0 0 0 0 0.8 0 0 0 0 0 0 0 0 0.4 0 0.4 0 0.4 0 1 0 0 0 0 0 0 0 0 0.4 0 0 0 0 0 0 0 0 0 0 0 0 0 0 0 0 0 0 0 0 0 0 0 0 0 0 0 0 0 
 0 0.4 15 19.6 19.200000000000003 9.200000000000001 0 0 0 27.400000000000002 16.400000000000002 14.4 0 0 0 0 0 7 0 0 0 19 32.6 9.8 10.600000000000001 11.4 26.400000000000002 52.800000000000004 8.6 9.600000000000001 7.800000000000001 5.4 27 87.4 11.4 22.8 9.8 47.6 32.800000000000004 88.2 0 0 0 0.6000000000000001 3.4000000000000004 0 0 0 0 0 0 0.4 0 0 11 0.6000000000000001 0.2 0 0.6000000000000001 0 0 0.6000000000000001 0 0 0.6000000000000001 0 0.4 0 0 0 0 2.6 2.6 0 0 0 0.4 0 0 0 0 3.8000000000000003 0 0 5 3.4000000000000004 0 0 0 3.8000000000000003 10.600000000000001 0 0 0 0 1.2000000000000002 3 0 0 0 0.2 2.4000000000000004 2.4000000000000004 3.8000000000000003 3.4000000000000004 0 5.4 7.4 1 3.2 0 2.4000000000000004 3.2 7.800000000000001 5.4 0 1.2000000000000002 0 1.4000000000000001 9.200000000000001 0 0 0 0 0 0 0 0 0 0 0 0 0 0 0 0 0 0.2 1.6 0 0 0 0 0 0 0 0 0 0 0 1.8 1.2000000000000002 0 0 0 0.4 0.8 0 0 0 0 0 0 5.4 0 0 0 0 0.6000000000000001 0 0 2 0 0 0 1.4000000000000001 0 0 0 0 3 0.6000000000000001 0.2 0 0 0 0 6.800000000000001 0 0.2 1.6 0 3.2 0 5.2 2.4000000000000004 3.6 5.2 4.4 0 0 0 0 0 0 0 4 0 0 0 0 0 0 0 0 0 0 0 4.6000000000000005 5 0 0 0 0 0 4.4 0 0 0 0 0.4 0 0 0 0 0 0 0 0 0 0 2.6 0 0 0 0 0 0 0 15.8 0 0 2.6 0 1.4000000000000001 0.2 0.4 15.600000000000001 0 0 0.4 0 0 0 0 0 0 0 0 0 0 0 0 0 0 0 0 0 0 0 0 0.2 0 0 0 0 0 0 0 0 
 12 0 0.6000000000000001 0.2 0 14.8 0 0.2 0 0 0 14.600000000000001 0.4 0.2 0.2 0 0.4 0.4 0.8 0.2 19 0 34.2 46 39.400000000000006 6.4 29.8 15.4 12 67.2 26.200000000000003 14.200000000000001 10 33.2 69.8 80.4 59.2 50.6 5.4 8.200000000000001 0 0 0 0.6000000000000001 0 0 0 0 0 0 0.4 0 0 0 0 0.6000000000000001 0.4 0 0.6000000000000001 0 0 0.6000000000000001 0.2 0 0.6000000000000001 0 0.4 0.2 0 0 0 0.4 0 0 0 0 0.4 0 0 0 0 0 0 0 0 2.2 0 0 0 0 0 0 0 0 0 0 0 0 0.4 0 6.4 4.800000000000001 6.2 2.4000000000000004 0 0 0 0 4.6000000000000005 3.8000000000000003 3.2 0 1 1.6 0 13 2.6 3.8000000000000003 6.6000000000000005 0 1.4000000000000001 0 3.4000000000000004 0 0 0 0 0 0 0 0 0 0.4 2.2 0 0 0 0 0 0 0 0 0 0 1.4000000000000001 0.4 0 0.4 0 0 0 0 0 1 0 1 0 0 2.2 3.2 0.4 0 0.4 0 0 0 0 4.2 0 0 0 0 0 0 0 0 0 0 0 0 0 0 4.2 3.4000000000000004 2.8000000000000003 0 0 1.8 1.8 2.4000000000000004 4.6000000000000005 1.8 0 0 6.6000000000000005 9 2.4000000000000004 2.4000000000000004 0 5.4 0.8 0 0 0 0 0 0 0 0 0 0 0 1.2000000000000002 0 0 0 0 0 0 3.8000000000000003 0 0 0 0 0 0.2 0 0 5.4 0 0 0 0 0 0 0 0 0 0 0 0 3.6 2.6 0 0 0 0 0 0 0.4 0 0 0 0 1 0.2 0.4 24 0 0 0 3.8000000000000003 0 0 0 0 0 0 0 0 0 0 0 0 0 0 0 0 0 0.2 0 1 0 0 0 1 0 0 0 0.2 
 0.2 0 0.4 0 3.2 5.6000000000000005 0.4 0 0 0 0 0 0 5.2 0 0 0 0 0 0 32.6 34.2 0 33 9.200000000000001 24.6 26.6 42.6 30 12.600000000000001 55.2 9.8 31.400000000000002 63.2 13.8 49.6 34.2 22.8 23.8 74.4 0 0 1.8 0.6000000000000001 0 0 0 12.600000000000001 12.600000000000001 0 0 0.8 0 0.2 0 0.6000000000000001 0.2 0 0.6000000000000001 0 0 0.6000000000000001 0 0 0.6000000000000001 0 3.6 0.4 0 1 0 0.4 0 0 0 0.6000000000000001 0.4 0 0 0 0 0 0 0 0 2.8000000000000003 0 0 0 0 0 0 0 0 0 0 0 0 0 0 5.4 0 5.6000000000000005 16.8 4.6000000000000005 4.800000000000001 0 0 2.6 0 3.8000000000000003 3.8000000000000003 2.4000000000000004 0.2 2.4000000000000004 3.4000000000000004 2.8000000000000003 4.4 0 1.2000000000000002 0 1.8 0 0 0 0 0 0 0 0.2 0 0 0 0 6.6000000000000005 0 0.2 0 4.4 1.6 0 0 0 0 0 0 0 0 0 0 1.2000000000000002 1.4000000000000001 0 0 0 0 1 0 0 0 6.4 0 1.6 0 0 0 0.4 0 0 0 0 0 0 0 0 0 3.4000000000000004 0 0 0 1.8 10.600000000000001 0 0 4.800000000000001 0.4 0 6.2 13.4 5.800000000000001 0 3.8000000000000003 0 4.800000000000001 4.800000000000001 0.2 6.2 5 2 1.4000000000000001 1.6 0 0 0 0 0 1.6 8.6 0 0 0 0 0.2 3.4000000000000004 4.2 0 0 0 2.2 3 0.2 0 0 0 0 0 0 0 0 0.2 0 0.2 0 0 0 0 0 0 0 0 0 0 0 0 0 0.4 0 0 0 0 0 0 0 0 2.2 0 0.2 33.6 0 0.4 5 0 0 0 0 0.2 2.4000000000000004 0 0 0 0 0 0 0 0 0 0 0 0 0 0 0 0 0 0 0 0 0 0 0 
 0.4 0.4 1.2000000000000002 0.4 0.4 15.200000000000001 0.8 0.4 0.4 0.4 0.4 0.4 0.4 0.4 0.4 0.4 0.4 0.4 0.4 0.4 9.8 46 33 0 30 9.4 41.6 34.800000000000004 18.400000000000002 76.80000000000001 42.2 29 45.400000000000006 112.60000000000001 56.2 55.2 43.6 26.8 7.800000000000001 21 0 0.4 0 0.6000000000000001 0 0 14 0 0 0 0 0 0.2 0 0 0.6000000000000001 0 0 1 0 0 0.6000000000000001 0 0 0.6000000000000001 0 1.4000000000000001 0.2 0 0 0 0.4 0 0 0 0 0.4 0 1.4000000000000001 0 0 0 0 0 0.2 2.8000000000000003 0 0 0 0.4 0 0 0 0 0 0 0 0 0 0 2.8000000000000003 3 0 3 1.8 0.4 4 0 0.4 3.6 4.6000000000000005 5 3.8000000000000003 0.2 5.6000000000000005 7.800000000000001 0 7 0 0 0 0 0 0 0 0 0 0 0 0 0 0.8 0.6000000000000001 0 0 0 0 0 0 0 0 0 0 0 0 0 0 0 0 0 0 0 0 1.2000000000000002 0 0 0 0 1.6 0 0.8 0.2 0.4 0 0 0 0 0 0 0 0 0.2 0 0.4 0 0 0 0 0 0 1 0 3.8000000000000003 3.2 5 0 0 0.6000000000000001 4.800000000000001 5.2 6.6000000000000005 4.4 0 3.6 0.2 1.8 4.800000000000001 7 0 4 2.6 0 0 0 0 0 0 3.4000000000000004 0 0 0 0 2 0 0 0 0 0 0 2.8000000000000003 0.4 0 0 0 0 0 0 0 2.8000000000000003 0.4 0 0.4 0 0 0 1.6 0 0 0 0 0 0 3 0 0 0 0 0 0 0 0 0.2 0 0 0.8 0 0.4 1.6 15 0.6000000000000001 2.4000000000000004 0.4 0 0 0 0 0 0 0 0 0 0.4 0 0 0 0 0 0 0 0 0 1.2000000000000002 0 0 0 1.6 0 0 0 0 
 0.4 0.4 0.4 0.4 0.4 0.4 1.2000000000000002 0.4 0.8 0.4 0.4 0.4 0.8 0.8 0.4 0.4 0.8 0.4 0.4 0.4 10.600000000000001 39.400000000000006 9.200000000000001 30 0 29.400000000000002 8 17.2 41.6 45 34.800000000000004 19 15.600000000000001 14 29.6 34.800000000000004 24.6 35.2 8.8 15.600000000000001 0 0 1.4000000000000001 1.8 0 0.4 19 0.6000000000000001 0.6000000000000001 0 0 0.8 6.6000000000000005 5.800000000000001 0 1.2000000000000002 0.2 5.2 26.8 0 4.6000000000000005 0.6000000000000001 0.2 0 0.6000000000000001 0.4 1 1.2000000000000002 0 0.4 0 0.8 0.2 2.2 0.4 0.2 0.8 0 0.2 0 0 0 0 0 0 0 0 0 0 0 0 0 0 0 0 0 0 0.2 0 0 2.2 4.2 3 0 0 2.4000000000000004 0 0 1.8 2.8000000000000003 8.4 0 0 0 3.6 5.6000000000000005 0 1.8 0 0 3 0 3 0 0 0 0 0.2 0 3.8000000000000003 0 0 4 0 0 2 2.4000000000000004 0 4.4 5.4 0 0.2 0 0 0 0 0 0 0 0 0.2 0 0 0.6000000000000001 0 0 0 0 1.2000000000000002 0 3.2 0 0 0 0 1.4000000000000001 0 0.8 0 0.8 0 0 0 0.4 0 0 0 1.8 0 0 0 0 1.6 11.200000000000001 3.4000000000000004 3.6 0 0 0 2 1.4000000000000001 4 0 0 0 0 0.2 0 0 0 5.800000000000001 5 0.4 0 0 0 0 6.2 5.2 0 3 0 11.600000000000001 0 0 0 0 0 4.2 8 2 0 0 0.4 0 0 0 0 3.8000000000000003 0 0 0.4 0 0.2 0 0 0 0 0 0 0 0 1.4000000000000001 0 0 0 0 0 0 0 0 0 0 0 0.6000000000000001 0 0.2 3 0.2 0.4 0.4 0.4 0 0 0 0 0 0 0 0 0 0 0 0 0 0 0 0 0 0 0 3.2 0 0 0 1.2000000000000002 0 0 0 0 
 0.2 0.2 0 0 0 0 0.4 0 0 0 0 0 0 0 0 0 0 0.2 0 0 11.4 6.4 24.6 9.4 29.400000000000002 0 7.4 6.800000000000001 11.4 9.200000000000001 21.200000000000003 45.800000000000004 8.8 9.4 51.2 25 10.8 16 22.8 48.2 16.2 4.800000000000001 0.4 19.6 0.4 0.8 19.6 13.4 1.2000000000000002 0 0 1 49.2 44.2 12.4 2.8000000000000003 1.2000000000000002 1.4000000000000001 13.200000000000001 12.4 0 1.4000000000000001 0.6000000000000001 0 0.6000000000000001 0 1.2000000000000002 1.6 0 1.2000000000000002 0 1.2000000000000002 0 0.6000000000000001 0 0.8 0.4 1 0.6000000000000001 0 0 0 0 0 0 0 0 0 0 0 0 0 0 0 0 0 0 0 2.2 0 0 0 0 9 4 0.2 0 0 0 0 2.6 0.4 0 0 0 0 4 0 0 0 5.6000000000000005 6.800000000000001 6 0 2.6 0 5.2 2.4000000000000004 0 2.2 0 3.8000000000000003 6 4.4 8 0 5.6000000000000005 2 0 2.6 0 0 0 0 0 0 0 0 0 0 0 0 0 0 1 0 0 0 0 0 0 0 0 0 0 0.4 0.4 0 0 0 0 1.4000000000000001 0.8 0 0.8 0 0 0 0 0 0 0.8 0 0 6 8 0.4 0.2 0 0 0 3.2 0 0 0 0 0.2 0 0 0 13.8 4 0 0.2 0 0 1 0.8 7.800000000000001 5 8.6 0 5.2 15.200000000000001 9.600000000000001 1.6 3.6 0.8 2.4000000000000004 4.2 0 0 0 0 0 0 0 0 0 0 0 0 0 0 0 0 0 0 0 0 0 0 1.6 0 0 0 0 0 0 0 0 0 0 0 0.6000000000000001 0 1 0.2 0 0 0.2 0.2 0 0.2 0 0 0.4 0 0 0 0.4 0.2 0 0.2 0 0 0 0 0 0 0 0 0 0 0 0 0 0 0 0 
 0 0 0.2 14.8 15 44.400000000000006 1.4000000000000001 0 0 14.600000000000001 0 16.2 0.2 0 0 15.200000000000001 0 0.4 0 0 26.400000000000002 29.8 26.6 41.6 8 7.4 0 30 70.8 51.6 10.200000000000001 6.800000000000001 28.6 25.6 30.6 7.6000000000000005 10.600000000000001 25.400000000000002 23.6 27.8 0 0 0 0.6000000000000001 0 0 0 0 0 0 0 0.4 0 0 0 0.6000000000000001 0.2 0 0.6000000000000001 0 0 0.6000000000000001 0 0 10.8 0 0.4 0 0 0 0 0.4 6 0 0 0 0.4 0 0 0 0 0 0 0 0 5.800000000000001 0 0 0 1.2000000000000002 2.2 2 0 0 0 0 2 0 0 0 4 0 6.2 0.2 3.6 3.8000000000000003 4.6000000000000005 4.4 0 9.8 10.4 1.4000000000000001 4 1.6 11.200000000000001 2.6 0 3.4000000000000004 0 4.800000000000001 0 0 0 0 0 0 0 0 0 0 0 0 0 0 0 0 0 0 2.6 0 0.4 0 0 0 0 0 0 0.2 0.4 0.6000000000000001 0 0 0 0 0 0 0 0 0.2 0 4.2 0.2 5.2 2.2 0 0 0 0.2 0 0 5.6000000000000005 0 0 0 0 0.4 0 2.6 1.2000000000000002 0 6.800000000000001 1.6 0 1.8 4.2 0 4.2 2.6 20.200000000000003 2.2 3.6 2.4000000000000004 0.2 15.600000000000001 1.8 8.8 4 5 1.8 5.800000000000001 0 0 0 0 0 0 0 0 0 0 0 0 0 0 0 0 0 0.2 0 0 0 0 0 0 0 0.4 0 0 0 0 0 0 0 0 0 0 0 0 0 0 0 0 2.6 0 0 0 0 0 0 0 0 0 1.6 0 1.8 0.4 0 0 15.4 0 3.8000000000000003 0 0 0 0 0 0 0 0 0 0 0 0 0 0 0.2 0 0 0 0 0 0 0 0 0 0 0 0 0 0 
 0 0.2 0 0 16.6 0 0.4 0 0 0 0 30.8 0 0 0 1 0 0 0 0 52.800000000000004 15.4 42.6 34.800000000000004 17.2 6.800000000000001 30 0 16.400000000000002 20 9.4 19.200000000000003 42.2 31.200000000000003 11.8 23 25.6 6.6000000000000005 11.600000000000001 11.200000000000001 0 0 0 0.6000000000000001 0 0 0 0 0 0 0 0.4 0 0 0 0.6000000000000001 0.4 0 0.8 0 0 0.6000000000000001 0.2 0 0.6000000000000001 0 0.4 0.2 0 0 0 0.4 0 0 0 0.6000000000000001 0.4 0 0 0 0 0 0 0 0 0 0 0 0 0 0 0 0 0 0 0 0 0 0 0 3.6 4.2 10 7.6000000000000005 2.8000000000000003 2.2 1.8 3 6.2 0 0.2 7.6000000000000005 8 8.6 6.2 2.4000000000000004 2.4000000000000004 5.4 3.6 3.6 0 0 0 0 0 3.2 2.4000000000000004 0 0 0 0 0 0 0.2 0 0 0 0 8.8 0 0 0 0 0 0 0 0 0 0 0 2.4000000000000004 1.4000000000000001 0 0 0 0 1 0.4 0 0 0 1.4000000000000001 0 0 0.2 0 0 0 0 0 0 0 0 1 0 0 0 0 0 0 1.8 6.800000000000001 7 2 1.8 0 0 2.2 5.800000000000001 0.4 0.4 0.2 0 10.4 2.4000000000000004 8.6 2 3.6 0.6000000000000001 3 0 0 0 0 0.2 0 0.8 0 0 0 0 0 0 0 0 0 0 0 2 5 0 0 0 4 0 0 0 0 0 0 0 0 0 0 0 0 0 0 0 0 0 3.6 0.4 0 0 0 0 0 0 0 0 0 0 0 2.6 0 0.4 17 0 0.2 6.4 2.4000000000000004 0 0 0 0 0.2 0 0 0 0 0 0 0 0 0 0 0 0 0 0 0.2 0 0 0 0 2.4000000000000004 0 0 0 
 0 0 0 0 0 0.2 0.8 0.2 0.4 0 0 0.4 0 0 0 0 0 1.8 1.6 0.2 8.6 12 30 18.400000000000002 41.6 11.4 70.8 16.400000000000002 0 19.400000000000002 16 51.800000000000004 31 29.8 53.2 24.8 52.2 11.200000000000001 35.4 72.60000000000001 0 0 0 21.8 0 0 14 0 0 0 0 0.2 0.4 13 0 43.400000000000006 0 0 0.6000000000000001 0 0 0.6000000000000001 0 0 0.6000000000000001 0.4 0.4 0 0 0.4 0 0.4 0 0 0 0.2 0.4 0 0 0 0.2 0 0 0 0 0 0 0 0.2 0 0.2 3.4000000000000004 0.2 0 0 0 0 0.4 0 0 2 6 0 0 0 3.6 0.2 1.4000000000000001 0 9.8 0 0.2 0 0 0 4.2 4.2 5.800000000000001 0.2 2.2 0 0 0 0 0 0 9.4 0.4 1.6 0 0 0 2 0 4 0.2 0 0 1.8 2 1 0 0 0 0 0.4 0 0 0 0.4 0 0 0 0 0.2 0 0 0 0 0 0 0 0 0 0.2 1.8 0.4 0 0.2 0.4 0 0 0 0.2 0 0 0 1 0 0 2 0.2 0.2 6.800000000000001 0.2 0.6000000000000001 0 0.2 2.8000000000000003 2 0 3.8000000000000003 0.2 7 0.2 0 0 0 0 1.6 0 0 0.2 0 0 0 0 11 0 0.6000000000000001 0 0 5.4 0 6 0 0 0 0 0 0 0 0 0.2 0 0 0 0 0.6000000000000001 0 0 0 0 0 2.6 0 0 0 0 0 0 0 0 0 0 0 0 0 0 0 0 0 14.8 0 2 0.4 0.6000000000000001 1.6 30.400000000000002 0.2 0.2 0.2 0 0 0 0 0 0 0 0 0 0 0 0 0 0 0 0 0 0.2 0 1.2000000000000002 0 0 0.4 0 0 0 0 0 
 0 0 0.4 0 0 0.4 0.6000000000000001 0 0 0 0.4 0 0 0.4 0 0 0.8 0 0.6000000000000001 0 9.600000000000001 67.2 12.600000000000001 76.80000000000001 45 9.200000000000001 51.6 20 19.400000000000002 0 40.400000000000006 22 21.8 21 59.6 35 31 97.4 10.200000000000001 20.400000000000002 0.2 0 0 0.6000000000000001 0 0 4.6000000000000005 12.8 0 0 0 0.4 23.8 0.2 0 16 0.2 0 13.4 0 0 0.6000000000000001 0 0 0.6000000000000001 0 0.4 0 0 0 0 0.4 0 0 0 0 0.4 0 0 0 0 0 0 0 0 0 0 0 0 0 0 0.2 0 0.4 0 0 0 0 0 0 4.800000000000001 4.6000000000000005 2.6 18.8 0 9.200000000000001 1.8 3.4000000000000004 2 9.4 2.2 2 0.6000000000000001 0 4.800000000000001 8.4 4.2 3.2 0 0 0 0 0 0 0 0 3.8000000000000003 0 2.8000000000000003 0 0 0 0 0 0 0 0 0 3.6 0 0 0 0 0 0 0 0 0 0 0 0 0 0 4.4 0 0 0 0 0.2 0 6.800000000000001 0 0 4.6000000000000005 0 0 0 0 0 0 0 0 0 0.8 0 0 0 0 0 0 1.8 5.800000000000001 4.6000000000000005 5.6000000000000005 1 8.200000000000001 0 0 3 0 4.4 5.6000000000000005 0 8.6 2.8000000000000003 0 0 4.6000000000000005 0 0 4.2 0 0 0 0 0 0 0 0 0 0.2 0 0.2 5.6000000000000005 0.2 0 0.4 0 0 4.800000000000001 0 0 0 0 13 0 0 0 0 2.6 0 0 0 0 0 0 0.4 0 0 0 0 0 2.6 0 0 0 0 0 0 0 0 0 0 0 1 0 0 15.600000000000001 15.200000000000001 0.2 3.2 0 0 0 0 0 0 0 0 0 0 0 0 0 0 0 0 0 0 0.2 0 0 0 0 0 2.8000000000000003 3.8000000000000003 0 0 0 
 1.2000000000000002 0 0.4 0 0.2 0 1.6 18 13.4 0 0 0.4 0.4 0 0 0.4 0.6000000000000001 0 0 0.2 7.800000000000001 26.200000000000003 55.2 42.2 34.800000000000004 21.200000000000003 10.200000000000001 9.4 16 40.400000000000006 0 23 16.8 21.200000000000003 60.6 16.6 49.6 41.400000000000006 7.2 13.600000000000001 0.4 0 0 0.6000000000000001 0 0 1 0 11.200000000000001 0 0 0.8 0.2 0 0 1.8 0.2 0 13.200000000000001 0 0 0.6000000000000001 0 0 0.6000000000000001 0 0.4 0 0 0 0 0.4 0 0 0 0 0.4 0 0.8 0 0 0 0 0 0 0 0 0 0 0 0 0 0.4 0 0.2 0 0 0 2.2 0 5 1.8 2 14 1.8 2.4000000000000004 0 0 2.2 7.4 3.4000000000000004 0.2 0.2 0 5.2 7.800000000000001 0 4.6000000000000005 0 0 0 0 0 0 0 0 1.8 0 0 0 0 0 0 2 0 0 0 0 3.8000000000000003 0 0 0 0 0 0 0.2 0.4 0 4.2 0 0 0 0 0.8 0.4 0.8 0 0 1.2000000000000002 0 0 0.8 0 0 0 0 0 0 0 0.8 0.4 0 0 1 0 0 0 0 0 0 0 7 3 4.800000000000001 1.8 0 2.6 0 2.8000000000000003 1.8 6 0 0 6.800000000000001 5.4 6 4.2 1.4000000000000001 0 0.4 3.2 0.4 0 0 0 0 0 0 0 0 0.2 0 0.6000000000000001 0 1.8 0 0 0.4 1.4000000000000001 3.2 0 0 0.2 0 0 0 0 0 17.8 0 0 0 0 0.2 0.6000000000000001 0 0 0 0 0 0 0 0 0 0 0 0 0 0 0 0 0 0 0 1.2000000000000002 0 0 0.6000000000000001 14.8 0 0.8 3.6 0 0 0 0 0 0 0 0 0 0 0 0 0 0 0 0 0 0 0 2.8000000000000003 0 0 0 3.6 2.6 0 0 0 
