 0 77.4 16.6 17 53.6 7.800000000000001 37 52.400000000000006 24.8 46 52.800000000000004 65 29.8 78.80000000000001 127.60000000000001 56.400000000000006 24.400000000000002 69.8 7.2 26.400000000000002 0 0.6000000000000001 1 0 0 0.2 0 0.8 1.4000000000000001 0.6000000000000001 0 0 0.4 0 0.4 0.2 0 15 0.4 0 0.6000000000000001 0.8 0 0.4 0.6000000000000001 0 1.4000000000000001 0.6000000000000001 10.600000000000001 0.6000000000000001 0.4 0.4 0 0 0 1 0.6000000000000001 0 0 0 0 0 0 0 0.6000000000000001 1.2000000000000002 0.4 0 0.6000000000000001 0 0.4 0.6000000000000001 0.4 0 0.6000000000000001 0 0.4 1 0 2 8.4 8.4 6.2 5 4.800000000000001 2 0 4.6000000000000005 2.2 6.4 5.6000000000000005 4 0 2.8000000000000003 11.4 10.4 13.200000000000001 4 3.6 0 0 0 0 0 0 0 0 0 0 0 0 0 0 0 0 0 0 0 0 5.2 0.4 0 0 0 0 0 0 0 0 0 0 0 0 0 0 0 0 0 0 0 0 0.8 0 0.2 0 2.4000000000000004 0 0 0 0 0 0 0 0 0 0 0 0 0 0 3.2 3.8000000000000003 9.4 2.6 3.4000000000000004 4.4 2 2.4000000000000004 2.6 3 0 13 1.2000000000000002 8.4 8 0 6.800000000000001 2 3 0 0 0 0 0 0 2.8000000000000003 0 0 0 0 0 0 0 0 0 0 0 0 1.8 0 0 0 0 0 0 0 0.4 0 2 0 0 0 0.2 0 0 0 0.4 0 0 0.4 0 0 0 0 0 2.8000000000000003 0 1.6 0 0 0 0 0.2 0.2 0 0 0 0 0.4 0 0 2.2 0 0 0 0 18.8 0.2 0.4 23.6 0 2.6 0 0 0 0 0.4 0 0 0 0 0 0 0 0.4 0 0.4 0 0 0 0 0 0 0 0 3 0 0 0 0 0 0 0 0 0 0 0 0 0 0 
 77.4 0 35.2 11.4 71.60000000000001 40 37.2 35.4 10 33.4 4.800000000000001 63.800000000000004 25.6 17.6 60.400000000000006 7.4 9.200000000000001 46.6 13.600000000000001 18.2 0 0 0.4 0 0 0 0 0.6000000000000001 0.6000000000000001 0.6000000000000001 0 0 0.4 0 0 0 0 0 0 0 0.6000000000000001 0 0 0 0.6000000000000001 0 0.6000000000000001 0.6000000000000001 0.4 0 0 0.4 0.6000000000000001 0 12.4 0.4 0 0 0 0 0 0 0 10.8 0 0.6000000000000001 0 0 0.4 0 0 0 0.6000000000000001 0 0.6000000000000001 0 0.4 0.6000000000000001 0 0.2 5.6000000000000005 9 2.4000000000000004 6.4 4.2 0 1.8 0.2 2 0 1.8 5.4 0 0.8 8.200000000000001 3.6 7.800000000000001 0 5.4 3.2 0 0 0 0 0 0 0 0 0.4 0 0 0 0 0 0 0 0 0 0 0 0 0 0.2 0 0 0 0 0 0 0 0 0 0 0 0 0 0 0 0 0 0 0 0 0 0 3 0 0 0 0 0 0 0 0.2 0 0 0 0.2 0 0 4.2 2.6 2 4.2 0 0 3 4 8.8 2.8000000000000003 0 0 1.8 3 8.6 1.2000000000000002 8 2 1.6 4.6000000000000005 0 0 0 0 0 0 0 0 0 0 0 0 0 0 0 1.4000000000000001 0 0 0 1.6 0 0 0 0 0 3.2 2.4000000000000004 0 0 0 0 0.2 0 0 0.2 0 0 0 0 0 0 0 0.2 0 0 0 0 0 0 0 0 0 0 0 0 0 0 0 4.4 0 0 0 0 0 0 0.4 0 0.2 0.2 0.6000000000000001 0 3 0 0 0 0 0 0 0 0 0 0 0 0 0 0 0 0 0 0 0 0 0 0 0 0 0 0 0 0 0 0 0 0 0 0 0 0 0 0 
 16.6 35.2 0 59.6 79.2 21.8 13.8 56.800000000000004 51.6 49.2 41 102.4 15 7.800000000000001 27.8 20 31.200000000000003 28.6 24.6 8.8 0.2 0 0 0.4 0 0.2 15 5.4 0.6000000000000001 0.6000000000000001 0.2 0 16.400000000000002 0.2 0 0 0 0 15.600000000000001 0 0.6000000000000001 0 0.4 0 0.6000000000000001 0 0.2 0.6000000000000001 1.8 0 0 0.4 0 0.2 0 0.4 0 0 0 0 0 0 0 0 0 0.6000000000000001 0 0 0 0 2.2 0.4 0.6000000000000001 0 0.6000000000000001 0 0.4 0.6000000000000001 0 0 2.6 0 3.4000000000000004 11.4 3 0 1.4000000000000001 2 3.4000000000000004 0 9.4 3.2 2 0.4 3.6 2 3 8.8 0 0 2.6 2.6 0 0 0 0 2 1.8 0 0 0 0 8.200000000000001 2 0 0 1.2000000000000002 0 4 0.4 0 0 0 0 3.8000000000000003 0 0 0 0 0 0 0 0 0 0 0 0 0.2 0 0 0 0 3.2 0 0 0.2 0 0 0 0 0 0 0 0 0 0 0 0 0 0 0 1.8 0 0 0 3.8000000000000003 0 0 5.800000000000001 4.6000000000000005 3.8000000000000003 2.8000000000000003 0 0 0 4 2.8000000000000003 2.8000000000000003 0 0 1.6 9.600000000000001 0 0 0 0 0 0 2.2 0 0 0 6.2 0 0 0 0 0 2.8000000000000003 2.8000000000000003 0 0 0 0 0 3.4000000000000004 0 0 0 0 0 0 0 0 0 0 0 0 0 0 0 0 0 0.4 0 0 0 0 0.2 0 0 0 0 0 0 0.4 0 0 0 0 0 0 0 0 0 0.2 0 0 1 0.4 0.6000000000000001 1.2000000000000002 1.8 0 0 0 0 0 0 0 0 0 0 0 0 0 0 0 0 0 0 0 0 0 0 4.2 1.4000000000000001 3.2 0 0 0 0 0 0 0 0 0 0 0 0 
 17 11.4 59.6 0 47.2 39.2 35.6 16.400000000000002 38.2 32.4 19 28 30 26.8 10.600000000000001 15.8 11.4 30 43.6 11 6.800000000000001 0.4 0 0.6000000000000001 0 0 6.4 0.4 0.6000000000000001 0 0 15 0.4 0 0.2 0 0 0.4 14.8 0.6000000000000001 0 0 0 0 0.4 0 1.8 0 0.6000000000000001 0 0.6000000000000001 0.6000000000000001 0 0.6000000000000001 0 0.4 0.4 0 0 1.2000000000000002 0 0 0.4 0 0 0 6.2 0 0 0.6000000000000001 2 0 0 0 0 0 0 0 0.6000000000000001 0.6000000000000001 2 2 3 3.2 2.6 2.4000000000000004 1 1.8 4 1.8 3.2 5 3.6 3.6 2 3 0.2 5.4 0 0 1.8 1.8 0 0 0 0 0 0 2.8000000000000003 0 0 0 1.8 0 0 0 3 0 2 0 0 0 0 0 0 0 0 0 0 0 0 0 0 0 0 0 0 0 0 0 0 0 0 0 0 0 0.2 0 0 0 0 0 0 0 0 0 0 0 0 0 0.6000000000000001 3.4000000000000004 3.2 5.2 0 3.8000000000000003 0 2.6 0 6 2 13.200000000000001 0 0 1.6 5 0 0.2 0 0.2 0 1.2000000000000002 2.2 0 0 0 2.4000000000000004 0 0.2 2.6 0 0 0 0 2.8000000000000003 0 0 0 5.800000000000001 4.800000000000001 0 0 0 0 0 2.8000000000000003 0 0 0 0 0 0 0 0 0 0 0 0.2 0 0 0 0 0 0 0 0 0 0 0 0 0 0 0 0 0 0 0 0 0 0 0 5.2 0 0 0 0 17.8 0.4 1.2000000000000002 0.6000000000000001 2.4000000000000004 0 2.4000000000000004 0 0 0 0 0 0 0 0 0 0 0 0 0 0 0 0 0 0 0 0 0 0 7 0 0 0 0 0 0 0 0 0 0 0 0 0 0.4 
 53.6 71.60000000000001 79.2 47.2 0 64.60000000000001 54.2 27.8 67.8 34.2 15.8 11.200000000000001 16.8 13.8 34.6 32.6 25.8 21.400000000000002 14.200000000000001 27.6 17.6 14.8 0.2 0 0 0 0 5.6000000000000005 4 0.6000000000000001 0 0 8.8 11.8 16.400000000000002 0 0 0 14.600000000000001 0.2 1.2000000000000002 0.6000000000000001 0 0 0.6000000000000001 0 0.4 0.6000000000000001 0.6000000000000001 0.6000000000000001 0 0.4 0 0 0 0.4 0 0.4 0 0 0 0 0 10.4 0 0.6000000000000001 0 0 0.2 0 1 5.800000000000001 0.6000000000000001 0 0.6000000000000001 0 0.4 0.6000000000000001 0 0 3.6 0 3.6 6.2 7.6000000000000005 5.4 0 0 0 0.2 2.4000000000000004 1 0 2 3.4000000000000004 2.6 5.800000000000001 1.8 0 0.8 8.4 0 2.8000000000000003 0 0.4 0 3 1.4000000000000001 5.800000000000001 3.2 0 0 0.4 6.4 0 4.2 0 0.2 0 4.2 0 0 0 0 0 0 0 0 0 0 0 0 0 0.2 0 0.2 0 0 0 0 0 0.4 0 0 0 0 0 0 0 0.2 0.6000000000000001 0 0 0 0 0 0 0 0 0 1 0.4 0.2 0 7.2 7 0 1.4000000000000001 0.4 7.2 1.8 0 0 4.800000000000001 0 1.8 0 2 0 0 0 1.8 6 0 0 0 2.4000000000000004 0 4.6000000000000005 0.2 0 0.2 0 6.2 3 0 0 8 0 0.6000000000000001 0 0 0 0 0 4.6000000000000005 0 0 0 0 0 0 0 0.4 0 0 0 0 0 0 0 0 0 0 0 0 0 0 0.2 0 0 0 0 0 0 0 0 0 1.2000000000000002 0 0 0.4 0 0 0 0.6000000000000001 0.6000000000000001 0.2 1 17.2 0 2.2 2.2 0 0 0 0 0 0 0 0 0 0.2 0 0 0 0 0 0 0 0 0 0 0 0 0.8 0 2.4000000000000004 0 0 0 2 0 0 0 0 0 0 0 0 
 7.800000000000001 40 21.8 39.2 64.60000000000001 0 8.4 8.200000000000001 29.400000000000002 46 36.6 31.200000000000003 5.2 25 33.4 11.200000000000001 10.200000000000001 17.6 26.400000000000002 9.4 27.200000000000003 14.8 0 0 0 0 30.200000000000003 9.200000000000001 19.6 0.6000000000000001 0 7.2 0.2 15.200000000000001 11.8 0 0 0 0.2 15.4 0.6000000000000001 0 0.4 0 1.6 0 0.6000000000000001 0.6000000000000001 0.4 0 0 0.4 0 0.2 0 0.4 0 0 0 0 0 0 0 0 0 0.6000000000000001 0 0 0.6000000000000001 0 0.4 0.2 0.4 0 0.6000000000000001 11.8 0.4 0.6000000000000001 0 0 6.4 0 0 7.4 6 3.8000000000000003 0 0 0 0 4 4.2 0 0 6 2.4000000000000004 3 1 0 2.8000000000000003 0 0 3.4000000000000004 0 0 0 0 0 6.800000000000001 0 0 0.4 1.4000000000000001 8.200000000000001 0 7.800000000000001 1.6 0 7.800000000000001 2 0 0.4 1.2000000000000002 0 0 0 0 0 0 0 0 0 0 0 0 0 0 0 0.2 0.2 0 0 0 0 0 0 0 0 0 0 0 0.2 0 0 1.8 0 0 0 0 0 3.6 2 0 0 3.4000000000000004 0 0 0.4 3.8000000000000003 0 2 4.800000000000001 0 1.4000000000000001 0 3 2.2 0 0.2 0 0 0.2 6.4 0 0 0 6 2.8000000000000003 0.4 3.6 0 0.2 2.6 3.2 3.4000000000000004 0 0 0 14.8 4.6000000000000005 0 0 0 0 0 0 0 0 0 0.4 0 0 0 0 0 0 0 0 0 0 0 0 0 0 0 0 0.2 0 0 0 0 0 0 0 0 0 0.4 0 0 0 0 0 0 0 0 0.4 0.2 0 0 35.800000000000004 0.2 0.8 0.4 0 0 0 0 0 0 0 0 0 0 0 0 0 0 0 0 0 0 0 0 0 0 2.8000000000000003 0 0 0 0 0 0 0 0 0 0 0 0 0 0 
 37 37.2 13.8 35.6 54.2 8.4 0 68 28.400000000000002 50.6 5.4 7 43.800000000000004 28.400000000000002 23.400000000000002 75.8 25.400000000000002 81.4 41.2 43.6 0 0 0.6000000000000001 0 0 15.4 0 1 0.6000000000000001 0.6000000000000001 0 0 0.4 0 0.2 0.8 0.8 0 0 0 0.6000000000000001 0 0 0 0.6000000000000001 0 0.8 0.6000000000000001 1.2000000000000002 0 0 0.4 12.8 0 0 0.4 0 0 0 1.8 0 0 0 0 0 0.6000000000000001 0 0 0.4 0.2 0 0.4 0.6000000000000001 0 0.6000000000000001 0 0.4 0.4 0 0 7.2 3.8000000000000003 0.4 0 0 2.6 5.6000000000000005 4 1.6 1.6 0 0 4.2 2 0.4 0.6000000000000001 2.2 4.2 3.4000000000000004 7.2 0 0 0 0 0 0 0 0 0 0 0 0 0 0 0 0 0 0 0 0 0 0 0 0 0 0 0 0 0 0.2 0 0 0 0 0 0 0 0 0 0 0 0 0 0 0 0 0 0 0 0 0 0 0 0 0.4 0 0 0 0 0 5.4 1.8 6.6000000000000005 0.4 3.2 1.4000000000000001 3 2.6 0.2 0.2 2.6 2.6 2 3.8000000000000003 0 2 0.2 2 0 0.2 0 0 0 0 0 0 0 0.4 0 0 0 0 0 0 0 0 0 0 2.6 0.2 0 0 0 0 0.4 0 0 0 0 0 0 0 0 0 0 0 0 0 0 0 0 0 0 0 0 0 0 0 0 0 0 0 0 0 0 0 0 0 0 0 0 1.6 0 0 0 0 0.2 0.2 0.8 0.4 0 3.6 0 0 0 0 0 0 0 0 0 0 0 0 0 0 0 0 0 0 0 0 0 0 0 0 0 0 0 0 0 0 0 0 0 0 0 0 0 0 
 52.400000000000006 35.4 56.800000000000004 16.400000000000002 27.8 8.200000000000001 68 0 27 8.8 7.4 30.200000000000003 40.6 99.80000000000001 10.8 55 35.800000000000004 28.6 49.2 25.200000000000003 0 0 0 0 0.2 0 0 0.6000000000000001 0.6000000000000001 0.6000000000000001 0 0 15.200000000000001 0 0.2 0 0 0 0 0 0.6000000000000001 13 0 0 0.6000000000000001 0 1.4000000000000001 0.6000000000000001 0.6000000000000001 0 0 0.4 0 0.2 0 0.4 0 0 0 0 0 0 0 0 0 0.6000000000000001 0 0 0.2 0 0 0 0.6000000000000001 0 0.6000000000000001 0 0.4 0.6000000000000001 0 0 4.6000000000000005 7 6.2 5.6000000000000005 0 6.2 2.2 6.6000000000000005 4 0 3.4000000000000004 2 0 1.2000000000000002 2 6 9 2 5.2 6.2 0 0 0 0 0 0 0.4 0 0.4 0 0 0 0 0 0 0 0 0 0 0 0 0.2 0 0 0 0.2 0 0.4 0 0 0 0 0 0 0 0 0 0 0 0 0 0.8 0 0 0 0 0 0 0 0 0 0 0 0.2 0 0 0 0.2 0 0 1.4000000000000001 13.4 11.200000000000001 3.2 8.200000000000001 3.4000000000000004 2.2 4.2 0 2 0.2 2.6 0 5.4 1.8 1.8 7.4 6 0 0 0 0 0 0 0 0 0 0 0 0 0 0 0 0 0 0 0 0 2 0 0 0 0 0 0 0 0 0 0 0 0.2 0 0 0 0 0 0 0 0 0 0 0 0 0 0 0 0 0 0 0 0 0 0 0 0 0 0 0 0 0 0 1.6 0 0 0 0.2 17 0 0 0.2 0 2.4000000000000004 0 0 0 0 0 0 0 0 0 0 0 0 0 0 0 0 0 0 0 0 0 0 0 2 0 3.8000000000000003 0 0 0 0 0 0 0 0 0 0 0 0 
 24.8 10 51.6 38.2 67.8 29.400000000000002 28.400000000000002 27 0 63.800000000000004 28.400000000000002 7.4 16 12.600000000000001 37.6 24.8 8 27.200000000000003 36 9.200000000000001 0.2 0 0.2 0 0 0 15 0.6000000000000001 0.6000000000000001 0.6000000000000001 0 0 1.4000000000000001 0.8 0 0 0 0 0 14.8 0.6000000000000001 0 0 0 0.6000000000000001 0 0.4 1 0.6000000000000001 0 0 0.4 0 0 0 0.4 0 1.2000000000000002 0 0 0 0 0 0 0 2.4000000000000004 0 0 0.4 0 0.8 0 0.6000000000000001 0 0.6000000000000001 0 1.2000000000000002 0.6000000000000001 0 0 0 0 0 3.2 0.2 0 10 4.4 0.2 3.8000000000000003 2.4000000000000004 0 1.4000000000000001 1 0.2 9.4 0 6.800000000000001 0.2 6.2 0 0 0 0 0.4 0 0.4 0 0 0 0 0 2.4000000000000004 0.2 2 0 0 0.4 5 2.4000000000000004 0 0 0 0 0 0 0 0 0 0 0 0 0 0.2 0 0.2 0 0 5.6000000000000005 0 0 0 0 0 0 0 0 0 0 0.2 0 0 0 0 0 0 0 0 0 0 1.8 1.4000000000000001 2.8000000000000003 0.6000000000000001 0.4 0 5.4 3 4.6000000000000005 0 4.800000000000001 0 0 5 0.4 7.2 2 0 2.8000000000000003 0 0 0 0 0 0 0 2.8000000000000003 0 0 0.2 0 0 2.4000000000000004 0 2 0 0 0 5.2 2.4000000000000004 0 0 0 0 0 0 0 0 0 0 0 0 0 0.4 0 0 0 0 0 0 0 0 0 0 0 0 0 0 0.2 0 0 0 0 0 0 0 0 0 0 0 0 0.4 0 0 0 0 18.6 0 0.6000000000000001 17.2 0 1.4000000000000001 0.2 0 0 0 0 0 0 0.4 0 0 0 0 0 0 0 0 0 0 0 0 0 0 0 3 3.2 0 0 0 0 0 0 0 0 0 0 0 0 0 
 46 33.4 49.2 32.4 34.2 46 50.6 8.8 63.800000000000004 0 27.400000000000002 41.800000000000004 7.6000000000000005 42.800000000000004 20.6 92.2 32.6 66.8 32.800000000000004 31 0.4 0 0.8 0 0 0.4 5.6000000000000005 17 0.6000000000000001 15.4 0 0 0.4 0.4 20 0 0 0 0 0 0.6000000000000001 0 0 0 0.6000000000000001 0 0.6000000000000001 0.6000000000000001 0.4 0 0 1 0 1.8 0 1 0 0 0 0 0 0 0 0 0 0.6000000000000001 0 0 0.4 0.4 0 0 0.6000000000000001 0 0.6000000000000001 0 0.4 0.6000000000000001 0 0 2.4000000000000004 4 0 1.6 6 0 8 0 0 3.8000000000000003 5.800000000000001 1.8 1.6 1.4000000000000001 6.4 4.800000000000001 7.6000000000000005 1.6 0 5.800000000000001 0 0 0 0 0 0 0.2 0 0 0 0 0 1.4000000000000001 0 0 0 0 0 2.8000000000000003 0 0 0 0 0 0 0 0 0 0 0 0 0 0 0 0 0 0 0 0 0 0 0 0 0 0 0 0 0 1.2000000000000002 0 0 0 0 0 0.4 0 0 0 0 0 3 1.8 4 3.4000000000000004 7.4 0 5 0 2.6 4.4 3 0.2 0.6000000000000001 5.4 0.2 2.2 9.600000000000001 11.200000000000001 0.2 0.2 0 0 0 0 0 0 0 0.4 0 0 0 0 0.6000000000000001 0 2.4000000000000004 0 0 0 0 0 0 0 0 0 0.4 0 0 0 0 0 0 0 0 0 0 0 0 0 0 0 0 0 0 0 0 0 0 0 0 0 0 0 0 0 2.8000000000000003 0 0 0 0 0 0 0 0 0 0 0 17.400000000000002 0.4 18 0.4 3 1.2000000000000002 0 0 0 0 0 0 0 0 0 0 2 0 0 0 0 0 0 0 0 0 0 0 0 1.8 0 0 0 0 0 0 0 0 0 0 0 0 0 0 
 52.800000000000004 4.800000000000001 41 19 15.8 36.6 5.4 7.4 28.400000000000002 27.400000000000002 0 8.4 5.800000000000001 5.4 18.2 16.400000000000002 39.2 12.8 12.200000000000001 26.400000000000002 13.200000000000001 0 0 0.2 0 0 20.6 21.400000000000002 0.6000000000000001 0.6000000000000001 0 14.8 0.2 13.4 51.6 0 0 0 59.6 14.600000000000001 0.6000000000000001 0 0 0 0.6000000000000001 0 0.2 0.6000000000000001 0.6000000000000001 0 0 0.4 0.6000000000000001 2.8000000000000003 0 0.4 0 0 0 0 0 0.6000000000000001 0 0 0 0.6000000000000001 0 0 0 0.4 0 1.2000000000000002 0.6000000000000001 0 0.6000000000000001 0 0.4 0.6000000000000001 0 0 0 0 0 6.800000000000001 9.8 3 0 0 6.6000000000000005 2.4000000000000004 4.4 4.6000000000000005 0.2 0 3.2 0 0 0 0 0 5.6000000000000005 9.600000000000001 0 0 0 0 3.2 2.6 10.4 0.8 0 0 4 2.2 4.4 0 2.8000000000000003 0 9.4 4.6000000000000005 0 0 0 0 0 0 0 0 0 0.2 0 0 0 0 0 0 0 0 0 0 0 0 0 0 0 0 0 0 0 0.2 0 0 0 0 0 0 0 0 0 0 0 0 0 8.200000000000001 0 4.6000000000000005 0 0.4 4.6000000000000005 0 0 4.6000000000000005 0 0.2 0 0.2 0 1.6 0 0 2.2 3.2 2 0.2 0 2 9.600000000000001 1 0 2.6 0 0 2 0.2 7.2 0 0 0 5.2 1.6 0 0 0 0 0 0.2 0 0 0 0 0 0 0 0.4 0 0 0 0 0 0 0 0 0 0 0 0 0.2 0 0 0 0 0.2 0 0 0 0 0 0 0 0 0 0.4 0 0 0 0 0 0.4 0 17.2 0 1.2000000000000002 0 0 0 0 0 0 0 0 0 0 4.4 0 0 0 0 0 0 0 0 0 0 0 0 0 3.8000000000000003 0 0 0 0 0 0 0 0 0 0 0 0 0 
 65 63.800000000000004 102.4 28 11.200000000000001 31.200000000000003 7 30.200000000000003 7.4 41.800000000000004 8.4 0 51.800000000000004 21.200000000000003 67 8 118 72.2 49.400000000000006 7 4.4 0 0 0 0 0 0.4 0.8 0.6000000000000001 0.6000000000000001 0 0 0.2 14 15.200000000000001 0.4 0 0 15 19.6 0.6000000000000001 0 1.4000000000000001 0 0.6000000000000001 0 0.4 0.6000000000000001 0.6000000000000001 0 0 0.4 0 0 0 0.4 0 0 0 0 0 0 0 0 0 0.6000000000000001 0.6000000000000001 1.4000000000000001 0 0.6000000000000001 0 1 0.6000000000000001 0 0.6000000000000001 0 0.4 0.6000000000000001 0 0 3.8000000000000003 2.2 3 11 5.800000000000001 0.2 3.8000000000000003 2.4000000000000004 6.6000000000000005 2.8000000000000003 3.8000000000000003 3.2 2.2 0 7.2 6.4 11.200000000000001 3.2 0 0 0 0 0 0 0 0 0 3.2 2.6 0 0 0 0 2.4000000000000004 3.2 1.8 0 0 3.8000000000000003 3.6 0 0 0 0 0 0.4 0 0.2 0 0 0 0 0 0 0 0 0 0 0 0 0.2 1 0 0.4 0 0 0.4 0 0 0 0 0 0.8 0.4 0 0 0 0 0.8 0.6000000000000001 0 0.6000000000000001 0.4 8.4 0.8 10.4 0 0 0 3.2 2.4000000000000004 2 0 2 2 0 17 3.4000000000000004 0 0 0.4 0 0 0 3.6 0 6 2.6 0 0 0 0 2.4000000000000004 0.2 0 0 0 0 0 3.4000000000000004 0 0 0 0 0 0 0 0 1 0 0.4 0 0.4 0 0 0 0 0 0 0 0 0 0 0 0 0 0 0 0 0 0 0 0.4 0 0 0 0 0 0 0 0 0.2 0 0 0 0.4 18.8 0.4 0.6000000000000001 17.6 0 2.4000000000000004 0 0 0 0 0 0 0 0 0 0 0 0.2 0 0 0 0 0 0 0 0 0 0 0 0.8 0 0 0 0 0 0 0 0 0 0 0 0 0 0 
 29.8 25.6 15 30 16.8 5.2 43.800000000000004 40.6 16 7.6000000000000005 5.800000000000001 51.800000000000004 0 42.400000000000006 6 7.4 42.800000000000004 25.400000000000002 56.400000000000006 88.4 0 0 0.4 1.4000000000000001 0 15 0 0.6000000000000001 0.6000000000000001 0.6000000000000001 1.4000000000000001 0.4 0.2 0 0.2 0 0 0 0 0 0.6000000000000001 0 0 0 0.6000000000000001 0 1.6 0.6000000000000001 0.6000000000000001 12 0 0.4 0 1.4000000000000001 0 0.4 0 0 0 0 0.4 0 0 0 0.4 0.6000000000000001 0 2.2 0 0 0 0.4 1.6 0 0.6000000000000001 0 0.4 2.2 0 0 6.4 0 5.6000000000000005 3.6 0 3.2 0 4.800000000000001 6 0 0 0.2 0.6000000000000001 8.200000000000001 0.2 5 0 3 5 1.8 0 4 0 0 0 0.2 0 0.2 0 0 0 0 0 0 0 0 0 0 0 0 0 0 0 0 0 0 5 0 0 0 0 0 0 0 0.4 0 0.2 0 0 0 0 0 0 0 0 0 0 0 0 0 0 0 0 0 0 0 0 0 0 0 7 3 3.4000000000000004 4 0 1.8 1.8 5.2 2 0 0 5.2 3.6 0 1 0 0 0 0 3.2 0 0 0 0 0 0 0 0 0 0 0 0 3.6 0 0 0 0 0 4 0 0 0 0 0 0 0 0 0 0 0 0 0 0 0 0 4.6000000000000005 0 0 0 0 0 0.2 0 0 0.2 0 0 0.4 0 0 0 0 0 0 0 0 0 0 0 0 0 2.6 0 0 0 0.4 3.4000000000000004 0 0 0.4 0.4 2.4000000000000004 0 0 0 0 0 0 0 0 0 0 0 0 0 0 0 0 0 0 0 0 0 0 0 0 0 0 0 0 0 0 0 0 0 0 0 0 0 0 
 78.80000000000001 17.6 7.800000000000001 26.8 13.8 25 28.400000000000002 99.80000000000001 12.600000000000001 42.800000000000004 5.4 21.200000000000003 42.400000000000006 0 18.2 29.6 7.2 22.6 108 39 0 0 0 0 0 0 0 0.6000000000000001 0.8 0.6000000000000001 0 0 0.2 0 0 0 0 0 0 15.200000000000001 13.8 0 0 0 0.6000000000000001 0 1.8 0.6000000000000001 0.6000000000000001 0 0 0.6000000000000001 0 0 0 0.4 0 0 0 0 0 0 0 0 0 0.6000000000000001 0 0 0 0.2 0 0.8 0.6000000000000001 0 0.6000000000000001 0 0.4 0.4 0 0.2 8.200000000000001 2.6 0.4 0 0 3.6 0 1.8 1.4000000000000001 2.2 2 0 0 2.2 4.6000000000000005 6 4.6000000000000005 0 4.800000000000001 3.4000000000000004 0 0 0 0 0 0 0 0 0 0 0 0 0 0 0 0.2 0 0 0.4 0 0 0 0 0 0 0 0 0 0 0 0 0 0.4 0 0 0 0 0 0 0 0 0.2 0 0 0 2.6 0 0 0 0 0 0 0 0 0 0 0 0 0 0 3 8.6 6.2 0 2 3.2 0 4.800000000000001 3 0.2 2.6 1.6 6.800000000000001 0 3.4000000000000004 0 10.4 2.6 0 0 0 0 0 0 0 0 0 0 0 0 0 0 0 0 0 0 0 0 2.8000000000000003 0 0 0 0 0 0 0 0 0.4 0 0 0 0 0 0 0 0 0 0 0.2 0 0 0 0 0 0 0 0 0 0 0 0 0 0 0 0 0 0 0 0 0 0 1.4000000000000001 0 0 0 0 17.6 0 0.4 0.2 0 1.8 0 0 0 0 0 0 0 0 0 0 0 0 0 0 0 0 0 0 0 0 0 0 0 2.4000000000000004 0 0 0 0 0 0 0 0 0 0 0 0 0 0.2 
 127.60000000000001 60.400000000000006 27.8 10.600000000000001 34.6 33.4 23.400000000000002 10.8 37.6 20.6 18.2 67 6 18.2 0 18.2 6.800000000000001 24.200000000000003 29.6 43.400000000000006 0 0.4 0.2 0 0 1 0 11.8 0.6000000000000001 0.6000000000000001 0 0 0.4 0 0.4 0 0 0.4 0 0 0.6000000000000001 0 0 0 0.6000000000000001 0 12.8 13.200000000000001 0.6000000000000001 0 0 0.4 2.6 0 0 0.4 0 0 0 0 0 0 0 0 0 0.6000000000000001 0.4 0 0 0 0 0.6000000000000001 0.6000000000000001 0 0.6000000000000001 0 0.4 1 0 1 3.6 0 0 1.6 3.2 0 2.2 6.2 0 6 1.6 3 0 0.2 6.800000000000001 12 3.2 1.6 4.6000000000000005 3.8000000000000003 0 0 0 0.4 0 0 0 0 0 0 0 0 0 0 0 0 0 0 0 0 0 0 0 0 0 0 0 0 0 0 0 0 0 0 2.8000000000000003 0 0 0 0 0 0 0 0 0 0 7.4 0 0 0.4 0 0 0 0 2.2 0.2 0 0 0 0 0 9.200000000000001 0 2.2 0 0 0 5.800000000000001 0 3 3 2.8000000000000003 2.4000000000000004 2 12.8 3 3.2 6 4 3.6 3.8000000000000003 0 0 0 0 0 0 0 0.2 4.4 0 0 0 0 0 0 0 0 0 0 0 0 0 0 0 0.2 0 0 0 0 0 0.8 0 0 1.8 0 1.4000000000000001 0 0 0 0 0 0 0 0 0 0 0 0 0 0 0 0 0 0 0 0 0.4 0 0 0 0 0 0 0 0 0.4 17 0 0.6000000000000001 0.6000000000000001 0 1.4000000000000001 0 0 0 0 0 0 0 0 0 0 0 0 0 0 0 0 0 0 0 0 0 0 0 0 0 0 0 0 0 0 0 0 0 0 0 0 0 0 
 56.400000000000006 7.4 20 15.8 32.6 11.200000000000001 75.8 55 24.8 92.2 16.400000000000002 8 7.4 29.6 18.2 0 88.2 27.6 23.400000000000002 7.800000000000001 0.4 0 0.4 0 0 0 15.8 4.4 0.6000000000000001 0.6000000000000001 0 0 0.2 0 0 0.4 0 0 0 0 0.6000000000000001 0 0.4 0 0.6000000000000001 12.4 0.2 0.6000000000000001 0.6000000000000001 0 0 0.4 0 1.2000000000000002 0 0.4 0 0 0 12.8 0 0 0 0 0 0.6000000000000001 0 0 0 0 0.2 0 0.6000000000000001 0 0.6000000000000001 0 0.4 0.6000000000000001 0 0 4.2 5.800000000000001 4.4 0 0 2.6 0 0 1.6 5 0.6000000000000001 0 1.2000000000000002 6 2.8000000000000003 0 10.4 1.4000000000000001 0 2.8000000000000003 0 0 0 0.4 0 0 0 0.2 0 0 0 0 0 0 0 0 0.2 0 4 0 0 0 0 0 0 0 0 0 0.2 0 0 0 0 0 0 0 0 0 0 0 0 1.2000000000000002 0 0 0 0 0 0 0.4 0 0 0.4 0 0 0.2 0 0 0 0 0 0 3 2 2 2.4000000000000004 7.6000000000000005 0 1.4000000000000001 3.2 7.800000000000001 2.2 2.8000000000000003 0.2 3.6 0 1.8 12.4 5.6000000000000005 0 0 0 0 0 0 0 0 0 0.2 2.6 0 0 0 2.6 0 0 0 0 0 0 0 0 3.2 0 2.8000000000000003 0.2 3 0 0 0 0 0 0 0 0 0 0 0 0 0 0 0 0 0 0 0 0 0 0 0 0 0 0 0 0 0 0 0 0 0 0 0 0 0 0 0 0.2 0.2 0 1.4000000000000001 0 2.8000000000000003 0.8 0 0 0.4 0 0 0 0 0 0 0 2 0 0 0 0 0 0 0 0 0 0 0 0 0.8 0 0 0 0 0 0 0 0 0 0 0 0 0 0 
 24.400000000000002 9.200000000000001 31.200000000000003 11.4 25.8 10.200000000000001 25.400000000000002 35.800000000000004 8 32.6 39.2 118 42.800000000000004 7.2 6.800000000000001 88.2 0 45.400000000000006 22.200000000000003 4.800000000000001 0 12 0 0 0.6000000000000001 0.2 0 0.6000000000000001 0.8 0.6000000000000001 0.6000000000000001 0.6000000000000001 0.2 0 41.400000000000006 5 0.6000000000000001 0.8 4.4 15 0.6000000000000001 0 0.8 0 13.600000000000001 0.4 0.6000000000000001 0.6000000000000001 0.4 0 0 1 0 0 0 0.8 0 0.4 0 0 0 0 0 0 0 1 0 0 0.4 0 0 0.2 0.6000000000000001 0 0.6000000000000001 0 0.4 0.6000000000000001 0 0 0 2.2 6.6000000000000005 2.8000000000000003 0 3.6 5 1.2000000000000002 2.6 7.6000000000000005 7.6000000000000005 5.800000000000001 0.2 4.2 4 5.6000000000000005 3.6 2.4000000000000004 0 3.6 0 0 0 0 0 0 0 6.800000000000001 0 0 0 0 2.6 0 3.4000000000000004 0 0 0 0.2 3 0 0 0 0 0 0 4.2 0 0 0 0 0 0 0 0 0 0 0 0.4 0 0 0 0 0 0 0 0 0 0 0 0 0 0 0 0 0 0 0 0 0 0 2.2 0 4.2 7.800000000000001 0 0 2 4.2 0 10.4 0 0 1.2000000000000002 1.4000000000000001 0.2 5 7.4 0.4 0 2.2 0 0.2 0 0 3.6 1.8 0 0.2 0 0 0 5.800000000000001 0 0 0 0 0 0.2 4.2 0 0 0 0 0 0 0 0 0 0 0.4 0 0 0 0 0 0 0 0 0 0 0 0 0 0 0 0.4 0 0 0 0 0 0 0 0 0 0 0 0 0 0 0 0 0 0 0.2 35.800000000000004 0 0 0.2 0 1.8 0 0 0 0 0 0 0 0 0 0 0 0 0 0 0 0 0 0 0 0 0 0 0 2.2 2 0 0 0 0 0 0 0 0 0 0 0 0 0 
 69.8 46.6 28.6 30 21.400000000000002 17.6 81.4 28.6 27.200000000000003 66.8 12.8 72.2 25.400000000000002 22.6 24.200000000000003 27.6 45.400000000000006 0 38.6 5.6000000000000005 0 0 0 0 0 0.4 0 1 0.6000000000000001 0.6000000000000001 0 0 10.600000000000001 0 0 0 0 0 0 0 0.6000000000000001 0 0 0 1.4000000000000001 0 1.4000000000000001 0.6000000000000001 0.4 0 0.6000000000000001 0.4 0 0 0 0.4 0 0 0 0 0 0 8.8 0 0 0.6000000000000001 0 0 0.6000000000000001 0 0.8 0 0.4 0 0.6000000000000001 0 0.4 0.6000000000000001 0 0 4.2 2 4.800000000000001 9.8 0.4 8.4 3.8000000000000003 9.8 2.4000000000000004 0 1.4000000000000001 2 2 3.6 2 7.800000000000001 6 13 3.6 2.2 0 0 0 0 0 0 2.8000000000000003 1.8 0 0 0 0 0 3.2 0 0 0 0 0 0 0 0 0 0 0 0 0 0 0 0 0 0 0 0 0 0 0 0 0 0 0 0.4 0 0 0 1.2000000000000002 0 0 0 0 0.4 0 0 0 0 0 0 0 0 0 1.4000000000000001 1.4000000000000001 7.4 2.6 3.8000000000000003 4.800000000000001 2.4000000000000004 3.6 0 7.6000000000000005 1.4000000000000001 3.8000000000000003 0 5 1.4000000000000001 2.2 2.6 2 0 0 0 0 0 0 0 0 0 0 3.4000000000000004 0 0 0 0 0 0 0 0 0 4.4 0 0 0 0 0 0 0 0 0 0 0 0 0.2 0 0 0.4 0 0 0 0 0 0 0 0 0 0.4 0 0 0 0 0 0 0 0 0 0 0 0.4 0 0 0 0 1.6 0 0 0 0.4 16.6 0 0.8 0.4 0 2.8000000000000003 7.4 0 0 0 0 0 0 0 0 0 0 0 0 0 0 0 0 0 0 0 0 0 0 1.4000000000000001 0 2.8000000000000003 0 0 0 0 0 0 0 0 0 0 0 0 
 7.2 13.600000000000001 24.6 43.6 14.200000000000001 26.400000000000002 41.2 49.2 36 32.800000000000004 12.200000000000001 49.400000000000006 56.400000000000006 108 29.6 23.400000000000002 22.200000000000003 38.6 0 17 0 0 0.4 0 0 0.6000000000000001 0 0.8 0.6000000000000001 0.6000000000000001 0 0 0.6000000000000001 0.4 0 0 0 0 0 0 0.6000000000000001 0 0 0 0.6000000000000001 0 0.4 0.6000000000000001 0.6000000000000001 0 0 12.8 0 0 0 0.4 0 0 0 0 0 0 0 0 0 0.6000000000000001 0.2 0 0.2 0 0 0 0.6000000000000001 0 0.6000000000000001 0 0.4 0.6000000000000001 0 0 2.4000000000000004 2.6 4 0 0 0 9.8 7.800000000000001 2.4000000000000004 2.6 0.2 0 15.4 0 0 0 0 8.200000000000001 7.6000000000000005 0.6000000000000001 0 0 0 0 0 0 0 0 0 0 0 0 0 0 0 0 0 0 0 0 0 0 0 0 0 0 0 0 0 0 0 0 0 0 0 0 0 0 3.6 0 0 0 0 0 0 0 0 0 0 0.2 0 0 0 0 0 0 0 0 0 0 4 0.2 2 0.4 0 0 2 0 3.2 0 0 0 1.6 2.4000000000000004 3.6 8 0 0 2.4000000000000004 2 0 0 0 0.2 0 0 0 0 0 0.2 0 0 0 0 0 0 0 0 0 0 0 0 0 0 0 0 0 0 0 0 0 0 0 0.4 0 0 0 0 0 0 0 0 0 0 0 0 0 0 0 0 0 0 0 0 0 0 0.4 8.4 0 0 0 0.4 0 0 0 0.2 0 0 1 0.4 0 0.6000000000000001 0 0 0 0 0 0 0 0 0 0 0 0 0 0 0 0 0 0 0 0 0 0 0 0 0 0 0 0 0 0 0 0 0 0 0 0 0 0 
 26.400000000000002 18.2 8.8 11 27.6 9.4 43.6 25.200000000000003 9.200000000000001 31 26.400000000000002 7 88.4 39 43.400000000000006 7.800000000000001 4.800000000000001 5.6000000000000005 17 0 0 0.4 0.4 0 0 0 0 0.6000000000000001 0.6000000000000001 0.6000000000000001 0 0 0.6000000000000001 0 0 0 0 0.4 0 0.2 0.6000000000000001 0 0 0 0.6000000000000001 0 0.2 0.6000000000000001 0.6000000000000001 0 0 0.4 0.6000000000000001 0 0 0.4 0 0 0 0 0 0 6 0 0 0.6000000000000001 0 0 0 0.2 0 0.4 0.6000000000000001 0 0.6000000000000001 0 0.4 0.4 0 0.2 0 2.6 0.2 0.4 0.2 0 0 0 1.4000000000000001 2.6 0 3.8000000000000003 0 4 3 0 2.6 0 2.2 5.2 0 0 0 0 0 0 0 0 0.4 0 0 0 0 0 0 0 0 0 0 0 0 0 0 0 0 0 0.6000000000000001 0 0 0 0 0 0 0 0 0 0 0 0 0 0 0 0 0 0 3.2 0 0 0 0 0 0 0 0.2 0 0 0 0.2 0 0 3.4000000000000004 2.8000000000000003 1.8 1.8 0 0 6 4.4 9 2.6 0 0.2 3 1.8 2 0 3.2 1.8 1.8 6.800000000000001 0 0 0 0 0 0 0 0 0 0 0 0 0 0 0 0.4 0 0 0 0 0 0 0 0 0 0 0 0 0 0 0 0 0 0 0 0 0 0 0 0 0 0 0 0 0 0 0 0 0 0 0 0 0 0 0 0 0 0 0 0 0 0 0 0 0 0 0.6000000000000001 0 0.4 0 0 1.6 0 0 0 0 0 0 0 0 0 0 0 0 0 0 0 0 0 0 0 0 0 0 0 0 0 0 0 0 0 0 0 0 0 0 0 0 0 0 
 0 0 0.2 6.800000000000001 17.6 27.200000000000003 0 0 0.2 0.4 13.200000000000001 4.4 0 0 0 0.4 0 0 0 0 0 51 24.200000000000003 10.600000000000001 28 22.400000000000002 56.6 18.8 23.6 8.200000000000001 10.4 39.6 65 81.4 35 4 5.4 4.4 87.2 34.800000000000004 1 1.2000000000000002 1.4000000000000001 0.6000000000000001 0 0 2.2 0.4 0 0.4 1.6 0.4 0.6000000000000001 0.2 26.6 1.2000000000000002 0.8 1 0 0 0 0.2 0 0.4 0 0 10.200000000000001 0.8 0.8 0.6000000000000001 0.4 1.2000000000000002 0 0.6000000000000001 0.4 1 0.2 0 0 0 0 0 0 4.4 9.600000000000001 3 0 0 3.8000000000000003 0 0.2 5.800000000000001 0 0 0 0 0 0 0 0 4.2 1.8 2.8000000000000003 1.8 0 0 0 4 8.4 2.2 3.6 0 0.2 5.6000000000000005 0 6.4 4.6000000000000005 5.800000000000001 10.200000000000001 1.4000000000000001 0 0 0 0 0 0 0 0 2.2 0 0 0.2 0 0 0 0 0 0 0 0 0 0 0 0 0.2 0 0 0 0 0.4 0 0 0 0 0 0 0 0 0 0 0 0 0 7.800000000000001 1.4000000000000001 4.800000000000001 0 0 0.2 0 0 4 0 0 0 0.4 0 0 0 0 2.8000000000000003 4 11.600000000000001 0 0 0 8.200000000000001 1.6 3.6 3.4000000000000004 4.6000000000000005 0.2 0 7.800000000000001 7.800000000000001 0 0 1.8 3.6 5.800000000000001 0 0.2 0 0.4 0 0 0 0 0 0.2 0 0 0 0.2 0 0 0 0 0 2.4000000000000004 0 0 0 0 0 0 0 0 0 0 0 0 0 0 0 0 0 0 0 0 0 0 0.2 0 0 0 0.2 0 0 14.8 0 0 0 0 3.4000000000000004 0.4 0 0 0.2 0 0 0 0 0 0 0 0.4 0 0 0 0 0 0 0.4 0.4 0 0 0 0 0 0 2.4000000000000004 0 0 0 0 0 0 0 0 
 0.6000000000000001 0 0 0.4 14.8 14.8 0 0 0 0 0 0 0 0 0.4 0 12 0 0 0.4 51 0 37.6 20.200000000000003 58.800000000000004 64.60000000000001 20.6 33.4 49.2 38.800000000000004 23 14.4 8.200000000000001 28 41.400000000000006 38.6 9.4 59 24.8 24.200000000000003 0 0.6000000000000001 0.6000000000000001 0 0 0 0 0 0 0 0.6000000000000001 0.2 1.4000000000000001 0 0 0.6000000000000001 1.2000000000000002 0 12.4 0.2 0 0.2 0 0.4 0 0 0 0.4 0.2 0 0 0 0 0.6000000000000001 0 0.8 0 0 0 0 0 0 0 0 0 2.6 0 0 0 5 0 0 3.6 0 0 0 0 0 0 0 4.2 3.8000000000000003 5 12.4 1.8 0 2.4000000000000004 7.2 2.2 0 5.800000000000001 1.6 0 4.6000000000000005 0.4 12.200000000000001 12.200000000000001 0 2.4000000000000004 0 0 0 0 0 0 0 0 0 0 0 0 0 0 0 0 0 0 0 0.2 7.2 0 0 0.2 0 1.4000000000000001 0.2 0.8 0 1 0 0 0 0 0 0 0 0 0 0 0 0 0 0 0 1.6 0.2 0 0.2 0 0 0 0 0 0 0 0 0 0 0 0 3 2 5 5 2.4000000000000004 5 0 2.2 0 4.4 12.200000000000001 1.8 2 3 1.4000000000000001 0.2 9.600000000000001 1.4000000000000001 6.4 0 2.2 0 0 0 0 0 0 0.4 0 0 0 0 4 0 0 0 0 0 3.4000000000000004 1.4000000000000001 0 0 0 0 0 0 0 0 0 0 8.6 0 0 0 0 0.2 0 0 0 0 0 0 0 0 0 0 0 0 0 0 0 0 0 0 1 0 0 0.2 31.200000000000003 0 0 0 3 0 0 0 0 0 0 0 0 0 0 0 0 0 0 0 0 0 0 0 0 0 0 0 0 0 0 0 
 1 0.4 0 0 0.2 0 0.6000000000000001 0 0.2 0.8 0 0 0.4 0 0.2 0.4 0 0 0.4 0.4 24.200000000000003 37.6 0 19.200000000000003 37.6 114.2 27 57 47.400000000000006 28.200000000000003 13.200000000000001 24.6 12 29 14.200000000000001 14.4 26.8 65.8 10 11.200000000000001 0.4 0.6000000000000001 0.6000000000000001 0 0.6000000000000001 0 0 0 0.6000000000000001 0 0.6000000000000001 0.4 13 0 0 1 0.6000000000000001 0 0 0 0 0 0.6000000000000001 0.4 0 0 0 0.4 1.2000000000000002 0 0 1.2000000000000002 0 0 0 0 0 0 0.8 0 0 0 0 0 0 0 0 0 0 0 0 0.4 0.4 0 0 0.2 0 0 0 0 0.4 5.800000000000001 0.2 5.800000000000001 5 0 0 0 0.8 5.2 4.2 0 0 0.2 2.4000000000000004 2.6 4.6000000000000005 6.800000000000001 0 0 3.4000000000000004 0 0.4 0 0 0 1.8 0 0 0 2.6 0 6 1.4000000000000001 0 0 0 1.2000000000000002 9 1.8 0 0 0 0 0 0 0 0 0 0 0 0 0 0 0 0 0 0.2 0 0.8 0 0 0 0 0 0 0 0 0 0 0.8 0 0 0 0 0.6000000000000001 0 0 0 0 2.6 0.2 0 0.4 1.4000000000000001 0.2 4 0.2 3.6 6 1.8 5 2 3.6 4.4 2.4000000000000004 8.4 2.2 0 0 0.8 0 0 0 0 0 0 1.4000000000000001 0 0 0 0 5.2 0 0 0 0 0 11 0 0.2 0 2 0 0 0 0 0 0 0 0 0 1 0 0 0 0.4 0 0.2 0 0 0 1.4000000000000001 0 0 0 0 0 0 0 0 0 0 0 1.6 0 0.4 1.6 8.4 0.4 3.6 0.4 0 0 0 0 2 0 0 0 0 0 0 0 0 0 0 0 0 0 0 6 0 0 0 0 2.6 0 0 0 
 0 0 0.4 0.6000000000000001 0 0 0 0 0 0 0.2 0 1.4000000000000001 0 0 0 0 0 0 0 10.600000000000001 20.200000000000003 19.200000000000003 0 23.6 11.4 21 16.8 19.400000000000002 74.2 73.2 19.8 14.600000000000001 35.4 28.400000000000002 22.8 18.8 21.400000000000002 21.200000000000003 14 25.400000000000002 0.6000000000000001 0.6000000000000001 0 0 0.2 9.200000000000001 12.4 0 0 0.6000000000000001 0 25.400000000000002 16.8 4 0.6000000000000001 0 0 18.6 6.6000000000000005 8.8 0 0 1 0 0 0 0.4 0.2 0 0 0 0 1.4000000000000001 0 0 0 0 10 0 0 0 0.2 2.4000000000000004 0 0 0 0 0 0 0 0 0 0 0 0 0 0 0 0 3.8000000000000003 3 1.6 2.6 2.6 5.6000000000000005 0.4 8.200000000000001 0 2.2 4.6000000000000005 6 0 0 2.2 5.800000000000001 2 3.8000000000000003 0 0 0 0.4 0 0.2 0 0 10.200000000000001 0 0 0.2 0 0 3 0.2 4.6000000000000005 0 0 4.800000000000001 0 2.8000000000000003 0 0 0 1.6 1.4000000000000001 0 1 0 1.2000000000000002 0 0 0 0 0 0 0 0 0 0 0 0 0 0 0 0 0 0 0 0 0 0 0 0 0 0 0 0 0 0 0 1.8 0 1 3.6 4.2 4 0 0 0 0.2 6.6000000000000005 0 0 2.8000000000000003 0 1.8 3.2 0 0 3.6 2 0 0.6000000000000001 0 0 0 2.8000000000000003 5.800000000000001 1.6 0.2 0 0 0 3.8000000000000003 5.2 0 0 0 3 2.6 0 0 0 0 0 0 0 0 0 0 0 0 0 0 0 0 0 0 0 0 0 0 0.2 0 0 0 0 0 0 0 0 0 0 0 0 0 0 16 0 0.4 0.8 0 0 0 0 0 0 0 0 0 0 0 0 0 0 0 0 0.4 0 3 0 2 0 0 0 0 0 0 0 0.2 
 0 0 0 0 0 0 0 0.2 0 0 0 0 0 0 0 0 0.6000000000000001 0 0 0 28 58.800000000000004 37.6 23.6 0 45.800000000000004 8.8 28.400000000000002 16.8 70.2 30.200000000000003 34 19.6 93.80000000000001 15.600000000000001 41.400000000000006 55.6 8.200000000000001 16 34.800000000000004 0 1.6 1 0 0 0 0 0 0 0 0.6000000000000001 0.4 19.200000000000003 0 0.4 0.6000000000000001 0 1.4000000000000001 18.400000000000002 18.8 0 0.2 0 0.4 0 0 0 0.4 1 0.6000000000000001 0 0 0 0 0 0.4 0 0 1.2000000000000002 0 0 0 0 0 0 0 0 0 0 0 0 0 0 0 0 0 0 0 0 0 0 1.8 0.2 2.6 2.6 2.6 0 3.2 0 2.2 5.800000000000001 7 0 0 2.4000000000000004 3 2.4000000000000004 6.800000000000001 0 0 0 0.2 0 0 0 0 0.4 2.6 4 0 0 0 2.2 0 3.6 0 0 2.8000000000000003 5.2 2.2 0 0 0 0 0 0.2 0 0 0 0 0 0 0 0.4 0 0 0 0 0 0.2 0 0 0 0 0 0 0 0 0 0 0 0 0 0 0 0 0 2 0 0 5.2 1.4000000000000001 4 3 6.6000000000000005 4.6000000000000005 0 1.6 0 0 2.8000000000000003 5 0 2.6 0 0.4 3 0 0 0.4 0 0.2 0 0 0 0 6.2 4.4 0 0 0 0 0 0 0 0 0 0 4.4 6.4 0 0 0 0 0 0 0 0 0 0 0 1.2000000000000002 0 0 0 0 0 0 0 0 0 0 0 0 0 0 0 0 0 0 0 0 0 0 1.6 0 0.6000000000000001 0.4 15 0 0.8 0 0 0 0 0 5.4 0 0 0 0 0 0 0 0 0 0 0 0 2.6 0 2.4000000000000004 0 0 0 0 0 0 0 0 
 0.2 0 0.2 0 0 0 15.4 0 0 0.4 0 0 15 0 1 0 0.2 0.4 0.6000000000000001 0 22.400000000000002 64.60000000000001 114.2 11.4 45.800000000000004 0 51 10 9.4 13 47.6 42 8.200000000000001 16.8 26.400000000000002 14 60 55.6 52 11 0 25.400000000000002 11.200000000000001 0 0 10 0 0 0 0 0.6000000000000001 0 0.6000000000000001 0 13.4 0.6000000000000001 12.8 4.6000000000000005 0.2 0.2 1.2000000000000002 0 0 0.4 0 0 0 0.4 0 0 0 0 0 0 0 0 0 0 0 0 0 0 0 0 0 0 0 0 0 0 0 0 0 0 0 0 0 0 0 0 0 0.2 0 1.8 0 3.6 0 0 0.2 6.2 0 4.6000000000000005 0 0 2.6 4.6000000000000005 2.4000000000000004 0 0 0 9.200000000000001 2 0.2 0.2 1.8 0 2 6.800000000000001 2.2 2.4000000000000004 0 1.8 1.6 3 2.8000000000000003 3 0 0 4 1 0 0 0 0 0 0 0 0 0 0 0 0 0 0 0 0 0 0 0 0 0 0 0 0 0 0 0 0 0 0 0 0 0 0 0 0 0 0 0 0 0.2 0 1.6 5.800000000000001 4.2 13.4 0 0 0 0 2.4000000000000004 0.2 0 2.6 0 0 6 2.4000000000000004 0 3.2 4.6000000000000005 7.4 0 0 0 0 1.4000000000000001 3.2 2.2 2.6 0 0 5.2 3.6 0 0 0 0 5.4 8.200000000000001 0 0 0 0 0 0 0 0 0.2 0 0 0 0 0 0 0 0.4 0 0 0 0 0 4.800000000000001 0 0 0 0.2 0 0.2 0 0 0 0 0 1.8 0.2 0.4 0.2 9.200000000000001 0.2 0.2 0 0 0 0 0 0 0 0 0 0 0 0 0 0 0 0 0 0 0 0 6 0 0 0 3.8000000000000003 0 0 0 0 
 0 0 15 6.4 0 30.200000000000003 0 0 15 5.6000000000000005 20.6 0.4 0 0 0 15.8 0 0 0 0 56.6 20.6 27 21 8.8 51 0 114.4 13.8 21.400000000000002 14.4 39 15.8 19.400000000000002 30.400000000000002 47.800000000000004 105.80000000000001 50.800000000000004 30.400000000000002 24 0 0.6000000000000001 0.6000000000000001 0 0 0 0 0 40.6 0 0.6000000000000001 0 0.6000000000000001 0.6000000000000001 0 0.6000000000000001 0 0 0 0 0 0 0 0.4 0 0 0 0.4 0 0 0 0 0 0 0 0.8 0 0 0 0 0 0 0 0 14.200000000000001 0 0 0 0 0 2 2.4000000000000004 0 0 0 0 0 1.2000000000000002 0 0 4.800000000000001 5 0 2 1.4000000000000001 4 0 11.4 10.8 1.8 6.800000000000001 0.2 1.4000000000000001 0 1.2000000000000002 8.200000000000001 9.4 2.8000000000000003 4 0 0 0 0 0 0 0 2.4000000000000004 0 0 0 0 0 2.4000000000000004 0 0 0 0 0 7.800000000000001 0 0 0 0 0 0 0 0 0 0 0 0.6000000000000001 0 0 0 0 0 6.2 0 0 0 0 0 0 0 0 0 0 0 2.6 0 4.4 2.2 0 0 0 0 0 0 0 0 3 5.4 2.2 0 0 0 2.6 2 5.4 3.8000000000000003 5.800000000000001 0.2 2.4000000000000004 0 8.6 6 3.2 3.2 1.6 5.2 0 0.2 0 0 0 0 0 0 0 0 0 0 0 0 0 0 2 0 2.4000000000000004 0 0 0 0 0 0 0 0 0 0 0 0 0 0 0 5.2 0 0 0 0 0 0 0 0 0 0 0 0 0 0 0 0 0 0 0 0.6000000000000001 0.2 0.4 9.8 0 0.4 0.4 0.4 1.6 0 0 0 2 0 0 0 0 0 0 0 0 0 0 0 0 0 0 0 0 0 0 0 2 0 0 0 
 0.8 0.6000000000000001 5.4 0.4 5.6000000000000005 9.200000000000001 1 0.6000000000000001 0.6000000000000001 17 21.400000000000002 0.8 0.6000000000000001 0.6000000000000001 11.8 4.4 0.6000000000000001 1 0.8 0.6000000000000001 18.8 33.4 57 16.8 28.400000000000002 10 114.4 0 32.800000000000004 11.200000000000001 22.8 5.6000000000000005 14.4 35 35.4 22 9.600000000000001 11.200000000000001 36.800000000000004 12.200000000000001 0 0.6000000000000001 0.6000000000000001 0 0 0 0 0 0 0 0.6000000000000001 0 0.6000000000000001 2.4000000000000004 0 0.6000000000000001 0 0 0 0 0 0.2 0 0.4 0 0 0 0.4 0.2 0 0 0 0 0 0 0.2 0 0.4 0.4 0 0 0 0 0 4.2 4.4 0 0 0 0 2.4000000000000004 0 0 0 0 0 0 0 0 0 2.8000000000000003 0 2.4000000000000004 0 1.4000000000000001 0 0 0.4 17 10.200000000000001 0 0 1.8 7.2 4.800000000000001 8.200000000000001 0 3 0 1.8 0 0 0 0 0 0 0 0 0 0 0 0 3.8000000000000003 0 0 0 0 0 2.4000000000000004 0 0 0 0 0 0 0 0 0 0 0 0 0 0 0 0 0 0 0 0 0 0 0 0 0.2 2 0 0 0 2.6 0 0.6000000000000001 0 0 0 0 1 0 0 0 0 0 5.800000000000001 4.800000000000001 2 2.2 0 3.6 0 3.4000000000000004 3.6 0 1.8 1.8 13.4 7 2.6 11.8 1.2000000000000002 0 1.8 2 0 0 0 0 0 0 0 0 0 0 0 0 0 0 0 0 0 9.600000000000001 0 0 0 0 0 0 0 0 0 0 0 0 0 0 0 0 0 0 0 0 0 0 0 0 0 0 0 0 0 0 0 0 0 0 0 1.2000000000000002 0 0 0 1.8 0.4 3.4000000000000004 0 6.6000000000000005 0 0 0 2.2 0 0 0 0 0 0 0 0 0 0 0 0 0 0 3.4000000000000004 0 0 0 1.2000000000000002 3.2 0 0 0 
 1.4000000000000001 0.6000000000000001 0.6000000000000001 0.6000000000000001 4 19.6 0.6000000000000001 0.6000000000000001 0.6000000000000001 0.6000000000000001 0.6000000000000001 0.6000000000000001 0.6000000000000001 0.8 0.6000000000000001 0.6000000000000001 0.8 0.6000000000000001 0.6000000000000001 0.6000000000000001 23.6 49.2 47.400000000000006 19.400000000000002 16.8 9.4 13.8 32.800000000000004 0 42.400000000000006 5.800000000000001 69.8 17.6 71.8 32 10.200000000000001 104.4 13.8 24 12.600000000000001 0 0.6000000000000001 0.6000000000000001 0 0 0 0.2 0 0 0 0.8 0 0.6000000000000001 0 0.4 0.6000000000000001 0.8 0 5.800000000000001 0 0 0.2 0 0.4 0 0 0.8 0.4 0.2 0 0 0 0 0 0 1.2000000000000002 0 0.2 0 0 0 0 0 0 3.6 7.800000000000001 0 0 0 0 0 3.6 0 0 0 0 0 0 0 0 0 2 8.8 0.6000000000000001 2.4000000000000004 0.2 0 2.8000000000000003 9 0 0 0 4.4 6.800000000000001 0.8 4 3.8000000000000003 2.2 3 0.2 0.2 0 0 0 0 0 0 0 0 0 0 0 0 0 0 0 0 0 0.2 1.4000000000000001 0 0 0.4 0 0 0.2 0 0 0 0 0 1 0 0 0 0 0 0 1.4000000000000001 0 0 0 0 0 1.8 0.4 0 0 0 0 0.2 0 0 0 0 0.6000000000000001 0 0 0 0 0 0.2 7.800000000000001 1.6 0.2 0 2.6 3.4000000000000004 2.4000000000000004 4.800000000000001 3.8000000000000003 4.4 9.600000000000001 6 3.4000000000000004 0.2 2.2 1.4000000000000001 0 2.8000000000000003 0 0 0 0 0 0 0.2 0 0 0 0 1.6 2.2 0 0 0 0 0.4 2 0.2 0 0 0 0 0 0 0 0 0 0 0 0 0 0 0 0.4 0 0 0 0 0 0 0 0 0 0 0 0 0 0 0 0 0 0 3.6 0.4 0.4 0 17.400000000000002 0 2.6 0.2 0 0 0 0 0.2 0 0 0 0 0 0 0 0 1.8 0 0 0 0 0 0 0 0 0 0 0 0 0 0 
 0.6000000000000001 0.6000000000000001 0.6000000000000001 0 0.6000000000000001 0.6000000000000001 0.6000000000000001 0.6000000000000001 0.6000000000000001 15.4 0.6000000000000001 0.6000000000000001 0.6000000000000001 0.6000000000000001 0.6000000000000001 0.6000000000000001 0.6000000000000001 0.6000000000000001 0.6000000000000001 0.6000000000000001 8.200000000000001 38.800000000000004 28.200000000000003 74.2 70.2 13 21.400000000000002 11.200000000000001 42.400000000000006 0 42.400000000000006 9.600000000000001 12 71.4 47.2 15.8 25.400000000000002 64.4 38.2 19.200000000000003 0 0.6000000000000001 0.6000000000000001 0 0 0 13.200000000000001 0 0 0 0.6000000000000001 0 6.800000000000001 4 12.4 0.6000000000000001 1.4000000000000001 0 16 12.8 0 0 0 0.4 0 0 0 0.4 0 0 0 0 0 0 0 6.6000000000000005 0.2 0 0 0 0 0 0 0 0 0 0 0 0 0 0 0 0 0 0 3.2 0 0 0 0 2.4000000000000004 0.4 13.4 5.2 3.4000000000000004 2.4000000000000004 0 2.6 2.8000000000000003 8 0.4 0 0 1.6 5.2 2.4000000000000004 0.2 0.2 0 0 2.8000000000000003 0 0 0 0 0 5.800000000000001 0 0 0 0 0 1.4000000000000001 2 1.8 0 0 0.2 9.200000000000001 2.8000000000000003 0 0 0 0 0 0 0 0.4 0 0 0 0 0 0 0 0 0 0 0 3.2 0 0 0 0 0 0 0 0.4 0 1.4000000000000001 0 0 0 0.4 0 0 0 0 0 0 0 2.6 2.8000000000000003 2.4000000000000004 5 0.4 0 2.6 2.4000000000000004 4.6000000000000005 1.4000000000000001 2.2 2.4000000000000004 4.800000000000001 0 6.2 10 3 0 0 2 0 0 4 0 0 0 0.2 0 0 0 0 0 0 0.4 0 0 0 8.4 0.2 0 0 0 0 0 0 0 0 0 0 0 0 0 0 0 0 0 0 0 0 0 0 0 0 0 0.2 0 0 0 0 0 0 0 0 0.4 0 0.2 0.8 0.4 0.2 0.8 0 0 0 0 0 0 0 0 0 0 0 0 0 0 0 0 0 0 0 0 3.4000000000000004 0 0 0 0.2 9.4 0 0 0 
 0 0 0.2 0 0 0 0 0 0 0 0 0 1.4000000000000001 0 0 0 0.6000000000000001 0 0 0 10.4 23 13.200000000000001 73.2 30.200000000000003 47.6 14.4 22.8 5.800000000000001 42.400000000000006 0 29.200000000000003 9.8 22.8 23 25.200000000000003 22.400000000000002 39.6 29.400000000000002 60 12.4 0.8 0.6000000000000001 0 0.6000000000000001 0 20.6 0.2 0 0 0.6000000000000001 0 13.200000000000001 28.6 3.8000000000000003 0.6000000000000001 0 0.6000000000000001 12.200000000000001 13.600000000000001 0 0.2 0 0.4 0 0 0 0.4 2.2 0 0.2 0 0 0 0 0.4 0.4 0 0 0 0 0 0.4 0 0 0 0 0 0 0 0 0 0 0 0 0 0 0 0 0 1.6 0.2 0 3.8000000000000003 7.6000000000000005 2 0 0 0 5.800000000000001 1.4000000000000001 1.8 0 0 0 3.4000000000000004 4 3 0 0 1.8 2 0 0 0 0 12.4 2.4000000000000004 1.2000000000000002 0.4 0 0.2 2 0.4 5.4 0 0 0 11.8 0.2 0 0 0 0 0 0 1.2000000000000002 0 0.2 0 0 0 0 0 0 0 0 0 0 0 0 0 0 0 0 0 0 0 0 0 0 0 0 0 0 0 0 0 0 0 0 0 0 1.8 3.6 4 0 0 4.2 2.8000000000000003 2.2 6.2 0 0 0 2.8000000000000003 8.200000000000001 1.8 0 0 0.8 0 2.2 0 0 0 9.4 7.4 0.6000000000000001 0 0 0 0 3.6 3.6 0 0 0 5.2 2.4000000000000004 0 0 0 0 0 0 0 0 0 0 0 0 0 0 0 0 0 0 0 0 0 0 1.4000000000000001 0 0 0 0 0 0.2 0 0 0 0 0 4.4 0.4 0 1.2000000000000002 0 0.4 0.4 0 0 0 0 0 0 0 0 0 0 0 0 0 0 0 0 0.2 0 0 0 0 0 0 0 0 0 0 0 0 
