 0 63.400000000000006 27.8 23.6 49 9.200000000000001 61.800000000000004 13.600000000000001 9 42.800000000000004 6.2 8.8 30 31.8 13.4 27.6 18.400000000000002 16.400000000000002 28.6 71.2 0 0 0.4 0 0 0 0 0 0 0 0 0 0 0 0 0 0.2 0 0 0.6000000000000001 0 0.2 0 0 0 0 0.4 0 0 0 9.200000000000001 0.4 0 0 0 0 0 0.4 0 0 0 0 0 0.6000000000000001 0 0 8.4 0.6000000000000001 0 0 0 0 0 0 0 0.6000000000000001 0 0 0 0 3.6 0 4.6000000000000005 3.8000000000000003 0 3.6 0 3.6 2.8000000000000003 3.8000000000000003 0 3.2 0 6.4 1.6 8.6 2.8000000000000003 7.2 0 0 0 0 0 0 0 0 0 0 0 0 0 0 0 0 0 0 0 0 0.2 0 0 0 0.8 0 0 0 0 0 0 0 0 0 0 0 0 0 0.2 0 0 0 0 0 0 0 0 0 0 0 1.6 0 0 0 1.2000000000000002 0 0 0 0 0 1.4000000000000001 0 2.4000000000000004 4.2 15.600000000000001 0 0.6000000000000001 0 3.6 1.6 2.8000000000000003 4.4 3.8000000000000003 2.4000000000000004 0 4.4 0.6000000000000001 0.2 3 3.6 5 0.6000000000000001 0 0 0 0 0 0.4 0 0 0 0 0 0 0 0 0 0 0 0 0.4 0 0 0 0 0 0 0 0 0 0 0.4 0 0 0 0.4 0 0 0 0 0 0 0 0 0 0 0 0 0 0 0 0 0 0 0 0 0 0 0 0 0 0 0 0 0 0 0 0.4 0 0.4 0 0 0 3.8000000000000003 8.4 0 0.2 0 0 0 0 0 0 0 0 0 0 0 0 0 0 0 0 0 0 0 0 0 2.8000000000000003 0 0 0 0 0 0 0 0 0 0 0 0 0 
 63.400000000000006 0 101.80000000000001 93.60000000000001 48.6 7 36 33.800000000000004 47.6 86.4 25.6 7.4 11 27.400000000000002 51.400000000000006 67 44.400000000000006 21 10.4 39.6 0 0 0.8 0.6000000000000001 0 0 15 0 0 0.8 0 1.2000000000000002 7 0 0 0 0 9.8 0 0.6000000000000001 0 0 1 0.2 0.4 0 0.6000000000000001 0 0.2 0 0.6000000000000001 0.4 0.2 0 6.2 0.2 0 1.6 0.2 1.2000000000000002 0.2 0 0 0.2 0 0.8 0.6000000000000001 0.6000000000000001 0 0 0 0 0 0 0 0.6000000000000001 0 0.4 0 0 10 7 4 3.8000000000000003 0.8 8.200000000000001 0 0 0 1.4000000000000001 0.2 1.4000000000000001 0 3 2.2 7.800000000000001 7.800000000000001 2.4000000000000004 0 0 0 0 0 0 0 0 3 0 0.2 0 0 0 0 0 0 0 0 0 6 0 0 0 0 0 0 0 0 0 0 0 0 0 0 0 0 0 0 0 0 0 1.8 0 0 1.8 0.8 0 0 0 0 0 0 2.4000000000000004 0 0 0 0 0 0 0 0 2.4000000000000004 0 7.4 1.8 5 5.6000000000000005 4.800000000000001 3.2 0 6.6000000000000005 0 0.2 0 0 0 2.2 0 0.2 0 0.6000000000000001 0 0 0 0 0 0 0.2 3.2 0 0 0 0 3 0 0 2.6 0 0 0.2 1.8 0 0 0 0 0 0 0 0 0 0 0 0 2 0 0 0 0 0 0 0 0 0 0 0 0 0 0 0 0 0 0 0 0 0 0 0 0 0 0 0 0 0 0 0 0 0 19 0 0.4 9.200000000000001 0 1.4000000000000001 0 0 0 0 0 0.4 0 0 0.4 0 0 0 0 0 0 0 0 0 0 0 0 0 0 3 5.6000000000000005 2.4000000000000004 0 0 0 0 0 0 0 0 0 0 0 0 
 27.8 101.80000000000001 0 54.2 19.8 26.200000000000003 32.800000000000004 54 49.400000000000006 45.2 52.6 4.800000000000001 31.200000000000003 12.8 52.400000000000006 73.2 52.6 44.400000000000006 60.6 11.200000000000001 0.4 0 0.4 0 0 0 16 0 14.4 0 0 0 14.600000000000001 0 0 0 0 0 0 0.6000000000000001 0 0 0 0 1 0 0.6000000000000001 0 0 0 0.6000000000000001 0.4 0 0 0 0.2 0 0.4 0.2 0 0 0 0 0.4 0 6.6000000000000005 0.6000000000000001 0.6000000000000001 0 0 0 0 0 0 0 0.6000000000000001 0 0 0 0 0 5.4 4.4 0 0 8.6 1.2000000000000002 0 0 2 0.2 0.8 0 0 2.2 3.6 0.6000000000000001 0 0 0 0 0 0 0 0 0 0.4 0 0.2 0 0 0 0 0 0 0 0 0 2.2 0 0 0 0 0 0 0 0 0 0 0 0 0 0 0 0 0 0 0 0 0 1.8 0 0 0 0.8 0 0 0 0 0 2.4000000000000004 2 0 0 0 0 0 0 0 0 0.2 0 0 2.2 5.4 2.8000000000000003 0 0.8 0 7.6000000000000005 4.6000000000000005 0 0 0 3.8000000000000003 2.8000000000000003 0 0.2 0 0 0 0 0 0 0 0 0.2 0 0 0 0 0 8 0 0 2.2 0 0 2.4000000000000004 0.2 0 0 0 0 0 0 0 2 0 0 0 0 2.2 0 0 0 0 0 0 0 0 0 0 0 0 0 0 0 0 0 0 0 0 0 0 0 0 0 0 0 0 0 4 0 0 0 18.8 0 0.2 3.6 0.4 2.2 0 0 0 0 0 0 0 0 0.2 0 0 2 0 0 0 0 0 0 0 0 0 0 0 3.8000000000000003 0 2.2 0 0 0 0 0 0 0 0 0 0 0 0 
 23.6 93.60000000000001 54.2 0 11.8 19.400000000000002 22.6 17.2 13.600000000000001 33.800000000000004 26.400000000000002 28.400000000000002 12 28.6 15.4 7.2 8.6 23.400000000000002 32.2 53.400000000000006 0 0 0.4 0 0.6000000000000001 5.6000000000000005 0.4 15.200000000000001 0 0 0 0 0 0 0 0 0 0 15 0.8 0 0 0 0 0 0 0.8 0 0 0 0.6000000000000001 1.2000000000000002 0 0 0 0 0 0.4 0.4 0 0 0 9 0 0.2 0 0.6000000000000001 0.6000000000000001 0 0 0 0 0 0 0 0.4 0 0 0 0 7 3.8000000000000003 0 1.6 0.8 0 0 5.800000000000001 1 0 3.2 3.4000000000000004 0 5.800000000000001 0 9.4 2.6 0.2 0 0.4 3.8000000000000003 0.2 0 0 0 0 0 3.6 3.2 0 0 0 0.6000000000000001 1 0 0 0 1.4000000000000001 4.2 2.4000000000000004 0.2 0 0 0 0 0 0 0 0 0 0.4 0 0 0 0 0 0 0 0 0 1.2000000000000002 5.2 0 0 0 0 0 0 0 0 0 0 0 0 0 0 0 0 0 0 0 3.8000000000000003 3 0 2.6 5 0 0 5.6000000000000005 0 2.6 1.8 0.4 1.6 9.600000000000001 0.2 2.2 1.8 0.2 5.4 0 2.4000000000000004 0 0 0 0 3.2 3.6 0.2 0 0.4 0 1.8 4.2 0 0.2 0 0 0 2 0 0 0 0 0 0 0 0 0 0 0 0 0.2 0 0 0 0 0 0 0 0 0 0 0 0 0 0 0 0 0.2 0 0 0 0 0 0 0 0.4 0 0 0 2 0 0 0 0 0.6000000000000001 0 17.6 17.8 2.4000000000000004 2.8000000000000003 0 0 0 0 0 0 0 0 0 0 0 0 0 0 0 0 0 0 0 0 0 0 0 14.4 3 0 0 0 0 0 0 0 0 0 0 0 0 0 
 49 48.6 19.8 11.8 0 49.400000000000006 9.600000000000001 11.600000000000001 14.200000000000001 31.6 19.8 17 15.8 10.4 87.4 29.400000000000002 55 26 9.4 21.6 13.8 30 0.4 0.2 0 0 32.6 29.400000000000002 19.6 0.2 0 1.2000000000000002 0 14.8 14.8 14.8 0.2 0 30.400000000000002 15.4 0 0 0 4.2 0 0 1.2000000000000002 0.4 0 0 0.6000000000000001 0.4 0 0 0 12.600000000000001 0 0.8 0.4 0 0 0 0 0 0.4 0.2 0.6000000000000001 1 0 0.8 0 0 0 0 0 0.4 0 0 0 0.2 0 5.2 1.2000000000000002 3.2 4 4.6000000000000005 0 0 0 6 0 0 0 4 0 0 0.2 3.4000000000000004 0 0 2 0 0 3.4000000000000004 0 0 0 7 0.2 0 0 1.2000000000000002 2.6 4.6000000000000005 3 2.8000000000000003 3 0.2 3 0 0 0 0 0 0 0 0 0 0 0 3.2 0 0 0 0 0 0 0 0 0 0 0 0 0 0 0 0 0 0 1.4000000000000001 0 0 0.4 0 0.2 0.6000000000000001 0 0 0 0 0.4 0 4.2 2 6.2 0 0 0 0 3.4000000000000004 0 0 0 0 2.6 0.2 0 0 0 0 3.4000000000000004 5.2 9.600000000000001 0 0 0 9.200000000000001 2.4000000000000004 8.4 3.6 0 0 5 3.6 3 1.8 0.4 0.8 3.8000000000000003 0 0 0 0.2 0 0 0 0 0 0 0 0 0 0 0 0 0 0 0.4 0 0 0 0 0 0 0 0 0 0 0 0 0 0.4 0 0 0 0 0 0 6 0 0 0 0 0 0 0 1 0.6000000000000001 1 0.4 0 0.2 0 0 0 0 0 0 0 0 0 3.8000000000000003 2.8000000000000003 0 0 0 0.2 0 0 0 0 0 0 0 0 0 0 0 0 0 0 1 0 0 0 0 0 0 0 0 
 9.200000000000001 7 26.200000000000003 19.400000000000002 49.400000000000006 0 7.800000000000001 48.400000000000006 6.4 9.8 18.8 28 5.800000000000001 6.800000000000001 10.8 13.4 31.400000000000002 15.600000000000001 10 10.4 15.200000000000001 12.200000000000001 0.4 0 0 0 14.8 25.200000000000003 16.2 0 0 0 17.2 5.800000000000001 7.4 3.2 0 7.4 15.4 1.2000000000000002 0.6000000000000001 0 0.6000000000000001 0 0.4 0 1.2000000000000002 0.4 0 0 1.2000000000000002 0.4 0.4 0 0 0.4 0 0.4 0.2 0 0 0 0 0.2 0 0 0.8 1.2000000000000002 9.200000000000001 0.2 9 0 0 0 0 0.6000000000000001 0 0 0 9.8 0 0 2.2 2.2 0 0.4 0 0 0 0 0 4.4 0 0 0 0 0 1.4000000000000001 0 0.2 6.2 3 0 6.800000000000001 0 0 2.2 3.8000000000000003 4.4 2.8000000000000003 9.200000000000001 3.8000000000000003 6.6000000000000005 5.6000000000000005 0 0 0 0 0 0 0.4 0 0 0 0 0 0 0 0 0 0 0 0 0 0 0 0 0 0 0 0 0 0 0 0 0 0 0 0 2.8000000000000003 0.4 0 0 0 0 0 0 0 0 0 0 0 0 2 0 0 0 0 0 0.2 2.2 3 0.2 0 0.4 0.4 3.4000000000000004 0 0 0.4 3.8000000000000003 5.800000000000001 0 2.2 0 0 4.6000000000000005 6.4 2.4000000000000004 3.2 0 0 3.2 6.2 2 3.2 2.2 2 1.6 1.2000000000000002 0 0 0 0 0.2 0 0 0 0 0 0 0 0 0 0 0 0 0 2.8000000000000003 3 0 0 0 0 0 0 0 0.2 0 0.4 0 0 0 0 0 0 0 0.2 0 0 0 0 0 0 0 0 17.8 0.2 18 0 7.4 0.4 0 0 0 0 0 0 0 0 0 0 0.2 0 0 0 1 0 0 0 0 0 0 0 0 0 0 0 0 0 0 0 0 0 0 0 0 0 0 0 
 61.800000000000004 36 32.800000000000004 22.6 9.600000000000001 7.800000000000001 0 41.2 20.8 26 85 6.800000000000001 33.2 15.200000000000001 28.200000000000003 25.6 23 55.2 28.6 20.200000000000003 0 0 0.4 0 0 0.6000000000000001 0 0.4 0 0.2 0 0.4 0 0 0 0 0 0 0 0.6000000000000001 0 0.2 0 0 0 0 1.2000000000000002 0 0 0.2 0.6000000000000001 0.6000000000000001 0 0 0 0 5.800000000000001 0.4 12.600000000000001 0 0 0 0 0 0.6000000000000001 0.4 0.6000000000000001 0.6000000000000001 0 0.6000000000000001 0 0 0 0.2 2.2 0.4 0 0 0 0 2.8000000000000003 1.8 2 3.8000000000000003 0 5.6000000000000005 12 0 0 4.2 2.2 0 2 0 0 2.6 2.4000000000000004 6 0 3 0 4.6000000000000005 0 0 0 0 0 0 0 0 2 0 0 0 0 0 0 0 0 0 0 0 0 0 0 0 0 0 0 1.2000000000000002 0 0 0.8 0 0 0 0 0 0 0 0.2 0 0 0 0.8 0 0 0 0 0.2 0 0.4 0 0 0 0 0 0 0 0.2 5.800000000000001 1 6.4 2.2 0.4 0 0 3.8000000000000003 2 15.4 0 0 0 0.2 0.6000000000000001 0.4 4.2 3.6 3.4000000000000004 5.2 0 0.4 0 0 0.2 0 0 0 0 0 0 0 0 0 0 0 0 0 0.2 0 0.4 0 0 0.2 0 0.4 0 0 0.2 0 0 0 0 0 0 0 0 0 0 0 0 0 0 0 0 0 0 0 0 0 1.2000000000000002 0 0 0 0 0 0 0 0 0 0 0 0 0 0 0 0.2 0 0 0.2 0 0.8 0 0 0 0 0 0.2 0 0 0 0 0 0 0 0 0.2 0 0 0 0 0 0 0 0 0 2.8000000000000003 3 0 0 0 0 0 0 0 0 0 0 0 0 
 13.600000000000001 33.800000000000004 54 17.2 11.600000000000001 48.400000000000006 41.2 0 25.6 6.4 7 8 30.6 18.400000000000002 21.8 43.6 25.6 6.4 68.4 13 0 0 0.4 0 0 0 0 1 0.4 0 0 0 0.4 0 0.8 0.4 0 0.6000000000000001 0 0.6000000000000001 0 0 0.4 1 0 0 0.4 0 1 0.6000000000000001 0.6000000000000001 1 0 0 0 6 11.600000000000001 0.4 0.2 0.4 0 1 1.4000000000000001 0.2 0 0 1 0.6000000000000001 0 1 0 0 0 0 0 0.6000000000000001 0 0 1 0 0.8 12 1.4000000000000001 0 2.2 1 6.800000000000001 0 3.2 0.2 4.800000000000001 3.4000000000000004 0 4.800000000000001 3.6 1.6 0 2 3.6 5.2 0 0 0 0 0 0 0 0 0 0 0 0 0 0 0 0 0 0 2.4000000000000004 0 0 0 0 0 0 0 0 0 0 0 0 0 0 0 0 0 0 0 0 0 0 0.2 0 0 0 0.2 0 0 0 0 0 0.2 0 4 0 0 0 0.4 0 0 0.2 7.4 2.4000000000000004 1 0 4.4 0 3 7.800000000000001 3 5 3.8000000000000003 9.4 0 0.2 0 0 5 0 0 0 0 0 0 0 0 0 0 0 0 0 0 0 0 0 0 0 0.2 0 0.2 0 0 0 0 0 0 0 0 0 0 0 0 0 0 0 0.4 0 0 0 0 0 0 0 0.2 0 0 0 0 0.2 0 0 0 0 0 0 0 0 0 0 0 0 0 0 0 0 0 0.2 0 0 18.400000000000002 0 5.4 0.2 0 0 0 0 0 0 0 0.2 0 0 0 0 0 0 0 0 0 0 0 0 0 0 2 0 0 0 0 0 0 0 0 0 0 0 0 0 0 
 9 47.6 49.400000000000006 13.600000000000001 14.200000000000001 6.4 20.8 25.6 0 51.2 54 6.800000000000001 61.2 73.2 84.80000000000001 45.400000000000006 82 77.4 32.2 56.2 0 0 0.4 0 0 0 10.4 1.6 0.4 0.4 0 0.2 0.4 0 0.6000000000000001 0 0 0.6000000000000001 0 0.6000000000000001 0 4.6000000000000005 0.4 0.2 0 0 0.8 0 0.2 0.6000000000000001 0.6000000000000001 1 0 0 0 12.200000000000001 0 0.4 0.6000000000000001 0.4 0 0.6000000000000001 8.200000000000001 0 0.6000000000000001 0.2 0.8 0.6000000000000001 0 0.8 0 0 0 0 0 0.4 0 0 0 0 0 3.2 0 5.6000000000000005 1.6 2 0.2 0 0 0.2 5.800000000000001 0 0 2.4000000000000004 0 8.8 2 1.8 0 3.6 3.2 0 0 0 0 1.6 4 0.2 0 0 0 0 0 0 0 0.2 0 0 3.2 0.4 0 0 0 0 0 0 0 0 0 0 0 0 0 0 0 0 0 0 0 0 1.4000000000000001 0 0 0 1.4000000000000001 0 0 0 0 0 0 1.6 0 1.6 0 0 0 0 0 0 2 0.2 2.6 6 2.2 5 0 3.2 2.2 3.2 0 4.6000000000000005 2.8000000000000003 0 4.6000000000000005 0 2.2 1.8 2.2 3.4000000000000004 0.2 0 0.2 0 0 0 0 0 0 0 0 0 0 4.6000000000000005 0 0 0 0 0 3.4000000000000004 0 0 0 0 0 0 0 0 0 0 0 0 0 0 0.4 0 0 0 0 0 0 0 0 0 0 0 0 0 0 0 0 0.2 0 0 0 0 0 0 0 0 0 2 0 0 0 0.2 0.2 0.2 0 18 0 0.8 0 0 0 0 0 0 0 0 0 0 0 0 0 0 0 0 0 0.6000000000000001 0 0 0 0 0 2.4000000000000004 2.6 3.2 0 0 0 0 0 0 0 0 0 0 0 0 
 42.800000000000004 86.4 45.2 33.800000000000004 31.6 9.8 26 6.4 51.2 0 35.800000000000004 29.8 71.2 39.800000000000004 37.6 50.800000000000004 104 8.8 59.2 36.4 6 0 15.200000000000001 14.600000000000001 0 0 0 0.4 0 0 0 0 0 0.4 14.8 4.4 0.4 0 0 0.6000000000000001 0 0.6000000000000001 0 0 1 0 0.4 0.6000000000000001 0 0 0.8 0 0 0 0 5.4 0.6000000000000001 0.4 0.6000000000000001 0.2 0 0.6000000000000001 17.6 0.6000000000000001 0 0 0.6000000000000001 0.6000000000000001 0 0 0 0 0.2 0 1 0.6000000000000001 0 0 0 0 4.2 0.2 4.4 0.2 2.4000000000000004 2.6 7 0 2.4000000000000004 3.4000000000000004 7.4 5.800000000000001 0.2 3.4000000000000004 1.6 3.6 5.2 0.4 0 4.6000000000000005 2.6 0 0 0 0 0 3.2 0 0 0 0 0 0 0 0 0 0 0 1.2000000000000002 0 4 0 0 0 0 0 0 0 0 0 0 0 0 0 0 0 0 0 0 0 0 0 0 0 0 0 0 0 0 12 0 0.2 0 0 0 0 0 0 0 0 0.2 2.6 4.4 0 2.6 2.6 0 14.600000000000001 6.800000000000001 17.6 2 2.2 6.800000000000001 0 11.200000000000001 3.2 0 2.8000000000000003 0 2 0 0 0 0 0 0 0 0 0 0 0 0 0.2 0 0 0 0 0 2.6 3 0 0 0 0 0 0 0 0 0 0 0 0 0 0 0 0 0 0 0 0 0 2.2 0 0 0 0 0 0 0 0 0 0 0 0 0 0 0 0 0 0 0 6 0 0 0 0.2 0.2 0 0.6000000000000001 0.2 0 4.2 0.2 2.2 0 0 0 0 0 0 0 0 0 0 0 0 0 0 0 0 0 0 0 0 0 0 3.2 0 0 0 0 0 0 0 0 0 0 0 0 0 
 6.2 25.6 52.6 26.400000000000002 19.8 18.8 85 7 54 35.800000000000004 0 77.60000000000001 25 12.600000000000001 36.2 57 38 44.400000000000006 6.4 59 0 0 0.4 0 0.2 0.6000000000000001 1.8 0 15.8 0.4 0 0 0.4 0 8.6 0 0 0 0 15.600000000000001 0 0 0 0 0 0 0.8 0 0 0 0.6000000000000001 0.4 0 0 0 0.4 0 0.4 0.2 0 0 0 0 0.2 0 0 0.6000000000000001 0.6000000000000001 0 1.4000000000000001 0 0 0 0 0 0.6000000000000001 0 0 0 0 0 1.2000000000000002 3.4000000000000004 4.6000000000000005 2 4.4 0 0.2 0 2.4000000000000004 0 4.2 0 0 0.4 2 2.2 0 0 0.4 0 0.2 0 0 0 0 0 0.4 0 0 0 0 0 0 0 0 0 0.4 0 4.4 0.6000000000000001 0.2 0 0 1.4000000000000001 0 0.2 0 0.4 0.2 0.2 0 0.2 0 0.2 0 0.2 0 0.2 0.2 3.8000000000000003 0 1.6 0 2.4000000000000004 0 0 0.6000000000000001 2 0 1.6 2.4000000000000004 1.2000000000000002 1.4000000000000001 0.2 0.2 0 0 0 1.6 0 0 0 4.4 5 0 0 0 3 6.6000000000000005 2.2 0 0.4 0 3.2 6 0 7.2 0.2 0 0 0.2 0.2 0 0 0.4 0.2 2.6 3 0 0.6000000000000001 0 7.4 4.6000000000000005 4 3 0 0 2.4000000000000004 2.6 0 0.2 0 0.2 0 0.2 0.4 0.2 0.4 0.2 0.2 0 1.6 0.2 0 0.4 0 0 0 0 0 0 0 1.4000000000000001 0 0 0.2 0 0.4 0.2 0 0 3.2 0 1.6 0 1.6 0.4 0 0 0 0 0 0 0 0 18.6 0 0.4 0.2 0.2 2.6 0 0 0 0 0 0 0 0.2 0 0 0.2 0 0 0.2 0 0 0 0 0 0 0 1.4000000000000001 0 3.6 0 2.8000000000000003 0 0 0 0 0 0 0 0 0 0 0 0 
 8.8 7.4 4.800000000000001 28.400000000000002 17 28 6.800000000000001 8 6.800000000000001 29.8 77.60000000000001 0 9.4 56 6.6000000000000005 49.6 25 19.400000000000002 11 9.4 0 4.2 0.4 0 0 0.6000000000000001 15.4 12.8 1.4000000000000001 0 0 0 0 0 14.8 0.4 0.2 0 22.6 15.4 0 0 0 0 0 0 0.6000000000000001 0 0 0 0.6000000000000001 0.4 0 0 0 0.2 0 0.4 0.6000000000000001 0 0 0 0 0.2 0.4 0 0.6000000000000001 0.6000000000000001 0 0 0 0 0 0 0 0.4 0 0 0 0 0 0 3.4000000000000004 9.200000000000001 2.8000000000000003 3.6 0 0 0 0 1.8 1 0 0 0 2.2 0 2.6 1.8 0 2 7.2 2.2 0 0 0 0 5.6000000000000005 1.8 0 0 0 3 0.2 0 0 0 1.6 0 2.8000000000000003 0 0 0 0 0 0 0 0 0 0 0 0 0 0 0 0 0 0 0 0 0 0 0 0 0 0 0 0 0 0 0 0 0 0 0 0 0 0 0 0 4 0 3.8000000000000003 3.4000000000000004 4.6000000000000005 2.4000000000000004 0 0 0 4.2 3.4000000000000004 0 0 0 0 1 3 0 0 0 3.6 3 3.4000000000000004 0 0 0 5 4.2 5.6000000000000005 0 0 0 8.4 2.8000000000000003 2.4000000000000004 3.6 1 0 8 0 0 0 0 0 0.2 0 0 0 0 0 0 0 0 0 2 0 0 0 0 0 0 0 0 0 0 0 0 0 0 0 0 0 3.8000000000000003 0 0 0 0 0 0 0 0 0 0 0 0 0 10.8 0 0 0.6000000000000001 0 2.4000000000000004 0 0 0 0 0 0.4 0 0 0 0 3 0 0 0 0 0 0 0 0 0 0 0 0 0 3.2 0 0 0 0 0 0 0 0 0 0 0 0 0 
 30 11 31.200000000000003 12 15.8 5.800000000000001 33.2 30.6 61.2 71.2 25 9.4 0 36.4 29.6 22.6 9 27.200000000000003 97.2 36.2 0 0 0.4 0.4 0 0 0 0 0 0 0 0 0.2 10.600000000000001 0 0 0 0 0 0.6000000000000001 0 0 0 0 0 0 0.4 0 0 0 0.6000000000000001 0.4 0 0 0 0 0 0.4 0.4 0 0 0 0 0 0.2 0 0.6000000000000001 0.6000000000000001 0 8.200000000000001 0 0 0 0 0.8 0.4 0 0 0 0 3.8000000000000003 1.4000000000000001 4.800000000000001 0 0 0 7.2 9 5 2 1.6 0.2 0.2 9 5.800000000000001 4.2 2.6 4 1.6 4 0 0 0 0 0 0 0 0 0 0 0 0 0 0 0 0 0 0 0 0 0 0 0 0 0 0 0 0 0 0 0 0 0 0 0 0 0 0 0 0 0 0.8 0 0 0 0 0 0 0 0 0 0 0 1.2000000000000002 1.6 0 0 0 3.8000000000000003 0 8.6 9 3.6 0 0 0 1.8 3.6 0.2 0.2 0 5 2.6 2 0 0 0.2 5.6000000000000005 10 0.2 0 0 0 0 0 2.6 0 0 0 0 0 0 0 0 0 0 0 0 0 0 0 0 0 0 0 0 0 0 0 0 0 0 0 0 0 0 0 0 0 0 0 0 0.2 0 0 0 0 0 0 0 0.2 0 0.4 0 0 0 0 0 0 0 0 0 0 0 0 0.4 0.4 0 0.4 0 0 1.6 0 0 0.2 0 0 0 0 0 0 0 0 0 0 0 0 0 0 0 0 0 0 0 0 0 0 0 0 0 0 0 0 0 0 0 0 0 0 0 
 31.8 27.400000000000002 12.8 28.6 10.4 6.800000000000001 15.200000000000001 18.400000000000002 73.2 39.800000000000004 12.600000000000001 56 36.4 0 12 73.60000000000001 111.2 5.800000000000001 22.6 37.800000000000004 0 0.2 0.6000000000000001 0.4 0 0 0 0 0.2 0 0 0 0 0 0.2 18.6 0 0 0 0.6000000000000001 0 1.4000000000000001 0.6000000000000001 0 0.4 0 0.4 0 0 0 0.6000000000000001 0.4 0 0 0 12.200000000000001 0 0.4 0.8 0 0 0 11 0.2 0 0 0.6000000000000001 0.6000000000000001 0 0.4 0 0 0.4 0 1.6 1.2000000000000002 0 0 0 0 3 2.4000000000000004 0 4 0 0.4 1 0 0.4 2.4000000000000004 5 0 2.6 5.4 0 2 9.200000000000001 5.2 0 0 2.8000000000000003 0 0 0 0 0 5.4 0 0 0 0 0 0 0 0 0 0 0 2 0 0 0 0 0 0 0 0 0 0 0 0 0 0 0 0 0 0 0 0 0 0 0 0 0 0 0 0 0 1.4000000000000001 0 0 0 1.2000000000000002 0 0 0 0 0 25.8 0 2.8000000000000003 0.8 5 2.6 0 2.4000000000000004 3.6 1.6 2.8000000000000003 4 0 5.4 5.800000000000001 0.4 2.8000000000000003 0 5.2 2.6 13.4 8.4 0 0 0 0 0 0 0 0 0 0 0 0 0 0.2 0 0 0 0 0 2.2 0 0 0 0 0 0 0 0 0 0 0 0.4 0 0 0 0 0 0 0 0 0 0 0.2 0 0 0 0 0 0 0 0.2 0 0.4 3 0 0 0 0 0 0 0 3.8000000000000003 0 0 0 0.2 0 0 0.4 0 0 2.6 0 0 0 0 0 0 0 0 0 0 0 0 0 0 0 0 0 1.2000000000000002 0 0 0 0 0 0 6.4 0 0 0 0 0 0 0 0 0 0 0 0 0 
 13.4 51.400000000000006 52.400000000000006 15.4 87.4 10.8 28.200000000000003 21.8 84.80000000000001 37.6 36.2 6.6000000000000005 29.6 12 0 23.400000000000002 17.400000000000002 25 39.400000000000006 20.400000000000002 0 0 0.4 0 0 0 0.2 0 0 0 0 0 0 0.2 0 0 0 0 3.6 0.6000000000000001 0.6000000000000001 0 0 0 0 0 0.8 0 0 0 0.6000000000000001 0.4 0 0 0 0 0 0.4 12.200000000000001 0 0 0 0 0.6000000000000001 0 0 0.6000000000000001 0.6000000000000001 0 0 0 0.4 0 0 7.2 0.6000000000000001 0 0 0 0 2.2 4.800000000000001 2.2 2.8000000000000003 2.2 5 4 2.2 1.4000000000000001 7.2 0 3 0 0 2 2.8000000000000003 4 2 0 0.2 0.4 0 0 0 0 0 0.2 0.2 0 0 0 0 0 3 0 0.2 0 0 1.4000000000000001 0 0 0 0 0 0 0 0 0 0 0 0 0 0 0 0 0 0 0 0 0 1 0 0 0 0.6000000000000001 0 0 0 0 0 0 0.6000000000000001 0 0.2 0 0 0 0 0 0 2.2 0 0 1 4.2 2.8000000000000003 0 0 0 3.8000000000000003 2.8000000000000003 0 0 0 3.8000000000000003 5.2 0 2 0 0 0.2 0 0.2 3 0 0 0 0 0 0 0 0 3.6 0 0 0 0 0 2.2 0.2 0 0 0 0 0 0 0 0 0 0 0 0 1.8 0 0.2 0 0 2.2 0 0 0 0 0 0 0 0 0 0 0 0 0 0.2 0 0 0 0 0 0 0 0 0 0 0 0 0 0 10.600000000000001 0.4 0.8 34.4 0 3 0 0 0 0 0 0 0 0 0 0 0 0 0 0 0 0 0 0 0 0 0 0 0 5.2 0 2.8000000000000003 0 0 0 0 0 0 0 0 0 0 0 0 
 27.6 67 73.2 7.2 29.400000000000002 13.4 25.6 43.6 45.400000000000006 50.800000000000004 57 49.6 22.6 73.60000000000001 23.400000000000002 0 41.800000000000004 28 7.6000000000000005 34.4 0 0 0.4 0 0 0 0 0 0 0 0 0 4.4 0 0 0 0 0 4.4 0.6000000000000001 0 0 0 0 0 0 0.4 0 0 0 0.6000000000000001 0.2 13 0 0.6000000000000001 0.2 0 0.4 0.2 0 0 0 0 0.4 0 0 0.6000000000000001 0.6000000000000001 0 6 0 0 0 0 0 0.6000000000000001 0 0 0 0 4 2.4000000000000004 7 3.2 6.6000000000000005 9.200000000000001 0.4 2.4000000000000004 10.8 15.600000000000001 7.6000000000000005 10.8 0 5 9.8 0 3.4000000000000004 5.2 3.6 7.6000000000000005 0 0 0 0 0 0 4.6000000000000005 0 2.8000000000000003 0 0 0 0 2.2 0 0 0 0 2 0 0 0 0 0 0 0.4 0 0 0 0 0 0 0 0 0 0 0 0 0 0 0.2 0.4 0.4 0 0.8 0 0 0 0 0 0 0.6000000000000001 0 0 0.4 0 0 0 0 0 0.2 0 5.800000000000001 4.800000000000001 0 2.2 0 2 9.600000000000001 10.8 1.4000000000000001 4.2 7.4 0 0 2 1.8 4 1.8 0 0 0.2 0 0 0 0 0 0 0 0 0 0 4.2 0 0 9.8 0 0.4 0 2.4000000000000004 0 0 0 0 0 0 0 0 0 0 1.2000000000000002 0 0 0 0 0.2 0 0 0 0 0.6000000000000001 0 0 0.4 0 0 0 0 0 0 0.2 0 0 0.2 0 0 0 0 0 0 0 0 0 0 0 0.4 0 0 0 17.400000000000002 0.6000000000000001 0 4 0 0 0 0 0 0 0 0 0 0.2 0 0 0 0 0 0 0 0 0 0 7.2 0 0 0.6000000000000001 0 0 0 0 0 0 0 0 0 0 0 0 0 
 18.400000000000002 44.400000000000006 52.6 8.6 55 31.400000000000002 23 25.6 82 104 38 25 9 111.2 17.400000000000002 41.800000000000004 0 92.2 45 71.4 0 0.4 0.8 0 0 0.8 4.6000000000000005 0 0 0.4 0 0 14.8 0 0 0.2 0.2 0 0 0.6000000000000001 0 0 0 0 0 0 0.4 0 0 0 0.6000000000000001 0.4 0 0 0 0.2 0 1 0.4 0 0 0 0 0.4 0 0 0.6000000000000001 0.6000000000000001 0 0.2 0 0 0 0 8.8 0.6000000000000001 0 0 0 0 1.6 2 6.800000000000001 9 5 8.8 0 0 0 2.2 2.4000000000000004 1.8 0.2 3.6 1.8 7 0 0 0.4 1.8 0 0 0 0 1.2000000000000002 0 0.4 0.2 0 0 0 1.6 0 0 0 0 0 0 2 0.2 0 0 0 0 0 0 0 0 0 0 0 0 0 0 0 0 0 0 0 0 0 0 0 0 0.4 0 0.4 0 0 0 0 0 0.4 0 0 0.4 0 0 0 0 3.2 0 3.8000000000000003 7.4 2.4000000000000004 3.6 0 4.6000000000000005 3 9.600000000000001 3.4000000000000004 0 3.2 0 0 0 0 0 0 0 0 0 0.2 0 0 0 0 0 0 0 0 0.4 2 4.2 0.2 2.2 0 0 0.8 0.2 0 0 0 0 0 0 0 0 0 0 0 0 0 0 0 0 0 0.4 0 0 3.6 0 0 0 0 0 0 0 0 0 0 0 0 0 0 0 0 0 0 0 0 0 0 0 0 0 0.4 0 0 17.8 0 3 0 0 0 0 0 0 0.4 0 0 0 0 0 0 0 0.2 0 0 0 0 0 0 0 0 2.8000000000000003 2.8000000000000003 0 0 0 0 0 0 0 0 0 0 0 0 0 
 16.400000000000002 21 44.400000000000006 23.400000000000002 26 15.600000000000001 55.2 6.4 77.4 8.8 44.400000000000006 19.400000000000002 27.200000000000003 5.800000000000001 25 28 92.2 0 8.6 48.800000000000004 0 0 0.4 0 0 0 14.8 1.6 0 0.4 0.4 0.2 15 0 29.6 0 0 0 0 15.600000000000001 0 0 0 0 0 0 0.8 0 0 0 0.6000000000000001 0 0 0 0 0.2 0 0.4 0.6000000000000001 0 0 0.4 0 0 0.4 0 0.6000000000000001 0.6000000000000001 0 0.4 0 0 0 0.2 0 0.4 0 0 0 0 2.8000000000000003 0 0 1.8 9.200000000000001 3.8000000000000003 0 1.8 2.6 5 2 0 0 0 0 1.2000000000000002 2.6 3 0 3.2 1.4000000000000001 0 3 0 0 0 5.6000000000000005 0 0 0 0 0 6.800000000000001 0 0.8 0 3.4000000000000004 0 0 2.6 0 0 0 0 0 0 0 0 0 0 0 0 0 0 0 0 0 0 0 0 0 0 0 0 4.4 0 0 0 0 0 0 0.8 0 0.2 0 0 0 2 0 0.4 0 1.6 3 4.4 4.2 0 0 3.8000000000000003 1.8 5.4 2.2 1.2000000000000002 0 1.8 6.4 5.6000000000000005 4.2 8 0 0 0 3.6 1 0 5.4 0 0 0 0.2 0 0 0 6.2 3.8000000000000003 3.4000000000000004 3.8000000000000003 0 0 5.6000000000000005 2.6 0 0 0 0.2 1.4000000000000001 0.2 0 0 0.4 0 0 0 0 0 1.8 0 0 0 0 0 0 0 0 0 0 0 0 0 0 0 0 0 0 4.2 0 0 0 0 0 0 0 0 0 0 0 0 0.2 0 0.6000000000000001 0.4 0.2 0.4 0 0 0 0 0 0 0 0 0 0 0 0 0 0 0 0 0 0 0 0 0 0 0 0 0 3.2 0 0 0 0 0 0 0 0 0 0 0 0 
 28.6 10.4 60.6 32.2 9.4 10 28.6 68.4 32.2 59.2 6.4 11 97.2 22.6 39.400000000000006 7.6000000000000005 45 8.6 0 44.6 0 0 0.4 0.2 0 0 14.8 0 0 0 0 0 0.4 0 0 0.2 0.4 0.4 0 0.6000000000000001 0.6000000000000001 0 0 0 0 0 0.4 0 0 0 0.6000000000000001 0.8 0 0 0 0 0 0.4 0.2 0 0 0 0 0.2 0 0 0.6000000000000001 0.6000000000000001 0 0 0 0 0 0 0.4 0.6000000000000001 0 0 0 0 2.8000000000000003 1.6 1.6 0 0 0 7.4 0 2.8000000000000003 2.8000000000000003 0 0 0 0.2 0 1 2.2 0 4.800000000000001 1.4000000000000001 0 0 0 0 0 0 0 0 0 0 0 2 0 0 0 0 0 0 1 0 0 0 0 0 0 0 0 0 0 0 0 2.8000000000000003 0 0 0 0 0 0 0 0 0 0.8 0 0 0 0 0 0 1 0 0 0 0.8 0 0 0 0 0 0.6000000000000001 0 2 4.6000000000000005 0 0 1.8 3.2 3.8000000000000003 3.2 0.2 0 0 0.4 0.4 0.6000000000000001 0.4 2.6 0 0 4 2.8000000000000003 0 0 0 0 0 0 2 0 0 0 0 0 0 0 0.6000000000000001 0 0 0 0 0 0 0 0 0 0 0 0 0 0 0 0 0 0 0 0 0 0 0 0 0 0 0 0 0 0 1.2000000000000002 0 0 0 3.2 0 0 0 0 0 0 0 0 0 2.6 0 0 0 0 0 0.4 0 0.2 0 8 0 0.8 0 0 0 0 0 0 0 0 0 0 0.8 0 0 0 0 0 0 0 0 0 0 0 0 0.8 0 0 0 0 0 0 0 0 0 0 0 0 0 0 
 71.2 39.6 11.200000000000001 53.400000000000006 21.6 10.4 20.200000000000003 13 56.2 36.4 59 9.4 36.2 37.800000000000004 20.400000000000002 34.4 71.4 48.800000000000004 44.6 0 0 0 0.4 0.6000000000000001 0 0 0 0 0 0 0 0 0 0 0.6000000000000001 0 0.4 0.6000000000000001 0 0.6000000000000001 1 0 0.4 0 0 0 0.8 0 1.2000000000000002 0.6000000000000001 0.6000000000000001 1 0 0 0 13.200000000000001 0 0.4 0 0 0.4 0 0.2 0.6000000000000001 0 0 0.6000000000000001 0.6000000000000001 0 0 0 2.4000000000000004 0 0 0.4 1.6 0.4 0 0 0 2.8000000000000003 3 0 0.2 0 0 2.8000000000000003 0 2.6 2.2 2.4000000000000004 0 2.2 6 0 2.4000000000000004 2.6 8 5.800000000000001 1.2000000000000002 0 0 0 0 0 0 0 0 0 0 0 0 0 0 0 2.2 0 0 0.2 0 0 0 0 0 0 0 0 0 0 0 0 0 0 0 0 0 0 0 0 0 0 0 0 0 0 0 0 0 1.8 0 0 0 1.2000000000000002 0 0 0 0 0 0 0 1.6 6.4 0.4 0 0 0 4.2 4.4 0 1.6 0 3.2 5 0 0 0 3.2 3 1.6 5.4 0 0 0 0 0 0 0 0 0 0 0 0 0 0 0 0 0 0 0 0 0 0 0 0 0 0 0 0 0 0 0 0 0 0 0 0 0 0 0 0 0 0 1.4000000000000001 0 0 0 0 0 0 0 0 0 0 0 0 0.2 0 0 0 0 0 0 0 0 0 0.4 0 0 0.2 0 0.6000000000000001 1.6 0 0 0 0.4 0 0 0 0.4 0 0 0 0 0 0.2 0 0 0 0 0 0 0 0 0 0 3 0 0 0 0 0 0 0 0.2 0 0 0 0 0 
 0 0 0.4 0 13.8 15.200000000000001 0 0 0 6 0 0 0 0 0 0 0 0 0 0 0 15.600000000000001 57.6 38.6 19 10.200000000000001 54.2 86 6.2 11.4 36.6 35.4 24 18.2 30.400000000000002 42 43 7.2 83.2 17 0 0 0 0.2 0 0 0.4 0.6000000000000001 0 0 0 0.2 0 0 0 0.2 0 0.8 0.6000000000000001 0 0 0.4 0 0 0 0 0 0 0 0 0 0.4 0.4 0 5.2 10 0 0.2 0 0.4 0 0 0 0.2 0 0 0 0 0 0 0 0 0 0 0 0 0 0 0 0 4.4 0 3.2 2.6 3.8000000000000003 1.4000000000000001 1.8 1.4000000000000001 0 4.6000000000000005 0 6.4 5 2.2 0 3.6 2.6 4.800000000000001 0 1 4 0 0 0 0 0 0 0 0 0 0 0 0.2 0 0 0 0 0 5.800000000000001 8 0 0 0 0.4 0 0 0 0 0 0.8 0 0 0 0 0 0.8 0 0 0 0 0 0 0 0 0 4.800000000000001 0 0.4 0 0 0 0 0 0 0 0 0 0 0 0 5.6000000000000005 0.2 2.6 2.6 4.4 0 0 1.8 3.4000000000000004 2.2 2.6 0.2 0.2 0 0 3.4000000000000004 2 3.6 2.2 0 0 0 0 1.6 0 0 0.2 0 0 0 0 0 1.6 0 0 0 0 0 0 2.4000000000000004 0 0 0 0 0 0 0 0 0 0 0 0 0 0 0 0 0 0 0 0 0 0 0 0 0 0 0 0 0 0 0 0 0 2.8000000000000003 0.4 0 0 0 0.8 0.4 3 2 0 0 0 0 1.6 0 0 0 0 0 0 0 0 0 0 0 0 0 0 0.2 0 0 0 0 0 0 0 0 
 0 0 0 0 30 12.200000000000001 0 0 0 0 0 4.2 0 0.2 0 0 0.4 0 0 0 15.600000000000001 0 24.6 29.8 6 9.8 13.8 76.60000000000001 81.4 21.200000000000003 52.2 35.800000000000004 27.400000000000002 64.60000000000001 29.200000000000003 21.400000000000002 12 10.200000000000001 25 71.2 0 0 0 0 0 0 0 0.8 0 0 0 0.2 14.600000000000001 0 0 0.4 0 0 0.6000000000000001 0 0 0.4 0 0 0 0 0 0 0 0.4 0 0.4 0.2 0 0 0 0 0.2 0 1.4000000000000001 0 0 0 0 0 0 0 0 0 0 2.8000000000000003 0 0 0 0 0 0 0 0 0.2 8.6 7 4.800000000000001 8.6 0 0 2 0 5.4 0.2 2.6 0 8 3.2 7 4.4 0 0.2 3.6 0 0 0 0 0 0 0 1.4000000000000001 0 0 0 0 0 3.2 2.6 7.4 0 0 0 0 4.4 0 0 3.8000000000000003 0 0 0 0 0 0 0 0 0 0 0 1 0 0 0 0 0 0 0 0 0 0 0 0 0 0 0 0 0 0 0 0 2 0 0 0 0 4.4 2.8000000000000003 0 0.2 0 1.6 2.4000000000000004 7 0 5.2 0 3.4000000000000004 5.2 2.2 1.6 15.200000000000001 11.8 11.4 2 0 0 0 0 0 0 0 2.6 0 0 0 0 0 0 0 7.4 0 0 0 0 8.8 0 0 0 0 0 0 0 0 0 0 0 0 0 0 0 0 0 0 3.4000000000000004 0.2 0 0 0 0 0 0.4 0 0 0 0 0 0 0 0 1 0 0.4 1.6 0 0 8.6 0.2 0 0 0 0 0 0 0 0 0 0 0 0 0 0 0 0.4 0 2.8000000000000003 0 3.2 0 0 0 0 0 0 0 0 
 0.4 0.8 0.4 0.4 0.4 0.4 0.4 0.4 0.4 15.200000000000001 0.4 0.4 0.4 0.6000000000000001 0.4 0.4 0.8 0.4 0.4 0.4 57.6 24.6 0 66.4 26 20 14.4 21.8 14.8 24 53.800000000000004 29.8 36.2 39.6 68 59.400000000000006 8.4 16.6 21 80.80000000000001 0 0 0 0 0 0 0 0.6000000000000001 0 0 0 0.2 12.8 0 0 0.2 0 4.4 13.200000000000001 0 0 0.4 1 0.6000000000000001 0 0 9.4 0 0 0 0 0.4 0.6000000000000001 0 0 0 0 10 0 0.4 0 0 0 0 0 0 0 0 0 0 0.2 0 0.4 0 0 0 0 0 0 0 3.2 4.4 7.4 0 7 2.6 0.2 6.800000000000001 2.6 0 7.6000000000000005 2.4000000000000004 2.8000000000000003 3.8000000000000003 1.4000000000000001 1.8 0 5.800000000000001 0.4 5.4 0.2 0.4 0 0 0 0 4.6000000000000005 0 0 0 0 0 0 0 0 0 0 0 2.8000000000000003 5.800000000000001 0.2 0 0.6000000000000001 0 0 0 0 0 0 0 0 0 0 0 0 0 0 0 0 0 0 0 0 0.2 0 2.6 0 0 0 0 0 0.4 0 0 0 0 0 0 0 0 6 0 1.6 6.6000000000000005 5.4 0 0.2 2.2 3.8000000000000003 2.4000000000000004 0 2.2 0 0.2 3 5 1.6 2.2 0 0.2 0 0 0 0 0 0 0 0 0 0 0 0 3.8000000000000003 0.4 4.6000000000000005 0 0 0 4.2 6.6000000000000005 0 6.6000000000000005 0.2 0 0 0 0 0 0 0 0 0 0 0.4 0 0 0 0 0 0 0 0 0 0 0 0 0 0 0.2 0 0.2 0 0 0 0.6000000000000001 0 0 8.200000000000001 15.600000000000001 0.2 0 0 0 0 0 0 0 0 0 0 0 0 0 0 0 0 0 0 0 0 0 0 0 0 0 0 1.4000000000000001 0 0 0 
 0 0.6000000000000001 0 0 0.2 0 0 0 0 14.600000000000001 0 0 0.4 0.4 0 0 0 0 0.2 0.6000000000000001 38.6 29.8 66.4 0 28.6 18.8 56.400000000000006 56 30.200000000000003 30.400000000000002 31 7.4 24.200000000000003 41.2 32.6 40.800000000000004 33.800000000000004 45.2 30.8 83.60000000000001 4.4 0.4 0 0 0 0 5.800000000000001 42.2 0 0 0 0.4 0 0 0 0.2 12.600000000000001 0 0.6000000000000001 12.4 0 0.6000000000000001 0 0 0 0 0 0 0 0 0 0.4 0 0 0 0 0 0 0.4 0.4 0 0 0 0 0 0 0 0 0 0 0 0 0 0 0 0 0 0 0 0 0.2 1.4000000000000001 0 0.6000000000000001 5 0 1.4000000000000001 0 9.600000000000001 2.6 0 2.6 3.8000000000000003 4.2 6.800000000000001 3.8000000000000003 4.800000000000001 4.800000000000001 3.4000000000000004 4 1.6 0 0 0 0 0.4 0.2 1.8 1.2000000000000002 0 0 0 2.4000000000000004 2.2 0 0 0 2.6 0.4 11.8 0 0 0 0 0.4 0 0 0 0 0.2 0 0 0 0 2.4000000000000004 0.8 0 0 0 0 0.2 0 0 0 0 0.2 0 0 0 0 0 0 0 0.4 0 0 0 0 0 0 2.6 2.8000000000000003 2.6 3 5.800000000000001 0 6.2 2 4.2 7.6000000000000005 4.800000000000001 0 0 3.2 0.2 2.8000000000000003 3.4000000000000004 4 0 2.6 0 0 0 0 0 0 2.4000000000000004 0.2 0 0 0.2 0 0 0.2 0 0 0 0 0 9.4 0 0 0.4 0 0 0.2 0 0 0 0 0 0 0 0 0 0 0 0 7 0 0 0 3.8000000000000003 0 0 0 0 0.2 0 0 0 0.2 0 0 1.6 0 0 8.8 1 0.8 3.2 0.4 0 0 0 0 0 0 0 0 0 0 0 0 0 0 0 0 0 0 0 6.4 0 0 0 0 0 0 0 0 
 0 0 0 0.6000000000000001 0 0 0 0 0 0 0.2 0 0 0 0 0 0 0 0 0 19 6 26 28.6 0 11 29 17.6 14 16.6 32.4 9 16.8 69.60000000000001 34.4 29.8 26.6 26 11.200000000000001 15.4 5 0 0 0 1 0 6.4 0.6000000000000001 0 0 0 0.4 2.2 0 14.4 0 1.4000000000000001 0.6000000000000001 5.6000000000000005 0.2 0 0.6000000000000001 0.2 0 0 0 0 0 0 0 0 0.4 0 0 0.8 0.2 0 0 0.8 0.4 0 0 0 0 0 0 0 0 0 0 0 0 0 0 0 0 0 0 3.6 0 1.8 1.8 13.200000000000001 2.2 4.4 0 0 0 0.2 3.2 7 0.2 0 0 3.6 4.4 0 4.4 0 0 5.800000000000001 0 12 1.2000000000000002 0 0 1.8 7.800000000000001 9.4 0 4 0 16.400000000000002 5.2 2.2 0 4.800000000000001 8.6 4.4 3 0 0 1.2000000000000002 0 0 0 0 0 0 0 0 0 0 0 0 0 0 0.2 0 0 0 0 0 0 0.4 0 0.4 0 0 0 0 0 0 0 0 0 0 0 0.2 0 0 0 0.2 3.2 4.4 1.6 4 1.8 0 4 2.2 0.4 0 0 2.4000000000000004 0 1.8 1.4000000000000001 0 0 2 1.8 0 0.2 0 0 5.2 0.4 0 0 0 0.4 0 0 0 1.6 3.8000000000000003 1.4000000000000001 3.8000000000000003 1.8 0 0 0 0 0 0 0 0 0 0 0 0 0 0 0 0 0 0 0 0 0 0 6 0 0 0.4 0 0 0 0 0 0 0 0 1.4000000000000001 0 0 25.6 0.2 0.4 2.6 0 0 0 0 0 0 0 0 0 0 0 0 0 0 0 0 0 0 0 0 0 0 0 3 0 0 0 0 0.8 
 0 0 0 5.6000000000000005 0 0 0.6000000000000001 0 0 0 0.6000000000000001 0.6000000000000001 0 0 0 0 0.8 0 0 0 10.200000000000001 9.8 20 18.8 11 0 8.8 4.4 14 20 57 26 52.800000000000004 58.800000000000004 15.4 28.400000000000002 27.200000000000003 14.600000000000001 7.6000000000000005 9.4 0.2 0 13 0 0.4 0 0.4 11.4 0 5.800000000000001 0 1.4000000000000001 0 0 0 13.600000000000001 3.6 0 0.6000000000000001 13.8 0 0.4 0 0.8 0 0 0 0 0 0 0 0.4 0.2 0 0 0 0 0 0.6000000000000001 0.4 0 0 0 0.4 0 0 0 0 0 0 0 0 0 0 0 0 0.2 0 0 0 0 0 0.4 0 4.4 0 0 0 0 0 3 0.4 0 0 0 1.8 2.4000000000000004 2 0 1.2000000000000002 0 3.8000000000000003 2.2 0.6000000000000001 0 0 3 3.4000000000000004 0.4 0 0 0.4 0 4.4 4.800000000000001 9.600000000000001 4 2.8000000000000003 2.6 4.800000000000001 0 3 0 0 0 0 0 0 0 0 0 0 0 0 0 0 0 0 0.2 4.4 0 0 0 0 0 0 0 0 0 0 0 0 0 0 0 0 0 0 0 0 0 0 0 2.2 1.4000000000000001 2.6 0 2 0 2 0 0.6000000000000001 0 0 0 0 2 1.6 0 0 2.4000000000000004 0.4 0 0 0.2 0 0 4.4 6.6000000000000005 0 0 0 0.2 10.200000000000001 2.2 2.2 2.8000000000000003 0 0 0.2 0 0 0 0 0.2 0 0 0 0 0 0 0 0 0 0 0 0 0 0 0 0 0 3 0 0 0 0 0 0 0 0 1.2000000000000002 0 0 1.6 3.4000000000000004 0 0.2 1 0.4 2.4000000000000004 0.2 0 0 0 0 0 0 0 0 0 0 0 0 0 0 0 0 0 2.8000000000000003 0 0 0 0 2.4000000000000004 1.8 0 0 0 0 
 0 15 16 0.4 32.6 14.8 0 0 10.4 0 1.8 15.4 0 0 0.2 0 4.6000000000000005 14.8 14.8 0 54.2 13.8 14.4 56.400000000000006 29 8.8 0 28.200000000000003 90 8 6.4 6.800000000000001 80.4 60.800000000000004 22 7 9.600000000000001 62.800000000000004 59.800000000000004 15 0 0 0 0 0 0 0 0.6000000000000001 0 0 0 0.4 0 0 0 0.4 0 0 0.6000000000000001 0 0 0.4 0 0 0 0 0 0 0 0.4 0 0.4 0 0 0 0 0 0 0 0.4 0 2 0 6.4 5.6000000000000005 0 1.4000000000000001 0 0 0 0 0 0 0 0 6.800000000000001 0.2 0 0 0 4 1.6 0.6000000000000001 8.200000000000001 0 3 0 11 2.8000000000000003 7.4 4.4 2.2 0 0.2 1.8 7.2 2.4000000000000004 5.2 2.2 3.8000000000000003 0 0 0 0 0 0 0 0 0 0 0 0 0 0 0 0 0 0 0 0 0 3.2 0 0.2 0 0 0 0.2 0 0.8 0 0 0 0 0 0.6000000000000001 0 0 0 1.2000000000000002 0 0 0 13 14.200000000000001 4 0 0 0 0 0 2 0 0 0 0.8 0 0 0 0 2.6 4.800000000000001 7.800000000000001 4.800000000000001 2.4000000000000004 1.6 6.4 2.2 11.4 6.2 3.8000000000000003 0 0 10.200000000000001 10 0 0 1.4000000000000001 1 4.6000000000000005 0 0 0 0 0 0 0.2 0 0 0 0 0 0 0 0 0 0 0 5.2 0 0 0 0 0 0 0 0 0 0 0 0 0 0 0 0 0 0 0 4.2 0 0 0 0 0 0 0 15.600000000000001 0 0 15.600000000000001 0 0 0 0 1 0 0 15 0 0.4 0 1.8 3.4000000000000004 0 0 0 0 0 0 0 0 0 0 0 0 2.2 0 0 0 0 0 2.4000000000000004 0 0 0 0 0 0 0 0 
 0 0 0 15.200000000000001 29.400000000000002 25.200000000000003 0.4 1 1.6 0.4 0 12.8 0 0 0 0 0 1.6 0 0 86 76.60000000000001 21.8 56 17.6 4.4 28.200000000000003 0 33.4 7.4 7 67.2 41.6 15.600000000000001 31.400000000000002 7.6000000000000005 8.6 67 28.400000000000002 33.4 0 0 0 0 0 0 0 0.6000000000000001 0 0 0 0 0 0 0 0 0 1.2000000000000002 0.6000000000000001 0 0 0.4 0 0 0 0 0 0 0 0.2 0 0.4 0.4 1 0 0 0 0 0 1.2000000000000002 0 0 0 0 0 0.2 0 0.2 0.2 0 1.6 3.8000000000000003 0 0 0.2 0 0 0 0 0 7.800000000000001 2.2 2 4 2.6 2 2 5.2 2.4000000000000004 4.2 0 3.8000000000000003 7.4 3 0.4 0.2 5.800000000000001 0.2 0 0 0 0 1.6 0 0 0 0 1.2000000000000002 0 0 0 0 5 0 0 0 0 0.6000000000000001 0 0.2 0 0 0 0 0 0 0 0 0 1 0 0 0 0 0 2 0 0 0 0 2.4000000000000004 0 0 0 0 3.8000000000000003 0 0 0 0.6000000000000001 0 0 0 0 0 0.4 0 0.2 0 0 7.4 8.6 0.2 0.2 0.2 0 2.6 3.6 0.2 1.8 2 2.2 2.6 3.8000000000000003 0 4.6000000000000005 3.6 5.6000000000000005 1.8 1.8 0 0 0 0 0 0 2 0 0 0 0 2.4000000000000004 6.4 0 2 0 0 0 0 2.4000000000000004 0 0 0 0 0 0 0 3.6 0 0 0 0 0 0 0 0 0 0 0 0 0 0 0 0 0 0 0 0 0 0 0.6000000000000001 0 0 0 0.6000000000000001 0 0.2 0 15.200000000000001 0 0 3.4000000000000004 0 0 0 0 0 0 0 0 0 0 0 0 0 0 0 0 0 0 0 3.2 0 0 0 0 0 0 0 0 
 0 0 14.4 0 19.6 16.2 0 0.4 0.4 0 15.8 1.4000000000000001 0 0.2 0 0 0 0 0 0 6.2 81.4 14.8 30.200000000000003 14 14 90 33.4 0 11 7.2 23.6 97.60000000000001 31.200000000000003 40.2 9.8 21.200000000000003 48.400000000000006 72.8 26.400000000000002 0 0 0 0 0 0 0.4 41.800000000000004 0 0 0 0.2 0 0 0 0.2 41.2 0 0.6000000000000001 0 5.800000000000001 0.4 0 0 0.8 0 0 0 0 8 0 0.4 0 0 0 0 0 0 0 0.4 0 0 0 0.4 2.6 2.2 0 0 0 0 0 0 0 0 0 0 0.2 0 0 0 1.8 0.2 3 7.800000000000001 2 0 1.4000000000000001 9.600000000000001 7.800000000000001 5 2.4000000000000004 2 2.2 0.6000000000000001 2.4000000000000004 2.2 1.2000000000000002 0.2 2 5.800000000000001 0 0 0 0 0 0 0 0 0 0 0 0 3.8000000000000003 3 6.800000000000001 0 0 0 0 2.8000000000000003 0 0 0 0 0 0 0 0 0 0.6000000000000001 0 0 0 0 0.4 4 0 0 0 0 0 0 0 0.8 2.6 0 0 0 0 0 0 2.2 0 0 0 0.2 0 3 0 0 0 7.4 3 1.8 0 1.4000000000000001 8.6 1 13.4 8.200000000000001 2.4000000000000004 5.800000000000001 1.6 3 3.8000000000000003 0 5.6000000000000005 8.6 1.4000000000000001 5.6000000000000005 0 0.4 0.2 0 0 0 2.8000000000000003 0 0 0 0 0 0 0 0 0 0 0 3.8000000000000003 7.6000000000000005 0 0 0 0 0 0 0 0 0 0 0 0 0 0 2 0 0 0 3 0 0 0 0 0 0 0 0.2 0 0 0 0 0 0 0 0.6000000000000001 0 0.2 2 0 0.4 0 2.8000000000000003 2.4000000000000004 0 0 0 0 0 0 0 0 0 0 0 0 0 0 0 0 3.2 0 4.2 0 0 0 0 0 0 0 0 
 0 0.8 0 0 0.2 0 0.2 0 0.4 0 0.4 0 0 0 0 0 0.4 0.4 0 0 11.4 21.200000000000003 24 30.400000000000002 16.6 20 8 7.4 11 0 31 49.800000000000004 11.600000000000001 25.8 33.800000000000004 25.6 12.4 22 12.200000000000001 77.60000000000001 12.8 0 0 0.4 0 0 0.2 0.6000000000000001 0 0 0.4 0.2 4 0 12.4 0.2 0 0 15 13 0 0.4 0 0 0.4 0 0 0.4 0.4 0 0 0.4 0.8 0 0 0 0 0 0 0.4 0 0.2 0 0 0 0 0 0 0 0 0 0 0 0 0 0 0 0 0 1.2000000000000002 0 2.6 0 2.6 0 5.2 0.2 3.4000000000000004 7.4 0 17 4.2 2.6 2.4000000000000004 3.2 4.6000000000000005 0 0.6000000000000001 3 2.6 0 0 0 0 0 0 1 8 0.2 0 0 0 3.6 2.2 2 0.4 0 4 0 0 0 0 0 1.6 0 0 0 0 0 0 0 0 0 0 0.4 0 1.6 0 0 0 0.6000000000000001 0 0 0 3.4000000000000004 0 0 0 0 0.8 0 0 0 0 0 0 1.2000000000000002 0 0 0 2.8000000000000003 0 0 1 5 1.6 0 0 0 5.2 3.8000000000000003 0.2 0 3 0 0 8.4 0.8 0 0 2 0 0 1.4000000000000001 0 0 1.8 0 0 0 0 0 0.4 2.6 3.6 0.2 2.4000000000000004 0 4.6000000000000005 0 0 0.2 0 0 0 0 0 0 0 0 0 0 0 0 0.4 0 0 0 8.6 0 0 0 0 0 0 0 0 0 0 0 0 0 0 0 2 0 0.2 0 0.6000000000000001 0 0.6000000000000001 0 0 0 0 0 0 0 0 0 0 0 0 0 0 0 0 0 0 4 0 2.2 0 0 0 2.8000000000000003 1.6 0 0 0 
 0 0 0 0 0 0 0 0 0 0 0 0 0 0 0 0 0 0.4 0 0 36.6 52.2 53.800000000000004 31 32.4 57 6.4 7 7.2 31 0 57 7.6000000000000005 34.4 43.400000000000006 16.400000000000002 72.60000000000001 36.6 21.6 54 12.8 0 0.6000000000000001 13 0 0 0.4 0.6000000000000001 0.2 0.4 0 0.4 13.200000000000001 0 0 0.2 0 0.2 28 0.6000000000000001 0 0.4 1.4000000000000001 0 0 0 0 0 0 0 0 1 0.4 0 0 0 0.4 0 0 0.4 0 0 0 0 0 0 0 0 0 0 0 0 0 0 0 0 0 0 0 0 0 6.800000000000001 7.2 0 3 0.4 0 2.8000000000000003 4 0.2 5 0.4 0 2.4000000000000004 5 4.2 0 2.6 0.6000000000000001 4.4 0.2 0 0 0 0 0 3.8000000000000003 0 0 0 0 0 4 0 0 0 0 0 10.600000000000001 0 4 0 1.6 2.8000000000000003 0 0 0 0 0 0 0 0 0 0 0 0.8 0 0 0 0 0.8 0 0 0 0.2 0 0 0 0 0 0 0 0 0 0.4 0 0.6000000000000001 0 0 0 4.6000000000000005 0 4.6000000000000005 9.4 8.6 3.4000000000000004 4.2 0 2.4000000000000004 0.2 7.6000000000000005 2 0 0 2.6 19.200000000000003 4.4 2 0 0 0.2 0 0.4 0 0 0 0.2 0 0 0 0 0 3.2 0 3.6 0 0 0 4.2 9 0 0 0 0 0 0 0 0 0 0 0 0 0 0 0 0 0 0 0 3 0 0 0 0 0 0 0 0 0.4 0 0 0 0 0.4 0.6000000000000001 0.2 0 18 15 0.2 0.4 0.4 0 0 0 0 0 0 0 0 0 0 0 0 0 0 0 0 0 0 0 0 0 0 0 0 1.6 0 0 0 
 0 1.2000000000000002 0 0 1.2000000000000002 0 0.4 0 0.2 0 0 0 0 0 0 0 0 0.2 0 0 35.4 35.800000000000004 29.8 7.4 9 26 6.800000000000001 67.2 23.6 49.800000000000004 57 0 7 7.800000000000001 7.800000000000001 6 82 18.400000000000002 5.4 9.200000000000001 0 0 0 0 0.4 0 0 0.6000000000000001 0 0 0 0.4 0 0 0 0.2 0 2 5 4.4 0 0.4 0 0 0 0 0 0 1.2000000000000002 0 0 0.4 0.4 0 0 0 0 0.6000000000000001 0 0.4 0 0 0 0 0 0 0 0 0 0 0 0 0 0 0 0 0 0 0 0 2.2 1.4000000000000001 6.800000000000001 0.2 3.2 1.6 0.2 0 0.2 5.2 4.6000000000000005 1.2000000000000002 0 0 1.2000000000000002 2.2 4.2 4.4 1.4000000000000001 0 0 0.2 0 0 0 0 11.8 0 0 0 0 0 0 1.4000000000000001 6.2 3 0 0 5 4 0 0 0.6000000000000001 0 0 0 0 0 3 0 0 0 0 0 0 0 0 0 0 0 0 0 0 0 1 0.2 0 0 0 0 0 0 0 0 0 0 2.4000000000000004 0 0 0 1.8 0 0 1.8 6 0 0 0 0 1.4000000000000001 6.2 5.4 0 0 2.4000000000000004 3.6 2.2 2.8000000000000003 2 0 0 0 4.2 0 0 0 0 0 0 0 0 0 1.2000000000000002 0 0 0 0 0 0 9.600000000000001 0 0 0 0 0 0 0 0 0 0 0 0 0 0 0 0 0 0 0 0 0 0 0.2 0 0 0 0 0 0 0 0 0 0 0 2.6 0 0.2 9.200000000000001 8.200000000000001 0 3.4000000000000004 0.4 0 0 0 0 2.4000000000000004 0 0 0 0 0 0 0 0 0 0 0 0 4 0 0 0 0 0 2.8000000000000003 0 0 0 0 
 0 7 14.600000000000001 0 0 17.2 0 0.4 0.4 0 0.4 0 0.2 0 0 4.4 14.8 15 0.4 0 24 27.400000000000002 36.2 24.200000000000003 16.8 52.800000000000004 80.4 41.6 97.60000000000001 11.600000000000001 7.6000000000000005 7 0 35.4 6.2 23.8 18.6 20.400000000000002 87.60000000000001 12 0 0 0 0 0 0 0 0.6000000000000001 0 0 0.2 0.4 0 0 0 0.2 0 0 0.6000000000000001 0 0 0.4 0.2 0 0 0 0 0 0 0 0 0.4 0 0 0.2 0 0 0 0 0.8 0 0 1.8 0.2 1.2000000000000002 2.4000000000000004 0 0 0 0 0.2 2.2 0 0 0.4 0 0 0 0 0 1.4000000000000001 0 0 6 4.6000000000000005 0 10.8 3.6 2.2 8.200000000000001 0 3.2 2.8000000000000003 2 0 0 4.4 1.8 3.6 0.6000000000000001 0 0 0 0 0 0 0 0 0 0 0 0 0 0 0 0 0 0 2.8000000000000003 6.6000000000000005 0 0 0 0 0 0 0 0 0 0 0 0 0 0 0.6000000000000001 0.4 0 0 0 0 0.4 0.4 0 0 0 1.8 0 0 0 6.800000000000001 1.6 1.6 0 0 3 1.6 0 0 0 0 2 5.2 0 2.8000000000000003 0.2 0 0.4 3.8000000000000003 1.8 6.800000000000001 1.8 0 6.6000000000000005 0.2 0.2 5 3.6 2.4000000000000004 2.2 5 0 0 0 0 0 0 0 0 0 0 0.4 0 0 0 0 0 0 1.6 4 5.2 0 0 0 0 0 0.4 0 0 0 0 2.4000000000000004 0 0 0 0 0 0 0 0.2 0 0 0.2 0 0 0 0 0 0 14.600000000000001 0 2 0 0 0 1.4000000000000001 0 0.4 0.8 0 0.4 0.6000000000000001 0.2 0.2 0 0 0 1.4000000000000001 0 0 0 0 0 0 0 0 0 0 0 0 0 0 2.4000000000000004 0 0 0 0 0 0 0 0 
