 0 34.2 54.400000000000006 14.200000000000001 53.800000000000004 9.200000000000001 45.400000000000006 26 29.200000000000003 7.4 5.2 8.4 53 9.8 7.800000000000001 53.2 15.600000000000001 40.800000000000004 31.8 10.600000000000001 0 0 0 0 0 0 0.4 0 0 0 0 0 0 0.4 0 0.6000000000000001 0.4 0 0.6000000000000001 0.2 0 0 0 12.200000000000001 0 0 0 0 12.600000000000001 0 0.2 0.6000000000000001 0 0 0 0 0 0 0.2 0 10.600000000000001 0.4 0 0 0 0 0 0 0.4 0.4 0 0 0 0 0 0 0 0.4 0 0 8 0 3 1.6 0 0 7 0.2 0 1.8 0 0 8.4 0.2 2.8000000000000003 0 5.6000000000000005 0.4 1.4000000000000001 5.800000000000001 0 0 0 0 0 0 0 0 0 0 0 0 0 0 0 0 0 0 6 0 0 0.4 0 0 0 0 0 0 0 0 0 0 0 0 0 0 0 0 0 0 0 0 0 0 0 1.6 0 0 0 0.4 0 0 0 4.6000000000000005 0 0 0 0 0 0 3 0 2.4000000000000004 4 0.6000000000000001 2.8000000000000003 3.6 0 3.2 6 0 3 3.6 5.2 3.6 5.4 0.2 0 1.6 0 0 0 0 0 0.4 0 0 0 4 0.4 0 0 0.4 0 0 0 0 0 0 0 0 0 0 0 0 0 0 0.4 0 0 1.4000000000000001 0 0 0 0 0 0 0 0 0 0.2 0 0 0 0 0 0 0 0 0 0 0 0 0 0 0 0 0 0 0 0 0 0 0 0 0 10.4 0 0.2 0.4 0.4 1.4000000000000001 0 0 0 0 0 0 0 0 0 0 3.6 0 0 0 0 0 0 0 0 0 0 0 0 0 0 0 0 0 0 0 0 0 0 0 0 0 0 0 
 34.2 0 15.8 31.6 20.8 7.4 50 40.2 65.2 16.2 9.8 6 10.200000000000001 27.400000000000002 31.200000000000003 27.6 49.800000000000004 10.200000000000001 25.6 25.6 0 0.2 0 0 0.4 0 0 0 0 0 0 0 0 0.4 0 16 0.4 0 0.6000000000000001 14.600000000000001 0 0 0 0 0 0 0 0 0 1 3.8000000000000003 0.6000000000000001 0 0 0 0 0 0 0.4 0.2 0.6000000000000001 0.4 0 0 0 0 0 0 0.4 0.4 0 0 0 0 0 0 0 0.4 0 0 4 0 1.6 1.8 4.4 0 0.2 0 2.4000000000000004 1.8 4.6000000000000005 0 5.2 2.8000000000000003 2.2 5.6000000000000005 3 2.6 0 4.6000000000000005 0 0 0 0 0 0 5 0 0 0 0 0 0 3 0 0 0 0 2.2 0 0 0 0 0 0 0 0 0 0 0 0 0 0 0 0.8 0 0 0 0 0 0 0 0 0 0 0 0 0 0 0 0 0 0 0.4 0 0.2 0 0 0 0.6000000000000001 0.2 3 6.4 0 0 0 0 0 3 3.2 3.6 0 0.4 0 0 4.2 0.8 2.6 2 0 0 0 0 0 0 0 1.4000000000000001 0 0 0 0 0.4 0 0 0 0 0 0 0.2 0 0 0 0 0 1.8 0 0 0 0 0 0 0 0 0 0.4 0 0 0 0 0.4 0 0 0 0 0 0 0 0 0 0 0 0 0 0 0 0 0 0 0 0 0 0 0 0 0 0.2 0.2 0 17.6 9.8 2 2.2 0 0 0.4 0 0 0 0 0 0 0 2.8000000000000003 0 0 0 0 0 0 0 0 0 0 0 0 0.4 5.800000000000001 0 0 0 0 0 0 0 0 0 0 0 0.2 0.4 
 54.400000000000006 15.8 0 38.800000000000004 37.6 25.8 73.2 13.4 41.800000000000004 17.2 24.400000000000002 57.800000000000004 54.2 12.600000000000001 23.8 51.800000000000004 44.400000000000006 46.800000000000004 14 21.8 14.8 0.2 0 0 0.2 0 15.8 0 0 0 0 0 0 0.4 0 0.6000000000000001 0.4 0 0.6000000000000001 0 1.2000000000000002 0.2 0 0 0 0 0 0 0.2 0 0.4 0.4 0 0 0 0 0 0 0.6000000000000001 0 0.4 0.4 0 0 0 0 0 0 0.4 0.4 0 0 0 0 0 0 0 0.4 0 0 2.8000000000000003 4 2 10.4 3.4000000000000004 5.4 0 0 0 2.4000000000000004 5.4 6.6000000000000005 0 2.8000000000000003 4.2 0 1.8 3.6 0 1.8 0 0 0 0 0 0 2.2 0 7.4 0 0 0 0.2 3 3 0 0.2 0 6.6000000000000005 2.8000000000000003 0 0 0 0 0 0 0 0 0 0 0 0 0 0 0 0 0 0.4 0 0 0 0 0 0 0 0 0 0.2 0 0 0 0 0.4 0 0 0 0 0 0 0 13.4 2.6 4.6000000000000005 3 4.6000000000000005 0 0 11 6.6000000000000005 4.4 0 8 0 4.4 2 6.800000000000001 2.8000000000000003 13.200000000000001 0 0 0 0 0 0 0 0 0.2 5.4 0 0 0.2 0 7.6000000000000005 2.2 0 0 0 0 6.4 2 0 0 0 0 0 0 0 0 0 0 0 0 0 0 0 0 0 0 0 0.4 0 0 0 0 0 0 0 0 0 0 0 0 0 0 0 0 0 0 0 0 0 0 0 0 0 0.4 0.2 0 18 0 0.2 0.6000000000000001 0.2 0 0 0 0 0 0 0 0 0 0 0 0 0 0 0 0 0 0 0 0 0 0 0 0.4 0 0 0 0 0 0 0 0 0 0 0 0 0 
 14.200000000000001 31.6 38.800000000000004 0 15.200000000000001 7.6000000000000005 43 48.2 31 71.2 34.6 31.400000000000002 47.400000000000006 94.60000000000001 30.200000000000003 25.200000000000003 15 59.400000000000006 38.400000000000006 13 0.2 0 0 0.6000000000000001 0.4 0 14.200000000000001 0 0 15 0.2 0 0 0.4 0 0.6000000000000001 0.4 0 0.6000000000000001 0 0 0.2 0 1 0 1.2000000000000002 1.4000000000000001 0 0.6000000000000001 0 0.4 0.4 0 0 0 0 0 0.8 0.6000000000000001 0 0.4 0.4 0.4 0.4 0 0.2 0.4 0 1 0.4 0.2 0.2 0.2 0 0 2.4000000000000004 10.8 0.4 0 0.2 2 3.4000000000000004 2.6 9.600000000000001 2 2.4000000000000004 1.8 4 2.8000000000000003 2 1.8 0.6000000000000001 0.4 8.8 6.800000000000001 4.2 2.2 6.800000000000001 2.6 0.2 0.4 0 0 0 0 0.4 0 0 0 0 0 0 0 0 0 0 0 0 0 0 0 0 0 0 1.8 0 0 0 0 0 0 0 0 9 0 0 0 1.6 0 0 0 0 0 0 0.4 0.2 0 0 0 0 0 0 0 0 0 0 0 0 0 0.6000000000000001 3.2 0.2 0.2 4 4.4 5.6000000000000005 9.200000000000001 1.6 0 4.800000000000001 2.6 0 0 0 2 0.4 5.800000000000001 0 0 3.2 0 0 0 0 0 0 0 0 0 0 0 0 0 0 0 0.2 2 0.2 0 0 0.2 0 0 0 2 0 0 0 0 0 0 0 0 0 0.4 0 0 0 0 0 0 0 0 0 0 0 0 0 0 0 0 0 0 0 0 0 0 0 0 0 0 0 0 0 0 0 0.8 0 0.4 18.2 0.4 0.6000000000000001 4.2 0 0 0 0.4 0 0 0 0 0 0 0 0 0 0 0 0 0 0 0 0 0.4 0 3.2 2.2 2.2 0 0 0 0 0 0 0 0 0 0 0 0 
 53.800000000000004 20.8 37.6 15.200000000000001 0 93.60000000000001 7.800000000000001 10 31.8 56.6 34.2 16.6 12.4 17.8 39.6 29 18.2 33.6 19.400000000000002 57.800000000000004 15 21.400000000000002 0.2 0 0 0 31 0 0 0 0 0.6000000000000001 0 22.400000000000002 45.800000000000004 1.2000000000000002 0.6000000000000001 0 15 7.2 0 0.8 0 0 0 0 0 0 12.600000000000001 0 0.4 0.6000000000000001 7.4 0 0 0 0.6000000000000001 0.6000000000000001 0.6000000000000001 0 0.6000000000000001 0.6000000000000001 0 0.4 0 0 0 1.4000000000000001 0.6000000000000001 0.8 0 0 0 0 3 0 0 0.4 0 0 0 2.4000000000000004 0 3.4000000000000004 5.2 0.6000000000000001 0 0 2.8000000000000003 9.8 3.4000000000000004 1.6 0 3.6 2.4000000000000004 0 0.4 5.6000000000000005 0 0 8.8 0 0 0 0 0 0 2.8000000000000003 3.4000000000000004 0 0 0 2.2 2 1.2000000000000002 0 0 2.6 12.200000000000001 5.800000000000001 0 0 0 0 0.2 1.8 0 0 0 0 0 0 0 0 0 0 5.2 0 0 0 0 0 0 0 0 0.8 0 0 0 0 0 0 0 0 0 0 2 0 0 0 3.8000000000000003 2.6 0 4.6000000000000005 0 4.6000000000000005 2 1 5.2 2.8000000000000003 5 2.6 0 6 4.2 2.4000000000000004 0.2 4.4 0 0 0 0 0 0.2 0 0 6.2 2.8000000000000003 0 0 0 0 2 3.8000000000000003 9.200000000000001 0 0 0.2 5.4 8 0 0 0 0 0 0 0 0 0 0 0 0 0 0 0 0 0.2 0 0 0 0 0 0 0 0 0 0 0 0 0 0 0 0 0 0 0 0 0 0 0 0 3.4000000000000004 0 0 0 0.8 11.600000000000001 0 0.2 0.6000000000000001 2.8000000000000003 1.4000000000000001 0 0 0 0 0 0 0 0 1.8 0 0 0 0 0 0 0 0 0 0 0 0 0 0 0 2.8000000000000003 1.6 0 0 0 0 0 0 0.2 0 0 0 0 0 
 9.200000000000001 7.4 25.8 7.6000000000000005 93.60000000000001 0 8.4 6.800000000000001 4.800000000000001 31.200000000000003 50.6 27.8 9 12.8 11 35.2 10 9.4 10 9.200000000000001 0.2 0.4 0.2 0.4 0.4 7 11.200000000000001 0.2 0.4 0.2 0.4 0.6000000000000001 0.2 1 15 1 13.600000000000001 0.4 5 30 0 0 0 0 0 0 0 0 0.2 0 0.2 0.4 0 0 0 0 0 0 0.6000000000000001 0 0.8 0.4 0.4 0.4 0.4 0.4 0.4 1 0.8 1 0.2 0.4 0 0 0 0 0 0.8 0 0 0 0 3.2 0 6.800000000000001 0 0 0 0 0 0.2 0 0 0 1.8 0 0 2.2 0 0 0 0 0 1.6 0 0 9.4 4.6000000000000005 2 1.6 0 0 5 13.200000000000001 2 1.6 2.2 0.2 4.6000000000000005 0.2 0 0 0 0 0 0 0 0 0 0 0 0 0 0 0 0 0 0 0 0 0 1 0 0 0 0 0 0 0 0 0.2 0 0.6000000000000001 0 0 0 0 0 0 0 0 0 2.4000000000000004 1.8 2.8000000000000003 1.8 0 0 2.8000000000000003 2.8000000000000003 2.2 0 0 0 0 2.6 0 0 0 0 0 0 0 0 0 0 3.4000000000000004 0 0 0 0 0 0 2 0.2 4.2 0 0 3.2 1.4000000000000001 0 0 0 0 0 0 0 0 0 0 0 0 0 0 0 0 0 0 0 0 0 0 0 0 0 0 0 0 0 0 0 0 0 0 0 0 0 0 0 0 0 0 0 0 0 0 0.6000000000000001 0.2 17.400000000000002 0.2 2.4000000000000004 2.2 0 0 0 0 0 0 0.2 0 0 0 0 0 0 0 0 0 0 0 0 0 0 0 0 3 2 0 0 0 0 0 0 0 0 0 0 0 0 0 
 45.400000000000006 50 73.2 43 7.800000000000001 8.4 0 62.400000000000006 72.8 23.6 51.2 12.600000000000001 53.2 78.80000000000001 6 16 55.800000000000004 23.8 11.8 49 0 0.4 0 0.2 0 0 0 0 0 0.4 0 0.4 0 0.4 0.2 0.6000000000000001 0.4 0 0.6000000000000001 0.2 0 0.4 0 0 0 0 0 0 0.6000000000000001 0 0.4 0.6000000000000001 0 0.6000000000000001 0.2 0 0 0 0.6000000000000001 0 0.4 0.4 0 0 0 0 0 6.2 0.4 0.8 0 0.6000000000000001 0 0 0 0 0 0.4 0 0 8.6 7.800000000000001 3.4000000000000004 5.6000000000000005 0 3.4000000000000004 2 4.4 3 0.2 0 3 3.2 0 6.2 3.8000000000000003 4.4 3 0 5.2 0 0 0 0 0 0 0 0 0 0 0 0 0 0 0 0 0 0 0 0 0 0 0 0 0 0 0 0 0 0 0 0 0 4.6000000000000005 0 0 0 0 0 0.4 0 0 0 0 0 0 0 0 0 0 0 0 0 0 0 4.800000000000001 0 0 0 0.4 5.2 2.4000000000000004 2.2 1.4000000000000001 3 3.2 0.2 2 0.2 4 0 2.6 2.4000000000000004 0 1 5.800000000000001 4.4 14.8 5 1 0.2 0 0 0 0 0 0 0 0 0 0 0 0.2 0 0 0 0 0 0 0 0 0 0 0 0 0 0 0 0 0 0 0 0 0 0 0 1.2000000000000002 0 0 0 0 0 0 0 0 0 0 0 0 0 0 0 0 0 0 0 0 0 1.4000000000000001 0 0 0 0 0 0 0.2 0.2 0 0.6000000000000001 1.6 0.4 0 3.4000000000000004 0 0.4 0 0 0 0 0 0 0 2.8000000000000003 0 0 0 0 0 0 0 0 0 0 0 0 0 0 0 0 0 0 0 0 0 0 0 0 0 0 0 
 26 40.2 13.4 48.2 10 6.800000000000001 62.400000000000006 0 31 13.4 8.200000000000001 5 40.2 29 5.6000000000000005 7.6000000000000005 8 29.6 76.2 44.6 0.2 0 0 0.6000000000000001 0 0 0 0 0 0 0.2 0 0 1 0.4 0.6000000000000001 0.4 0 0.6000000000000001 0.2 0 0.6000000000000001 0 11 0 0 0 0 0.6000000000000001 0.6000000000000001 1 1 0 0 0.6000000000000001 0 0 0 0.6000000000000001 0.6000000000000001 0.4 0.4 0 0 0 0 0 0 0.6000000000000001 0.4 0.2 0 0 0.2 0 0 0 0.4 0 0.6000000000000001 4.2 7.2 4.800000000000001 6.800000000000001 0 2.8000000000000003 3.8000000000000003 12.4 1.6 2 0.2 0 7 2 3.2 4 1.2000000000000002 4.6000000000000005 0 12.8 0 0 0 0 0 0 0 2.4000000000000004 0 0 0 0 2.2 0 0 0 0 0 0 0 0 0 0 0 0 0 0 0 0 0 0 0 0 4.2 0 0 0 0 2.6 0 0 0 0 0 0 0 1.2000000000000002 0 0 0 0 0 0 0 0 0.2 0 0 0 0.2 2.2 3.6 0 0.4 3 0 0 4.6000000000000005 0 5.4 0.4 0 0 3.8000000000000003 3.4000000000000004 6.2 1 4.2 6.800000000000001 0 0.2 0 0 0 0 0 0 0 0 0 0 0 0.2 0 0 0 0 0 0 0 0 0 0 0 0 0 2 0 0 0 0 0 0 0 0 0 0 0 0 0 0 0 0 0 0 0 0 0 0 0 0 0 0 0 0 0 0 0 0 0 0 0 0 0 0 0 23.6 0 0 2.2 0 4.4 3.4000000000000004 0 0 0 0 0 0 0 0 0 0 0 0 0 0 0 0 0 0 0 0 0 0 0 3.6 0 0 0 0 0 0 0 0 2 0 0 0 0 
 29.200000000000003 65.2 41.800000000000004 31 31.8 4.800000000000001 72.8 31 0 48.2 53.400000000000006 43 49.2 75 21.400000000000002 38 115.60000000000001 5.4 57.2 15 0 0 0 0 0 0 0.4 0 0 0 0 0 0.2 0.6000000000000001 0 0.6000000000000001 0.4 0.2 0.6000000000000001 0 0 0 0 0 0 0 0 0 5.4 0 0 0.6000000000000001 0 0 0 0 0 0 0.4 0 0.6000000000000001 0.4 0 0 0 0 10.4 0 0.4 0.4 7.6000000000000005 0 0 0 0 0 0 0.4 0 0 0 1.6 5.6000000000000005 5.800000000000001 0 0 0 0 2.2 8.200000000000001 0 5 1 0 0.4 6.2 0 26.400000000000002 0 0 0 0 0 0 0 0 0 0 0 0 0 0 2 0.2 0 0 0 0 6.800000000000001 0.4 0 0 0 0 0 0 0 0 0 0 0 0 0 0.2 0 0 0 0 0 0 0 0 0 0 0 0.2 0 0.4 3 0 0 0 3.8000000000000003 0 0 0 0 0.2 0 0 4.4 0 0.2 10.4 0 0 0 0 2.2 2.4000000000000004 0.6000000000000001 2.4000000000000004 0 2.6 2.6 8 5.6000000000000005 2.4000000000000004 4.4 0 3 0 0 0 0 0 0 3.2 0 0 0 0 3 2 0 0 0 0 0 0 0 0 0 0 0 0 0 0 0 0 0 0 0 0 0 0 0 0 0 0 0 2 0 0 0 0 0 0 0 0 0.2 0 0 0 0 0 0 0 0 0 0 0 0 0 0 0 35.800000000000004 0 0.8 43.2 0 1.4000000000000001 0 0 0 0 0 0 0 0 0 0 0 0 0 0 0 0 0 0 0 0 0 0 0 0 0 0 0 0 0 0 0 0 0 0 0 0 0 0 
 7.4 16.2 17.2 71.2 56.6 31.200000000000003 23.6 13.4 48.2 0 34.4 26.6 10 38.2 34 19.6 17 26.8 16.8 20.200000000000003 0 0.4 0 0.4 0.4 0 15.600000000000001 0 0 0 0 0 0.4 0.4 6.4 0.6000000000000001 0.4 0.4 0.6000000000000001 0 0.8 8 0 2.2 0 0 0 0 1 0 0.4 0.4 0 0.2 0 0 0 0 0.6000000000000001 0 0.8 12.200000000000001 0 0 0 0 0 0 0.6000000000000001 0.4 0.2 0 0.2 0 0 0 0 1 0.6000000000000001 0 3 2.6 6 2 0 0.4 2.6 7.6000000000000005 5.800000000000001 3.2 3.4000000000000004 2.2 2.2 5.2 0 8.6 0 1 3.2 0 0.2 0 0 10.4 0 0 3.4000000000000004 0 3.2 0 0 0 8.4 1.2000000000000002 1 0 0 0 0 2.8000000000000003 0 0 0 0 0 0 0 0 0 0 0 0 0 0 0 0 0 0 0 0.2 0 0 0 0 0 0 0 0.6000000000000001 0 0 0 0 2.8000000000000003 0.2 0 0 0 0 0 0 0.2 2 0 5 7 3.4000000000000004 2.6 1.8 0 0 0 0 0 0 0 0 5.800000000000001 3.8000000000000003 1 2.8000000000000003 0.2 0 0 0 0 0 0 6.6000000000000005 0 0 0 0 0.2 2 0 0 0.2 0.2 3.2 0 0 3 0.4 0 0.4 3 0 0 0 0 0 0 0 0 0 0 0 0 0 0 0 0.2 0 0 0 0 0 0 0 0 0 0 0 0 0 0 0 0 0 0 0 0 0 0 0 0 0.4 0 0 3 0.2 1.2000000000000002 0 0 15.200000000000001 0 0 0 0 0 0 0 0 4 0 0 0 0 0 0 0 0 0 0 0 0 3.4000000000000004 0 0 0 0 0 0 0 0 0 0 0 0 0 
 5.2 9.8 24.400000000000002 34.6 34.2 50.6 51.2 8.200000000000001 53.400000000000006 34.4 0 53.800000000000004 26.8 67.8 19.400000000000002 19.200000000000003 24.400000000000002 13.8 7.4 16.8 7.4 15.200000000000001 0 0 0.2 0 39.2 17.2 0 0 0 0 0 30 0 0.6000000000000001 0.4 0 34.2 0 0 0.4 0 1.2000000000000002 0 0 6.6000000000000005 0 0.2 0 0.4 0.6000000000000001 0 0 0 15.8 0 0 0.2 0 0.6000000000000001 0.4 0 0 0 0 0 0 0.4 1 0 0 0 0 0 0 0 0.6000000000000001 0 0 4.800000000000001 0 1 3.4000000000000004 0 4 2 3.8000000000000003 2.2 0 11.600000000000001 2.6 0 3.6 0 0 3.8000000000000003 7.4 2.2 0 5.2 0 0 0 0 0 2 0 5.6000000000000005 0 0 0 3.6 2.6 2 0 0 2.8000000000000003 2.8000000000000003 4.4 0 0.4 0 0 0 0 0 0 0 0 0 0 0 0 0 0 0 0 0 0 0 1.2000000000000002 0 4 0 0 6.2 0 0 0 0 0 0 0.4 0 0 0 0 0 0 0 0 0 3 11.600000000000001 1.4000000000000001 0.8 0 0 0 1.2000000000000002 0 0 0 0 0 0 1 0 3.6 0 0 0 0 0.4 0 0 2 0 2 3.4000000000000004 0 2.4000000000000004 3 0 2.2 2 2 3.6 6.4 1.8 0.2 0 0 0 0 0 0.2 0 0 2.8000000000000003 0 0 0 0 0 0 0.2 0 0 0 0 0 0 0 0 0 0 0 0 0 0 0 0 0 0.4 0 2.8000000000000003 0 0.4 0 0 0 0 0 0.6000000000000001 0 0 0.8 0.2 0 2.2 0 0 0 0 0 0 0 0 0 0 0 0 0 0 0 0 0 0 0 0 0 0 0 2 0 0 0 0 0 0 0 0 0 0 0 0 0 0 
 8.4 6 57.800000000000004 31.400000000000002 16.6 27.8 12.600000000000001 5 43 26.6 53.800000000000004 0 21.400000000000002 9.200000000000001 25.400000000000002 13 17.8 54.6 8.6 5.800000000000001 0 15 0 0 5.800000000000001 0.2 14.8 0 0 0 0 0 4.800000000000001 19.6 4.4 15.8 0.4 0 30.6 0 0 0.4 0 0 0 0 0 0 15.4 0 0.4 0.6000000000000001 0 21.6 0 0 0 0 0.4 0 0.6000000000000001 0.4 0 0 0 0 0 1.2000000000000002 0.4 0.4 0 0 0 0 1 0 0 0.4 0 0 0 3.4000000000000004 2.6 2.2 2.4000000000000004 3.4000000000000004 0 0 2.6 1.8 0 0 0 4.6000000000000005 5.4 0 0 2.6 0 0.2 2.8000000000000003 0 0 3.4000000000000004 3.2 0 0 2 0.2 0 0 0 0 1.4000000000000001 1.4000000000000001 0 0 0 5.800000000000001 0 0 0 0 0 0 0 0 0 0 0 3.2 0 0 0 0 0 0 0 0 0 0 0 0 0 0 0 0 1.4000000000000001 0 0.4 0 0 1 0 0 0 0 0 0 0 0 2.4000000000000004 2.8000000000000003 3.6 2.8000000000000003 3.6 1.8 1.6 4.2 3 2.8000000000000003 7.4 0 4 8.4 2 3 2 0 0 0 2.2 0 0 0 0 3 2.4000000000000004 0 0.4 0.2 0 3.8000000000000003 7.4 0 8 0 0 0.2 3.6 0 0 0 0 0 0 0 0 0 0 0 0 0 0 0 0 3.6 0 0 0 0.4 0 0 0 0 0 0 0 0 0 0 0 0 0.2 0 0 0 0 0 0 0 6.2 0 0 0 0.8 0.6000000000000001 0 0 0.2 0 1 0 0 0.4 0 0 0 0 0 0 0 0 0 0 0 0 0 0 0 0 0 0 0.4 0 0 0 0 0 0 0 0 0 0 0 0 0 0 0 0 
 53 10.200000000000001 54.2 47.400000000000006 12.4 9 53.2 40.2 49.2 10 26.8 21.400000000000002 0 67.2 62 22 22.400000000000002 25.8 22.200000000000003 62.400000000000006 0 0.6000000000000001 0.4 16.6 0.4 0.6000000000000001 0 0 0.6000000000000001 0.4 0 0 0.4 0.6000000000000001 0.4 0.6000000000000001 0.4 0.2 1.2000000000000002 0.4 0 0 0.4 0 0 0.6000000000000001 0 1.2000000000000002 0 0 0.8 0.4 0 0.6000000000000001 0 0 0 0.6000000000000001 0.6000000000000001 0 0.4 0.4 1 1.2000000000000002 1.2000000000000002 0 0.4 0 1 0.4 0.2 0 0 0 0 0 0 1 0 0 3.8000000000000003 0 4 2 4.6000000000000005 0 5 3.8000000000000003 5 0.4 6.6000000000000005 3 1.8 10.8 5 6.800000000000001 4.6000000000000005 5.4 0 6.6000000000000005 0 0 0 0 3.8000000000000003 0 0.4 0 0 0 0 0 0 0 0 0 0 0 0 0 0 0 0 0 7.6000000000000005 0 0 0 0 0 0 0 0.4 0 0 0 0 0 0 0 0 0 0 0 0 0 0 0 0 0 0 2.8000000000000003 0 0.2 0 0.2 0 0 0 0.6000000000000001 10.8 2.8000000000000003 3.8000000000000003 2.8000000000000003 0.2 0.8 6.4 3.8000000000000003 1.4000000000000001 0 4.4 0 0.2 4.6000000000000005 0 0 0 1.8 0.4 5.6000000000000005 0 0 0 0 0 0 0 0 0 0 0 0 0 0 0 0 0.2 0 0 0 0 0 0 0 0 0 0 0 0 0 0 0 0 0.4 0 0 0.4 0 1.4000000000000001 0 0 0 0 0 0 0 0 0 0 0 0 0 0 0 0 2.8000000000000003 0 0 0 5.4 0 3.6 0 0 0 0.2 2.8000000000000003 0 0.2 0 0.6000000000000001 0.2 0 0 0 0 0 0 0 0 0 0 0 0 0 0 0 0 0 0 0 0 0 0 0 11.200000000000001 0 4.2 0 0 0 0 0 0 0 0 0 0 0 0 
 9.8 27.400000000000002 12.600000000000001 94.60000000000001 17.8 12.8 78.80000000000001 29 75 38.2 67.8 9.200000000000001 67.2 0 45.6 9.8 48.6 26.6 56.800000000000004 77.2 0.4 0 0 5.2 0 6.4 0 0.6000000000000001 0 0.6000000000000001 0.2 0.4 0.6000000000000001 1 0 0.6000000000000001 0.8 0.4 0.6000000000000001 1 0.8 0 0 0 0.4 0 3 3 0 0 0.2 0.4 0.6000000000000001 2.4000000000000004 0 0 10.4 0 0.6000000000000001 0.2 0.4 0.4 0 0 0 0 0 0 0.6000000000000001 0.6000000000000001 0.2 0.2 1.6 1.2000000000000002 0 0 1.6 1.2000000000000002 0 0 4.2 0 8.4 0.4 0 0.2 3 4.800000000000001 2.4000000000000004 0 4.4 0.4 2.4000000000000004 7 0 0.2 0 3.4000000000000004 5 0 0 0 0 0 0 0 0 0 0 0 0 0 0 0 0 0 0 0 0 0 0 0 0 0 0 0 4.6000000000000005 0 0 0 0 0 0 0 0 0 0 0 1.2000000000000002 0 0 0 0 0 0 0 0 0 0 0 0 0 0 0 0 0 0 0 0 0 0 2.4000000000000004 2 3.2 0 0 7.800000000000001 0 0 0 0 0 0 2.8000000000000003 0 3.2 0 0 6 4.2 0 0 0 0 0 0 0 0 0 0 0 0 0 0 0 0 0 0 0 0 0 0 0 0 0 0 0 0 0 0 0 0 0 0 0 0 0 0 0 0 0.2 0 0 0 0 0 0 0 0 0 0 0 0 2 0 0 0 0 0 0 0 0 0 0 0 0 18.2 0.4 0.4 0 0 1.2000000000000002 0 0 0 0 0 0 6.2 0 0 0 0 0 0 0 0 0 0 0 0 0 0 0 0 0 0 0 0 0 0 0 0 0 0 0 0 0 0 0.2 
 7.800000000000001 31.200000000000003 23.8 30.200000000000003 39.6 11 6 5.6000000000000005 21.400000000000002 34 19.400000000000002 25.400000000000002 62 45.6 0 133 46 56.2 49.2 62.6 0.2 0.4 0 0 0 0 0 0 0 0.6000000000000001 0 0 0 0.4 0.4 0.6000000000000001 0.4 0 0.6000000000000001 0 0.8 0 0 0 0 0 0 0 0.4 0 0.2 0.4 0 0.8 0 0 0 0 0.6000000000000001 0 0.4 0.4 0 0 0 0.2 0 0 0.4 0.4 0 0 0 0 0 0 0 0.4 0 0.4 2.2 0.8 9.600000000000001 7 7.4 1 4 8 2.8000000000000003 5 1.6 3 2.4000000000000004 5.4 5.4 2.4000000000000004 0.4 3.2 2.6 0 0 0 0 0 0 0 0 0 0 0 0 0 0 0 0.2 0 0 0 3.6 0 0 0 0 0 3.8000000000000003 0 0 0 0 0 0 0 0 0 0 0 0 0 0 0 0 4 0.2 0 0 0 0 0.4 0 0 0 0 0 0 0 0.2 0 0 0 0.4 3.4000000000000004 0.4 7.4 5.6000000000000005 0 5.800000000000001 27 10 0.2 2.6 2.8000000000000003 6 0 5.800000000000001 2.2 0 0.2 5 0 6.6000000000000005 0 0 0 0 0 0 0 0 0 0 0 0 5.4 0.2 0 0 0 0 0.6000000000000001 0.2 0 0 0 0 2.8000000000000003 0 0 0 0 0 0 0 0 0 0 0 0 0 0 0 0 0 0 0 0 0 0 0 0 0 0 0 0 0 5 0 0 0 2.6 0 0 0 0 0 0 0.4 0.2 0.2 0 0.2 0 2.4000000000000004 0 0 0 0 0 0 0 0 0 0 0 0 0 0 0 0 0 0 0 0 0 0 0 3.6 0 0.8 0 0 0 0 0 0 0 0 0 0 0 0 
 53.2 27.6 51.800000000000004 25.200000000000003 29 35.2 16 7.6000000000000005 38 19.6 19.200000000000003 13 22 9.8 133 0 32.2 8.4 65 13.4 0.4 0 0 0 1 0.4 0 0.6000000000000001 0 0 0 0.2 0.4 0.4 0 1 0.4 0.6000000000000001 0.6000000000000001 2.2 0.2 0.4 0 0 0 0 0 0.6000000000000001 0 0 1.4000000000000001 0.6000000000000001 0.2 0.4 0 0 0 0.4 0.6000000000000001 0 0.6000000000000001 0.4 0 7.800000000000001 9.600000000000001 0 0 0 1.4000000000000001 0.4 1.2000000000000002 1 1.2000000000000002 0 0 0.4 0 0.4 0 0 0 8.4 0 2 6.4 4.2 0 3.8000000000000003 6.2 5.4 7.800000000000001 3.4000000000000004 0 10.600000000000001 3.6 3.6 4.2 1.4000000000000001 0 0 0 0 0 0 0 0 0.2 0 0 0.4 0 0 2.8000000000000003 2.4000000000000004 0 0 0 0 8 4.6000000000000005 0 0 0 0 2.6 0 0 0 0 0 0 0.4 0 0.4 2.8000000000000003 0 0 0 0 0 0 0 0 2.6 0 0 0 0 0 0 0 0 0 0 0 0 0 0 0 0.2 2 2.4000000000000004 2.6 8 0 0.2 1.8 9 1.4000000000000001 1 9.200000000000001 0.6000000000000001 0 4.6000000000000005 2.2 0 1 5.2 0 0 0.2 0 0 0 0 0 1.8 0 0 0 0 0 1 0 0 2 0 0 3.6 0 0 0 0 0 0 0 0 0 0 0 0 0 0 0 0 0.2 0 0 0 0 0 0 0 0.2 0 0 0 0 0 0 0 0 0 0 0.4 0 0 0 0 0 0 3.2 0 0 0 0.2 0.2 0.4 0.4 6 2.8000000000000003 0.8 0 4 0 0 0.2 0 0 0 0 0 0 0 0 0 0.4 0 0 0 0 0 0 0 0 1.8 4.6000000000000005 2 0 0 0 0 0 0 0 0 0 0 0 0 
 15.600000000000001 49.800000000000004 44.400000000000006 15 18.2 10 55.800000000000004 8 115.60000000000001 17 24.400000000000002 17.8 22.400000000000002 48.6 46 32.2 0 70.60000000000001 15.8 29.8 15 0 0 0 0 0 0 0 0 0 0 0 0 0.4 0 0.6000000000000001 0.4 0 0.6000000000000001 0 0 0.4 0 0 0 0 0 0 0 0 0.4 0.4 0 0 0 0 0 0 0.6000000000000001 1.4000000000000001 0.4 0.4 0 0 0 0 0 0 0.6000000000000001 0.4 0.2 0 0 0 0 0 0 0.4 0 0 3 11.200000000000001 0.2 5 0.2 0 0.2 1.8 6.4 3.8000000000000003 9.200000000000001 4 6 4.6000000000000005 3.8000000000000003 3 0 14.8 0 3 0 0.2 0 0 0 0 0 0 0 0 0 0 3 0 0 0 0 0 4.2 0 0 0 0 0 0 0 0 0 0 4 0 0 0 0.2 0 0 0 3.4000000000000004 0 0 0 3.4000000000000004 0 0 0.2 0 0 0 0 0 0 0 0 0 0.8 0 0 0 0 0.4 1.8 5.2 2.8000000000000003 6.4 0 0 2 3.4000000000000004 1.2000000000000002 0.6000000000000001 4 1.6 2.2 3.4000000000000004 2.2 0 2.4000000000000004 9 0 0 0.2 0 0 0 0 0 0 0 0 0 0 0 0.4 0 0 0 0 0 4.2 0.4 0.2 0 0 0 0 0 0 0 0 4.4 0 0 0 0 0.2 0 0 0 0 0 0 0 0 0 0 0 0 0 0 0 0 0 0 0 0 0 0 0 2.8000000000000003 0 0 3.4000000000000004 0 0 0 1.2000000000000002 0.6000000000000001 0.2 0.6000000000000001 1.4000000000000001 0 3.4000000000000004 0.2 0 0 0 0 0 0 0 0 0 0 0 0 0 0 0 0 0 0 0 0 0 0 0 0 0 0 0 0 0 0 0 0 0 0 0 0 0 
 40.800000000000004 10.200000000000001 46.800000000000004 59.400000000000006 33.6 9.4 23.8 29.6 5.4 26.8 13.8 54.6 25.8 26.6 56.2 8.4 70.60000000000001 0 21.400000000000002 9.8 0 0 0 0.4 0 0 0 0 0 0.4 0 0.8 0 0.4 0 0.6000000000000001 0.4 0.2 0.6000000000000001 0 1 0.2 0 0 0 0 0 0 0 0 0 0.4 0 0 0 0 0 0 0.6000000000000001 0 0.4 0.4 0 0 0 0 0 0 0.6000000000000001 0.4 0.2 0 0 0 0 0 0 0.4 0 0 3.6 5 4.6000000000000005 15.600000000000001 5.800000000000001 2.8000000000000003 4.800000000000001 10.600000000000001 2.8000000000000003 2.4000000000000004 3.8000000000000003 2.4000000000000004 0.2 8.4 5.4 0.6000000000000001 2.2 3.8000000000000003 2.6 0.4 0 0.2 0 0 0 0 0 0 0 0 0 0 3.2 0 0 0 0 0 3.2 2.2 0.2 0 0 0 9.600000000000001 0 0 0 0 0 0 0 0 2.6 0 0 0 0 0 0 0 0 0 0 0 1 0 0.2 0 0 0 0 0 0 0 0 0 0 0 0 5.4 0.2 1.8 4 4.4 4 1.2000000000000002 4.6000000000000005 0.2 2.8000000000000003 0 3.8000000000000003 0 0 2.2 2.2 2 0.2 0.2 5.4 0 0 0 0 0 0 2 0 0 0 0 0 2.8000000000000003 0.2 0 0 0 0.4 3.6 0 0 0 0 0 8.200000000000001 0 0 0 0 0 0 0 0 0 0.2 1.4000000000000001 0 0 0 0 0 0 0 0 0 0 0 0 0 0 0 0 4.4 0 0 0.4 0 0 0 0 0 0 0 0 0 0.4 17.2 0 1.4000000000000001 0.2 0.4 3.2 4 0 0 0 0 0.4 0 0 0 0 0 0 0 0 0 0 0 0 0 0 0 0 0 0 2.8000000000000003 2.8000000000000003 0 0 0 0 0 0 0 0 0 0 0 0 
 31.8 25.6 14 38.400000000000006 19.400000000000002 10 11.8 76.2 57.2 16.8 7.4 8.6 22.200000000000003 56.800000000000004 49.2 65 15.8 21.400000000000002 0 90 0 11.600000000000001 0.8 0 0.6000000000000001 0 0 0 0 0.4 0.4 0.8 0 1 0 0.6000000000000001 0.4 0 1.2000000000000002 0.4 0 0 0 12 0 0 0 0.6000000000000001 0 0.6000000000000001 0.4 0.6000000000000001 0.6000000000000001 0.4 0.6000000000000001 12.4 0 0.6000000000000001 0.6000000000000001 0.6000000000000001 0.6000000000000001 1 0 0 0.4 0 0.6000000000000001 0 1.4000000000000001 0.4 0 0 0 0 9.200000000000001 0 0.4 0.4 0.2 0 4.6000000000000005 0 1 4 3 0 2.8000000000000003 0 8 4 2.8000000000000003 0 1.6 9 2 6.2 7.6000000000000005 4.4 0 6.4 0 0 0 0 0 0 0 0 0 0 2.2 0 0 0 0 0 0 0 0 1.4000000000000001 2 0 0 0 4.2 0 0 0 0 3.4000000000000004 0 0 0 0 0 0 0 0 0 0 0 0 0 0 0 0 0 0 0 0.4 0 0 0 0 0 0.4 0 0 0 1.4000000000000001 1.8 11.600000000000001 4.800000000000001 0 0 0.2 2 12 9 0 5.2 2.2 0 6 5.2 0.2 0 0.2 2 0 0 0 0 0 0 0 0 0 0 0.4 0 0 0.2 0 0 0 0.4 0 0 0 0 0 0 0 0 0 0 0 0 0 0 0.6000000000000001 0 0 0 0 0 0 0 0 0.4 0.2 0 0 0 0 0 0 0 0 0 0 0 0 0 0 0 0 0 0 0 2.8000000000000003 0 0 0 0 1 0 0.2 0.6000000000000001 0.4 2.4000000000000004 0 0 0 0 0 0 0 0 0 0 0 0 0 0 0 0 0 0 0 0 0 0.4 0 3.4000000000000004 0 1.8 0 0 0 0 0 0 0 0 0 0 0 0 
 10.600000000000001 25.6 21.8 13 57.800000000000004 9.200000000000001 49 44.6 15 20.200000000000003 16.8 5.800000000000001 62.400000000000006 77.2 62.6 13.4 29.8 9.8 90 0 0 0 0 30 0.4 0 0 0 0.2 0 0 0 0 0.4 0.8 0.6000000000000001 0.4 0 0.6000000000000001 0.2 0 0 0 10.600000000000001 0 0 0 0 0 0 0 0.6000000000000001 0 0 0 0 0 0 0.2 0 0.6000000000000001 0.8 0 0 0 0 0 0 0.4 0.4 0 0 0 0.4 0 0 0 6.4 0 0 8 2 3.8000000000000003 1.8 0 0.2 5.800000000000001 3.2 3.8000000000000003 0 0 0 4 2.4000000000000004 2.8000000000000003 1.2000000000000002 5.800000000000001 3.2 3.8000000000000003 15.200000000000001 0 0 0 0 0 0 0 0 0 0 0 0 0 0 0 0 0 0 0 0 0 0 0 0 0 0 0 0 0 0 0 0 0 0 0 0 0 0 0 3 0 0 0 0 0 0 0 0 0 0 0 0 0 0 0 0.2 0 0 0 0.2 0 9.8 2.4000000000000004 0 0.2 0 0 4.4 2.4000000000000004 0 0.2 3.4000000000000004 0 10.4 6.6000000000000005 3.8000000000000003 0 0 4.800000000000001 0 0 0 0 0 0 0 2.4000000000000004 0 0 0 0 0 0 0 0 0 0 0 0 0 0 0 0 0 0 0 0 0 0 0 0 0 0 0 0 2.4000000000000004 0 3.4000000000000004 0 0 0 0.2 0 0 0 0 0 0 0 0 0 0 0 0 0 0 0 0 0 0 0 0 0 0 0 0 17.400000000000002 0 0 0.2 0 0.6000000000000001 0 0 0.4 0 0 0 0.2 0 0 0 0 0 0 0 0 0 0 0 0 0 0 0 0 0 0 0 0 0 0 0 0 0 0 0 0 0 0 0 
 0 0 14.8 0.2 15 0.2 0 0.2 0 0 7.4 0 0 0.4 0.2 0.4 15 0 0 0 0 54 33 23.8 8 16.8 26 25.400000000000002 30.6 7.2 12.200000000000001 24.6 26.8 36.4 44.2 19.6 7 5.4 20.8 8.6 0 0.4 0 40.800000000000004 0 0.2 0 0 0 0 0.4 0 0 1 1.8 0 0 1.4000000000000001 0 0.2 0 1 0 0 0 0 0.6000000000000001 0 0 0 0 0 0.6000000000000001 0 0 0 0 0.8 1 0 0 0 0.2 0.4 0 3.8000000000000003 0 0 0.2 0 2.2 3.8000000000000003 0 0 0.4 0 0 0 0 0 2 1.8 8 2.8000000000000003 2.2 5.6000000000000005 0 7.800000000000001 2.8000000000000003 0.8 7.2 2.8000000000000003 1.6 0 5.4 4.6000000000000005 3.4000000000000004 0.2 7.2 5.2 0 0 0 0 0 0 0 0 0 0 0 0 0 0 0.4 0 0.2 1.2000000000000002 1.6 0 0 0 0 0 0 0 0 0 0 0 0 0 0 0 1.4000000000000001 0 0 0 0 0 0 0 0 0 0 0 0 0 0 0.2 0 0 0 0.2 0 0 0 1.2000000000000002 0.4 0 1.6 3.6 0.6000000000000001 1.8 2.6 3.2 1.2000000000000002 4.6000000000000005 4.2 2 0 0 3.2 4.4 2.2 0 6.800000000000001 1.6 6.800000000000001 1 0 0 0 0 0 0 3.4000000000000004 0 0 0 0 0.4 0 0.2 0 0 0.4 0 0.2 0 0 0 0 0 0 0 0 0 0.2 0 0 0 0 0 0 0 0 0 0 0.4 0 0 0 0 0 0 0 0 0 0 0 0 0 0 2.4000000000000004 0.8 0.2 15.8 0.2 0 0 5.4 0 0 0 0 0 0 0 0 0 0 0 0 0 0 0 0 0 0 0 0.2 0 0 0 3.4000000000000004 0 0 0 0 
 0 0.2 0.2 0 21.400000000000002 0.4 0.4 0 0 0.4 15.200000000000001 15 0.6000000000000001 0 0.4 0 0 0 11.600000000000001 0 54 0 39.800000000000004 15.8 24.200000000000003 10.200000000000001 48.800000000000004 20 9.200000000000001 10 25 15.4 17.6 29.8 30.200000000000003 22.200000000000003 24.400000000000002 27.200000000000003 8.6 25 0.4 0.4 0 0.2 0 0 0 0 0 0.4 0.2 0.6000000000000001 0 0.4 0 0 0.6000000000000001 0.6000000000000001 0 0.8 0 0.6000000000000001 0.2 0.4 0 0 0 1.8 0 0 0 0 1 0 13.4 1.8 0.2 0.4 0 0 0 0 2.4000000000000004 0 1.8 0.2 0 0 0 0 2.8000000000000003 1.4000000000000001 0 0 0 0 0 0 0 0 6 0 1.2000000000000002 2.6 0 4.2 0 10 7.800000000000001 3.4000000000000004 6.800000000000001 4.4 1.6 2 2.4000000000000004 6.2 6.800000000000001 2.6 7.800000000000001 3.6 5 0 0 0 0 0 0 0 0 4.2 0 0 0 1.6 0 0 0 0 3.8000000000000003 0 1.8 0.2 0 0 0 0 0 0 0 0.2 0 0 4 0 0 0 0 0 0 0 0 0 0 0 0 0 0 0 0 0.2 0 0 0 0 0 0.2 0 0.8 0 0 0 0 0.4 1.4000000000000001 3.2 0 5.6000000000000005 3 1.8 2.2 0 0 2.2 7.800000000000001 1.4000000000000001 0 2.4000000000000004 1.8 7.6000000000000005 3.8000000000000003 0 0 0 0 0 0 5.4 0 0 0 0 0 0 1.8 0 0 0 0 1.4000000000000001 2 0 0.2 0 0 0 0 0 0 0 0 0 0 0 0 4.6000000000000005 0 0 0 0 0 0 0 1.6 0 0 0 0 0 0 0 0 0 0 0 3.6 0 0 0.4 1 0 1.8 0 0 0 0 0 0 0 0 0 0 0 0 0 0 0 0 0 0 0 0 0 0 0 0 2.6 0 0 0 0 
 0 0 0 0 0.2 0.2 0 0 0 0 0 0 0.4 0 0 0 0 0 0.8 0 33 39.800000000000004 0 11.600000000000001 69.60000000000001 63.800000000000004 13.8 15.8 32.2 29.6 82.60000000000001 19.6 35 11.600000000000001 14 28.400000000000002 42.2 41.800000000000004 68.4 49.6 13 0.8 0 0.4 0 0 0 0 0.4 0.6000000000000001 1 0.4 13 0 0.4 0 0 0.4 13.4 14.4 0 0.6000000000000001 0 0 0 0 0 0.2 0 0 0 0 0.6000000000000001 0 0 0 0 0 1.4000000000000001 0.4 0 0 0.2 1.2000000000000002 0 2.4000000000000004 0 0 0 0 0 0 0 0 0 0 0 0 0 1.8 1 2.2 9.200000000000001 1 2 14.200000000000001 0 2.8000000000000003 3 3.6 12.200000000000001 5.6000000000000005 0 0 6.2 1 1.8 2.6 3.6 2.2 0 2.2 0 0 0 0 0.2 0 0 0 0 0 0 3.4000000000000004 0 0 0 0 0.6000000000000001 2 0 0.8 0 0 0 0 0.4 0 0 0 0 0 0 0 0 0 0 0 0 0 0 0 0 0 0 0 0 0 1 0 0 0 0 0 0 2.6 0 0 0.4 0 0 0.2 3.6 12 5.6000000000000005 4.6000000000000005 0.2 4.4 7.4 0.2 2.8000000000000003 5.2 3.8000000000000003 0 0 1 5.800000000000001 0 2.8000000000000003 3.6 0 0 0 0 0 0 3.8000000000000003 0 0 0 0 0.4 4.4 0.4 0 0 0.2 0 0.2 0 0 0 0 0 4.2 0 0.4 0 0 0 0 0 0 0 0 0 0 0 0 0 0 0 0 0 0 13.200000000000001 0 0 0 0 0 0 0 0 4 0.4 0.4 30.8 0.2 0 0.4 0 0 0 0 0 0 0 0 0 0 0.6000000000000001 0 0 0 0 0 0 0 0.4 0 1.8 0 0 0 3.4000000000000004 0 0 0 0 
 0 0 0 0.6000000000000001 0 0.4 0.2 0.6000000000000001 0 0.4 0 0 16.6 5.2 0 0 0 0.4 0 30 23.8 15.8 11.600000000000001 0 46.2 69.2 17 12.4 19.400000000000002 21 27.200000000000003 26.8 13.200000000000001 16.8 20.200000000000003 8.4 25.6 116.80000000000001 10.200000000000001 9.8 12.4 0.2 0.2 0.4 3.2 0.4 18.6 16.8 0 0 0 0 12.4 26 12.4 0 0 0 13.600000000000001 12.8 0 0.6000000000000001 0 0 0 4.4 0.4 0 0 0.2 0 0 2 0 0 0 0 9.8 0.2 0 0 0 0 0 0 0 0 0 0 0 0 0 0 0 0 0 0 0 0 0 0 0 0 0 0 0.2 0 0 0.2 0 1 2.6 0 0 0 2.4000000000000004 3.6 3.4000000000000004 0 0 4.2 0 4.800000000000001 1.6 2.4000000000000004 0 4 5.6000000000000005 1.4000000000000001 0 0 0 4.4 4.4 0.4 0.2 1.8 3.4000000000000004 2.4000000000000004 7 0 0 0 0 0 0 0 0 0 0 0.4 0 0 0 0 0 1.6 0 0 0 2.6 0 0 10.200000000000001 0 2 3.6 0 1.2000000000000002 0 0 0 0 0 0 0 0 0 0 0 2.4000000000000004 0 0.2 0 4.2 0 0 0 0.2 0 2.4000000000000004 1.2000000000000002 0 0 1.8 0 1.8 1.6 0 0 4.800000000000001 0 0 0 0 0 4.6000000000000005 0 5.2 0 0.2 0 3.4000000000000004 2.2 1.6 2.4000000000000004 0 0.2 8.8 5.4 0 0 0 0 0 0.4 0 0 0 0 0 0 0.4 0 0 0 0 0 0 0 0 0 0 0 0 0 0 0 0 0 0 0 0 0 1 0.2 0 0 8.8 0.2 0 0 0 0 0 0 0 0 0 0 0 0 2 0 0 0 0 0 0 2.6 0 1 0 0 0 0.2 2.4000000000000004 0 0 0 
 0 0.4 0.2 0.4 0 0.4 0 0 0 0.4 0.2 5.800000000000001 0.4 0 0 1 0 0 0.6000000000000001 0.4 8 24.200000000000003 69.60000000000001 46.2 0 18.2 7 24.8 31.8 76 56.2 49.2 13.8 18 75.4 58.6 11.4 16.8 10.200000000000001 55 0 0.4 0 0.4 0 0 6.4 0 0 0 0 0 0 4.4 0 0 0 0 16.6 14.8 0 0.6000000000000001 0 0 0 1.8 0 0 0 0 0 0 4.2 0 0 0 0 0 0 0 0 2.6 0 0 0 0 0 0 0 0 0 0 0 0 0 0 0 0 0 0 0 0 0.2 0 2.6 5.6000000000000005 0.4 0 3.4000000000000004 3.4000000000000004 6.2 5.2 0 0 0 0.2 3.2 2.8000000000000003 0.2 0 9.8 9.4 9.200000000000001 0 0 0 0.8 0.2 3.2 0 0 0 6.800000000000001 0 1.4000000000000001 0 0 1.8 11 0 0 0 0 0 0 0 0 0 0.2 0 2.2 0.2 0 0.4 0 0.4 0 0.4 0.4 0 0 0 1.8 0 0 0.4 0.2 0 0 0 0 0.4 0 0 0 0 0 0 0 0 3 0 0 0 3 9.200000000000001 0 0 4.2 0 3.8000000000000003 5.2 0.2 0 0.2 0.6000000000000001 0.4 0 0.2 2.8000000000000003 7.6000000000000005 0 4.6000000000000005 0 0 0.2 16.8 2.2 0 0.2 3.4000000000000004 0 2.6 2.2 0 2.4000000000000004 5.6000000000000005 0.2 1.6 4.2 0 0 0 0 0 0 0 0 0 0 0 0 0 0 0 0 0 0 0 0 0 0 0 0 0 0 0 0 0 0 0 0 0 0 2 0.4 0.4 1.4000000000000001 0 0.6000000000000001 0.6000000000000001 0 0.2 0 0 0 0 0 0 0 0 0 0 0 0 0 0 0 0 0 0 1.4000000000000001 0 0 0 0 3.8000000000000003 0 0 0 
 0 0 0 0 0 7 0 0 0 0 0 0.2 0.6000000000000001 6.4 0 0.4 0 0 0 0 16.8 10.200000000000001 63.800000000000004 69.2 18.2 0 8.4 19.400000000000002 41.2 19.8 28 27.400000000000002 6.2 9 11.4 14.200000000000001 16 10.8 66.4 71.4 12.8 13.4 12.4 0.2 0.2 0 25.400000000000002 26.200000000000003 0 0.2 0.4 0 17.2 20.6 12.4 15.4 0.2 0 10.600000000000001 0.2 0 0.6000000000000001 0 0 5.800000000000001 0 0 0 0 0 0 0 0.6000000000000001 0 0 0 0 0 2 0 0 0 0 0 0 0 0 0 0 0 0 0 0 0 0 0 0 0 0 0 0 0 0 0 6 0.4 0 0 0.6000000000000001 0 0 3.8000000000000003 0 0 0 0 0 2.2 0 0 3 3.2 0.6000000000000001 0.2 0 0 11.4 3.8000000000000003 4.6000000000000005 2.2 5 0 7.2 0 2 0.2 11.600000000000001 0.6000000000000001 6.4 5.2 0.2 0 0 0 0.4 0 0 0 0 0.4 0 0 0 0 0 0 0 0.4 0 0 1.4000000000000001 0.4 0 3.2 0 0 0 0 0 0 0.4 0 0 0.8 0 0 0 0 0 0 0 4 0 2.2 0 0.4 0 3.6 2.6 12.200000000000001 0.2 3.6 0.2 0 0 0 4.2 3.6 0 0 3.6 6.4 3.8000000000000003 2.2 2.4000000000000004 3.2 3.8000000000000003 2 6.6000000000000005 0 10.4 6.2 0.4 2 7.4 0 2.6 4.2 7.6000000000000005 0 0 0 0 0 0 0 0 0 0 0 0 0 0 0 0 0 0 0 2 0 0 0 0 0 0 0 0 0 0 0 0 0 0 0 2.2 0.2 1.2000000000000002 7.2 0.6000000000000001 0.2 1 0 0 0 0 0 0 0 0 0 0 0 0 0 0 0 0 0 0 4.4 0 0 0 0 0 0 0 0 0 0 
 0.4 0 15.8 14.200000000000001 31 11.200000000000001 0 0 0.4 15.600000000000001 39.2 14.8 0 0 0 0 0 0 0 0 26 48.800000000000004 13.8 17 7 8.4 0 17 30.8 9.8 5.6000000000000005 21.8 23.6 34.6 26 10.200000000000001 27 9 36 14 0.6000000000000001 0 0.4 1.6 0 0 1.6 0 0.2 0 0.8 0 0.2 0.4 0.4 0 0.6000000000000001 0.2 0.6000000000000001 0 0 0.6000000000000001 0 0 0 0 0 0.8 0 0.6000000000000001 1 0.4 0.6000000000000001 0.4 0 0 0 0 0 0 0 0 0 0 1.8 6.2 0 0 0 0 5 1.6 0 0 0 0 0 2.6 0 0 2.6 2.2 4.2 0.4 0 2 0 7.2 6.2 2 5.4 0.4 2.4000000000000004 5.6000000000000005 9.200000000000001 1 4.800000000000001 0.2 9.600000000000001 4.4 0 0.4 0 0 0 0 0 0 0 0 0 0 0 0 0 0 0 0 0.6000000000000001 0 0 1.2000000000000002 0 0 0 0 0.4 0 0.8 0 0 0 0 0 0 0 0 0 0 0 0 0 0 0 2 3.4000000000000004 0 0 0 0.4 0 0 0 0 0 0 3.6 0.8 0 0 0 0 1 2.4000000000000004 0 0 2 1.4000000000000001 4.4 0.2 0 1.6 6 4.4 0 0.2 4.2 0 8 8.200000000000001 0 0 0 0 1.8 0 1 0 0 0 0.4 0 0 0 0 2.8000000000000003 0 0 0.2 0 0 0 0 0 0 0 0.8 0 0 0 1.4000000000000001 0 0 0 0 0 0 0 0 0 0 0 0 0 0 0.2 0 0 0 0 0 0 0 0 2.6 0 0.2 15.600000000000001 0 0.2 0.2 0 0 0 0 0 0 0.2 0 0 0 0 0 0 0 2.8000000000000003 0 0 0 0 0 0 0 0 0 3.6 0 0 0 0 
 0 0 0 0 0 0.2 0 0 0 0 17.2 0 0 0.6000000000000001 0 0.6000000000000001 0 0 0 0 25.400000000000002 20 15.8 12.4 24.8 19.400000000000002 17 0 58.6 64.4 73 46 35.4 37.2 49.800000000000004 7.4 21.400000000000002 13 8 19.6 0.4 0.2 0 0 0 0 0.2 0 0 0.4 0.2 0.6000000000000001 0 0.4 0 0 0.8 2 0.6000000000000001 0.6000000000000001 0 0.6000000000000001 0.2 1 0 0.2 0.4 0.8 0 0.2 0 0 0.8 0 0 0 0.4 0 1 0 0 0 0 0 2.8000000000000003 1.8 0 0 0 0 0 0 0 0 0 0 0 0 0 0 3 8.200000000000001 1.4000000000000001 5.4 2.6 6.4 4.2 5.2 11 0 2.2 8 5.800000000000001 1 2.6 3.2 1.8 0 7.800000000000001 1.6 0 0 0 0 0 0 0 0 0 0 0 0 0 0 0 0 0 0 0 2.2 0 2.2 0 0 3.8000000000000003 0 3.6 0 0 0 0 0 0 0.8 0 0 0 0 0 0 0 0 0 0 0 0 1.8 0 0 0 0 0 0 0 0 0 0 0 0 0 3.2 5.4 1.6 8 2.8000000000000003 1.8 3 5.6000000000000005 10 5 4.800000000000001 1.4000000000000001 0 2.6 8.200000000000001 4.4 3.8000000000000003 2.4000000000000004 9.4 4 0 0 0 0 0 0 0 0 0 0 0 0 0 0 0 0 0 0 0 0 0 0 0 0 0 0 0 0 0 0 0 0 0 0 0 0 0 0 0 0 0 0 8.4 0 0 0 0 0 0 0 0 0 0 0 3 0 0.2 30.6 8.8 0.4 0 0.2 0 0 0 0 0 0 0 0 0 0 0 0 0 0 0 0 0 0 0 0 0 0 0 0 0 0 0 0 
 0 0 0 0 0 0.4 0 0 0 0 0 0 0.6000000000000001 0 0 0 0 0 0 0.2 30.6 9.200000000000001 32.2 19.400000000000002 31.8 41.2 30.8 58.6 0 20.400000000000002 99.80000000000001 33.800000000000004 78.4 18.6 25.6 24.6 39.800000000000004 37.2 22.6 12.4 0 0.2 0 0.4 0 0 0.2 0.6000000000000001 0 0 0.2 0 12.600000000000001 0.2 0 0 0 0 25.8 13 0 0.6000000000000001 0 0 0 0.2 0 0 0 0.2 0 0 0.6000000000000001 0 0 0 0 0 6.6000000000000005 0 0 0 0 0 0 0.2 0 0 0 0 0 0 0 0 0 0 0 0 0 0 0 2.4000000000000004 5.800000000000001 6.6000000000000005 7 5.4 0 2.2 4.2 1.8 13.8 5.800000000000001 0 0 0 0 0.2 3 0 0 3.8000000000000003 0 0 0 0 0 7 4.2 2.4000000000000004 0 0 0 2.6 0 0 0 1 0 0 17.6 0 0 0 0 0 0 0 0 0 0 0 0 0 0 0.2 0 0 0 0 0 0 0 0 0 0 0 0 0 0 2.2 0 0 0 0 0.4 0.2 0 0.2 0 0 0.6000000000000001 6.6000000000000005 1.8 6.4 3.8000000000000003 4.800000000000001 2.2 5.6000000000000005 10.200000000000001 4.6000000000000005 3 8.200000000000001 1.4000000000000001 0 3.4000000000000004 1.8 6.4 3.6 0 0 0.2 0 0 0 0 0 0 0 0.2 0 0 0 0.8 0 1 0 0 0 0 1.4000000000000001 0 0 0.2 0 0 0 0 0 0 0 5 0 0 0 0 0 0 0 0 0 0 0 0 0 0 0.2 0 0 0 0 0 0 0 0 2 0.4 0.2 15.200000000000001 0.4 0 0.4 2.6 0 0 0 0 0 0 0 0 0 0 0 0 0 0 0 0 0 10.4 0 1.4000000000000001 0 0 0 0 0 0 0 0.4 
 0 0 0 15 0 0.2 0.4 0 0 0 0 0 0.4 0.6000000000000001 0.6000000000000001 0 0 0.4 0.4 0 7.2 10 29.6 21 76 19.8 9.8 64.4 20.400000000000002 0 76 36 51 34.2 86.80000000000001 40.6 49.6 46.800000000000004 54.6 43.2 0.4 0 0 0.8 0.6000000000000001 0 12.8 0.8 0 0 0.2 0 0 0 0 0 0 0 13.200000000000001 12.200000000000001 0 0.6000000000000001 0.4 0 0 3 0 0.2 0 0 0 0 1 0.8 0.8 0 0 0 0 0 0 0 0 0 0 2.4000000000000004 0 0 0 0 0 0 1.2000000000000002 1.2000000000000002 0 0.4 0.2 0 0 0.2 3 12.8 9.200000000000001 0 2.6 2.6 0 3 0 0.8 1.8 6.800000000000001 3.8000000000000003 0 9.8 0 0.4 3.2 0 0 1.8 0 2.6 0 0 0 0.4 3.8000000000000003 0 0 0 0 0 0 0 0 0 5.4 0 0 0 0 0 0 0 0 0 0 0 0 0.6000000000000001 0.6000000000000001 0 0 0 0 0 0 0 0 0.2 0 0 0 0.2 2.8000000000000003 0 0 0 0 0 0 0 0 0 0 0 0 0 0 3.4000000000000004 3.8000000000000003 7.4 0 5 1.4000000000000001 1.4000000000000001 3.2 0 5.2 2.8000000000000003 0 0 2 3.2 2 0 4.4 0 0 2 0 2.4000000000000004 0 0.2 0 1.4000000000000001 0 0 0 0 0 0 0 0 0.2 2.6 0 0 0.4 0 0.8 0 0 0 0 0 0 0 0 0 0 0 0 0 0.4 0 0 0 0 0 0 0 0 0 0 0 0 0 0.4 0 0 0 0 1 0 1.4000000000000001 31.200000000000003 0.6000000000000001 0.4 0 0 0 0 0 0 0.8 0 0 0 0 0 0 0 0 0 0 0 0 0 0 2.6 0 0 0 0 0 0 0 0 
 0 0 0 0.2 0 0.4 0 0.2 0 0 0 0 0 0.2 0 0 0 0 0.4 0 12.200000000000001 25 82.60000000000001 27.200000000000003 56.2 28 5.6000000000000005 73 99.80000000000001 76 0 31.8 7 16.8 42.800000000000004 38 17.400000000000002 53.6 7 54.6 0 0.4 0 0.4 0 0 5.800000000000001 4 0 0 0 0 12.4 0 0 0 0 0 30.400000000000002 10.8 0 0.6000000000000001 0 0 0 0.2 0 0 0 0 0 0 0.6000000000000001 0 0 0 0 0 0.4 0 0 0 0.2 0.4 0 0 0 0 0 0 0 0 0 0 1.4000000000000001 0 0 0 0 0 0 0 1.8 2.6 0.2 5 0 0.2 2.6 0 5 3 0 0 0.4 4 6.4 4.800000000000001 0 0 2 12.200000000000001 0 0 0 0 0 4.800000000000001 1.8 0 0 0 5.2 5.4 0 0 2 4.800000000000001 0 6.800000000000001 0 0 0 0 0 0 0 0 0 0 0 0.2 0 0 0 0 0 0 0 0 0 0 0 2 0 0 0 0 0 0 0 0 0 0 0 0 0 0 0.4 0 0 3.2 0 4.2 2.8000000000000003 2.8000000000000003 0.2 0 2.4000000000000004 1.8 1.8 7.2 0 0 3 13.600000000000001 6.4 2 0 0 1.8 0 0 0 0 0 2.6 0 2.2 0 0 0.4 5.800000000000001 0.4 1.6 0 2.8000000000000003 0 0 7.2 0 0 0 0 0 0 0 0 0.2 0 0 0 0 0 0 0 0 0 0 0.4 0 0 0 0 0 0 0 0 0 0 0 0 0 0 1.4000000000000001 0.6000000000000001 0 0.2 0.8 0 0 0 0 0 0 0 0 0 0 0 0 0 0 0 0 0 0 0 0 3 0 2.2 0 0 0 0 0.2 0 0 0 
 0 0 0 0 0.6000000000000001 0.6000000000000001 0.4 0 0 0 0 0 0 0.4 0 0.2 0 0.8 0.8 0 24.6 15.4 19.6 26.8 49.2 27.400000000000002 21.8 46 33.800000000000004 36 31.8 0 17.2 11.600000000000001 9.600000000000001 5.2 30 37.800000000000004 7 65.60000000000001 0 0.4 0 0.2 0.2 0 4.6000000000000005 0 0 0 0 0 0 0 0 0 0 0 23.8 10.8 0 0.6000000000000001 0 0 0 0.2 0 0 0 0 0 0 0.6000000000000001 0 0 0 0 0 0.8 0 0 0 0 0 0.4 0 0 0 0 0 0 0 0 0 0 0 0 0 0 3.8000000000000003 0 1.8 0 1.4000000000000001 0 1.8 0 0.4 14.200000000000001 2.8000000000000003 5.800000000000001 4.6000000000000005 0 0 0 1.8 6.800000000000001 2.2 0 0 1.6 1 5.2 1.2000000000000002 0 0 0 0 0 0 0 0.4 7.2 2.4000000000000004 2.2 0 0 2.4000000000000004 6.800000000000001 3 0.4 0 0 0 0 0 0 0 0 0 1.6 0.6000000000000001 0 0 0 0 0 0 0 0 0 0.4 0 0 0 0 0 0 0 0 0 0 0 0 0 0 0 0 6.4 0 2.4000000000000004 6 0 3.6 0 1.6 0 1.4000000000000001 4 3 0.2 6.4 0 0 3.8000000000000003 8.8 7 2 0 0 0.2 0 4.6000000000000005 0 0 0 5.800000000000001 0 0 0 0 0 6 0 0.2 5.800000000000001 8.200000000000001 0 4.4 2.4000000000000004 0 0 0 0 0 0 0 0 0 0 0 0 0 0 0 0 0 0 0 0 0 0 0 0 0 0 0 0 0 0 0 0 0 0 2.2 0 0 9.4 1.2000000000000002 0 0.2 0 0 0 0 0 0 0 0 0 0 0 0 0 0 0 0 0 0 0 0 6.4 0 0 0 3.8000000000000003 0 0 0 0 
 0 0 0 0 0 0.2 0 0 0.2 0.4 0 4.800000000000001 0.4 0.6000000000000001 0 0.4 0 0 0 0 26.8 17.6 35 13.200000000000001 13.8 6.2 23.6 35.4 78.4 51 7 17.2 0 14.600000000000001 26 44 35.800000000000004 7.2 56 36.2 0 0.4 0 0 0 0 0 1.2000000000000002 0 0 0.4 12.600000000000001 0 0 0 0 0 0 0 0 0 0.6000000000000001 0 0 0 0 0 0 0 0 0 0 0.6000000000000001 0 0 0 0 0 0 0 0 0 0 0 0 5.800000000000001 0 0 0 0 0 0 0 0 0 0 0 0 0 0 3.6 6.800000000000001 4 5.6000000000000005 0 0 0.4 2.6 0.2 10.600000000000001 4.800000000000001 1.8 0 0 3.6 0 0.2 3.8000000000000003 0.4 0 0 0 0 0 0 0 0 0 0 0 0 0 0 0 0 0 0 0 0 0 0 0 0 0 0 0 0 0 0 0 0 0 0 0.2 0 0.2 0 0 0.2 0.4 0 0 0 0 0 0 0.4 0 0 0 0 4.2 0 0 0 0 0 0 0 0 6.2 8.8 3.2 0.2 4.2 0.2 3.2 1.8 2.6 4.2 8 1.6 12.200000000000001 0 5.800000000000001 6.6000000000000005 2.2 5 0.4 1.6 0 0 0 0 0 0 0 0 0 0 0 0 0 0 0 0 5 0 0 0 0 1.6 0 0 0 3.4000000000000004 0 0 0 0 0 4.2 3.8000000000000003 0 0 0 0 0 0 0 0 0 0 0 0 0 0 0 0 0 0 0 0 0 0.6000000000000001 0 0.2 0.2 0.2 0.4 0.2 3.6 0 0 0 0 2 0 0 0 0 0 0 0 0 0 0 0 0 0 0 0 0 0 0 0 0 0 0 0 
