 0 29.6 58 15.8 7.800000000000001 6.800000000000001 81.80000000000001 88.60000000000001 42.400000000000006 23.200000000000003 83.2 32.2 27.400000000000002 7.800000000000001 91 8.4 25.200000000000003 50.6 44.800000000000004 10 0.6000000000000001 0 0.6000000000000001 0 0 0 0.6000000000000001 0 0.6000000000000001 0 0 0 14.600000000000001 0 0.4 0 41.2 0 0 0 0 0 0.6000000000000001 0 0 2.4000000000000004 0 0 0.4 0.6000000000000001 0 0 0 0.6000000000000001 0 0.6000000000000001 0.6000000000000001 0 0 0 0.8 0 0 0 0 0 0 0.6000000000000001 0 0 0.4 0.6000000000000001 0.6000000000000001 0 0 0 0 1.2000000000000002 0.4 0 6.800000000000001 11.8 3 1.8 0 0 1.8 2 0 0 1.8 0 2.4000000000000004 5.800000000000001 5.2 7.4 5.800000000000001 0 0 5.800000000000001 0 0 0 0 0 0 0 0 0 0 0 0 0 0 0 0 0 0 0 0 0 0 0 0 0.6000000000000001 0 0 0 0 0 1 0 0 0 0 0 4 0 0 0 0 0 0 0 0 0 0 0 4.2 0 0 0 0 0 0 0 0 0 0 0 8.6 0 0 0 2 0 6.2 3 4 0 0 0 6.2 0 6.4 2 7.4 1 4.800000000000001 1.6 0 0 0 0 0 1.4000000000000001 2 0 0 0 0 0 0 0 0 0 0 0 0 0 0 0 0 0 0 0 0 0 0 0 0 0 0 0 0 0 0 0 0 0 0 0 0 0 0 0 2 0 0 0 0 0 0 0 0 0 0 0 0 0 0 0 0 0 0 0.8 9.4 0 0.4 9.600000000000001 0 1 0 0 0 0 0 0 0 0 0 0 0 0 0 0 0 0 0.2 0 0 0 0 0 0 0 0 0 0 0 0 0 0 0 0 0 0 0 0 0 
 29.6 0 35.2 36.800000000000004 28.8 10.200000000000001 76.80000000000001 42 78 23.400000000000002 23.400000000000002 46.2 27.400000000000002 10.8 25.6 26.200000000000003 61 11 28.8 8.8 0.4 0 0 0 9.4 0 0.6000000000000001 0.4 0.6000000000000001 0 0.4 0.2 0.4 1.2000000000000002 1.2000000000000002 0 0 0.4 5.4 0 0.4 13.4 0.4 0 0.6000000000000001 1.8 0 0.4 0.4 0.6000000000000001 0 0 0 0.6000000000000001 0 1 1.6 0 0 0 0.8 0 0.4 0.6000000000000001 0 0 0.6000000000000001 0.4 0 1.2000000000000002 0.8 0.4 0.6000000000000001 0 0 0.6000000000000001 0.4 0 0 0 0 2.4000000000000004 6.4 0 11.4 2.4000000000000004 0 13.200000000000001 0.2 0 1.8 2.2 0 10.200000000000001 2.4000000000000004 0 0.2 2.6 0 1.8 0 0 0 0.4 0 0 3.4000000000000004 0 0 0 0 0 0 0 0 0 3 0 0 0 0 0 8.6 0 0 0 0 0 0 0 0 0 0 0 0 0 0 0 3 0 0 0 0.4 0 0 0 0 0 2.6 0.4 0 0 0 0 0 0 0 0 0 0.4 2.6 0.6000000000000001 1.6 3.6 0 0 2.8000000000000003 2.4000000000000004 1.4000000000000001 0 9.600000000000001 7 2.6 0 0 3.4000000000000004 3.2 0 2.2 0 0.4 0 0 0 0.2 0 0 0.4 0 0 0 0 0 0 0 0 0 0 0.4 0 0 0 0 0 0 0 0 0 0 0 0 0 0 0 0.2 0 0 0.2 0 0 0 0.2 4 0 0 0 0 0 0 0.2 0 0 0 0 0 0 0 0 0 0 0 0 0 0 0 0.4 1.2000000000000002 0 18.2 0 0 0.4 0 0 0 0 0 0 0 0 0 0 0 0 0 0 0 0 0 0 0 0 0 0 0 2.8000000000000003 0 0 0 0 0 0 0 0 0 0 0 0 0 0 
 58 35.2 0 22.6 48.400000000000006 24.200000000000003 58.400000000000006 112.60000000000001 35 20.200000000000003 19.6 29.8 12.600000000000001 8.8 13.200000000000001 33 31.400000000000002 56.800000000000004 7.4 7.6000000000000005 13.4 0 0.2 0 0 0 6.2 0 0.6000000000000001 0 0 0 0 0 0.4 0 0.2 0.4 14.600000000000001 1 0 0 0.6000000000000001 0 0 0.6000000000000001 0 0 0.4 0.6000000000000001 0 0 0 0.6000000000000001 0 2.2 0.6000000000000001 0 0 0 0 0 0 0 0 0 0.2 0.4 0 0 0 0 0.6000000000000001 0 0 0 0 0 0.2 0 0 0 0.2 0.4 0 4.6000000000000005 0 0 1.6 2.2 5.800000000000001 0 0 2.4000000000000004 2.4000000000000004 0 0 0.6000000000000001 0 1.6 3.2 0 0 0 0 0 2.4000000000000004 0 0.4 0 0.4 0 2.4000000000000004 0 0 0 0 0 14.600000000000001 3 0 0 0 2 0 0.4 0 0 0 0 0 0.4 0 0 0 0 0 0 0 0 0 0 0 0 0 0.4 0 0 0 0 0 0 0 0 0 0.2 0 0 0 0 0 0 4.4 3.8000000000000003 0.8 1 0 0 3 0 11.600000000000001 0.2 0 0 0 3.2 1.2000000000000002 0 2.2 0 0 0 0 0 0 0 0 0 0 0 3.8000000000000003 0 2.8000000000000003 0.2 3.2 0 0 0 11.8 0.2 0 0 0 0 0 0 0 0 0 0 0 0 0 0 0 0 0 0.4 0 0 0 0 0 0 0 0 0 0 0.2 0 0 0 0 0.4 0 0 0 0 0 0 0 2.6 0 0 0 0 18.400000000000002 0 0.4 0.4 0 4 0 0 0 0 0 0 0 0 0 0 0 0 0 0 0 0 0 0 0 0 0 0 0 5.4 2 0 0 0 0 0 0 0 0 0 0 0 0 0 
 15.8 36.800000000000004 22.6 0 85.2 36.4 76 26.6 60.6 20.6 32.4 17.6 17 19.6 13.4 12.600000000000001 50.800000000000004 28.6 13 15 0.6000000000000001 13.200000000000001 0 0.4 0.4 0 0.8 4.2 1 0.6000000000000001 0.6000000000000001 0 0.4 7.2 0.4 0 0.2 0.4 15.8 7 1 0 1.2000000000000002 0 0.6000000000000001 0.8 0 0 0.4 0.6000000000000001 0 0.2 0.6000000000000001 1.2000000000000002 0.6000000000000001 1.6 1.2000000000000002 0 0 0.4 0 0 0 0 0 0.6000000000000001 0 0.6000000000000001 1 0 0 1.2000000000000002 0.6000000000000001 0 8.8 0.4 0 0 0.4 0 3.4000000000000004 3.2 1 0 0.6000000000000001 0 1.6 8 2 1.6 1.2000000000000002 2.6 0 2.6 0 3.4000000000000004 2.6 2.2 0 5.4 3.8000000000000003 2.4000000000000004 0.2 0 0 0 5.2 0 0 0 0 0 0.2 0 1.6 0 3.2 3.2 5.2 4.4 0 0 0.2 0 0 0 0 0 0 0 0 0 0 0 0 0 0 0 0.2 1.4000000000000001 0 0.4 0 0 0 0 0 0 3.6 0 0 0 0 0 0 0 0 0.4 0 0 2.2 1.2000000000000002 8.200000000000001 0 1.6 3.4000000000000004 3 6.4 1.6 0 3.2 3.6 0 0 1.2000000000000002 2.2 8.8 2 0 0 0 0 0 0.2 0 0 0.2 1.4000000000000001 0 0 3.8000000000000003 0 2.2 1.8 2.4000000000000004 0 0 0 2.2 1.6 0 0 0 0 0 0 0 0 0 0 0 0 0 0 0 0 0.2 0 0 0 0 0 0.2 0 0 0 0 0 0 0 0 0 0 0 0 0 0 0 0 0 0 2 0 0 0 0.4 28 0 1.6 11.200000000000001 0.4 2.2 0 0 0 0 0 0 0 0 0 0 0.2 0 0 0 0 0 0 0 0 0 0 0 0 0 1.8 0 0 0 0 0 0 0 0 0 0 0 0 0 
 7.800000000000001 28.8 48.400000000000006 85.2 0 26 11.8 35.800000000000004 47.800000000000004 94 59 65.2 22.400000000000002 26.8 29.200000000000003 31.8 24 11.4 53.800000000000004 18.6 0.6000000000000001 1 0 0 0 0 32.4 14.600000000000001 0.6000000000000001 0 0 0 0 0 0.4 0 0.4 0.4 27.200000000000003 0 0 0 0.6000000000000001 0 0 0.4 0 0 0.4 0.6000000000000001 0 0 0 0.6000000000000001 0 0.6000000000000001 1 0 0 0 0 0 0 0 0 0 0.6000000000000001 0 0 0 0 0.4 0.6000000000000001 0 0 0 0 0 0 0 0 0 2.8000000000000003 2.4000000000000004 2.6 5.2 0 2.2 2.4000000000000004 0.4 0.2 5.2 0 0 0 0 0 3.4000000000000004 0.4 0 3.2 0 0 0 0 0 5.2 3.6 0 0.2 0 0.2 6 4.6000000000000005 2 0 0 0 8.8 2 0 0 0 0 0 0 0 0 0 0 0 1.4000000000000001 0 0 0 0 1.8 0 1.6 0 0 0 0 0.6000000000000001 0 0.2 1.6 0 0 0 0 0 0 0 0 0 0 0 0 0 3 2 5.4 1.4000000000000001 5.6000000000000005 5.6000000000000005 0 2.4000000000000004 0 0 1.8 3.4000000000000004 0 0.2 0 2.2 2 0.2 0 0 0 0 0 0 0 0 3.2 3.4000000000000004 0 0.4 3.2 2.4000000000000004 2 0 3.4000000000000004 0 0 0 0 5 0 0 0 0 0 0 0 0 2.2 0 0 0 0 0 0 1.8 0 0 0.2 0 0 0 0 0 0 0.2 0 0 0 0 0 0 0 0 0 0.4 0 0.2 0 1.6 0 0.4 0 0 0 0 8.4 0 9.8 19.400000000000002 0.6000000000000001 0.4 0 0 0 0 0 0 0 0 0 0 0.2 0 0 0 0 0 0 0 0 0 0 0 0 0 0 0 0 0 0 0 0 0 0 0 0 0 0 0.4 
 6.800000000000001 10.200000000000001 24.200000000000003 36.4 26 0 5.2 5 8.6 9.8 14 26 21.200000000000003 5.4 27.400000000000002 12.200000000000001 31 27.6 6.800000000000001 49.400000000000006 16.2 0 0 0 0 0 0.8 14.600000000000001 15.8 0 0 0.4 4.2 30.8 0.4 0 0.4 0 15.200000000000001 35.2 0 0 0.6000000000000001 0 0 0.4 0 0 0.4 0.6000000000000001 0 0 0 0.6000000000000001 14 0 0.6000000000000001 0 0 0 0 0 0 0 0 0 0.6000000000000001 0 0 0 0.6000000000000001 0 0.6000000000000001 0 0 0 0 0 0 0 0 0 0 5.800000000000001 0 0 0 0 2 3.8000000000000003 2.6 0.2 0 0 0 0 0 0 0 0 5.6000000000000005 2.8000000000000003 0.4 0 0 1.6 2.8000000000000003 2.4000000000000004 0 3.8000000000000003 2.8000000000000003 0 0 5.800000000000001 3.4000000000000004 5.4 1.6 15.200000000000001 0.4 1.4000000000000001 0 0 0 0 0 0 0 0 0 0 0 0 2.4000000000000004 0 0 0 0 0 0 0 0 0 0 1 0 0 0 0 0 0 0 1.2000000000000002 0 0 0 0 0 0 0 0 0 0 3 0 0 0 0 0 2.4000000000000004 0 0 0 0 0 0 5.6000000000000005 0 2 0 0 4 0.4 0.2 0 0 1.2000000000000002 4 3.2 3.2 0 0 0 0 3.2 0.6000000000000001 0 0 4.2 0 8.4 0 0 0 0 0 0 0 0 0 0 0 0 0 0 0 0 0 0 0 0 0 0 0 0 0 0 0 0 0 0 0 0 0 0 0 0 0 0 0 0 0 0 0 0 0 0.6000000000000001 0 0 17.6 0 0.2 3.2 0 0 0 0 0 0 0 0 2.2 0 0 0 0 0 0 0 0 0 0 0 0 0 0 0 0.2 0 0 0 0 0 0 0 0 0 0 0 0 0 
 81.80000000000001 76.80000000000001 58.400000000000006 76 11.8 5.2 0 62.400000000000006 10.200000000000001 9.4 12 22 58.6 23 8 10 69.60000000000001 109.60000000000001 31.6 45.6 1 0.6000000000000001 0 0 0.6000000000000001 0.2 0.6000000000000001 0 2 0 0 0 0 0 0.4 0 0.2 0 0 0 0.6000000000000001 0 1 0.2 0 0.8 0 0 0.4 1.2000000000000002 0 0 0 1 0 5.4 1 0 0.6000000000000001 0 0 0 0 0 0 0.4 0.6000000000000001 0 0 0 0 0 0.6000000000000001 0 0 0 0 0 0 0 5.6000000000000005 6.800000000000001 4.800000000000001 3.2 0 0 2.2 2.6 2.4000000000000004 0.2 1.8 0.8 0 11.8 3.4000000000000004 5.4 3.2 6.4 3.2 6.6000000000000005 0 0 0 0 0 0 0 0 0 0 0 0 0 0 0 0 0 0 0 0 0 0 0 0 0 0 0 0 0 0 0.4 0 0 0 0 0 0.2 0 0 0 0 5 0 0 2.2 0 0.2 0 0 0 0 0.2 0 0 0 0 0 0 0 0 5 6.4 4.4 0.4 2.6 0 0 5 0 0 0 0 2.6 7.2 6.6000000000000005 1.8 0 0 3.8000000000000003 0 2.4000000000000004 0 0 0 0 0 0 0 2 0 0 0 0 0 0 0.4 0 0 0 0 0 0 0 0 0 0 0 0 0.2 0 0 0 0 0 0 0 0 0 0.2 0 0 0 0 0 0 0.2 0 0 0 0 0 0 0 0 0.2 0.2 0 0.2 0 0 0 0 0 0 0 0 1 0.6000000000000001 0.4 19 0.4 1 0 0 0 0 0 0 0 0 0 0 0 0 0 0 0 0 0 7 0 0 0 0 0 0 0 4.6000000000000005 0 0 0 0 0 0 0 0 0 0 0 0 
 88.60000000000001 42 112.60000000000001 26.6 35.800000000000004 5 62.400000000000006 0 91.60000000000001 10 48.800000000000004 33.6 14.600000000000001 9.600000000000001 14.200000000000001 6.4 27.200000000000003 64.4 11.600000000000001 72 0.6000000000000001 0.6000000000000001 0 0 0 0 0.8 0 1 7.4 0 0 0 0.4 0.4 0 0.2 0 29.6 0.4 0 0 0.6000000000000001 0 0 0.6000000000000001 0 0 0.4 0.6000000000000001 0 0 12.600000000000001 0.6000000000000001 0 0 0.6000000000000001 0 0 0 0 0 1.4000000000000001 0 6 0 0.2 0.4 0 0 0.8 1.2000000000000002 0.6000000000000001 0 0 0 0 0 0.2 0 5.4 7 3.8000000000000003 11.200000000000001 5 2.2 1.2000000000000002 6.2 0.4 1.6 3.6 5.2 0 3 0.2 13 3 3.2 2.4000000000000004 5.6000000000000005 0 0 0 0 0 0 0.2 0 0 0 0 0 0 0 0.2 0 0 0 2.8000000000000003 0 0 0 0 0 0 0 0 0 0 0 3 0 0 0 0 0 0 0 0 0 0 0 0 0 0 0 0 0 2 0 1.8 0 2.6 0 0 0 0 0 0 0 0 0 2.4000000000000004 6.2 7 0 8 3.2 0.6000000000000001 4.6000000000000005 9.600000000000001 7.2 0 4.6000000000000005 2 0.6000000000000001 3 0.8 0.8 0 0 0 0 0 0 0 2.4000000000000004 0 0 0 0 0 0 0 1.8 0 0 0 1.8 0 0 0 0 0 0 0 0 0.2 0 0 0 0 0.4 0 0 0 0 0 0 0 0 0 0 0.4 0 0 0 0 0 0 0 0 0 0 0 0 0 0 0 0 0 0 0 0 0 0.4 0.8 0 0.6000000000000001 17.400000000000002 3.8000000000000003 2.2 0 0 0 0 0 0 0 0 0 0 0 0 0 0 0 0 0 0 0 0 0 0 0 1.6 0.2 0 0 0 0 0 0 0 0 0 0 0 0 0 
 42.400000000000006 78 35 60.6 47.800000000000004 8.6 10.200000000000001 91.60000000000001 0 18.6 9.8 26.200000000000003 69.4 12.4 55.400000000000006 67 62 42.800000000000004 14.4 21.200000000000003 0.6000000000000001 0.2 0.2 0.2 0.4 0.2 1 0 0.6000000000000001 0 0 0 0.4 0 0.4 0.2 0.2 0 8.200000000000001 15 0 0 0.6000000000000001 0.4 0 0.6000000000000001 0 0 0.4 0.6000000000000001 0 0 0 0.6000000000000001 0 1.6 0.6000000000000001 0 0 0 0 0 0 0 0 0 0 0.6000000000000001 0 0 0 0 0.6000000000000001 0 0 0 0 0 0.4 0 4.2 4.2 3.6 2.4000000000000004 3.4000000000000004 2.4000000000000004 2.4000000000000004 5.800000000000001 0.2 0 0.2 2.6 0 0 2 3.4000000000000004 1.8 2.2 0 0.2 0 0 0 0 0 0 5 0 0.2 0 0.4 0 3.4000000000000004 0 0 3 0 0 2.6 2.6 0 0 0 0 0 0.4 4 0 0 0 0 0.4 0 0 0 0 0 0 0 0 0 0 0 0 0 4 0 0 1.4000000000000001 0 0 0 0 0 0 0 0 0 0 0 0 0 9 8.200000000000001 2 2.6 2 4.4 4.4 1.8 4.4 11.200000000000001 0 0 0 6.800000000000001 9.200000000000001 2.4000000000000004 1.2000000000000002 0 0 0 0 0 0 0 0.2 0 0 0 3 0 2 0 0.8 0 0 0 5.2 0.4 0 0 0 0 0 0 0 0 0 0 0 0 0 0 3.8000000000000003 0 0 0.4 0 0 0 0 0 0 0 0 0 0 0.2 0 0 0 0 0.4 0 0 0 0 0 0 0 2.4000000000000004 0 0 0 0 37 0.4 17.8 18.8 0 3.2 0 0 0 0 0 0 0 0 0 0 0 0 0 0 0 0 0 0 0 0 0 0 0 0 0 0 0 0 0 0 0 0 0 0 0 0 0 0 
 23.200000000000003 23.400000000000002 20.200000000000003 20.6 94 9.8 9.4 10 18.6 0 34.4 7.2 28.200000000000003 8.6 17.400000000000002 50.400000000000006 27.400000000000002 67 12.8 41.400000000000006 0.6000000000000001 0 0 0 0.4 0 11.600000000000001 0 0.6000000000000001 0 0 0 0.4 14.4 0.4 14.8 0.2 0 15.200000000000001 30 0.8 0 0.6000000000000001 0 0 1 0 0 9.600000000000001 0.6000000000000001 0 0 0 0.6000000000000001 0 0 0.6000000000000001 0.4 0 0 0 0 0 0 0 0 0.4 0.2 0 0 0 0 0.6000000000000001 0.2 0 0 0 0 0 0.4 1.8 5 2 6.2 0 1.6 5.4 0 2.8000000000000003 2.2 1.4000000000000001 0 0 3 2 0.2 1.4000000000000001 7.6000000000000005 2.2 2.6 0.2 0 0 0 0 0.2 0 0 0 0 0 0 3.2 0.2 0 3 0 0 3 2 0 0 0 0 0 0 2.2 0 0 0 0 0 0 0 0 0 0 0 0.4 0 0 0 0 0.6000000000000001 0 0 0 0 0 0 0 0.4 0 0 0 0 0 0 0 0 2 4.4 3 0.6000000000000001 3.4000000000000004 4.2 0 4 6.2 8 0 0 1.8 0 3.2 6 8.4 15.200000000000001 0 1.4000000000000001 0 0 0 0.4 1.8 0 2.2 2.6 0 0 0 0 2.6 0 2 0 0 0 0.6000000000000001 5 0 0 0 0 0 0 0 0 0 0 0 0 0 0 0 0 0 0 0 0 0 0 0 0 0 0 0 0 0 0 0 0 0 0 0 0 0 0 0 0 0 0 0 0 0 0 0 0 0.2 0.2 1.4000000000000001 3.8000000000000003 0 0 0 0 0 0 0 0 0 0.4 0 0 0 0 0 0 0 0 0 0 0 0 0 0 4 0 0 0 0 0 0 0 0 0 0 0 0 0 
 83.2 23.400000000000002 19.6 32.4 59 14 12 48.800000000000004 9.8 34.4 0 29.6 8.8 9.4 25.200000000000003 29.8 25.200000000000003 74 6.6000000000000005 28.200000000000003 0.6000000000000001 0.4 0 0 0 0 2.6 7.4 0.6000000000000001 0 0 0 0 0 15 0 0.2 0 14.8 0 0 0 0.6000000000000001 0 0 0.4 0 0 0.4 0.6000000000000001 0 0 0 0.6000000000000001 0 0.6000000000000001 0.6000000000000001 0 0 0 0 0 0 10 0 0 0.6000000000000001 0 0 0 0 0 0.6000000000000001 0 0 0 0 0 0 0 4 0.2 6.6000000000000005 7.4 1.6 2 3.6 4 7.2 4.2 3.4000000000000004 1 0 0.2 8 6 1 4.2 2.6 7.4 0 0 0 0 0 0 0.6000000000000001 0 0 1.4000000000000001 0 0 0 0 2.6 0 0 0 4 0 0 0 0 0 0 0 0 0 0 0 1.8 0 0 0 0 0 0.2 0 0 0 0 0 0 0 0 0.4 0.2 0 0.6000000000000001 0 0 0.4 0 0 0 0 0 0 0 0 0 2.6 0 8.4 14 0.8 2 0.2 2.6 3.2 3.2 2.6 0 0.6000000000000001 0 0 2.2 0.4 1 0 0 2.6 0 0 0 0 0.4 0 0 0 3 0 0 0 1.8 0 0 0 1.8 3 0 0 0 0 0 0 3.2 0 0 0 0 0 0 0 0 0 0 0 0.4 0 0 0 0 0 0 3.6 0 0 0 0 0 0 0 0 0.4 0.2 0 0.4 0 0 0 2.4000000000000004 0 0 0 0.6000000000000001 34.6 0 0.4 19 4.4 0.6000000000000001 0 0 0 0 0 0 0 0 0 0 0 0 0 0 0 0 0 0 0 0 0 0 0 11.200000000000001 0.4 0 0 0 0 0 0 0 0 0 0 0 0 0 
 32.2 46.2 29.8 17.6 65.2 26 22 33.6 26.200000000000003 7.2 29.6 0 4.6000000000000005 6.4 33.4 17.400000000000002 24 21.200000000000003 5.6000000000000005 23.8 0.8 0 0 0 0 0.2 1.2000000000000002 7.800000000000001 0.8 0 0 0 0 0 15.4 0 0.2 0.2 29.8 0 0 0 0.4 0 0 0 0 0 0.4 0.6000000000000001 0 0 0 0.6000000000000001 0 0.4 0.2 0 0 0 0 0 0 0 0 0 0.6000000000000001 0 0 0 0 0 0.6000000000000001 0 0 0 0 0 0 0 2.2 0 7.4 8.8 2 5.800000000000001 0 0 4.2 2.2 2 4.6000000000000005 0 0 0 2.6 0 5.4 3.6 0 4.800000000000001 0 0 0 0 0 2 0 0 0.4 0 0 1 0 2.6 2 0 0 6.2 0 0 0 0 0 0.2 0 0 0 0 0 0 0 0 0 0 0 0 0 2.8000000000000003 0 0 0 0 0 0 0 0 0 1 0 0.2 0.2 0 0 0 0 0 0 0 0 0.2 2 2 7 3.4000000000000004 0.2 0.4 0 1.4000000000000001 0 4.6000000000000005 7 0 2 0 5.6000000000000005 1.2000000000000002 0 1.4000000000000001 0 0 3.4000000000000004 0 0 0 0 0.6000000000000001 0 0.2 0 3 0 0 0 4.4 0 0 3.2 0 6 0.2 0 0 0 0 0 0 0 0 0 0.2 0 0 0 0 0 0 0 0 0 0 0 0 0 0 0 0 0 0 0 0 0 0 0 0 0 0 0 0 0 0 2.6 0 0 0 0.4 18 0 12.600000000000001 17.400000000000002 0 0 0 0 0 0 0 0 0 0 0 0 0 0 0 0 0 0 0 0 0 0 0 0 0 7.2 0.2 0 0 0 0 0 0 0 0 0 0 0 0 0 
 27.400000000000002 27.400000000000002 12.600000000000001 17 22.400000000000002 21.200000000000003 58.6 14.600000000000001 69.4 28.200000000000003 8.8 4.6000000000000005 0 36 46.800000000000004 6.4 4.4 11.200000000000001 104.4 43.2 0.6000000000000001 0 0 0 0 0 0.6000000000000001 0 40.800000000000004 0 0.2 0 0 0 0.4 0 0.4 0 0 0 0 0 0.6000000000000001 0.4 0 1.4000000000000001 0 0 0.4 0.6000000000000001 0 0 0 0.8 0 0 0.6000000000000001 0 0 0 1 0 0 0 0 0 0 0.6000000000000001 0 0 0 0 0.6000000000000001 0 0 0 0 0 0.2 0 4.2 6.800000000000001 2.8000000000000003 0.4 0 0 2.2 0 0 0 7.800000000000001 0 11 4.2 4.2 2 0 0 3.6 0.2 0 0 0 0 0 0.2 0 0 0 0 0 0 0.4 0 0 0 0 0 0 0 0 0 0 0 0 0 0 0 0 0 0 0 0 0 0 0 0 0 0 0 0 0 1.2000000000000002 0 0 0 0 1 3.4000000000000004 0 0 0 0 0 0 0 0 0 0 0 7 0.2 0 0 0.2 0 3.2 3.6 2.4000000000000004 0 0 0 7.800000000000001 0.4 4.4 4 0 0 0.2 3.2 0 0 0 0.4 0 0 0 0 0 0 0 0 0 0 0 0 0 0 0 0.2 0 0 0 0 0 0 0 0 0 0 0 0 0 0 0 0 0 0 0 0 0 0 0 0 0 0 0 0 0 0.2 0 0.2 0 0 0 0 0 0 0 0 0 0 0 0 0 0.2 0.4 0 0 0 0 1.4000000000000001 0 0 0 0 0 0 0 0 0 0 0 0 0 0 0 0 0 0 0 0 0 0 0 0 0 0 0 0 0 0 0 0 0 0 0 0 0 0 
 7.800000000000001 10.8 8.8 19.6 26.8 5.4 23 9.600000000000001 12.4 8.6 9.4 6.4 36 0 38.400000000000006 10.600000000000001 5.800000000000001 25 21.8 35.2 0.6000000000000001 0 0 0 0 0 0.6000000000000001 0 0.6000000000000001 0 0 0 0 0 0.4 0 0.2 0 0 0 0 0 0.6000000000000001 0 0 0.4 0 0 0.4 0.6000000000000001 0 0 0 0.6000000000000001 0 0 0.6000000000000001 0 0 0 0 0 0 0 0 0 0.6000000000000001 0 0 0 0 0 0.6000000000000001 0 0 0 7.6000000000000005 0 0.4 0 0 2.2 2.8000000000000003 0 0.2 0 2.4000000000000004 7.6000000000000005 2 2 0 0 4.4 0 1 0.2 0 2 10.4 4.2 0 0 0 0 0 0 0 0 0 0 0 0 0 0 0 0 0.2 0.2 0 0 0 0 0 0 0 0 0 0 0 0 0 0 0 0 0.4 0 0 0 0 0 0 0 1.2000000000000002 0 0 0 0 4.2 0 0 0 0 0 0 0 0 0 1.2000000000000002 0 0 11.600000000000001 4.6000000000000005 3.6 0 0 0 0 6.800000000000001 2 0.2 0.2 0 0.4 3 0 0 2 0 0 4 0 0 0 0 0 0 0 0 0.4 0 0 0 0 0 0 0 0 0 0 0 0 0 0 0 0 0 0 0 0 0 0 0 0 0 0 0 0 0 0 0 0 0 0 0 0 0 0.4 0 0 0 0 0 0 0 0 0 0 0 0.2 0 0 0 0 0 0 0 0 0 0 2.2 0 0.8 0 0 0 0 0 0 0 0 0 0 0 0 0 0 0 0 0 0 0 0 0 0 0 0 0 0 0 0 0 0 0 0 0 0 0 0 0 0 
 91 25.6 13.200000000000001 13.4 29.200000000000003 27.400000000000002 8 14.200000000000001 55.400000000000006 17.400000000000002 25.200000000000003 33.4 46.800000000000004 38.400000000000006 0 29.200000000000003 8.6 9.200000000000001 21.200000000000003 38.2 0.6000000000000001 0 0 0 0 0 0.8 0 1.2000000000000002 0 0 0 0 0.8 0.4 0 0.2 0 14.8 0.8 0 0 0.6000000000000001 0 0 0.6000000000000001 0 0 0.4 0.6000000000000001 0 0 0 0.6000000000000001 0 0 0.6000000000000001 0 0 0 0 0 0 0 0 0 0 0.6000000000000001 0 0 0 0 0.6000000000000001 0 0 0 8.6 0 0.2 0 4.800000000000001 9.4 3 2 0 0 3 3.6 1.8 4.2 10.200000000000001 0 5 0 1.2000000000000002 4.800000000000001 0 0.2 2.8000000000000003 2.6 2.2 0 0 0 0 0 0 0 0 0 2 0 0 0 0 0 0 0 4 0 0 0 0 0 0 0 0 0 0 0 0 0 0 0 0 0 0.4 0 0 0 0.4 0 0 1.2000000000000002 0 0 0.4 0 0 0 0 0.6000000000000001 0 0 0.2 0 0 0 0 0 4 1.8 0 4.2 0.6000000000000001 0 0 13.8 9 0 2.8000000000000003 0 2 0 1.6 3.2 0 0 1.4000000000000001 6 0 0 0 0 0 0 3.8000000000000003 0 0 0.4 0 0 0 0 6.6000000000000005 0 0 0 0.2 0 0 0 0 0 0 0 0 0 0 0 0 0 0 0 0 0 0 0 0.2 0 0 0 0 0 0 0 0 0 0 0 0 0 0 0 0 0.4 0 0.2 0 0 0 0 0 0 0 0 0 0 0.2 17.400000000000002 0 1.2000000000000002 0 0 0 0 0 0.2 0 0 0 0 0 0 0 0 0.2 0 0 0 0 0 0 0 0.4 3.2 0 0 0 0 0 0 0 0 0 0 0 0 0 0.4 
 8.4 26.200000000000003 33 12.600000000000001 31.8 12.200000000000001 10 6.4 67 50.400000000000006 29.8 17.400000000000002 6.4 10.600000000000001 29.200000000000003 0 44 46 5.6000000000000005 11 1 0 16 0.2 0.2 0 15.600000000000001 0 0.6000000000000001 0 0.6000000000000001 0 0 0 0.4 0 0.4 0 1.6 12 0 0 0.6000000000000001 0 0 0.4 0 0 0.4 0.6000000000000001 0 0 0 0.6000000000000001 0 1.8 0.6000000000000001 0 0 0 0 0.4 0 0 0 0.8 0.6000000000000001 0 0 0 0.4 0 0.6000000000000001 0 0 3.4000000000000004 0 0 0 0 0 4.6000000000000005 5.800000000000001 0 3.6 0 0.2 2.8000000000000003 7 0 3 2.4000000000000004 0 0 6.4 2.8000000000000003 12.8 9.8 0.4 2 1.6 0 0 0 0 0 2.4000000000000004 0 0 0 0 0 2 0 0 1.4000000000000001 0 2.4000000000000004 2.8000000000000003 3 0 0 0 0.2 0 0 0 0 0 0 0 0 0 0 0 0 0 0 0 0 0 0 0 0 0 0 0 0 0.2 0 0.4 0 1.2000000000000002 0.4 0 0 0 0 0.2 0 0 2.6 4.6000000000000005 4.800000000000001 1.8 2.6 0 0 5.6000000000000005 3.2 1.8 2.8000000000000003 0.2 0 0 9.200000000000001 3.6 5.2 0.6000000000000001 0 1.8 0 0 2.8000000000000003 0 0 0 0 0 0 3.8000000000000003 0 4 0 3.2 0 0 0 4.4 2.2 0 0 0 0 0 0 0 0 0 0 0 0 0 0 0 0 0 0 0 0 0 0 0 0 0 0 0 0 0 0 0 0 0 0 0 0 0 0 0 0 0 4.6000000000000005 0 0 0 0 18.6 0 0.2 0.2 2.6 0.4 0 0 0 0 0 0 0 0 0 0 0 0 0 0 0 0 0 0 0 0 0 0 0 3 2.2 0 0 0 0 0 0 0 0 0 0 0 0 0 
 25.200000000000003 61 31.400000000000002 50.800000000000004 24 31 69.60000000000001 27.200000000000003 62 27.400000000000002 25.200000000000003 24 4.4 5.800000000000001 8.6 44 0 24.8 6.6000000000000005 8.4 1.6 0.4 0.6000000000000001 0 0.6000000000000001 0.2 0.6000000000000001 0 0.6000000000000001 0 0.4 0 0.4 5 0.4 0.6000000000000001 14.8 0.4 16.8 4 1.6 0 0.6000000000000001 0.4 0.6000000000000001 0.6000000000000001 0 0 0.4 1.2000000000000002 0.6000000000000001 0 0 0.6000000000000001 0 1.8 2.2 0 0 0 0 0 0.6000000000000001 0.6000000000000001 0 0 0.4 10.8 0 0.6000000000000001 0 1.8 0.6000000000000001 0 0 0.8 0 0 0 0 2.4000000000000004 1.8 3.6 0 2.8000000000000003 0 3.8000000000000003 0.6000000000000001 5.2 2.2 0 8.4 0 5.800000000000001 1.6 2.4000000000000004 5.6000000000000005 1.4000000000000001 0 2.4000000000000004 3.2 0 0.2 0 0 0 5 0 0 3.2 0 0 5.4 0 0.2 1.8 0 0 11.4 2.4000000000000004 0 0 0 0 0 0 0 2 0 0 0.4 0 0 0 0 0 0 0 0 0 0 0 0 0 0 0.2 0 0 0 0 0 0.2 0 0 0 0 0 0 0 0 0 0.2 13.200000000000001 2.8000000000000003 3.8000000000000003 3.6 0 3.2 0.2 2.6 3 4.6000000000000005 1.8 2.6 2.4000000000000004 3.6 1.6 8 0 0 2 0 0 0 0 0 0 0.6000000000000001 0 0 0 0 2 0.4 7.2 0.4 0 0 9.200000000000001 2 0 0 0 0 0 0 0 0 0.2 0.2 0 0 0 0 0 0 0 0 0 0 0 0 0 0 0 0.2 0 0 0 0 0 0 0 0 0 0 0 0 0 0 0 0 0 0 0 0.8 17.8 0 1.4000000000000001 0.6000000000000001 0 2.2 0 0 0 0 0 0 0 0 0 0 1.2000000000000002 0 0 0 0 0 0 0 0 0 0 0.4 0 0 0 4 0 0 0 0 0 0 0 0 0 0 0 0 
 50.6 11 56.800000000000004 28.6 11.4 27.6 109.60000000000001 64.4 42.800000000000004 67 74 21.200000000000003 11.200000000000001 25 9.200000000000001 46 24.8 0 25 17.8 0.6000000000000001 0.4 0 0 0.4 0 15.600000000000001 0 1 0 0.4 1 0.2 0 0.4 0.4 0.2 0 0 14.8 0 0 13 0 0 1.2000000000000002 13.200000000000001 0 0.4 1 0 0.2 0 1 0 0.8 0.6000000000000001 0 0 0 0 0 0 0 0 0 10.8 0 0 0 0 0 0.6000000000000001 0 0 0 0 0 0 0 0.4 2.4000000000000004 2.6 7.6000000000000005 1.6 0 2.8000000000000003 2.2 6.4 11.600000000000001 0 2.4000000000000004 0 6.4 6.4 0 3.4000000000000004 6.800000000000001 0 3.8000000000000003 0 0 0 0 0 0 0 0 0 0.2 0 0 2.2 0 0 0 0 0 0 0 0 0 0 0 0 0 0 0 0 0 0 0 1.4000000000000001 0 0 0 0 0 0 0 0 0 0 1.6 0 0 0 0 0 0 0 1.2000000000000002 0 0 0 0 0 0 0 0 7.6000000000000005 1.8 3.6 0.2 1.4000000000000001 0 3.4000000000000004 3.4000000000000004 5.800000000000001 2 0.2 0.2 3 0 0.4 2 2.6 5.6000000000000005 0 2.2 0 0 0 0 0 0 0.6000000000000001 0.4 0 0 0 0 0 0 0 0 0 0 0 4 0 0 0 0 0 0 0 0 0 0 4.2 0 0 0 0 0 0 0 0 0 0 0 0 0 0 0 0 0 0 0 0 0 0 0 0.2 0 0 0 0 0 0 0 0 0 0 0 0 0 0.4 18 0.2 1.8 0 0 0 0 0 0 0 0 0 0 0 0 0 0 0 0 0 0 0 0 0 0 0 0 2.8000000000000003 0 0 0 0 0 0 0 0 0 0 0 0 0 
 44.800000000000004 28.8 7.4 13 53.800000000000004 6.800000000000001 31.6 11.600000000000001 14.4 12.8 6.6000000000000005 5.6000000000000005 104.4 21.8 21.200000000000003 5.6000000000000005 6.6000000000000005 25 0 66.60000000000001 0.6000000000000001 0.4 0 0 0.2 0.4 0.6000000000000001 0 0.6000000000000001 0 0 0 1 0.6000000000000001 0.4 0.4 0.6000000000000001 1.4000000000000001 0 0.8 0.8 0 0.6000000000000001 0.4 0 1 0 0 0.4 1.4000000000000001 0 0 0 0.6000000000000001 0.8 0.4 1.4000000000000001 0.8 0.8 0 0 0 0 0 0 0 0.4 0.2 0 0 12 0.6000000000000001 0.6000000000000001 0 0 0 0 1.2000000000000002 0 0 6.4 8.8 5 3.6 0 3.6 5 0 0 2.2 0.6000000000000001 0 7.2 6.4 0.6000000000000001 2.2 0 4 3.2 1.8 0 0 0 0 0 0 0 0 0 0 0 0 0 0 0 0 0.2 0 0 0 0 0 0 0 0 0 0 0 0 0 0 0 0 0 0 0 2 0 0 0 0 0 0 0 0 0 0 0 0 0 0 0 0 0 0 0 0 0 0 0 5.6000000000000005 0.4 0 0 0 0 0 6.2 0 0 0 0 8 0 4.6000000000000005 1.8 0 0 3 6.6000000000000005 0 0 0 0 0 0 0 0 0 0 0 0 0 0 0 0 0 0 0 0 0 0 0 0 0 0 0 0 0 0 0 0 1.2000000000000002 0 0 0 0 0 0 0 0 0 0 0 0 0 0 0 0 0 0 0 0 0 0 0 0 0 0 0 0 0 0 0 0 0.6000000000000001 0 0 0.2 0 0 0 0 0 0 0 0 0 0 0 0 0 0 0 0 0 0 0 0.6000000000000001 0 0 0 0 0 0 0 0 0 0 0 0 0 0 0 0 0 0 0 0 0 
 10 8.8 7.6000000000000005 15 18.6 49.400000000000006 45.6 72 21.200000000000003 41.400000000000006 28.200000000000003 23.8 43.2 35.2 38.2 11 8.4 17.8 66.60000000000001 0 1 0.2 0.4 0 0 0 0.6000000000000001 0 1.2000000000000002 0 0 0 0 0.4 0.4 0 0.2 0 0 0 0.4 0 0.6000000000000001 0 0 0.4 0 0.6000000000000001 0.4 0.6000000000000001 13.200000000000001 0 0 0.6000000000000001 0 0 0.6000000000000001 0 0 0 0 0 0 0 0 0 0.4 0.2 0 0 0 0 0.6000000000000001 0 0 0 8 0 0 0 6 0 5.800000000000001 5 0 0 1.6 0 0 2.8000000000000003 4 3 4.800000000000001 2.6 5.4 0 0 4.4 7.6000000000000005 4.4 0 0 0 0 0 0 0 0 0 0 0.2 0 0 0 1.8 0 0.4 0 2.8000000000000003 0 0 0.4 0 0 0 0 0 0 0 0 0 0 0 0 0.2 0 0 0 0 0 0 0 0 0 0 0 0 0.2 0 0 0 0 0 0 0 0 0 0 0 0 6 3.4000000000000004 2 2.4000000000000004 2.8000000000000003 0 0 3.8000000000000003 0 0 3 0.2 5.2 2.4000000000000004 6.4 1.2000000000000002 0 0 0 2.6 0 0 0 0 0 0 0 0 0 0 0 0 0 0 0 0 0 0 0 0 0 0 0 0 0 0 0 0 0 0 0 0 0 0 0 0 0 0 0 0 0 0 0 0 0 0 0.2 0 0.2 0 0 0 0 0 0 0 0 0 0 0 0 0 0 0 0 0.4 0.2 0.4 0 0.8 0 3.6 0 0 0 0 0 0 0 0 0 0 0 0 0 0 0 0 0 0 0 0 0 0 0 1.8 0 3.8000000000000003 0 0 0 0 0 0 0 0 0 0 0 0 
 0.6000000000000001 0.4 13.4 0.6000000000000001 0.6000000000000001 16.2 1 0.6000000000000001 0.6000000000000001 0.6000000000000001 0.6000000000000001 0.8 0.6000000000000001 0.6000000000000001 0.6000000000000001 1 1.6 0.6000000000000001 0.6000000000000001 1 0 94.60000000000001 34 50.2 8.6 18.6 29.400000000000002 29.8 28.6 41.800000000000004 5.6000000000000005 16.2 58.400000000000006 41.6 56.2 24 5.800000000000001 14 19 11 0.6000000000000001 0 0 0 2.2 0 0 0 0.6000000000000001 15 0.6000000000000001 0 0 0 0 0 0.6000000000000001 0.6000000000000001 0 0.6000000000000001 0.6000000000000001 0 0.6000000000000001 0.6000000000000001 0 0 0.4 0 0.8 0 0 0.6000000000000001 1 0 0 0 0 0 20.200000000000003 0 0 0 0 0 2 2 0 0 0 0 0 3.2 0 0 0 0 2.8000000000000003 0 0 0.2 6.800000000000001 5.2 2.8000000000000003 0 4.6000000000000005 5.800000000000001 5 12.8 9.4 3.2 2.2 0 0.2 3.8000000000000003 3.6 8.6 0.2 0.2 4.800000000000001 4.4 0 0 0 2.6 0 0 2 0 0 0 0 0 0 1.8 0 0 0 0 0.6000000000000001 0 0.4 0 0 0 0 0 0 0 0 0 0 0 0 0 0 0.2 0.6000000000000001 0 0 0 0 0 0 0 0 5.2 0 0 0 0 12.8 2.4000000000000004 1.2000000000000002 0 0 0 4 0 0 0 11.8 7 4 0.2 0 4.800000000000001 1.2000000000000002 0.2 2.2 2.2 0 2.6 2.6 4.2 3.4000000000000004 2 6 0 1.8 0 0 0 0 0 0 0 0 0 0 0 0 0 0 0 0 0 0 0 0 0 0 0 0 0 0 0 0 0 0 0 0 0 0 0 0 0 0 0 0 0 0 0 1.8 0 0 0 0 0 0.2 0 0 0 4.2 0 2 0 0.4 0.2 0 0.4 2.6 0 0 0 0 0.2 0 0 0 0 0 0 0 0 0 0 0 0 0 0 0 0 0 0 0 0 0 0 0 0 
 0 0 0 13.200000000000001 1 0 0.6000000000000001 0.6000000000000001 0.2 0 0.4 0 0 0 0 0 0.4 0.4 0.4 0.2 94.60000000000001 0 67 58.800000000000004 68.4 6.4 22.6 73.60000000000001 29 9 23.6 29.6 27.400000000000002 17 32.2 31.6 14.600000000000001 68.4 8.6 10.600000000000001 0 0 0 0 0 0 0 0 0.6000000000000001 0.6000000000000001 0.6000000000000001 0 0 0 0 0 0 0.6000000000000001 21.8 0.6000000000000001 0.6000000000000001 0 0.6000000000000001 0.6000000000000001 0 0 0.4 0.6000000000000001 0.4 0 1 0 0.8 0 5.6000000000000005 0 0.2 0 0 0 0 0 0 0 0 0 0 2.2 0 0 0 0 0 0 0 0 4.800000000000001 1.8 0 0 0 0.2 5.4 1.6 4 2.2 2.4000000000000004 9 4.2 0 3 3 0 4.4 2.6 4.4 11.200000000000001 4 0.2 0 0.2 0 0 0 0 0 0.6000000000000001 0 0.2 0 0 0 0 3.8000000000000003 3.2 0 0 0 0 8.6 0.8 0 0 0 0 0 0 0 0 0 0.2 0 0 0 0 0 0 0 0 0 0 0 0 0 0 0 0 0 0 0 0 0 0.4 0 0 0 0 0 0 0 0.4 3 3.4000000000000004 8.200000000000001 0 2.8000000000000003 0 1.8 6.2 8 9.8 5.4 0 0 0.2 5.4 4.2 1.4000000000000001 3.2 0 0 0 0 0 0 0 0 0 0 0 0 0 2.2 0.2 0 0 0 0 4.2 0 0 0 0 0 0 0 0 0 0 0 0 0 0 0 0 0 0 0 0 0 0 0 0.2 0 0 0 0 0 0 0 0 0 0 0 4.6000000000000005 0 0 8.4 21 0.4 0.2 0 0 0 0 0 0 0 0 0 0 0 0 0 0 0 0 0.2 0 0 0 2 0 0 0 2.8000000000000003 0 0 0 2 
 0.6000000000000001 0 0.2 0 0 0 0 0 0.2 0 0 0 0 0 0 16 0.6000000000000001 0 0 0.4 34 67 0 62.2 23.6 11 15.600000000000001 25.8 28.200000000000003 10.8 20.8 56 29.400000000000002 80.80000000000001 45.2 15.8 26.8 72.2 20 13 0 0.2 0 0 0.4 0 0 0 0.6000000000000001 0.6000000000000001 0.6000000000000001 0.2 0 0 0 0 0 0.4 0 0.6000000000000001 0.6000000000000001 0 0.6000000000000001 0.6000000000000001 0 2 0.4 0 0.4 0.8 0 0 0.6000000000000001 0 0 0 0.4 0 0 0 0 0 0 0 0 0 0 0 0 0 0 0 0 0 0 0 0 0 0 0 0.4 0 3.2 4.2 0.6000000000000001 1 2.2 3.8000000000000003 2.6 0 0.6000000000000001 6 0.2 5.2 1.8 2.2 6.4 2 0 0 0 0 0 0 0 0 2.4000000000000004 0 0 0 0 0 0 1.6 0 0.4 0 0 0 3.2 1.2000000000000002 4.800000000000001 0 0 0 0 0.2 0 0 0 0 0 0 0 0 0 0 0 0 0.4 0 0 0 0 0 0 0 0 0 0 0 0 0 0 0 0 0 0 0 0 0 0 3.4000000000000004 7.800000000000001 0 0 0 2.6 4.2 1.4000000000000001 8.4 2 2.8000000000000003 2.8000000000000003 0.4 4 3.8000000000000003 3.8000000000000003 2 0 0 0 0 0 0 0 0 0 0 2.6 0 0 0 0 0 0.2 0 0 0 0 0 0 0 0 0 0.4 0 0 0 0 1.8 0 0 0.2 0 0 0.4 0 0 0 0 0 0.2 0 0 0 0 0 0 0 0 0 0 0 0 0.2 0 35.800000000000004 8.4 0 0 0 0 0 0 0 0 0 0 0 0 0 0 0 0 0 0.4 0 0 0 0 1.8 0 0 0 0 5.6000000000000005 0 0 0 
 0 0 0 0.4 0 0 0 0 0.2 0 0 0 0 0 0 0.2 0 0 0 0 50.2 58.800000000000004 62.2 0 63.800000000000004 10.600000000000001 15.8 17.400000000000002 21 21 31.6 13 12.4 16.6 14.600000000000001 23 55.2 31.8 12.8 10.8 0 0.4 0 0 0.2 0 26.8 0 0.6000000000000001 0.6000000000000001 0.6000000000000001 0 0.8 12.8 0.2 0.6000000000000001 0 5.4 0 13 0.6000000000000001 0 0.6000000000000001 0.6000000000000001 0 0.2 0.4 0.4 0.4 0 0 0 0.6000000000000001 0 0 0 2 0 0 0 0 0 0 0 0 0 0 0 0 0 0 0.4 0 0 0 0 0.2 0 0 0 0 0 0 3.8000000000000003 0.8 0 0 0 0 3 4.800000000000001 5.6000000000000005 0 0 1.2000000000000002 0 0 0 0 0 4.800000000000001 6.2 6.2 0 0 0 9 2 7.800000000000001 0 3.2 0 6.800000000000001 0 0 1.8 4.800000000000001 2.2 1.4000000000000001 5.6000000000000005 0 0 0 0 0 0 0 0 0 0 0 0 0 0 0 0.6000000000000001 0 0 0 0 0.4 0 0 0 0 0.2 0.4 0 2 0 0 0.6000000000000001 0.2 0.2 0 0 0.6000000000000001 0 0 0 0 0 0 4 1 1.4000000000000001 0 0 0 0 0.2 2.4000000000000004 0 0 0 3.2 0 1.4000000000000001 0 0 7.4 5.800000000000001 2.6 3.2 0 0 2.6 8.6 4.800000000000001 2.4000000000000004 0 0 4.4 4.800000000000001 5.2 5.2 3 2.2 3.2 2.4000000000000004 0 0 0 0 0 2.8000000000000003 0 0 0 0 0 0 0 0 0 0 0 0 0 0 0 0 0 0 0 0 0 0 0 0 0 0 0 0 1.8 0 0.4 0.8 0.2 0.2 0.4 3.6 0 0.2 0 0 0 0 0 0 0 0 0 0 0 0 0 0 0 1.8 0 2.2 0 0 0 0 0 0 0 0 
 0 9.4 0 0.4 0 0 0.6000000000000001 0 0.4 0.4 0 0 0 0 0 0.2 0.6000000000000001 0.4 0.2 0 8.6 68.4 23.6 63.800000000000004 0 33 8.4 20.6 19.400000000000002 65 18.400000000000002 31.6 19.400000000000002 14.8 19.6 18 11.4 12.600000000000001 51.800000000000004 26.6 0 44.6 17 0 0 0 16.8 0 4.6000000000000005 0.6000000000000001 2.2 0 0.2 6.6000000000000005 4.4 16.8 0 0.4 17.400000000000002 1 0.6000000000000001 1 0.6000000000000001 0.6000000000000001 0.2 0 0.4 0 0.4 0 0 0 1.8 1.2000000000000002 0 1.2000000000000002 0 0 0 1.2000000000000002 0 0 0 0 0 0 0 0 0 0 0 0.2 0 0 0 0 0.4 0 0 0 0 2.8000000000000003 2.8000000000000003 1.8 0 0 0 0 0 0.2 0 3.6 0 0 0 0 0 2.8000000000000003 0 0 8.4 0.2 4.800000000000001 0.2 0 0 4.6000000000000005 0.2 5.6000000000000005 0 3.6 2.6 0 1.6 0 0 0.2 6.800000000000001 0 0 0.4 0 0 0 0 0 0 0 0 0 0 0 0.4 0 0 0 0 0 0 0 0.2 0 0 0 0 3.8000000000000003 0 0 0 0 0 1.6 0.4 0.4 0 0 0 0 0 0 0 0.2 3.2 7 4.800000000000001 0 0 0 0.2 0 3.2 5.800000000000001 0 0 4 0.2 0 0 0.2 0 3.4000000000000004 0 0 4 0 0 4.4 2 1.6 0.2 2.6 0 3.8000000000000003 0.4 0 0 0 4.2 0.2 2.2 0 0 0.2 0 0 0 0 6.2 0 0 0 0 0 0 0.2 0 0 0 0 0 0 0 0 0 0 0 0 0 0 0 0 0 0 0 2.2 1 0 0.2 23 0 15 0.4 0 0 0 0 0 0 0 0 0 0 0 0 0 0 0 0 0 0 0 5 0 0 0 0 0 0 0 0 
 0 0 0 0 0 0 0.2 0 0.2 0 0 0.2 0 0 0 0 0.2 0 0.4 0 18.6 6.4 11 10.600000000000001 33 0 6 10.8 75.60000000000001 29.6 30 61 56.400000000000006 20.6 98 51.400000000000006 11.4 23.200000000000003 4.6000000000000005 11.4 12.600000000000001 1.8 0 12.4 0 0 10.600000000000001 0 0.6000000000000001 1 0.6000000000000001 0 31.400000000000002 12.200000000000001 12.8 12.8 0 1.2000000000000002 12.8 13 0.6000000000000001 0 0.6000000000000001 0.6000000000000001 0 0 0.4 0 0.4 0 0 0 1.4000000000000001 0.8 0 1.4000000000000001 0.4 10.200000000000001 0 4 0 0 0 0 0 0 0 0 0 0 0 0 0 0 0 0 0 0 0 0.4 0 3.4000000000000004 0 9.8 0.6000000000000001 0.2 0 0 0 2.6 0.2 0 0 0 0 0 0 0 0 0 4.800000000000001 6.2 3.4000000000000004 4.800000000000001 0 0 6.6000000000000005 6 0 5.6000000000000005 0 2.8000000000000003 0 6.6000000000000005 5.2 0 0 0 8.6 0 0 0 0 0 1 0 0 0 0 0 0 0 0 0 0 0 0 1.2000000000000002 1.2000000000000002 0 0 0 0 0 0 1.4000000000000001 0 0 0 0 0 0.4 0 0 0 0 0 0 0 0.4 0 0 2.2 0.6000000000000001 0.4 3 0 0 0 1.4000000000000001 3.8000000000000003 3.2 0 0 0 2 0 6 0 0 0 0.4 2 6.800000000000001 1.8 0 3.8000000000000003 11 0 0 0 3.2 3.6 2 0 0.2 0 0 7.6000000000000005 6.6000000000000005 0 0 0 0 0 2.8000000000000003 0 0 0 0 0 0.2 0 0 0 0 0 0 0 0 0 0 0 0 0 0 0 0 0 0 0 0 0 0 0 0 0.2 0 15.8 0.6000000000000001 1.2000000000000002 0 1.2000000000000002 0 0 0 0 0 0 0 0 0 0 0 0 0 0 0 0 0 0 0.2 0 0 0 0 0 0 0 0 
 0.6000000000000001 0.6000000000000001 6.2 0.8 32.4 0.8 0.6000000000000001 0.8 1 11.600000000000001 2.6 1.2000000000000002 0.6000000000000001 0.6000000000000001 0.8 15.600000000000001 0.6000000000000001 15.600000000000001 0.6000000000000001 0.6000000000000001 29.400000000000002 22.6 15.600000000000001 15.8 8.4 6 0 30.6 12.600000000000001 25.6 19.6 14.600000000000001 45.2 20.400000000000002 17.6 21.8 5.800000000000001 24.400000000000002 24.400000000000002 30.6 0 0 0 0 0 0 0 0 0.6000000000000001 0.6000000000000001 0.6000000000000001 0.4 0 0 0 0 0 0.4 0 0.6000000000000001 0.6000000000000001 0 1.2000000000000002 0.6000000000000001 0 1.4000000000000001 0.4 0 0.4 1 0 0 0.8 0 0 0 0.2 0 0 6 0 0 0 5.4 0 1.8 2.6 0 0 0.2 1.4000000000000001 0.2 0 0 0 0 0.4 0 0 0 0.4 4.2 2.6 1.6 2 6.4 0 2 0.2 0 0 0 2.8000000000000003 4.800000000000001 0 1.8 5.800000000000001 2.4000000000000004 2.6 2.6 0 0 0 0 0 0 0.2 0 0 0 0 0 0 0.4 0 0 0 0 1.2000000000000002 0 0 0 0 1.2000000000000002 0 0 0 0 0 0 0 1.2000000000000002 0 0 0 0 0.2 0 0 0 0 0 0 0.6000000000000001 2.6 4.2 0 0 0 0 0 0 0 0 0 0 0 2 0 0 0.4 0.8 0.4 0 2.4000000000000004 0 2.8000000000000003 9.200000000000001 0 2.6 0 3 6.2 3.2 3.4000000000000004 2 3.6 0 0 2.2 5.800000000000001 0 0 0 0 0 0 0 0 0 0 0 0 0 0 0 0 0 0 0.2 0 1.8 0 0 0 0 0 0 0 0 0 0 0 0 0 0 0 0 0 0 0 0 6.2 0 0 0 0 0 0 0 0 0 0.2 0 1 0 0 15.4 0 0.4 0 0 0 0 0 0 0 0 0 0 0 0 0 0 0 0 2 0 0 0 0 0 0 0 0 3.4000000000000004 1.6 0 0 0 
 0 0.4 0 4.2 14.600000000000001 14.600000000000001 0 0 0 0 7.4 7.800000000000001 0 0 0 0 0 0 0 0 29.8 73.60000000000001 25.8 17.400000000000002 20.6 10.8 30.6 0 31.8 51 12.600000000000001 11.600000000000001 41.800000000000004 56.800000000000004 68 115.60000000000001 105 88 27.400000000000002 20.200000000000003 0.2 0.4 0 0 41.400000000000006 0 0.2 0 0.6000000000000001 0.6000000000000001 0.6000000000000001 0 0 0 0 1.2000000000000002 0 0.6000000000000001 11.600000000000001 0.6000000000000001 1 0 1.2000000000000002 0.6000000000000001 0 0 0.4 1 0.4 0.6000000000000001 1.8 0 1.2000000000000002 0 0 0 0 0 0 0.4 0 0 3.4000000000000004 0 1 2.6 0 0 5.4 1.2000000000000002 1.2000000000000002 0 0 1 0 0 0 0 0 0 0 8.200000000000001 2.8000000000000003 0 0 0.4 3 3.4000000000000004 0.4 0.2 2.8000000000000003 0 0 0.4 4.6000000000000005 3.8000000000000003 15.4 8.8 2.6 0 0 0 0 0 0 0 0 0 0 0 0 0 1.8 0 0 0 0 0 1.8 0 0.8 0 0 0 0 0 0 0 0 0 0 0 0 0 0.4 0 0 0 0 0 0 0 0 0 0 0 0.2 0 0 0 0 0 0 0 0 0 0 0 0 0 2.8000000000000003 18.2 0 0 0 0 0 0 4.2 0.6000000000000001 3.8000000000000003 2.2 1.4000000000000001 5.800000000000001 0 0.4 6.4 6.4 1.6 2 0 0 0 0 0 0 0 0 0 0 0 0 0.6000000000000001 0 0.4 0 0 0 8.4 0 0 0 0 0 0 0 0 0 0 0 0 0 0 0 0 0.2 0 1 0 0 0 6 0 0 0 0 16.8 0 0 0 0 0 0 0.4 1.2000000000000002 0 0.8 14.8 0 0.8 0.2 0 0 0 0 0 2 0 0 0 0 0 0 0 0 0 1.8 0 0 0 0 1.6 0 0.4 0 2.2 0 0 0 0 
 0.6000000000000001 0.6000000000000001 0.6000000000000001 1 0.6000000000000001 15.8 2 1 0.6000000000000001 0.6000000000000001 0.6000000000000001 0.8 40.800000000000004 0.6000000000000001 1.2000000000000002 0.6000000000000001 0.6000000000000001 1 0.6000000000000001 1.2000000000000002 28.6 29 28.200000000000003 21 19.400000000000002 75.60000000000001 12.600000000000001 31.8 0 92.4 32.6 18.400000000000002 43.400000000000006 71.8 72.2 37.6 10.600000000000001 102.2 38.6 15.200000000000001 0.6000000000000001 0 0 0.6000000000000001 41 0 0 0 0.6000000000000001 0.6000000000000001 0.6000000000000001 0 12.4 0.2 0 0 0 0.6000000000000001 12.4 0.6000000000000001 0.6000000000000001 0 0.6000000000000001 0.6000000000000001 0 0 0.4 0 0.4 0.4 0 0 0.8 0 0 0 5.6000000000000005 0.4 20.200000000000003 11.200000000000001 0 0 0.4 0 0.2 0.4 0 0 0 0 0 0 0 0 0 0 0.2 0 0 0 0.2 5 1.2000000000000002 4 1.8 0 7.6000000000000005 3.4000000000000004 0 6.2 3.4000000000000004 0 0 4.2 2.2 5.800000000000001 4.4 2.8000000000000003 0 2.6 0 0 0 0 0 0 2.8000000000000003 2.6 0 0 0 0 0 5.2 0 0 0 0 4.4 0 2.2 0 2 0 0 0 0 0 0 0 2.2 0 0 0 0 0 0.2 0 0 0.6000000000000001 0 0 0 0 1.4000000000000001 3.4000000000000004 0 0 0 0 0 0 0 0 0 1 0 0 0 1.6 3.6 3.6 4.4 0.4 6.800000000000001 5 0 10.600000000000001 9.200000000000001 6.2 3.4000000000000004 2.4000000000000004 2.2 3 0 2.2 10.8 11 1.8 0.6000000000000001 0 0 0 0 0 0 1.8 0.2 0 0 0 0 0 2.2 0 0 0 0.4 7.4 4.4 0 0 0 0 0 0 0 0 0 0 0 0 0 0 0 0 0 0 0 0 0 0 0 0 0 0 0 0 0 0.4 0 0 0.2 0 1.8 0.2 0.2 30.6 11 0.2 0.4 0 0 0 0 0 0.2 0 0 0 0 0 0 0 0 0 0 0 0 0.2 0 2.8000000000000003 0 0 0 0 0 0 0 0 
 0 0 0 0.6000000000000001 0 0 0 7.4 0 0 0 0 0 0 0 0 0 0 0 0 41.800000000000004 9 10.8 21 65 29.6 25.6 51 92.4 0 22.6 27.200000000000003 43.400000000000006 45.6 34.800000000000004 17.400000000000002 7.2 40.800000000000004 31 28 0 0.4 0 0 52.800000000000004 0 19.200000000000003 0 0.6000000000000001 0.6000000000000001 0.6000000000000001 0 0.2 13 0 0.2 0 0.4 0 13 0.6000000000000001 0 0.6000000000000001 0.6000000000000001 0 0 0.4 0 0.4 1.2000000000000002 0 0 0.8 0 0 0 0.6000000000000001 0 18.2 0 0 0 0 0.2 1.6 0 0 0 0 0 0 0 0 0 0 0 0 0 0 0 2.4000000000000004 6 3.6 6.4 8.4 6.4 6 4 2.6 2.4000000000000004 0 5.800000000000001 0 0.6000000000000001 0.2 3.8000000000000003 0 0.2 0 5 0 3 0 0 0 0 2 0 0.2 0 0 0 1.8 1.4000000000000001 0 8.4 0.2 0 8 0 0 0 0 0 0 0 0 0 0 0 2 0 0 1.8 0 1.6 0 0 0 0.2 0 0 0 0 0 0 0 0 0 0 0 0 1.8 0 0 0 0 0 0 0 2.8000000000000003 4 9 0 0.4 2.2 0 3.4000000000000004 2.2 9.200000000000001 9.200000000000001 2.6 6.2 1.6 0 9.8 0.8 0 0 0 2.2 0 0 0 0 0 2 0.2 0 0 0 0 0 2 0 0 2 0 0 2 0 0 0 0 0 0.2 0 0 0 0 0 0 0 0 0 0 0 0 0 0 0 0 0.8 0 0 0 0 0 0 0 0 0 0 0 1 0 0.6000000000000001 15.4 0 0.4 3 2 0 0 0 0.2 0 0 0 0 0 0 0 0 0 0 0 0 0 0 0 0 0 0 0 0 0 0 0 0 
 0 0.4 0 0.6000000000000001 0 0 0 0 0 0 0 0 0.2 0 0 0.6000000000000001 0.4 0.4 0 0 5.6000000000000005 23.6 20.8 31.6 18.400000000000002 30 19.6 12.600000000000001 32.6 22.6 0 14 7.2 6.4 11 95.2 38 23.200000000000003 4.800000000000001 30.200000000000003 0.2 13 0 0 0 0 25.8 0.2 0.6000000000000001 1.2000000000000002 1.2000000000000002 3 5 12.8 0.6000000000000001 0.4 0 0.4 11.200000000000001 15.4 1 1.2000000000000002 1.2000000000000002 0.6000000000000001 0.6000000000000001 0 0.4 1.2000000000000002 1 1.2000000000000002 2.2 0.4 0.8 2.4000000000000004 0 0.6000000000000001 0.2 0 0 0 0 0.2 3.4000000000000004 0 0 0 0 0 0 0 0 0 0 0 0.2 0 0 0 0 0 0 6 3 9.600000000000001 0.4 0.8 0 2 8.200000000000001 3.8000000000000003 3.8000000000000003 3.8000000000000003 0 0 0 0 4.800000000000001 0 0 0 0.2 3 0 0 0 0 3.6 0 0 0 0 0 9.4 4.4 0 0.4 0.2 0.2 11.8 5 0 0 0.2 0 0 0 0 0 0.2 0 0 0 0 0 0.4 0.2 0 0 0 0 0 0 0 0 0 1.8 0 0 0 0 0 0 0 0 0 0.6000000000000001 0 0 0 1 0 0.2 0.2 2.2 8.4 0.2 0 3.8000000000000003 0 4.2 0 0.4 0 2 5 6.2 0 7.6000000000000005 0 0 4.4 8 0 0 0 0 0 4.2 0 0 0 0 0.8 1.8 0.4 3.6 1.8 0 4.2 2.4000000000000004 0 0 0 0 0 0 0 0 0 0 0 0 0 0 0 0.2 0 0 0 0.2 0 0 0 0 0 0 0 0 0 0 0 0 0 0 1.8 0 0 15.8 15.4 0.4 0.8 1.4000000000000001 0 0 0 0 3.4000000000000004 0 0 0 0 0.2 0 0 0 0 0 0 0 2.8000000000000003 0 0 0 0 0.2 0 0 0 0 0 
