 0 72.2 82.60000000000001 34.2 5.800000000000001 8.4 60.2 36.800000000000004 15.4 124.60000000000001 18.400000000000002 107.4 24.8 47.2 26.6 9 23.8 25.400000000000002 7.4 9.4 0.2 0.2 0.4 8.4 0.4 0.4 0 16 0.6000000000000001 0.6000000000000001 0.2 0.4 15 0.6000000000000001 0.6000000000000001 0 0 0 0.2 0 0 0.8 0.6000000000000001 0 0.6000000000000001 0 0 0 1.2000000000000002 0.6000000000000001 0 1 0 0 0 0 0.6000000000000001 0.4 0.6000000000000001 0.8 0.6000000000000001 0.2 1 0 0 1.2000000000000002 0 0.4 0 0.2 0 0.4 0.4 0.2 0 0.6000000000000001 0.8 0 0 0 3.2 2.2 2.2 4 3.2 3.8000000000000003 0.2 0 4.2 8.4 2 6.4 2.8000000000000003 4.6000000000000005 2 0 5.4 0 0 1.6 0 0 0 0 0 0 0 0 0 0 0 0 2.8000000000000003 0 0 0 0 0 5 1.4000000000000001 0 0 0 0 0 0 0 0 0 0 0 3.2 0 0 0 0 0 0 0 0 0 0 0 0 0.2 2.4000000000000004 0 0 0 0 0 2 0 0 0 0 0 0 0.6000000000000001 0 5.2 5.6000000000000005 4.2 0 5 0 1.4000000000000001 3.8000000000000003 2 1.4000000000000001 3.2 2.2 0 1.4000000000000001 5.800000000000001 7.2 2.8000000000000003 5.2 1 2.2 0 0 0 0 0 0 0.2 0 0 0 0 0 0 2.8000000000000003 0 0 0 0 0 0 0 0 0 0 0 0.2 0 2.2 0 0.2 0 0 0.4 0 0 0 0 0 0 0 0 0 0 0 0 0 1.8 0 0 0 0 0 0 0 0 0 0 0 0 0.2 0 0 0 0 0 0.2 0.8 0.4 0.6000000000000001 0 2.2 1.2000000000000002 3.2 0 0 0 0 0 0.4 0 0 0 0 0 0 0 0 0 0 0 0 0 0 0 0 0 3 2 0 0 0 0 0 0 0 0.4 0 0 0 2.4000000000000004 
 72.2 0 27 27.6 25 18.6 43 46.6 33.800000000000004 44.400000000000006 31.200000000000003 24.6 26.400000000000002 42.400000000000006 45.400000000000006 28 41.2 29.200000000000003 11.4 10.600000000000001 0 0 0.6000000000000001 0 0.4 0 0.4 0 0.2 0.4 0.2 0 0 0.6000000000000001 0.6000000000000001 0.2 0 15 5.2 0.2 0 0.6000000000000001 0 0 0.4 0 0.6000000000000001 0 0.6000000000000001 0 0 9.4 0 0 0 0 0 0 0.6000000000000001 0 0 0 0.2 0 0 0.6000000000000001 8.6 0 0 0 0 0.4 0 0 0 0 0 0 0 0 3.6 4.2 0 5 4.6000000000000005 0 2.6 3.4000000000000004 11.8 0 10 5.6000000000000005 2.6 2.2 7.800000000000001 4.4 4.6000000000000005 0 2 4.4 0 0 0 0 0 0 0 0 0 1.6 0 0 3 0 0 0 0 0 2.4000000000000004 2 0 0 0 0 0 0 0 0 0 0 0 3.8000000000000003 2.8000000000000003 0 0.4 0 0 0 4 0 0 0 0.6000000000000001 0 0 0 0 0 0 0 0 0 0 0 0 0 0 0 0 0 4.2 3.6 2.4000000000000004 0 0 5 3.2 1.6 3.6 6.800000000000001 7.4 5.6000000000000005 0 4.4 10 4.2 7 6.800000000000001 1.4000000000000001 2.8000000000000003 0 0 0 0 0 0 0 0 0 0 0 4.4 1.2000000000000002 3 0 0 0 0 0.8 0 0 0 0 0 0 0 0 0.2 0 0 0 0.8 0 0 0 0 0 0 0 0 0.2 0 0 0 0 0 0 0 0 0 0 0 0 0 0 0 0 0 0 0 0 0 0 0 0 0 0 0 0.4 0.2 1.2000000000000002 2.6 0 0 0 0 0 0 0 0 0 0 0 0 0 0 0 0 0 0 0 0 0 0 0 2 0 0 0 0 0 0 0 0 0 0 0 0 0 0 
 82.60000000000001 27 0 46.6 27.6 30 53.800000000000004 76 40.800000000000004 29.200000000000003 83.80000000000001 7 29.200000000000003 17 48.2 45.800000000000004 36.4 69.8 10.600000000000001 35.2 0 0 0.6000000000000001 0 0.4 0 0.4 0 0.4 0.4 0.6000000000000001 0.2 0.4 0.8 0.6000000000000001 0.2 0 0 0.4 0 0 0.6000000000000001 0 0 0 0.2 0 0 0.6000000000000001 0 0.2 0.4 0 0 0 0.2 1.8 0 1 0 1.6 0 0.2 0 0 0.6000000000000001 0 0 0 0 0.4 0.4 0 0 0 0 0 0 0 0 6.2 3.6 0.2 6 10.600000000000001 0 4 3.2 4.6000000000000005 11.4 2.4000000000000004 1.8 0 3 0 2.6 2.4000000000000004 5.6000000000000005 0.2 2.8000000000000003 0 0 0 0 0 0 2 0 0 0 0 0 3 0 0.4 0 0 0 1.8 1.8 0 0 0 0 0 0 0 0 0 0 0 6 0 0 0 0 0 0 0 0 0 0 0 0 0 0 0 0.4 0 0 0 0 0 0 0 0 0 0 1 0 5.6000000000000005 3.2 2.2 2.2 0 0 0 0 0.4 1.2000000000000002 6.6000000000000005 0.8 0 1 6 2.2 10 2.8000000000000003 0 0 0 0 0 0 0 0 3.2 0 0 0 0 0 3.6 5.4 0 0 0 0 0.6000000000000001 3.8000000000000003 0 0 0 0 0 0 0 0 0 0 0 0 0 0 0 0 7 0 0 0 0 0 0 0 0 0 0 0 0 0 0 0.2 0 0 0.2 0 0 0 0 0 0 0 0 0 0 0 17.6 0 0.4 18.400000000000002 2.6 1.4000000000000001 0 0 0 0 0 0 0 0 0 0 0 0 0 0 0 0 0 0 0 0 0 0 0 0 0 3.8000000000000003 0 0 0 0 0 0 0 0 0 0 0 0 
 34.2 27.6 46.6 0 21.6 24.6 69.4 16.400000000000002 25 88.80000000000001 14.600000000000001 9.8 29 26.200000000000003 21.8 52.6 29.200000000000003 69.2 52.800000000000004 10.4 0.8 0 0.6000000000000001 0.4 0.8 0 0.4 14.4 0 0.2 0.8 0 0.8 0.6000000000000001 15.8 0.4 0.4 0 16.8 15.200000000000001 0 0.6000000000000001 0 0 0 0 3.6 0 0.6000000000000001 0 0 0.4 0 0 9.4 0 0 0 0.6000000000000001 0 0 0 0 0 0.4 0.6000000000000001 0 0 0 0 0 0.4 0 0 0.4 0 0 0 0 0 3.4000000000000004 0.8 0 0.2 0 1.8 2.2 3 8.4 0 5.4 2.6 3 2.8000000000000003 0 1.8 0 3.4000000000000004 3 0 0 3.2 0 0 0 0.2 0 0 0 0.4 0 0.2 3 0 0 0 0 0 5.6000000000000005 1.4000000000000001 0 0 0 0 0 0 0 0 0 0 1.6 0 0 0 0 0 0 0 0 0 0 0 0 0 0 0 0 0 0 0 0.6000000000000001 0 0 0 0 0 0 0.2 0.4 0 3.2 3 2.4000000000000004 3 5.800000000000001 8.8 0 4 5.6000000000000005 1.4000000000000001 7 3 0 3.2 5 6.6000000000000005 0.8 4.800000000000001 2 0 4.6000000000000005 0 0.2 0 0 0 0 0.2 0 0 0 3.2 2.4000000000000004 0 0 0 0 0 2 1.6 0 0 0.2 0 0 0 0 0.4 0 0.2 0 0 0 0 0 0 0 0 0 0 0 0 0 0 0 0 0 0 0 0 0 0 0 0 0 0 0 0 0 0 0 3.4000000000000004 0 0 0 0.6000000000000001 0 0.6000000000000001 18.2 0.8 0.2 1.6 3.6 0 0 0 0 0 0 0 0 0 0 0 0 0 0 0 0 0 2.6 0 0 2.4000000000000004 0 1.4000000000000001 3 0 0 0 0 0 0 0 0 0 0 0 0 0 
 5.800000000000001 25 27.6 21.6 0 17.2 25.400000000000002 15.600000000000001 79.4 16.400000000000002 56.2 8.4 12.4 25.6 34.4 39 7.800000000000001 8.8 28.6 14.8 0 0.2 0.6000000000000001 8 0.6000000000000001 0.4 4 15.200000000000001 0.2 0.4 0.8 0.4 22 4.6000000000000005 30.6 0.4 7.4 15.200000000000001 38.800000000000004 15 5 0.6000000000000001 0 0 0 0 0 0 0.6000000000000001 0 0 0.4 0 0 0 0 0 0 0.6000000000000001 0 1.6 0.4 0.2 0 0 0.6000000000000001 0 0 0 0 8.4 0.4 0 0 0.6000000000000001 0 0 0 0 0 2.2 7.2 0 3 4.6000000000000005 0.2 1.4000000000000001 1.2000000000000002 9.4 2.6 0 5.2 0 0 0 0 5.2 2.2 0 1.4000000000000001 0 0 6.2 2.8000000000000003 0 0 0 1.4000000000000001 2.6 4.6000000000000005 1.6 0 0.2 2.8000000000000003 3.6 7.2 0 0 4.800000000000001 9.8 0.4 0 0 0 0 0 0 0 0 4.4 0 2.6 0 0 0 0 0 0 0 0 0 0 0.4 0 0 0 0 0 0 3.4000000000000004 0 0 0 0 2.6 0 0 0 0.4 0 0 2.6 0 6.4 10.200000000000001 0 0 2 7 0.2 0.2 6.4 0 0 0 0 0 0 0 4 7 4.2 2.4000000000000004 0 0 0.4 0.2 4.4 0.2 0 0 0 1.8 3.2 0 0 0 0 2.6 4.6000000000000005 0 2.6 0 0 0 0 0 0 0 0 0 0 4 0 0 0 0 0 0 0 0 0 0 0 0 0 0 0 0 0 0 0.4 0 0 0 0.4 0 0 0 0 0 0 0 0 0 0 0.4 0 0.8 0.8 0 0.2 0 0.2 0 0 0 0 0 0 0 0 0 0 0 0 0 0 0 0 0 0 0 0 0 3.4000000000000004 1.4000000000000001 0 0 0 0 0 0 0 0 0 0 0 0 0 
 8.4 18.6 30 24.6 17.2 0 65.2 25.400000000000002 24.6 31.6 58.800000000000004 25 9 11.4 30.400000000000002 11.8 12.600000000000001 16.2 8.6 12.600000000000001 32.4 0 18.2 0 0.8 0 3.4000000000000004 30.400000000000002 0 16.6 0.2 0 0 0.8 1 0.6000000000000001 0 0 9 0.2 0 0.8 0 0 0 0 1 0 0.6000000000000001 0 0 0.4 0 0.8 0 0.4 0.2 0.2 1.2000000000000002 0 0.2 0 0.4 0 0 0.6000000000000001 0.6000000000000001 0 0 0 0 0.4 0 0.2 0 0 0 0 0 0 0.2 2 0 3.4000000000000004 2.2 0 6.4 1.2000000000000002 3.2 5 6 8 0 0 0 1.8 1.6 2.2 0 0 5.2 6.6000000000000005 4.4 0 0 0 0.8 3 2 0 5.4 5 0 6 2.6 5.4 2 2.4000000000000004 2 2.2 0 0 0 0 0 0 0 0 0 0 0 0 0 0 0 0 0 0 0 0 0 0 0 0 0 0 0.4 0.4 0 0 0 0 0 0 0 0 0 0 0 0 0.4 2 0 3 8.8 2.6 0 3.6 2.6 0 0.4 3.2 3 0 0 0 0 0 0 0 2.6 3.4000000000000004 0 0 0 0 0.6000000000000001 1.6 4 0.4 5.4 0 4 4.2 0 4 3 0 12.4 3.6 0 0 0 0 0 0 0 0 0 0 0 0 0 0 0 0 0 0 0 0 0 0 0 0 0 2.8000000000000003 0 0 0 0 0 0 0 0 0 0 0 0 0 0 0 2 0 0 0 0 0 0 0 1.2000000000000002 0 2.8000000000000003 0 0 0 0 0 14.8 0 0 0 0.8 0 0 0 0 0 0 0 0 0 0 0 0 0 2 0.2 0 0 0 0 0 0 0 0 0 0 0 0 0 
 60.2 43 53.800000000000004 69.4 25.400000000000002 65.2 0 72.4 68.4 62.6 28 5.2 70.4 23.200000000000003 28.400000000000002 13 21.6 10 38.800000000000004 27.200000000000003 0 0 0.8 0.6000000000000001 0.6000000000000001 0 0.6000000000000001 0.4 0 1.2000000000000002 0.2 0 0 7.6000000000000005 0.6000000000000001 0.6000000000000001 0 0.4 0.6000000000000001 0 0 0.2 0 0 0 0 0 0 0.6000000000000001 0 0 0.6000000000000001 0 0.6000000000000001 13 0 0.6000000000000001 0 1.2000000000000002 0.4 0 0 0.8 0.4 0 0.4 0.4 0.4 0.4 0 0 1.2000000000000002 0.6000000000000001 1 0.2 0 0 0 0 0 13.200000000000001 8 7.2 7.2 0 0 3 2.8000000000000003 6.800000000000001 3.2 0.6000000000000001 4 4.6000000000000005 4.4 3 4.2 0 1.6 0 3.6 0 0 0 0 0 0 0 0 0 0 0 0 0 0 0 0 3.2 0 0 0.4 0 0 0 0 0 0 0 0 0 0 0 0 0 0 0 0 0 0 0 0 0 0 0 0 0 0 0 0 0 0 0 0 0 0 0 0 0 0 0 0 8 0 0 0 0 6.4 2.4000000000000004 3.6 2 0.8 0.2 8.4 0 11.600000000000001 4.4 0.2 0 0 0.4 2.4000000000000004 0 0 0 0 0 0 0 0 0 0 3 0 0 0 0 0 0 3.4000000000000004 0 0 0 0 0 0 0 0 0 0 1.8 0 0.4 0 0 0 0 0 0 0 0 0.4 0 0 0 0 0.2 0 0 0 0 0 0 0 0 0 0 0 0 0 0 0 0 0.2 0 0 0 0 0.2 0 0.4 0 0 1.8 0 0.2 0 0 0 0 0 0 0 0 0 0 0 0 0 0 0 0 0 0 0 0 0 2.4000000000000004 3.2 1.4000000000000001 0 0 0 0 0 0 0 0 0 0 0 0 
 36.800000000000004 46.6 76 16.400000000000002 15.600000000000001 25.400000000000002 72.4 0 10.200000000000001 46.6 58.800000000000004 23.400000000000002 39.400000000000006 23.6 68.60000000000001 25.400000000000002 41.400000000000006 10.4 67.4 33 0 0 0.6000000000000001 0.2 0.4 0.4 0 17.6 0 0.4 0.2 0 0 0.6000000000000001 0.6000000000000001 0.2 1.6 1 14.8 0 0 0.6000000000000001 0 0 0.2 0.6000000000000001 0 1 0.6000000000000001 0 0.2 2 0.2 0 0 0 0.6000000000000001 0 0.6000000000000001 0 0 0.4 0.2 0 0.4 0.8 0.4 0.4 0.2 0.6000000000000001 0.4 1 0 0 0 0 0 0 0 0 6.4 2 0 7.800000000000001 0 3.4000000000000004 1.2000000000000002 6.2 8.200000000000001 0 3.6 5.800000000000001 2.6 0.2 3 1.8 5.6000000000000005 0 1.2000000000000002 2.4000000000000004 0 0 0 0 0 0 0 0 0 0 0 0 0 0 0 0 0 0 0 0 0 0 0 0 0 0 0 0 0 0 0 0 0 0 0 0 0 0 0 0 0 0 0 1.6 0 0 0 0.4 0 0 0.2 0 0 0 0 0 0 0 4.6000000000000005 0 4.800000000000001 2 2.6 0.2 0 3.8000000000000003 2.8000000000000003 8.4 5.800000000000001 2.8000000000000003 1 4 0 0 4.6000000000000005 0.6000000000000001 2.4000000000000004 3.6 3 0 0 0 0 0 0 0 0 0 0 0 0 0 2.6 0 0 0 0 0 0 0 0 0 0 0 0 0 0 0 0 0 0 0 0 3 0 0 0 0 0 7.4 0 0 0 0 0 0 0 0 0 0 0 0 0 0 0 0 0 0 0 0 0 0 0 0 0 0 17 0 0.2 0.4 0 1 0 0.4 0 0 0 0 0 0 0 0 0 0 0 0 0 0 0 0 0 0 0 0 0 1.8 3.6 0 0 0 0 0 0 0 0 0 0 0 0 0 
 15.4 33.800000000000004 40.800000000000004 25 79.4 24.6 68.4 10.200000000000001 0 31.200000000000003 7.6000000000000005 18.6 30.400000000000002 28 16.8 26 21.8 23.400000000000002 10.8 15 0 0 0.6000000000000001 0 0.4 0 14.4 0 0 0.4 0.6000000000000001 0.2 1.2000000000000002 0.6000000000000001 0.6000000000000001 0.6000000000000001 0 0 23.400000000000002 0 0 0.6000000000000001 0 0 0 0 0.6000000000000001 0 0.6000000000000001 0 0 0.4 0 0 0 0 0.4 0 0.6000000000000001 0 1.2000000000000002 0 0.2 0 0 0.6000000000000001 0 0 0 9 0 0.4 0 0 0 0 0 0 0 0 7.4 6 0.2 1.2000000000000002 7.800000000000001 0 0 0.2 2.4000000000000004 3 8.4 4.4 0.2 0 2.8000000000000003 0 1.2000000000000002 3 3.2 3.4000000000000004 0 0 0 0 0 0 2.8000000000000003 0.2 0 0.4 0 0 2.8000000000000003 0 0 1.6 0 0 0 2.2 0 1.4000000000000001 0 0 0 0 0 0 0 2.6 0 5.6000000000000005 0 0 0.4 0 3.2 0 0 0 0.4 0 1 0 0 0 0 0 0 0.6000000000000001 0 0 0 0 0 0 0 0 0 0 0.2 0 2 4.2 0 0.2 0 0.2 7 3.4000000000000004 6.4 0 0 2.4000000000000004 0 4 2.8000000000000003 4 0 0 0 0 0 0 0 0 2.2 4.4 0 0 0 0 3.6 0 0 0 0 0 0.4 3.8000000000000003 0 0 0 0 0 0 0 0 0 0 0 0 0 0 0 0 0 0 0 0 0.2 0 0 0 0 0 0 0 0 0 0 0 2.8000000000000003 0 0 0 0 0 0 0 0 0 0 0 0 0.4 0.2 0 0.6000000000000001 17.400000000000002 0.2 0.6000000000000001 0 3.4000000000000004 0 0 0 0 0 0 0 0 1.4000000000000001 0 0 0 0 0 0 0 0 0 0 0 0 0.2 2.4000000000000004 0 0 0 0 0 0 0 0 0 0 0 0 0 
 124.60000000000001 44.400000000000006 29.200000000000003 88.80000000000001 16.400000000000002 31.6 62.6 46.6 31.200000000000003 0 55.800000000000004 26.6 24.200000000000003 47.400000000000006 59.800000000000004 17.8 28.6 8 14 19.400000000000002 0.8 0 0.6000000000000001 0 0.4 0 0 0 0.2 0.4 0.2 0 0 0.6000000000000001 0.6000000000000001 0.2 0.8 0.4 0 0.6000000000000001 0 5.6000000000000005 1.6 0 0.6000000000000001 0.2 5.800000000000001 0 0.6000000000000001 0.2 0.4 0.4 0 0.6000000000000001 0.8 0.4 0.2 0 1 0 0.4 0 0.2 0 0 0.6000000000000001 0 0 0 0 0.2 0.4 0.4 1.2000000000000002 0 0 0 0.6000000000000001 0 0.2 2.2 0 0.2 2.6 0.2 4 2 1.8 6 0 8.6 2.2 2.8000000000000003 11.200000000000001 2.4000000000000004 1.8 4.2 2.2 5.6000000000000005 0.2 0.2 0 0 0 0 0 0 0 0 0 0.4 0 4 0 0 0 0 0 9.200000000000001 2.4000000000000004 0 0 0 0 0 0 0 0 0 0 0 0.2 0.2 0 0 0 0 0 0 0 0 0 0 0 0 0 0 0 0 0 1.8 0 0 0 0 0 0 0 2.4000000000000004 0 7 6.4 5.4 0 4.800000000000001 5.800000000000001 0 5.4 5 1.6 2 6.6000000000000005 0 2.6 3.6 3 0.6000000000000001 0.6000000000000001 3 0 0 0 0 0 0 0 0 0 3.6 0 0.4 0 0 3.2 0 2 0 0 2 0 0 0 0 0.4 0 0 0 0 0 0 0 0 0 0 0 0 0 0 0 0 0 0 0 0 0 0 0 0 0 0 0 0 0 0 0 0 0 0 0 0 0 4.4 0 0 0 0.4 0.6000000000000001 0 0.2 0 3 1.2000000000000002 10.200000000000001 0 0 0 0 6.2 0 0 0 0 0 0 0 0 0.4 0 0 0 0 0 0 0 0 0 3 0 0 0 0 0 0 0 0 0 0 0 0 0 
 18.400000000000002 31.200000000000003 83.80000000000001 14.600000000000001 56.2 58.800000000000004 28 58.800000000000004 7.6000000000000005 55.800000000000004 0 25.6 6.800000000000001 19 45.6 14.600000000000001 33.800000000000004 46 5.6000000000000005 13.600000000000001 0 0 0.6000000000000001 0 0.4 0.4 0 0 0 0.6000000000000001 0 0 0 0.6000000000000001 0.6000000000000001 0 0 0.2 18.6 0 0 0.4 0 0 0 0 0 0 0.6000000000000001 0.4 0 0.4 0 0 0 0 0 0 0.6000000000000001 0.2 0 0 0.4 0 0 0.6000000000000001 0 0 0 10 0.2 0.4 0 0.2 0 0 0 0 0 0 5.6000000000000005 5 0 11.600000000000001 4 4 5 1 9.600000000000001 5.4 6.6000000000000005 1.2000000000000002 0.2 1.8 0 2.6 13.600000000000001 8.6 0.4 4.6000000000000005 0 0 0 0 0 0 0 0 0 0 0 0 3.2 0 0 0 0 0 9.4 3.4000000000000004 0 0 0 0 0 0 0 0 0 0 0 3 0 0 0 0 0.4 0 0 0 0 0 0 0 0 0 0 0 0 0 0 0 0 0 0 0 0 0 0 0 6 8.6 2.2 0.4 2.6 0 0.6000000000000001 7.4 7.6000000000000005 13.8 3.2 8.200000000000001 0 0 5.800000000000001 0 3 0 0 0 0.4 0 0 0 0 0 2.4000000000000004 0 0 0 0 0 5.2 2.2 0 0 0.2 0 3.4000000000000004 2.2 0 0.2 0.4 0 0 0 0 0 2.6 0 0 0.4 0 0 0 0 0 0 0 0 0 0 0 0 0 0.4 0 0 0 0 0 0 0 0 0 0 0 0 0 0 0 5.4 0 0 0 0.2 0.8 0.2 0.8 0.4 1 2.2 0.8 0 0.2 0 0 0 0 0 0 0 2.6 0 0 0 0 0 0 0 0 0 0 0 0 0.4 0 3.2 0 0 0 0 0 0 0 0 0 0 0 0 
 107.4 24.6 7 9.8 8.4 25 5.2 23.400000000000002 18.6 26.6 25.6 0 5.4 50 87.2 23.8 35.4 47.6 7 48.6 7 2 0.6000000000000001 0 0.4 0.4 0 0.4 0 0.4 1.4000000000000001 0.4 0 16 19 0.2 15 0 15 0 0.4 1.2000000000000002 0 0 0 0 0 0 1.4000000000000001 0 0 0.4 0 0 0 0 0 0 0.6000000000000001 0 2.2 0.6000000000000001 0 0 0 0.8 0 0.4 0.2 0.6000000000000001 1.2000000000000002 1 0 0.6000000000000001 0 0 0.6000000000000001 0 0 0 0 5.4 0 0 11.8 14.200000000000001 0 2.2 2.6 6.6000000000000005 5.6000000000000005 0 0 0 0 3.4000000000000004 15 6 0 0 0 0 2 0 0 0 0 0 6 0 0 0 8.4 0 0 0 1.2000000000000002 4.800000000000001 5.4 1.6 0 0 0 0 0 0 0 0 0 0 0 0 0 0 0 0 0 0 0 0 0 0 0 0 0 0 0 0 0 0 2 0 2.4000000000000004 0 0 0 0 0 1.6 0 0.6000000000000001 5.6000000000000005 4.800000000000001 0 1.8 0 0.6000000000000001 3.8000000000000003 2.2 1.4000000000000001 2.6 0.2 3.4000000000000004 0 4.800000000000001 0 11.200000000000001 3.2 0 0 0.2 0.2 0 0 0 0 2.8000000000000003 3.2 8 0 0 2.2 4.2 7.2 0.6000000000000001 8 3.2 0 4.800000000000001 4 0 0 0 0 0 0 0 0 0 0 0 0 0 0 0 0 0 0 2.4000000000000004 0 0 0 0 0 0 0 0 0 0 0 0 2.2 0 0 0 0 0 0 0 0 0 0 0 0 0 0 20.400000000000002 0 17.2 37.4 0.2 1.4000000000000001 0 0 0 0 0 0 0 0 0 0 0 0 0 0 0 0 0 0 0 0.4 0 0 0 0 0 0 0 0 0 0 0 0 0 0 0 0 0 0 
 24.8 26.400000000000002 29.200000000000003 29 12.4 9 70.4 39.400000000000006 30.400000000000002 24.200000000000003 6.800000000000001 5.4 0 55.2 7 21 14.200000000000001 9.8 77 46.6 0 0 15.600000000000001 0 0.4 0.2 0 0 0 0.4 0.2 0 0 0.6000000000000001 0.6000000000000001 0.2 0 0 0 0 0 0.4 0 0 0 0 0 0 0.6000000000000001 0 0 0.4 0 0 0 0 0 0 0.6000000000000001 0.2 0 0 0.4 0 0 0.6000000000000001 0 0 0 0 0 0.4 0 0.2 6.2 0 0 0 0 8.200000000000001 2.8000000000000003 6.4 0 2.8000000000000003 0 0 4.4 0 3.2 0 0 0.2 4 2.2 10.200000000000001 0 0 0 9.8 1.4000000000000001 0 2.2 0 0 0 0 0 0 0 0 0 0 0.4 0 0 0 0 0.2 0 0 0 0 0 0 2.4000000000000004 0 0 0 0 0 0 0 0 0 0 1.4000000000000001 0 0.4 0 0 0.2 0 0 0 0 0 0 0 0 1.4000000000000001 0 0 0 0 0 0.2 0 0 0 0 2 0 0.4 0 0 2.2 4.800000000000001 2.6 2.8000000000000003 1.4000000000000001 0 0 0.2 2.6 1.8 0 0.8 0 2.2 2.8000000000000003 0 0.2 0 0 0 0 0 0 0 0 0 0 0 0 0 0 0 0 0 0 0 0 0 0 0 0 0 0 0 0 0 0 0 0 0 0 0 0 0 0 0 0 0 0 0 0 0 0 1.8 0 0 0 0 0 0 0 0 0 0 0 0 0 3.8000000000000003 0 0 0 0 0 0.4 0 0.4 1 0 0 0 0 0 0 0 0 0 0 0 0 0 0 0 0 0 0 0 0 0 0 0 0.2 0 0 0 0 0 0 0 0 0 0 0 0 0 0 
 47.2 42.400000000000006 17 26.200000000000003 25.6 11.4 23.200000000000003 23.6 28 47.400000000000006 19 50 55.2 0 22.6 8.200000000000001 42 25.8 101.60000000000001 34.4 0.6000000000000001 0 0.6000000000000001 0 1 0.8 0.6000000000000001 1.2000000000000002 0 0.8 1.2000000000000002 0.4 0.8 1.2000000000000002 1.4000000000000001 1.2000000000000002 1 0.6000000000000001 0 5.6000000000000005 0.4 1.2000000000000002 0 0 0.4 0 0 0 1.2000000000000002 0.4 0.6000000000000001 0.4 0.4 0 0 0.4 0.6000000000000001 0 1 0.4 1 0 0.2 0 1.2000000000000002 0.6000000000000001 0 0.8 0 0.4 0 0.4 0 1.2000000000000002 0 0.4 0 0.4 0 0 2.4000000000000004 2.4000000000000004 3.4000000000000004 0 2.4000000000000004 0 2.8000000000000003 0.8 1.2000000000000002 0 3.4000000000000004 0 4.4 11 2.2 0 2.2 1 2.8000000000000003 2.8000000000000003 0 0 0 0 0 0 0 0 0 0 0 0 2.6 0 0 0 0 0 1.8 1.2000000000000002 0 0 0 0 0 0 0 0 0 0 0 2.4000000000000004 0 0 0 0 0 0 0 0 0 0 1.8 0 0 0 0 0 0 1.4000000000000001 0 0 0 0 0 0 0 0 0 0 7.2 2.6 0 0 5.2 4.2 2.6 0 0 4.6000000000000005 2.4000000000000004 0 0 2.2 6 6.4 2.6 3.2 3.8000000000000003 2 0 0 0 0 0 0 0 0 0 0 0 0 0.2 1.8 0 0 0 0 0 0 0 0 0 0 0 0 0 0 0 0 0 0 0 0 0 0 0 0 0 0 0 0 0 0 0 0 0 0 0 0 13.200000000000001 0 0 0 0 0 0 0 0 0 0 0 0 0 0 0.4 0.2 0.4 0.4 0.4 1.6 1 3.6 0 0 0 0 0 0 0 0 0 0 0 0 0 0 0 0 0 0 0 0 0 0 0 0 0 0 0 0 0 0 0 0 0 0 0 0 0 
 26.6 45.400000000000006 48.2 21.8 34.4 30.400000000000002 28.400000000000002 68.60000000000001 16.8 59.800000000000004 45.6 87.2 7 22.6 0 26.8 41.6 63.800000000000004 69.4 28 0 0.4 0.6000000000000001 0 0.4 0.4 0 0.4 0 0.4 0.2 0.4 0 0.6000000000000001 1 0.2 0 0 0 0 0.4 0.4 0 0 0 0 0.8 0 0.6000000000000001 0 0 0.4 0 0.8 0 1.4000000000000001 0 0 0.6000000000000001 0.2 0 0.2 0.4 0 0 0.8 0 0.4 0.2 0.6000000000000001 0 1 0 0.2 0 0 0.6000000000000001 0 0 0 3 5.6000000000000005 0.2 4.800000000000001 2.4000000000000004 4 3.4000000000000004 4.6000000000000005 18.2 0 0.2 10.8 0 0.2 0 2 3 6.2 3.4000000000000004 1.2000000000000002 0 0 0 0 0 0 0.6000000000000001 0 0 0 0 0 0.2 0 0 0 0 0 2.4000000000000004 3.2 0 0 0 0 0.4 0 0.2 0 0 0 0 0 0 0 0 0 0 0 0 0 0 0 0 0 0 0 0 0 0 0.4 0.2 0 0.2 0 0 0 0 0 1 0 0.2 5.800000000000001 5.4 0.2 0 3 0 3.4000000000000004 5.800000000000001 2.6 2 9.600000000000001 0 4 6 1.8 3.4000000000000004 5.6000000000000005 0 0 0 0 0 0 3.6 0 0 0 0 0 0 0 2.8000000000000003 0 0 0 0.8 0 0.2 0 0 0 0 0 0.2 0 0 0 0 0 0 0 0.4 0 0.2 0 0 0.4 0.4 0 0 0 0 0 0 0 0 0 0 0 0 0 0 0 0 0 0 0 0 0 0 0 0 0 0 0.2 17.6 0.6000000000000001 17.8 0.2 0 2 0 0 0 0 0 0 0 0 0 0 0 0 0 0 0 0 0 0 0 0 0 0 0 2.6 0 0 0 0 0 0 0 0 0 0 0 0 0 0 
 9 28 45.800000000000004 52.6 39 11.8 13 25.400000000000002 26 17.8 14.600000000000001 23.8 21 8.200000000000001 26.8 0 11.600000000000001 12.8 64.60000000000001 24 14.8 0 0.6000000000000001 0 0.4 0 0 0 0 0.4 0.2 0 0.4 0.6000000000000001 0.6000000000000001 0.2 0.4 0.4 0 0 0 0.4 0 0 0 2.4000000000000004 0 0 0.6000000000000001 2.2 0.2 0.4 0 0 0 4.2 0 0.4 0.6000000000000001 0.2 2 0 0.4 0 0 0.8 10.200000000000001 0 0 0 1.8 0.4 0 2.4000000000000004 0 0 0 0 2.2 0 0 0 2.6 0 0.8 0 3.4000000000000004 0 2.8000000000000003 4.2 3 0 1.8 0 3.2 2.6 0 0.6000000000000001 2 0 0 0 0 0 0 0 0 0 2 0 0 0 0 0 0 0 0 0 2.2 0 0 0 0 0 0 0 0 0 0 0 0 0 0 0 0 0 0 0 0 0 0 0 0.2 0.4 0 0 0 0 0 0 0 0 0 0 0 0 0 0 0.2 0 0 0 2.8000000000000003 5.4 0 0 0 0 0 2.6 1.8 0 0 2 0 4.6000000000000005 4.800000000000001 0 0 0 0 0 0 0 0 0.2 0 0 0 0 0 0 0 0 0 0 3.8000000000000003 0 2 5.800000000000001 0 0 0 0 0 0 0 0 0 0 0 0 0 0 0 0 0 0 0 0 0 0 0 0 0 0 6.800000000000001 0 0 0.4 0 0.2 0 0 0 0.2 0 0 0 0 0 3.2 0 0 0 0 0 0 0.6000000000000001 8.8 0 1.4000000000000001 0 0 0 0 0 0 0 0 0 0 0 0 0 0 0 0 0 0 0 0 0 0 0 0 0 0 0 0 0 0 0 0 0 0 0 0 0 0 
 23.8 41.2 36.4 29.200000000000003 7.800000000000001 12.600000000000001 21.6 41.400000000000006 21.8 28.6 33.800000000000004 35.4 14.200000000000001 42 41.6 11.600000000000001 0 21.6 6.2 8.200000000000001 0 0 0.6000000000000001 0 0.4 0 0 0 0 0.2 1.2000000000000002 0 0 0.6000000000000001 1.4000000000000001 0.4 0 0 1.8 0 0 0.6000000000000001 0 0.6000000000000001 0 0 0 0 0.6000000000000001 0 0 0.4 0 0 0 0 0 0 0.6000000000000001 0 0 0.4 0 0 0 0.6000000000000001 0 0 0 0 0 0.4 0 0 0 0 0 0 1.2000000000000002 0 5.4 7 0 7 5 3.6 4.800000000000001 3.6 5.4 1.2000000000000002 5.6000000000000005 0 2.2 2.6 0 0.4 5.800000000000001 0 0 4.2 0 0 0 0 0 0 0 0 0 0 0 0 8.8 0 0 0 0 0 2.4000000000000004 0 0 0 0 0 0 0 0 0 0 0 0 2.2 0 0 0 0 0 0 0 0 0 4.6000000000000005 0 0 0 0 0 0 0 0 6.2 0 0 0 0 0 0 0 1.4000000000000001 0 4.6000000000000005 2.6 2.4000000000000004 0 2 3.6 2 3.6 9.600000000000001 2.4000000000000004 2.2 0 0 0 1.6 0.2 5 3 0 0 0 0 0 0 0 0 3.4000000000000004 0.2 4.2 0 0 0 0.4 3.2 5.6000000000000005 0 0 0 3.6 2 0 0 0 0 0 0 0 0 0 0 0 0 0 0 0 0 0 0 0 0 0 0 0 0 0 0 0 0 0 0 0 0 0 0 0 0 0 0 0 0 0 0 0 0 0 0 0.2 0 0 0.6000000000000001 1.2000000000000002 1.2000000000000002 0 0.4 0 0 0 0 0 0 0 0 0 0 0 0 0 0 0 0 0 0 0 0 0 0 0.2 0 0 0 0 0 0 0 0 0 0 0 0 0 
 25.400000000000002 29.200000000000003 69.8 69.2 8.8 16.2 10 10.4 23.400000000000002 8 46 47.6 9.8 25.8 63.800000000000004 12.8 21.6 0 7 15.4 15.4 0 0.4 0.2 0.4 0 0.2 0 0 0.6000000000000001 0 14.8 0 0.6000000000000001 0.6000000000000001 0 0.2 0 0.2 0.8 0 0.4 0 0 0 0 0 0 0.6000000000000001 0.2 0 0.4 0 12 0 12.600000000000001 0 0 0.6000000000000001 13.200000000000001 0 0 0.6000000000000001 0 0 0.6000000000000001 0 0 0 0 0 0.4 0 0.4 0 0 0 0 0 0 2.4000000000000004 3.6 3.6 4.2 2.6 0 2.2 6.6000000000000005 12.8 7.2 0 2.8000000000000003 0 3 0 2.6 2.2 7.4 1 2.2 0 0 0 0 3.6 0 0 0 0 0.4 0 0 0 0 0 0 5 0 2.2 2 0 0 0 0 0 0 0 0 0 0 0 0 0 0 0.4 0 0 0 0 0 0 0 0 0 0 0 0 0.8 0 0 0 0 0 4.4 0 0 0 0 0 0 8.200000000000001 5.4 0 3.2 0 2.6 3.2 1.2000000000000002 0 1.6 0.4 6 0 0 2.2 0.8 5.4 6 0 0.2 0 0 0 0 0 0 1.6 0 0 0 0 0 1.6 11.8 3 0 0 0 8.8 5.2 0 2.4000000000000004 0 0 1.6 0 0 0 0 0 0 0 0 0 0 0 0 0 0 0 0.4 0 0 0 0 0 0 0 0 0 2.2 0 0 0 0 0 0 0.2 0 0 0 0 0 0 0 0.4 0.6000000000000001 0 0.2 10.8 1.6 1 0 0 0 0 0 0 0 0 0 0 0 0.4 0 0 1 0 0 0 0 0 0 0 0 2 0 1.4000000000000001 0 0 0 0 0 0 0 0 0 0 0 0 
 7.4 11.4 10.600000000000001 52.800000000000004 28.6 8.6 38.800000000000004 67.4 10.8 14 5.6000000000000005 7 77 101.60000000000001 69.4 64.60000000000001 6.2 7 0 60.400000000000006 0 0 0.6000000000000001 0 0.4 0 0 0 0 0.4 0.2 0 0 0.6000000000000001 0.6000000000000001 0.2 0 0.2 0 0 0 0.6000000000000001 0 0 0 0 0 0 0.6000000000000001 0 0 0.4 0 0 0 0 0 0.2 0.6000000000000001 0 0 0 0.2 0 0 0.6000000000000001 0 0 0 0 0 0.4 0 0 10 0 0 0 0 0 5.4 0 3.6 0 0 0 4.2 2.6 0.2 0 0 0 4.6000000000000005 3.6 0.6000000000000001 2 5.4 3 0 2.8000000000000003 0 0 0 0 0 0 0.4 0 0.2 0 0 0 0 0 0 0 0 0 0 0 0.2 0 0.4 0 0 0 0 0 0 0 0 0 0 0 0 0 0 0 0 0 0 0 0 0.4 0 0 0 0 0 3.4000000000000004 0 0 0 0 0 0 0 0 0.2 0 1.6 3.2 0 0 0 0 1.4000000000000001 1.2000000000000002 0 0 0 0 12.4 3.8000000000000003 2 0.4 0.4 0.4 0.2 0.8 0 0 0 0 0 0.2 0 0 0 0 0 0 0 0 0 0 0 0 0 0 0 0 0 0 0 0 0 0 0 0 0 0 0 0 0 0 0 0 0 0 0 0 0 0 0 0 0 0 0 0.4 0 0.2 0 0 0 0.2 0 0 0 0 0 0 0 0 0 0 0.4 0 0.4 0 0.2 2.8000000000000003 0 0 14.600000000000001 0 0 0 0 0 0 0 0.2 0 0 0 0 0 0 0 0 0 0 0 0 0 0 0 0 0 0 0 0 0 0 0 0 0 0 0 
 9.4 10.600000000000001 35.2 10.4 14.8 12.600000000000001 27.200000000000003 33 15 19.400000000000002 13.600000000000001 48.6 46.6 34.4 28 24 8.200000000000001 15.4 60.400000000000006 0 0 0.4 0.6000000000000001 40.800000000000004 0.4 0.6000000000000001 0.6000000000000001 0.4 0.4 0.8 0.2 0 0 0.6000000000000001 0.6000000000000001 0.2 0.2 0.8 0 0.4 0 0.6000000000000001 0 0 0 0 0 0 0.6000000000000001 0 0 0.4 14 0 0 0.2 0 0 0.6000000000000001 0.4 0 0 0.4 0 0 8.6 0 0 0.2 0 0 0.4 0 0 0 0 0 0.4 0 0 8 3.2 3 4.2 0 0 4.2 3.8000000000000003 0 6.800000000000001 0 0 3.8000000000000003 0.8 7.6000000000000005 2.4000000000000004 0 1.4000000000000001 2.8000000000000003 6.2 0 0 0 0 0 0 0 0 0 0 0 0 0 0 0 0 0 0 0 0 0 0 0 0.4 0 0 0 0 0 0 0 0 0 0 0 0 0 0 0 0 0 0 0 0 0 0 0 0 0 0 0 0 0 0 0 3.2 0 0 0 0 3.4000000000000004 5.2 0 0 0 2.4000000000000004 5.4 1.8 0 0 0 2 0 4.800000000000001 0 0 0 0 3.8000000000000003 1.6 0 0 0 0 0 0 0 0 0 0 0 0 0 0 0 0 0 0 0 0 0 0 0 0 0 0 0 0 0 0 0 0 0 0 0 0 0 0 0 0 0 0 0 0 0 0 0 0 0 0 0 0 0 0 0 0 0 0 0 0 0 0 0 0 0 0 0.8 0.6000000000000001 0.4 0 0 0.4 0 0 0 0 0 0 0.4 0 0 0 0 0 0 0 0 0 0 0 0 0 0 0 0 0 0 1.8 0 0 0 0 0 0 0 0 0 0 0 0 
 0.2 0 0 0.8 0 32.4 0 0 0 0.8 0 7 0 0.6000000000000001 0 14.8 0 15.4 0 0 0 88.2 21.8 30.400000000000002 15.200000000000001 5.800000000000001 35.800000000000004 13.600000000000001 10.600000000000001 10.200000000000001 8.8 39.800000000000004 27.400000000000002 8.4 43.2 5.6000000000000005 100.60000000000001 8 11.600000000000001 66.8 0.6000000000000001 0 0.4 0 0.6000000000000001 13.4 0 0.6000000000000001 0 0 0.6000000000000001 0 0 0.4 0 0.6000000000000001 13.200000000000001 0.4 0.4 1.2000000000000002 2.4000000000000004 0 0 0 1.6 0 0.2 0 0 0 1.2000000000000002 0 0 0 0 0.6000000000000001 0.6000000000000001 0 0 0 0 0 0 1.2000000000000002 2.2 7.800000000000001 0 0 0 3 2.8000000000000003 3.6 0 0 0 0 0 0 0 0 2 8.8 2.6 3 1.2000000000000002 0 2.6 2.6 2.8000000000000003 0 5 3.4000000000000004 0 0 1.4000000000000001 4 0 12.200000000000001 3 0.8 0 0 0 0 0 0 0 0 0 0 0 0 2 0 2 0 0 0 1 0 0 0 0 0 0.2 0 0 0 0 0 0 0 0 0 0 0 0 0 0 0 0 0 1.8 0 0.8 0 0 0 0 0 2.6 0 0 0 0 0 4.6000000000000005 1 0 0 0.6000000000000001 0.4 1.6 3.6 0 0 7.6000000000000005 0 5.2 2.6 9.8 1.8 1.8 6 3 3.4000000000000004 5.800000000000001 3.2 4 3.6 1.6 0 0 0 1.6 0 0 0.2 2 0 0 0 1.2000000000000002 0 0 0 0 0 2.4000000000000004 0 0 0 0 0 0 0 0 0 0 0 1 0 0 0.2 0 0 0 0 0 0.2 0 0 1.2000000000000002 0 0 0 0 0 2 15.600000000000001 0 0 0 0 2 0.4 0.4 0.8 20 0 0.4 2.4000000000000004 0 0 0 0 0 0 0 0 0 0 0 0 0 0 0 0 0 0 0 0.2 0 0 0 0 0 0 0 0 
 0.2 0 0 0 0.2 0 0 0 0 0 0 2 0 0 0.4 0 0 0 0 0.4 88.2 0 26.6 110.60000000000001 50.800000000000004 50.400000000000006 18 13.8 48.400000000000006 23.8 15.8 97.80000000000001 14 10.4 11 15 31.8 19 11.4 24.200000000000003 0.6000000000000001 0.4 0.2 0 0.6000000000000001 0.4 0 0.6000000000000001 1.4000000000000001 0 1 0 12.8 0.4 0 0.2 10.4 0.4 0.6000000000000001 0.4 0 0 0 0 0 0 0 0 0 0 0 0 0.4 0.4 0 0.6000000000000001 0.6000000000000001 0 0 0 2.8000000000000003 0 1 0 0 0 0 0 0 0 0 0 0 0 0 0 0.2 0 0 0 4.6000000000000005 3.8000000000000003 0 7.4 4.2 0 3.8000000000000003 6.2 0 2.8000000000000003 0 2 0 2.8000000000000003 0.2 0.2 2.2 3.8000000000000003 0 0 0 0.2 0 0 4 0 2 2 0 0 0 0 1.4000000000000001 0.2 2.2 0 0 0 11.4 0 2.8000000000000003 0 0.4 0 0.6000000000000001 0.2 0 0 0 0 0 0 0 0 0 0 0 0 0 0 0 0 0 0 0 0 0 0 0 0 2.2 0 0 0 0.4 0 0 0 0 0 0.2 0 2.8000000000000003 6.2 5 2.4000000000000004 4.4 3.2 1.4000000000000001 0.2 2.2 1 0.2 0 10.600000000000001 2.2 5.6000000000000005 8 0 0 0.4 0 0 0 0.2 0 0 3.4000000000000004 3.4000000000000004 0 0 0 18.400000000000002 2.2 0.2 0 4 3 3.2 0 0 0 0 0 0 0 0 0 0 0 0 0 0 0 0 0 0 0 0 0 0 0 2.6 0 0 0.4 0 0 0 0 0 0 0 0 1.6 0.2 0 0.6000000000000001 9 0.2 4 0.8 0 0 0 0 0 0 0 0 0 0 0 0 0 0 0 0.2 0 2 0 2 0 2 0 2.8000000000000003 0 0 0 2.4000000000000004 
 0.4 0.6000000000000001 0.6000000000000001 0.6000000000000001 0.6000000000000001 18.2 0.8 0.6000000000000001 0.6000000000000001 0.6000000000000001 0.6000000000000001 0.6000000000000001 15.600000000000001 0.6000000000000001 0.6000000000000001 0.6000000000000001 0.6000000000000001 0.4 0.6000000000000001 0.6000000000000001 21.8 26.6 0 31.6 27 23.6 13.8 69 109 59 26.6 26.8 43 50 25.8 12 42 7.6000000000000005 11.8 9.4 0.6000000000000001 0 0 0 0.6000000000000001 0 0 0.6000000000000001 0 0 0.6000000000000001 0 0 0.4 0 0 0.4 0.4 0.6000000000000001 0.4 0 0 0 0 16 0 0 0 0 0 0 0 0 0 0 0.6000000000000001 0.6000000000000001 0.6000000000000001 0 0 0 0 0 0 0.4 2.2 0.2 0 2 0 0 0 0 0 0 0 0 0 2.4000000000000004 0 3.4000000000000004 10.4 4.4 1.8 6.800000000000001 0 0 2.4000000000000004 0 1.6 2.4000000000000004 4.6000000000000005 0.2 2.6 10 3.4000000000000004 3.4000000000000004 0 0 5.2 0 0 0 0 0 0 0 0 0 0 0 0.4 0 0 0 0 0 0 2.4000000000000004 0 2.8000000000000003 0 0 0 0.2 0 0 0 0.2 0 0 0 0 0 0 0 0 0 0 0 0 0 0 0 1 0 0 0 0 0 0.8 0 0 0 0 0 0 0 0 0.2 1.2000000000000002 8 5.4 1.6 4.800000000000001 0 4 5.4 3.2 0.2 2.4000000000000004 1.6 0 11.4 3.8000000000000003 9.200000000000001 4.4 4.800000000000001 4 0 0 0 0 0 0 0 6.800000000000001 1.2000000000000002 0 0 0.4 0 0 2.8000000000000003 0 0 0 0 0.4 0 0 0 0 0 0 0 0 0 0 0 0 0 0 2.8000000000000003 0 0 0 0 0 0 0 0 0 0 0 0 0.2 0 0 0 0 0 0 0 3.4000000000000004 0.2 0 1.2000000000000002 0 0 0.8 2.2 0 0 0 0 0 0 0 0 0 0 0 0 0 0 0 0 0 2 0 0 0 0 0 2.8000000000000003 0 0 0 0 
 8.4 0 0 0.4 8 0 0.6000000000000001 0.2 0 0 0 0 0 0 0 0 0 0.2 0 40.800000000000004 30.400000000000002 110.60000000000001 31.6 0 28.400000000000002 24.6 17.400000000000002 12.600000000000001 61.2 29.400000000000002 16.6 25 19.400000000000002 31.6 26.400000000000002 11.200000000000001 17.8 48 17.2 57.2 13 12.600000000000001 0.2 0 0.6000000000000001 0.6000000000000001 0 0.6000000000000001 0 0 0.6000000000000001 9.600000000000001 0 13.200000000000001 13 0 0.4 0.4 17.8 13.4 0 0 0 0 0 0 0 0 0 0 0 0 0 0 0 0.6000000000000001 0.6000000000000001 0 0 0 0 0 0 0.4 0 0 0 0 0 0 0 0 0 0 0 0 0 0 0 0 0 0.6000000000000001 3.4000000000000004 7.4 0 0 0 4 6.800000000000001 2.6 0 0 2.4000000000000004 0.2 5.800000000000001 6.4 2 8 1.8 2.2 4.800000000000001 0 0.2 0 0 0 0 3.8000000000000003 0 0 0.2 0 2.2 2.6 12 0 0 0.2 3.2 2.6 0 0 0 0 1.8 0 0 0 0 0 0 0 0 0 0 0 0 0 0 0 0 0 0 0 0 0 0 0 0.4 0 0 0 0 0 0 0 0 0 0 0 1.6 0.2 2 3.4000000000000004 0 2 3.8000000000000003 2 0 2.6 6.2 3.6 0 2.8000000000000003 2.8000000000000003 3.4000000000000004 5 5.800000000000001 0 0 0 0 0 0 0 0 1.8 3.2 0 0.4 0 0 5.800000000000001 0 4.6000000000000005 2.8000000000000003 1.2000000000000002 0.2 4.4 1.8 0 0 0 0 3.6 0 0 0 4.800000000000001 0 0 0 0 0 0 0 0 0 0 0 0 0 4.6000000000000005 0 0 0 0 0 0 0 0 0 0 0 1.4000000000000001 0 0.4 0.4 6 0.4 0 0.4 0 0 0 0 0 0 0 0 0 2.8000000000000003 0 0 0 0 0 0 0 0 0 2 0 0 0 0 0 0 0 0 
 0.4 0.4 0.4 0.8 0.6000000000000001 0.8 0.6000000000000001 0.4 0.4 0.4 0.4 0.4 0.4 1 0.4 0.4 0.4 0.4 0.4 0.4 15.200000000000001 50.800000000000004 27 28.400000000000002 0 48.6 23.400000000000002 26.8 49.400000000000006 63.400000000000006 17.2 41.400000000000006 11.200000000000001 31.400000000000002 52.400000000000006 56.400000000000006 25.400000000000002 12.600000000000001 21.200000000000003 25.6 13 0.4 0.4 0.6000000000000001 1 0.2 6 4.6000000000000005 0.4 0 0.6000000000000001 0 0 1 0 0 0.4 0.4 3 0.6000000000000001 0 0.6000000000000001 0 0 0 0 0.2 0 0 0 0 0.2 0.4 1.2000000000000002 0 0.6000000000000001 0.6000000000000001 0.4 0 0 0 0 0.4 0 0 0 0 0 0 0 0 0 0 0 0 0 0 0 0 1.6 0.2 0 0 6 2.6 3.6 0 4 0 0.2 0 2 0 0 0 0 7.4 4.4 0 0 1.8 2.6 0 0 1.4000000000000001 0 2.2 0 0.2 0 0 0 2 2.2 0 0 1.2000000000000002 0 19.200000000000003 1.8 3.8000000000000003 0 0 0 3.2 0 0 0 0 0 0 0 0 0 0 0.2 0 0 0 0.4 0 0 0 0 0 0 0 0 0 0 1 0 0 0 0 0 0 0 0 0 0 2.8000000000000003 4.2 0.6000000000000001 9.600000000000001 0.2 2.2 0 4.2 0 0 7.2 1.8 0 3 1.2000000000000002 3.8000000000000003 7.4 1.6 0 3.4000000000000004 0 3 2.4000000000000004 0 0 7.4 7.2 0 0 0 0.4 7.4 0.6000000000000001 3.8000000000000003 0 0.4 2 0 4.6000000000000005 0 0 0 0 0 0 0 0 0 0 0 0 0 0 0 0 0 0 0 0 0 0 0 0 0 0 0 0 0 0.2 0 0 0 0 0.4 0.2 0.2 1.8 0.6000000000000001 1.2000000000000002 0.2 0 0 0 0 0 5.2 0 0 0 0 0 0 0 0 0 0 0.2 0 1.8 0 0 0.2 0.4 2 4.2 0 0 0 0 
 0.4 0 0 0 0.4 0 0 0.4 0 0 0.4 0.4 0.2 0.8 0.4 0 0 0 0 0.6000000000000001 5.800000000000001 50.400000000000006 23.6 24.6 48.6 0 8.4 12.4 42.800000000000004 89.80000000000001 43.6 27.8 6.800000000000001 11 23 14.600000000000001 48.2 33.800000000000004 11 10.200000000000001 0.6000000000000001 0 0 0 0.6000000000000001 0 0 0.6000000000000001 0 0 0.6000000000000001 0 12.600000000000001 0.4 0 0 0.4 0.4 13.4 1.2000000000000002 0 0 0 0 0 0 0.2 0 0 0 0 0 0.6000000000000001 0 0 0.6000000000000001 0.6000000000000001 0 0 0 0 0 0 0 0 0 0.4 0 0 0 0 0 0 0 0 0 0 0 0 0 0 0 0 5.4 2 0.2 0.2 2.8000000000000003 1.8 2.2 0 0 0 0 0 0 5.4 3.6 0 0.2 3.8000000000000003 2 0 0 0 0 0.2 0.4 1.8 0 0 0.2 3.2 14.4 0.4 0 1 0 5 1.6 0 0 0 0 0 0 0 0 0 0 0 0 0 0 0 0 0 0 0 0 0 0 0 0 0 0 0 0 0 0 1.4000000000000001 0 0.4 0 0 0 0 0 0 0.2 0 3.2 2 4.2 4.800000000000001 2.6 0 0.2 0 2.6 0 4.800000000000001 0 0 0 4.4 2 2.8000000000000003 0 0 0 1.8 0.8 0.2 0 0 3.6 0 5.2 0 0.2 0 7.6000000000000005 0 5 0 0 0 10 3.6 0 0 0 0 0 0 0 0 0 0 0 0 0 0 0 0 0 0 0 0 0 0 0 0 0 0.2 0 0 0 0 0 0 0.4 0 3.8000000000000003 1 0 17 1 0 4.6000000000000005 0 0 0 0 0 0 0 0 0 0 0 0 0 0 0 0 0 0 3.2 0 4.6000000000000005 0 0 0 0 0 0 0 0 
 0 0.4 0.4 0.4 4 3.4000000000000004 0.6000000000000001 0 14.4 0 0 0 0 0.6000000000000001 0 0 0 0.2 0 0.6000000000000001 35.800000000000004 18 13.8 17.400000000000002 23.400000000000002 8.4 0 51.800000000000004 9 16.2 16.400000000000002 12.4 15.8 19.200000000000003 40.2 67.4 4.6000000000000005 9.600000000000001 72.2 75 0.6000000000000001 0 0.4 0 0.6000000000000001 14.4 0 0.6000000000000001 0 0 0.6000000000000001 0 13.200000000000001 0.4 0 0 1 0.4 0.4 1 0 0 0.2 0 0 0.6000000000000001 0.2 0 0 0 0.4 0 0 0 0 0.6000000000000001 0.6000000000000001 0 0 0 0 0.2 0 0 5.4 3 0 0 0 0 0 5.2 0 0.4 0 0 2.6 0 0 0 6.4 4.2 5 0 0 0 7 2 0 2.6 3.6 0 4.800000000000001 7.800000000000001 2 5.6000000000000005 2 6 0 3.6 0.2 0 0 0 0 0 0 0 0 2.6 0 0 0.4 0 0 0 0.2 0.4 0 0.4 0 0 0 0 0 0 0 0 0 0 0 0 0 0 0 0 0 0 0 0 0 0 0.2 3.6 1.6 3.4000000000000004 0 0 0 0 1 0 0 0 0 0 0.2 0 0.4 0 8.8 15 2.8000000000000003 2 8.6 0.4 2.6 7.2 2.2 0 0 0 2 2.4000000000000004 2.2 0 7.6000000000000005 0.4 2.6 1.4000000000000001 0 0 0.2 0 0 0.2 0 0 0 0 0 0 6 0 0 0 0 0 0 0 0 0 0 0 0 0 0 0 0 0 0 0 0 0 0 0 0 0 0 0 0 0 0 0 0 0 15.4 0 0 0 0 0 0 0.4 3.6 0.4 0 0 0 0 3.4000000000000004 0 2.6 0 0 0 0 0 0 0 0 0 0 0 0 1.2000000000000002 0 0 0 0 5 0 0 0 0 0 0 0 0 0 
 16 0 0 14.4 15.200000000000001 30.400000000000002 0.4 17.6 0 0 0 0.4 0 1.2000000000000002 0.4 0 0 0 0 0.4 13.600000000000001 13.8 69 12.600000000000001 26.8 12.4 51.800000000000004 0 26.200000000000003 21.6 11.8 27.400000000000002 36.4 59.6 19.8 22.200000000000003 9 24.200000000000003 29 54.400000000000006 1 0 0.6000000000000001 0 0.6000000000000001 0 0.2 0.6000000000000001 0 0 0.6000000000000001 0.6000000000000001 0.6000000000000001 1 0 0 0.4 1 0.4 0.6000000000000001 0 0.6000000000000001 0 0.4 0.6000000000000001 0.4 0.2 0.8 10.4 1 0 1.2000000000000002 0.8 0.8 0 1.2000000000000002 2 0 0 0.2 0 0 0 0 0.6000000000000001 1.4000000000000001 0 0 0 0 0 2.2 0 0 0 0 0 0 0 0 6.4 6.2 8.4 0 2.8000000000000003 0 0 0.2 0 5.4 10.200000000000001 1.4000000000000001 0 8 12.4 6.2 1.6 11.8 2.8000000000000003 2 0 0 0 0 0 0 0 0.2 0 0 0 0 0 0 0 0 0 0 0 0 0 0 0 0 0 0 0 0 0 0 0 0 0 0 0 0 0 0 0 0 0 0 0 7.4 0 5.4 0 0 0 0 0.8 0 0 0 0 0 0 0 0 0 5.4 8.4 5.4 1.2000000000000002 2 0 2 5.800000000000001 0 0 4.2 2.4000000000000004 0 10.8 1.6 6 5.6000000000000005 0 5 3 1.6 0 1.2000000000000002 0 0 0 0 0 0 0 0 0 2.4000000000000004 0 0 0 0 0 0 0 0 0 0 0 0 0 0.4 0 0 0 0.4 0 0 0.6000000000000001 0 0 0 0 0 0 0 0 0 0 0 0 0 0 0 0 0 0 0 0 0 0 0 0.2 0.4 0 10.8 1.8 0 0 0 0 0 0 0 0 0 0 0 0 0 0 0 0 0 0 0 0 0 0 0 0 0 0 0 0 
 0.6000000000000001 0.2 0.4 0 0.2 0 0 0 0 0.2 0 0 0 0 0 0 0 0 0 0.4 10.600000000000001 48.400000000000006 109 61.2 49.400000000000006 42.800000000000004 9 26.200000000000003 0 33.6 32.2 29 24 24 20 58.2 82.2 29 20.200000000000003 27.6 1 0 0.4 0 0.6000000000000001 0 0 41.400000000000006 0 0.2 0.6000000000000001 0 0.2 0.4 0.4 0.2 0.4 0.4 17.8 0.6000000000000001 0.6000000000000001 5.6000000000000005 0 0.6000000000000001 0 0 0.2 0.4 0 0 0.4 0 1.2000000000000002 0.4 0 1.2000000000000002 1 0 0 0 0 2.2 0 0 0 3.4000000000000004 0 0 0 0 0 0 0 0 0 0 0 0 0 0 4 3.4000000000000004 0 3.8000000000000003 2.2 10.600000000000001 0 2.8000000000000003 2 6 5.4 0.4 1.6 0 5.6000000000000005 0 3.2 0 0 0 0 0 0 0 0 0 3.6 0 0 0 0 0 5.6000000000000005 2.4000000000000004 0 0.4 0 0 2 0 1.6 0 0 0 0 0 0 0 0 0 0 0 0.4 0 0 0 0 0 0 0 0 0 0 0 0 0 0 0 0 0 0.6000000000000001 0 0 0.2 0 0 0 0 0 0 4.6000000000000005 0.6000000000000001 3.8000000000000003 4.4 1.8 3.4000000000000004 0 0 1.8 3 0.2 4.800000000000001 0 3.8000000000000003 3.6 4.2 3 1.8 0 0 0 0 0 0 0 0 4.4 2 0 0 0 0 2.4000000000000004 2.2 2.4000000000000004 0 0 0 4.2 0 0 0 0 0.4 0.4 0 0 0 0 0 0 0 0 0 0 0 0 0 0 0 0 0 0 0 0 0 0 0 0 0 0 0 0 0 4.6000000000000005 0 0.4 0 0 0.6000000000000001 0.2 0 0 0 0 0 0 4.2 0 0 0 0 0 0 0 0 0 0 0 0 0 1.2000000000000002 0 0 0 2 0 0 0 0 
 0.6000000000000001 0.4 0.4 0.2 0.4 16.6 1.2000000000000002 0.4 0.4 0.4 0.6000000000000001 0.4 0.4 0.8 0.4 0.4 0.2 0.6000000000000001 0.4 0.8 10.200000000000001 23.8 59 29.400000000000002 63.400000000000006 89.80000000000001 16.2 21.6 33.6 0 29.8 31.8 5.800000000000001 33.2 17.8 19.8 9.8 14.8 15.4 14.600000000000001 0.6000000000000001 0 0 0 0.6000000000000001 0 0 0.8 0 0.2 0.6000000000000001 0 27.6 0.6000000000000001 0 0 0.4 0.4 13.200000000000001 6.6000000000000005 0 0 0 0 0 0.2 0.6000000000000001 0 0 0 0 0 0 0 0 0.6000000000000001 0.4 0 0 0 0 0 0 0 0.2 0 0 0 0 0 0 0 0 0 0 0 0 0 0 0 2 3 0 0 5 4.2 0 2.8000000000000003 0 0 2.4000000000000004 1.4000000000000001 0 0 1.6 0 6 0 0 0.6000000000000001 0 1.2000000000000002 3.8000000000000003 0 0 0 0.8 2 2.4000000000000004 0 0 3 0 2.4000000000000004 3.6 2 0 0 0 0 0 0 0 0 0.8 0 0 0 0 0 0 0 1.4000000000000001 0 0 0 0 0 0 0 0 0 0 0 0 0 0 0 0 0 1.2000000000000002 0 0 0 0 0 0 0 0 0 0 2.6 1.6 0 6.4 4.800000000000001 1.8 0 1.6 0 15.200000000000001 6 0 0 2.6 12.600000000000001 8.6 0 3.2 0 0 0 0.2 0 0 0 1.8 4.4 3.6 0 0 0 4.800000000000001 0 0.4 0 0 0 3.6 3.4000000000000004 0 0 0 0 0 0 0 0 0 0 0 0 0 0 0 0 0 0 0 0 0 0 0 0 0 0 0 0 0 0 0 0 0 0 1.8 0 0.4 24.6 0.2 0.4 0.8 1.8 0 0 0 0 1.8 0 0 0 0 0 0 0 0 0 0 0 0 0 0 1.8 0 3 0 0 2.4000000000000004 0 0 0 
 0.2 0.2 0.6000000000000001 0.8 0.8 0.2 0.2 0.2 0.6000000000000001 0.2 0 1.4000000000000001 0.2 1.2000000000000002 0.2 0.2 1.2000000000000002 0 0.2 0.2 8.8 15.8 26.6 16.6 17.2 43.6 16.400000000000002 11.8 32.2 29.8 0 30.200000000000003 11.200000000000001 10.4 22.8 82.2 23.6 43.2 5.2 35.800000000000004 13 12.8 0 0 0.6000000000000001 0 0 0.6000000000000001 0 0 0.6000000000000001 0 13.4 13.4 13 0 0.4 0.4 7 14 0 0 0 0 0 0 0 0 0 0 0 0 0.8 1.2000000000000002 0.4 0.6000000000000001 0.6000000000000001 0 0.6000000000000001 0 0 0 0 0 0 1.8 0 0 0.2 0 0 0 0 0 0 0 0 0 0 0 5 1.2000000000000002 0 1.2000000000000002 7 1.6 2.6 1.6 0 5 4.2 0 1.2000000000000002 1.8 2.4000000000000004 0 2.2 2.2 0 0 2.4000000000000004 0.8 0.2 0.2 0 0 0.2 2 0 0.8 0 0 0 2.6 2.4000000000000004 0 0 0 0 4.2 0 0 0 1.2000000000000002 0 0.4 0 0 0 0 0 0 0 0 0 0 0 0 0 0 0 0 0 0 0 0 0 0 0 0.2 0 0 0 0 0 0.4 0 0 0 0 3.8000000000000003 2.2 0 4.6000000000000005 0 4 0 1.6 0 3.6 0.2 4.6000000000000005 0 3.2 1.6 3.8000000000000003 0 2.2 0 0 0 0 0 0 0 0 4.4 2 0 0 0 0 5.6000000000000005 4.2 2.6 1.6 0 0 4.800000000000001 1.6 0 0 0.2 0 0 0 0 0 0 0.4 0 0 0 0 0 0 7.4 0 0 0 0 0 0 0 0 0 0 0 0 0 0 0 0 0 3 0 0.4 0.4 0 0.6000000000000001 2.6 0 0 0 0 0 0 0 0 0 0 0 0 0 0 0 0.4 0 0 0.2 0 0 0 0 0 0 0 0 0 0 
