 0 41.400000000000006 36.4 69.8 71 24.8 44 50 28.6 8.4 116.60000000000001 12 49.400000000000006 27.400000000000002 124.2 6.2 105.2 49 9.600000000000001 51.6 0 0 1.8 0 0.2 1 1.4000000000000001 0 0.2 0 0 17.2 0 0 0.6000000000000001 0 0.8 0 0.4 0 0 0 0 0 0.8 1 0 0 0.4 0 0 0.6000000000000001 0 1.6 0 0 0 0 0 0 0 0 0 0.8 11.8 0 0 0.6000000000000001 0.6000000000000001 0.8 0.2 0 0 0 0.4 0 0.6000000000000001 1.4000000000000001 1.2000000000000002 0 2.6 4.800000000000001 2.4000000000000004 0 1.8 7.800000000000001 2.4000000000000004 4 1 0.4 6.2 2.8000000000000003 2.4000000000000004 2.8000000000000003 4.6000000000000005 3.2 7.4 0 3.2 6.800000000000001 0 0 0 0 0 0 0 0 0 0 0 0 0 0 0 0 0.2 0 0 0 0 0 0 3 0 0 0 0 0 0 0 0 0.2 0 0 0 0 0 0 0 0 0 0 0 0 0 0 0 0 0 0 0 0 0 0 1 0 0 0 0 0 2.8000000000000003 0 2 0.2 1.6 0.4 1.8 0.2 3.2 4.4 0 3 3 8.6 2.8000000000000003 5.6000000000000005 1.8 0 0 0 0 0 0.2 0 0 0 0 0 2.2 0 0 14.4 0 0 4 0 0 0 5.2 0 0 0 0 0 0 0 0 0 0 0 0 0 0 0 0 0 0 0 0 0 0 0 0 0 0 0 0 0.4 0 0 0 0 0 0 0 0 0 0 0 0 3 0 0 0 0 18 0.4 0.4 0.8 0.4 3.2 0 0 0 0 0 0 0 0 0 0 0.2 0 0 0 0 0 0 0 0 0 0 0 0 4.800000000000001 0 0 0 0 0 0 0 0 0 0 0 0 0 0 
 41.400000000000006 0 99.60000000000001 14.8 93.80000000000001 57 36.6 65.2 23.200000000000003 29.6 111.4 53.800000000000004 12.8 99 74.4 38.800000000000004 27.400000000000002 27 9 31.200000000000003 0 0 0.4 0.2 0.2 0 0 0.4 0 0 0 1 0 0.4 0.2 0 0.4 0 0 16.400000000000002 0.6000000000000001 0 0 0 0 0 0.2 0 0.4 0 0 0.6000000000000001 0 0.6000000000000001 0 0 0 0 0 0 0 0 0 0.6000000000000001 8.6 0 0 0.4 0.4 0 0.6000000000000001 0 0 0 0.4 0 0.6000000000000001 0.4 8.4 0 2 4.800000000000001 4 0 2 7.800000000000001 2.4000000000000004 17 2 3.6 2.8000000000000003 10.200000000000001 0 3.6 2 2.8000000000000003 5.800000000000001 2 0 2.4000000000000004 3 0 0 0 0 0 3 0 0 0 0 0 0.6000000000000001 0 0.2 0.4 2.2 0 0.2 0.2 0 0 0 0 0 0 0 0 0 0 0 0 0 3 0 0 0 0 0 0 0 0 0 0 0 0 0 0 0 0 0 0 0 0 0 1.2000000000000002 0 0 0 0 0 4.800000000000001 0 2 2 1.2000000000000002 0 2.8000000000000003 1.8 0.2 0.6000000000000001 0 2.6 2.6 3.2 1.6 6.4 0 2.2 0 2 0 0 0 0 0 0 0 0 0 0 0 6.4 0 0 0 0 0 0 8.4 0 0 0 0 0 0 0 0 0 0 0 0 0 0 0 0.6000000000000001 0 0 0 0 0 0 0 0 0 0 0 0 0 0 12 0 0 0.4 0 0 0 0 0.4 0 0 0 0 0 0 0 1.4000000000000001 0 0 0 0 3.2 0 0 0 0 0 0.4 0 0 0 0 4.4 0 0 0 0 0 0 0 0 0 0 0 0 0 0 0 0 0 0 0 0 0 0 0 0 0 0 0 
 36.4 99.60000000000001 0 22.8 57.800000000000004 30.200000000000003 20.6 50 24 28.6 7.6000000000000005 23 23.8 17.6 16.400000000000002 43.6 41 7.4 24.6 29 0 0 0.2 0 0.4 0.2 0 0 0 0 0.6000000000000001 0.6000000000000001 0.2 0.8 0 0 0.8 0 0.2 15.200000000000001 0 0 0.6000000000000001 0 0.2 0 0 0 1.2000000000000002 0 0 0.6000000000000001 0.6000000000000001 0.4 0 0 0.4 0 0.4 0 0 0 0.2 0.4 0.8 0.6000000000000001 0 0.6000000000000001 0.6000000000000001 0 0.2 0 0 0 0.4 0.4 1.2000000000000002 0.4 0 0 2.8000000000000003 0.2 3 2.2 0.2 3.4000000000000004 4.6000000000000005 2 6 6.800000000000001 0 6.6000000000000005 0.2 0 0 0 1.8 8.4 0 2.2 14.4 0.8 0 0 3 0.2 8 0 0 0 0 0 0.2 0 0.2 0 0 0 0 0 0 0 0 0 0 0 0 0 0 0 0 0 0 0 0 0 0 0 0 0 0 0 0 0 0 0 0 0 0 0 0.2 0 0 0 0 0 0 0 2.4000000000000004 0 0 20.400000000000002 1.6 0 3.2 7.4 2.2 5.2 5.4 5.4 0.4 0 5.4 4 0.4 3.4000000000000004 4 2.6 5.6000000000000005 3.2 5.800000000000001 0 0 0 0 0 0 0 0 0 0 0 0 0 0 0 0 0 0 5.2 0.4 0 0 0 0 0 0 0 0 0 0 0 0 0 0 0 0 0 0 0 0 0 0 0 0 0 0 0 0 2.6 0 0 0 0.4 0 0 0 0 0.4 0 0 0 0 0 0 0 0 0 0.4 0 0.2 0.8 0 0 0 0 0 0 0 0 0 0 1.8 0 0 0 0 0 0 0 0 0 0 0 0 0.2 0 2 0 0 0 0 0 0 0 0 0 0 0 0 
 69.8 14.8 22.8 0 21.200000000000003 8.8 15.200000000000001 71.2 36.2 26.8 119.4 43 15.200000000000001 41.6 85.60000000000001 6.2 24 69.60000000000001 34.6 12.8 0.6000000000000001 0 0.8 0 0.2 0.4 0.6000000000000001 14.8 0.6000000000000001 0 0 1 14.8 0.6000000000000001 0.6000000000000001 0 0.4 0 0 0.4 0 0 0.6000000000000001 0 0.2 0 0 0 0.4 0.6000000000000001 0 0.6000000000000001 0 1.2000000000000002 0 0 0.4 0.6000000000000001 0 0.6000000000000001 0 0 0 0.4 0 0 0 0.6000000000000001 0.6000000000000001 0 0.2 0 0 0 0.4 0 0.6000000000000001 0.4 0 0 1 6.4 0.6000000000000001 7.2 2 0 2.4000000000000004 0.2 9.4 6.2 11.4 0 0 4 8.4 8.4 0 3 0 3.6 2.6 0 0 0 0 0 0.4 0 0 0 0 0 0.2 0 0 0 0 3.4000000000000004 2.8000000000000003 0 0 0 0 0.2 0 0 0 0 0 0 0 0.4 0 0 0 0 0 0 0 0 0.2 0 0 0 0 0 0 0 0 0 0 0 0 0 0 0 0 0 0 0 4.6000000000000005 0 2 4 4.2 1.6 3.2 0 5.6000000000000005 2 7 9.4 0 0 4.800000000000001 1.6 0 11.4 0.4 0 10.200000000000001 0 0 2.2 0 0 0 0 0.2 0 0 0 0 0 2.6 2.2 0 0 0 0 0 0 0 0 0 0 0 0 2.8000000000000003 0 0.4 0 0 0 0 0 0 0 0 0 0 0 0 0 0 0 0 0 0 0 0 0 0 0 0 0 0 0 0 0.2 0 0 0 0 0 0 0 0.4 0.8 18.2 0 3.6 2.8000000000000003 0 0 0 0 0 0 0 0 0 0 0 0 0 0 0 0 0 0 0 0 0 0 2.8000000000000003 5.4 0 0 0 0 0 0 0 0 0 0 0 0 0 
 71 93.80000000000001 57.800000000000004 21.200000000000003 0 75.4 8.200000000000001 54 38.400000000000006 79 38.400000000000006 29.6 29 92.4 116.2 19.6 28.400000000000002 15.200000000000001 14.600000000000001 16.6 0 0 1 0 0.2 0 0 0 0 0.4 0 0.2 0 0 0 0.4 0 0 0 0 0 0.6000000000000001 0.4 0 0.2 0 0 0.8 0 0.4 0 0.4 0 0.8 0 0 0 0 0 0 0 0 0 0 10 0 0 9 0 0.4 0 0 0 0 0 0 0 0 7.800000000000001 0 3 1 2 3.8000000000000003 0 5.2 0 0.4 11.8 0 9.600000000000001 4.4 0 3.6 3.2 1.6 3.6 5 0 5 0.4 0.2 0 0 0.4 0 0 0 0 0 0 0 0.4 0 0 0 0 0 2.8000000000000003 0 0 0 0 0.2 0 0 0 0 0 0 0 0 0 0 0 0 0 0 0 0 0 0 0 0 0 0 0 0 0 0 0 0 0 0 0 1.6 0 0 0 0 8.200000000000001 6.4 6.6000000000000005 0.8 2.8000000000000003 2.2 0 0.2 4.2 11 7.6000000000000005 1.8 0 2.6 7.4 7.800000000000001 9.200000000000001 2.8000000000000003 0 0.2 0 0 0 0 0 0 2.4000000000000004 0 0 0 0 0 10.8 0 0 0 0 0 0 4.6000000000000005 0.2 0 0 0 0 0 0.4 0 0 0 0 0 0 0 0 0.2 0.2 0 0 0 0 0 0.4 0 0 0 0 0 0 0 0 0 0 0 0 2.2 0 0 0 0 0 0 0 0 0 0 17.400000000000002 0.4 0 0.4 0.4 2.4000000000000004 0 2 0 0 0 0 0 0 0 0 0 0 0 0 0 0 0 0 0 0 0 0 0 4.2 0.2 0 0 0 0 0 0 0 0 0 0 0 0 0 
 24.8 57 30.200000000000003 8.8 75.4 0 8.200000000000001 16.8 9.8 47.400000000000006 21.6 46.800000000000004 30 51.6 15.600000000000001 107.4 21.8 7.6000000000000005 9 14 21.400000000000002 0 0 0 0.2 0 16.8 16.2 0 0 1 8.200000000000001 15.600000000000001 0 29.6 0 0.4 0 38.800000000000004 29.200000000000003 0.2 0 0 0 0 0 0 0.6000000000000001 0.4 0 0 0.6000000000000001 0.6000000000000001 0.8 0 7 0 0.4 0.2 1 0 6.2 0 0.4 6.800000000000001 0 0 0.6000000000000001 0.6000000000000001 0 0.4 10.200000000000001 0.6000000000000001 0 0.4 0 0.6000000000000001 0.4 0.2 0 2.6 0 2.8000000000000003 2.2 4.6000000000000005 2 0 5.800000000000001 3 2.6 4.2 2 0 0 3.2 2.2 1.8 0 0 0 7.6000000000000005 0.4 0 0 0 0 3.2 3.4000000000000004 0 0 0 0 0.2 4.6000000000000005 2.6 0 0 0 6.4 2.4000000000000004 3 0 0 2.2 0 0.4 0 0 0 0 0 0 0 0 0 0 0 0 0 0 0 0 0 0 0 0 3 0 0 0 0 0 0 0 0 1.2000000000000002 0 0 0 1.8 0.2 3.4000000000000004 0 3.2 7.2 2.4000000000000004 0 4.4 4.2 0 3.8000000000000003 0 0.2 0 0 3.8000000000000003 5.6000000000000005 0 0 0 2.4000000000000004 8.200000000000001 3.4000000000000004 0 0 0 0 0 0 0.2 0 0 19.8 0 3.8000000000000003 0.2 0.2 0 0.2 4.2 0 0 0.4 0 0 0 0 0 0 0 0 0 0 0 0 0.2 0 0 0 0 0 0.4 0 0 0.4 0 0 0 0 0 0 0 0 0 0 0 0 0 0 0 0 4.2 0 0 0 0 26.8 0 25.8 0.8 0.2 2.2 0 0 0.4 0 0 0 0 0 0 0 0 0 0 0 0 0 0 0 0 0 0 0 0 0 0 0 0 0 0 0 0 0 0 0 0 0 0 0 
 44 36.6 20.6 15.200000000000001 8.200000000000001 8.200000000000001 0 84.2 36.6 48.800000000000004 22.8 9.200000000000001 51.2 34.6 28 6.800000000000001 28.200000000000003 24.200000000000003 47 71.4 0 0 0.2 0 0.6000000000000001 0 0 14.8 0 15.200000000000001 0 0.6000000000000001 0 0 0 0 0.6000000000000001 0 0 0 0.6000000000000001 0 0 0 0 0 0.8 0 0.4 0 14 13.200000000000001 0 0.6000000000000001 0 0 0 0 0 0 0 0 0 0.6000000000000001 0 0 0 0.6000000000000001 0.4 0 0.6000000000000001 0 0 0 0.4 0 0.2 0.4 0.6000000000000001 0 10 3 2.6 2.8000000000000003 0 2.8000000000000003 3 6.2 3 2.6 0 1.2000000000000002 10 0 1.4000000000000001 6.6000000000000005 2.6 1.4000000000000001 0 0 0 0 0 0 0 0 0 0 0 0 0 0 0 0 0 0 0 0 0 0 0 0 0 0 0 0 0 0 0 0 0.2 0 0 0 0 0 0 0 0 0 0 0 0 0 0 0 0 0 0 0 0 0 0 0 0 0 0 0 0 0 3.6 8.6 0.2 0 0.2 4.2 1.8 5.6000000000000005 0 0.8 0.4 4 3.8000000000000003 3.6 4.4 0 0 2 9 3.4000000000000004 0 0 0 0 0 1.2000000000000002 0 0 0 0 0 0 0 0 0 0 0 0 0 0 3.2 0 0 0 0 0 0 0 0.2 0 0 0 0 0 0 0 0 0 0 0 0 0 0 0 0 0 0 0 0 0 0 0 0 0 0 0 0 0 0.4 0 0 0 0 0 0 0.4 0 0 0.4 28 2.4000000000000004 1 4.2 0 0 0 0 0 0 0 0 0 4.2 0 0 0 0 0 0 0 0 0 0 0 0 4 0 1.4000000000000001 0 0 0 0 0 0 0 0 0 0 0 0 
 50 65.2 50 71.2 54 16.8 84.2 0 56 84 27.6 39.800000000000004 37.2 62.400000000000006 31.400000000000002 7.2 51.800000000000004 49.2 14.8 43 0 0 0.8 0 0.4 0 0 0 1 0.4 0 0.6000000000000001 0 0 0.6000000000000001 0.6000000000000001 0.4 0 0 0 0.2 0 0 0.8 1 0 0 0.8 0.4 0.6000000000000001 0.6000000000000001 0.6000000000000001 0 1.2000000000000002 0 0.2 0.4 0 0 0 0 0 0 0.4 10.600000000000001 0.6000000000000001 0 0.6000000000000001 0.6000000000000001 0 6.6000000000000005 0.4 0 0 0.4 0.2 0.6000000000000001 0.8 0.6000000000000001 0 6 10.4 6.4 2.6 1.6 0.2 3.8000000000000003 2 9.600000000000001 0 2 1.6 0 0.2 8.4 7.4 1.8 5.800000000000001 0 3.8000000000000003 0 0 0 0 0 0 0 0 0 0 0 0 0 0 0 0 0 0 1.8 0 0 0 0 2.2 0 0 0 0 0 0.2 0 0 0 0 0 0 0 0 0.6000000000000001 0 0 0 0 0 0 0 0 0 0 0 1.6 0 0 0 0 0.6000000000000001 0 0 0 0 3.4000000000000004 8.6 4 0 4.6000000000000005 1.4000000000000001 0 3.2 6.6000000000000005 5.4 8.200000000000001 4.800000000000001 0 0 3.2 9 4.2 2 0 0 0 0 0 0 0 0 0 0 0 0 0 0 3.2 0 0 0 0 0 0 2.4000000000000004 0 0 0 1.2000000000000002 0 0 0 0 0 0 0 0.4 3.6 0 0 0 0 0 0 0 0 0 0 0 0 0 0 0 0 0 0 0.2 0 0 0 0 0 0 0 0 0 0 0 0 0 0.6000000000000001 18.2 0.4 0 7.2 0 4.2 0 0 0 0 0 0 0.2 0 0 0 0.2 0 0 0.6000000000000001 0.4 0 0 0.4 0 0 0 0 0 0 5.800000000000001 0 0 0 0 0 0 0 0 0 0 0 0 0 
 28.6 23.200000000000003 24 36.2 38.400000000000006 9.8 36.6 56 0 37.6 8.200000000000001 52.6 35.2 69.60000000000001 42.6 31 55.6 44 54.6 136.6 0.4 0 0.4 0 0 0 0 0 0 0 0 0.6000000000000001 0 0 0 0 0.6000000000000001 0 0.4 0 0.4 0 0 0 0 0 0 0.4 0.4 0 0 0.6000000000000001 0 1.2000000000000002 0 0 0 0 0 0 0.4 0 0 0.6000000000000001 0 0 0 1 0.4 0 0.6000000000000001 0 0.6000000000000001 0 0.4 0 0.8 0.4 0.8 0 1.8 2.4000000000000004 1 1.8 0.6000000000000001 0.2 5 3.4000000000000004 5.6000000000000005 0.2 3 0.4 3.8000000000000003 0 7.2 10.600000000000001 7.2 3 0.2 3.4000000000000004 0 0 0 0 0 0 0 0 0 0 0 0 3.6 3.4000000000000004 0 0 0 0 3.8000000000000003 0 0 0 0 0.2 0 0 0 0 0 0 0 0 0.2 1.6 0 0 0 0 0 0 0 0.4 0 0 0 0 0 0 0 0 0 0 0 0 0 0 0 0 0 0 0 0 0 3.8000000000000003 0.6000000000000001 0 0 0 0.2 11.8 3.8000000000000003 1.4000000000000001 0 2.2 0.6000000000000001 2.2 0.2 0.4 0.2 3 0 0 0 0 0 0.2 0 0 0 0 0 0 0 0.2 5.800000000000001 0 0 0 5.6000000000000005 0 0 0 0 0 0 0.2 0 0 0 0 3.2 0 0 0 0 0 0 0 0 0 0 0 0 0 0 0 0 0 0 0 0 0 0.4 0 0 0 0 0 0 0 0 0 0 0 0.2 0.4 0 0 18.8 18.6 0 1.2000000000000002 0.2 0 0 0 0 0 0 0 0 0 0 0 0 0 0 0 0 0 0 0 0 0 0 0.4 0 0 0 0 0 0 0 0 0 0 0 0 0 0 
 8.4 29.6 28.6 26.8 79 47.400000000000006 48.800000000000004 84 37.6 0 47.6 44 7.2 61.800000000000004 40.800000000000004 19.6 34.4 32.4 78.60000000000001 14.8 17.8 0 0.4 0 0.2 0 0.2 0 0 0 0 0.6000000000000001 0 0 0 0.4 0.8 0.2 0 0 0.2 0 0 0 0.2 0 0 1.4000000000000001 0.4 0 0 0.6000000000000001 0 1.6 0 0 0 0 0 0 0 0 0 8.8 11.4 0 0 0.6000000000000001 1.2000000000000002 0 0.6000000000000001 0 0 0 0.4 0 0.6000000000000001 0.4 0.4 0 6.2 4 1 6.6000000000000005 1.6 0.8 3 2.8000000000000003 18 0 3.6 3 0 4 7.2 7.800000000000001 3.6 5 0 4 0 0.6000000000000001 0 0 0 1.6 0 0 0 0 0 0 1 0.2 0 0 0 0 3.6 0.2 0 0 0 0.2 0 5 0 0 0 0.2 0 0 0 0 0 0 0 0 0.4 0 0 0 0 0 0 0 0 0 0 0.2 0 0 0 0 0 0.4 0 0 0 0 4.6000000000000005 3.4000000000000004 3 8.200000000000001 3.8000000000000003 1.6 0 7.2 4.800000000000001 2.4000000000000004 6.4 11.8 0 0 4 4.6000000000000005 5.4 2.6 0 0 0 0 0 0 0 0 0 0 0 0 0 0 3.6 0 2.2 0 0 0 0 2.8000000000000003 0 0 0 0 0 0 0 0 0 0 0 0.4 0 0 0 0.2 0 0 0 0 0 0 0 0 0 0 0 0 0 0 0 0 0.2 0 0 0 0 0 0 6.2 0 0 0 0 0 0.8 17.8 0 0.2 21.200000000000003 0.6000000000000001 1.2000000000000002 0 0 0 0 0 0 0 0 0 0 0 0 0 0 0.4 0 0 0.4 0 0 0 0 0 0 5.800000000000001 0 0 0 0 0 0 0 0 0 0 0 0 0 
 116.60000000000001 111.4 7.6000000000000005 119.4 38.400000000000006 21.6 22.8 27.6 8.200000000000001 47.6 0 63 8 13.600000000000001 63.800000000000004 56.2 55.400000000000006 31.200000000000003 24.6 8.8 10.200000000000001 0.6000000000000001 0.8 15.4 0.4 0.6000000000000001 1.2000000000000002 0 0.2 0 0.6000000000000001 1 0 0.4 0.4 0 0.4 0 0 1.2000000000000002 0.6000000000000001 0.4 0 0 0.6000000000000001 1 0.4 0 14.4 0 0 0.6000000000000001 0.4 1.2000000000000002 0 0 0 13 0 0 0 0 0 1.2000000000000002 0 0 0.2 0.4 0.4 1.4000000000000001 0.6000000000000001 0 0 0 0.4 1 0 11.200000000000001 1.8 0.8 1.6 4 9.200000000000001 5 2.4000000000000004 0.4 2 0.2 4.2 4.800000000000001 4.4 0 0 3.8000000000000003 8.200000000000001 6 0 5.4 0 0 3 0 0 0 0 0 0 0.4 0 0 0 0.4 0 0 0 0 0 0.4 2 7.2 0.4 0 0 3.6 0 0 0 0 0 0 0 0 0 0 0 0 0.2 0 0 0 0 0 0 0 0 0 0 0 0 0 0 0 0 0 0 0 0 0.2 0 0 5 3.8000000000000003 6.6000000000000005 0 0 1.2000000000000002 0 0 4.2 2.8000000000000003 5 2.4000000000000004 0 0 2 5.2 0 6.4 0 0 2 0 0 0 0 0 0 3.8000000000000003 0 0 0 0 0 0 0 0 0 0 0 0.2 0 0 0 0 0 0 0 0 0 0 0 0 0 0 0 0.4 0 0 0 0 0 0 0 0 0 0 0 0 0 0 0 0 0 0 0 0 0 0 0 2.8000000000000003 0 0 0 0 0 0.4 0.8 0 0.6000000000000001 34.4 0 1 0 0 0 0 0 0 0 0 0 0 0 0 0 0 0 0 0 0 0 0 0 0 0 0 5.6000000000000005 0 0 0 0 0 0 0 0 0 0 0 0 0 
 12 53.800000000000004 23 43 29.6 46.800000000000004 9.200000000000001 39.800000000000004 52.6 44 63 0 7.4 21.6 29 7.4 47.6 80.4 7.6000000000000005 6.800000000000001 18.6 0.8 1.6 0 0.6000000000000001 0 0 0 21.8 0 0 15.8 16 0 5.6000000000000005 16.2 0.6000000000000001 0 15 0 0.4 0 0 0 0.2 0.4 0.6000000000000001 0 0.4 0 0.6000000000000001 0.6000000000000001 0 1.2000000000000002 0 0 0 0 0 0 0 0 0 0.4 0.6000000000000001 0 1.6 0.6000000000000001 0.8 0 0.6000000000000001 0 0 0 0.4 0 0.8 0.4 0.6000000000000001 0.2 1.6 3.4000000000000004 0 6 0 1.4000000000000001 3.2 0 8.8 0 9 3 0 1.6 0.4 2.6 3 2 0 4.4 0.4 0 0 0 0 0 4.2 2.2 1.8 3.6 0 0 0 2 0 0 0.2 0 6.4 2.6 0 0 0.4 0 0 0 0.4 0 0 0 0 0 0 0 0 0 0 0 0 0 0 0 0 0 0 0 0 0 0 0 0 0 0 0 0 0 0 0 0 0 2.4000000000000004 3.4000000000000004 5.6000000000000005 0.2 0.2 0 0 2.8000000000000003 2 6.4 13.4 7 0 2.6 8.200000000000001 2.6 6.800000000000001 5.800000000000001 0 0 6.2 4 4.2 0 0 0 4.2 4.800000000000001 2.2 0 0 0 2 0.2 2 0 0.2 0.4 4.4 0 0 0 0 0 0 0 0 0 0.8 0 0.4 0.4 0 0 0 0 0 0 0.2 0 0 0 0 0 0 0 0 0 0 0 0 0 0 0 0 0 0 0 0 0 0 0 0 0 0 0 1.2000000000000002 0 0 0.4 0 1.8 0 0 0 0 0 0 0 0 0 0 0 0 0 0 1 0 0 0 0 0 0 0 0 0 1.6 0 0 0 0 0 0 0 0 0 0 0 0 0 
 49.400000000000006 12.8 23.8 15.200000000000001 29 30 51.2 37.2 35.2 7.2 8 7.4 0 32.6 29.8 44 9.4 25.400000000000002 49.400000000000006 83.80000000000001 0 0 0.4 0 0.2 0 0 3.4000000000000004 0 0 0 2 0 0 15.4 0 1 0 0 0 0.6000000000000001 0 0 0 0 0 0.4 0 0.6000000000000001 0 0 0.6000000000000001 0 0.6000000000000001 0 0 0 0 0 0 0 0 0 0.6000000000000001 0 0 0.2 0.4 0.4 0 0.6000000000000001 0 0 0 0.4 0 0 0.4 0.6000000000000001 0 1.2000000000000002 8.4 0 4.6000000000000005 0 2 8.8 5.800000000000001 6.4 2.8000000000000003 3.2 1 6.2 5.800000000000001 9.8 12.8 7.6000000000000005 3.2 0 0 0 0 0 0 0.4 0 0 0 0 0 0 0 0.2 0 0 0 0 0 3 0 0 0 0 0 0 0 0 0 0 0 0 0 0 0 0 0 0 0 0 0 0 0 0 0 0 0 0 0 0 0 0 0 0 0 0 0 0 0.2 0.8 0 0 0 0 1.8 0 0 4.6000000000000005 0 0 10.200000000000001 2 1.4000000000000001 3 2.2 6.800000000000001 1.6 2 0 2.8000000000000003 6.800000000000001 0 0 0 0 0 0 0 0 0 0 0 0 0 0 0 0 0 0 0 3.8000000000000003 0 0 0 0 0 0 0.4 0 0 0 0 0 0 0 0 0 0.2 0 0 0 0 0 0.4 0 0 0 0 0 0 0 0 0 0 7 0 0 0 0 0 0 0 0 0 0 0 0 0.2 0.2 0.4 18.2 2.6 2.8000000000000003 0 0 0.2 0 0 0 0 0 0 0 0 0 0 0 0 0 0 0 0 0 0 0 0 2.4000000000000004 0 0 0 0 0 0 0 0 0 0 0 0 0 0 
 27.400000000000002 99 17.6 41.6 92.4 51.6 34.6 62.400000000000006 69.60000000000001 61.800000000000004 13.600000000000001 21.6 32.6 0 49.400000000000006 5 26.200000000000003 7 55 35.4 0 0 0.2 0 0.6000000000000001 0.4 0 0 0 0 0 0.6000000000000001 0.4 0 0 0 0.8 0 0.4 0 0.2 0.4 0 0 0.4 0 5.800000000000001 1.2000000000000002 0.4 0.2 0 0.6000000000000001 0.8 0.4 0 0 0 0 0 0 0 0 0 0.4 0 0 0 0.6000000000000001 0.6000000000000001 0 0.4 0 13 0 0.4 0 0.6000000000000001 0.4 0.2 0 4.2 0 2.4000000000000004 4.2 0 0 0 2 12.4 0 1.8 0 5.800000000000001 0.2 8.8 4.800000000000001 4.4 10.600000000000001 2.6 2 0 0 0 0 0 0 0 0 0 0 0 0 0 0 0 0 0 0 4.2 0 0 0 0 0 0 0 0 0 0 2 0 0 0 0 0 0 0 0 0 0 0 0 0 0 0 0 0 0 0 0 5.800000000000001 0 0 0 0 0 0 0 0 0 7.4 6.800000000000001 3.4000000000000004 0 0.2 3.8000000000000003 0 6.2 3.8000000000000003 3.4000000000000004 1.8 2.8000000000000003 0.6000000000000001 3.2 0.2 7.2 0 8 2.2 0 0 0 0 0 0 0 0 0 0 0 0 0 0 0 0 0 0 0 0 0 0 0 0 0 0.4 0 0 0 0 0 0 0 0 3.4000000000000004 0 0 0 0 0 0 0 0 0 0 0 0 0 0 0 0 0 0 0 0 0 0 0 0 0 0 0 0 0 0 0 18 0.2 0.2 0.4 17.400000000000002 0.4 1.8 0 0 0 0 0 0 0 0 0 0 0 0 0 0 0 0 0 0 0 0 0 0 0 0 3.2 1.8 0 0 0 0 0 0 0 0 0 0 0 0 
 124.2 74.4 16.400000000000002 85.60000000000001 116.2 15.600000000000001 28 31.400000000000002 42.6 40.800000000000004 63.800000000000004 29 29.8 49.400000000000006 0 34.4 71.60000000000001 68.2 36 47 0.4 0 0.2 0.8 1.4000000000000001 0.2 0.8 0 0 0 15.4 0.6000000000000001 0.4 0 0 0 1 1 0.4 0 0.2 0 0 0 0.2 0.6000000000000001 0 2 2 0 0 0.6000000000000001 0.6000000000000001 1.2000000000000002 0 0.4 0 0 0 0 0.8 10.200000000000001 10.8 6.6000000000000005 3 0 0 2.2 6.4 0 0.6000000000000001 0.8 1.8 0 2 0.4 0.6000000000000001 0.4 0.4 0 4 3.8000000000000003 5.800000000000001 0.2 0.6000000000000001 3.4000000000000004 2.8000000000000003 3 7.2 14.4 9.600000000000001 2.8000000000000003 5.6000000000000005 3 0.6000000000000001 14 17 2 2.2 0.4 0 0 0 0 0 0 0 0 0 0 0 0 0 0 0 0 0 0 4.4 0 0 0 0.4 3.4000000000000004 0 0 0.4 0.4 0 0 0 0 0 0 0 0 0 0 0 0 0 0 0 0 0.2 0 0 0 0 0 0 0 0 0 0 0 0 0 0.6000000000000001 0 4.4 4 7.6000000000000005 1.6 0.2 6 1.6 6.6000000000000005 0 12 7.2 0 0.2 5.2 3.8000000000000003 5 0.8 3.6 0 0 0 0.4 0 0 0 0 0 0 0.2 0 0 0 0.4 0.4 0 0 0 0 0 2.8000000000000003 0 0 0 0 0 0 0 0.4 0 0 0 0 0 0 0 0 0 0 0 0 0 0 0 0 0 0 0 0.4 0 0 0 0 0.4 0 0.2 0.2 0 0 0 0 0 0 0 0 0 0 0.8 0.6000000000000001 0.8 18.400000000000002 0 0.4 0 0 0 0 0 0 0 0 0 0 0 0 0 0 0 0 0 0 0 0 0 0 0 2.8000000000000003 0 0 0 0 0 0 0 0 0 0 0 0 0 0 
 6.2 38.800000000000004 43.6 6.2 19.6 107.4 6.800000000000001 7.2 31 19.6 56.2 7.4 44 5 34.4 0 14 15.600000000000001 7.800000000000001 15.600000000000001 0 0 0.8 1 0.6000000000000001 0.6000000000000001 5 1.8 1 0.4 0 0.6000000000000001 14.8 1 0.2 0 1.2000000000000002 0.6000000000000001 3.8000000000000003 3 0.6000000000000001 0 0 0 11 0.6000000000000001 0.4 0.4 1.2000000000000002 0 0 0.6000000000000001 0 1 0.4 0 0 0 0 0.8 1.2000000000000002 0 0 0.6000000000000001 0.6000000000000001 0 0.2 1 0.4 0.4 0.6000000000000001 0.4 0.6000000000000001 8.200000000000001 0.8 0 0 1.8 1.2000000000000002 0 3 0.2 4.800000000000001 11.600000000000001 0 5.4 6.2 0 7 6 0.2 0 0 0.6000000000000001 0 2 3 0 0 0 2.2 0 0 0 0 0 2.2 0 2.8000000000000003 3.2 0 0 4.800000000000001 10.200000000000001 0 0 0 0 0 0 0 2.6 0 0 0 0 0 0 0 0 0 0 0.4 0 0 0 0 0 0 2.8000000000000003 0 0 0 0 0 0 0 0.2 0 0 1.4000000000000001 0 0 0 0 0.4 0 0 2.8000000000000003 0 0.2 0 0 7.4 3 0 5.800000000000001 0 2.2 1.2000000000000002 3.2 1.4000000000000001 3 0 4.800000000000001 4 0 0 0 10.600000000000001 1.8 0 0 0.8 0 0 0 0 0 0 0 0 1.6 0 2.2 0 0 0 2.2 6.2 0 0 0 0 0 0 0 0 3 0 0 0 0 0 0 0 0 0 0 0 0 0 0 0 0 0 0 0 0 0 0 0 0 0 0 0 0 0 0 0 0 2.4000000000000004 0 0 0 0 17.8 0 17.2 0.4 0.4 2 4 0 0 0 0 0 0 0 0 0 0 0 0 0 0 0 0 0 0 0 0 0 0 7.2 0 0 0 0 0 0 0 0 0 0 0 0 0 0 
 105.2 27.400000000000002 41 24 28.400000000000002 21.8 28.200000000000003 51.800000000000004 55.6 34.4 55.400000000000006 47.6 9.4 26.200000000000003 71.60000000000001 14 0 81 23.200000000000003 8.4 0.6000000000000001 0 0.4 0 0 0 0.4 0 0.2 0 0 0.6000000000000001 0 0 0 0 0.4 13.200000000000001 0 0 0.6000000000000001 0 0 0 0 0 0.2 0.8 0.4 0 0 0.6000000000000001 0 0.6000000000000001 0 0 0 0.4 0 0 0 0 0 0.6000000000000001 0 0 0 0.6000000000000001 0.4 0 0.6000000000000001 2.8000000000000003 0 10 0.4 0 0.2 0.4 0.6000000000000001 0 8.6 3.6 8.200000000000001 3.2 0 0 2.4000000000000004 1.4000000000000001 10 1.2000000000000002 0.2 3.6 0 4 2.2 5 0.2 2.6 0 0 0 0 0 0 0 0 0 0 0 0 0 0 0 0 0 0 0 0 3.2 2 0 0 0 2.8000000000000003 0 0 0 0.4 0 0 0.2 0 0 0 0 0 0 0 0 0 0 0 0 0 0.2 0 0 0 0 0 0 0 0 0 0 0 0 0 0 0 1.8 5 4.800000000000001 0 3.2 2 0 6.800000000000001 9 0 3.6 1.2000000000000002 0 8.6 1.2000000000000002 3.2 1.6 5 0 0 5.6000000000000005 0.4 0 0.2 0 0 0 4 0.2 0 0 0 0.4 0 0 0 0 0 0 2 0 0 0 0 0 0 0 0.4 0 0 0 0 0 0 0 0 0 0.4 0 0 0 0 0 0 0 0 0 0.2 0 0 0 0 0 0 0.4 0.2 0 0 0 0 0 0 0 0 0 0.4 0 0.2 0 17.2 0.6000000000000001 3 0 0.2 0 0 0 0 0 0 0 0 13.600000000000001 0 0 0 0 0 0 0 0 0 0 0 0 0 2.4000000000000004 0 0 0 0 0 0 0 0 0 0 0 0 0 
 49 27 7.4 69.60000000000001 15.200000000000001 7.6000000000000005 24.200000000000003 49.2 44 32.4 31.200000000000003 80.4 25.400000000000002 7 68.2 15.600000000000001 81 0 9.4 8 14.8 0 0.4 0 0 0.2 0 0 0 0.2 0 0.6000000000000001 30.200000000000003 0 0 0 0.4 0 14.8 0 0.4 0 0 0 0 0 0 0 0.4 0 0 0.6000000000000001 0 0.6000000000000001 0 0 0 0 0 0 0 0 0 0.6000000000000001 10 0 0 0.6000000000000001 0.4 0 0.6000000000000001 0 0 0 0.4 0 0.4 0.4 0.6000000000000001 0 4.2 4.800000000000001 0 2 0 2.2 3 0 5.2 0 5.6000000000000005 3.6 0 3.4000000000000004 3.2 0.2 3.4000000000000004 0 0 3 0 2 0 0 0 0 0.2 0 0 0 0 0 3.6 3.2 0 1.8 0 0 0 0 0 0 0 0 0 0 0 0 0 0 0 0.2 0 0 0 0 0 0 0 0 0 2.8000000000000003 0 0 0 2.8000000000000003 0 0 0 0 0 0 0 0 0 0.8 0 0 0 0 0 0.2 0.4 9.4 3.2 1.4000000000000001 0 0 0 2.4000000000000004 5 4.4 0 0 6.6000000000000005 2.8000000000000003 2.6 0 0.2 0 0 2 0 0.2 0.4 0 0 0 2 0 0 0 2.6 0 1.6 0 0 0 2 2.6 0 0 0 0 0 0 0 0 5.6000000000000005 0 0.2 0 0 0 0 1.6 0 0 0 0 0 0 0 0 0 3.8000000000000003 0 0 0 0 0 0 0 0 0 0 0 0 0 0.4 0 0 0 0 0 0.8 17 0 17.2 0.2 0.6000000000000001 1.6 0 0 0 0 0 0 0 0 0 0 0 0 0 0 0 0 0 0 0 0 0 0 0 2.4000000000000004 1.6 0 0 0 0 0 0 0 0 0 0 0 0 0 
 9.600000000000001 9 24.6 34.6 14.600000000000001 9 47 14.8 54.6 78.60000000000001 24.6 7.6000000000000005 49.400000000000006 55 36 7.800000000000001 23.200000000000003 9.4 0 80.4 0 0.6000000000000001 0.6000000000000001 0.4 0.4 0 0 0 8.200000000000001 0.2 0 1 0 0 1.4000000000000001 0 0.6000000000000001 1 0 0 0.4 0 0.4 0 0 0 0 0.8 0.4 0 0 1 0 0.4 0 0 0 0 0 0 0 0 0.4 1.2000000000000002 0 0 0.6000000000000001 1.2000000000000002 0.4 0 0.6000000000000001 0 1 0.6000000000000001 0.4 0 0.4 0.4 1 0 10.600000000000001 5 1.4000000000000001 1.2000000000000002 0 0 6 1.4000000000000001 2.2 1 0 1.4000000000000001 0 2 1 2.4000000000000004 2.6 2.6 1.6 0 0 0 0 0 0 0 0 0 0 0 0 0 0 0 0 0 0 0 0 0 0 0 0 0 0 0 0 0 0 0.2 0 0 0 0 0 0 0 0 0 0 0 0 0 0.2 0 0 0 0 0 0 0 0.4 0 0 0 0 0 0 0 0.4 1.8 1.2000000000000002 3 0 0 2.2 11 3.6 0 0.6000000000000001 0 2.4000000000000004 0 14.200000000000001 0.4 0 0 1.6 3.6 7.2 0 2.2 0 0 0 0 0 0 0 0 0 0 0 0 0 0 0 0 0 0.2 0 0 0 0 0.2 2.8000000000000003 0 0 0 0 0 0 0 0 0 0 0 0 0 2 0 0 0 0 0 0 0 0 0 0 0 0 0 0 0 0 0 0.2 0 0 0 0 0 0 0 0.2 0 0 0 2 0 1.2000000000000002 4.4 0 0 0 0 0 0 0 15.200000000000001 0 7.4 0 0 0 0.4 0 0 0 0 0 0 0 0 5.4 3.4000000000000004 0 0 0 0 0 0 0 0 0 0 0 0 0 
 51.6 31.200000000000003 29 12.8 16.6 14 71.4 43 136.6 14.8 8.8 6.800000000000001 83.80000000000001 35.4 47 15.600000000000001 8.4 8 80.4 0 0 0 0.2 0 0.8 0 0 0 0.4 0 0 0.6000000000000001 0 0.4 0.4 0.2 0.8 0 0 14.8 0.6000000000000001 1.2000000000000002 0 0.4 0 0 0.2 0 0.4 0 0 0.8 0.4 0.6000000000000001 0.6000000000000001 0 0 0.2 0 0.2 0 0 0 0.6000000000000001 0 0 0 0.6000000000000001 0.4 0 0.6000000000000001 0 0 0 0.4 0 0.2 0.4 0.6000000000000001 0 2.2 4.6000000000000005 0 0.8 0 0.2 8.8 1.2000000000000002 3.6 3.8000000000000003 0.6000000000000001 0 3.4000000000000004 4.4 2.6 0.2 10 2.4000000000000004 14.4 2.2 0 0 0 0 0 0 0 0 0 0 0 0 0 0 0 0 0.2 0 0 0 0 0.2 0 0 0 0 0 0 0 0 0 0 0.4 0 0 0 0 0 0 0 0 0 0 0 0 0 0 0.2 0 0 0 0 0 0 0 0 0.2 0 1.4000000000000001 0 0 0 0 0 0 0 3 0 0.4 5.4 3.4000000000000004 0 2.6 0.6000000000000001 5.800000000000001 4 2.2 0 0 15 0 0 0 0 0 0 0 0 0 0 0 0 0.2 0 0 0 0 0 0 0 0 0 0 0.2 0 0 0 0 0 0 0 0 0 0 0 0 0 0 0 0 0 0 0 0 0 0 0 0 3.6 0 3.6 0 0 0 0 0 0 0 0 0 0 0 0 0 0 0.2 0.2 0 0.4 0.2 0 0.8 0.4 0 0 0 0 0 0 0 0 0 0.4 0 0 0 0 0 0 0 0 0 0 0 0 3.4000000000000004 0 0 0 0 0 0 0 0 0 0 0 0 0 12.200000000000001 
 0 0 0 0.6000000000000001 0 21.400000000000002 0 0 0.4 17.8 10.200000000000001 18.6 0 0 0.4 0 0.6000000000000001 14.8 0 0 0 16.400000000000002 12 30.400000000000002 3.8000000000000003 7.2 11.200000000000001 24.200000000000003 7 5.800000000000001 6.4 4 29.400000000000002 31.6 62.6 6.4 9 68 53.800000000000004 69.4 0 0 0 0 0 0 0 1.4000000000000001 0 0.4 0 0 1.2000000000000002 0.8 0.4 0 0 1.8 0.8 0.6000000000000001 0 0.6000000000000001 0 0 0.6000000000000001 0.6000000000000001 0.4 0.6000000000000001 0 0.6000000000000001 0 0.4 2 0 0 0.4 0 0.4 1.6 0.2 0 0 0 0 1.4000000000000001 2 0 0 0 1.6 0 0 0 0 0 0 0 0 0 0 4.800000000000001 3.6 3.6 0 0 3.8000000000000003 0 3.4000000000000004 1.4000000000000001 1.8 0 0 5.4 3.6 0.2 3.6 0 4.2 9.8 2.2 0 0 0 0.4 0 0 0 0 0 0 0 0 0 0 0 0 0 0 0 0 0 0 0.4 0 0 1.2000000000000002 0 0 0 0 0 0.2 0 0 0 0 0 0 0 0 2 0 0 2.8000000000000003 5.2 0 0 0 0 0 0 7.4 0 0 0 0 0 0 0 0 0 5.800000000000001 7.800000000000001 2.4000000000000004 4.2 2.4000000000000004 4 0 5.800000000000001 0 0 0 1.2000000000000002 0.2 9.4 2.2 0 0 11.200000000000001 0 0 0 0 0 0 0 0 0 0 0 0 0 0 0 0 3.8000000000000003 0 0 0 0 0 0 0 0 0 0 0 0 0 0 0 0 0 0 0 0.4 0 0 0 0 0 0 0 0 0 0 0 0 14.8 0 0 0 0 0 4.800000000000001 0 0 0 0 0 3.4000000000000004 0 0 0 0 0.2 0 0 0 0 0 0 0 0 0 0 0 0 0 0 0 0 0 0 0 0 0 0 0 0 
 0 0 0 0 0 0 0 0 0 0 0.6000000000000001 0.8 0 0 0 0 0 0 0.6000000000000001 0 16.400000000000002 0 34.800000000000004 51.800000000000004 19.200000000000003 50.6 66.60000000000001 55.2 86.4 7.4 20.400000000000002 24.200000000000003 43.400000000000006 48 27.6 47.400000000000006 28.8 68 39.6 39 1 15.600000000000001 0 0 0 9.4 0 0.4 0 0.4 0 0.4 0.6000000000000001 0 0 0 0 0.6000000000000001 5.6000000000000005 1.4000000000000001 0 0.6000000000000001 0 0 0.6000000000000001 1.4000000000000001 0.4 0.6000000000000001 0 0.6000000000000001 0 0.4 0 0 0 0 1.8 0.4 10.200000000000001 0.4 0 0 0 0 1.8 0 0 0 0 0 0 0 0 0 0 0 0 0 0 0 0.4 3.4000000000000004 10 1.8 2.2 0 4.6000000000000005 3.6 1.8 4 2.4000000000000004 0 4.2 3.4000000000000004 0 13.600000000000001 0 2.8000000000000003 2.4000000000000004 0 0 0 0 0 0 0 0 3.2 0.4 0 0 0 0 0 0 0 0 0 0 0 0 0 0 0 1 0 0 0 0 2 0 0 0 0 0 0 0 0 0 0 0 0 0 0 0 0 0 0 1.8 0 0 6.6000000000000005 0.2 0 0 0 0 0 0 0 3 1.8 0 3.4000000000000004 4.6000000000000005 1.8 3.8000000000000003 3 2.4000000000000004 3.2 1.4000000000000001 0.4 3.2 5 10 6 4.6000000000000005 0 4.800000000000001 3.6 0 0 0 0 0 0 0 0 0 0 0 0 2.4000000000000004 0 0 0 0 0 0 0 0 0 0 0 0 0 0 0 0 0 0 0 0 0 0 0 0.4 0 0 0 0 0 0 0 0 0 0.2 0 0 0 0 0 0 0 2.2 0 0.4 15.600000000000001 16.2 0.4 0.6000000000000001 0 0 0 0 0 1.4000000000000001 0 0 0 0 0 0 0 0 0 0 0 0 0 0 0 0 0 0 1.8 0 0 0 0 
 1.8 0.4 0.2 0.8 1 0 0.2 0.8 0.4 0.4 0.8 1.6 0.4 0.2 0.2 0.8 0.4 0.4 0.6000000000000001 0.2 12 34.800000000000004 0 25.200000000000003 29 57.6 53 75.60000000000001 21.400000000000002 41.6 20 62.6 56 21.6 55 18 45.2 19.400000000000002 48.6 23.8 0 0 0.2 0.2 1.2000000000000002 1 0 0.4 6 0.4 0.8 1 6.2 0 0 0 0.6000000000000001 1.6 15 0.6000000000000001 0 0.6000000000000001 0 0 0.6000000000000001 2 0.4 1 0 0.6000000000000001 0 1 0.4 5.800000000000001 0 0 0 0.4 0 0.4 0 0 0 0 0 0.4 0 0 0 0.4 0.2 5.6000000000000005 0 0 0 0 0 0 0 0.2 0.2 3.6 2.4000000000000004 12.600000000000001 2.8000000000000003 7.4 2 0 2.8000000000000003 1.6 3.6 0 0 0 1.8 2.2 5.2 0.2 2 3.4000000000000004 1.8 0 0.2 3.2 0 0 2.2 2.2 0 0 0 0 0 0 0 0 0 0 3 4.2 0 0 0.4 0 0 0.2 0.2 0 0 0 0 0.4 0 0.4 0 0 0 0 0 0 0 0 0 0 0 0 0 0 0.6000000000000001 0 0 0.2 0 0.8 0 3 2.6 0 0 0 2.8000000000000003 0 0 0.6000000000000001 0 0 1.2000000000000002 3.8000000000000003 2.8000000000000003 0.2 6.4 4.4 3 6.4 1.8 4 9 4.800000000000001 0 0.2 0 0 0.2 0 0 0 4.4 0 0 0 0 0 0 0 1.4000000000000001 0 0 0 0 4.6000000000000005 0 0 0 0 0 0 0 0 0 0 0 0 0 0 0 0.4 0 0 0 0 0 0 0 0 0 0 0 0 0 0 0 0 0 0 0.6000000000000001 0 0.4 14.8 15.200000000000001 0.4 0 2.4000000000000004 0.2 0 0 0 3.6 0 0 0 0 0 0 0 0 0 0 0 0 0 0 6 0 0 0 0 4 0 0 0.4 
 0 0.2 0 0 0 0 0 0 0 0 15.4 0 0 0 0.8 1 0 0 0.4 0 30.400000000000002 51.800000000000004 25.200000000000003 0 20.200000000000003 9 62.400000000000006 76.60000000000001 46.6 17.2 76.2 24.8 8.6 34.2 54.6 16.400000000000002 27.200000000000003 25.8 12 18.8 0.4 0 0 0 0.2 0.2 0.8 0.4 5.2 0.4 0 0 0.6000000000000001 12.600000000000001 1.2000000000000002 0 0 0.6000000000000001 12.8 0.6000000000000001 0.8 0.6000000000000001 0 0 8.200000000000001 0.6000000000000001 0.4 1.2000000000000002 0 0.6000000000000001 0 0.8 0.6000000000000001 0 0.8 0 0 0.4 0.6000000000000001 0.4 0 0 0 0 0 0 0 0 0 0 0 0 0.2 0 0 3.4000000000000004 0 2.4000000000000004 0 0 4.2 7.800000000000001 0 0.4 2.2 7.6000000000000005 2.6 2.6 1.8 4.2 0 3 5 0.2 5.2 3.2 3 6 0 4 0 0.2 0 0 0 0 0 0 0 0 1 0 4.2 0 0 0 0 0 0 1.2000000000000002 0 0 0 0 0 0 0 0 0 0 0 0 0.4 0 0 0 0 1.6 0 0.4 0 0 0 0 0 0 0 0 0.6000000000000001 0 0 0 0 0 0 0 0.8 0 0.6000000000000001 0 0 3 6.800000000000001 0.8 2 2.8000000000000003 6 0 6.2 1.4000000000000001 0 3.2 0 0.2 0 0.2 5.2 7.2 0.8 0.4 0 0 0.4 0 0.2 0 0 0 0 0 0 0 0.2 0 1.2000000000000002 0 0 2.2 0.2 6 2.8000000000000003 0.4 0 0 0 0 0 0 0 0 0 0 0 0 0 0 0 0 0 0 0 0 0 0 0 0 0 0 0 0 0 4.4 0 0 3 0 0.6000000000000001 0.4 0.4 0.2 0.6000000000000001 2.2 15 0 0 0 0 0 0 0 0 0 0 0 0 0 0 0 0 1.6 0 4 0 0 0 0 3.8000000000000003 0 0 0 
 0.2 0.2 0.4 0.2 0.2 0.2 0.6000000000000001 0.4 0 0.2 0.4 0.6000000000000001 0.2 0.6000000000000001 1.4000000000000001 0.6000000000000001 0 0 0.4 0.8 3.8000000000000003 19.200000000000003 29 20.200000000000003 0 26.8 107.4 27.6 49.400000000000006 53.6 38 27.400000000000002 11.8 14.200000000000001 35.6 77.80000000000001 11.8 70 9.200000000000001 16 0 0 0 0 0 0.2 0 0.4 0 0.4 0 0 0.6000000000000001 0 0 0.2 0 0.6000000000000001 0.4 0.6000000000000001 0 0.6000000000000001 0 0 0.6000000000000001 0.6000000000000001 0.4 0.6000000000000001 0 0.6000000000000001 0 0.4 0 0 0 0 0 0.4 0 0.4 0 0 0 0 0 0 0 0 0 0 0 0 0 0 0 0 0 0 0 0 0.2 5.800000000000001 1.8 10 4.6000000000000005 0 1.8 4.800000000000001 3.6 0.2 16 0 4 0 2 3.6 5.4 0 0 0 0 0 0 0 0 0 0 0 0 0 0 0 3 0 0 0 0 0 4.800000000000001 0 0 0 0 0 0 0.2 2.8000000000000003 1.2000000000000002 0 0 0 0 1 0 1.2000000000000002 0 0 0 0 0 0 0 0 0 0 0 0 0 1.6 3.4000000000000004 0 0.8 0 0.8 0 0 0 0 0 0 0 0 0.2 7.4 0.8 0 0 6.4 3.4000000000000004 8.200000000000001 4.800000000000001 2.8000000000000003 2.4000000000000004 4 0.2 3.6 4 0.6000000000000001 0.4 0 0 0 0 0 0 0 1.4000000000000001 0 0 0 0 0 2.8000000000000003 0 0 0 0 0 6.4 0 0 0 0 0 0 0 0 0 0 0 0 0 0 0 0 0 0 0 0 0 0 0 1.8 0 0 0 0 0 0 0 0 0 0 0 2.4000000000000004 0.6000000000000001 0.2 14 8.200000000000001 0 0.4 0.4 0 0 0 0 0 0 0 0 0 0 0 0 0 0 0 0 0 0 0 0 0 0 0 0 0 0 0 0.2 
 1 0 0.2 0.4 0 0 0 0 0 0 0.6000000000000001 0 0 0.4 0.2 0.6000000000000001 0 0.2 0 0 7.2 50.6 57.6 9 26.8 0 22 21.6 10.4 62.2 37.6 10 6 5.4 10 55.400000000000006 38.800000000000004 27.6 20.200000000000003 10.600000000000001 0 6 12.200000000000001 42.6 0.2 0.2 0.2 5 0 0.4 0 0 19 13.200000000000001 0 0 0 1 13.200000000000001 0.6000000000000001 0 0.6000000000000001 0 0.2 0.6000000000000001 0.6000000000000001 0.4 1.2000000000000002 0 0.6000000000000001 0 8.200000000000001 0 1.2000000000000002 0 0 0 0.4 0 0.4 0 0 0 0 0 0 0 0 0 0 0 0 0 0.2 0.2 0 0 0 0 0 0.2 4 0.2 7.6000000000000005 3.2 5.4 0 0.4 0.2 2.6 7.2 6.2 0 0 0 0 3.8000000000000003 0.8 0 0 4.2 4 0 0 0 0 0.8 6.2 0.2 1.8 0.8 0 5.4 5.800000000000001 2.4000000000000004 2.2 0 0.4 2.4000000000000004 4.2 0 0 0 0 0 0 0 0 0 0.4 0 0 0 0 0 0 0 0 0 0 0 0 0.2 0 0 0 0.2 0 0.6000000000000001 0 0 0 0 1.8 0.2 0 0.4 0 0 0 0 0 0 0 0.6000000000000001 0 0 2.2 2.8000000000000003 0.2 3.4000000000000004 3.6 0 0 2.2 0 6.2 1.8 0 0 1.8 2.2 0 3.8000000000000003 0 0 4.6000000000000005 0 0 8 2.2 0.8 3.8000000000000003 4 2.6 5.800000000000001 3.4000000000000004 2.6 0.8 8.6 0 0 0 0 0 0 0 0 0 0 0 0 0 0 0 0 0 0 0 0 0 0 0 0 0 0.2 0 0 0 0 0 0 0 0 3.6 0.2 0.8 0.2 15.200000000000001 0.2 0.6000000000000001 3.6 0 0 0 0 0 0 0 0 0 0 0 0 0 0 0 0 0 0.2 0 3.4000000000000004 0 0 0 2.2 0 0 0 0 
 1.4000000000000001 0 0 0.6000000000000001 0 16.8 0 0 0 0.2 1.2000000000000002 0 0 0 0.8 5 0.4 0 0 0 11.200000000000001 66.60000000000001 53 62.400000000000006 107.4 22 0 18.2 45 38 23 51.2 32.4 23 113.4 23.200000000000003 21 29.200000000000003 9.600000000000001 19.400000000000002 0 0 0.4 0 0.4 0 0 0 0 0 0 0 1.2000000000000002 0 0 0.4 0 0.2 15.4 1.2000000000000002 0 0 0.4 0 0.6000000000000001 1 0 0 0.8 0 0 0 0.6000000000000001 0 0 0.4 0 0 0 0 0 0 0 2.4000000000000004 0 1.6 0 0 0 0 0 0 0 0 0 0 0 0 0 0 0 7.800000000000001 3.6 4 4.4 0 1.4000000000000001 4 0.2 0.8 6.2 0 0 2.4000000000000004 6.2 3.8000000000000003 0 0 6 5.6000000000000005 0 0 0 0 0 0 0 0 2.4000000000000004 0.2 0 0 0 0 0 0 0 0 0.4 0 0 0 0 0.2 2.2 0 0 0.6000000000000001 0 0 0 0 0.8 0 0.6000000000000001 0 0 0 0 0 0 0 0 1.8 2.4000000000000004 1.4000000000000001 0 0 3.2 0 0 1.4000000000000001 2 0.8 0 0 0 0 0 0.4 0 5 0.2 4.4 0 3 3.4000000000000004 3.4000000000000004 0 3.2 1 1.8 0 6 0.2 5.800000000000001 5.800000000000001 3.6 0 0 0 0 0 0 0 0 0 0 2.8000000000000003 0 0 0 4.2 0.2 0 0 0 0 2 0 0 0 0 0 0 0 0 0 0 0 0 0 0 0 1.6 0 2 0.6000000000000001 0 0.2 0 2.6 0 0 0 0.2 14.600000000000001 0 0 0 0 0 0 0 1.2000000000000002 0 0.6000000000000001 9.200000000000001 8 0.2 0.4 0.2 0 0 0 0 4.2 0 0 0 0 0 0 0 0 0 0 0 0 0 0 0 0 0 0 2 4.2 0 0 0 
 0 0.4 0 14.8 0 16.2 14.8 0 0 0 0 0 3.4000000000000004 0 0 1.8 0 0 0 0 24.200000000000003 55.2 75.60000000000001 76.60000000000001 27.6 21.6 18.2 0 30.8 82.60000000000001 24.6 23.400000000000002 28 35.6 41.6 26.6 37.6 21.8 10.200000000000001 9.200000000000001 0 0 0 0 0.4 0.2 0 0.4 0 0.4 0 0 0.6000000000000001 0 0 0 0.2 0.6000000000000001 0.2 0.6000000000000001 0 0.6000000000000001 0 0 0.6000000000000001 0.6000000000000001 0.4 0.6000000000000001 0 0.6000000000000001 0 0.4 0 0 0 0 0 0.4 0.4 0.4 0 0 0 0 0 0 0 0 0 0 0 0 0 0 0 0 0 0 0 0 4 8 7.800000000000001 7.800000000000001 4 3.6 0 0 6 4.2 4 1.4000000000000001 0.4 0 0 8.8 2.8000000000000003 7.6000000000000005 0 0 0 0 0 0 0 0.2 0 0 0 0 0 0 3.6 0 0 0 0 0 0 0.2 0 0 0 0 0 0 0 0 0 0 0 0 0 0 0 0 0 0 0 0 0 0 0 0 0 0 0 0 1.2000000000000002 0 0 2.4000000000000004 0 0.6000000000000001 0 0 0.8 0 0 0 0 2.6 0 9.8 6 7 0 4 12.4 3.6 3 3.2 0 0 0.2 1.8 6.4 2.4000000000000004 0 0 0 0 0 0 0 0 0 2.8000000000000003 0 0 0 0 5.2 0 0 0.4 0 0 5.2 3 0 0 0 0 0 0 0 0 0 0 0 0 0 0 0 0 0 0 0 0 0 0 2 0 0 0 0 0 0 0 0 0 0 0 3.8000000000000003 0 0 0.2 1.2000000000000002 0 0 0 0 0 0 0 0 0 0 0 0 0 0 0 0 0 0 0 0 0 0 0 0 0 0 2.8000000000000003 0 0 0 0 
 0.2 0 0 0.6000000000000001 0 0 0 1 0 0 0.2 21.8 0 0 0 1 0.2 0 8.200000000000001 0.4 7 86.4 21.400000000000002 46.6 49.400000000000006 10.4 45 30.8 0 25.8 28.400000000000002 7.2 18.6 33 33.800000000000004 43.2 24.400000000000002 71.2 14 57 0 0 0.2 0 0.4 0.8 0 0.4 0 0.4 0 0 0.6000000000000001 0 4.2 0 0 0.6000000000000001 15.8 0.8 0 0.6000000000000001 0 0 0.8 1.6 0.4 0.6000000000000001 0 1 0 0.4 0 0 0 0 0 0.8 0.6000000000000001 0.4 0 0 0 0 0 2 0.4 0 0 0 0 0 0 0 0 0 0 0 0 0 3.4000000000000004 12.8 3.2 9.600000000000001 5.800000000000001 0 6.6000000000000005 3 3.4000000000000004 4.800000000000001 5.4 6 0.2 0.4 2.6 9 0.4 1.2000000000000002 1.6 0 0 0 0 0 0 0 2.2 0 0.2 0 0 0 3.2 0 0 0.8 0 0 0 1.6 0 0 0 0 0 0 0 0 0 0 0 0 3.8000000000000003 0 0.4 0 0 0 0 0 1.8 0.4 0 0 0 0.4 0 0.4 0.6000000000000001 0 0.4 0 0 1 0 0 1 1.6 0 0 1.2000000000000002 0.2 12.4 0.6000000000000001 2.2 0 3 11.8 5.800000000000001 1.8 6.2 5 1.2000000000000002 3.6 4.6000000000000005 0 3.2 13.4 5.800000000000001 0 2.4000000000000004 0 0 0 0 0 0 0 1.6 0 0 0 2.4000000000000004 2.2 2 0 0 0 5 3 0 0 0 0 0 0 0 0 0 0 0 0.2 0 0 0 0 0 0.4 0 0 0 0 0 0 0 0 0 0 0 0 0 0 0 0 0.8 0.2 0 15 15.200000000000001 0.2 0.6000000000000001 1.2000000000000002 0 0 0 0 4.800000000000001 0 0 0 0 0 0 0 0 0 0 0 0 0 0 2.6 0 0 0 0 0 0 0 0 
 0 0 0 0 0.4 0 15.200000000000001 0.4 0 0 0 0 0 0 0 0.4 0 0.2 0.2 0 5.800000000000001 7.4 41.6 17.2 53.6 62.2 38 82.60000000000001 25.8 0 20.6 13.200000000000001 13.600000000000001 20.8 30.400000000000002 47.2 28.400000000000002 10.200000000000001 20.200000000000003 32.2 0 0 0 0 0.4 0.2 14.200000000000001 0.4 0 0.4 0 0 0.6000000000000001 0.2 0 0 0 0.6000000000000001 0.4 0.6000000000000001 0 0.6000000000000001 0 0 0.6000000000000001 0.6000000000000001 0.4 0.6000000000000001 0 0.6000000000000001 0 0.4 0 0 0 0 0 0.4 0 0.4 0 0 0 0 0 3.8000000000000003 0 0 0 0 0 0 0 0 0 0 0 0 0 0 0 3.4000000000000004 0 4 8 3.6 2.6 0 1 1.6 7.2 0 0.2 1.4000000000000001 5.2 0 5.2 0 0.2 3.8000000000000003 0.8 0 0 0 0 0 0 0 0 0 0 0 0.2 0 0 0 1.8 0 2 0 0 0 0 0 2.4000000000000004 0 0 0.6000000000000001 0 0 0 0 2.4000000000000004 0 0.6000000000000001 0 0 0 0 0 0 0 0 0 0 0 0 0 1 0 0 0 0.2 0.6000000000000001 0.4 0 0.4 0 0 0 5.4 2.8000000000000003 0 2.4000000000000004 0.6000000000000001 0 5.6000000000000005 3.2 2.8000000000000003 6.6000000000000005 4.800000000000001 1.8 3.6 11.4 1.8 0.4 2.6 8.6 0 2.8000000000000003 0 0 0 0.4 0 0 0 0 0 0 0 0 0.2 0 0 0 0 0 5.6000000000000005 2.4000000000000004 0 0 0 0 0 0 0 0 0 0 0 0 0 0 0 0 0.4 0 0 0 0 0 0 0 0 0 0 0.4 0 0.4 0 0 0 0 0 0 0.4 15.8 18.400000000000002 0.8 0.2 0 0 0 0 0 0 0.4 0 0 0 0 0 0 0 0 0 0 0 0 0 0 0 0 0 0 0 0 0 0 
 0 0 0.6000000000000001 0 0 1 0 0 0 0 0.6000000000000001 0 0 0 15.4 0 0 0 0 0 6.4 20.400000000000002 20 76.2 38 37.6 23 24.6 28.400000000000002 20.6 0 27 7 59.800000000000004 59.2 47 33.6 89.2 25.6 8.8 0.4 0 0 12.4 0.2 0.2 0.2 13.4 12.600000000000001 0.4 0 0 0.6000000000000001 12.600000000000001 1 0 0 0.6000000000000001 6.800000000000001 0.6000000000000001 0 0.6000000000000001 0.4 0 0.6000000000000001 0.6000000000000001 0.4 1.2000000000000002 10.4 0.6000000000000001 0 1.2000000000000002 0 0 0 0 0 0.4 0.4 0.4 0 0 0 0 0 0 0 0 0 0 0 0 0 0.2 0 0 0 0 0.2 0 2 4.4 1.4000000000000001 6.4 2.8000000000000003 0.2 3 0.4 2.2 4.4 6.2 11.4 0.6000000000000001 0 3.2 3 0.2 2 0 0.2 4.4 0 0 0 0 0 0.4 3.4000000000000004 0 0 0 0 7.4 0.2 0 0.4 0 0.4 2 5.800000000000001 0 0 0 0 0 0 0.4 0 0 0.4 0 0 0 0 0 0 2.6 0 0 0 0 0 0 0 0 0 0.2 0 1.8 0 0 0 0 1.8 0 0 0.4 0 0 0 0 0.2 1.8 0.2 6.2 0 4.800000000000001 3.2 6 0.2 6 3.8000000000000003 0 0 3.2 0 2.4000000000000004 4.4 3.6 0 5 2 0 0 0 0 2.8000000000000003 0 3.6 0.2 0 0 4.800000000000001 3.8000000000000003 3.6 0 0.6000000000000001 0 3 11.8 0 0 0 0 0.4 0 0 0 0 0 0 0 0 0 0 0 0 0 0 0 0 0 0 0 0 0 0.2 0 0 0 0 0 0 0 1.8 0.2 0 16 16.400000000000002 0.8 0.2 0 0 0 0 0 0 0 0 0 0 0 0 0 0 0 0 0 0 0.2 0 3.2 0 0 0 1.6 0 0 0 0 
