 0 35.800000000000004 77 9.8 9.8 49.2 15.8 13.4 67.60000000000001 86.80000000000001 70.8 111.60000000000001 43 22.8 11.8 33.4 8.200000000000001 37 8 34.6 0.6000000000000001 0 0 0.2 0.2 0 0 0.6000000000000001 0 0 0.6000000000000001 0 0.2 0 0 0 0 0.4 0 0.4 0.6000000000000001 0 0 0 0 0 0 0 1.2000000000000002 0.2 10.200000000000001 0 0 0.6000000000000001 5.2 0 0 0 0 0 0 0 0 0 0 0.6000000000000001 0 0 0 8.6 0 0 0 0 0 0 0 0 10 0 2.4000000000000004 7.800000000000001 0.2 0 2.2 4.4 6 3.8000000000000003 2 3.4000000000000004 0.2 6.800000000000001 2.6 3.4000000000000004 3 4.800000000000001 0.2 2.2 2.6 0.6000000000000001 0 0 0 0.4 0 0.2 0 0 0 0 0 0.4 6.2 0.2 0 1.4000000000000001 1.4000000000000001 2 0 0.2 0 0 0 0 0 0 1.4000000000000001 0 0 0 0 0 0.2 0 0 0.4 0 0 0 1.4000000000000001 0 0 3.4000000000000004 0 0 0.2 0 0 0 0 0 0 0 0 2.2 0 0 0 0 0 5.4 1.8 2.2 4.800000000000001 1.8 3 0.6000000000000001 4.2 5.4 2.8000000000000003 2 3.2 14 2.8000000000000003 0.4 2.4000000000000004 2.4000000000000004 2.6 0 0.4 4.2 0 0 0 0.6000000000000001 0 5 1.8 0.6000000000000001 1.6 0 0 0.4 0 0.2 0 0 0 2.4000000000000004 0.2 0 0 0 0 0 1.6 0 0 0 0 0 0 0 0 0 0 0 0 0 0 0 0 0 0 0 0 0 0 0 0 0 0 0 0 0 0 0 0 0 0 0 3 0 0 0 0 19.200000000000003 0 0.2 0 2 1.2000000000000002 0.2 0 0 0 0 0 0 0 0 0 2.8000000000000003 0 0 0 1.6 0 0 0 0 0 0 0 0 0.4 0 3.8000000000000003 0 0 0 0 0 0 0 0 1.6 0 0 0 
 35.800000000000004 0 32.6 36.2 38.2 26.400000000000002 19.200000000000003 62 38.800000000000004 22.8 66.2 66 51.6 10.600000000000001 30.8 47.400000000000006 27.8 25.6 6.800000000000001 7.6000000000000005 0.6000000000000001 0 0 0 0 0 14.8 0.8 0 0 0.4 0 0.2 0 0 0 0 0 0.4 0 0.6000000000000001 0 0 0 0 0 0 0 0 0.4 0.4 0 0 0.6000000000000001 0 14.200000000000001 0 0 0 0 0 0 0 0 0 0 0 0.6000000000000001 0 0.6000000000000001 0 0 0 0 0 0 0 0 0 0 0 0.4 5.4 6 2 2.8000000000000003 0 3.8000000000000003 8.200000000000001 5 2 9.4 1.8 0.2 6.6000000000000005 4.2 8.6 2.2 0 0 0.2 0 0 0 0 0 0 0 0 0 0 0 4.2 1.6 0 0 0 0 1.6 0 0 0 1.6 0 0 0 0 0 0 0 0 0 0 0 0 0 0 0 0 0 0 0.2 0 0 0 0 0 0 0 0 0.2 0 3.6 0 0 0 0.2 0 0 0 6.800000000000001 4.6000000000000005 4.6000000000000005 5.6000000000000005 0 3.2 0 1.4000000000000001 0 3.8000000000000003 4.6000000000000005 11.200000000000001 0 3.2 0 4.2 0.2 3 0.2 0 3.2 0 0 0 0 0 2 3 0 0 2.8000000000000003 0 4.6000000000000005 0 0 0 0 0 2 1.6 0 0 0 0 0 0 0 0 0 0.2 0 0 0 0 0 0 0 0 0 0 0 2 0 0 0 0 0 0 0 0 2.2 0 0 0 0 0 0 0 0 0 0 0.4 0 0 0 0 0 0 0 4 0.4 1 0.2 7 0 0 0 0 0 0 0 0 0 0 0 0 0 0 0 0 0 0 0 0 0 0.2 0 0 0 0 0 0 0 0 0 0 0 0 0 0 
 77 32.6 0 37.2 12.200000000000001 23.400000000000002 27 17.2 22.400000000000002 58.6 21.6 52.400000000000006 9.600000000000001 13.8 11.600000000000001 6.800000000000001 31.8 15.600000000000001 24.6 42.6 1 0 0 0 5.2 0 0 0.4 0.2 0 1 0 14.8 0 0 0.6000000000000001 0 0 30 0.4 0.6000000000000001 0 0 0 0 0 0 0 0 0 0 0 0 0.6000000000000001 0 0 0 0.8 0 0 0 0 0 0 0 0 0 0.6000000000000001 0 0.6000000000000001 0 0 1 0 0 0 0 0 0 0 0 0 0.2 0.2 2.2 2.4000000000000004 0 0.2 4.2 2.8000000000000003 2 1.4000000000000001 3.4000000000000004 4 0.4 3 3.6 5.2 0 0 3 0 0 0 0 0 0 0 0 0 0 0 2 0 3.8000000000000003 0 0 0 7 2 0 0 0 0 0 0 0 0 0 0 0 0 0 0 0 0 0 0 0 0 0 0.2 0 0 0 0 0 0 0 0 0 0 0 0 0 0 0 0 0 0 0 1.6 4.6000000000000005 0 3.6 0 0 1.4000000000000001 4.6000000000000005 2 10 7.4 0.2 4.6000000000000005 0 3.6 5.2 5 0 0 3.6 0 0 0 0 0 5.4 0 0 0 0 0 1.2000000000000002 4.800000000000001 4.800000000000001 0 0 0 4.800000000000001 0 2.6 0 0 0 0 0 0 0 0 0 0 0 0 0 0 0 0 0 0 0 0 0 0 0 0 0 0 0 0 0 1.6 0 0 0 0 0 0 0 0 0 0 0 0 0 0 0 18 0 0 0 0 3.8000000000000003 0 0 0 0 0 0 0 0 0 0 0 0 0 0 0 0 0 0 0 0 0 0 0 3.4000000000000004 0 0 0 0 0 0 0 0 0 0 0 0 0 0 
 9.8 36.2 37.2 0 59.400000000000006 6.2 19.8 19.400000000000002 55.6 54.800000000000004 143.8 48 10.8 27.400000000000002 58.6 70 55.6 4.4 32 30.200000000000003 9.200000000000001 0 0 0 0.2 0.4 0 0.6000000000000001 0 0 0.4 0 0 14.600000000000001 0 0 0 7.800000000000001 15 0 0.6000000000000001 0 0 0.2 0 0.2 0 0 0 0 0.2 0 0 1 0 6.800000000000001 0 12.4 0 0 0 0.6000000000000001 0 0 6.4 0.2 0 0.2 0 0.6000000000000001 0 0 0 2.6 0 0 0 0 0 0 0 4.2 0 0 4.6000000000000005 1.8 0 3.8000000000000003 6.800000000000001 5.800000000000001 15.200000000000001 1.6 0 6.800000000000001 0 5.2 9.4 5 0 0 2.6 2.2 4 0 0.4 0 0 0 0 0 0 0 0 0 2.8000000000000003 0.2 0 0 0 2 0 0 0 0.2 0 0 0 0 0 0 0 0 0 0 0 0 0 0 0 0 0 4.6000000000000005 1.4000000000000001 0 0 0 0 0 0 0 0 0 0 0 0 0.2 0 0 0 0 3.6 1.8 2.8000000000000003 2.2 0.4 0.8 0 5 2.2 3.2 6.2 0 2 4 0 2.2 3.6 0.2 0 0.4 0 0.2 0 0 0 0 2.8000000000000003 0 0.4 0 0 0 0.2 0.2 0 3 0 0 1.6 0 0 0 0 0 0 0.2 0 0 0 0 0 0 0 0 0 0 0 0.4 0 0 0 0 0 0 0 0 0 0 0 0 0 0 0 0 0 4.2 0 0 0 0 0 0 0 0 0 0.6000000000000001 36.6 0 19.6 34.6 0 1.8 3 0 0 0 0 0 0 0 0 0 7 0 0 0 0 0 0 0 0 0 0 0 0.6000000000000001 2.2 11.200000000000001 4.2 0 0 0 0 0 0 0 0 0 0 0 0 
 9.8 38.2 12.200000000000001 59.400000000000006 0 48.6 10.600000000000001 44.400000000000006 20.8 38.400000000000006 68.2 95.4 54.400000000000006 24.6 18.2 49.2 27.8 8 7.6000000000000005 29.8 8.8 0 0 0 0 0 0 1.8 0 14.8 0.4 0.4 14.8 14.8 0 0 0 0 15.600000000000001 0 0.6000000000000001 0 0 0 0 0 0 0 0 0.4 12.8 0 0 0.6000000000000001 0 13.4 0 0 0 0 0 0 0 0 0 0.2 0 0.2 0 0.6000000000000001 0 0 0 0 0 0 0 0 0 0 0 3.6 3.4000000000000004 6.2 5.800000000000001 8.200000000000001 0 7.2 4.2 5 0.2 7.4 0 0 3.8000000000000003 2.2 6.2 2.4000000000000004 0 0.2 0.4 1.8 3.8000000000000003 0 0 0 0 0.2 0.2 0.6000000000000001 0 0 5 4.2 0.8 0 0 0 2 4.2 0.2 0 5.800000000000001 0 0 0 0 0 0.4 0 0 3.4000000000000004 0.2 2.4000000000000004 0 0 0 0 0 5.4 0 0 0.4 0 0 0 0 0 0 0 0 0 0 0 0 0 0 0 0 0.4 3 2.4000000000000004 3.6 8.4 0 2 0 0 0 3 3.4000000000000004 4 2.2 4.800000000000001 0 2.8000000000000003 2.6 4.2 0 0 7.4 0 0 0 0 0.2 3.4000000000000004 0 0 0 0 0 0 0 0 3.8000000000000003 0 0 3.6 1.8 0 0 0 0 0 0 0 0 0 0 0 0.4 0 0 0 0 0 0 0 0 0 0 0 0 0 0 0 0 0.4 0 0 0 0 0 0 0 0 0 0 0 0 0 0 0 0 1 18.6 0 19.400000000000002 1 1 3.8000000000000003 0 0 0 0 0 0 0 0 0 0 0 0 0 0 0 0 0 0 0 0 0 0 0 5.4 7.800000000000001 4 0 0 0 0 0 0 0 0 0 0 0 0.4 
 49.2 26.400000000000002 23.400000000000002 6.2 48.6 0 8.4 23.8 74.60000000000001 45 17.2 109.80000000000001 2 12.200000000000001 32.2 31 44.2 11.200000000000001 10.8 26 1.2000000000000002 0 0 0 0 0 0.4 0.6000000000000001 0.6000000000000001 0.4 1 0.6000000000000001 12 0.4 0 0.4 0.6000000000000001 1 22.400000000000002 22.200000000000003 1.2000000000000002 0 0 0 0 0 0 0 0 1.4000000000000001 0.6000000000000001 0 0 0.6000000000000001 0 1 0 0.8 0 14.8 0 0 0 0 0.4 0.6000000000000001 0.6000000000000001 0 0 1.2000000000000002 0 0.6000000000000001 0 0.6000000000000001 0 0.6000000000000001 0 0 0.4 0 0 0 0.8 5.2 3 9 0 0 0 0 0 16.2 0 0.2 0 2 4.4 4.4 0 0 3.8000000000000003 2 0 0 0 0 4.6000000000000005 0 0 0.2 0 0 2 2.2 3 0 0 0 4.6000000000000005 5.6000000000000005 0 0 0 0 0 7.800000000000001 0 0 0 0.4 0 0 0 0 0 0 0 0 0 0.2 0 0 0 0 0 0 0 0 0 0 0 0 0 0 0 0 0.4 0 2.8000000000000003 0 0.2 0 2.6 6.2 8 2.4000000000000004 0 0 0 1.2000000000000002 7.4 2 0 1.8 0 0 5.2 3.4000000000000004 0 0 3.4000000000000004 0 0 0 0 0 3.8000000000000003 3.6 0 0 0 0 12.4 0 0 0 0 0 9.600000000000001 1.4000000000000001 0 0 0.4 8.6 0 0 0 0 0 0 0 0 0 0 0 0 0 0 0 0 0 0 0 0 0 0 0 0 0 0 1 0 0 0 0.2 0 0 0 0 0 0 0 0 0 0 1.6 0 0 0.4 1.2000000000000002 2 1.4000000000000001 0 0 0 0 0 0 0 0 0 0 0 0 0 0 0 0 0 0 0 0 0 0 0 2.8000000000000003 4.2 0 0 0 0 0 0 0 0 0 0 0 0 0 
 15.8 19.200000000000003 27 19.8 10.600000000000001 8.4 0 14.600000000000001 10.4 8.4 5.800000000000001 6.4 27.6 21.6 17.400000000000002 5.6000000000000005 8.200000000000001 25.6 63.6 12 1 0.6000000000000001 0 0.2 0.2 0 0.8 0.4 1 0.4 0.4 0.4 0.4 0 0.8 0 1 0.6000000000000001 0.4 0.6000000000000001 0.6000000000000001 0 0 0 0.4 0 0 0 0 0.8 0 0 0.6000000000000001 0.6000000000000001 0 0.4 0 0 0 0 0.2 2.4000000000000004 0 0 0 0 0.4 0.6000000000000001 0 1.2000000000000002 0 0 0 0 0.8 0 0 0 0.4 0 2 4.6000000000000005 1 0 4 0 4.2 0.8 0 0 4 0 0 9 4.6000000000000005 0 0 4.800000000000001 3 4.6000000000000005 0 0 0 0 0 0 0 0 0 0 0 0 0 0 0 0 0 0 0 0 0 0 0 0 0 0 0 0 0 0 0 0 0 0 0 0 0 0 0 0 0 0 0 0 0 0 0 0 0 0 0 0 0 0 0 0 0 0 0 0 0 0 0 0 1.2000000000000002 1 1.8 2.6 4.4 0 2.8000000000000003 0.6000000000000001 4.6000000000000005 0 5 0 0 3.2 6.4 0 0 0 0 0 0 0 0 0 0 0 0 0 0 0 0 0 0 0 0 0 0 0 0 0 0 0 0 0 0 0 0 0 0 0 0 0 0 0 0 0 0 0 0 0 0 0 0 0 0 0 0 0 0 0 4.6000000000000005 0 0 0 0 0 0 0 0 0 0 0 0.2 0 0 0.2 0 0.6000000000000001 0 0 0 0 0 0 0 0 0 0 0 0 0 0 0 0 0 0 0 0 0 0 0 0 0 0 0 0 0 0 0 0 0 0 0 0 0 0 
 13.4 62 17.2 19.400000000000002 44.400000000000006 23.8 14.600000000000001 0 101 57 21.400000000000002 43.6 30.6 52.2 25.8 22.8 7.800000000000001 5 6.4 24.200000000000003 1 0.2 0.4 0 0 0 0 0.4 0.6000000000000001 1 1 0 0.2 0.8 0.4 0 0 0.6000000000000001 0.6000000000000001 0 0.6000000000000001 0.4 0 0 0 0 0.4 0 0 0 8.200000000000001 0.2 0 0.6000000000000001 0 0 0 0 0 0 0.4 0.2 0 1 0.6000000000000001 0 0 0.4 0 0.6000000000000001 0.2 0.2 0 0.4 0 0.4 0.2 0 0 0.8 1.8 3 6.800000000000001 4.2 0 6.6000000000000005 0 5.800000000000001 8.6 3.8000000000000003 3.8000000000000003 4.4 5.4 8.4 1.8 2.2 3.6 0.2 0 1.2000000000000002 0.2 0.4 0 0.2 0 0 0 0 0 0 0 0 3.2 0 0.2 0 0 0.4 3.8000000000000003 0 0 0 0 0 0 0 0 0 0 0 0 0 0 0 0 0 0 0 0 0 0 0.2 0.4 0 4 0 0 0 0 0 0 0 0 0 0 0 0 0 0 0 5.800000000000001 8.8 5.800000000000001 8.6 0 3 0 3 0 6 0.6000000000000001 11.600000000000001 2.4000000000000004 6.6000000000000005 2.2 6.6000000000000005 5.800000000000001 2.6 2.6 0 4.2 0 0 0 0 0 1.2000000000000002 0.2 0 0 0 0 0.2 0 0 0 0 0 2 0.2 0 0 0 0 0 0 0 0 0 0 0 0 0 0 0 0 0 0 0 0 0 0 0 0 0 0 0 0 0 0 0 0 0 0 0 0 0 0 0 0 0 0 0 0 0 0 18.2 0.2 0.4 37.6 0 4.6000000000000005 4.800000000000001 0 0 0 0 0 0 0 0 0 0 0 0 0 0 0 0 0 0.2 0 0 0 0 0 0 3 0 0 0 0 0 0 0 0 0 0 0 0 
 67.60000000000001 38.800000000000004 22.400000000000002 55.6 20.8 74.60000000000001 10.4 101 0 38 49.2 83.2 12.4 32.800000000000004 20.8 31.6 42 76.60000000000001 26.400000000000002 25.200000000000003 0.8 15.200000000000001 0.8 0 23.8 0 7.6000000000000005 0.4 0.2 0 0.4 0 14.8 29.200000000000003 0 0.4 0.4 19 0 0.4 0.6000000000000001 0 0 0 0 8.6 0 0 0 1.4000000000000001 0.2 0 0 0.8 0 13.200000000000001 0 0.6000000000000001 0 0.6000000000000001 0 2.6 7.4 0 0 0 0 0.4 7.2 0.6000000000000001 0 0 0 0 0 0 0 0 0 0 3 2 2.6 9.200000000000001 0 5.800000000000001 0 0 10.8 0 3 0.2 2.8000000000000003 13.200000000000001 6.6000000000000005 4.4 4.2 2.6 0 0 2 3.2 0 0 0 0 0 0 0 0 0 0 2.4000000000000004 2.2 0 0 0 4.2 0 1.6 0 0 0 0 0 0 0 0 0 0 0 0 0 0 0 0 0 0 0 0 0 0 0 0 0 0 3 0 0 0 0 0 0 0 0 0 0.6000000000000001 2 0 0 1.4000000000000001 1.8 4.4 7 2.4000000000000004 0.2 0 4 1.4000000000000001 2.6 0 0 1.8 0.2 0 2.6 0 2.2 0 0 0.2 0 0 0 0 0 2.8000000000000003 6.800000000000001 0 0 0 0 10.200000000000001 0 0 0 0 0 2.2 0 0 0 0 0 0 2.2 0 0 0 0 0 0 0 0 0 0 0 0 0 0 0 0 0 0 0 0 0 0 0 1.4000000000000001 0 0 0 0 0 0 0 0 0 0 0 1.6 0 0 0 0.2 0.4 0 18 10.200000000000001 0 0.4 5.2 0 0 0 0 0 0 0 0 0 1.8 0 0 0 0 0 0 0 0 0 0 0 0 2.4000000000000004 2 0 0 0 0 0 0 0 0 0 0 0 0 0 
 86.80000000000001 22.8 58.6 54.800000000000004 38.400000000000006 45 8.4 57 38 0 36.6 79.80000000000001 37.800000000000004 47.2 40.6 48.400000000000006 48 43.400000000000006 28.6 39 0.6000000000000001 0.6000000000000001 0 0 0 0.2 0 0.6000000000000001 0 0 0.8 0 0 0 0 0 0 0.6000000000000001 0 14.600000000000001 0.6000000000000001 0 0 0 0 0 0 0 0 0.4 12.600000000000001 0 0 0.8 0 0.2 0 0.2 0 0 0.6000000000000001 2.8000000000000003 0 0 0 0.8 0 0 0 0.6000000000000001 0 0 0 0 0 0 0 0 0 0 2.8000000000000003 3.2 3.8000000000000003 0.4 0 2.8000000000000003 0 4.2 1.6 4.800000000000001 7.800000000000001 4.4 6.2 4 4.800000000000001 7 2.6 0 0.2 0.2 0 2 0 0 0 0 4.2 0 0 0 0 0 0 0 2 0 0 0 2.8000000000000003 4.4 0 0 1.8 0 0 0 0 0 0.4 0 0 0 0.2 0 1.4000000000000001 0 0 0 0.2 0 0 0.2 1 0 0 0 0 0 0 0 2.2 1.8 0 2.4000000000000004 0 0 0 0 0 0.2 7 4.4 3.2 3.2 0 0 0.2 6 2.4000000000000004 6 0 5 4.4 5 2 3.2 4.800000000000001 1.4000000000000001 2.6 0 2.2 0 0.2 0 0 0 0.8 1.6 0 3 0 0 2.8000000000000003 0 3 0 0 0 4.6000000000000005 0 0 0 0 0 0 0 0.2 0 0 0 0 0.4 0 0 0 0 0 0 0 0 0 0 0 0 0 0 0 0 0.4 0 0 0 0 0 0 0 0 0 0 0 0 3.2 0 0 0 0 0.8 0.4 0.2 0.4 0 1.6 3.6 0 0 0 0 0 0 0 0 0 2 0 0 0 0 0 0 0 0 0 0 0.2 0 1.2000000000000002 2 2.2 0 0 0 0 0 0 0 0 0 0 0 0 
 70.8 66.2 21.6 143.8 68.2 17.2 5.800000000000001 21.400000000000002 49.2 36.6 0 96.60000000000001 7.6000000000000005 26.400000000000002 33.800000000000004 77.4 36.800000000000004 10.600000000000001 19.6 19.6 8 0 0 0 0 0 0.2 0.6000000000000001 0 0 0.4 0 0.4 16.8 0 0 14 0 15.4 14.4 0.6000000000000001 0 0 0 0 0 0 0 0 0.4 12.600000000000001 0 0 0.6000000000000001 0 12.4 0 7 0 0 0 0 0 0 0 0.6000000000000001 0 6.800000000000001 0 6.2 0 0 0 0 0 0 0 0 0 0 0 2 2.4000000000000004 1 5 3 0 5.4 6.4 8.6 3.4000000000000004 4.4 0 0.2 0 6 5.800000000000001 3 0.4 0 3 2 2.6 0 0 0 0 0.4 0 0 0 2.6 1.2000000000000002 2 2.6 0 0.2 0 0 3 0 0 0 0 0.2 0 0 0 0.2 0 0 0 0.4 0 0 0 0 0 0.4 0 0 0.8 2.2 0 0 0 0 0 0 0 0 0 0 0 0 0 0 0 0 0 0.2 0 0 0 0.4 0.4 0 4.800000000000001 0 3.2 4.6000000000000005 5.2 0.4 5.2 0 2.2 8.8 0 0 0 0.4 0.2 0 0 0 0 2 0 0 0 0 0 2.8000000000000003 0.2 0 3.4000000000000004 0 0 9.4 1.8 0 0 0 0 0 0 0 0 0.4 0 0 0 0 0 0 0 0 0 0 0 0 0 0 0 0 0 0 0 0.2 0.4 0 0 0 0 0 0 0 0 0 0 0 0 0 0 0 0 27.6 0 17.2 1.4000000000000001 0 2.4000000000000004 0 0 0 0 0 0 0 0 0 0 0 0 0 0 0 0 0 0 0 0.8 0 0 0 2 2.2 2.2 0 0 0 0 0 0 0 0 0 0 0 0 
 111.60000000000001 66 52.400000000000006 48 95.4 109.80000000000001 6.4 43.6 83.2 79.80000000000001 96.60000000000001 0 26 39.6 59.2 64.60000000000001 38 30.400000000000002 4.4 20 15.600000000000001 0 0 0 23.6 0 0 0.6000000000000001 14.8 0.2 0.4 42 30.6 0.2 15.4 0 0 0.4 15 0 0.6000000000000001 0 0 0 0 0 0 9.200000000000001 0 0 14.4 0 0 0.6000000000000001 0 0 0 0 0 0 0 0 0 0 0 0.6000000000000001 0 0 0 0.6000000000000001 0 0 0 0 0 0 0 0 0 0 1.4000000000000001 8 0 4.4 2.4000000000000004 9 0 5.800000000000001 2.8000000000000003 5.6000000000000005 0.2 2.4000000000000004 0.2 4.800000000000001 11.200000000000001 9 12.200000000000001 2.2 0 0.2 0 2.2 3.4000000000000004 0 0 0 2.8000000000000003 14.8 0.4 0 0 0 0.6000000000000001 1.8 10 0 0 0 2.8000000000000003 4.6000000000000005 0 0 0 0 0 0 0 0 0.2 0 0 0 0.2 0 0 0 0 0 0 0 0 1 1.2000000000000002 0 0 0 0 0 0 0 0 0 0 0 0 0 0 0 0 0.4 0.8 2.2 0.6000000000000001 3.2 2.6 0 0 2.8000000000000003 1.4000000000000001 6.800000000000001 1.2000000000000002 5 3.4000000000000004 2.8000000000000003 0 2.2 1.6 0 0 0 4.2 0 0 0 0 0.2 3.8000000000000003 0 0 0 0 0 1.4000000000000001 0 14 2.4000000000000004 0 0.4 4.4 0.8 0 0 0 0 0 0 0 0 0.2 0 0 0.4 0 0 0 0 0 0 0 0 0 0 0 0 0 0 0 0 0.4 0 0 0 0 0 0 0 0 0 0 0 0 3 0 0 0 0.6000000000000001 11 0 0.2 17.2 0 1.2000000000000002 0 0 0 0 0 0 0 0 0 0 2.8000000000000003 0 0 0 0 0 0 0 0 0 0 0 0 4.2 0 4 0 0 0 0 0 0 0 0 0 0 0 0 
 43 51.6 9.600000000000001 10.8 54.400000000000006 2 27.6 30.6 12.4 37.800000000000004 7.6000000000000005 26 0 10.200000000000001 17.6 41.800000000000004 44.2 26.6 11.200000000000001 29 0.6000000000000001 0 0.4 0 0.2 0 0 0.4 0 0 0.6000000000000001 0 0 0 0 0 0.4 0 0 0.4 0.6000000000000001 0 0 0 0 0 0 0 0 0 0 0 0 0.6000000000000001 0 0 0 0 0 0 0 0 0 0 0 0 0 0.6000000000000001 0 0.6000000000000001 0 0 0 0 0 0 0 0 0 0 7.800000000000001 3.6 1.6 0 0 0 11 2 0 2.6 2 0 2.6 2.8000000000000003 4.6000000000000005 2.2 2 0.4 5.2 9.4 0.4 0 0 0 0 0 0 0 0 0 0.2 0.2 0 0 0 0 0 0 0.4 0 0 0 0 0 0 0 0.2 0 0 0 0 0 0 0 0 0 2 0 0 0 0 0 0 0 0 0 0 0 0 0.4 0 0 0 0.4 0 0 0 0 0 0 2.8000000000000003 1.6 0 0 1.2000000000000002 0.2 6 0 4.2 6 0 1 2.2 0 2.4000000000000004 2.6 1.6 0 1.8 0 0 0 0 0 0 0 0 0 0 0.4 0 0 0 0 0 0 0 0 0 0 0 0 0 0 0 0 0 0 0 0 0 0 2.8000000000000003 0 0 0 0 0 0 0 0 0 0 0 0.2 0 0 0 0 1.6 0 0 0 0 0 0 0 0 0 0 0 1.8 0 0 0 0 0 0 0 0.2 0 1.8 0 0 0 0 0 0 0 0 0 0 2.4000000000000004 0 0 0 0 0 11.200000000000001 0 0 0 0 0.2 0 0 0 0 0 0 0 0 0 0 0 0 0 0 0 0 
 22.8 10.600000000000001 13.8 27.400000000000002 24.6 12.200000000000001 21.6 52.2 32.800000000000004 47.2 26.400000000000002 39.6 10.200000000000001 0 16.6 18.8 10.4 22.6 33 25.8 0.6000000000000001 0.4 0 0 0.4 0 0.4 0.6000000000000001 0.4 0.2 2 0 0 0 17 0.4 0 1.8 0 0.2 1 0 0 0.8 0 0 1.2000000000000002 0 1.2000000000000002 14.4 6.4 0 0.6000000000000001 2.2 0 0 0 0.2 4.4 0 0.8 0.8 1.2000000000000002 10 0 0 0 0.4 1 0.6000000000000001 0 0 1.2000000000000002 0 0 0 0 0.2 0 0 5.2 6.2 1.8 3 0 6.6000000000000005 0.2 3.4000000000000004 5.2 0.2 2.8000000000000003 3.2 0 6.2 2 0 0 0 0.2 6.800000000000001 0 0 0 0 0 0 0 0 0 0 0 0 2 0 0 0 0 0 0 0 0 0 0 0 0 0 0 0 0 0 0 0 0 0 0 0 0 0 0 0 0 3.2 0 0 0 0 0 0 0 0 0 0 0 0 0 0 0 3.8000000000000003 0 0 9 2 0.4 9.200000000000001 0 0 0.4 4.800000000000001 0 1 0 2.4000000000000004 4.6000000000000005 2.4000000000000004 2 2.4000000000000004 1.6 0 0.4 0 2.8000000000000003 0 0 0 0 0 0.2 0 0 0 0 0 0.2 0 0 0 0 0 2.2 1.2000000000000002 0 0 0 0 0 0 0 0 0 0 0 0 0 0 0 0 0 0 0 0 1.2000000000000002 0 0 0 0 0 0 0 0 0 0 0 0 0 0 0 0 2.4000000000000004 0 0 0 0 0 0 0 0.2 17.6 0.4 0 18 0 1.8 0.6000000000000001 0 0 0 0 0 0 0 0 0 0 0 0 0 0 0 0 0 0 0 0 0 0 0.8 0 3 0 0 0 0 0 0 0 0 0 0 0 0 
 11.8 30.8 11.600000000000001 58.6 18.2 32.2 17.400000000000002 25.8 20.8 40.6 33.800000000000004 59.2 17.6 16.6 0 36.4 47.800000000000004 26.8 31.8 16 0.6000000000000001 0 0 0 23.6 0.4 0 0.8 0 0 0.4 0 26.400000000000002 0 0 0 0.6000000000000001 0 18.8 0 0.6000000000000001 0 0 0 0 0 0.4 0 0.6000000000000001 0.4 0 0 0 0.6000000000000001 0 0 0 0.2 0 0 0 0 0 0 0.6000000000000001 0.2 0 0.2 0 1 0 0 0 0.2 0 0.6000000000000001 0 0 0 0 0 2.4000000000000004 8.8 0 3.4000000000000004 0.2 7 5.2 0 11 3.2 2.2 0 4.4 3.6 0 4.4 14 3.8000000000000003 2 0.4 0 0 2.4000000000000004 0 0 0 0 0 0 0.2 0 0 1.8 0 0 0 0 2.4000000000000004 2.2 0 0 0 0 0 0 0.4 0 3.2 0 0 0.4 0 0 0.2 0 0 0 0 0 0 0 0 0 0.2 0 0 0 0.4 0 0 0 0 0 0 0 0 0 0 3 3.8000000000000003 0 0 0.8 0 1.6 2.4000000000000004 0 2.4000000000000004 0 9 0 0.2 5.800000000000001 2.8000000000000003 0 3.2 2 5.6000000000000005 0 2.8000000000000003 0 0 0 0 0 0 0 0 0.4 0 0 0 0 0 0 0 0 1.4000000000000001 2 0 0 0 0 0 0 0 2.2 0 0 0 0 0 0.4 0 0 0 0 0 0 0 0 0 0 0 0 0 0 0 0 0 0 0 0 0 0 3.8000000000000003 0 0 0 0 0 0 0 0 0.2 0.2 0 0 0.2 0 3 0 0 0 0 0 0 0 0 0 0 0 0 0 0 0 0 0 0 0 0 0 0 0 1.4000000000000001 0 0 0 0 0 0 0 0 0 0 0 0 0 0 
 33.4 47.400000000000006 6.800000000000001 70 49.2 31 5.6000000000000005 22.8 31.6 48.400000000000006 77.4 64.60000000000001 41.800000000000004 18.8 36.4 0 11.4 61.400000000000006 7.6000000000000005 35.4 0.8 0 0 0.4 0.2 0 0.4 0.6000000000000001 0 0 0.4 1 16.2 0 0 0 0 0 0.4 0 0.6000000000000001 0 0 0 0 0 0 0 0 1.2000000000000002 6.800000000000001 0 0 0.6000000000000001 0 12.200000000000001 0 0.2 0 0 0 0 0 0 0 0.6000000000000001 1 0.2 0 0.6000000000000001 0 0 0 0 1.2000000000000002 1.2000000000000002 0 0 0 0 2 2.6 0 3 5.6000000000000005 5.6000000000000005 0 5.4 6.6000000000000005 1.8 2 22 2.6 2.6 6 3.6 5.800000000000001 4.6000000000000005 0 0 0 0 0 0 0 0 0 0 0 0.4 0 0 2.6 2.2 0 0 0 0 0 0.4 0 0 0 0 0 0 0 0 0 0 0 0 0 0 0 0 0 0 0 0 0 0 0.4 0 0 0 0 0 0 0 0.2 0 0 0 0 0 0.2 0 0 0 4.800000000000001 2.2 3.6 8.6 0.6000000000000001 3.4000000000000004 0 5 7.6000000000000005 2.4000000000000004 2.4000000000000004 2 12.200000000000001 4.6000000000000005 0 4.800000000000001 2 3.8000000000000003 0 0 4.2 0 0 0 0 0 0 2 0 0 0 0.4 6.4 0 0 0 0 0 4.2 1.8 0 0 0.2 0 0 0 0 0 0 0 0 0 0 0 0 0 0 0 0 0 0 0 0 0 0 0 0 0 0 0 0 0 0 0 0 0 0 0 0 0 0 3.2 0 0 0 0 17.2 0 0 9.200000000000001 4 2.8000000000000003 0 0 0 0 0 0 0 0 0 0 2.8000000000000003 0 0 0 0 0 0 0 0 0 0 4.2 0 0 0 2.8000000000000003 0 0 0 0 0 0 0 0 0 0 0 0.4 
 8.200000000000001 27.8 31.8 55.6 27.8 44.2 8.200000000000001 7.800000000000001 42 48 36.800000000000004 38 44.2 10.4 47.800000000000004 11.4 0 45.2 7 19.200000000000003 0.6000000000000001 0.6000000000000001 0 0 0.4 0 4.4 0.6000000000000001 0 19.8 0.4 0 12.200000000000001 23.400000000000002 8.8 0 0.4 0 4.800000000000001 12.600000000000001 0.6000000000000001 0 0 0 0 0 0 0 0 0 0.2 0 0 0.6000000000000001 0 0.8 0 11.4 0 1.4000000000000001 0 0 0 0 0 0 0 0.4 0 0.6000000000000001 0 0 0 0 0 0 0 0 0 0 4.4 0 2.8000000000000003 2 0.2 3.6 2.2 0 0.2 0 3.8000000000000003 2.2 2 4.6000000000000005 4.800000000000001 5 4.4 0.4 2.2 0 1.8 0.2 0 0 0 0 2.8000000000000003 0 0 0 0.4 0.4 0 5 0 0 0 0 0.8 6.6000000000000005 0 0 0 0 0 0 0 0 0 0 0 0 0 0 0 0 0 0 0 0 0 0 0 0 2 0 0 0 0 0 0 0 0 0.2 0 0 1.8 0 0 0 4.800000000000001 0 2.8000000000000003 0 4.4 0.2 0.6000000000000001 3 2.4000000000000004 1.4000000000000001 2 0.4 4.6000000000000005 3.6 2.2 0.2 8 0 3.6 0 4 0 0.2 0 0 0 19.6 4 0 0.2 0 0 8.200000000000001 0 0.4 0 0 0 5.4 2 0 0 0 0 0 0 0 0 0 0 0 0 0 0 0 0 0 0 0 0 0 0 0 0 0.4 0 0 0 0 0 0 0 0.4 0 0 2.4000000000000004 0.2 0 0 0 0 2.6 0 0 0 0.8 0.2 0.4 0.4 0 0 1.4000000000000001 0 0 0 0 0 0 0 0 0 0 2.6 0 0 0 0 0 0 0 0 0 0 0.4 0 1.2000000000000002 0 0 0 0 0 0 0 0 0 0 0 0 0 0 
 37 25.6 15.600000000000001 4.4 8 11.200000000000001 25.6 5 76.60000000000001 43.400000000000006 10.600000000000001 30.400000000000002 26.6 22.6 26.8 61.400000000000006 45.2 0 12.8 26.8 0.6000000000000001 0 0.4 0 0 0 14.8 0.4 0 0 0.4 0 0 14 16.8 0 0 14.600000000000001 0.6000000000000001 0 0.6000000000000001 1 0 0 0.4 0 0 13.8 0 0.2 0.4 0 0 0.8 0 0 0 0.2 0 0 0 2 0 0 0 0 0 1.2000000000000002 0 0.6000000000000001 0 0 0 0 0 0 0 0 0 0 3.8000000000000003 1 12.600000000000001 0 0 0.2 0 0 2.2 4 3.8000000000000003 0.4 7.4 5 5.800000000000001 4.4 3.4000000000000004 0.2 0 0.2 0.4 0 0 0 0.2 0 0 0 0 0 0 0 0 3.2 0 0 0 0 3.6 1.2000000000000002 0 0 0 0 0 0 0 0 0 0 0 0 0 0 0 1.8 0 0 0 0 0 0 0 0 0 0 0 0.6000000000000001 0 0 0 0 0.2 0 0 0.6000000000000001 1.6 0 0 0 4.6000000000000005 11.200000000000001 4 1.6 1.2000000000000002 6.2 2.6 19 6.6000000000000005 1.8 1.6 9.600000000000001 2.8000000000000003 3.8000000000000003 0 3 2.6 3.4000000000000004 0 0.4 0 0 0 0 0 0 0 0 0.4 0 0.2 0 0 0.2 0 0 0 0 0 0 0 0 0 0 0 0.2 0.2 0 0 0 0 0 0 0 0 0 0 0.2 0 0 0 0 1.8 0 0 0 0 0 0 0 0 2.2 0 0 0 0 0 0 0 0 0 3.8000000000000003 0 0 0 0 0 0 0 17 0 1 0 0 0 0 0 0 0 0 0 0 2.8000000000000003 0 0 0 0 0 0 0 0 0 0 0 0 0 0 0 0 0 0 0 0 0 0 0 0 0 0 0 
 8 6.800000000000001 24.6 32 7.6000000000000005 10.8 63.6 6.4 26.400000000000002 28.6 19.6 4.4 11.200000000000001 33 31.8 7.6000000000000005 7 12.8 0 57.400000000000006 0.6000000000000001 0.4 0 0 0 12.8 0 0.6000000000000001 0 0 0.4 0 0 0.2 0 0 0 0 0 0 0.6000000000000001 0 0 0 0 0 0 0 0 0 0 0 0 0.6000000000000001 0 0 0 0 0 0 0 1.4000000000000001 0 0 0 0 0 0.4 7 0.6000000000000001 0 0 0 0 0 0 0 4.800000000000001 0.2 0 0 7.6000000000000005 2 0.2 0.4 0 0 1.6 0 3.4000000000000004 6.2 0 0 4 7.800000000000001 4.4 0 3 0.4 6.6000000000000005 0 0 0 0 0 0 0 0 0 0 0 0 0 0 0 0 0 0 0 0 0 0 0 0 0 0 0 0 0 0 0 0 0 0 0 0 0 0 0 0 0 1 1.6 0 0 0 0 0 0 0 0 0 0 0 0 0 0 0 0 0 3.4000000000000004 2 0 3.6 0 0 4.800000000000001 6.800000000000001 4.2 2 4.2 0.2 0.2 0 0.6000000000000001 2.6 0 4.6000000000000005 0 7.2 0 0 0 0 0 0 0 0 0 0 0 0 0 0 0 0 0 0 0 0 0 0 0 0 0 0 0 0 1.2000000000000002 0 0 2.6 0 0 0 0 0 0 0 0 0 0 0 0 0 0 0.2 0 0 0 0 0 0 0 0 0 0 0 0 0 0 0 0 0 0 0.2 0.8 0 0 17 0 2 0 0 0 0 0 0 10.8 0 0 0 0 0 0 0 0 0 0 0 0 0 0 0 0 1.8 0 0.6000000000000001 0 0 0 0 0 0 0 0 0 0 0 0 
 34.6 7.6000000000000005 42.6 30.200000000000003 29.8 26 12 24.200000000000003 25.200000000000003 39 19.6 20 29 25.8 16 35.4 19.200000000000003 26.8 57.400000000000006 0 0.6000000000000001 0.8 16.2 0 0.6000000000000001 0 0.6000000000000001 0.6000000000000001 0.4 0 1 0 0.6000000000000001 0 0 0 1 0.4 0 0 13 0 1 0 0 0.2 0 0 0 0 12.600000000000001 0 0 0.6000000000000001 0 5.4 0.6000000000000001 0 0 0 0.8 2.2 0 0 0.2 0.6000000000000001 0 0.4 0 0.6000000000000001 0 0 0 0 0.2 0.2 0 0 0 0 2.4000000000000004 9.4 0.6000000000000001 0 0 2.6 0 2 0 2.6 0.2 0.2 5 2.4000000000000004 6.2 7.4 0 0 0 0 0 0 0 0.4 0 0 0 0 0 0 0 0 4.800000000000001 0 0 0 0 0 0 0 0 0 0 0 0 0 0 0 0 0 0 0 0 0 0 0 0 0 0 0 0 0.4 0.6000000000000001 0 0 0 0 0 0 0 0 0 0 0 0 0 0 0 0 0 7.2 0 0 0.2 0.2 0.4 3.2 8 4 2.8000000000000003 0 2.6 7.800000000000001 1.8 3.8000000000000003 0 1.6 2.6 0 1.2000000000000002 0 0 0 0 0 0 0 0 0.4 0 0 0 0 0.2 0 0 0.4 0 0 0.2 0 0 0 0 0 0 0 0 0 0 0 0 0 0 0 0 0 0 0 0 0 0 0 0 0 0 0 0 0 0 0 0 0 0 0 0 0 0 0 0 0 3.8000000000000003 0 0 0 0 0.8 0 0 0.4 0 0.8 0 0 0 0 0 0 0 0 0 0 3.2 0 0 0 0 0 0 0 0 0 0 0 0 1.2000000000000002 0 2 0 0 0 0 0 0 0 0 0 0 0 0 
 0.6000000000000001 0.6000000000000001 1 9.200000000000001 8.8 1.2000000000000002 1 1 0.8 0.6000000000000001 8 15.600000000000001 0.6000000000000001 0.6000000000000001 0.6000000000000001 0.8 0.6000000000000001 0.6000000000000001 0.6000000000000001 0.6000000000000001 0 21 36.800000000000004 26.200000000000003 30.8 18.8 109.80000000000001 36.6 167.4 14.600000000000001 11.8 49.800000000000004 23 25.200000000000003 9 27.400000000000002 32.4 8.6 9.600000000000001 47 0.8 0 0.4 0 0 0.6000000000000001 0 0 0 0.4 0 2.4000000000000004 0.4 0 0 12.600000000000001 0 0.4 1.2000000000000002 0.6000000000000001 0 0 0 0 0 0.6000000000000001 0 0 0 0 0 0 0 0 0 0 0 0 0 0.6000000000000001 0 0.2 0 2.2 0 0 0 0 0.2 0 0 0 0 0 0 0 0 0 0 0 0 6.6000000000000005 11.200000000000001 1.6 0.4 0 0 6.2 6.6000000000000005 0 1.8 0 3.8000000000000003 0 3.4000000000000004 5.6000000000000005 3.2 3.6 5.6000000000000005 2.4000000000000004 0.2 0 0 0 0 0 0 0 0 0 0 0 4.2 0 0 0 0 0 1 0 0 0 0.4 0.2 1.4000000000000001 0 0 0 0 0 0 0 0 0 0 0 0 0 0.4 0 0 0 0 0 0 1.6 0 0 0 0 0 0 0 0 0 0 0 0 0 0 0 0 3.2 3.2 5.800000000000001 0 2 3.8000000000000003 0.6000000000000001 5.2 2.8000000000000003 0.4 0 3.8000000000000003 3.8000000000000003 11.200000000000001 0 0 0 3 0 0.2 0 0 0 0 0 0 0 0 0 0 0 1 0 0 0 0 0 0 0 0 0 0 0 0 0 0 0 0 0 0 0 0 0 0 0 0 0 0 0 0 0 0 0 0 0 0 20.200000000000003 0 0 0 0 0 1 0.4 0 0 0.2 0 1.2000000000000002 0 0 0 0 0 0 0 0 0 0 0 0 0 0 0 4.6000000000000005 0 0 0 0 4.4 0 0 0 0 0 0 0 0 
 0 0 0 0 0 0 0.6000000000000001 0.2 15.200000000000001 0.6000000000000001 0 0 0 0.4 0 0 0.6000000000000001 0 0.4 0.8 21 0 56.2 12.8 8 16.6 24.6 43.6 34.2 64.4 22.6 7.6000000000000005 31.200000000000003 83 12 49.800000000000004 79.4 30.400000000000002 58 54 0.6000000000000001 2.2 0.4 0 0 0.2 0.6000000000000001 0.8 0 0.4 0 0.4 0.4 0 0 12.600000000000001 0 0.4 0 0.4 0.6000000000000001 5.6000000000000005 0.6000000000000001 0 0 0.4 0.2 0.6000000000000001 0.6000000000000001 0 0 0 0.2 0 0.8 1.2000000000000002 1.2000000000000002 0 0.4 1.4000000000000001 0 0 0 0 5.4 0 0 0 0 0 0 3.6 0.4 0 0 0 0 0 0 0 9.4 2 1.6 0 0 0 6.2 3.6 6 3.8000000000000003 2.4000000000000004 0.8 2.2 2.6 11.200000000000001 1.2000000000000002 5.800000000000001 4.6000000000000005 6.4 2 0 0 0 0 0 0 0 0 0 0 0 0 2 0 0 0 0 0 0.8 0 0 0 0 0.2 1.2000000000000002 0 0 0 0 0 0 0 0 0 0 0 0 0 0 0 0 0.4 0 0.2 0 0.2 0 0 0 0 0 0 0 0 0 0 0 0 0 0 3.4000000000000004 1.2000000000000002 0.6000000000000001 0 1.6 0 0 3.8000000000000003 3.8000000000000003 0.8 0 0 0 0 4.4 4.2 2.6 0 0 0 0 0 0 0 1.4000000000000001 0 0 0 0 0 0 0 0.4 0 0 0 0 0 0 0 0 0 2.8000000000000003 0 0 0 0 0 0 0 0 0 0 0 0 0 0 0 0 0 0 0 0.2 0 0 0 0 0 0 0 0 0 0 0 3 0.4 0 0 0 0 0.8 0.4 0 0 0 0 0 0 0 0 0 0 0 0 0 0.2 3.2 0 0 0 0 0 0 0 0 0 0 0 0 0 
 0 0 0 0 0 0 0 0.4 0.8 0 0 0 0.4 0 0 0 0 0.4 0 16.2 36.800000000000004 56.2 0 21.200000000000003 56.400000000000006 65.60000000000001 16.2 26 18.6 40.800000000000004 27 5.4 28.6 48.6 17.6 25.200000000000003 38.400000000000006 23.400000000000002 4.6000000000000005 17.2 12 1.2000000000000002 1 0 0 0.6000000000000001 0.2 0 0 0.4 0 0.6000000000000001 0.4 0 0 0 0 0.4 0.2 0.6000000000000001 0 0 0 0 0 0.6000000000000001 0 0 0 0 0 0 0 0 0 0.6000000000000001 0 0 0 0.6000000000000001 0 0 0 0 0 0 0 0 0 0 0 0 0 0.4 3.8000000000000003 0 0 0 0 0 4.2 2.2 2.4000000000000004 8 5.4 0 6.6000000000000005 0 6.4 9.200000000000001 4.800000000000001 4.6000000000000005 9.200000000000001 1.8 4.2 6.4 4 0 3.6 2.4000000000000004 2.6 0 0.2 0 0 0 0 0 0 0 0 0.2 5.2 3.8000000000000003 0 0 1.4000000000000001 0 1.8 0 0 0 0 0.4 1 0 0 0 0 0 0.2 0 0.4 0 0 0 0 0 0 0 0 0 0.8 0 0.2 1.4000000000000001 0 0 0 0 0.4 0.4 0.2 0 0 0 0 0 0 0 0.2 7.800000000000001 0 2.8000000000000003 1.4000000000000001 0.4 0 4.2 17.2 0 7 6.2 0 1.8 0 0 8.6 0 0 0 2.6 0 0 0 0 0 1.6 3 0 0 0 0 5 0 0 0 0 0 0 0.2 0 0 0 0 0 0 0 0 0 0 0 0 0 0 0 0 0.2 0 0 0 0 0 0.2 0 0 0 0 0 0 0 0 0 0 0 1.2000000000000002 0 0 0.4 0 0 2.8000000000000003 0 0 0 0 0 0 0 0 0 0 0 0 0 0 0 0 0 0 9 0 0 0 0 0.2 0 0 0 0 0 
 0.2 0 0 0 0 0 0.2 0 0 0 0 0 0 0 0 0.4 0 0 0 0 26.200000000000003 12.8 21.200000000000003 0 48.2 52.6 63.2 33.4 61.400000000000006 138.4 15.600000000000001 9.600000000000001 13.200000000000001 9.4 11.8 41 40.800000000000004 50.2 15.8 73.4 0.6000000000000001 0 0.4 0 0 0.4 26 12.600000000000001 0 0.4 0 13 0.4 0 0 0 0 0.4 19 12.600000000000001 0 0 0 0 0 0.6000000000000001 0 0 0 0 0 0 0 0 0 0 0 0 0 0.6000000000000001 0 0 0 0 0 0 0 0 0 0 0 0 0 0 0 0 0 0 0 0 6.2 2 0.2 4.2 2.4000000000000004 2.8000000000000003 0 0 4.4 3.2 4.2 2.4000000000000004 0 1.8 0 4.2 2.6 7.6000000000000005 0.4 0 1.6 0 0 0 0 0 2.8000000000000003 0 0 0 0 0 2.8000000000000003 0.8 0 8 0.2 0.4 5.6000000000000005 4.800000000000001 0 0 0 2 0.2 0 0 0 0.2 0.4 3.8000000000000003 2.2 0 0 0 0 0 0 0 0 0 0 0 0 0 0 0 0 0 0 0 0 0 0 0 0 0 0 0 0 2.4000000000000004 4.6000000000000005 3 0.8 0 3.6 0 4 3.8000000000000003 6.800000000000001 0 4.2 0 2.4000000000000004 0 2.4000000000000004 1.8 4.6000000000000005 0.2 0 3.8000000000000003 0 0 0 1 3.6 0 0 0 0.2 0 0 5.6000000000000005 4.2 0.2 2.4000000000000004 0 3.2 0 3.4000000000000004 0 0 0 0 0 0 0 0 0 0 0.2 0 0 0 0 0 3.2 0 0 0 0 0 0 0 0 0.2 0 0 0 0 0 0 0.2 0 5.2 0.4 0.6000000000000001 24.200000000000003 30.6 0.2 0.4 0 0 0 0 0 2 0 0 0 0 0 0 0 0 0 0 0 0 0 0 3.6 0 0 0 1.4000000000000001 1.8 0 0 0 
 0.2 0 5.2 0.2 0 0 0.2 0 23.8 0 0 23.6 0.2 0.4 23.6 0.2 0.4 0 0 0.6000000000000001 30.8 8 56.400000000000006 48.2 0 33.4 8.4 55 25.400000000000002 34.6 39 57 26.200000000000003 15 36.4 63.6 25.6 19.6 51.6 72.8 2.8000000000000003 0 0.4 0 0 0.6000000000000001 12.600000000000001 12.600000000000001 0.6000000000000001 1 0 1 0.8 12.600000000000001 0 0 0 1 24.6 17.2 0.4 0 0 0 0 0.6000000000000001 0 0 0 0 0 0.2 1 0 0 0 0 0 0 0.6000000000000001 0 0 0 0 0 0 0 0.2 0 0 0 0 0 0 0 0 0.2 0 0 0 0 2.2 0 0 9.200000000000001 12.8 0 0 0 3 5 5.800000000000001 0 0 0 2.2 0.4 3.8000000000000003 0 0 5.4 0 2.2 0 0 0 13.200000000000001 2.2 0 3 0 0 2.2 0 3.8000000000000003 2.2 0 0 1 1.2000000000000002 0 0 0 0 0 0 0 0.4 0 0.6000000000000001 0 0 0 1 0 0 0 0 0 0 0 0 0 0 0 0 0 0 0 0 0 0 0 4.800000000000001 0 0 0 0 0 0 0 0.2 6.2 0 5.6000000000000005 8 0 0 0 8 2.8000000000000003 0.2 0 0 0 4.2 0 4.2 0 0 0 2.2 1.4000000000000001 0 0 2.4000000000000004 0 0 0 0.2 4.2 0 6.800000000000001 8.4 4 5 0.4 2.4000000000000004 0 8.8 0 0 0 0 0 0 0 0 0 0 0 0 0 0 0 0 1.6 0 0 0 0 0 0 0 0 0 0 0 0 0 0 0 0 0 1.8 0.4 0.2 0.8 17 0.4 0.6000000000000001 0.4 0 0 0 0 0 0 0 0 0 0 0 0 0 0 0 0 0 0 0 2.2 0 0 0 0 0 0 0 0 
 0 0 0 0.4 0 0 0 0 0 0.2 0 0 0 0 0.4 0 0 0 12.8 0 18.8 16.6 65.60000000000001 52.6 33.4 0 9 38 35.6 11.600000000000001 26.400000000000002 24.400000000000002 9.4 8.200000000000001 10 17 25.8 49.800000000000004 10.600000000000001 26.400000000000002 27.200000000000003 0 0.4 12.600000000000001 0 0.6000000000000001 0 0 13.4 0 0.6000000000000001 1.2000000000000002 19 0 0 0.4 0 0.8 26 12.8 0.6000000000000001 0.6000000000000001 0 0 1 0.6000000000000001 0 0 0 0.8 0 0 0 0.4 0 1.8 0 0 0 1.8 0 0 0 0 0 0 0.4 0.4 0 0.2 0 0 0 0 0 0 0.4 0 0 0 0 3.2 0 1.2000000000000002 0 4.4 0 0 3.6 0.2 5.2 6.6000000000000005 0 0 2.8000000000000003 3 2.8000000000000003 0 0 0.2 0 2.8000000000000003 8 0 0 0 0.2 4.2 7.2 3.4000000000000004 0 0 3.2 4.800000000000001 5 0 0 0 0.2 0.8 0 0 0 0.8 1 0 0 0.2 0 0.2 0 0 0 0 0 0 0 0 0 0 0 0 0 0 0 0 0 0 0 0 0 0 0 0 0 0 0 0 0 0 0 0 2.4000000000000004 2.2 0.4 2.4000000000000004 0 0 5.2 2.2 4.2 4 0.2 0 0 2.6 3.2 0 0 0 5.2 3.8000000000000003 2.8000000000000003 2.4000000000000004 0 0 0.2 6 2.4000000000000004 3.4000000000000004 0 0.2 6.2 0.4 0 1.8 0.2 1.4000000000000001 2.6 0 0 0 0 0 0 0 0 0 0 0 0 0 0 0 0 0 0 0 0 0 0 0 0.2 0 0 0 0 0 0 0 0 0 0 0 1.2000000000000002 0 0.2 29.6 0.2 1 0.2 0 0 0 0 0 0 0 0 0 0 0.4 0 0 0 0 0 0 0 0 0 4.800000000000001 0 0 0 0 0 0 0 0 
 0 14.8 0 0 0 0.4 0.8 0 7.6000000000000005 0 0.2 0 0 0.4 0 0.4 4.4 14.8 0 0.6000000000000001 109.80000000000001 24.6 16.2 63.2 8.4 9 0 24.6 115.80000000000001 10 6.6000000000000005 3.6 73 55.2 9.200000000000001 12.8 93.2 17.8 54 27.8 1.6 3.8000000000000003 1 0 0 0.6000000000000001 0 0 0 0.4 0.2 0.6000000000000001 0.4 12.8 0 0 0 0.4 0 0.6000000000000001 0 0 0 0 0 10.200000000000001 0 0 0 0 0 0 0 0 0 0 0 0 0 0.6000000000000001 0 0 5 2 0 0 0 0 0 0 0 0 0 0 0 0 6.6000000000000005 0 0 0 2.2 2.6 6 4.6000000000000005 0 0 0 3.6 6.2 4.6000000000000005 0 0 7.2 7.6000000000000005 0 0 0 2.4000000000000004 5.4 4.6000000000000005 0 0 0 0 0 0 0 0 0 0 0 0 0 0 0 0 0 0 2.8000000000000003 0 0 0 0 0 0 0.4 0 0 0 0 0 0 0 0 0 0 2 0 0 0 0 0 3.2 0 0 1.6 0 0 0 0 0 0 0 0 0 0 0 0 0 0 2.4000000000000004 9.200000000000001 0 4.4 3.6 2.4000000000000004 3.8000000000000003 0 2 5.6000000000000005 0 0 3 12 4.6000000000000005 9.8 3.4000000000000004 0 0 2.8000000000000003 0 0 0 0 0 0 0 0 0 0 0 0 0 0 0 0 0 0 0 2 0.2 0 0.2 0 0 0 0 0 0 0 0 0 0.4 0 0 0 4 0 0 0 0 0 0.2 0 0 0 0 0 0 0 0 0 0 0 2.4000000000000004 0 0 15 0 0 0.8 0 0 0 0 0 0 0 0 0 0 0 0 0 0 0 0 0 0 0 0 0 0 0 0 2.8000000000000003 0 0 0 0 
 0.6000000000000001 0.8 0.4 0.6000000000000001 1.8 0.6000000000000001 0.4 0.4 0.4 0.6000000000000001 0.6000000000000001 0.6000000000000001 0.4 0.6000000000000001 0.8 0.6000000000000001 0.6000000000000001 0.4 0.6000000000000001 0.6000000000000001 36.6 43.6 26 33.4 55 38 24.6 0 43.400000000000006 32.4 22 7.6000000000000005 26.200000000000003 36 10.200000000000001 14.600000000000001 53.6 31.8 35.6 44.2 0.6000000000000001 0 0.4 0 0 0.6000000000000001 0.6000000000000001 0 0 0.4 0 0.6000000000000001 0.4 0 0 0 0.2 0.6000000000000001 0.2 0.4 0 0 0 0 0 0.6000000000000001 0 0 0 0 0 0.2 0 0 0 0.4 0 0 0 0.6000000000000001 0.2 0 0 0 0 0.4 0 0 0 0 0 0 0 0 0 0 0 0 0 0 3.6 2.2 7.4 12.600000000000001 0 0 0.8 1.8 8.200000000000001 0 0.2 4.2 7.2 2.2 2.4000000000000004 5 11 0 2 1.8 0 0 0 0 0 0 0 0 0 0 0 0 4.800000000000001 0 0 0 0 0 4.4 1.2000000000000002 0 0 0 0 1 0 0.4 0 0 0 0 0 0 4.2 0 0.4 0 0 0 0 0 0 0 0 0 0 0 0 0 0 0 0 0 0 0 0 0 0 0 0 3 0 2.4000000000000004 3.6 3.6 0.2 2.8000000000000003 6 9.200000000000001 3.6 2.6 5.800000000000001 1.8 6.800000000000001 2.4000000000000004 4.4 5.800000000000001 2 0 11.600000000000001 0 0 0 0 0 0.4 0 0 0 0 0.4 0 4.6000000000000005 1 0 0.2 0 0 0.4 0 0 0 0 0 0 0 0 0 0 0 0 0 0 0 0 0 0 0 0 0 0 0 2 0 0 0 0.4 0 0 0 0 0 0 0 2.8000000000000003 0 0 0.2 0 0 0.4 2.2 0.2 0 0 0 2.8000000000000003 0 0 0 0 0 0 0 0 0 0 0 0 0 0 0 0 0 0 0 3 0 0 0.6000000000000001 
 0 0 0.2 0 0 0.6000000000000001 1 0.6000000000000001 0.2 0 0 14.8 0 0.4 0 0 0 0 0 0.4 167.4 34.2 18.6 61.400000000000006 25.400000000000002 35.6 115.80000000000001 43.400000000000006 0 58.2 9.600000000000001 6.4 40 36.4 92.60000000000001 73.4 61.6 50.400000000000006 94.2 38 0.6000000000000001 0.6000000000000001 0.4 0 0 13.200000000000001 0 0 0 0 0 1.4000000000000001 0.4 0 0 0.2 0 0.2 0.8 0.4 0 0 0 0 0 0.4 0 0 0 0 0 0 0 0 0 0 0 0 0 0.6000000000000001 0 0 0 0 1.2000000000000002 0 0 0 4.6000000000000005 0 0 0 0 0.2 0 0 0 0 0 0 3.4000000000000004 14.8 6 0 0 4.4 3.2 7 1.8 5.800000000000001 0.6000000000000001 0 0 1.2000000000000002 0.6000000000000001 2.4000000000000004 4.2 5.6000000000000005 4.4 0 0 0 2 0 0 0 0 0 0 0 0 0 0 0 0 0 0 0 3.4000000000000004 1.4000000000000001 0 0 0 0 0 0 0 0 0 0 0 0 0.2 0 0.2 0 0 0 0 0 0 0 0 0 0 0 0.2 0 0 0 0 0 0.2 0 0 0 0 0 0 0 0 1.8 12.4 0 0.4 2.2 1.8 3.8000000000000003 0 5.2 0 3.2 0 6 5.2 10.600000000000001 8.8 10.8 0 10.4 0 0 0 0 0 0 0 0 0 0 0 0 2 3.2 0 0 0 1.2000000000000002 0 0 0 0 0 0 0 0 0.4 0 0 0 0 0 0 0 0 0 0 0 0 0 0 0 0 0 0 0 0 0 0 0 0 0 0 0 2.4000000000000004 0 0 0 15 0.4 0.4 0 0 0 0 0 0 0 0 0 0 0 0 0 0 0 0.4 0 0 0 0 1.8 0 0 0 0 0 0 0 0 
 0 0 0 0 14.8 0.4 0.4 1 0 0 0 0.2 0 0.2 0 0 19.8 0 0 0 14.600000000000001 64.4 40.800000000000004 138.4 34.6 11.600000000000001 10 32.4 58.2 0 40 65 14.200000000000001 30.400000000000002 23 12.8 16.6 20.8 19.400000000000002 32.6 1 0.4 0.4 0 0.4 0.4 17 0 0 0.6000000000000001 0 1 1.2000000000000002 0.6000000000000001 0 0 0 0.8 18.400000000000002 11.4 0 0 0 0.8 0 1.4000000000000001 0 16.400000000000002 0 0 0.4 0 0 0 0 0.8 0 1.4000000000000001 0 0.6000000000000001 0 0 0 0 0 0 0 0 0 1.6 0 0 0 0 0 0 0 0 0 1.6 2.6 0 0 0 3.2 2.8000000000000003 2 0 6.6000000000000005 9.4 5 4.6000000000000005 2.6 0.2 1.8 11.600000000000001 5.2 4.6000000000000005 0 2.8000000000000003 3.8000000000000003 0 0.2 0 0 0 2 0 0 0 0 0 8.4 2.6 0 1.8 0 0 0 4 0 0 0 0.2 0 0 0 0 0 0.4 0 0 0 2.4000000000000004 0 0 0 0 0 0 0 0 0.6000000000000001 0 0 0 0 0 0 0 0 0 0 0 0 0 0 0 0 0 0 4 0 5.6000000000000005 0.6000000000000001 5.800000000000001 0.8 1.6 9.8 1.4000000000000001 6.800000000000001 0.2 3.6 0.2 0 0 0.2 1.4000000000000001 0 2.2 3.2 0 0 0 0 0 0.2 0.2 0 0 0 0 0 0 0.2 0 0 0 3.8000000000000003 5.800000000000001 0 0 0 0 0 0 0 0 0 0 0 0 0 0 0 0 1.6 0 0 0 0 0 2.4000000000000004 0 0 0 0 0 0.2 0 0 0 0 0 0 0 0.2 30.400000000000002 0.4 0 0.4 0 0 0 0 0 2 0 0 0 0 0 0 0 0 0 0 0 0 4.800000000000001 0 1.8 0 0 0 0 2.4000000000000004 0 0 0 
 0.6000000000000001 0.4 1 0.4 0.4 1 0.4 1 0.4 0.8 0.4 0.4 0.6000000000000001 2 0.4 0.4 0.4 0.4 0.4 1 11.8 22.6 27 15.600000000000001 39 26.400000000000002 6.6000000000000005 22 9.600000000000001 40 0 52.2 11 49.2 30.8 12.8 20.200000000000003 66.4 10.200000000000001 13 13 0 0.4 0 8.4 0.6000000000000001 19 0.4 0 13.200000000000001 0 0.4 13 0 0 0 0 0.4 4.4 12.8 0 0 0 0 0 0.6000000000000001 0 0 0 0 0 0 0 0 0 1 0 0 0 0.6000000000000001 0 2 0 0 0 0 0 0 0 0 0 0 0 0 0 0 0 0 0 0 2.6 0 0 2.4000000000000004 5 8.6 11.4 0 4.2 3.8000000000000003 4.2 2.8000000000000003 0 0 4.4 4.4 5.2 2.6 0 0 7 0 1.6 0 0 0 0.4 4.6000000000000005 0 7.800000000000001 0 0 1.4000000000000001 2.8000000000000003 4.2 0 0 0 0 5.6000000000000005 0 0 0 0 0 0 0 0 0 3.2 0 0 0 1 0 0 0 0 0 0 0 0 1.2000000000000002 0 0 0 0 0 0 0 0.2 0 0 0 0 0.2 0 0 0 0 0 0 0 2.2 9.4 7.2 0 1.8 1.6 2.4000000000000004 0 0 0 0 0 0 1.8 0 0 1.8 0.4 2 2.2 0 0 0 3.6 0 0 0.2 2.2 0 0 0 0.4 6.4 1.2000000000000002 0 3.4000000000000004 6.4 0 0 0 0 0 0 0 0 0 0 0 0.2 0 1.4000000000000001 0 0 0 0 0.4 0 0 0 0 0 0 0 0 0 0 0 0 0 0 0 1 0.2 1.6 0 0 0.4 1.4000000000000001 0.8 0 0 0 0 8.200000000000001 0 0 0 0 0 0 0 0 0 0 0.2 0 0 0 0 0 0 0 0 2.6 0 0 0 
 0 0 0 0 0.4 0.6000000000000001 0.4 0 0 0 0 42 0 0 0 1 0 0 0 0 49.800000000000004 7.6000000000000005 5.4 9.600000000000001 57 24.400000000000002 3.6 7.6000000000000005 6.4 65 52.2 0 5.6000000000000005 6.800000000000001 25.6 4 38.6 15.600000000000001 4 5 4.2 0.2 0.6000000000000001 0.2 0.2 12.8 12.600000000000001 0 0 1.6 0.2 0.4 4.6000000000000005 12.200000000000001 0 0.4 0 0.4 12.600000000000001 25.6 0 0 0 0 0 0.4 0.4 0 0 0 0 0 0.8 0 10.600000000000001 0.4 0 0 0 2.2 0 0 0 0 0 0 0 0 0 0 0 0 0 0 0 0 0 0 0 0 0 0 0 2.4000000000000004 3.6 6.6000000000000005 0 0 0 2.8000000000000003 1.6 0.2 0 0 0 0.2 0 1.4000000000000001 0 0 0 0 3 4.2 0 0 5.800000000000001 6.800000000000001 3 1.6 0 0 0 2.8000000000000003 5.4 0 0 0 6.2 3.4000000000000004 0 0 0 0 0 0 0 0 0 0 0 0 0 0 0 0 0 0 0 0 0 0 1.4000000000000001 0 0 0 0 0 0 0 0.2 0 0 0 0 0 0 0 0 0 0 0 2.8000000000000003 0.4 2.2 3.6 0 0 0 0 1.6 4 0 9.4 0 0 2 3.8000000000000003 0 0 1.6 6 3.8000000000000003 0 0 0 4.800000000000001 0 1.4000000000000001 0 2 0 5 1.8 5.800000000000001 5.6000000000000005 2.8000000000000003 0 2.4000000000000004 5.2 0 0 0 0 0 0 0 0 0 0 0 0 0 0 0 0 0 0 0 1.4000000000000001 0 0 0 0 0 0 0 0 0 0 0 0 0 0 1.6 0 0 14.600000000000001 0.8 0 0.8 0 0 0 0 0 0 0 0 0 0 0 0 0 0 0 0 0 0 0 0 0 0 0 0 0 0 0 0 0 
