 0 29.200000000000003 14 12 3.8000000000000003 4.6000000000000005 110.60000000000001 6.800000000000001 24.6 68.2 22.400000000000002 115.2 87.4 9 7.4 8.200000000000001 24.200000000000003 9.200000000000001 9.8 76.80000000000001 1 0.6000000000000001 0 0 0 0.6000000000000001 0.4 0.6000000000000001 0 0 0 0 0 0.4 0 0.6000000000000001 0.6000000000000001 0 0 0.2 0 0 0 0 0 0.4 0 7.800000000000001 0 0 0.2 0 0 0 0 0 0 0 0 0 0 0.8 0 0 0 0.6000000000000001 0.4 0.6000000000000001 1 0.2 0 0.4 0.4 1.2000000000000002 0.4 0 0.6000000000000001 1.8 0 0 0 5.2 5 0 3 0 4.4 0 6.800000000000001 5 11.8 2.6 3.4000000000000004 6.4 6.4 9 6.2 2.4000000000000004 0 7.6000000000000005 0 0 0 0 0 0 0.2 0 0 0 0 0 3 0 0 0 0 0 0 0 0 0 0.2 0 0 0 0 0 0 0 0 0 0 0 0 0 0 0 0 0 0 0 0 0 0 0 0 0 0 0 0 0 0 0 0 0 0 0 0 0 5 4 9.200000000000001 5.6000000000000005 0 0 0.2 2.4000000000000004 5.6000000000000005 0 0 6.4 0 5 3.6 0.2 7.800000000000001 0.4 3.2 0 0 0 0 0 0 0 0 0 0 0 0 4.2 0 0 0 0 0 0 0 0 0 0 0 0 0 0 2.4000000000000004 0 0 0 0 0 0 0 0 0 0 0 0 0 0 0 0.2 0 0 0 4.2 0 0 0 0 0 0 0 0 0 0 0 0 0 0 6 0 0 0 0.2 0 0 22.6 20 0.2 0.2 0 0 0 0 0 0 0 0 0 0 0 0 0 0 0 0 0 0 0 0 0 0 0 0 0 0 0 0 0 0 0 0 0 0 0 0 0 0 
 29.200000000000003 0 76.60000000000001 55.400000000000006 4.800000000000001 11 12.4 52.800000000000004 13.4 8.6 25 6.800000000000001 49 21.8 28.6 24 31.400000000000002 25.200000000000003 22 10 1 0.6000000000000001 0 0 0 41.400000000000006 22.400000000000002 0.6000000000000001 0 0 0 0 0 0.6000000000000001 0 0 1.4000000000000001 0 0 0.4 0 0 0 0 0 0.6000000000000001 0 0 0 0 0 0 0 0 0 0 0 12.4 0 0 0 0 0 0 9.200000000000001 0.6000000000000001 0 6.4 0.6000000000000001 0 0 0 0 0.6000000000000001 0 0 0.6000000000000001 0.6000000000000001 0 0 2.4000000000000004 5.4 3.8000000000000003 5 3.8000000000000003 0 0 0 11.200000000000001 14 0 1 0 2.6 0 8.200000000000001 5.6000000000000005 2.6 11.200000000000001 6 0 0 0 0 0 0 1.2000000000000002 0 0 0 0 0 3.8000000000000003 2.4000000000000004 2 2.2 0 0 0.6000000000000001 0 0 0 0 0 0 0 0 0 0 0 0 0 0 0 0 0 0 0 0 0 0 0 0 3.2 0 0 0 0 0 0 0 0 0 0 0 0 0 0 0 0 5.2 1.6 0 2 0 16.400000000000002 3.6 2 7.6000000000000005 0.8 0 0 0 5.800000000000001 0 7.4 2.8000000000000003 2.4000000000000004 0 1.8 0 0 1 0 0 0 0 0 0 0 0 0 0 0 0 1 0 0 4 0 0 0 0 0 0 0 0 0 0 0 0 0 0 0 1 0 0 0 0 0 0 0 0 3 0 0 0 0 0 0 0 0 0 0 0 0 0 0 0 0 0 0 0 0 0 0 0.2 0.4 18.400000000000002 0 0.2 1.4000000000000001 2.6 0 0 0 0 0 0 0 0 0 0 0 0 0 0 0 0 0 0 0 0 0 0 0 3 0 0 0 0 0 0 0 0 0 0 0 0 0 
 14 76.60000000000001 0 40.6 31.8 62.400000000000006 10 36.800000000000004 62.400000000000006 29.200000000000003 29.400000000000002 5.800000000000001 21.6 45 10.200000000000001 31.6 80.4 16 23 11.4 18.6 0.6000000000000001 0 1 0 1 6 0.6000000000000001 0 0 0 0.4 0 0.6000000000000001 14.4 0 15.200000000000001 0 0 15 11.600000000000001 0 0 0.6000000000000001 0 0 0.6000000000000001 0 0 0 1 0 4.6000000000000005 0 0 0 0 0 0 0 0 0.6000000000000001 7.4 0 0 0.6000000000000001 0 0.6000000000000001 0.6000000000000001 0 0 0 0 0.6000000000000001 0 0 0.6000000000000001 10.8 0 0 2.6 1.4000000000000001 0 3.6 0.2 2.8000000000000003 0 7.4 4 6.800000000000001 2 3.2 0.2 0.2 0 3.2 3 9.4 2 7.800000000000001 0 0 0.2 0 0 0 2.8000000000000003 0.2 0 0 0 0 2.8000000000000003 4.2 6 3.4000000000000004 0 0 7.2 2.2 0 0 0 0 0 0 0 0 0 0 0 0 0 0 0 0 0 0 0.2 0 0.8 0 0 0 0 0 0 0 0 0.4 0 0 0.2 0 0 2.2 0 0 0 0 3.4000000000000004 0 3.8000000000000003 18.6 0.8 3.6 3.2 0 0 3.2 14.4 0 0 0 2 2.4000000000000004 0 2 0 0 0 0 0 0 0 0 4.6000000000000005 0 4.4 0 0 0 0 2 0 0 0 0 5.4 1.8 0 0.4 0 0 0 0 0 0 0 0 0 0 0 0 0 0 2.8000000000000003 0 0.4 0 0 0 0 0 0 0 0 0 0 0 0 0 0 0 0 0 0 0 0 0 0 0 0 0 0 0 0.4 0 0.2 2.6 0.4 2.2 7.2 0 0 0 0 0 0 0 0 0 2.4000000000000004 0 0 0 0 0 0 0 0 0 0 0 0 2 2 3 0 0 0 0 0 0 0 0 0 0 0 0 
 12 55.400000000000006 40.6 0 23.400000000000002 24.200000000000003 58.800000000000004 61.400000000000006 49.2 35.800000000000004 23 73.8 76.60000000000001 19.200000000000003 69.2 81.80000000000001 32 28.200000000000003 15.8 32 0.6000000000000001 30.200000000000003 0 0.6000000000000001 0 0.6000000000000001 0.4 0.6000000000000001 0 0 0 14.8 0 0.4 0 0 1.2000000000000002 0 0.6000000000000001 0 0 0 0 0 0 0 0 0 0 0 0.2 0 0.8 0.4 0 0 0 0.2 0 5.4 0 0 0 0 0 0.6000000000000001 0 1.2000000000000002 1.2000000000000002 0 0 0 0 0.6000000000000001 0 0 0.6000000000000001 1.2000000000000002 0 0 3.8000000000000003 6.800000000000001 7.800000000000001 4.6000000000000005 0.2 3.8000000000000003 2 4.800000000000001 3 0.2 2.6 4.800000000000001 2 5.4 2.6 1.6 4.2 5.4 0 0 0.2 0 0 0.2 0 0 1.8 0.4 0 0 0 0 0.2 0 0.4 0 0.4 0 3 7 0 0 0 0 0 0 0 0.4 0 0 0 0 0 0 0 0 0 0 0 0 0 0 0.4 0 0 4 0 0 0 0 0 0 0 0 0 0 0 0 0 0 2 0 0 2.8000000000000003 0.2 8.4 0.4 0.2 6.2 3.4000000000000004 0 3.6 0 1.8 0 0 2 1.6 0 2.6 1.4000000000000001 0 0 0 0 0 5.6000000000000005 0 0 0 0 0 0.4 0 0.2 1.4000000000000001 0 3 5.4 3.2 0 0 0 0 0 0 0 0 0 0 0 0 0 0 0 0 0 0 0 0 2.6 0 0 0 0 0 0 0 0 0 0 0 0 0 0 0 0 0 0 0 0 0 0 0 0 0.4 17.2 0 0 17.6 0 1.8 0 0 0 0 0 0.2 0 0 0 0 1.6 0 0 0 0 0 0 0 0 0 0 0 0 2.6 0 3.2 0 0 0 0 0 0 0 0 0 0 0 0 
 3.8000000000000003 4.800000000000001 31.8 23.400000000000002 0 32 10.200000000000001 32 29.200000000000003 16.6 15 41.6 20.400000000000002 22.8 31.200000000000003 42 29.8 7 11.600000000000001 17 0.6000000000000001 30.8 0 0 0.4 0.8 20 33 3.4000000000000004 19.200000000000003 0 0.2 3 0.6000000000000001 29.400000000000002 0 0.4 0 4.800000000000001 19.200000000000003 0 0 0 0 0 0 0.6000000000000001 0 0 0 0.6000000000000001 0 0 0 0 0 0 0 0 0 0 0 0 0 0 0.6000000000000001 0 0.4 0.6000000000000001 1.8 0 0 0 0.6000000000000001 0 0 1.8 0.6000000000000001 0.2 0 0 0 0 3.2 5.4 3.2 2.6 4 4.4 0 0.6000000000000001 0.2 2 0 0 0 0 4.2 0 0 3.6 0.4 2.8000000000000003 5.4 0 0 7.2 2 3.2 2.2 0 3.8000000000000003 5.4 5 3.8000000000000003 1.2000000000000002 2.8000000000000003 1 0 0 0 0 0 0 0 0.4 0 0 0 0 0.2 0 0 0.2 0.4 0 0 5.6000000000000005 0 0.4 1.2000000000000002 0 0 0 0 0 0 0.4 0 0.8 0 0 0 0 0 7.800000000000001 0 0 0 0 0 0 1.8 3 11.4 0 2.8000000000000003 3.8000000000000003 0 0 9 1.6 0 0 0 1.8 0 0 0 0 0.2 3.4000000000000004 0.2 0 0 0 0 2.8000000000000003 5.2 4 2.4000000000000004 3.2 8.6 0 3 7.2 2.2 6 3 6.6000000000000005 0 0 0 0 0 0 2.2 0 0 0 0 0 0 0 0 0 0 0 0 0 0 0 0 0.2 0 0 0.2 0 0 0 0 0 0 0 0 0 0 0 0 0 0 0.4 0 0 0 1 0.6000000000000001 0 0 0.2 0.2 0 0.6000000000000001 0 0 0 0 0 0 0 0 0 0 0 0 0 0.4 0 0 0 0 0 0 0 0 0 0 0.2 0 0 0 0 0 0 0 0 0 0 0 0 
 4.6000000000000005 11 62.400000000000006 24.200000000000003 32 0 8.4 47.6 29 13.8 80 15.200000000000001 52.400000000000006 52.800000000000004 47.2 67.8 95.60000000000001 45.400000000000006 10 9.200000000000001 0.6000000000000001 1 0 0 0 0.6000000000000001 0.4 19.8 15.4 0 0 0 0.4 15.200000000000001 5.2 0 2 0 0 0 0 0 0 0 0 0 0 0 0 0 0 0 5.4 0 0 0 0.4 0 0 0 0 1 1 0 0.4 2 0 0.6000000000000001 0.6000000000000001 1.4000000000000001 0 0 0 0.6000000000000001 0 0 8.4 0.6000000000000001 0 0 0 5 2.8000000000000003 6 4 7.6000000000000005 0 6.4 6 13.8 3.4000000000000004 7.800000000000001 0 0.6000000000000001 0 3.6 0 8.200000000000001 0 0 0 0 2 2.8000000000000003 0 0 0 2.2 0 0 0 1 0 0 1 3.6 2.4000000000000004 0 9.200000000000001 4.800000000000001 0 0 0 0.2 0 0 0.2 0 0 0 0 0 0.4 0 0 0 0 0 0 0 2.8000000000000003 0 0.2 0 0 0 0 0 0 0 0 0 0 3 0 0.6000000000000001 0 0 0 0 0 0 1.4000000000000001 2.4000000000000004 3.4000000000000004 4.2 0 0 0 9 0 0 0 0 1 8.6 0 4.800000000000001 0.2 0 2 0 0 0 0 0 5 2.2 0 0 0 0 1.4000000000000001 0 0 1.6 0 0.4 9.8 8.8 0 0 0 0 0 0 0 0 0 0 0 0 0 0 0 0 0 0 0 0 0.4 0 0 0 0 0 0 0 0 0 0 0 0 0 0 0 0 0 0.4 0 0 0 0 0 0 0 35.4 0 1.6 0 0.4 1.2000000000000002 0 0 0 0 0 0.2 0 0 0 0 1.8 0 0 0 0 0 0 0 0 0 0 0 0 0 3 2 0 0 0 0 0 0 0 0.4 0 0 0 0 
 110.60000000000001 12.4 10 58.800000000000004 10.200000000000001 8.4 0 13.8 27.200000000000003 22.400000000000002 4.2 50.400000000000006 67.2 42 27 44.800000000000004 45.400000000000006 9 11.600000000000001 55.2 16.8 1.4000000000000001 0.8 0 0.4 1.8 0.4 1 0 0 0.2 0.8 0 0.4 0 0 0.6000000000000001 1 0 0.4 0 8.6 0 0.4 0 0.8 0 0 0 0 0.4 1 0 0.4 0 0 0 0 0 0 0 0 0 0 0 0.6000000000000001 0 1.6 0.6000000000000001 0.2 0 0.2 0 0.6000000000000001 0 0 0.6000000000000001 0.6000000000000001 0 0.8 1 3.8000000000000003 6 0 2.4000000000000004 0 1.8 0 0 1.4000000000000001 2 1.4000000000000001 8 2.8000000000000003 9.4 0 0 0 2 6.2 0 0 0 0 0 0 0 0 0 0 0 0 3 0 0 0 0 0.2 0 0 0 0 0 0 0 0 0 0 0 0 0 0 0.4 0 0 0 0 0.4 0 0 0 0 0 0 0 0 0 0 0 0 0.8 0 0 0 0 0 0 0 0 0 2 4.4 11.600000000000001 1.6 0 0 0 4.2 0 0 2.8000000000000003 0 1.4000000000000001 1.2000000000000002 7.6000000000000005 2.6 3.2 2 0.4 6.800000000000001 0.4 0 0 0 0 0 0 0 0 0 0 0 0 0 0 3.6 0 0.2 0 0 0 0 0 0 0 0 0 0 0 0 0 0 0 0 0 0 0 0 0 0 0.4 0 0.2 0 0 0 0 0 0 0 0 0 0 0 2.4000000000000004 0 0 0 0.4 0 0 1.2000000000000002 0 0 0.4 0.8 0.8 0 0 0 0 0.6000000000000001 0 0 0 0 0 0 0 0.6000000000000001 0 0 0 0 0 0 0 0 0 0 0 0 0.2 0 0 0 0 0 0 0 0 0 0 0 0 0 0 0 0 0 
 6.800000000000001 52.800000000000004 36.800000000000004 61.400000000000006 32 47.6 13.8 0 51.400000000000006 12.600000000000001 30.8 7.800000000000001 55 50.6 40.800000000000004 17.2 70.4 74.2 12.8 5.6000000000000005 0.6000000000000001 0.6000000000000001 0 0 0 0.6000000000000001 0.4 0.6000000000000001 0 0 0 0 0 0.8 0 0 0.6000000000000001 0.2 0 0.2 7.4 0 0 0 0 0 0 0 0 0 0.4 0 0.8 0 0 0 0 0 0 0 0 0 0 0 0 0.6000000000000001 0 0.4 0.6000000000000001 0 0.4 0 0 0.6000000000000001 0 1.2000000000000002 0.6000000000000001 0.6000000000000001 0 7 0 4.4 2.8000000000000003 3.8000000000000003 3.4000000000000004 4.4 3.6 4.4 5.6000000000000005 5 3.2 3.4000000000000004 1.8 8 0 4.4 5.6000000000000005 8.200000000000001 0.2 1 2 1.8 0 0 0 0 1.8 0 0 0 0 0 0 0 0 2.8000000000000003 0 0 5 7.4 0 0 0.2 0 0 2.4000000000000004 0 0 0 0 0 0 0 0 3.2 0 0 0 0 2.8000000000000003 0.8 2 0 0 0 0 0 0 0 0.4 0 0 0 0 0 0.6000000000000001 0.8 0 0 3.2 0.2 9.4 4.800000000000001 2.8000000000000003 0.2 1.8 0.2 0 0 4.2 3.2 2 0 0 2 3.2 2.2 0.2 0 0 0 0 0 0 0 0 2 0 0 0 0 0 0 0 0 0 0 0 6.2 3 2.8000000000000003 0 0 0 0 0 0 0 0 0 0 0 0 0 0 0 0 0 0 0 0 0 0 0 0 0 0 0 0 0 0 0 0 0 0 0 2 0 0 0 0 0 0 0 0 0.4 22.400000000000002 0 17.8 0.2 0 1.8 0 0 0.4 0 0 0 0 0 0.4 0 1.4000000000000001 0 0 0 0 0 0 0 0 0 0 0 0 0 0 2.8000000000000003 0 0 0 0 0 0 0 0 0 0 0 0 
 24.6 13.4 62.400000000000006 49.2 29.200000000000003 29 27.200000000000003 51.400000000000006 0 140.4 44.2 28.6 23.6 83.60000000000001 42 55 15.4 6.4 17 77.2 0.6000000000000001 0.6000000000000001 0.2 0 0 0.6000000000000001 0.8 0.6000000000000001 0 0.4 0 5.2 4.2 0.4 0.6000000000000001 0.2 0.6000000000000001 0 0 0.2 0.8 0 0 0 0 0 0 0 0 0 0.2 0 2 0 0 0 1 0 10.4 10.8 0 0 0 0 0 1 0 0.6000000000000001 1.2000000000000002 0 0 0 0 0.6000000000000001 0 0 0.6000000000000001 1.2000000000000002 0 0 0 5.4 2 3.2 9.200000000000001 0 0.2 20 3.6 0 2.6 3.6 4.6000000000000005 8.4 5.800000000000001 3 1.8 7 2.4000000000000004 0 0 0 0 0 0 0 2.2 0 0 0 0 0 2.6 0 0 0 0 0 2.8000000000000003 3.4000000000000004 0 0 0 0 0 0 0 0 0 0 0 0 0 0 0 0 0 0 0.2 0 0 0 0 0 0 0 0 0 0 0.8 0 0 0.2 0 0 0 0 0 0 0 3.4000000000000004 0 0.2 0 5.2 5 5.6000000000000005 3.8000000000000003 1.2000000000000002 12 11 0 0 0 2.4000000000000004 2.4000000000000004 0 7.800000000000001 1.4000000000000001 0 0 0 0 0 0 0 0 0 0 0 0 0 5.4 0 0 0.2 0 0 2.4000000000000004 0 0 0 0 0 0 0 0 0 0 0 0 0 0 0 0 0 0 0 0.4 0 0 0 0 2.8000000000000003 0 0 0 0 0 0 0 0 0 0 0 0 0 0 0 0 0 0 0 0 0 0.4 7.800000000000001 0 0 0.4 1.8 0.6000000000000001 0 0 0 0 0 0 0 0 0 0 0.4 0 0 0 0 0 0 0 0 0 0 0 0 0 0 0 0 0 0 0 0 0 0 0 0 0 0 0 
 68.2 8.6 29.200000000000003 35.800000000000004 16.6 13.8 22.400000000000002 12.600000000000001 140.4 0 14.4 10.8 10.8 58 22.200000000000003 45.800000000000004 61.800000000000004 27 32.6 80.60000000000001 0.6000000000000001 0.6000000000000001 0 15 0 0.6000000000000001 0.4 0.6000000000000001 0.4 3.6 0 0 0 17 0 0 0.6000000000000001 0 0 0.4 0 0 0 0 0 0 0 0 0 0 0.2 0.2 0 0 0 0 0 0 0 0 0 0 0 0 0 0.6000000000000001 8.4 0.6000000000000001 0.6000000000000001 0 0 0 0 0.6000000000000001 0 0 0.6000000000000001 0.6000000000000001 0 0 2 2.6 0 2.6 2 3.2 3.6 0 5.6000000000000005 5.2 2 1.4000000000000001 1 2 9 2.2 8.4 0 2.4000000000000004 1.8 2.4000000000000004 0 0 0.4 0 0 0 0 0 0 0 0 0 0 4.800000000000001 0 3.8000000000000003 0 1.6 0 0 0 0 2.6 0 0 3.2 0 0 2.8000000000000003 0 0 0 0 0 0 0 0 0 0 0 0 0 0 0 0 0.2 0.2 0 0.2 0 0 0 0 0 0.2 0 0 0 0 6.6000000000000005 0 3 0 5.4 3 4 7.800000000000001 2.2 1.4000000000000001 7 0 0 1.6 4.6000000000000005 8.6 11.8 10.4 0 4.800000000000001 0 0.4 0.2 0 0 0 0 0 0.4 0 0 2 2 0.2 2 0 0.6000000000000001 0 7.800000000000001 0 0 0 0 0 0 0 0 0 0 0.2 0 0 0 0 0 0 0 0 0 0 0 0 0 0 0 0 0 0 0 0 0 0 0 0 0 0 0 0 2.4000000000000004 0 0 1.8 0 0 0 0 0.4 0 0.4 17.8 0.4 0.6000000000000001 0 0 0 0 0 0 0 0 0 0 0 0 0 0 0 0 0 0 0 0 0 0 0 2.8000000000000003 2.8000000000000003 0.2 0 0 0 0 0 0 0 0 0 0 0 0 
 22.400000000000002 25 29.400000000000002 23 15 80 4.2 30.8 44.2 14.4 0 8.200000000000001 50 5.2 50.2 12 40.800000000000004 43.400000000000006 6.800000000000001 14.4 0.6000000000000001 0.6000000000000001 0 0 0 0.6000000000000001 0.4 0.6000000000000001 0 0 0 0 14.8 1.2000000000000002 0 0 0.6000000000000001 0 0.2 16 0 0 0 0 0 0 0 0 0 0 0.2 0 1.4000000000000001 0 0 0 0 0 0 0 0 0 0 0 0 0.6000000000000001 0 0.6000000000000001 0.6000000000000001 0 0 0 0 0.6000000000000001 0 0 0.6000000000000001 0.6000000000000001 0 0 0 1.4000000000000001 3.2 0.4 3.4000000000000004 0 0 1.4000000000000001 0 0 2 5 0 0 0 6.2 2.8000000000000003 7.4 0 0 3 3.4000000000000004 0 0 0 0 0 2.2 0 0 0 0 0.2 0 0 0 0 0 2.6 4.2 0 0 0 0 0 0 0 0 0 0 0 0 0 0 0 0 0.2 0 0 0 0 0 0 0 0 0 0 0 0 0 0 0 0 0 0 0 1.8 0.2 0.6000000000000001 0 0 0 2.4000000000000004 0 0 0.8 3 0 0 5.2 0 4.800000000000001 0 0 0 0 2.2 0 0 0 1.4000000000000001 0 0 0 0 0 3.2 0 2.4000000000000004 2 0 0 0 1.8 0 0.4 0.2 0 4.2 0 0 0 0 0 0 0 0 0 0 0 0 0 0 0 0 0 0 0 0 0 0 0 0 0 0 0 0 0 0 0 0 0 0 0 0 0 0 0 0 0 0 0 0 0 0 0.6000000000000001 17.400000000000002 0 0.2 1.2000000000000002 0.2 1.4000000000000001 0 0 0 0 0 0 0 0 0 0 2.6 0 0 0 0 0 0 0 0 0 0 0 0 0 3.2 0 0 0 0 2.4000000000000004 0 0 0 0 0 0 0 0.2 
 115.2 6.800000000000001 5.800000000000001 73.8 41.6 15.200000000000001 50.400000000000006 7.800000000000001 28.6 10.8 8.200000000000001 0 89.80000000000001 5.2 11 13.600000000000001 17.400000000000002 12.4 3.4000000000000004 26.8 0.8 5 0 0 0 1 5.800000000000001 0.6000000000000001 0 0 0 0 0 24.6 0 0 0.6000000000000001 0 14.8 15.600000000000001 0 0 0 0.4 0 0 0 11.4 0 0 0 0 0 0 0 0 0 0 0 0 0 0.6000000000000001 10 0 0 0.6000000000000001 0 0.6000000000000001 0.6000000000000001 0 0 0 0 0.6000000000000001 0.4 0 10.600000000000001 3.8000000000000003 0 0.8 0 0 0 0.2 5.6000000000000005 3.6 1.6 0 3.8000000000000003 0 5.6000000000000005 5.800000000000001 0 0 3.2 0.2 0 0 0 0 2.8000000000000003 1.4000000000000001 0 3 0.2 0 0.2 0 5 0 0 0 0 0 9.600000000000001 0 3.6 1.8 1.2000000000000002 0 0 0 0 0 0 0 0 0 0 0 0 0 0 0 0 0 2.4000000000000004 2.8000000000000003 0 0 0 0 0 0 0 0 0 0 0 0 0 0 0 0.4 0 0 0 0.6000000000000001 0.4 0 2.6 0 0.4 2.2 0 6.800000000000001 0 2 3 3.4000000000000004 0.4 7.4 0 0 0 0 0 0.6000000000000001 1.4000000000000001 0 0.2 0 0 0 0 0 0.2 0 1.2000000000000002 0.2 0 3.8000000000000003 1.8 3.4000000000000004 13.600000000000001 4.2 1.4000000000000001 2.8000000000000003 1.8 3.4000000000000004 0 0 0 0.2 0 0 3.2 0 0 0 0 0 0 0 0 0 0 0 0 0.4 0 0 0 0 0 0 0 0 0 0 0 0 0 0 0.4 0 0 0.2 0 0 0 0 0 0 0 0.8 17.2 0 0 35.4 0.4 0.4 0 0 0 0 0 0 0 0 0 0 0 0 0 0 0 0 0 0 0 0 0 0 0 0 0 0 0 0 0 0.2 0 0 0 0 0 0 0 0 
 87.4 49 21.6 76.60000000000001 20.400000000000002 52.400000000000006 67.2 55 23.6 10.8 50 89.80000000000001 0 51 25 54.800000000000004 27.6 5.4 33 14.200000000000001 0.6000000000000001 0.6000000000000001 0 0 0 0.6000000000000001 0.4 0.6000000000000001 0 0 0 0 0 1 0 0 0.6000000000000001 0 1 0.4 0 0 0 0 0 0.6000000000000001 0 0 0 0 0 0 0 0 0 0.2 0 0 0.8 17.6 0 0 0 0 0 0.6000000000000001 0 0.6000000000000001 0.6000000000000001 0 0 0 0 0.6000000000000001 0 0 0.6000000000000001 0.6000000000000001 0 0 0 6 0.2 0 0.2 0 2 2 5 10.4 0.2 0 3.2 3.8000000000000003 0 5.6000000000000005 10.600000000000001 3 14 10 0 2.2 0 0 0 0 0 0 0 0 0 0 0 0 0 0 0 0 0 0 0 0 0 0 0 0 0 0 0 0 0 0 0 0 0 0 0 0 0 0 0 3 0 0 0 0 0.4 0 0 0 0 0 0 0 0 0 0 0 0 0 3.2 4 3.8000000000000003 0 0 0 2.8000000000000003 0 0.2 0 0 0 0 4.2 8 4.4 4.6000000000000005 0.4 1.6 7.800000000000001 0 0 0.4 0 0 0 0 0 0 0 0 0.6000000000000001 0 0 0 0 0 0 0 0 2.6 0 0 0 0 0.2 0 0 0 0 0 0 0.4 0 0 0 0 0 0 0 0 0 0 0 0 0 0 0 0 0 0 0 0 0 0 0 0 0 0 0 0 0 0 0 0 0 0.2 0.2 9.4 0 0.2 0.2 0 0 0.4 0 0 0 0 0 0 0 0 0 0 0 0 0 0 0 0 0 0 0 0 0 0 0 0 0 0 0 0 0 0 0 0 0 0 0 
 9 21.8 45 19.200000000000003 22.8 52.800000000000004 42 50.6 83.60000000000001 58 5.2 5.2 51 0 37.800000000000004 85 41.800000000000004 6.2 81.4 38.2 0.6000000000000001 1 0 0 0 0.6000000000000001 0.4 1.2000000000000002 0 0.2 0.2 0.2 0 1.4000000000000001 0 0.2 1 0 0.4 0.4 0 0 0 14.600000000000001 0 0 0 0 0 0 0.6000000000000001 1.2000000000000002 0 0 0 0 0 0.6000000000000001 0 0 0 0.4 0 0 0 0.6000000000000001 0 0.6000000000000001 0.6000000000000001 0 0 9.4 0 0.6000000000000001 0 7 0.6000000000000001 0.6000000000000001 0 0 3.6 3.6 0 1.8 2.4000000000000004 0 0 3.6 19.8 1 0 0.2 0 3.4000000000000004 0 0 6.2 5.2 0.4 5.800000000000001 0 0 0.2 0 0 0 2.2 0 0 0 0 0 0 0 0 0.2 0 0 0 0 0 0 0 0 0 0 0 0 0 0 0 0 0 0 0 0 0 0 0 0 2.6 0 0 3.8000000000000003 0 0 0 0 0 1.4000000000000001 0 0 0 0 0 0.4 0 0 0 0 0 6 2.4000000000000004 0 4 0 3.4000000000000004 4.800000000000001 0 0 2.4000000000000004 2 0 9.200000000000001 3.2 4.800000000000001 4.6000000000000005 4.800000000000001 2.8000000000000003 4 0 0 0 0 0 0 0 0 0 0 0 0 2.2 0 0 0 0 0 2.6 2.6 0 0 0 0 0 0 0 0 0 0 0 0 0 0 0 0 0 0 0 0 0 0 0 0 0 0 0 0 0.2 0 0 0 0 0 0 0 0 0 0 0 0 0 0 0 0 0.2 0 0 20.200000000000003 0 0 2.2 0 0 0 0 0 0 0 0 0 0 0 0 0 0 0 0 0 0 0 0 0 6.800000000000001 0 0 0 0.2 0 0 0 0 0 0 0 0 0 0 0 0 
 7.4 28.6 10.200000000000001 69.2 31.200000000000003 47.2 27 40.800000000000004 42 22.200000000000003 50.2 11 25 37.800000000000004 0 56.6 50.2 9.200000000000001 11.4 19.6 0.6000000000000001 1 0 0 40.6 0.6000000000000001 0.4 0.6000000000000001 0 0.4 0 0.4 0 15 0 0 0.6000000000000001 0.2 0 0 0 0 0 12.600000000000001 0 0 0 0 16 0 7 0 0.2 0 0 0 2.4000000000000004 0 0 0 0 0 0 0 0 0.6000000000000001 0 0.6000000000000001 0.6000000000000001 0 0 0 0 0.6000000000000001 0 0 0.8 1 0 0 3 7.4 6.6000000000000005 5.4 0 2.8000000000000003 0 7 6 7.2 4.2 3.8000000000000003 2 7.2 2.2 5.800000000000001 0.2 11 0.2 2 0 0 0 0 0 0 4.2 0 0.4 0 0 0 3.2 0 0 3.2 0 0 5 1.8 0 0 2.8000000000000003 0 0 0 0 0 0 0 0 6.6000000000000005 0 0 0 0 0 0 0 0 0.8 0 0 0 0 0 0 0 0 0.4 0 0 0 0.4 0 1.4000000000000001 0 0 0 0 0 1.6 5 7.800000000000001 0.8 2 0.2 0 0.2 3.4000000000000004 4.4 2.8000000000000003 0 0 4.4 2.4000000000000004 3 2.4000000000000004 3.4000000000000004 0 0 0 0 0 0 0 0 0 0 0 0 0 0 0 1.4000000000000001 0.2 0 0 0 1.8 0 0 0 0.2 0 0 0 0 0 0 0 0 0 0 0 0 0 0 0 0.4 3.8000000000000003 0 0 2 0 0 0 0 0 0 0 0 0 0 0.4 0 0 0.2 0 0 0 0 0 0 0 0 9.600000000000001 0 17.8 1 0 2.2 2.6 0 0 0 0 0 0 0 0 0 0 0 0 0 0 0 0 0 0 0 0 0 0 0 0 5.800000000000001 0 0 0 0 0 0 0 0 0 0 0 2.4000000000000004 
 8.200000000000001 24 31.6 81.80000000000001 42 67.8 44.800000000000004 17.2 55 45.800000000000004 12 13.600000000000001 54.800000000000004 85 56.6 0 54.2 23.8 5.2 16 0.6000000000000001 0.6000000000000001 0 0 0 11.600000000000001 0.6000000000000001 1 0.4 0 13.4 0 12.4 0.6000000000000001 0 0 0.6000000000000001 0 14.600000000000001 0 0 0 0 0.6000000000000001 0 0 0 0 0.2 0 0 0 2.6 0.2 0 0 0 0 0 0 0 0 0 0 0 0.6000000000000001 0 0.6000000000000001 0.6000000000000001 0 0 0.2 0 0.6000000000000001 0 0 0.6000000000000001 0.6000000000000001 0 0.6000000000000001 5 4.4 9 10.200000000000001 0.2 0 0.2 7 3.4000000000000004 5.800000000000001 0 1.2000000000000002 10.8 2.6 9 4 0 3.8000000000000003 0 1.8 0 0.2 0 0 0 0 3.2 0 0 0 0 0 5.4 0 0 0 0 0 9.4 1.8 0 0 0 0 0 0 0 0 0 0 0 0 0 0 0 0.2 0 0 0 0 0 0 0 0 0 0 0 0 0 1 0 0 0 0 0 0 1.8 0 0 0 0.4 0.2 0 3.2 5.800000000000001 4.2 6.2 3.6 3.4000000000000004 7.4 8.6 0.4 0 0 0.2 2.6 0.8 2 0 0 0.6000000000000001 0 0 0 0 0 2.8000000000000003 0 0 0 0 0 2.2 0 0 0 0 0 6.6000000000000005 0 0 0 0.2 0 0 0 0 0 0 0 0 0 0 0 0 0 0.2 0 0 0 0 0 0 0 0.2 0 0 0 0 0 0 0.2 0.4 0 0 0 0 0 0 0 0 0 0 0 0 0.4 17.6 0 0.4 0.2 2 1.6 5.4 0 0 0 0 0 0 0 0 0 2.6 0 0 0 0 0 0 0 0 0 0 0 0 0 0 0 0 0 0 0 0 0 2.6 0 0 0 0 0 
 24.200000000000003 31.400000000000002 80.4 32 29.8 95.60000000000001 45.400000000000006 70.4 15.4 61.800000000000004 40.800000000000004 17.400000000000002 27.6 41.800000000000004 50.2 54.2 0 25.8 26.8 8.6 0.8 0.6000000000000001 0 41.400000000000006 0 0.6000000000000001 15.200000000000001 0.6000000000000001 0 0 0 0 5 0.4 0 0 41.6 0 0 15 0 0 0 0 0 0 1.6 0 0 0 0 0 2.2 0 0 0 0 0 0 0 0 0 0 0 0 0.6000000000000001 0 6.2 0.6000000000000001 0 0 0 0 0.6000000000000001 0 0 0.6000000000000001 9.8 0 0 0 7.4 2.2 7.800000000000001 0 4.4 3.4000000000000004 5.800000000000001 8.200000000000001 12.600000000000001 0.8 2.2 8.6 5.6000000000000005 3.4000000000000004 1.6 8.4 8 2.6 3 0 0 6.6000000000000005 0 0 0 3 0 0 0 0 0 2.4000000000000004 11.4 2 2.8000000000000003 0 0 4.800000000000001 2 0 0.2 0.4 0 0 0 0 0 0 0 0 0 0 2 0.4 0 0 0 0 0 1.4000000000000001 0 0 0 0 0 0 0 0 0.4 0 0 0 0 0.2 0.6000000000000001 0 0 0 0.4 0 4.2 3.8000000000000003 4.800000000000001 0.4 4.800000000000001 0 1.8 0 0 7.4 0 0 0 2 4.4 3.4000000000000004 0 2.8000000000000003 0 0 0 0.2 0 0 0 0.8 0 0 0 0 0 0 0 0 0 0 0 3.4000000000000004 8 0 0 0 0 0 0 0 0 0 0 0 0 0 0 0 0 0 0 0 0 0 0 0 2.4000000000000004 0 0 0 0.4 0 0 0 0 0 0 0 0 0.2 0 0 0 0 0 0 0 0 0.4 0.4 0 9.4 0 0.2 1.2000000000000002 8 0.8 0 0 0 0 0.2 0 0 0 2 0 0 0 0 0 0 0 0 0 0 0.4 0 0 0 2.8000000000000003 0 0 0 0 0 0 0 0 0 0 0 0 
 9.200000000000001 25.200000000000003 16 28.200000000000003 7 45.400000000000006 9 74.2 6.4 27 43.400000000000006 12.4 5.4 6.2 9.200000000000001 23.8 25.8 0 7.6000000000000005 6.4 0.6000000000000001 1.8 0 0 0 0.8 0.4 0.4 0 0.4 0 0 2.6 7.4 0 0 0.4 0.4 0 15.4 0 0 1 0 0 0.4 0.4 0 0.8 0 0.6000000000000001 0 1.4000000000000001 0 0 0 0 0 0 0 0 0 0 0.8 0 0.6000000000000001 0 0.4 0.6000000000000001 0 0 0 0 8 0 1 1.8 1.4000000000000001 0 0 0 1.6 0 0.4 0 2.2 0 4.2 1 0.2 7.6000000000000005 5.2 0 0 1.8 9.4 0 3.2 0.2 0 0 1.4000000000000001 2.6 0 0 0 0.2 0 1.6 0 0 0 2.2 0 3.8000000000000003 0.2 0 0 5.2 2 0 0 0 0 0 0 0 0 0 0 0.2 0 0 0 0 0 2.6 0 0 0 0 0 0 0 0 0 2.4000000000000004 0 0 0.2 0 0 0 0 1 0 0 1 0 0 0 0 10.8 0.2 1.8 1.2000000000000002 2.2 0 2 7.800000000000001 2.8000000000000003 5.800000000000001 0 0 0.6000000000000001 1.8 0 0 0 0 0 0 2 0 0 0 3.4000000000000004 0 0 0 0 0 0 1.4000000000000001 0 0 0 0 5 0 0 0 0 0 0 0 0 0 0 0 0 0 0 0 0 0 0 0 0 0 0 0 0 0 0 0 0 0 0 0 0 0 0 0 0 0 0 0 0 0 0 0 0 0 0 0.2 17.8 0 0.4 2.4000000000000004 2 1.2000000000000002 0 0 0 0 0 0 0 0 0 0 3 0 0 0 0 0 0 0 0 0 0 0 0 0 4.800000000000001 0.2 0 0 0 0.4 0 0 0 0 0 0 0 0 
 9.8 22 23 15.8 11.600000000000001 10 11.600000000000001 12.8 17 32.6 6.800000000000001 3.4000000000000004 33 81.4 11.4 5.2 26.8 7.6000000000000005 0 35.4 0.6000000000000001 0.6000000000000001 15 0 0 0.6000000000000001 0.6000000000000001 0.6000000000000001 0 0.4 0.2 0 0.4 0.6000000000000001 0 0 1.4000000000000001 0 0 0.2 0.2 0 0.8 1.2000000000000002 0.8 0 0.4 0.8 1 0 0 1.2000000000000002 0 0 0 0 0 0 0 8.8 0 0 0 0 0 1.8 0 1.4000000000000001 0.6000000000000001 0 0 0 0 0.6000000000000001 0 1.6 0.6000000000000001 0.6000000000000001 0 0 1.8 9.600000000000001 1.8 0 0.2 0 10 0 7.2 3 0 0 4.2 13.8 3.4000000000000004 2.4000000000000004 6.6000000000000005 2 2 3.6 3.6 0 0 0 0 0 0 0 0 0 0 0 0 0 0 0 0 0 0 0 0 0 0 0 4 0 0 0 0 0 0 0 0 0 2.8000000000000003 1.6 0 0 0 0 0 0 0 0 0 0 0 0 0 0 0 0 0 0 0 0 0 0 0 0 2.6 5 0 0 0.4 5.800000000000001 0 0.6000000000000001 2.6 0.2 0 0.2 1.8 2.2 0 0 2 4.6000000000000005 4 0 0 0 0 0 0 1.6 0 0 0 0 0 0 0.4 0 0 0 0 0 0.2 0 0 0 0 0 0 0.2 0 0 0 0.2 0 0 0 0.4 0 0 0.2 2.4000000000000004 0 0 0 0 0 0 0.2 0 0 0 0 0 0 0.2 0.4 0 0 0 0 0 0 0 0 0 0 0 0 0 0 0 17.8 0.4 0 0.4 0 0 0 0 0 0 0 0 0 0 0 0 0 0 0 0 0 0 0 0 0 0 0 2 0 0 0 0 0 0 0 0 0 0 0 0 0 0 
 76.80000000000001 10 11.4 32 17 9.200000000000001 55.2 5.6000000000000005 77.2 80.60000000000001 14.4 26.8 14.200000000000001 38.2 19.6 16 8.6 6.4 35.4 0 1 0.6000000000000001 0 0 0.4 41 0.8 0.6000000000000001 0 0 0 0 41 0.8 0 0 1.2000000000000002 0 0 0.2 0.2 0 0 0 0 0 0 0 0.6000000000000001 0 0 0.6000000000000001 0 0 0 0 0.2 0.6000000000000001 0 6.2 0 0 0 0 0 0.6000000000000001 0 0.6000000000000001 0.6000000000000001 0 0 0 0 0.6000000000000001 0.2 0 0.6000000000000001 3.8000000000000003 0.4 0 1.6 0 1.8 0 2 0 0 0.2 0.6000000000000001 0.2 0.2 1.2000000000000002 0 0 3.2 0 3 0 2.8000000000000003 9.4 0 0 0 0.4 0 0 0 0 0 0 0 0 0 0.4 0 2.4000000000000004 0 0 0 0 0 0 0 0 0 0 0 0 0 0 0 0.2 0 0 0 0 0 0 0 0 0 0 0 0 0 2.8000000000000003 0 0 0 0 0 0 0 0 0 0 0 0 0 0 2 0 0 0.4 0.4 1.4000000000000001 1.2000000000000002 8.6 3.2 0.2 2.8000000000000003 0.4 2.4000000000000004 2.4000000000000004 0 0.2 0 2.2 2 0 0 0 0 0 0 0 0 0 0 0 0 0 0 0 0 0 0 0 0 0 0 0 0 0 0 0 0 0 0 0 0 0 0 0.2 0 0 0 0 0 0 0 0 0 0 0 0 0 0 0 0 0 0 0 1.4000000000000001 0 0.4 0 0 0 0 0 0 0 0 0 0 0 0 0.4 1 0.4 0 0 0 0.2 0 0 0 0 0 0 0 0 0 0 0 0 0 0.2 0 0 0 0 0 0 0 0 0 0 0 0 0 0 0 0 0 0 0 0 0.2 
 1 1 18.6 0.6000000000000001 0.6000000000000001 0.6000000000000001 16.8 0.6000000000000001 0.6000000000000001 0.6000000000000001 0.6000000000000001 0.8 0.6000000000000001 0.6000000000000001 0.6000000000000001 0.6000000000000001 0.8 0.6000000000000001 0.6000000000000001 1 0 14.600000000000001 78.80000000000001 22.6 40.400000000000006 5.2 36.6 29.200000000000003 4.2 12.4 20 27 13.600000000000001 57.400000000000006 21.8 13.200000000000001 41 58.800000000000004 59.2 22.200000000000003 0.4 0 0 0.6000000000000001 13.200000000000001 0 0.6000000000000001 0.4 0.6000000000000001 0.4 4.2 0 0.2 0 0 0 0.6000000000000001 0 0 0.6000000000000001 0 1.4000000000000001 0.6000000000000001 0.6000000000000001 0 0.4 0 0 0 0.2 0 0 0 0 6 0 0 0 5 0 0 0 0 0 0 5.2 0 0 0 0 0 0 0 0 0 0 0 2.8000000000000003 0 0 1.4000000000000001 2.2 3.8000000000000003 2 0 2.6 4 3.6 0.4 4.2 1.2000000000000002 5.6000000000000005 0 3.4000000000000004 4.800000000000001 3.6 0.2 0 0 0 0 0 0 0 0 0.2 0 0 0 0 0 0 0 0 0 0 0 0 2 0 0 0 0 0 0 0 0 0 0.2 0 0 2 0 0 0 0 0 0 0 0 0 0 0 0.4 0.2 3 0 0 0 0 0 0 0 0 0.6000000000000001 0 0 0 1.4000000000000001 0 2.6 2.4000000000000004 4.2 4.800000000000001 7.2 0.8 0.4 0.4 10 3.4000000000000004 0 0 2 0.8 0 2 0 8.6 0 3.6 0 0 0 0 0 0 0 0 0 0 0 0.4 0 0 0 0 0 0 0 0 0 0 0 0 0 0 0 0 0 0 0 0 0 0 0 0 0 0 0 0 0 0 0 0 0 0 0 0 0 0 0 0 0 0 1.6 0 0.4 0.2 0.4 0.4 0.4 2.8000000000000003 0 0 0 0 0 0 0 0 0 0 10.200000000000001 0 0 0.4 0 0 0 1.8 0 0 0 0 0 1.2000000000000002 0 0 0 0 
 0.6000000000000001 0.6000000000000001 0.6000000000000001 30.200000000000003 30.8 1 1.4000000000000001 0.6000000000000001 0.6000000000000001 0.6000000000000001 0.6000000000000001 5 0.6000000000000001 1 1 0.6000000000000001 0.6000000000000001 1.8 0.6000000000000001 0.6000000000000001 14.600000000000001 0 40.800000000000004 22.8 8 51.400000000000006 29.8 30.6 78 37.4 5 6 27.6 18.6 38.6 73.2 23.200000000000003 7 42.6 28 0.4 0 0 0.6000000000000001 0.2 0 13.4 0.2 0.6000000000000001 0.4 0 0 0 0 0 0 0.6000000000000001 0 5.800000000000001 0.6000000000000001 0 0 0.6000000000000001 0.6000000000000001 0 0 0 0 0.6000000000000001 0.6000000000000001 0 0 0 0 0 0 0 0 0 0 0 0.4 0 0.2 2.8000000000000003 2.6 0 0 0 0 0 1.8 0 0 0 0 0 0 0 0 7.2 0 1.8 3.8000000000000003 2.2 0 0 0 5 2.4000000000000004 2.4000000000000004 2 3 0 2.6 0 3 1.2000000000000002 0 4 0 0 0 0 0 0 3.6 0 0 0 0 0 2.4000000000000004 1.4000000000000001 7.800000000000001 0 0 2.4000000000000004 0 1.4000000000000001 0 0 0 0 0 1.6 0 0 0 0 0 0 0 0.4 0.8 0 0 0 0.2 6.800000000000001 0 0 0 3 5.6000000000000005 2.8000000000000003 0.4 0 0 3.6 0 0 0 0 0 0 0 0 0 0.2 3.2 1.8 2 3.4000000000000004 0 3.4000000000000004 2.8000000000000003 0.2 0 2 3 8.8 2.2 0 4.2 0 0.8 3.8000000000000003 3.8000000000000003 2.6 0 0 0 0 0 0 0.2 0 0 0 0 0 6.800000000000001 5.6000000000000005 0 0 0 0.2 2.4000000000000004 1.8 0 0 0 0 0 0 0 0 0 0 0 0 0 0 0 0 2.2 0 0 0 0 0 0 0 0 0 0 0 0 0 0 0 0 0 2.2 0.4 0.4 15.4 0 0.4 0.8 0 0 0 0 0 0 0 0 0 0 0 0 0 0 0 0 0 0 0 0 0 0 0.4 0 0 0 0 0 0 
 0 0 0 0 0 0 0.8 0 0.2 0 0 0 0 0 0 0 0 0 15 0 78.80000000000001 40.800000000000004 0 44.2 22.400000000000002 22 10 49.800000000000004 25.400000000000002 41 60.2 10 19.8 24.6 36 25.400000000000002 16.6 53.6 14.200000000000001 8.6 0.8 0 0 0.6000000000000001 12.4 0 0.6000000000000001 0.2 0.6000000000000001 0.4 0 0 13.600000000000001 0.4 0.2 0 0.6000000000000001 0 5.800000000000001 0.6000000000000001 0.4 0 0.6000000000000001 0.6000000000000001 0 0 0 0.4 1.2000000000000002 0 0 0 0 0 0 0 0 0 0 0 0 0 0 0 0 0 0 0.2 0 0 0 0 0 0.4 0 0 0 0 0 0 0.8 4.6000000000000005 11.200000000000001 5.4 3.6 0.8 0 2.2 0 8.200000000000001 4.2 5.800000000000001 0 5 0 4 0 2.4000000000000004 0.2 6.4 0 0 0 0 0 0 0 0 0 0 0 0 3 1.8 0 0 0 0 14.600000000000001 0 0 0 0 0 0 0 0 0 0 0 0 0.4 0 0.4 0.6000000000000001 0 0 0 0 0 0 0 0 0 0 0.2 0 0 0.4 0 0 0 0 0 2.2 0 0 0 0 0 2.4000000000000004 5.4 0.4 0.2 9 0.8 0 4.4 9.600000000000001 2 3.6 5 3.6 1.8 2.8000000000000003 0 7.800000000000001 6 0.4 0 0 0 0 0 0 0 0 0 0 0.4 0 0 2.4000000000000004 0 2.4000000000000004 1.8 0 0 6.6000000000000005 3.8000000000000003 0 0 0 0 0 0 0 0 0 0 0 0 0 0.2 0 0 0 0 0 0 0 0 0.2 0 0 0 0 0 0 0 0 0 0 0.4 2.2 0 0 1.6 0 0.4 0.6000000000000001 0 0 0 0 0 0 0 0 0 0 0 0 0 0 0 0 0 0 2.4000000000000004 0 0 0 0 0 1.6 0 0 0 0 
 0 0 1 0.6000000000000001 0 0 0 0 0 15 0 0 0 0 0 0 41.400000000000006 0 0 0 22.6 22.8 44.2 0 36.6 5.6000000000000005 19 20.200000000000003 19.6 67 60.400000000000006 30.200000000000003 11.8 64.60000000000001 28.200000000000003 18.8 83 24.6 13.4 10.4 13.4 0 0 1.6 0.4 0 1.8 0.4 0.6000000000000001 0.4 0.6000000000000001 0 4.2 12.600000000000001 0 0 0.6000000000000001 0 7 0.6000000000000001 0 0 0.6000000000000001 1 0 0 8.8 0 0 0 0 0 1 0 0 0 0.2 0.2 0 0 0 0 0 0 0 0 0 0 0 0 0 0 0 0 0 0 0 0 0 0 0 0 1.4000000000000001 11 4.2 3.8000000000000003 0 2 0 9 0 3 0 0 0 2.6 0 13.4 0 0 0 2.6 0 1.4000000000000001 0 0 3.6 0 0 0 0 0 10.600000000000001 17.8 2 0.2 0 0 2 2.6 0 0 0 0.2 0 0 0 0 2.4000000000000004 0 0 0 0 0.4 1.8 0 0 0 0 0 4.2 0 0 0 0 0.4 2.8000000000000003 0 0 0.4 0 0 0 0.2 0 0 0 3.4000000000000004 0 0 0 9.600000000000001 2 0 5.4 2 0 0 0 0 1.4000000000000001 0 0 0 0 0 1.8 0 0 0 6 0 0 0 0 0 3.4000000000000004 4 0 0 0 0 8.4 0 0 0 0 3 0.2 9.4 0 0 0 0 0 0 0 0 0 0 0 0 0 0 0 0 3 0 0 0 0 0 4 0 0 0 0 0 0 0 0 0 0 0 2.2 0.4 0.4 0 17.400000000000002 0.4 0.2 0 0 0 0 0 1.6 0 0 0 0 0 0 0 0 0 0 0 0 1.6 0 0.4 0 0 0 1.8 1.6 0 0 0 
 0 0 0 0 0.4 0 0.4 0 0 0 0 0 0 0 40.6 0 0 0 0 0.4 40.400000000000006 8 22.400000000000002 36.6 0 31.8 10.8 13.8 16.6 37 50.6 31.6 28.200000000000003 30.200000000000003 48.800000000000004 66 28.200000000000003 72 14.600000000000001 44.6 6.800000000000001 0 0.6000000000000001 0.6000000000000001 0.2 0.6000000000000001 0.4 13 0.6000000000000001 0.4 0 0 0.6000000000000001 3 0.2 0 3 1.4000000000000001 12.4 1 0.6000000000000001 0 0.6000000000000001 0.6000000000000001 10.200000000000001 0 0 1.8 0.4 0.6000000000000001 0 0 0 0 0.2 0 0 0 0 0 0.2 0 0 0 0 0 0 0 0 0 0 0 2.2 0 0 0 0 0 0 0 3 5.6000000000000005 2.4000000000000004 0 2.4000000000000004 9.200000000000001 0 2.8000000000000003 1.8 6.6000000000000005 2.4000000000000004 3.2 0 0 0 8 0 0 0 0 1.2000000000000002 1.4000000000000001 0 0 0 1.8 2.2 2.8000000000000003 0 0 0 0 3.4000000000000004 0 0 0 0 0 3.8000000000000003 1.4000000000000001 0 0 0 0 0 0 0 0 0 0 0 0 0 0 0 0 0 0 0 0 0.2 0.2 0 2.8000000000000003 0 0.4 0 0 0 0.2 0 0 0 0 0.8 0 0 0 2.4000000000000004 0 0 4.2 4.800000000000001 2.6 2.6 0.2 0 2.2 2.2 0 0 1.8 0 2.4000000000000004 0 4 0 4.2 0 0 0 0.2 3.8000000000000003 0 0 0 3 0 0 0 0 0 0 4.2 0 0 1.6 5.2 1.4000000000000001 0 0.4 0 0 0 0 0 0 0 0 0 0 0 0 1.6 0 1.2000000000000002 0 0.4 1 0.4 0 0 0 0 0 0 0 0 0 0 0 0 0 0 1.8 0 0.8 0.6000000000000001 0.4 0 0.4 0 0 0 0 0 0 0 0 0 0 0 0 0 0 0 0 0 0 0 0 0 0 0 3.4000000000000004 1.4000000000000001 0 1.4000000000000001 0 0 
 0.6000000000000001 41.400000000000006 1 0.6000000000000001 0.8 0.6000000000000001 1.8 0.6000000000000001 0.6000000000000001 0.6000000000000001 0.6000000000000001 1 0.6000000000000001 0.6000000000000001 0.6000000000000001 11.600000000000001 0.6000000000000001 0.8 0.6000000000000001 41 5.2 51.400000000000006 22 5.6000000000000005 31.8 0 10.8 9.200000000000001 28.400000000000002 10 30.6 35.4 5.6000000000000005 10 6.800000000000001 19 35.800000000000004 69.60000000000001 10.200000000000001 9.600000000000001 1.2000000000000002 42.400000000000006 15 0.6000000000000001 1 0 13.200000000000001 14.200000000000001 12.200000000000001 0.4 0 0 12 0.2 6 12.600000000000001 0.6000000000000001 0 25 13.200000000000001 0 0 0.6000000000000001 1.4000000000000001 0 0 0.4 11.4 0 0 0.4 0 0 0 0 0 0 0.2 0 11 0 0 0 1.6 0 0 4 0 0 0.2 0 0 0 0 0.2 0 0 0 0 0 0.4 0 0 2.8000000000000003 0 0.2 0 0.2 0 0 4.2 3.2 0 0 0 0 0 2.4000000000000004 0 0 5.2 5.4 3.8000000000000003 2.8000000000000003 0 0 4.6000000000000005 4.800000000000001 0.2 0 0.6000000000000001 2.4000000000000004 10.8 5.4 3.2 6.6000000000000005 5 2.4000000000000004 0 3 2.4000000000000004 0 0 0.4 1.2000000000000002 0 0 0 0 0 0 0 0 1 0.2 0 0.4 0 2.2 0 0 0 0 0.6000000000000001 0 0 0 0 1.6 0.2 0 0 0 0 0 0 0 0 0 0 0 0 0 0.2 0 3.6 0 0 0 0 3.8000000000000003 0 0 0 0 0 2 0 0 0 0 2.2 6 0 0 0 1.6 1.4000000000000001 3.4000000000000004 0 7.2 2 8 2.4000000000000004 6.800000000000001 0 0 0.2 6.2 14.600000000000001 0 0 0 0 0 0 0 0 0 0 0 0 0 0 0 0 0 0 0 0 0 0 3.6 0 0 0 0 0 0 0 0 0 0 0 2 0 0 0 15 2.4000000000000004 1.2000000000000002 0.2 0 0 0 0 0 0 0 0 0 0 0 0 0 0 0 0 0 1.8 0 0.4 0 0 2.2 0 0 0 0 0 
 0.4 22.400000000000002 6 0.4 20 0.4 0.4 0.4 0.8 0.4 0.4 5.800000000000001 0.4 0.4 0.4 0.6000000000000001 15.200000000000001 0.4 0.6000000000000001 0.8 36.6 29.8 10 19 10.8 10.8 0 106.80000000000001 11.600000000000001 23.8 8.200000000000001 5.2 21.8 51.2 34.2 10.600000000000001 69 7.800000000000001 13.8 23.200000000000003 0.6000000000000001 0 0 0.6000000000000001 0.2 0 0.4 0.2 0.6000000000000001 0.4 0 0 0 0 0 0 0.6000000000000001 0 14 0.6000000000000001 0 1 0.6000000000000001 0.6000000000000001 0 0 0 0 0 0 0 0 0 0 0 0 0 0 0 0 0 0 0 0 0 5.6000000000000005 0 0 0 2.4000000000000004 0.2 0 0 0 0 2.4000000000000004 0 0.6000000000000001 0 0 2.2 2.6 6 4.6000000000000005 0.2 0 6.2 0.6000000000000001 3.4000000000000004 0.4 0 0 4.800000000000001 15.600000000000001 2.2 0.2 6.800000000000001 2.8000000000000003 0 0 0 0 0.2 0 0 0 0 0 0 0 0 0 0 0 0 0 0 1.4000000000000001 0 0 0 0 0 0 0 0 0 0 0 0 0 0 0 0 0 0 0 0 0 0 0 0 0.4 2.4000000000000004 1 1.8 0 0 2.4000000000000004 0 0.2 0 0 0 0 0 0 0 0 0 4.2 0.4 2.4000000000000004 8.8 0 0 7.800000000000001 3 7.4 6.800000000000001 7.6000000000000005 0 2.8000000000000003 6.6000000000000005 8 7.4 2.6 0 0 1.6 0 0 0 0.2 0 0 0 0 0 0 0 0 0 0 0 0 0 0 0 0 0 0 0 0 0 0 0.4 0.2 0.2 0 0.6000000000000001 0 0 0 0 0 0 0 0 0 0 0 0.4 0 0 0 0 0 0 14.8 0 0 2.8000000000000003 0 0.4 0 0 1 0 0 0.2 3.4000000000000004 0 0 0 0 0 0 0 0 0 0 0 0 0 2 0 0 0 0 0 0 0 0 0 0.2 0 0 0 0 
 0.6000000000000001 0.6000000000000001 0.6000000000000001 0.6000000000000001 33 19.8 1 0.6000000000000001 0.6000000000000001 0.6000000000000001 0.6000000000000001 0.6000000000000001 0.6000000000000001 1.2000000000000002 0.6000000000000001 1 0.6000000000000001 0.4 0.6000000000000001 0.6000000000000001 29.200000000000003 30.6 49.800000000000004 20.200000000000003 13.8 9.200000000000001 106.80000000000001 0 29.200000000000003 34.800000000000004 36 22.8 18.400000000000002 74.8 20 21.6 39.400000000000006 70.2 31.8 42.6 0.4 0 0.2 1 0.4 13.8 1.4000000000000001 0.8 0.8 0.4 0 0 0 0.2 0 0 0.6000000000000001 0 0 0.6000000000000001 0 1 0.6000000000000001 0.6000000000000001 0.2 0 0 0 0 1.4000000000000001 0.2 0 0 0.4 0 0 1.8 0.6000000000000001 0 0 0 1.6 0 0 4.4 4 0 0 0 0 0 0 0 0 0.2 0 0.4 2.8000000000000003 0 0 5.6000000000000005 5.6000000000000005 15.200000000000001 3.2 2 0 5.800000000000001 2.2 4.6000000000000005 1.6 5.4 2.2 0 9 4.800000000000001 2.2 3.2 0 0 0 0 0 0 0 0 0 6.4 0.4 0 0 0 0 0.2 4.2 0.2 0 0 13.8 2.4000000000000004 2.4000000000000004 0 0 2.8000000000000003 0 0 0 0 0 0 0 0 1.6 0 0 0 0 0 0 0 0 0 0 0 0 3.4000000000000004 0.4 0 0 0 0.2 0 0 0 0 0.6000000000000001 4 0 0 0 0 0 5 2.6 0.2 21.200000000000003 3 0 8.8 10.4 3.6 2.2 2.2 0 5.6000000000000005 0 0 3.6 8.8 0 2.2 0 0 0 0 0 0.2 0 0.2 0 0 0 0 0.4 0.4 0 0 0 0 0 0.2 0 0 0 0 0 0 0 0 0 0 0 0 0 0 0 0 0 0 0 0 0 0 0 0 0 0 0 0 0 0 0 0 0 0 5.4 0 0.4 0.4 0 0 0.4 3.4000000000000004 12.4 0 0 0 0 0 0 0 0 0 0 0 0 0 0 0 0 0 0 0 0 0 0 0 0 0 0 0 
 0 0 0 0 3.4000000000000004 15.4 0 0 0 0.4 0 0 0 0 0 0.4 0 0 0 0 4.2 78 25.400000000000002 19.6 16.6 28.400000000000002 11.600000000000001 29.200000000000003 0 34.6 5.800000000000001 21.400000000000002 14.200000000000001 78.4 50.2 15.8 18.2 20.400000000000002 64.4 11.8 17.6 0 0 0.6000000000000001 0.4 0.2 16 0.4 0.6000000000000001 0.4 0 0 19.6 0 0 0 0.6000000000000001 0 10.8 0.6000000000000001 0 0 0.6000000000000001 0.6000000000000001 0 0 0 0 0 1.4000000000000001 0.4 0 0 0 0 0 2.8000000000000003 0 0 0 0 0 0 0 0 3.4000000000000004 0 1.4000000000000001 0 0 0 0 0 0 0 0 0 0 0 0 2.8000000000000003 2.2 3.8000000000000003 20.8 1.8 0 0 0 0 3.8000000000000003 14.200000000000001 6.800000000000001 0 4 0 0 5.800000000000001 5.4 0 0.4 11 0 0 0.2 0 0 7.4 0.2 0 0 0 0 10.600000000000001 3.4000000000000004 14.4 4.2 0 0 3.2 2.6 0 0.4 0 0 0 0 0 0 0 0 0 0 0 0.2 1.8 0 0 0 0 0 0 0 0 0 2.4000000000000004 0.4 1.2000000000000002 0 0 0.2 0 0 0 0 0 0 0 0 0 0 0 5.6000000000000005 2.8000000000000003 2.4000000000000004 0 6.2 0 2.8000000000000003 0 0 4 10 4 1.6 4.2 0 2.6 0 0 0 6.4 0 0.4 0 0 0 0.2 0 0.2 0 0 0 4.4 4 2.6 0 0 0 8.6 5 0 0 0 0 0 0 0 0 0 0.4 0 0 0 0 0 0 0 0 0 0 0 0 5.4 0 0 0 0 0 0 0 0 0 0 0 4.4 0 0 0.4 0 0.2 0.2 0.4 0 0 0 0 0 0 0 0 0 0 0 0 0 0 0 0 0 1 0 0 0 0 0 0 0 0 0 0 
 0 0 0 0 19.200000000000003 0 0 0 0.4 3.6 0 0 0 0.2 0.4 0 0 0.4 0.4 0 12.4 37.4 41 67 37 10 23.8 34.800000000000004 34.6 0 32.2 7.800000000000001 10.8 31.8 32.800000000000004 17.8 12.8 53.400000000000006 43.2 18 0.4 0 0 0.6000000000000001 0.2 0 15.8 0.2 0.6000000000000001 0.4 0.4 0 12.200000000000001 12.600000000000001 0 0 1.8 0 12.600000000000001 0.6000000000000001 0 0 0.6000000000000001 1.2000000000000002 0 0 9.8 0 0 0 0 0 0 0 0 0 0 0.2 0 0 0 0 0 0 0.2 3.8000000000000003 0 0 0 0 0 0 0 0 0 0 0 0 0 0 2.4000000000000004 1.8 2.4000000000000004 8 1.6 0 3.4000000000000004 1.6 4.800000000000001 7 0 0 1.2000000000000002 6.4 0.2 0.2 2.6 3.6 0 0 0 0 2.2 0 0 0 0 0.4 0 0 0 0 5.6000000000000005 1.6 0 0 0.2 0.2 2.4000000000000004 0 0 0 0 0 0.6000000000000001 0 0.6000000000000001 0.2 0 0 0 0 0 0.6000000000000001 0.8 0 0 0 0 0.4 0.2 0 0 0 0.8 0.2 0 0 0 0 0.2 0 0 0 0 0 0 0 0 0 4.4 2 0 6.4 0 0 2 2.4000000000000004 1.4000000000000001 7 1.8 0.2 2 6.6000000000000005 4.800000000000001 3.6 2.6 0 0 4.6000000000000005 0 0 0 0 0 0 0 0 0 0 0 0 2.6 0 3.2 0 0 0 0.2 2.6 0 0 0 0 0 0 0 0 0 0 0 0 0 0 0 0 0.4 0 0.4 0 0 0 0 0 0 0 0 0 0 0 0 0 0 0 1.2000000000000002 0.2 0 0.4 15 0 2.6 0 0 0 0 0 1.2000000000000002 0 0 0 0 0 0 0 0 0 0 0 0 0 0 0 0 0 0 0 1.2000000000000002 0 0 0 
