 0 35 33 12.8 97.60000000000001 27 37.4 136.6 32 7.800000000000001 49.6 24.6 30 80.4 61.6 7.4 13.200000000000001 7.4 94.2 13.4 1 1.6 0.6000000000000001 0 0 0 0 0.8 0.4 0.4 0.8 0.4 0.2 0 0.4 0.2 0.6000000000000001 0.4 0.4 0 0 0 0 2.4000000000000004 0 0.2 0 0 0 1.2000000000000002 0.4 0.2 0 0 0.6000000000000001 0.6000000000000001 0.6000000000000001 0 0 0 0 0 0 0 0.6000000000000001 0.6000000000000001 0 0 0 0.4 0.4 0.6000000000000001 0 0.4 0 0.6000000000000001 7.2 0.4 0 0 3 2.4000000000000004 0.2 0 0.2 3.2 0 3 0 6 0 3 4.4 2.2 11.4 3.2 0 9.4 2.2 1.8 0.2 0 0 0 0 0 2 0 0.4 0.4 0.2 0 0 0 0.2 0 0 0 0 2 0 0 0 0 0 0 0 0 0 0.2 0 0 0 0 0 0 0 0 0 0 0 0 0 0 0 0 0 0 0 0 0 0 0 0 0 0 0 0 0 0 0 6.2 0 0.2 3.6 1.2000000000000002 0 8.4 2.2 0 5 2.4000000000000004 1.2000000000000002 2.2 6.2 1.2000000000000002 2.2 0 0 10.8 0 0.4 0 0 0 0 0 0 0 0 0 0 0 0 0 0 0 0 0 0 0 0 0 0 0 0.2 0 0.2 0 0 0 0 0 0 0.2 0 0 0 0 0 2.2 0 0 0 0 0 0 0 0 0 0 0 0 0 0.4 0 0 0 0 0 0 0 0 0 0 0.2 0.4 0 0.6000000000000001 1.8 0 2.8000000000000003 0.4 0 0 0 0 0 0 0 0 0 0 0 0 0 0 0 0 0 0 0 0 0 0 0 2 0 0 0 0 0 0 0 0 0 0 0 0 0 
 35 0 57 85.60000000000001 27.6 55.2 11.600000000000001 82 10.8 9 29 6.2 11.200000000000001 30.200000000000003 41.400000000000006 15 30.6 6.4 6.4 20.8 0.6000000000000001 0.4 0.2 0 0 0 0 0 0 0.2 0.4 0 0.8 0 0 0.4 0.6000000000000001 0 0.6000000000000001 0 0.2 0 0 0 0 0 0 0 0 0.6000000000000001 12.8 0.2 0 0 1 0 0 0.4 0 0 0 0 0 0 0 0 0 0 0 0.6000000000000001 0 0 0 0 0 0.6000000000000001 0 0 0 0 0 3.6 8 5.2 0 2.4000000000000004 0 6 0 2.2 4 0.2 0 0 6.2 0.2 2.8000000000000003 2 0 0 0 0 0 0 0 0 0 0 0 0 0 0 5.2 0.6000000000000001 0 0 0 0 1.8 2 0 0 0 0 0 0 0 0 0 0 0 0 0 0 0 0 0 0 0 0 0 0 0.2 0 0.4 0.2 0 0 0 0.4 0 0.2 0 0 0 0 0 0.2 0 0 0 0.4 3.2 0 3.6 4.800000000000001 1.2000000000000002 2.8000000000000003 1.4000000000000001 0 0 0 1.8 0 3.4000000000000004 2.2 4.6000000000000005 9.600000000000001 0 0 0 0 0 0 0 0 0 0 0 0 0 0 0 0 2 0 0 0 0 0.8 0 0 0 0 0 2 0 0 0 0 0 0 0 0 0 0 0 0 0 0 0 0 0 0.2 0.2 0.2 0 0 0 0.2 0 0.2 0 0 0 0.2 0 0 0 0 0 0 0 0 0 0.4 4 0 0.4 1.4000000000000001 0.4 1.4000000000000001 0 0 0.2 0 0 0 0 0 0 0 0 0 0 0 0 0 0 0 0 0 0 0 0 0 0 0 0 0 0 0 0 0 0 0 0 0 0 0.2 
 33 57 0 39.2 10.4 94.60000000000001 13.600000000000001 31.6 20.400000000000002 125.60000000000001 16.6 81.2 58.400000000000006 47 47.400000000000006 46.800000000000004 100.60000000000001 23.400000000000002 23.400000000000002 29 0.6000000000000001 0.6000000000000001 0 0 0 0 0 0 0 0.2 15 0.4 0.4 0.4 0.4 0.2 0.8 15 0.4 0 0 0 0 0 0 0 0 0 0 0.6000000000000001 0 0 0 12.600000000000001 0.6000000000000001 0 0 0 0 0 0 0 1.4000000000000001 0 0 0 0 0 0 0.4 0 0 0 1.2000000000000002 0 0.6000000000000001 0.2 0 0 0 1 11.4 9.600000000000001 0 0 7.800000000000001 2.2 4 4.6000000000000005 2.4000000000000004 6.2 3.4000000000000004 0 2.2 0 0.2 3.4000000000000004 6.800000000000001 0 0 1.2000000000000002 0 0 0 0 0 0 0 0 0.2 3.2 0.2 3.2 2.6 0 0 0 0 0 2.8000000000000003 0 0 0 0 0 0 0 0 0 0 0 0 0 0 0 0 0 0 0 0 0 0 0 0 0 0.8 0 0 0 0 0 0 0 0 0 0 0 0 0 0 4.2 0 3.4000000000000004 4.2 4 0 0 5.2 6.4 5 8.200000000000001 6.4 0 2.4000000000000004 3.4000000000000004 0.2 0 7 0 0 0 2.8000000000000003 0 0.8 0 0 3 0 0 0 0 0 1.8 0 0 0.6000000000000001 0 0 0.2 4.800000000000001 0 3.6 0 0 0 2.8000000000000003 0 0 0 0 0 0 0 0.2 0 0 0 0 0 0 0 0 0 0 0 0 0 0.2 0 0 0 0 0 0 0 0 0 0 0 0 0 0 0 0 0 0 35.2 0.4 18.6 36.6 0 2.2 5 0 0 0 0 0 0 0 0 0 6.6000000000000005 0 0 0 0 0 0 0 0 0 0 0 0 0.2 4.6000000000000005 0 0 0 0 0 0 0 0 0 0 0 0 0 
 12.8 85.60000000000001 39.2 0 13.8 71.60000000000001 37 37 39.6 18.8 96.60000000000001 6.800000000000001 17.400000000000002 32 50.400000000000006 17.400000000000002 20.400000000000002 30.200000000000003 33.6 58.800000000000004 8.6 0.6000000000000001 0 0 0 0 3.8000000000000003 8 0.4 0.4 0.2 0.4 6 0.6000000000000001 0.2 0.2 0.6000000000000001 0 0.6000000000000001 15.8 0 0 0 0 0 0 2.6 0 0 0.6000000000000001 0 0 0 0 0.6000000000000001 0 0 0 0 0 0 0 0 0 0 0 0 0 0 0.4 0 0 0 0 0 0.6000000000000001 6.6000000000000005 1.4000000000000001 0 0 0 1.2000000000000002 2 1.2000000000000002 4.2 5.4 0 3.6 1.2000000000000002 3 2.6 0.2 0 0 2.8000000000000003 6.4 2.4000000000000004 2.2 0 0 1.6 3 0.4 0.2 0 0 0 1.4000000000000001 4 0 2.2 0 4.2 4.4 0 2.8000000000000003 0 0 4.4 5.2 0 0 0 0 0 0 0 0 0 6.6000000000000005 0 0 0 0 0 0 0 0.2 0 0 0 0 0 0 0 0 0 0 0 0 0 0 0 0.2 0 0 0 0 0 0 0.2 2.2 0 3.2 0 2.8000000000000003 0 1.6 0 0 0 2 1.2000000000000002 0 1.8 0 0.2 0 0 0 1.6 2.8000000000000003 0 0 0 0 3.2 0.4 0 0 0 0.4 0 1.4000000000000001 2.6 4.6000000000000005 3.8000000000000003 3.2 5.2 0 0 0.4 0 0 0.4 2.4000000000000004 0 0 0 0 0 0 0 0 2 2.8000000000000003 0 0 0 0 0 0 2.8000000000000003 0 0 0 0 0 0 0 0 0 0 0 0 0 0 0 0 0 0 0 0 0 0.2 0.2 0 0 0.4 10.600000000000001 4 3.2 0 0 0 0 0 0 0 0 0 0 0 0 0 0 0 0 0 0 0 0 0 0 0 0 0 0 0 0 0 0 0 0 0 0 0.2 0 0 0 
 97.60000000000001 27.6 10.4 13.8 0 51 25 12.4 125.60000000000001 68 58.2 14 21.6 21.6 34 37.4 31.8 25 10.200000000000001 57.800000000000004 15.8 0.4 7.2 0 0 0 16 16 2 0.2 0.4 0 0.4 2.4000000000000004 0.2 0 0.6000000000000001 14.600000000000001 0.4 7.4 0 12.8 0.4 0 0 0 0.2 0 0 0.6000000000000001 0 0.2 0 1.6 0.6000000000000001 0 0 0 0 0 0 0 0 0 0 0 0 0 0.2 0.6000000000000001 0 0 0 0 0 0.6000000000000001 0 0 0 0 2 0.6000000000000001 15 3.4000000000000004 2.2 0 0 7.800000000000001 6.6000000000000005 0 0 0.2 2.8000000000000003 0 3.6 0 3.2 5.800000000000001 0 0 1.4000000000000001 2 0 1.2000000000000002 0 0 3.4000000000000004 3.8000000000000003 3.6 0 0 0 0.2 3.4000000000000004 2 2.8000000000000003 4 4 0 2.2 0 0 0 0 0 2.6 0 0 0 0 0 0 0 0 0 0 0 0 0 0 0 0 0 0 0 0 0 0 0 0 0 0 0 0 0 1.2000000000000002 0 0 2 0 7.6000000000000005 3 8 0 2.6 0 5.2 0 1 0 2 8.200000000000001 0 3.2 4.4 1.8 0 3.6 0 1.8 4.6000000000000005 0 0 2.6 0 0 2.2 3.6 0 0 3 0 0 0.2 0 0.4 2.8000000000000003 6.6000000000000005 5.800000000000001 3.8000000000000003 0 0 0 0 0 0 0 0 0 0 0 0 0 0 0 0 0 0 0 0 0 0 0.4 0 0 0 0 0 0 0.2 0 0 0 0 0 0 0 0 0 0 0 0 0 0 0 0.2 18.8 0 19 0.6000000000000001 0 1 0 0 0 0 0 0 0 0 0 0 2.2 0 0 0 0 0 0 0 0 0 0 0 0 0 3.8000000000000003 0 0 0 0 0 0 0 0 0.4 1.8 0 0 0 
 27 55.2 94.60000000000001 71.60000000000001 51 0 87.2 20.200000000000003 39.6 12.600000000000001 29.8 30 49.400000000000006 26 7.800000000000001 41.6 14 10.200000000000001 9.8 13.600000000000001 15.200000000000001 0.8 21.8 0.2 0 0.2 11.8 0 14.600000000000001 0.4 0.6000000000000001 0.4 0 30.400000000000002 15.200000000000001 1 0.8 12 0.6000000000000001 30 0 0 0 0.8 0 0 0.4 0 0 0.6000000000000001 0 0.2 0 0 0.6000000000000001 0 0 0 14.600000000000001 0 0 0 0 0 0 0 0 0 0 0.4 0 0 0 0 1.2000000000000002 0.6000000000000001 0.6000000000000001 2.6 0 0 0 2.6 2.8000000000000003 0.2 17.6 2.4000000000000004 0 5.4 0 0 0.2 2.6 0 0 0 2 4.800000000000001 5.800000000000001 0 0 3.6 0 0 0.2 0 0 7.800000000000001 0.2 4.2 1.4000000000000001 0 0 0 2.6 0 1.8 1.2000000000000002 1 6.800000000000001 2.8000000000000003 0 0 0 0 0 0 0 0 0 0 0 0 0 0 0 0 0 0 0.2 0 0 0 0 0 0.2 1.2000000000000002 0 0 0 0 0 0 0 1 0 0 0 0 0 0 1.8 1.8 0 0 4.6000000000000005 1.8 3 0.4 3 5.800000000000001 1.4000000000000001 5 0 5.2 5 1.6 2 3 0 0 3 0 0 4.4 0 0 0 4.2 0 0 0 0 9.4 0 0 0.2 2.8000000000000003 8 7.2 9.200000000000001 0 0 2.4000000000000004 0 3 0 0 0 0 0 0 0 0 0 0 0 0 0 0 0.2 0 0 0 0 0 0 0 0 0 0 0 0 0 0 0 1.2000000000000002 0 0 0 0 0 0 0 0 0 0.2 18 0 0.6000000000000001 1.2000000000000002 0 1.4000000000000001 0 0 0 0 0 0 0 0 0 0 0 0 0 0 0 0 0 0 0 0 0 0 0 0.2 5 0 0 0 0 0.6000000000000001 0 0 0 0 2.8000000000000003 0 0 0 
 37.4 11.600000000000001 13.600000000000001 37 25 87.2 0 15.600000000000001 47.2 29.6 5.2 8.8 59.6 12.8 11.600000000000001 28 21.8 6.2 18.6 12.600000000000001 1.6 0.4 0 0 0 0 0 0 0 0.2 0.4 0.2 0.4 0.4 0 0.4 0.6000000000000001 0 0.6000000000000001 0 0 0 0 0.8 0.2 0.2 0 0 0 0.6000000000000001 0.4 0.6000000000000001 0 0.4 1 0 0 0 0.4 0.4 0.4 0 0 0.4 0 0.6000000000000001 0 0 0.4 1.2000000000000002 0 0 0.4 0 0 10.8 0.4 0 0 0.6000000000000001 2.2 2.4000000000000004 0 0.4 3 0.2 0.2 7.6000000000000005 3 0 0 0 6.2 0 2 1.2000000000000002 2.8000000000000003 2.6 0 2.2 0 0 0 0 0 0 2.6 0 0 0 0 0 0 0 0 0 0 0 0 0 0 0 0 0 0 1.2000000000000002 0 0 0 0 0 0 0 0 0 0 0 0 0 0 0 0 0 0 0 0 0 0 0 0 0 0 0 0 0 0 0 0 0 0 4.800000000000001 8.200000000000001 5.800000000000001 0 0 0.2 2.6 0 0 0 0 2.6 0 4 2.6 1.4000000000000001 2.6 0.2 8.4 1.8 0 0 0 0 1.4000000000000001 0 0 0 0 0 0 0 0 0 0 0 1.8 1.8 2.6 1.4000000000000001 0 0 0 0 0 0 0 0 0 0 0 0 0 0 0 0 0 0 0 0 0 0 0 0 0 0 0 0 0 0.4 0 0 0 0 2 0 0 0 0 0 0 0 0 0 0 0 0.2 0 18.6 0.4 0 4.6000000000000005 0 0 0 0 0 0 0 0 0 0 0 0 0 0 0 0 0 0 0 0 0 0 0 0.2 3 0 0 0 0 0 0 0 0 0.2 0 0 0 0 
 136.6 82 31.6 37 12.4 20.200000000000003 15.600000000000001 0 27.400000000000002 77 7.2 40.6 24.8 62 55 62.2 54.6 26.200000000000003 70.4 52.6 0.6000000000000001 0.4 4.800000000000001 0 0 0 0 0 0 0.2 0.4 0 0.6000000000000001 0 0 0 0.6000000000000001 0 0 0.8 0 0 0 0 0 0 0 0 0 0.6000000000000001 0 0 0 0 0.6000000000000001 0 0 0 0 0 0 0 0.2 0 0 0 0 0 0 0.4 0 0 0 1 0 0.6000000000000001 0 0 0 0 2.2 0 6.800000000000001 3.4000000000000004 0.2 7.6000000000000005 0.2 2.2 0 2.4000000000000004 3.6 0 0.4 2 0 6.6000000000000005 2.4000000000000004 5 0 2.4000000000000004 2 0 0 0 0.2 0 0 1.2000000000000002 0 0 0 0 0.2 4.2 0 0 0 0 0.2 4.6000000000000005 0 0 0 0 4 0 0 0 0 0.6000000000000001 0 0 0 0.4 0 0 0 0 0 0 0 0 0 0 0 2 0 0 0 0 0 0 4.6000000000000005 0 0 0 0 0 0 0 3.2 0 3 2.6 5.2 0 0 5.4 6.800000000000001 10 8.6 11 0.2 5.2 4.6000000000000005 4.6000000000000005 2.8000000000000003 3.2 0 0 0.4 0 0 0 0 0 0.4 0 0 0.4 0 0 2.8000000000000003 0 0 0 0 0 0 0 0 0 0 0 0 3.4000000000000004 0 0 0.2 0 0 0 0 0 0 0 0 0 0 0 0 0 0 0 0 0 0 0.2 0 0 0 0 0 0 0 0 0 0 0.4 0 0 1.6 3 0 0 0.2 20.200000000000003 0 0.4 35.800000000000004 0 2 0 0 0 0 0 0 0 0 0 0 9.8 0 0 0 0.4 0 0 0 0 0 0 0 0 2.6 2 0 0 0 0 0 0 0 0 0 0 0 0 0 
 32 10.8 20.400000000000002 39.6 125.60000000000001 39.6 47.2 27.400000000000002 0 19.400000000000002 14.600000000000001 26.8 18.2 16 56.6 48 54.6 29 17 108 0.6000000000000001 0.4 0.4 0 0 0 0 0 0 0.6000000000000001 0.4 15.200000000000001 0.2 0.2 0.4 0 0.6000000000000001 0 7.4 0 0.2 0 0 0 0 0 0 0 0 0.6000000000000001 0 0 0 0 0.6000000000000001 0 0 0 0 0 10.200000000000001 0 0 0.2 0 0 0 0 0.6000000000000001 1.4000000000000001 0 0 0 0 0 0.6000000000000001 7.2 0 0 0 0 3.6 0 4.4 0 0.2 0 11.200000000000001 0 0 2 0 0 0 9.8 2.2 2.8000000000000003 4.2 0 0.2 0 2.8000000000000003 0 1.6 0 0 2 0 0 0 0 0 2.8000000000000003 2.2 0 0 0 0 0 2.2 0 0 0 0 0 0 0 0 0 0 0 0 0 0 0 0 0 0 0 0 0 0 0 0 0 0 0 0 0 0 0 0 0 0 0 0 0 0 0 0 3 5.6000000000000005 0.4 2.6 4.800000000000001 7.800000000000001 11.200000000000001 3.4000000000000004 0 3.6 0 2.6 7.800000000000001 2.8000000000000003 6.6000000000000005 4.6000000000000005 2.4000000000000004 0 3.6 0 0 0 0 0 0 0 2.6 0 0 0 0 0 1 0 0.2 0 0 0 2 1.4000000000000001 0 0 0 0 0 0.2 0 0 0 0 0 0 0 0 0 0 0 0 0 0 0 0 0 0 0 0 0 2.2 0.4 0 0 3.6 0 0 0 0 0 0 0 0 0 0 0 0 0 0 1.6 0 0.6000000000000001 0.2 0.4 2 0 0 4.2 0 0 0 0 0 0 0 0 0 0 0 0 0 0 0 0 0 0 0 0 0 7.800000000000001 3.8000000000000003 0 0 0 0 0 0 0 0 0 0 0 0 
 7.800000000000001 9 125.60000000000001 18.8 68 12.600000000000001 29.6 77 19.400000000000002 0 40.6 45.6 11.600000000000001 33.4 26.6 121.4 87.80000000000001 8 19 111.2 9.4 6.2 0 0 0 0 0 14.4 0 1 0.6000000000000001 0.4 0.4 0.4 14.600000000000001 0 0.6000000000000001 0 0.4 0.4 0 0 0 0 0 0 0 0 6.4 0.6000000000000001 0 0.2 0 11.600000000000001 0.6000000000000001 0 0 0 0 0 6 0 0 0 0 0 0 0 0 0.6000000000000001 0 0 0.8 8.200000000000001 0 0.6000000000000001 0.2 0 0 0 1.4000000000000001 3.6 18.2 0 0.2 4.4 2.6 7.2 2.2 6 6.2 3.8000000000000003 3 0 0 3.8000000000000003 7 8.200000000000001 0 0 1.2000000000000002 0.2 0.4 0 0 0 0 0 0 0 1.8 0 2.4000000000000004 0.2 0 0 1.4000000000000001 0 0 2.8000000000000003 0 0 0 0 0 0 0 0 0 0 0.4 0 0 0 0 0 0 0 0 0 0 0 0 0 0 0.6000000000000001 1.4000000000000001 0 0 0.6000000000000001 0 0 0 0.2 0 0 0 0 0 0 5.800000000000001 0.2 3.6 0 2.8000000000000003 0 0.4 0 7.2 3.2 2.6 5.2 0 5 1.8 0.4 0 10 0 0 0 1.8 0 0 0 0 0.8 0 0 0 0 0 2.8000000000000003 0 0 0.6000000000000001 0 0 2.8000000000000003 2 0 0 0 0.2 0.4 0.2 0 0 0 0 0 0 0 0 0 0 0 0 0.2 0 0 0 0 0 0 0 0 0 0 0 0 0 0 0 0 0 0 0 0 0 0 5.2 0 0 0 0 17.400000000000002 0 10.600000000000001 0.8 0.6000000000000001 2.8000000000000003 3.8000000000000003 0 0 0 0 0 0 0 0 0 0.4 0 0 0 0 0 0 0 0 0 0 0 0 0.2 1.8 0.2 0 0 0 0 0 0 0 0 0 0 0 0 
 49.6 29 16.6 96.60000000000001 58.2 29.8 5.2 7.2 14.600000000000001 40.6 0 46.6 10.8 9.4 12.8 37.6 67.60000000000001 25.200000000000003 52.6 33.4 0.6000000000000001 15.600000000000001 0 0 0 0 15.600000000000001 12.4 0 0 0.2 0 15.600000000000001 0 0 15.8 0.6000000000000001 0 0.6000000000000001 8.6 0 0 0 0 0 0 0 0 0 0.6000000000000001 0 0 0 0 0.6000000000000001 6.4 0 0 0 0 0 0 0 0 0 0 0 0 0 0.4 0 0 0 0 0 0.6000000000000001 0 0.4 0 0 2.8000000000000003 1 3 5.6000000000000005 0 1.4000000000000001 0 0 2.4000000000000004 0 0 0.4 0 0 7.2 2 10 6.800000000000001 0 0 2.2 0 0 6 0 0 0 0 0 1.8 0 1.8 5.4 0 0.2 0 3.6 0 5.2 4.800000000000001 0 0 0 0 0 0 0 0 0 0 0 0 0 0 0 0 0 0 0 0 0 5.4 0 0 0 2.6 0 0 0 0 0 0 0 0 0 0 0 0 0 0 0 0 0 1.6 2.4000000000000004 1.8 1.2000000000000002 0 0.8 2.8000000000000003 1.8 0.6000000000000001 0 2.4000000000000004 0 0 2 3 0 0 0.2 2.8000000000000003 0 0 0 0 2 5.800000000000001 0 0.2 0 0 5.800000000000001 0 0 0 0 0 4.4 4.2 0 0 0 0 0 0 0 0 0 0 0 0 0 0 0 0 0 0 2 0 0 0 0 0 0 0 0 0 0 0 0 0 0 0 0 0 0 0 0 0 0 0.2 0 0 0 0.6000000000000001 37.4 0 0 0.8 4.800000000000001 0.8 0 0 0 0 0 0 0 0 0 0 0 0 0 0 0 0 0 0 0 0 0 0 0 0 0 0 0 0 0 0 0 0 0 0 0 0 0 0 
 24.6 6.2 81.2 6.800000000000001 14 30 8.8 40.6 26.8 45.6 46.6 0 5.6000000000000005 27.8 49.800000000000004 40 14.4 15.600000000000001 48.800000000000004 8.200000000000001 0.6000000000000001 0.8 0 15.8 0 0 1.4000000000000001 0 0 0.4 0.4 0.2 0.4 0 0 0.6000000000000001 1 0.4 15.600000000000001 15 0 0 0.4 0 0 0 0 0 0 0.6000000000000001 0 0 0 0 0.6000000000000001 0 7.4 0 0 0 0 0 0 0 0 0 0 0 0 0.4 0 0 0 0.4 0 1 0.2 0 0 0 0 0 3.8000000000000003 0 2 2.2 0 3 0 5.2 2.8000000000000003 1.8 0 1.8 0 3 0 2.6 0 0 2 0 0 2.4000000000000004 0 0 0 0 0 0 3 0 7.800000000000001 1.8 2.8000000000000003 2.6 7.4 0 0 2.2 0 0 0 0 0 0 0 0 0 0 0 0 0 3 0 0 0 0 0 0 0 0 0 0 0 1 0 0 0 0 0 0 0 0 0 0 0 0 0 0 0.2 0 0 2.6 2.4000000000000004 3.4000000000000004 2.4000000000000004 0.6000000000000001 5.2 4.4 1 0.6000000000000001 0 2.2 0.2 3 0 2.4000000000000004 0 5.4 0 0 0.2 0 0 0 8.4 3.2 0 2.6 0 0 0.4 0 0 0 0 0 0 0 0 0 0 4.6000000000000005 0 0 0 0 0 0 0 0 0 0.2 0 0 0 0 0 0 0 0 0 0 0.4 0 0 0 0 0 0 0 0 0 0 0 0 0 0 0 0 3.2 0 0 0 0.4 0.6000000000000001 0 0.8 17 0.4 2.2 12.600000000000001 0 0 0 0 0 0 0 0 0 0.2 0 0 0 0 0 0 0 0 0 0 0 0 0 0 2.8000000000000003 0 0 0 0 0 0 0 0 0 0 0 0 
 30 11.200000000000001 58.400000000000006 17.400000000000002 21.6 49.400000000000006 59.6 24.8 18.2 11.600000000000001 10.8 5.6000000000000005 0 15.200000000000001 12.200000000000001 11.600000000000001 12 16.6 84.4 71.2 1 0.4 0 0 0 0.8 0 0.4 0 0.4 0.4 0 0.6000000000000001 0 0 0 0.6000000000000001 0 0.8 0.8 0.6000000000000001 0 0.4 0.6000000000000001 0.2 0.6000000000000001 12.4 0 0.6000000000000001 0.6000000000000001 0.4 0.8 0 0 0.6000000000000001 0.4 0 0 0 0.4 0 0 0 0 0 0 0 0 0 0.4 0 0 0 0 0 0.6000000000000001 0 0.6000000000000001 0 0 4.800000000000001 1.6 0 5 0 0 3 0 5.4 0.6000000000000001 0 0 4.800000000000001 4 4.800000000000001 1.8 0.2 0 0 2.2 0 0 0 0 0 0 0 0 0 0 0 0 0 0 0 0 0 0 0 0 0 0 0 0 0 0 0 0 0 0 0 0 2.8000000000000003 0 0 0 0 0 0 0 0 0 0 0 0 0 0 0 0 1.8 0 0 0 0 0 0 0 0 0 0 0 2.6 7.800000000000001 0 0 0 0 0 0 0.2 0 0 2.6 1.2000000000000002 0 0 0 0 5.2 10 0 0 0 2.6 0 0 0 0 0 0 0 0 0 0 0 0 0 0 0 0 0 0 0 0 0 0 0 0 0 0 0 0 0 0 0 0 0 0 0 0 0 0 0 0 0 0 0 0 0 0 0 0 0 0 0 0 0 0 0 0 0 0 0 0 0 0 0 0 0.4 0.4 0 3 0 0 0 0 0 0 0 0 0 0 0 0 0 0 0 0 0 0 0 0 0 0 0 0 0 0 0 0 0 0 0 0 0 0 0 0 0 0 
 80.4 30.200000000000003 47 32 21.6 26 12.8 62 16 33.4 9.4 27.8 15.200000000000001 0 85.80000000000001 10 41.800000000000004 44.2 43.2 36.800000000000004 0.6000000000000001 0.4 1 0.4 0 0 15.600000000000001 0 0.2 0.2 0.6000000000000001 0.4 0.6000000000000001 0 0 0.4 0.6000000000000001 0 1.2000000000000002 0 0 0 0 0 0 0 0 0 0 0.6000000000000001 0 0.2 0 0 0.6000000000000001 0 0 0 0 1.2000000000000002 0 0 0 0 0 0.6000000000000001 0 3 0 1.8 0 0 0 3 0 0.6000000000000001 0 0 0 0 2.8000000000000003 3.4000000000000004 1.8 0.2 0.6000000000000001 3.8000000000000003 0 6.4 0 4 4.4 3.8000000000000003 0 1.4000000000000001 2.4000000000000004 2.2 0.2 6.2 0 2.2 0 0 2 0 0 0 0 0 0 0 1 0 0 0 0 0 0 0 0 2.2 0 0 0 0 0 0 0 0 0 0 0 0 0 0 0 0 0 0 0 0 0 0 0 0 0 0 0 0 0 0 0 0 0 0 0 0 0 0.2 0 0 3.4000000000000004 0.2 6.4 5.800000000000001 6.2 0 1.4000000000000001 9.600000000000001 11 2.2 9.600000000000001 2.4000000000000004 2.6 0 6.2 10.600000000000001 0.2 4.2 0.4 0 0 0 0 0 0.2 0 0 0 0 0 0 0 0 0 0 0 0 0 0 0 0 0 0 0 0 0.2 0 0 0 0 0 0 0 0 0 0 0 0 0 0 0 0 0 0 0 0 0 0 0.4 0 0 0 0 0 0 0 0 0 0 0.2 0 0.2 0 0 0 0 17.6 0 0 8 0 1.2000000000000002 0.2 0 0 0 0 0.4 0 0 0 0 2 0 0 0 0 0 0 0 0 0 0 0 0 0 2.4000000000000004 0 0 0 0 0 0 0 0 0 0 0 0 0 
 61.6 41.400000000000006 47.400000000000006 50.400000000000006 34 7.800000000000001 11.600000000000001 55 56.6 26.6 12.8 49.800000000000004 12.200000000000001 85.80000000000001 0 39 77.60000000000001 29 81.2 24.8 0.6000000000000001 0.4 0 0.4 0.4 0 0 0 0 0.4 0.8 0.2 0.2 0 0 0 0.6000000000000001 0.2 0 0 0 0 0 0 0 0 0 0 0 0.6000000000000001 0 0 0 0 0.6000000000000001 0 1 0 0 0 0 0 0 0 0 0 0 0 0 0.4 0 0 0 0 0 0.6000000000000001 0 0 0 0 2 6.6000000000000005 11.4 0.2 0 5 3.2 4.2 2.2 7.800000000000001 2.8000000000000003 0 0 0 5.2 6 0 2.4000000000000004 0 0 0 0 0 0 0 0 0 0 0 0 0 0 0 2.4000000000000004 0 0 0.4 0 0 2.2 0 0 0 0 0 0 0 0 0 0 0 0 0 0 0 0 0 0 0 0.6000000000000001 0.6000000000000001 7.4 0 0 0 0 0 0 0 0 0 0 4.2 0 0 0 0 0 0 0 4.2 5.4 5.800000000000001 6.2 2.2 0 0 6.2 2 0.6000000000000001 9 4.2 1.8 0.2 8.6 1.6 0.2 11.200000000000001 3 0 0 0 0 0 0 0 0.2 0 0 0 0 0 0 0 0 0 0 0 0 0 0 0 0 0 0 3 0 0 0 0 0 0 0 0 0 0 0 0 0 0 2 0 0 0 0 0 0 0 0 0 0 0 0 0 0 0 0 0 0 0 0 4 0 0 0 0.6000000000000001 0.2 0.2 0.4 17.400000000000002 0 1.2000000000000002 0 0 0 0 0 0 0 0 0 0 2.6 0 0 0 0 0 0 0 0 0 0 0 0 0.2 1.8 0 0 0 0 0 0 0 0 0 0 0 0 0 
 7.4 15 46.800000000000004 17.400000000000002 37.4 41.6 28 62.2 48 121.4 37.6 40 11.600000000000001 10 39 0 23.6 27 7.800000000000001 16.400000000000002 0.6000000000000001 0.4 0 0 0 0.4 15 0 0 0.4 0.4 0.2 0.2 0 0 0 0.6000000000000001 0 14.8 15 0 0 0 0 0 0 0 0 0 0.6000000000000001 0 0 0 0 1.2000000000000002 0 0 0 9.8 0 0 0 0 6.2 0 0 0 0 0 0.4 0 0 0.8 0 0 0.6000000000000001 0 0 0 0 0 0 10.200000000000001 0 0 5.4 0 7.6000000000000005 6.4 7 10.600000000000001 0 0 0 0 2.6 4.2 4.800000000000001 0 0 1.4000000000000001 0 0 0 0 0 2 0 0 0 6.4 0 5.4 2 0 0 0 0 0 2.2 0 0.4 0.4 0 0 0 0 0.4 0 0 0 0 0 0 0 0 0 0 0 0 0 0 0 0 0 0.8 0 0 0 0 0.4 0.2 0 0 0 0 0 0 0 0 13 2 0.2 2.4000000000000004 15.4 4.4 6 1.4000000000000001 3.2 4 0 4.2 0 3.2 0.2 3.2 2.4000000000000004 4 0 0 0 0 0 0 0 0 7.4 0 0 0 0 0 0.8 0 0 0 0 0 2 1.6 0 0 0 0 0 2 0 0 0 0 0 0 0 0 0 0.4 0 0 0 0 0 0 0 0 0 0.4 0 0 0 0 0 0.2 0 0 0 0 0 0 0 0 0 2.6 0 0 0 0 10.200000000000001 0 0.6000000000000001 4.4 0.2 2.2 4 0 0 0 0 0 0 0 0 0 0 0 0 0 0 0 0 0 0 0 0 0 0 0 0 3.6 0 0 0 0 0 1.8 0 0 0 0 0 0 
 13.200000000000001 30.6 100.60000000000001 20.400000000000002 31.8 14 21.8 54.6 54.6 87.80000000000001 67.60000000000001 14.4 12 41.800000000000004 77.60000000000001 23.6 0 47.6 27.200000000000003 50.400000000000006 15.4 0.4 0.4 0.2 0.6000000000000001 0 0 0 0 0.4 0.6000000000000001 0.6000000000000001 0.8 0.6000000000000001 0 0.4 1.2000000000000002 0.6000000000000001 0 0.6000000000000001 0 0 1 0.2 0 0.6000000000000001 0.6000000000000001 0 0 0.6000000000000001 0 0.2 0 0.6000000000000001 1.6 0 1.8 0.6000000000000001 0 0.6000000000000001 0 0 6.6000000000000005 0 0 0 0 0.6000000000000001 0 0.4 0 0 0 1 0 0.6000000000000001 0.4 1 0 0 0 0 8 2.8000000000000003 0 3.8000000000000003 2 15.4 0 4.800000000000001 7 0 0 0.2 9 12.4 0 2.2 0 0 0 0 0 0 0 0 0 0 0 0 0 0 0 0.6000000000000001 0 0 0 0 0 2 0 0.4 0 0 0 0 0 0.4 0 0 0 0 0 0 0 0 0 0 0 0 0 1 0 0 0 0 0 0 0.4 0 0.4 0 0 0 0 4 0 0 0 0 5.6000000000000005 7.2 9.600000000000001 4 1.6 0 2.2 4 1.2000000000000002 5.800000000000001 5.6000000000000005 2.4000000000000004 0.8 3.6 8.200000000000001 5 5 12 8 0.2 0 0 0 0 0 0 0 0 0 0 0 0 0 0 0 0 0 0 0 0.2 0 0.2 0 0 0 2.2 0 0 0 0 0 0 0 0 0 0 0 0 0 0 0 0 0 0 0 0 0 0 0 0 0 0.2 0 0 0 0 0 0 0 0.2 0 2.8000000000000003 0 0 0 0.2 0.2 0 1 1.6 0.4 1 0 0 0 0 0 0 0 0 0.4 0 2.6 0 0 0 0 0 0 0 0 0 0 0 0 4.800000000000001 0 0 0 0 0 0 0 0 0 0 0 0 0 0 
 7.4 6.4 23.400000000000002 30.200000000000003 25 10.200000000000001 6.2 26.200000000000003 29 8 25.200000000000003 15.600000000000001 16.6 44.2 29 27 47.6 0 8.200000000000001 26.6 16 0.4 0 0.6000000000000001 0 0 9.8 34.4 0 0.4 0.4 0.6000000000000001 15 0 0 0 1 0 26.200000000000003 14.8 0 0 0.8 0 0 0 0 0 0 0.6000000000000001 0 0.2 12.600000000000001 0 0.6000000000000001 0 11.200000000000001 0 0 0.4 0 0 0 0 0 0 6.800000000000001 0 0 0.4 0 0 0.6000000000000001 0 0 0.6000000000000001 0 0.2 0.6000000000000001 0 4.2 3 4.800000000000001 7.800000000000001 2.4000000000000004 10.8 2.8000000000000003 0 5.6000000000000005 0.4 16.2 0 0 0 2.8000000000000003 0 5.4 0.6000000000000001 0 0 0 6.4 0 0 0 0 0 5 0 0 2 0 2.8000000000000003 3.8000000000000003 0 0 0 0 2.4000000000000004 2.6 0 3.2 0 0 0 0 0 0 0 0 0 0 0 0 0 0 0 0 2.6 0 0 0.4 0 0 0 0 0 0 0 0 0 0 0 0 0 0.6000000000000001 0.2 0 0 0 0 0 0.4 10.200000000000001 0 3 0 2.4000000000000004 0 2.2 7 8 0 0 0 0 0 3.4000000000000004 0 1.4000000000000001 1.4000000000000001 9 1.2000000000000002 0 0 0 4.4 0 0 0 0 1.8 0 0 2 0.4 0 0 3.2 2.8000000000000003 0 0 0 0 0 0 0 0 0 0 0 0 0 0 0 0 0 0 0 0 0 0 0.2 0 0 0 0 0 0 0.4 0 0 0.4 0 0 0 0 0 0 0 0 0 0 0 0 0 0.8 0.2 0.6000000000000001 0.4 0 3.4000000000000004 0.4 0 0 0 0 0 0 0 0 0 0 0 0 0 0 0 0 0 0 0 0 0 0 6.4 0.2 0 0 0 0 0 0 0 0 0.2 0 0 0 0 
 94.2 6.4 23.400000000000002 33.6 10.200000000000001 9.8 18.6 70.4 17 19 52.6 48.800000000000004 84.4 43.2 81.2 7.800000000000001 27.200000000000003 8.200000000000001 0 19 0.6000000000000001 0.6000000000000001 0 0 0.2 0 0 0 0 0.2 17.400000000000002 0 0.4 0 0 0 0.6000000000000001 0 0.4 0.8 0 0 0 4.4 0 0 0 0 0 0.6000000000000001 0 0.2 0 0 0.6000000000000001 0 0 0 0 0 0 0 0 0 0 0 8.4 0 0 0.4 0 0 0 0 0 0.6000000000000001 0 0.6000000000000001 0 0 2.6 5.2 2.2 0 0 3.4000000000000004 5.800000000000001 0 2.2 0 4 0 6.6000000000000005 3.4000000000000004 0 0 0 0 0 4.6000000000000005 0 0 0 0 0 0 0 0 0 0.4 0 0 0 0 0.2 0 0 0 0 0.2 0 0 0 0 0 0 0 0 0 0 0 0 0 0 1 0 0 0 0 0 0 0 0 0 0 0 0 0 0 0.6000000000000001 0 0 0 0 0 0 0 0.6000000000000001 0 0 0 2.4000000000000004 0 3.2 0 0.2 0 3.2 0 2.2 4 0 0 1.6 0 0 0 5.4 3.2 8.4 0 0.4 0 0 0 0 0 0 0 0 0 0 0 0 0 0 0 0 0 0 0 0 0 0 0 0 0 0.2 0 0 0 0 0 0 0.2 0 0 0 0 0 0.2 0 0 0 0 0 0 0 0 0 0 0 0 0 0 0 0 0 0 0 0 0 0 0 0 0.8 0 0 0.4 0 0.4 1 0 0 0 0 0 0 0 0 0 0 0 0 0 0 0 0 0 0 0 0 0 0 0 0 0.2 0 0 0 0 0 0 0 0 0 0 0 0 0 
 13.4 20.8 29 58.800000000000004 57.800000000000004 13.600000000000001 12.600000000000001 52.6 108 111.2 33.4 8.200000000000001 71.2 36.800000000000004 24.8 16.400000000000002 50.400000000000006 26.6 19 0 0.6000000000000001 0.4 0 0.2 0 0 0 0.6000000000000001 0 0.2 0.6000000000000001 0 0.8 1 0 0.2 0.6000000000000001 0 0.6000000000000001 0 0 0 0.4 0.4 0 0 0 0 0 0.6000000000000001 0 0.4 0 0 0.4 0 0 0 0.2 0 0.4 0 0 0 10.600000000000001 0 0 0.8 0 0.6000000000000001 0 0.4 0 0 0 0.6000000000000001 0 0 0 0 2.6 3.4000000000000004 3.6 9.8 0 0 1.8 2.8000000000000003 6.6000000000000005 12 0 0 5.6000000000000005 0 10.200000000000001 1.2000000000000002 4.800000000000001 0 0 0.2 0 0 0 0 0 0 0 0 0 0 0 0 0 0 0 0 0 0 0 0 0 0 0 0 0 0 0 0 0 0 0 0 0 0 0 0 0 0 2 0 0 0 0 0 0 0 0 0 0 0 0 0 1.8 0 0 0 0 0 0 0 5 0 7.4 0 0 0 1.2000000000000002 0 1.4000000000000001 0 0 0 0 0 3 0 4.2 3 3 3 0 0 0 0 0 0 0 0 0 0 0 0 2.6 0 0 0 0 0 0 0 0 0 0 0 0 0 0 0 0 0 0 0 0 0 0 0 0 0 0 0 0 0 0 0 0 0 0 0 0.2 0 0 0 0 0 2.2 0 0 0 0 7.800000000000001 0 0 0 0 0 0.2 0.8 0.4 0.4 0 0 4.6000000000000005 0 0 0 0 0.2 0 6 0 0 0 0 0 0 0 0 0 0 0 0 0 0 0 0 0 0 0 0 0 0 0 0 0 0 0 0 0 0 0 
 1 0.6000000000000001 0.6000000000000001 8.6 15.8 15.200000000000001 1.6 0.6000000000000001 0.6000000000000001 9.4 0.6000000000000001 0.6000000000000001 1 0.6000000000000001 0.6000000000000001 0.6000000000000001 15.4 16 0.6000000000000001 0.6000000000000001 0 32 24 33.4 7.4 5.4 46.400000000000006 41.800000000000004 8 18.2 14.600000000000001 20.200000000000003 14.4 28.6 22 64.60000000000001 6 4.2 7.800000000000001 18.2 0 0.6000000000000001 0 0.6000000000000001 0 0.4 2.8000000000000003 0.4 9 0 0 0 0.2 0 0 0.6000000000000001 0 0 0.8 0.2 0 0.6000000000000001 10.200000000000001 0.4 0 0.6000000000000001 0 0.4 0 0 0 0 0 0 0 0 0 0.2 0 0 0 0 0 0 5 2.8000000000000003 0 0.2 0 0 0 0 0 0 0 0 0 0 0 0 5.2 8 2.2 1.8 0 2 0 5 11.200000000000001 3.4000000000000004 2.2 0 0.2 7.2 1.4000000000000001 2.8000000000000003 4.800000000000001 6.6000000000000005 0 5.2 0 0 0 0 0 0 2.4000000000000004 0 0 0 0 0 0.4 0 0 0.4 0 0 0.8 0 0 0 0 0 0 0 0 0 0 0 0 0 0 0 0 1.2000000000000002 0 0 0 0 0 1.8 0 0 0 0.4 1.4000000000000001 0 0 0 0 0 0 0 0 0 0 1.2000000000000002 1.2000000000000002 0 3.4000000000000004 5 0 4.800000000000001 0 0 2 2 1.4000000000000001 1.4000000000000001 2.6 0 0 2 5 8.200000000000001 3.2 9.4 1.8 1.8 0 0 0 0 3 0 0 0 0 0 0 0 0 0 0 0 3.4000000000000004 0 2.6 4 0 0 0 0 3 0 0 0 0 0.4 0 0 0 0 0 0 0 0 0 0 0 0 0 0 3.8000000000000003 0 0 0 0 0 0 0 0 0 3.2 0 0 17.6 0 0 0.2 0.4 0 0 0 0 0 0 0 0 0 0 0 0 0 0 0 0 0 0 0 0 0 0 0 2.2 2.6 0 0 0 
 1.6 0.4 0.6000000000000001 0.6000000000000001 0.4 0.8 0.4 0.4 0.4 6.2 15.600000000000001 0.8 0.4 0.4 0.4 0.4 0.4 0.4 0.6000000000000001 0.4 32 0 61.2 20.200000000000003 9.600000000000001 9.4 41.400000000000006 65.2 41.6 31.200000000000003 125.2 9.200000000000001 23.8 12.4 44 34.4 73.4 68.4 62.400000000000006 67.2 0 0.6000000000000001 0.4 0.6000000000000001 0 0.4 0 0.4 0 0 0 0 0 0 0 0.6000000000000001 0 0 0.6000000000000001 4 0 13 0 0.4 0 0.6000000000000001 0 0.4 0 0 1 0 0 10 0 0 0 0 0 0 0 0 0 0 0 0 0 0.4 0 0 0 4.6000000000000005 0 0 0 0 0 3 0 0 6.800000000000001 0 1.2000000000000002 4 2 4.6000000000000005 6.4 8 0.2 8.6 2.2 6.4 2.4000000000000004 3.6 5.2 3 5.4 2.6 0.6000000000000001 0.8 0 0 0 0 0 0 0 0 0 0 0 0 0 0 0 0 0 0 2.4000000000000004 0 0 0 0 0 1 0 0.2 0 2.4000000000000004 0 0 0 0 0 0 0 1.8 0 0 0 0 0 0.4 0 1.2000000000000002 0.6000000000000001 0 0 0.4 0 0 0 0 0 0 0 0 0 0 0 0 2.2 4.800000000000001 5.6000000000000005 4 10.4 0 0.2 6.4 4.2 5.6000000000000005 4.2 13.4 13.8 6.6000000000000005 5 4.2 1.4000000000000001 3.6 2.8000000000000003 0.2 0 0 0 0 0 0 0 0 0 0 0 0 0 0 0.2 0 0 4.6000000000000005 2.8000000000000003 0 0 0 0 0 0 0 0 0 0 0 0 0 0 0 0 0 0 0 0 0 0 2.6 0 0 0 0 0 0 0.4 0 0 0 0 1.2000000000000002 0 0 24.8 0 0 0.4 0 0 0 0 12.600000000000001 0 0 0 0 0 0.4 0 0 0 0 0 0 0 1.8 0 2.2 0 0 0 1 0 0 0 0 
 0.6000000000000001 0.2 0 0 7.2 21.8 0 4.800000000000001 0.4 0 0 0 0 1 0 0 0.4 0 0 0 24 61.2 0 87.60000000000001 12.4 65.2 24.6 20.200000000000003 68.8 48.800000000000004 12 6.800000000000001 58 95.4 39 28.200000000000003 99.60000000000001 14 11.200000000000001 27.200000000000003 0 0.6000000000000001 0 0.6000000000000001 0 0.4 0.4 0.4 0 0 0 0 0.6000000000000001 0 0 0.6000000000000001 13.200000000000001 0 0.6000000000000001 0 2 1 0 0.4 0 0.6000000000000001 0 0.2 1.2000000000000002 0 0 0 0 1.4000000000000001 1.6 0 0.2 0 0 0 0 0 0 0 5.6000000000000005 0 0 0 0 0 0 6.6000000000000005 0 0 0 0 0 0 0 0 4.6000000000000005 4.4 0 0 0 1.8 12.4 0 10.4 2.8000000000000003 0 0.4 0 5 1.8 6.2 0.4 9.200000000000001 7 5 0 0 0 0 6.6000000000000005 0 0 0 0 0 0 0.2 0 0 0 0 0 0 3.6 1 0 0 0 0 1.6 3.6 0 0 0 0.2 0 0 0 0 0 0 0 0 0 0 0 0 0 0 0.2 2.8000000000000003 0 0 0 0 0 0 0 0 0 0 0 0.4 0 0 4 2.4000000000000004 2.6 8.8 0 0 2.6 6.4 1.4000000000000001 3.8000000000000003 2.2 0.2 1.4000000000000001 3.8000000000000003 0.2 1.4000000000000001 3.4000000000000004 12.8 6.4 2.2 0 0 0 0 0 0 0 0 0 0 0 0 0 0 0 0 0 0 5.4 0 0 0 0 1.4000000000000001 0 0 0 0 1.4000000000000001 0 0 0 0 0 0 0 0 0 0 0 0 0 0 0 0 0 0 0 0 0 0 0 0 0 7.4 0.4 0.2 31.8 16.2 0.4 2.4000000000000004 1.6 0 0 0 0 0 0 0 0 0 0 0 0 0 0 0.4 0 0 0 0 0.2 0 0 0 2.2 2.4000000000000004 0 0 0 
 0 0 0 0 0 0.2 0 0 0 0 0 15.8 0 0.4 0.4 0 0.2 0.6000000000000001 0 0.2 33.4 20.200000000000003 87.60000000000001 0 16 6.6000000000000005 52.400000000000006 15 32.6 46 23.6 27.8 14.8 19.200000000000003 22.6 29.8 57.2 55.800000000000004 33.2 28.200000000000003 0 0.6000000000000001 0 0.6000000000000001 0 0.4 12.8 0.4 0 0 0 0.2 12.4 0 0 0.6000000000000001 0 0 0.6000000000000001 13.4 0 1.6 0 0.4 2.6 0.6000000000000001 0 0.6000000000000001 0 0 0 0 0 0 1.8 0 0.2 0 0 0 0 0 0 0 0.2 0 0 0 0 2.2 0 0 0 0.4 0 0 0 0 0 0 4.6000000000000005 0.6000000000000001 1.6 3.8000000000000003 5.2 5.4 0 2.4000000000000004 3.6 4 0 0 0 3.6 1.6 2.6 1.4000000000000001 7 0.2 0.2 0 0 4 0 0.2 0 2.2 0.2 0 0 0 0 1.2000000000000002 2.6 0 2.4000000000000004 0 0.8 0.2 4 0.2 0.4 0 0 0 0 0 0 2 0 0 0 0 0 4.2 0.2 0 0 0 0 0 0.8 0 0 0 0.2 1.8 0 0 0 0 0 0 0 0 0 0.4 1.2000000000000002 0.4 0 0 0 6.800000000000001 3.2 0 0 0 0.4 3.8000000000000003 11 2.4000000000000004 5.6000000000000005 3.8000000000000003 4 5.800000000000001 2.8000000000000003 4 4.800000000000001 0 0 0 0 0 0 0 0 0 0 0 0 0 0 2 3.8000000000000003 2.8000000000000003 0.6000000000000001 0 0 2.4000000000000004 5.800000000000001 0 0 0 0 0 0 0 0 0 0 0 0 0 0 0 0 0 0 0 0 0 0 2.4000000000000004 0 0 0 0 0 0 0 0 0 0 0 2.8000000000000003 0.4 0 4 0 0 0 0.4 0 0 0 0 0 0 0 0 0 0 0 0 0 0 0 0 0 1.8 0 1.8 0 0 0 0.8 0 0 0 0 
 0 0 0 0 0 0 0 0 0 0 0 0 0 0 0.4 0 0.6000000000000001 0 0.2 0 7.4 9.600000000000001 12.4 16 0 77.2 54.800000000000004 14.4 11.4 16.8 30.400000000000002 27 13.8 70.2 8.6 76.80000000000001 8.8 42.400000000000006 16.2 19.400000000000002 13.200000000000001 0.6000000000000001 0 0.6000000000000001 0 0.6000000000000001 0 1.6 4.4 0 0 0 19.400000000000002 0 0.4 8 19.200000000000003 0 16 0 0 0.6000000000000001 0 0.4 0 0.6000000000000001 0.4 0.2 0.4 0 0 0 0 0.2 0.8 0 0 0.6000000000000001 0.2 0.6000000000000001 0 0 0 0 0 0 0 0 0 0 0 0 0 0 0 0 0 0 0 0 0 0 0 1.6 9 0 0 0 0 4.6000000000000005 0 2.6 0 0 0 0 2.6 0 0.2 0 4.800000000000001 0 0 0 0 0 4.4 0.2 2.4000000000000004 2.8000000000000003 0 2.2 3.2 0 4.4 0.2 5.2 1.2000000000000002 3 2 0 0 0 1.6 0 0 0 0 0 0 0 0 0 0 0 0 0 0 0 0 0 0 0 0 0 0 0 0 0 0 0 0 1.6 0.6000000000000001 0 0 0 0 0 0 0 1.4000000000000001 1.8 0 10.600000000000001 7 0 4 0 2.6 1.6 0 0 0 0 0 0 0 0 0 1.4000000000000001 2.6 1.2000000000000002 0 0 0 13.200000000000001 0 4.6000000000000005 0 0 0 6 0.2 1.8 0 0 0 3.8000000000000003 3 0 0 0 0 0 0.4 0 0 0 0 0 0 0 0 0 0 0 0 0 0 0 0 0 0 0 0 0 0 0 0 0 0 0 0 0.4 0 0.4 0 15.4 0 1.2000000000000002 0 0 0 0 0 1.4000000000000001 0 0 0 0 0 0 0 0 0 0 0 0 0 0 0 0 0.2 0 0 0 0 0 0 
 0 0 0 0 0 0.2 0 0 0 0 0 0 0.8 0 0 0.4 0 0 0 0 5.4 9.4 65.2 6.6000000000000005 77.2 0 5.800000000000001 20.8 7.2 11.600000000000001 27.400000000000002 26 7.6000000000000005 54.800000000000004 9.4 18.6 15.4 59.6 9 9.4 23 0.6000000000000001 0.8 0.6000000000000001 42.2 0.4 16.2 0.4 4.6000000000000005 0 0.2 0 0 42 0 19 13.600000000000001 0 13.200000000000001 12.600000000000001 0 1.6 0 0.4 0 0.6000000000000001 0 0.4 0 0 0 0 0 0 0.4 0 0 0 0 0 0 0 0 0 0 0 0 0 0 0 0 0 0 0 0 0 0 0 0 0 0 0 0.2 0 6.2 3 0 0 0 0 0 1.8 0 0 0 0 0.4 2 0 0 8.8 2.6 0.2 3.4000000000000004 1.8 0 9 0 2 6.6000000000000005 0 4 0 8.200000000000001 3.4000000000000004 5.4 2.6 0 3.6 3.6 0 0 0 0 0 0 0 0 0 0 0 0.4 0.6000000000000001 0 0 0 0 0 0 0 0 0 0 0 0 0 0 0 0 0.2 0 0 1.2000000000000002 1 0 0 0 0 0 0 0 0 0 0 6 1.4000000000000001 0 0 0 0 2.6 0 0 0.4 0 0 0 0 0 0 4 0.4 1.4000000000000001 0 0 0 4.4 9 4.6000000000000005 0 0 0 9.200000000000001 1.8 0.2 2.2 2 6.4 6 2.2 0 0 0 0 0 0 0 0 0 0 0 0 0 0 0 0 0 0 0 0 0 0 0 0 0 0 0 0 0 0 0 0 0 0 2 0 0.2 0 16.2 0.2 0.6000000000000001 0.2 0 0 0 0 0 0 0 0 2.4000000000000004 0.2 0 0 0 0 0 0 0 0 0 0 0 0 0 4 0 0 0 1.2000000000000002 
 0 0 0 3.8000000000000003 16 11.8 0 0 0 0 15.600000000000001 1.4000000000000001 0 15.600000000000001 0 15 0 9.8 0 0 46.400000000000006 41.400000000000006 24.6 52.400000000000006 54.800000000000004 5.800000000000001 0 25 24.200000000000003 21 25.200000000000003 7.800000000000001 38.800000000000004 90.4 38 8.6 7 10.200000000000001 5.6000000000000005 42 0 0.6000000000000001 0 0.6000000000000001 0 0.4 0 0.4 0 0 0 0.6000000000000001 0 0 0 0.6000000000000001 0 0 0.6000000000000001 0 0 0.6000000000000001 0 0.4 0.2 0.8 0 0.6000000000000001 0 0 0 0 0.8 0 0 0 0.2 0.4 0 0 0 0 2.2 0 0 0 0.4 0 4.6000000000000005 0 2.6 2.8000000000000003 0 0 0 0 3.6 0 0 0 2.6 4.4 2.6 0.2 0 1.8 3.2 1.8 2 2.6 0 0 4.4 2.6 1.6 0 2.4000000000000004 4.800000000000001 2 0 0 0 0 0 0 0 0.4 0.2 0 0 0 0 0 0 0 0 0 0 0 0 0 0.2 0 0 0 0 0 0 0 0 0 0 5.6000000000000005 0 0 0 0 0 0 0 0 0 0 4 0 4.800000000000001 0.4 0 0 0 0.2 4.6000000000000005 0 0 0 0 0 2.2 1.4000000000000001 0 2.8000000000000003 3.2 0 2.4000000000000004 0 0 1.2000000000000002 3.8000000000000003 3 3 2.2 0 1.6 0.2 0 3.4000000000000004 1.2000000000000002 5 2.8000000000000003 1.2000000000000002 0 0 0 0 0 0 0 0 0 0 0 0 0 0 0 0 0 0 2.8000000000000003 0.2 0 0 0 0 0 0 0 0 0 0 0 0 0 0 0 0 0 1.4000000000000001 0 0 0 0 0 0 0 0 0 0 0 0 0 0 0 0 0.4 0.4 0 15.200000000000001 0.2 0 0.4 0 0 0 0 0 0 0 0 0 0 0 0 0 0 0 0 0 0 0 0 0.2 0 0 0 1.8 0 0 0 0 
 0.8 0 0 8 16 0 0 0 0 14.4 12.4 0 0.4 0 0 0 0 34.4 0 0.6000000000000001 41.800000000000004 65.2 20.200000000000003 15 14.4 20.8 25 0 10.8 8.4 10.4 21.8 52.6 38.800000000000004 41.800000000000004 19 9 12.4 14.200000000000001 9 0 1.6 0 0.6000000000000001 0 0.4 5.6000000000000005 0.4 0 0 0 0 0 0 0 0.6000000000000001 0 0 0.6000000000000001 0.2 0 0.6000000000000001 0 0.4 0 0.6000000000000001 11.8 0.4 0 0 1 1 0 0 0 0 0 0 0.6000000000000001 0 0 0 1.6 0 3.6 2.8000000000000003 0 0 0 0.4 0 0.2 0 0 0 0 0 0 0 0 0.2 7.2 3.8000000000000003 0 0.6000000000000001 1.6 3.8000000000000003 5.2 3.4000000000000004 1.6 1.4000000000000001 6.4 6.2 0 1 0 10.4 6.2 2 7.2 1.6 2.8000000000000003 0 0 0 0 3.6 0 0 0 0 0 0.4 0 0 0 0 0 0 0 0 0 0 0 0 0 0.4 0 0 0 0.4 0 0 0 0 0 0 0 0 0 0 0 0 0 0 4.800000000000001 0 0 0 0 0 0.2 0 0 0.4 0 0 0 0 0 3.6 8.4 0 6.4 0.2 0 0 4.2 0 0.2 4.800000000000001 0 5.6000000000000005 4 5 14.4 0.2 0 1.2000000000000002 6.2 0 0 0 0 0 0 0 0 0 0 1.8 0 3 0 0 0 0 0 0 6.2 0 0 0 0 0 0 0.2 0 0 0 0 0 0 0 0 0 0 0 0 0 0 0 0 0 0 0 0 0 0 0 0 0 0 0 3.4000000000000004 0 0.4 7.800000000000001 0 0.4 0 0 0 0 0 0 0 0 0 0 0 0 0 0 0 0 0 0 0 0 0 0.2 0 0 0 0 0 0 0 0 
 0.4 0 0 0.4 2 14.600000000000001 0 0 0 0 0 0 0 0.2 0 0 0 0 0 0 8 41.6 68.8 32.6 11.4 7.2 24.200000000000003 10.8 0 49.800000000000004 36 20 23.6 39.6 32.800000000000004 23.200000000000003 31.200000000000003 22 43.2 30.6 0 0.6000000000000001 0 0.6000000000000001 0 0.6000000000000001 0 0.4 0 0 0 0 0 0 0 0.6000000000000001 0 0 1.2000000000000002 0.8 0 0.6000000000000001 0 0.4 0 0.6000000000000001 0 0.6000000000000001 0.6000000000000001 0 0 0 0 0 0 0 0.2 0 0 0 0 0 0 0 3 0 0 0 0.2 0 0 0 0 0 0 0 0 0 0 0 5.800000000000001 5.4 4.4 6 4.800000000000001 0 1.8 2.4000000000000004 8.200000000000001 7.4 2.2 2.8000000000000003 0 1.4000000000000001 4.2 6.6000000000000005 5.2 8.200000000000001 0.2 4 0 0 0 0 0 0 0 0 0 0 0 0 2 0 0 0 0 0 0.2 0.2 0 0 0 0.2 3.6 0 0 0 0 0 0 0 0 0 0 0 1 0 0 0 0 0.2 0 0 0 0 0 0 0 0 0 6 0 0 0 0 0 0 0 0 5 4 4.2 8.200000000000001 3.2 1.8 2 3.8000000000000003 2.4000000000000004 7.800000000000001 1.6 7.4 6.6000000000000005 6 2.2 0 9 2.8000000000000003 1.6 0 0 0 0 0 0 2 0 0 0 0 0 0 0 0 0 0 0 0 0 0 0 0 0 0 0 0 0 0 0 0 0 0 0 0 0 0 0 0 0 0 0 1 1.6 0 0 0 0 0 0 0 0 0 0 0 2.2 0 0.2 0.4 15.200000000000001 0 3 0 0 0 0 0 0 0 0 0 8.8 0 0 0 0 0 0 0 0 2.2 0 6.2 0 0 0 0 2.4000000000000004 0 0 0 
 0.4 0.2 0.2 0.4 0.2 0.4 0.2 0.2 0.6000000000000001 1 0 0.4 0.4 0.2 0.4 0.4 0.4 0.4 0.2 0.2 18.2 31.200000000000003 48.800000000000004 46 16.8 11.600000000000001 21 8.4 49.800000000000004 0 33.2 4.4 30.200000000000003 68 27.400000000000002 19.400000000000002 35.2 53.2 25.400000000000002 58.400000000000006 0.4 0.6000000000000001 0 0.6000000000000001 0 0.4 0 0.4 0 0 0 0 0 0 0 0.6000000000000001 0 0 0.6000000000000001 0 0 0.6000000000000001 0 0.4 1.2000000000000002 1.8 0 0.2 0 0 0 0 0 0 4.800000000000001 4.4 0 0 0 0 0 0 0 0 0 0 0 0 0 0 0.2 0 0 0 0 0 0 0 0 0 0 3.4000000000000004 0.4 4 6.2 1 2.8000000000000003 2.8000000000000003 2.4000000000000004 3.6 2.2 3 0 3.6 0 0 0 0.2 0 0 0 0 0 0.2 0 0 0 0 0 0 0 0 0 0 0 0.4 0 1.6 2 0 0 0 0 0 3.4000000000000004 0 0 0 0 0 0 0 0 0 0 0 1.2000000000000002 0 0 0 0 0 0 0 0 0 0 3 0 0 1.2000000000000002 0 0 0 0 0 0 0 0 0 3 6.4 3 4.800000000000001 4 1 3 1.6 8.200000000000001 4.800000000000001 0 2 0 4.4 0 1.6 4.4 2.8000000000000003 0 0 0 0 0 1.6 0 0 0 0 0 0 0 0 1.2000000000000002 0 0.2 9.8 0 0 7.4 0 0 0 0 2 0 0 0 0 0 0 0 0 0 0 2.2 0 0 0 0 0 0 0 0 0 0 0 0.2 0 0 0 0 0 0 0 0.4 0 0 15.600000000000001 1.8 0.4 3 0.4 0 0 0 0 0.2 0 0 0 0 0 0 0 0 0 0 0 0 0 0 0 0 0 0 2 0 0 0 0 
 0.8 0.4 15 0.2 0.4 0.6000000000000001 0.4 0.4 0.4 0.6000000000000001 0.2 0.4 0.4 0.6000000000000001 0.8 0.4 0.6000000000000001 0.4 17.400000000000002 0.6000000000000001 14.600000000000001 125.2 12 23.6 30.400000000000002 27.400000000000002 25.200000000000003 10.4 36 33.2 0 12.200000000000001 10 44.400000000000006 49.6 73 37.6 45.2 22.8 13.200000000000001 0 2.2 0 1 0 1.2000000000000002 13 0.4 0 0 0 0 0 0 0 0.6000000000000001 0.4 0 0.8 1 0 0.4 0.2 0.4 0 0.6000000000000001 0.6000000000000001 0 0.2 0 0 0 0 0.6000000000000001 0 0 0 0.4 0 0 0 0 0 0 0 0 0 0 0 0 2.4000000000000004 0 0 0 0 0 0 0 0 0 0.2 2.2 3 7.6000000000000005 2.6 5.4 2 0 9.600000000000001 6.800000000000001 2.8000000000000003 11.8 0 0 1.8 3.6 7.6000000000000005 0 0.4 0 2.4000000000000004 0 0 0 0 0.4 2.4000000000000004 0 0 0.4 0 0 2 0 0 0 0 0 3.6 1.4000000000000001 0 0 0 2.4000000000000004 0 0 0 0 0 0 0 0 0 0 0 0 1.2000000000000002 0 0 0.4 0 1.6 0 0 0 0 0.4 0 0 0 0 1 0 0 0 0 0 0.2 0.2 0 0 6.6000000000000005 9.600000000000001 5.4 5.4 7.6000000000000005 0 0 6.6000000000000005 5.2 5.800000000000001 8.8 0.2 2 2.2 1.8 3.8000000000000003 1.2000000000000002 0 0 1 0 0 0 0 0 0 0 0 0 0 0 2.8000000000000003 0 2.2 0 0 0 0.2 6.800000000000001 0 0 0 0 0 0 0 0.4 0 0 0 0 0 0 0 0 0 0 0 0 0 0 2.2 0 0 0 0 0 0 0 0 0 0 0 1.8 0 0 0 0 0.2 0.4 0 0 0 0 0 0 0 0 0 0 0 0 0 0.4 0 0 0 0 0 0 7.6000000000000005 0 0.4 0 0 0 0 0 0 
 0.4 0 0.4 0.4 0 0.4 0.2 0 15.200000000000001 0.4 0 0.2 0 0.4 0.2 0.2 0.6000000000000001 0.6000000000000001 0 0 20.200000000000003 9.200000000000001 6.800000000000001 27.8 27 26 7.800000000000001 21.8 20 4.4 12.200000000000001 0 28.200000000000003 7.6000000000000005 4.800000000000001 18.8 28.400000000000002 45.6 21.6 18.2 0 0.6000000000000001 0 1 0 0.4 12.4 1 0 0 0.6000000000000001 0.8 0.8 12.4 0 2.2 0.6000000000000001 0.4 17.2 0.6000000000000001 0 0.6000000000000001 0.4 1.2000000000000002 0 1 0 0.4 0.8 0 2.4000000000000004 0 0.4 1 1.8 0.2 0.4 0 0 0.4 0 0 0 0 0 0.4 0 0 0 0 0 0 0 0.2 0 0 0 0.4 0 2.6 0 2 3.8000000000000003 2 2 6.4 3.2 4 0 0 0 3.2 0 0 0 0 0.2 1.2000000000000002 0 0.2 0 2 3.6 3 0 0 0 3.6 0 1.8 0 0.2 1.2000000000000002 0.8 2.6 0 2.6 2.2 1 2.2 0.4 0 0.2 0 0 0 0 0 0 0 0 0 1.6 0 0 0.4 0 0 0 0 0 0 0 0 0 0 0.4 0 0 0 0 0 0 0 0 0 0 0.4 0 0 0 0 0 0.2 2 4.2 2.4000000000000004 4.4 0 0.2 4.4 0 1.4000000000000001 3 0 3 1.4000000000000001 2.2 0 4.6000000000000005 6 4.4 0 0.2 0 0 5.2 0 6.800000000000001 0 0 0 3.8000000000000003 4.800000000000001 2.8000000000000003 2.2 4 2.2 0 6.2 0 0 0 0 0 0 0 0 0 0 0 0 0 0 3.6 0 0 0 0 0 0 0 0 0 0 0 0 0 1.8 0 0 0 0 0 0.8 0 0.6000000000000001 14.8 1.6 0.4 0.6000000000000001 0 0 0 0 0 0 0 0 0 1.4000000000000001 0 0 0.2 0 0 0 0 0 0 0 0 0 0 0 0 0 0 0 0 
