 0 65.8 14.600000000000001 9.8 14.200000000000001 51.2 61 15.200000000000001 50 7 25.200000000000003 10.4 64 26.8 19.200000000000003 24.400000000000002 17.400000000000002 26.200000000000003 10.8 23.6 0 0.6000000000000001 0 0.6000000000000001 0.4 0 0 0 0.4 1.2000000000000002 0 1 0.2 1.2000000000000002 0.6000000000000001 0 0.4 0.4 0.2 0 1.2000000000000002 0 0.6000000000000001 0 0 0 1.4000000000000001 0 0 0 0 1.2000000000000002 0.4 0 0.6000000000000001 0.6000000000000001 0.6000000000000001 15 0.6000000000000001 0.4 0 0 1.2000000000000002 0 0.6000000000000001 0 0 0 0 0.8 0 0 0 0 0 2.4000000000000004 0.4 1.2000000000000002 0.6000000000000001 0 3.2 13.4 1.4000000000000001 3.4000000000000004 4 4 11 4.4 4.2 7.4 3.4000000000000004 0 5.800000000000001 2.8000000000000003 3.2 3.2 3.2 2 0 6 0 0 0 0 0 0 0 0 0 0 0 0 0 0 0 0 0 0 0 2.2 0 0 0 0 0 0 0 0 0.2 0 0 0 0 0 0 0 0 0 0 0 0 0 0 0 0 0 0 0 0 0 0.2 0.8 0.4 0 2.2 0 0 0 0.4 0 2.4000000000000004 6 3 0.2 0 0 0 6.2 0 2.4000000000000004 2.2 2.4000000000000004 7 4.6000000000000005 0.4 4.4 4.800000000000001 0.4 0 4.2 0 0 1.4000000000000001 0 0 0 0 0 0 0 0 0 0 0 0 0 0 0 0.2 0 0 0 0 0 0 0 0 0 0 0 0 0 0 0 0 0 0 0 0 0 0 0 0 0 0 0 0 0 0 0.2 0 0 0 0 0.4 0 0 0 0 2.4000000000000004 0 0 0 0 0 0 2.6 0 0.2 0.2 0 2 0 0 0 0 0 0 0 0 0 0 0 0 0 0 0 0 0 0 0 0 0 0 0 5.2 0 3.2 0 0 0 0 0 0 0 0 0 0 0 0 
 65.8 0 19.400000000000002 12.4 6.4 72.60000000000001 14.200000000000001 18.400000000000002 39 43.2 9.200000000000001 6.800000000000001 51.2 28.8 46.2 75 13.200000000000001 7.800000000000001 9.8 7.800000000000001 0 0.2 0 0.6000000000000001 0 0 0 0 0 0 0 0.4 15.4 0.6000000000000001 0 14.600000000000001 0.4 0.2 14.8 7.2 0.6000000000000001 12.200000000000001 0 0.2 0 0 0.6000000000000001 0 0 0 0 0 0 0 0.6000000000000001 0.6000000000000001 0 0.4 0.4 0 0 0 0 0 0.4 0 0 0 0 0.4 0 0 0 0 0 0 0.6000000000000001 0 0.4 0 4 0 2.4000000000000004 2.4000000000000004 0 4.800000000000001 0 0 9.200000000000001 2.2 0 0 1.8 9 6.4 0 0 1.6 6.800000000000001 0 2 0 0 0 0 0 0 0 0 0 0.2 0.4 0 5.6000000000000005 0 0 0 0 0 0 0 0 0 0 0 0 0 0 0 0 0 0 0 0 0 0 0 0 0 0 0.8 0 0 0 0 0 0 0 0 0 0 0.6000000000000001 0 0 0 0 0 0 2.6 0 1.6 0.2 4.800000000000001 2 5.800000000000001 2.6 3.6 0 0 4 2.4000000000000004 4.800000000000001 0.8 0.2 1.2000000000000002 0 9.600000000000001 5.4 5.4 2.2 0 0 0.2 0 0 0 2.2 0.4 0 0 0 0 9.4 0.4 0 0.2 0 0 6.2 0 0 0 0 0 0 0 0 0 0 0 0.4 0 0 0 0 0 0 0 0 0 0 0 0 0 0 0 0 0 0 0 0 0 0 0 0 0 0 0 0 0 0 0 0 0 0 0 4.800000000000001 0 18 1.8 0 1.2000000000000002 0 0 0 0 0 0 0 0 0 0 3.2 0 0 0 0 0 0 0.2 0 0 0 0 0 3.2 0 0 0 0 0 0 0 0 0 0.4 0 0 0 0 
 14.600000000000001 19.400000000000002 0 16.2 8 9.200000000000001 73 74.2 26.6 23.200000000000003 27.200000000000003 15.8 50.800000000000004 32.800000000000004 54.800000000000004 67.60000000000001 33.800000000000004 35.800000000000004 7 84.60000000000001 0.4 0 0.6000000000000001 1.2000000000000002 0 5.4 0.6000000000000001 0.6000000000000001 0 0 0.4 1.4000000000000001 13.600000000000001 1.2000000000000002 0 3.4000000000000004 1.2000000000000002 0.6000000000000001 0 0 0.6000000000000001 0 0.4 0.6000000000000001 0 0 0.4 0.6000000000000001 0.4 0 2.4000000000000004 0.4 0 0 0.6000000000000001 0.6000000000000001 0 0.2 0.6000000000000001 0.6000000000000001 0 0 0 0 0.6000000000000001 9.4 0 0 0 1.6 0 0 0 0.2 0.4 0.4 0.6000000000000001 0.2 0.2 1.2000000000000002 4.2 3.4000000000000004 8 8 9.4 3 0.2 12 0 5.4 0 5.2 0.2 0.2 3.2 5.6000000000000005 5 0 0 0 4.6000000000000005 0 0 0 0 0 2.2 0 0 0 0 0 0 0 0 3.4000000000000004 0 0 1.8 5 0 0 0.4 0 0 0 0 0.2 0 0 0 0 0 0 0 0 0 0 0 0 0 0 0 0 0 0 0 0.8 0 0 0 0 0 0 0 0 0 0.4 0 0 0.2 8.6 3.6 0 3.6 0 6.800000000000001 6.2 10.600000000000001 2.4000000000000004 4.800000000000001 5.4 2.2 4.2 4.2 9.200000000000001 0.2 9.4 0 1.8 0 0 0 0 0 0 0 0 0 0 0.2 0 0 0 0.2 0 0 0 0 0 0 0 0 0 0 0 0 0 0 0 0 0 0 0 0 0 0 0.4 0 0 0 0 0.2 0 0 0 0 0.2 0 0 0 1.6 0 0 0 0 0 0 0 0 0 0.4 0 0 0 0.2 0 0 0.4 20 1 3.8000000000000003 2.6 0.2 0 0.2 0 0 0 0 0 0 0 0 0 0 0 0 0 0 0 0 0 0 0 0 0 0 0 0 0 0 0 0 0 0 0 0 0 0 
 9.8 12.4 16.2 0 13.8 15 40 13.8 32.6 33.800000000000004 51.800000000000004 12 13.8 17.2 13.8 12.4 20 29.200000000000003 12.4 14.600000000000001 0.2 0.4 0 0.6000000000000001 0 0 0 0 0.4 0 0 0.4 0.2 5.2 18.400000000000002 0 0.4 0.4 30.200000000000003 22.6 0.6000000000000001 0 0.8 0.4 0 0 0.4 0 0 0 0 0 0 0 14.8 0.6000000000000001 0 0 0.6000000000000001 0 0 0 0 0.4 0.6000000000000001 0 0 0 0 0.4 0 0 0.4 0 0 0 0.6000000000000001 0 0 0.2 0 2.2 0 2.8000000000000003 5 6 1.6 0 3.4000000000000004 0 3.6 0 0 1.2000000000000002 0 5.6000000000000005 0 0 4.2 0 0 3.2 0 0 0 0 1.4000000000000001 0 0 0 0 0 8 5.2 0.2 1.8 0 0 2.2 0 0 0 0 0 0 0 0 0 2.8000000000000003 0 0 0 0 0 0 0 0 0 0 0 0 0 0 0 0 0 0 0 0 0 0 0 0 0 0 0 4 0 0.6000000000000001 1 0 0 0.2 4.2 5.6000000000000005 0.4 0 0 2.2 0.2 0.2 3 0 0 2 4.6000000000000005 3.2 1.4000000000000001 0 0.4 0 0 0 0.2 0 0 2.2 6 0 0 0 0 4.800000000000001 3 1.6 0 0 0 4 2 0 0 0 0 0 0 0 0 0 0 0 0 0 0 0 5.6000000000000005 0 0 0 0 0 0 0 0 0 0 0 0 0 0 0 0 0 0 0 0 0 0 0 0 0 2.6 0 0 0 0.6000000000000001 0 0.4 18.6 5.6000000000000005 3.4000000000000004 1.4000000000000001 0 0 0 0 0 0 0 0 0 0 0 0 0 0 0 0 0 0 0 0 0 0 0 1.4000000000000001 6.6000000000000005 0 0 0 0 0 0 0 0 0 0 0 0 0 
 14.200000000000001 6.4 8 13.8 0 27.6 31.400000000000002 75.4 46.6 20.8 40 68.60000000000001 15.200000000000001 19 64.4 37.6 14.8 33 19.6 22 15 0 0.2 0.6000000000000001 0.2 0 37 3.6 0.2 0 0.8 0.4 15.200000000000001 8.8 29.200000000000003 0 1 0 0.4 15 0.6000000000000001 0 0 0 0 0.4 0.4 0.4 0.4 0 0 0 0 3.8000000000000003 0.6000000000000001 0.6000000000000001 0 0 1 0 0 0 0 0 1 0 0 0.2 0 0.4 0 0 0 0 0 0 1 0 1.2000000000000002 0 0 8.8 4.6000000000000005 0 2.4000000000000004 4.800000000000001 0.2 0 0 2.4000000000000004 14.4 2.8000000000000003 0 0 0 0 0 0 0 0.2 1.8 0 0 2.4000000000000004 0 0 0 0.2 0.4 0 0 0.4 4.2 0 2.6 0 0.2 2.8000000000000003 2.6 8.4 0 0 0 0 3.4000000000000004 1 0 0 0 0 0 0 0 0 0 0 0.2 0 0 0 0 0 0 0 0 0 0 0 0 0 0 0 0 0 0.2 0 0 0 0 0 0 1.6 0 0 0.2 0 0 0.2 0.4 0 0 0 0 0.2 2 0.2 0 0 0 0.2 0 2 0 0 0 0 0 2.6 2.8000000000000003 0 2.8000000000000003 0 2.8000000000000003 2.4000000000000004 2 0 0 0 4.6000000000000005 3 0 0 0 0.2 0 0 0 0 0 0 0.4 0 0 0 0 0 0 0 0 0 0 0 0 0 0 0 0 0 0 1.6 0 0 0 0 0 0 0 0 0 0 0 0 1.4000000000000001 0 0 0 0 0 1 1.4000000000000001 0 1.2000000000000002 0.2 0 0.2 0 0 0 0.2 0 0.4 0 0 0 0 0 0 0 0 0.2 0 0 0 0 0 1.6 0 0 0 0 0 0 0 0 0 0.4 0 0 0 0 
 51.2 72.60000000000001 9.200000000000001 15 27.6 0 7.6000000000000005 26.8 49.800000000000004 31 16.400000000000002 9.200000000000001 11.4 55.6 11 15.600000000000001 26.6 13.8 6.800000000000001 11.8 14.600000000000001 14.4 0 1 0 0 17.2 15.8 0.2 0 0 0.4 0 15.600000000000001 0.4 14.8 20.400000000000002 0.2 0 15.4 0.6000000000000001 0 0.4 0 0 0 0 0 0 0 0.2 0 0 0 0.6000000000000001 0.6000000000000001 0 0 0.6000000000000001 0 0 0 0 0 0.6000000000000001 0 0 0 0 0.6000000000000001 0 0 0.4 0 0.2 0 0.4 0 0 0 0 0 0 3.4000000000000004 2 0 0 8.6 0 0 2 7 0 2.4000000000000004 0.6000000000000001 3 2 0 0 0 3.4000000000000004 2.6 4.800000000000001 3 0 0 2.2 0.2 0 0 0 0.2 2.6 3.4000000000000004 0 0 0 7 0 6.4 0 0 0 0 0 0 0 0 0 0 0 0 0 0 0 0 0 0 0 0 0 0 0 0 0.8 0 0 0 0.2 0.2 0 0 0 0 0 0 0 0 1 0 0 0.2 0 2 0 7.6000000000000005 1 0.4 2.6 2 2.4000000000000004 0 0 0 0.2 2.8000000000000003 0 0 0 0.2 4.800000000000001 1.2000000000000002 0 0 0 0 2.8000000000000003 5.6000000000000005 3.8000000000000003 3.2 0.2 0 5 7.800000000000001 4 10.8 0.2 3.4000000000000004 3.8000000000000003 3.2 0 0 1.8 0 0 0 0 0 0 0 0 0 0 0 0 0.2 0 0 0 0 0 0 0 0 0 0 0 0 0 0 0 0 0 0 0 0 0 0 0 0 0 0 0 0 0 0.4 0.2 0 0 17.400000000000002 0 1.6 0 0 0 0 0 1.8 0 0 0 2.6 0 0 0 0.8 0 0 0 0 0 0 0 10.600000000000001 0 0 0 0 0 0 0 0.2 0 0 0 0 0 0 0 0 
 61 14.200000000000001 73 40 31.400000000000002 7.6000000000000005 0 39.2 62.2 78.2 31.200000000000003 21.6 42.800000000000004 36.4 69 26.200000000000003 22.200000000000003 41.6 8.6 70.8 0 0 0 0.6000000000000001 0 0 0 0 0 0.2 0 0.4 0 10.4 0 0 0.4 0 0.2 0 0.6000000000000001 0 0 0.2 0 0 0.6000000000000001 0 0 0 0 0.2 0 0 0.6000000000000001 0.6000000000000001 0 0 0.4 0 0 0 0 0 6.4 0 0 0 0 0.6000000000000001 0 0 0 0 0 0 0.6000000000000001 0 0.8 0 0 10.4 5 0 3 0.4 6.2 2 0.6000000000000001 0 4 3 5.800000000000001 2 0 5.4 0 4.6000000000000005 0 0 0 0 0 0 0 0 0 0 0 0 0 0 0 0 0 0 0 0 0 7.4 0 0 0 0 0 0 0 0 0 0 0 0 0 0 0 0 0 0 0 0 0 0.2 0.2 0.4 0 0.4 0 0 0 0 0.4 0 0 0 0 0.2 0 0 0 0 0 3 1.6 0.2 0 0 4.4 7.4 1.6 0 0 0 3.8000000000000003 15.600000000000001 0.2 9.600000000000001 0 3 0 3.4000000000000004 0 0 0 0 0 0.2 0 0 0 0 0 0 0.4 0 0 0 0 0 2.2 0 0 0 0 0 0 0.2 0 0 0.2 0 0 0 0 0 0 0 0 0 0 0 0 0 0 0.4 0.4 0.4 0 0 0 0 9.8 0 0 0 0 0 0.4 0 0 0 0 0 0 0 0 0 18.400000000000002 0 1 0.2 4.800000000000001 0.6000000000000001 3 0 0 0 0 0 0 0 0 0 0 0 0 0 0 0 0 0 0.4 0 0 0 0 3.6 5.800000000000001 0 0 0 0 0 0 0 7.6000000000000005 0 0 0 0 0 
 15.200000000000001 18.400000000000002 74.2 13.8 75.4 26.8 39.2 0 17.2 44.6 29.400000000000002 10.8 39.800000000000004 40.400000000000006 38.400000000000006 26 23.6 23 10.600000000000001 18.6 0 0 0.2 0.6000000000000001 0 0 0 0.4 0 0 0 0.4 19 0.6000000000000001 0 0.2 0.6000000000000001 0 0 0 0.6000000000000001 0 0 0.2 0 0 0.6000000000000001 0 0 0 1.2000000000000002 0 0 0 0.6000000000000001 0.6000000000000001 0 0 0.4 0 0 0 0 0 0.4 0 0 0 0 1.6 0 0 0 0 0 0 0.6000000000000001 0 0.8 2 7 3.6 11.200000000000001 4.4 0 8.200000000000001 2.2 1.8 3.8000000000000003 9 0 1.8 1.6 2.6 6.4 0 8.200000000000001 1.6 0.4 3.2 0.4 0 0 0 0 0 0 0 0 0 0 0 0 0 0 0 0 0 5.4 2.8000000000000003 0 0 0 0 0 0 0 0 0 0 0 0 0 0 0 0 0 0 0 0 0 0 0 0 0 0 0 0.8 0 0 0.2 0 0.4 0 0 0 0 0 0.4 0 0.4 5.2 2.6 0 4.4 0 1.2000000000000002 5 5 3 1.8 2 2.6 0 0.8 3.2 8 3.2 2.2 2 0 0 0 0 0 0 0 0 0 0 0 0 0 0 0 0 0 0 3.8000000000000003 0 0 3.6 0 0 0 0 0 0 0 0 0 0 0 0 0 2.6 0 0 0 0 0 0 0 0 0 0 0 0 0 0 0 0 2.6 0 0 0 0 0 0 0 0 0 0 0 0 0.4 0 0 0.4 0.2 0 0.8 2.2 0 0 0 0 0 0 0 0 0 0 0 0 0 0 0 0 0 0 0 0 0 0 0 0 0 0 0 0 0 0 0 0 0 0 0 0 0 
 50 39 26.6 32.6 46.6 49.800000000000004 62.2 17.2 0 41.800000000000004 41.400000000000006 27.8 85.80000000000001 43.2 35.800000000000004 33 46 15.600000000000001 14.200000000000001 21.8 0 0 0 0.6000000000000001 0 0 0 0 0 0 0 0.4 0 0.6000000000000001 0 0.4 15.200000000000001 0.2 7.2 15.600000000000001 0.6000000000000001 0 0.4 0 0 0 0 0 0 0 0.8 0 0 0 0.6000000000000001 0.6000000000000001 0 0 13.4 0 0 0 0 0 0.6000000000000001 0 0 0 0 0.6000000000000001 0 0 0 0 0.6000000000000001 0 0.4 0 0 0 2.2 2.2 3.8000000000000003 5.6000000000000005 0 0 1.2000000000000002 5 16 0 0 4 5.6000000000000005 8.200000000000001 3.2 4.2 0 4.4 2.2 0 0.2 0 0 0 0 0 0 0 0 0 0 0 0.4 3.4000000000000004 0 0 0 0 0 0 0 0 0 0 0 0 0 0 0 0 0 0 0 0 0 0 0 0 0 0 0 0 0 1.4000000000000001 0 0 0 0 0 0 0 0.6000000000000001 0 0 0 0 0 0 0 0 0 4.6000000000000005 4.800000000000001 2.2 5.800000000000001 0.4 3.4000000000000004 0.8 4 0.2 0 1.6 0.4 0 2 7 7.6000000000000005 9.200000000000001 3.8000000000000003 0 2.8000000000000003 0 0.4 0 0 0 0 0 0 0 0 0 4.4 0.2 5 0 0 0 2.4000000000000004 0 0 0 0 0.4 0 0 0 0 0 0 0.2 0 0 0 0 0 0 0 0 0 0 0 0 0 0 0 0 0 0 3.8000000000000003 0 0 0 0 0 0 0 0 0 0 0 0 0 0 0 0.2 0.2 0 17.8 19.6 3.2 0.8 0 0 0 0 0 0 0 0 0.2 0 0 0 0 0 0 0 0 0.6000000000000001 0 0 0 0.2 0 0 4 0.4 0 0 0 0 0 0 0 0.2 0 0 0 0 
 7 43.2 23.200000000000003 33.800000000000004 20.8 31 78.2 44.6 41.800000000000004 0 25.200000000000003 28.8 11.4 75.4 34.6 50 32.800000000000004 12 12.600000000000001 76.60000000000001 0 0 0 0.6000000000000001 0.2 0 0 0.4 0 0 0 0.4 6.800000000000001 0.6000000000000001 0 0 0.4 0.6000000000000001 0 0 0.6000000000000001 0 8.8 0 0 0 0.2 8.200000000000001 0 0 0 0 8.8 0 0.6000000000000001 0.6000000000000001 0.4 0 0.6000000000000001 0 0 0 0 0 0.8 0 0 0 0.8 5.2 0.4 0 0 0 0 0 0.6000000000000001 0 0 0 0 1.6 5.6000000000000005 3 0 3.6 2.4000000000000004 2.6 2 6.4 0 0 0 4.4 0 3.2 5 4 3.4000000000000004 0 9.200000000000001 0 0 0 0 0 2.8000000000000003 0 0 0 0 0 0 2 0 3 0.6000000000000001 0 3.4000000000000004 1.2000000000000002 0 0 0 0 0 0 0 0 0 0 0 0 0.6000000000000001 0 0 0 0 0 0 4.4 0 0 0 0 0 0 0 0.6000000000000001 0 0 0 0 0 0 0 0 0 0 0 0 0 5.2 2 0 2.2 2.8000000000000003 0.2 1.4000000000000001 5.6000000000000005 4.2 6 10.4 3.2 3.2 1.8 6.6000000000000005 0 2 0 1.2000000000000002 0 0 0 0 0 0 0 0 0 0 0 0 2 0 0 0 0 0 3.6 0 0 0 2.8000000000000003 0 0 0 0 0 0 0 0 0 0 0 0 0 0 0 0 0 0 0 0 0 0 0 0 0 0 0 0 0 0 0 0 0 0 0 0 0 0 0 0 0 0 0 19.400000000000002 0 18 0 1.8 1.2000000000000002 3.8000000000000003 0 0 0 0 0 0 0 0 0 5.800000000000001 0 0 0 0 0 0 0 0 0 0 0 0 0 3.6 0 0 0 0 0 0 0 0 0 0 0 0 0 
 25.200000000000003 9.200000000000001 27.200000000000003 51.800000000000004 40 16.400000000000002 31.200000000000003 29.400000000000002 41.400000000000006 25.200000000000003 0 12.4 8.8 7 37.6 65.2 47.800000000000004 14.4 9.4 29 0 14.8 0 0.8 0 0 15.4 14.8 0.4 0 14.8 0.4 15 15.4 0.6000000000000001 0 1 0.4 23 16.2 0.6000000000000001 0.6000000000000001 1.4000000000000001 0.4 0 0 0 0.4 0 0 0 0 6.2 0 0.6000000000000001 0.6000000000000001 11.4 1.2000000000000002 0.6000000000000001 0 0.2 0 0 0 0.6000000000000001 0 0.6000000000000001 0 0.6000000000000001 0.6000000000000001 0 0 0 0 0 0 0.4 0 0.4 0.2 7.4 0 1.4000000000000001 3.4000000000000004 8.6 5.6000000000000005 2.6 2.4000000000000004 3.6 2 3.2 2 0 0.2 1.8 2.4000000000000004 4.4 2.2 0 0 0.2 2 0 0 0 0 0.8 0 0 0 0 0 3.6 3.6 0 0.4 0 0.4 6.4 0 0 0 0 0 0.2 0 0 0 1.4000000000000001 0 0 0 0 0 0.4 0 0 0 0 0 3 0 0 0 0 0 0 0.2 0 0 0 0 0 0 0 0 0 0 0 0 0 3.6 5 4.6000000000000005 13.200000000000001 2.2 4 3.2 0.2 2.4000000000000004 2 8.6 0.2 5.4 0.4 7.2 4.6000000000000005 5.2 0 3.8000000000000003 0 0.4 0 3 0 0 4.4 5.4 0 0 0.2 0 11 4.800000000000001 0.4 3 0 0 19.200000000000003 2.4000000000000004 0 0 0 0 0 0 0 0 0 0 0 0 0 0 0 0 0 0 0 0 0 0 0.2 2.8000000000000003 0 0 0 0 0 0 0 0 0 0 0 0 0 0 0 0 0 2.2 0 0 0 0.8 0.6000000000000001 0.2 0.2 2 0 0.4 0 0 0 0 0 0 0 0 0 0 0.2 0 0 0 0 0 0 0 2.4000000000000004 0 0 0 0 2.6 2.8000000000000003 0 0 0 0 0 0 0 0 0 0 0 0 0 
 10.4 6.800000000000001 15.8 12 68.60000000000001 9.200000000000001 21.6 10.8 27.8 28.8 12.4 0 16.400000000000002 10 29.8 9.200000000000001 33 33.4 17.400000000000002 8.4 0 0 0 0.6000000000000001 0.6000000000000001 0 1.2000000000000002 0 14.600000000000001 0 0 0.8 0.4 0.6000000000000001 17.8 0 0.8 1.4000000000000001 14.8 0 0.6000000000000001 0 0.4 0 0 0.4 0.2 0 0 0.4 12.600000000000001 0.6000000000000001 0 0 0.6000000000000001 0.6000000000000001 0 0.2 0.6000000000000001 0 0.4 0 0 0 0.6000000000000001 0.2 1.2000000000000002 0 0.2 0.8 0.6000000000000001 0.4 0 0 4.6000000000000005 0.6000000000000001 0.4 0 0 0 2.4000000000000004 0 0 3.4000000000000004 2.4000000000000004 0 2 4 2.6 0 4.6000000000000005 4.2 0 0 0 4.4 2.2 4 0 0.2 2 4 0 0 0 2 0 0 1 0 0 0 0 2.8000000000000003 0 2.6 0 0 0 2.8000000000000003 0 0 0 0 0 0 0 0 0 0 0 0 0 0 0 0 0 0 0 0 0 0 0 0 0 0 0 0.2 0 0 0.4 0 0 0 0.4 0 0.4 0.4 0 0 4 0 0 2 0 5.6000000000000005 0 0 2.2 2 2 4.6000000000000005 0 3.6 0 10.200000000000001 2.8000000000000003 2.2 0 6 0 0 0 0 0 0 0.2 2.2 0 0 0 0 3 0 3.8000000000000003 0 0 0 7.2 0 0 0 2 0 0 0 0 0 0 0 0 0 0 0 0.2 0 0 0 0 0 0 0 0 0.4 0.2 0 0 0 0 0 0.4 0.2 0 0 0.2 0 0 0 0 0 0 4.800000000000001 0 0 0 0 0.2 0 0.2 17.6 0 4.800000000000001 0.6000000000000001 0 0 0 0 0 0 0 0 0 0 0 0 0 0 0 0 0 0 0 0 0 0 0 0.4 0 0 0 0 0 0 0 0 0 0 0 0 0 
 64 51.2 50.800000000000004 13.8 15.200000000000001 11.4 42.800000000000004 39.800000000000004 85.80000000000001 11.4 8.8 16.400000000000002 0 95 23.200000000000003 11 14.600000000000001 42.6 14.4 24 0 0 0 0.6000000000000001 11.4 0 0 0 0.2 0 0 0.4 0 0.6000000000000001 0 0 0.4 0 0 0 0.6000000000000001 0 0 0 0 0 0 0 0 0 0.6000000000000001 0 0 0 0.6000000000000001 0.6000000000000001 0 0 0.6000000000000001 0 1.4000000000000001 0 0 0 0.6000000000000001 0 0 0 0 0.6000000000000001 0 0 0 0 0 0 0.4 0 0 0 3 2 2.6 1.8 0 0 3.2 8 1.6 0 2 3 8.8 2.2 0 3.4000000000000004 5 0 0 5.800000000000001 0 0 0.6000000000000001 0 0 0 0 0 0 0 2.6 0 0 0 0 2.2 0 0 0 5.800000000000001 0 0 0 0 0 0 0 0 0 0 0 0 0 0 0 0 0 0 0 0 0 0 0 0 0 0 0 0 0 0 0 0.4 0 0 3 0 0 0 0 0 0 3.2 0.4 0 0 0.4 2.8000000000000003 4 0 0 2.6 0 1.8 3 6.6000000000000005 3.2 0 3.4000000000000004 3.6 12.200000000000001 0 0 0 0 0 0 0 0 0 0 0 0 0 0 0 0 0 0 0 0 0 0 0 0 0 0 0 0 0 0 0 0 0 0 0 0 0 0 0 0 0 0 0 0 0 0 0 0 0 0 0 0 0 0 0 0 0 0 0 0 0 0 0 0 0 0 10 0 0.2 18.8 0.4 1.2000000000000002 0 0 0.4 0 0 0 0 0 0 0 0 0 0 0 0 0 0 0 0 0 0 0 0 1.8 0 7.4 0 0 0 0 0 0 2.2 0 0 0 0 0 
 26.8 28.8 32.800000000000004 17.2 19 55.6 36.4 40.400000000000006 43.2 75.4 7 10 95 0 68.2 32.4 58.800000000000004 24.6 32.800000000000004 102.4 0 0 0 0.6000000000000001 0 0 0 0.2 0 19 0 0.4 0 0.6000000000000001 0.2 0.2 0.4 0 0.4 0 0.6000000000000001 0 0 0 0 0 0 0 0 0 2 0 0 0 0.6000000000000001 0.6000000000000001 0 12.4 0.6000000000000001 0 1.4000000000000001 0 0 0 0.6000000000000001 0 0 0 0 0.6000000000000001 0 0 0 0 0 0 0.4 0 0.2 0 1.8 4.800000000000001 2.8000000000000003 0 0 0 0 8.200000000000001 10 0 2.8000000000000003 4.4 7.6000000000000005 4.2 3.6 0.6000000000000001 3.8000000000000003 2.4000000000000004 5.2 2.8000000000000003 0.4 0 0 0 0 0 0 0 0 0 0 0 0 0.4 0 0 0 0 0 0 0 0 0.2 0 0 0 0 1.8 0 0 0 0 0 0 0 0 0 0 0 0 0 0 0 0 0 0 0 0 0 0 0 0.8 0 0 2.8000000000000003 0 0 0.2 0 0 1 4.2 0.8 0 0 0 9 5 0.2 0.2 0 0 4.6000000000000005 0.2 7.2 0.2 0.6000000000000001 5 6.2 7.4 0 0 0 0 0 0 0 0 0 0 0.4 0 0 0 0.2 0 0 0 0 0 0 0 0 0 0 0 0 0 0 0 0 0 0 0 0 0 0 0 0 0 0 0 0.4 0 0 0 0 0 0 0 0 0 0 0 0 0 0 0 0 0 0 0 0 0 0 0 17.400000000000002 0 0.4 0.4 0.4 3.2 0 0 0 0 0 0 0 0 0 0 0 0 0 0 0 0 0 0 0 0 0 0 0 2.4000000000000004 0 9 0 0 0 0 0 0 0 0 0 0 0 0 
 19.200000000000003 46.2 54.800000000000004 13.8 64.4 11 69 38.400000000000006 35.800000000000004 34.6 37.6 29.8 23.200000000000003 68.2 0 97.2 27 35 10.4 21 0 0 0.4 0.6000000000000001 0 0 0 0 0 0 0 0.6000000000000001 0 0.6000000000000001 0 0 0.4 0.2 0 0 0.6000000000000001 0 0 0 0 0 0 0 0 0 0.4 0 0 0 1 0.6000000000000001 0 0.6000000000000001 0.6000000000000001 0 0 0 0 0 0.6000000000000001 0 0 0 0 0.6000000000000001 0 0 0 0 0 0 0.4 0 0.6000000000000001 0 0 3.4000000000000004 5.2 0 0 2.6 4 0 7.800000000000001 2.8000000000000003 0 3.4000000000000004 1.8 4.4 0 0.2 0 2.8000000000000003 6.4 5.2 1.8 0 0 0 0.4 0.2 0 0 0 0 0 0 0 0 0 0 0 0 0 2.8000000000000003 0 0 1 0 0 0.6000000000000001 0 0.4 0 0 0 0 0 0 0 0.4 0 0 0 0 0 0 0 0 0 0 0 0 0.2 0 0 0 0 0 0 1.4000000000000001 0 2 0 0.4 0 3.6 3.8000000000000003 0 0.6000000000000001 0 0 0 0.2 0 3.4000000000000004 0 4.4 0.2 4.4 1 2 5.2 4.6000000000000005 8.8 0 0 0 0 0.2 0 0 0 0 0 0 0 0 0 0 0 0 0 2.8000000000000003 0 0 0 0 0 0 0 0 0 0 0 0 0 0 0 0 0 0.6000000000000001 0 0 0 0 0 0 0 0 0 0 0 0 0 0 0 0 0 0 0 0 0 0 0 0 0 0 0 0 0 0.8 0 0.6000000000000001 1 0 0.6000000000000001 0.2 0 0 0 0 0 0 0 0.2 0 0 0 0 0 0 0 0 0 0 0 0 0 0 1.4000000000000001 0 0 0 0 0 0 0 0 0 0 0 3.2 0 0 
 24.400000000000002 75 67.60000000000001 12.4 37.6 15.600000000000001 26.200000000000003 26 33 50 65.2 9.200000000000001 11 32.4 97.2 0 32.4 9.4 9.200000000000001 15.8 0 0 0.2 0.6000000000000001 0 0 0.4 0.4 0 0 0 0.4 16 0.6000000000000001 0.8 0 0.4 0 0 0 0.6000000000000001 0 0 0 0 0.2 0.2 0 0 0 0 0.2 0 0 0.6000000000000001 0.6000000000000001 0 0 0.6000000000000001 0 1 0 0 0 12 0.2 0 0 0 0.6000000000000001 0 0 0 0 0 0 0.4 0 0.6000000000000001 0 2 4.2 7.4 2.2 0.4 4.800000000000001 5.4 3.2 7.2 2.6 0 0 5.6000000000000005 9.4 0 6.2 6.4 4.2 2.8000000000000003 1.8 0.2 0 0 0 0 0.4 3.2 0 0 0 0 0 0 0 0 0 0.2 0 3.2 1 0 0 0 0 0 3 0 0 0 0 0 0 0.2 0 0 0.4 0 0 0 0 0 0 0 0 1.2000000000000002 0 0.2 1 0 0 0 0 0 0 0 0 0 0 0 0 0 3.2 2.4000000000000004 0 4.4 0 3.2 0 5.4 0.2 2 0 1.4000000000000001 0 4.6000000000000005 4 2.8000000000000003 0.8 2.2 7.800000000000001 0 0 0 0 0 0 0 0 0 0 0 0 0 4.6000000000000005 0 0 0 0 4.6000000000000005 0 0 0 0 0 0 0 0 0 0 0 0 0 0 0 0 0.2 0 0 0 0 0.4 0 0 0 0 0 0 0 0 0 0 0 0 0 0 0 0 0 0 0 0 0 0 0 0 0 0.2 0.2 17.6 0 3.8000000000000003 0.6000000000000001 0 0 0 0 0 0 0 0 0 0 0 0 0 0 0 0 0 0 0 0 0 0 0 0 4 0 0 0 0 0 0 0 0 0 0 0 0 0 
 17.400000000000002 13.200000000000001 33.800000000000004 20 14.8 26.6 22.200000000000003 23.6 46 32.800000000000004 47.800000000000004 33 14.600000000000001 58.800000000000004 27 32.4 0 47.800000000000004 8.200000000000001 28 0 0 0 0.6000000000000001 0 0 0 0.6000000000000001 0.4 0.4 0 6.800000000000001 0 1.2000000000000002 0 3.2 0.8 0.2 14.8 8.4 0.6000000000000001 0.6000000000000001 0.4 0 0 0 0 12.600000000000001 0 0 1.2000000000000002 0 0 0 0.6000000000000001 0.6000000000000001 0.6000000000000001 1.2000000000000002 0.6000000000000001 0 0 0 0.8 0 0.6000000000000001 0 0 0 0 0.6000000000000001 0 0 0 1.2000000000000002 0 0 1.2000000000000002 0 0 0.4 9 3.2 2 5.800000000000001 0.4 3.4000000000000004 1.8 7.800000000000001 5.4 2.2 3.2 5 0.2 2.4000000000000004 6.2 3.2 9.600000000000001 1 2.4000000000000004 2 0 0 0 0 0 0 0 0 0 0 0 0 0 4.6000000000000005 0 0.4 0 0 0 0 0 0 0 0 0 0 0 0 0 0 0 0 0 0 0 0 0 0 0 0 0 0 0 0 0 0 0.2 0 0 0.4 0 0.8 0 0 1.2000000000000002 0 0 0 0 0 0 7.800000000000001 3.8000000000000003 2 2.6 0 0 8.200000000000001 1 0.6000000000000001 1 5.2 3.2 9 2.8000000000000003 9.4 6.6000000000000005 2.4000000000000004 0.2 4.6000000000000005 0 0 0 0 0 0 0 0 0 0 0 0 3 0 1 0 0 0 2 0 0 0 3 0 0 0 0 0 0 0 0 0.2 0 0 0 0 0 0 0 0 0.4 0 0 0 0 0 0 0 0 0 0 0 0 0 0 0 0 0 0 0 0 0 0 0 0 0.2 4.800000000000001 0 0.4 3.8000000000000003 0.2 2.2 0 0 0 0 0 0 0 0 0.2 0 0.6000000000000001 0 0 0 0 0 0 0 0 0 0 0 0 4.4 0 2.6 0 0 0 0 0 0 0 0 0 0 0 2 
 26.200000000000003 7.800000000000001 35.800000000000004 29.200000000000003 33 13.8 41.6 23 15.600000000000001 12 14.4 33.4 42.6 24.6 35 9.4 47.800000000000004 0 5.2 30.8 0.2 0.2 0 0.6000000000000001 0 0 0 0 0.2 0 0 0.4 0 0.6000000000000001 0 0 0.4 0 0.2 0.4 0.6000000000000001 0 0 0 0 0 0 0.4 0 0 0.2 0 0 0 0.6000000000000001 1 0 0 0.6000000000000001 0 0 0 0 0 0.6000000000000001 0 0 0 0 0.6000000000000001 0 0 0 0 0 0.4 0.4 0 1.6 0 6.6000000000000005 3 2.2 4.800000000000001 7.800000000000001 4.800000000000001 2 5.6000000000000005 0.4 2.2 1.8 4 0 0 1.8 6.4 5.6000000000000005 2 0 0.2 0 3.8000000000000003 0 0 0 0 0 0 0 0 0 0 0 0 0 0.6000000000000001 0 0 0 2.6 0 0 0 0 0 0 0 0 3.4000000000000004 0 0 0 0 0 0 0 0 0 0 0 0 0 0 0 0 0.4 0 0.2 0 0 0 0 0 0 0.2 0 0 0 0 0 0 10.4 2 0.2 0 0.6000000000000001 4 5.4 4.6000000000000005 2.2 3.8000000000000003 2.8000000000000003 0 5.6000000000000005 2 8.4 0 7.6000000000000005 0 4.6000000000000005 0 0 0 0 0 0 2 4.2 0 0.4 0 0 1.8 0.2 0 0 0 0 3.4000000000000004 0 0 0 1 0 0 0 0.4 0 0 0 0 0 0 0 0 0 0 0 0 0 0 0 0 0 0 0 0 0 0 0 0 1 0 0 0 0 0 0 0 0 0 0 0 0 0 0.2 0.8 0.6000000000000001 0.8 0.6000000000000001 0.4 2.6 0 0 0.2 0 0 0 0 0 0 0 0 0 0 0 0 0 0 0 0 0 0 0 0 2 1.8 0 0 0 0 0 0 0 0 0 0 0 0 0 
 10.8 9.8 7 12.4 19.6 6.800000000000001 8.6 10.600000000000001 14.200000000000001 12.600000000000001 9.4 17.400000000000002 14.4 32.800000000000004 10.4 9.200000000000001 8.200000000000001 5.2 0 35.2 0.6000000000000001 0.4 40.2 0.6000000000000001 0.2 0 0.4 0.4 0.6000000000000001 0 0 0.4 0.4 1.4000000000000001 0.6000000000000001 0 1 0.4 0 0.8 0.6000000000000001 0.4 0.6000000000000001 0.6000000000000001 0 0 0.4 0.6000000000000001 0.2 0.4 0 0 0 0 0.6000000000000001 1 0.2 0.2 0.6000000000000001 0 0.4 0 0.2 0 1.2000000000000002 0.6000000000000001 2.4000000000000004 0 0.2 0.4 0.8 0.6000000000000001 0 0 0 0 0.8 0.4 0 0 2.2 0 0 0.4 0 0 0.2 0 0.4 0 2 0 0 0.2 7.2 2 0 0 6.4 3.2 0 0 0 0 0 0 0 0 0 0 0 0 0 0 0 0 0 0 0 0 0 0 0 0 0 0 0 0 0 0 0 0 0 0 0 0 0 0 0 0 0 0 0 0 0 0 0 0 0 0 0.4 0 0 0 0 0 0 7.2 0 0 2.6 0 0 0 0 0 0.2 0 0 0 0 0 0 2.8000000000000003 0 0 0 0 0 0 0 0 0 0 0 0 0 0 0 0 0 0 0 0 0 0 0 0 0 0 0 0 0 0 0 0 0 0 0.2 0 0 0 0 0 0 0 0 0 0 0 0 0 0 0.4 0.6000000000000001 0 0 0 0 0 0.4 0.6000000000000001 0 0 0.2 0 0 0 0 0 0 0 0 0 0 0 0.2 0 0.4 0 0 3.6 0 0 0 0 0 0 0 0 0 0 0.4 0 0 0 0 0 0 0 0 0 0 0 0 0 0 0 0 0 0 0 0 0 0 0 0 0 0 0 
 23.6 7.800000000000001 84.60000000000001 14.600000000000001 22 11.8 70.8 18.6 21.8 76.60000000000001 29 8.4 24 102.4 21 15.8 28 30.8 35.2 0 0 0 0 0.6000000000000001 0 0 0.6000000000000001 1 0 0 0 0.4 0.4 1.6 0.6000000000000001 0 0.4 14.4 0.6000000000000001 1 0.6000000000000001 0 0 0 0 1.2000000000000002 1.2000000000000002 1.6 0.6000000000000001 0 0.6000000000000001 0 0 0 0.6000000000000001 0.6000000000000001 0 0 1.8 0 0 0 0 0.8 4.2 0 0 0 0 1 0 0 0 0 0 0 0.6000000000000001 0 6.2 0 2.8000000000000003 13 6.2 4.6000000000000005 2.4000000000000004 0 0 9.4 0 0 0 6 3.6 0.4 5.4 8.8 2.6 0 1.8 0 0.2 0 0 0 0 0 0 0 0 0 0 0 0 0 0 0 0 0 0 2.2 0 0 0 0 0 0 0 0 0 0.4 0 0 0 0 0 0 0 0 0 0 0 0 0 0 0 0 0 0 0 0 0 0 0 0 0 0 0 0 0 0 2.2 6.2 5.2 0.4 0 0 2.4000000000000004 6.2 6.6000000000000005 0.2 0 0 2 2.4000000000000004 2 9.600000000000001 0 5.6000000000000005 0 0.2 0 0 0 0 0 0 0 0 0 0.2 0 0.4 0 0 0 0 0 0 0 1.6 0.2 0 0 0 0 0 0 0 0 0 0 0 0 0 0 0 0 0 0 0.2 0 10.200000000000001 0 0 0 0 0 0 0 0 0 0 0 0 0 0.4 2.8000000000000003 0 0 0 0 0 0 0 0 0.4 0 0 0.2 0.4 0.2 1.6 3.4000000000000004 0 0.2 0 0 0 0 0 0 0 0 0 0 0 0 0 0 0 0 0 0 0 0 0 0 0.2 0 0 0 0 0 0 0 0 0 0 0 0 
 0 0 0.4 0.2 15 14.600000000000001 0 0 0 0 0 0 0 0 0 0 0 0.2 0.6000000000000001 0 0 50.400000000000006 72.2 10.600000000000001 8.6 52.800000000000004 54.6 44 21.8 17.400000000000002 19.200000000000003 20.200000000000003 26 11 9.600000000000001 25 23.400000000000002 6.2 40.400000000000006 17.6 0 0 0.8 0 0.6000000000000001 0 0 0.6000000000000001 0 0 0.8 0 0 0 0 0.6000000000000001 0 0 0 0 0 0.4 0.4 0.8 0 0 0 0 0 0.6000000000000001 0 0 0.6000000000000001 0 0 0 0 0 0 0 0 0 0 0 2.2 4 0 0 0 0 0 0 0.4 0 0 0 0 0 0 0 0 2.6 8 4.4 0 0 3.8000000000000003 6.6000000000000005 4 0 0 1 0 0.6000000000000001 10.600000000000001 2.8000000000000003 0 0.4 1.6 2.4000000000000004 0 0 0 0 0 0 0 0 0 0 0 0 0 0 0 0 0 0 0 0 0 0 0 0 0.6000000000000001 0 0 0 0 0 0 0 0 0 0 0 0 0 1.2000000000000002 0 0 0 0.4 2.4000000000000004 0.2 0 0 0 0 0 0 11.4 0 0 0 0 0 0 0 0 6.2 8.6 0.2 8.6 0 0 9.4 0 1 7.6000000000000005 2.2 2.2 0.2 3.8000000000000003 2.8000000000000003 3.6 2 2.2 0 0 0 0 0 0 0 0 0 0 0 0 0 1.4000000000000001 0 0 0 0 0 0 0 0 0 0 0 0 0 0 0 0 0 0 0 0 0 0 0 0 0 0 0 2.8000000000000003 0 0 1.6 0 0 0 0 0 0 0 0 0 0 0 4.2 0 0.4 0 0 0 0 0 0 0 0 0 0 0 0 0 0 0 0 0 0 0 0 0 0 0 0 0 0 0.4 0 0 0 0 0 0 
 0.6000000000000001 0.2 0 0.4 0 14.4 0 0 0 0 14.8 0 0 0 0 0 0 0.2 0.4 0 50.400000000000006 0 49.400000000000006 27.6 19.8 6.800000000000001 29.200000000000003 37.4 22 41.6 17.8 20.400000000000002 24.6 27.8 82.80000000000001 65.2 20.200000000000003 68 29.400000000000002 125.60000000000001 0 0 0.6000000000000001 0.6000000000000001 0.6000000000000001 0 0 0.6000000000000001 1 0 1.2000000000000002 0 0 0 0 0.4 0 0 0.2 0 0.2 0.6000000000000001 0 0.6000000000000001 0 0 0.6000000000000001 0 0 0.6000000000000001 0 0 0 0 0 0 0 0 0 0 0 0 0 0 1.6 0 0 0 0 0 0 0 0 0 0 0 0 0 0 0 0 6.6000000000000005 2.4000000000000004 3.4000000000000004 2 2 1.4000000000000001 1.6 2.4000000000000004 4 5.6000000000000005 6.2 1.8 0.2 3 2.6 0 2 2.2 0 1.4000000000000001 0 0 0 0 0 0 0 0 0 0 0 2.2 0 2.8000000000000003 2.6 0 0 0 2.2 0 0 0.4 0 0.6000000000000001 0 0 0 0 0 0 0 0.4 0 0 0 0 0 0.4 0 0 0 0 2.8000000000000003 0 7.800000000000001 0 0 0 0 0 1 0 0 0 0.8 0 0 0 0 3 2.4000000000000004 6 7.4 2.4000000000000004 0 8.4 0 2.4000000000000004 2.6 3.8000000000000003 5.2 2.8000000000000003 1.2000000000000002 0.4 6 1.4000000000000001 0 2 1.8 0 0 0 0 0 0 0 5.6000000000000005 0.2 0 0.2 0 0 0 1.6 0 0 0 0 3.6 0 0 0 0 0 0 0 0 0 0 0 0 0 0 0 0 0 0 0 0 0 0 0 0 0 0 0 0 0 0 0 0 0 0 0.8 0 0.4 16 0 0 0 0.2 0 0 0 0 0 0 0 0 0 0 0 0 0 0 0 0 0 1.6 0 1.4000000000000001 0 0 0.4 0 0 0 0 0 
 0 0 0.6000000000000001 0 0.2 0 0 0.2 0 0 0 0 0 0 0.4 0.2 0 0 40.2 0 72.2 49.400000000000006 0 20 13.600000000000001 7.4 28.200000000000003 21.6 38.6 40.6 40.400000000000006 55 56.2 64 27.8 39.800000000000004 68.8 36.800000000000004 8.4 6.4 0 0 0.6000000000000001 0 0.6000000000000001 0 13.8 0.6000000000000001 1.8 0.2 0.8 0 7.2 0 0 0.8 0.4 2 0.4 0 0 0.4 0 0.6000000000000001 0 0 0 0 0.2 0.6000000000000001 0 0 0.4 0 0 0.4 0 0 0 0 0 0 0 0 0 2.6 0 0 0 0 0 0 0 0 0 0 0 0.4 0 0 0 0.2 5 7 1.8 2 4.2 8.200000000000001 3.6 5.800000000000001 9.4 5.4 3.4000000000000004 0 4 5.800000000000001 5.4 0 1.6 0 0 0.4 0 0 2.6 0 2.6 0 0 0 0.4 0 2 0 0 0 0 0 0 0.2 0.8 0 1 1.2000000000000002 0 0.4 0 0 0 0 0 0 0 0 0 1 0 0.4 0 0 1.2000000000000002 0 3.2 0 0 3.8000000000000003 0 0 0 0 2 0 0 0 0 0 1.6 0 0.4 0 2.2 4.2 11 8.8 0 2.6 1.8 1.8 7.800000000000001 5.800000000000001 12.4 0.4 2.8000000000000003 4.4 0.2 3.4000000000000004 12.600000000000001 3 0.2 7.800000000000001 0 0 2 0 0 0 0 0 0 0 0 0 3.6 2.4000000000000004 0 0 0 0 0.2 5.6000000000000005 0 0 0 0 0 0 0 0 0 0 0 0 0 2 0 0 0 0 0 0 0 0 0 0 0 0 0 0 0 0 0 0 0 0 2 0 0.2 0.2 8.200000000000001 0 0.2 0 0 0 0 0 0 0 0 2.4000000000000004 0 0 0 0 0 0 0.4 0 0 0 0 1.2000000000000002 0 0 0 0 0 0 0 0 
 0.6000000000000001 0.6000000000000001 1.2000000000000002 0.6000000000000001 0.6000000000000001 1 0.6000000000000001 0.6000000000000001 0.6000000000000001 0.6000000000000001 0.8 0.6000000000000001 0.6000000000000001 0.6000000000000001 0.6000000000000001 0.6000000000000001 0.6000000000000001 0.6000000000000001 0.6000000000000001 0.6000000000000001 10.600000000000001 27.6 20 0 31.400000000000002 9.600000000000001 15.200000000000001 17.8 18.2 32.2 22.8 43.400000000000006 14.200000000000001 12.8 18.6 97.2 24 29 13.4 10 54.2 0 0.6000000000000001 0 0.6000000000000001 0 0 13.600000000000001 0.8 0 0.6000000000000001 0 12.4 12.600000000000001 0 0.6000000000000001 0 0 17 0 0 0.4 0 0.6000000000000001 0 0 0 0 0.8 0.6000000000000001 0 0 0.2 0 0 0 0 0 0 0 0 0 0 0 0 2 0.4 0 0 0 3.4000000000000004 0 0 0 0 0 0 0 0 0 0 0 0 2.6 2.2 1.2000000000000002 0 0 0 2.2 0 0 0 0 0 14 2.6 2.2 0 0 1.6 3 2.2 0.2 0 0 4.800000000000001 2 0 2 0 0 0 6.6000000000000005 2.4000000000000004 3.6 0 0.4 4.2 5.800000000000001 0 0 0 0 0 0 0 1.4000000000000001 0.2 0 0 0 0 0 0 0 0.2 0.2 0 0 4.4 0 0 0 0 0.4 0 0 0.6000000000000001 0 1 0 0 0 0 0 1.4000000000000001 0 0 0 0 0.2 0 4 7.6000000000000005 2 0 0 3.6 2.6 0 5.800000000000001 0 0 0 0 0 3.4000000000000004 0 0 0.6000000000000001 0.6000000000000001 1.6 0 0 0 0.4 6.4 2.6 0 2.4000000000000004 0 1.8 3 1.8 7.4 1.4000000000000001 0 5.2 2.2 0 0 0 0 0 0 0 0 0 0 0 0.2 0 0 0 0 0.4 0 0 0 0 0 0 0 0 0 0 0 0 0 0 0 0 0 1.4000000000000001 0.4 0 15.8 0.6000000000000001 0 0.8 0 0 0 0 0 3.6 0 0 0 0 0 0 0 0 0 0 0 0 2 0 1.2000000000000002 0 0 0 0 2.2 0 0 0.4 
 0.4 0 0 0 0.2 0 0 0 0 0.2 0 0.6000000000000001 11.4 0 0 0 0 0 0.2 0 8.6 19.8 13.600000000000001 31.400000000000002 0 30 6.800000000000001 11.200000000000001 73.60000000000001 65.8 13.600000000000001 53.800000000000004 70.2 17.2 19.200000000000003 22 11.8 8.8 58.800000000000004 16 48 13 0.6000000000000001 0 0.6000000000000001 1.6 16 13.600000000000001 3.8000000000000003 13.4 0.8 0.2 6.4 18 4 0.4 13.4 0 0.4 14.200000000000001 0 0.6000000000000001 0 0.6000000000000001 0 0 0 0 0 0.6000000000000001 0 0 0 0 0 0 0 0 0 0 0 0 0 0 0 0 0 0 0 0 0 0 0 0 0 0 0 0 0 0 0 0 0 7.4 11.8 0 3.6 3.6 5.6000000000000005 0 2.4000000000000004 0 0 0 1 0 0.6000000000000001 0 0 0 6.6000000000000005 0.2 2.8000000000000003 4 0 0 0 2.8000000000000003 2 0 3 0 2.2 0 2 0 3.2 0 6.2 3.8000000000000003 0 0 0 0 0 4.4 0 0 2 0 0 0 0 4.2 0 0 0 0.8 0 0.2 0 6 0 0 0 0 0 0 0 3.4000000000000004 0 0 0 0 0 0 0 0 0 0 0 0 2.4000000000000004 5.4 4.800000000000001 1.2000000000000002 0 0 0 0 2.8000000000000003 0 0 0 0 0 0 0 0 0 6.800000000000001 6.2 0.2 0 0 2 0.8 2 11.200000000000001 1.8 2.6 0 7 0 7.800000000000001 4.2 0 0.2 0 0 0 0 0 0 0 0 0 0 0 0 0 0 0 0 0 0 0 0 0 0 0 0 0 0 0 0 0 0 0 0 0 0 0 0 1.8 0 0 0 0.2 0 0.4 0.4 0 0 0 2.8000000000000003 0 0 0 0 0 0 0 0 0 0 0 0 0 0 0 0 4.4 0 1.6 0 0 0 0 0 
 0 0 5.4 0 0 0 0 0 0 0 0 0 0 0 0 0 0 0 0 0 52.800000000000004 6.800000000000001 7.4 9.600000000000001 30 0 8.200000000000001 83.2 30.400000000000002 22 24.8 9.4 4.6000000000000005 12.600000000000001 14.600000000000001 15 36 56 11.600000000000001 52.6 0 11.4 13.600000000000001 0 0.6000000000000001 1 0 0.6000000000000001 0 15 0.6000000000000001 0 0 0 12.4 0.6000000000000001 0 0 24.8 10.8 0 0.4 0 0.6000000000000001 0 9.600000000000001 0 1 0 0.6000000000000001 0 0 0.6000000000000001 0 0 0 0 0 0 0 0.2 0 0 0 0 0 0 0 0 0 0.4 0 0 0 0 0 0.2 0 0 0.2 0 0 0 3.4000000000000004 7.4 0 0 0 6.800000000000001 6 9.200000000000001 0 0 0 0 0 3 0 0 0 4.6000000000000005 3.8000000000000003 0 0 0 0 4.2 3 1.8 0 0.6000000000000001 1.6 7.6000000000000005 0.2 4 0.4 0 0 9 2.8000000000000003 0 0.4 0 0.6000000000000001 0 0 0 0 0.8 0 0 0 3.8000000000000003 0 2 0.6000000000000001 0 1 0 0 4 0 0 0 0 0 0 0 0 0 0.4 0 0 0 0 0 0 0 0 0 1.6 0 0 8.6 13.4 0 0.4 0 0 3.6 0 0.2 0 0.2 0 0 0 3.6 0 0 7.4 5.2 0 0 0 0 1.8 0 0 0 0 0.2 0.8 8.200000000000001 6.6000000000000005 7.6000000000000005 1.8 0 0 1.8 0 0 0 0 0 0 0 0 0 0.2 0 0 0 0 0 0 0 0.4 0 0 0 0 0 0 0 0 0 0 0 0 0 0 0 0 1.6 0.8 0 15 15.4 1 4.4 0.2 0 0 0 0 0 0 0 0 0 0 0 0 0 0 0 0 0 2 0 0 1.6 0 0 0 0 0 0 0 
 0 0 0.6000000000000001 0 37 17.2 0 0 0 0 15.4 1.2000000000000002 0 0 0 0.4 0 0 0.4 0.6000000000000001 54.6 29.200000000000003 28.200000000000003 15.200000000000001 6.800000000000001 8.200000000000001 0 38.6 15.8 9 15.8 7.6000000000000005 27 117.2 79.4 32.2 24 9.600000000000001 93.4 61.400000000000006 0 0 0.6000000000000001 0 0.6000000000000001 0 0 0.6000000000000001 40.6 0 0.8 0 0 0 0 0.6000000000000001 0 0 0 0 0 0.6000000000000001 0 0.6000000000000001 0 0 0 0 0 0.6000000000000001 0 0 0.2 0 0 0 0 0 0 0 0 0 0 0 2 4.4 0.4 0 0 0 0.2 0 0 0 0 0 0 0 0 0 0 4.800000000000001 13.200000000000001 4 0 0 0 5.6000000000000005 3.6 0 0 0 7 0.2 3.6 0 0.2 4.4 4.6000000000000005 1.4000000000000001 0 0 0 0 2.2 0 0 0 0 0 0 0 0 0 0 0 0 0 0 0 0 0 0 0 0.8 0 0 0 0 0 0 0 0 0 0 0 0 0 1 0 0 0 0 2 0 4.2 0 0 0 0 0 4.2 0 0 0 0.8 0 0 0 0 18.400000000000002 2.6 0 3.8000000000000003 0 0 5 1.8 8.4 2 1.6 0 7.2 12 3.8000000000000003 6 2 3.2 13 7 0 0 0 0 0 0 0 0 0 0 0 0 0 0 0 0 0 0 7.2 0 0 0 0 0 0 0 0 0 0 0 0 0 0 0 0 0 0 0 0 0 0 0 1.8 0 0 0 0 0 0 0 0 0 0 0 1.4000000000000001 0 0.4 0.8 0 0.4 0.4 0.6000000000000001 0 0 0 0.2 0 0 0 0 0 0 5.800000000000001 0 0 0 0.2 0 0 0 0 0.2 0 0 0 0 0 0 0 0 
 0 0 0.6000000000000001 0 3.6 15.8 0 0.4 0 0.4 14.8 0 0 0.2 0 0.4 0.6000000000000001 0 0.4 1 44 37.4 21.6 17.8 11.200000000000001 83.2 38.6 0 81 54.400000000000006 20.400000000000002 5.4 39 21 50.400000000000006 71 6.6000000000000005 45.800000000000004 28.6 126.4 0 0.4 0.6000000000000001 0 0.6000000000000001 0 0 0.6000000000000001 0 0 1 0 0 0 0 0.6000000000000001 0 0 26.8 0 0 0.4 0 1.2000000000000002 0 0 0 0 0.2 8.8 0.6000000000000001 0 0.2 0 0.2 0 0 0 0 0 0 0 0 0 0.2 2 0 0 0 0 1.4000000000000001 0.2 0 0 0 0 0 0 0 0 0 4.4 2.6 0 0 2.4000000000000004 0 0 1.4000000000000001 4.4 1.8 6.800000000000001 2.4000000000000004 0.2 2.2 0 0.4 0 2.4000000000000004 1.6 2.6 0 0 0 0 0 2.6 1.6 0 0 0 0.4 1.8 0 0 0 0 0 2 0 0 0 0 0.8 0 0 0 0 0 0 0 0 0 0 0 0.6000000000000001 0 0 0 0 0 0.4 0 0 0 0.2 0 0 0 0 0 1.6 0 0 0 0.8 0 0 0.2 0 4.6000000000000005 5.4 1.8 4 0 0 2.2 0.2 0 5 2.6 2.2 0 2.2 0 1.6 0 4.800000000000001 2 5.4 0.2 0 0 0 0 0 0 0 0 0 0 0 0.2 0.4 0.8 0 0 0 2.4000000000000004 2.6 0 0 0 0 0 1.8 0 0 0 0 0.4 0 0 0 0 0 0 0 0 0 0 0 1.4000000000000001 0 0 0 0 0 0 0 0 0 0 0 1 0 0 0.4 0 0.4 0.8 0.4 0 0 0 0 0 0 0 0 0 0.2 0 0 0.4 0 0 0 0 0 0 0 0 0 0 2.4000000000000004 0 0 0 0 
 0.4 0 0 0.4 0.2 0.2 0 0 0 0 0.4 14.600000000000001 0.2 0 0 0 0.4 0.2 0.6000000000000001 0 21.8 22 38.6 18.2 73.60000000000001 30.400000000000002 15.8 81 0 78.4 21 51 82.60000000000001 34.2 64.8 49.800000000000004 8.4 54 14.8 14.4 0 0 1.4000000000000001 0 0.6000000000000001 0 0 0.6000000000000001 0.2 0 2.4000000000000004 0 5.800000000000001 0 0 0.6000000000000001 0 0.6000000000000001 5.6000000000000005 0 0 0.6000000000000001 0.8 0.6000000000000001 0 0 0 0 0 0.6000000000000001 0 0 0 1.2000000000000002 0 0 0.8 0 0 0 0 0 0 0 0 0 0 0 0 0 1.4000000000000001 0 0.4 0 0 0.6000000000000001 0 0 1.6 0.4 0 5.6000000000000005 1.6 6 2.2 2.2 3.4000000000000004 3.4000000000000004 5.2 8.200000000000001 5.800000000000001 6.2 0.2 2.4000000000000004 2.2 0.4 6.2 0 0 0 0 0 0 0.4 0 0 4.2 4.4 0 0 0 0 0 4 0 5.2 0 0 2.4000000000000004 1.6 0 0 0 0.8 0 0 0.2 0 0 0 0.6000000000000001 0 1.6 0 0 0.8 0 0 0 0 3.8000000000000003 0 0 0 0 0 0 0 0.2 0 0.8 0 0 0 0 0 2.8000000000000003 0 0 0 0 2.8000000000000003 8 5.2 0 0 2.6 0.2 0 4.800000000000001 3.4000000000000004 7.6000000000000005 0 0.2 0 0 0 4.2 0 0.2 0.2 0 3 0 0 0 0 2.4000000000000004 0 0 0 0 4.800000000000001 5 0.2 0 0 0 1.4000000000000001 2.2 0 0 0 0 0 0 0 0 0 0 0 0 0.2 0 0 0 0 0 0 0 0 0 0 0 0 0 0 0 0 0 0 0 0 0 2.2 0.2 0.4 0 2.4000000000000004 0 0.2 0.4 0 0 0 0 0 0 0 0 0 0 0 0 0 0 0 0 0 0 0 1.6 0 0 0 1.8 0 0 0 0 
 1.2000000000000002 0 0 0 0 0 0.2 0 0 0 0 0 0 19 0 0 0.4 0 0 0 17.400000000000002 41.6 40.6 32.2 65.8 22 9 54.400000000000006 78.4 0 42.2 34.2 19.200000000000003 15.8 23.200000000000003 27 19.200000000000003 66.60000000000001 17.8 25.6 0 0 0.6000000000000001 0 0.8 0 0 0.6000000000000001 0 0 11.600000000000001 0 0 5.800000000000001 0 0.6000000000000001 0 3.2 0.2 0.2 0 0.4 0 0.6000000000000001 0 0 0 0 0 9.600000000000001 0 0 0.6000000000000001 0 0 0 0 0 0 0 0.2 0 0 0 0 0 0 0 0.2 0 0 0 0 0 0 0 0 0 0 0 0.4 4.800000000000001 1.8 9.600000000000001 7 3.6 3 5.800000000000001 0 4.2 6.6000000000000005 4.4 0 0 0 0 3 1.2000000000000002 0 0 3.8000000000000003 0 0.2 0 0 0 3.2 2 0 0 0 0 7.2 0.2 0 0 0 0 2.6 2.6 0 0 0.4 0.4 0 0 0 0 0.6000000000000001 0 0 0 0 0.6000000000000001 0 0 0 0.4 0 0 4.800000000000001 0 0 0 0 0 0 0 0 1 0 0 0 0 0 0 0.4 0 2.4000000000000004 0 0 3.2 2.4000000000000004 5.2 8.8 4.2 4 0 4.4 4.2 2.2 8.6 0.4 3 0 3.4000000000000004 1.6 0 0 2 2.4000000000000004 0 0 0 0 0 0 0 5.800000000000001 0 0 0 0 5.4 3.8000000000000003 0 0 0.2 5.4 1.6 0.2 0 0 0.4 0 0 0 0 0 0 0 0 0 0 0 3 0 0 4.2 0 0 0 0 0 0 0 0 0 0 0 0 0 0 0 0.8 0 0 17 0.2 0 3.4000000000000004 2.4000000000000004 0 0 0 0 0 0 0 0 0 0 0 0 0 0 0 0 0 1.8 0 0 0 0 0 0.2 0 0 0 0 
 0 0 0.4 0 0.8 0 0 0 0 0 14.8 0 0 0 0 0 0 0 0 0 19.200000000000003 17.8 40.400000000000006 22.8 13.600000000000001 24.8 15.8 20.400000000000002 21 42.2 0 9.8 2.4000000000000004 64.8 29.400000000000002 62.6 65.4 43.2 38 29 0.2 0 0.6000000000000001 0 0.6000000000000001 0 0 0.6000000000000001 0 0 0.6000000000000001 0 20.8 0 0 0.6000000000000001 0 0 0 0 0 0.4 0 0.6000000000000001 0 8.8 3.2 0 0.2 0.6000000000000001 0 0 0.6000000000000001 0 0 0 0 0 0 0 0 0 0 0 0 0 0 0 0 0 0.4 0 0 0 0 0 0.2 0 0 0 0 3 1.2000000000000002 2.6 2.2 3.6 0 6.2 2 8 6.6000000000000005 0 1.8 0 4.4 0 5.800000000000001 4 0 0.2 4 0 0 0 0 0.2 2 0 0 0 0 0 4.4 0.2 0.4 0.4 0 0 1.8 5.4 0.6000000000000001 0 0.8 0 0.2 0 0 0 0 0 0 0 0 0 0 0 0 0 0 0 1 0 0 0 0 0 0 0 0 0 0.4 0 0 0 0 0 0 0 0 0 2 0 4 0.4 6 0 0.4 1.8 1.6 0 0.2 1.8 0 2.6 2.4000000000000004 0 1.4000000000000001 0.2 0 4.2 0 0 0 0 0 0 0 0 0 0 0 0 1.4000000000000001 0.4 1.8 0.2 0 0 3.6 4 0 0 0 0 0 0 0 0 0 0.2 0 0 0 0 0 0 0 0.4 0 0 0 0 1.4000000000000001 0 0 0 0 0 0 0 0 0 0 0 4 0 0 31.200000000000003 16 0 0 2.4000000000000004 0 0 0 12.200000000000001 0 0 0 0 0 0 0 0 0 0 0 0 0 1.8 0 1.6 0 0 0 0 0 0 0 0 
