 0 16.400000000000002 41.400000000000006 18.2 12 92.60000000000001 95.4 16.8 10.8 8.6 11.4 11 49.6 72.2 12 51.6 49.2 64.60000000000001 35.6 25.8 0 1 0 0 0.4 0 0.6000000000000001 0 0 5.2 0.6000000000000001 0.2 0.6000000000000001 0 0 0.6000000000000001 0 0 0.8 0 0.4 0.6000000000000001 0 0 0 0.6000000000000001 0 0 0.4 0 0 0 1.2000000000000002 0 0 0.4 0 1.2000000000000002 0 0 0 9.200000000000001 0 0 0 0.2 0 0 0 0 0.6000000000000001 0 0 0 0 0 0 0 0 0 4 5.4 13.200000000000001 0 2 0 4.4 1.8 5.4 2.8000000000000003 5.2 3.2 8.4 6.4 5.2 5.4 0 4.4 1.4000000000000001 0 0.2 0 0 0 0 0 0.4 3.8000000000000003 0 0 0 0 5.800000000000001 0 0 0 0 0 0 0 0 0 0 0 0 0 0.4 0.4 0.4 0 0 0 0 0 0 0 0 0 0 0 0 0 0 0 0 0 0 0 0.4 0 0 0 0 0 0.4 0 0 0 0 0 4.800000000000001 2.2 5.6000000000000005 0 0 0 3.6 5 5 2.6 4.2 0 3.8000000000000003 5 0 2.6 7.800000000000001 4.6000000000000005 0 3.2 0 0 0 0 0 0 0 0 0 0 0 0 0 0.2 0 0 0 0 2.2 0 0 0 0.6000000000000001 0 0 0 0 0 0 0 0 0.4 0 0 0 0 0 0 0 0 2 0 0 0.4 0 0 0 0 0 0 0 0 0 0 0 0 0.4 0 0 0 0 0 0 0 0 0.4 0 0.2 0 0.6000000000000001 0 0.6000000000000001 2.2 0 0 0 0 0 0 0 0 0 0 0 0 0 0 0 0 0 0 0 0 0 0 0 3.2 0 0 0 0 0 0 0 0 0 0 0 0 0 
 16.400000000000002 0 76.80000000000001 83.2 21.6 45 37 25.8 45 73.8 29.400000000000002 24.6 27.6 18.6 25.8 29.400000000000002 26.400000000000002 8.6 7 9.600000000000001 0 0.6000000000000001 14.600000000000001 0 0.4 0.2 0.4 0 0 0.4 1 0.4 15.600000000000001 0.6000000000000001 0 0.6000000000000001 0 0.6000000000000001 15.200000000000001 40.800000000000004 0.4 0.6000000000000001 0 0 0 0.8 0 0 0.4 0.2 0 0 0.6000000000000001 0 0.2 0.4 0.2 0 0 0 0 0 0 0 0 0.4 0 0 0.2 0 0.6000000000000001 0 0 0 0 0 0 0 0 0 1.6 0.4 1.4000000000000001 3.4000000000000004 7.800000000000001 3.2 0 7 1.6 0 8 8.200000000000001 0 0 0 3.8000000000000003 3.2 3 0 4.4 3 0 3.8000000000000003 0 0 0 0 0 0 0 0 0 2.8000000000000003 0 0 0 0 0 2 0 0 0 0 0 0 0 0 0 0 0 0 0 0 0 0 0 0 0 0 0 0 0 0 0 0 0 0 0 0 0 0 0.8 0 0 0 0 0 0 0 0 0 2.2 3 5.4 5.6000000000000005 1 2.8000000000000003 0 2.8000000000000003 3.6 0 8 8.8 0.2 5 3.6 0 3.4000000000000004 0 0 0 0 0 0 0 0 3.6 2.6 0 0 0 0 0 0 0 0 0 0 0 3.8000000000000003 0 0 0 0 0 0 0 0 0 0 0 0 0 0 0 0 0 0 0 0.2 0 0 0 0 0 1.6 0 0 0 0 0 0 0 0 0 0 0 0 0 0 0 3 0 0 0 0.8 0 0.2 10.4 0 0 2 0 0 0 0 0 0 0 0 0 0 1.2000000000000002 0 0 0 0 0 0 0 0 0 0 0 0 2.2 0 2.6 0 0 0 0 0 0 0 0 0 0 0 0 
 41.400000000000006 76.80000000000001 0 50.2 9.4 22.400000000000002 26.400000000000002 44 17.8 32.2 6.6000000000000005 7.2 28.8 20.200000000000003 88.4 15.200000000000001 39.6 10.8 5 22.6 0 0.6000000000000001 0 0 0.6000000000000001 0 0 0 0 0 0.6000000000000001 0 0.6000000000000001 0 0.2 0.6000000000000001 0 0 0 0 0.4 0.4 0 0 0 0.4 0.4 0 0.4 0 0 0.4 0.6000000000000001 0 0 0.4 0 0 0 0 0 0 0 0 0 0.6000000000000001 0 0 0 0.6000000000000001 0.6000000000000001 0 7.6000000000000005 0 0 0 0 0 0 0 1.6 3 3.6 0 3.4000000000000004 4.2 0.2 4.6000000000000005 5.800000000000001 0 6.4 3.2 7.2 1 8.200000000000001 6.800000000000001 3.6 6.2 2 3.8000000000000003 0.6000000000000001 0 0 0 0 0 0 0 0.4 0 0 0 0.2 0 0 0 0 0 1.8 0 0 0 0 0 0 0 0 0 0 0 0 0.2 0 0.4 0 0 0 0 0 0 4 0 0 0 0 0 0 0 0 0 0 0.6000000000000001 0 0 0 0 0 0 0 0.2 2.2 2.2 2 3.8000000000000003 1.4000000000000001 1.4000000000000001 0.2 0.2 0.6000000000000001 3.6 0 2.4000000000000004 5 0 1.6 7 3 6.4 0 2.2 0 0 0 0 0 0 4.800000000000001 0 0 0 0 0 0 0 0 0.4 0 0 0 0 0 0 0 0 0 0 0 0 0 0.2 0 0 0 0 0 0 0 0 0 4 0 0 0 0 0 0 0 0 0 0 0 0 0 0 0 0 0 0 0 0 0 2 0 0 0 0 0.2 0 0 1 0.4 1 2.4000000000000004 0.4 0 0 0 0 0 0 0 0 1.4000000000000001 0 0 0 0 0 0 0 0 0 0 0 0 0 2.8000000000000003 0 0 0 0 0 0 0 0 0 0 0 0 0 
 18.2 83.2 50.2 0 26 26.6 36 45.400000000000006 98.4 34.800000000000004 7.6000000000000005 24.200000000000003 34.2 36.800000000000004 54.6 56.400000000000006 28.400000000000002 29.200000000000003 29.8 34 0.4 0.6000000000000001 0 0 0.6000000000000001 0 0.4 0.4 0 0 15.200000000000001 0.2 0.6000000000000001 0.8 0.4 1.2000000000000002 0 0.4 7.800000000000001 0 1.4000000000000001 1.6 0 0 0 1.2000000000000002 0 0 0.4 0 0 0.6000000000000001 0.6000000000000001 0 0.2 0.4 1 0 0.4 1 0 12 0 0 0.4 0 0 0 0.4 0 1.4000000000000001 0 0 0 0 0.6000000000000001 0 0 0.8 0 8.8 0 4.4 2.4000000000000004 1.8 0.2 0 19.200000000000003 3.8000000000000003 2.8000000000000003 1.8 2.4000000000000004 0 0 0 3.2 0 8.200000000000001 0 1.8 1.2000000000000002 0 0 0 0 0 0 0 0 0 0 0 3 0 0 0 0 0 7.2 0 0.4 0 0 0 0 0 0 0 0 0 0 0 0 2.8000000000000003 0 0 0.4 0 0 1.4000000000000001 0 0 0 0 0.4 0.4 0 0 0 0 0 0.2 0 0.2 0 0 0 0 0 0 2.2 0 0.6000000000000001 3.6 4.2 8.4 2 1.4000000000000001 0.2 3.8000000000000003 14.8 2 0 0 0 7 1.8 4.6000000000000005 0 0 0 0 0 0 0 0 3 2.6 0 0 0 0 0 0 0 0 0 0 1.8 0 0 0 0 0 0 0 0 0 0 0 0 0 0 0 0.2 0 0 0 0 0 0 0 0.2 0 0 0 0 0 0 0 0 0 2 0.4 0 0 0 0 0 0 0 1.8 0 0 0 0 0.2 0.4 0.2 0.4 0 1.8 0.4 0 0 0 0 0 0 0 0 0 2.2 0 0 0 0 0 0 0 0 0 0 0 0 5 0 2 0 0 0 0 0 3.6 0 0 0 0 0 0 
 12 21.6 9.4 26 0 27.400000000000002 14.4 16.8 59.400000000000006 28.200000000000003 47.400000000000006 27.200000000000003 14.200000000000001 23.6 35.4 16.2 9.200000000000001 70.4 14.8 16.6 13.600000000000001 21 0 0 0.4 0 26.8 0 6.2 0.4 0.6000000000000001 0 16 7.800000000000001 27.6 0.6000000000000001 0 0 30.6 4.800000000000001 0.4 5.800000000000001 0 0 0 0.6000000000000001 0 0 12.8 0 0 0 0.6000000000000001 0 0 0.4 0.4 0 0 0 0 0 0 0 0 0.4 0 0 0 0 1 0 0 0 0 0 0 0 0 0 0 0 0 2.2 2 5 0 0 0 2 0 3.8000000000000003 0 0.4 0 1.6 0 2.4000000000000004 0 0 1.4000000000000001 2.4000000000000004 0 0 0 0 3.6 3.4000000000000004 0 0 0 0 3 2 6 4.6000000000000005 0 0 3.2 0 0 0 0 0 0 0 0 0 0.4 0 0 0 0 0 0 0 0 0 1.6 2.8000000000000003 0 3 0.6000000000000001 0 0 0 0 0 0.4 0 0 0 0 0 0 0 0 0 0 0 0 0 0 2.6 3.6 2.4000000000000004 0 0.4 0 3.2 3.6 4 0 0 0 0 0.2 0.2 0 0 4.2 6.800000000000001 0 0.4 0 0 3 5.6000000000000005 0 4.6000000000000005 0 0 10.600000000000001 2.6 2.6 0 2 2.6 1.6 9.600000000000001 0 0 0.2 0 0 0 0 0 0 0 0 0.4 0 0 0 0 0 0 0 0 0 0 0 0.4 0 0 0 0 0 0 0 0 0 0 0 0 0.4 0 0 0 0 0 0 0 0 0.2 10.4 0 0.2 0.4 3.4000000000000004 1.6 0 0 0.4 0 0 0 0 0 15 0 0 0 0 0 0 0 0 0 0 0 0 0 0 2.8000000000000003 0 0 0 0 0 3.2 0 0 0 0 0 0 0 0 
 92.60000000000001 45 22.400000000000002 26.6 27.400000000000002 0 23 22.8 25.400000000000002 40.400000000000006 13.4 31.200000000000003 18.2 11.600000000000001 33.800000000000004 49.6 29.200000000000003 33.2 14.200000000000001 12.4 9.4 0.6000000000000001 0 1 8.200000000000001 0 18.400000000000002 0 15.8 0 0.6000000000000001 0 1.6 15.4 3.4000000000000004 0.8 0 0 30.400000000000002 8 0.8 0.4 0.6000000000000001 0 0 1 0.8 0 0.4 0 0 1.2000000000000002 0.6000000000000001 0 0 6.6000000000000005 0 0 0.6000000000000001 0 7.4 0 0 0 0 0.6000000000000001 0 0 1 0.4 1 0 0 0.8 0 0 0 0 0 0 0 5.800000000000001 6.4 0.8 0 0.2 0 5 0 3 2.4000000000000004 6.6000000000000005 0 0 0 1.6 2 8 0 0 0 0 0.4 0 0 0 9.4 0 0 0 0 0 3 2 2 0 0 0 3 3.4000000000000004 0 0 0 0 0 0 0 0 0 0 0 0 0 0 0.6000000000000001 0.2 0 0 0 0 0 0 0 0 0 0 0 0 0 0 0 0 0 0 0 0.4 0 0 0 0 0 4.2 1.8 3.6 0.2 5 0 0 2.6 6.2 3 3.4000000000000004 0 0 5 0 3.6 0.4 0.4 0 3.2 0.4 0 0 0 0 0 2.8000000000000003 0 0 0 0 0 0.2 4 0 0.2 0 3.8000000000000003 7.4 0 0 0 0 0 0 0 0 0 0 0 0 0 0 0 0 0 0 0 0 2.6 0 0 0 0 0 0 0 0 0 0 0 0 0 0 0 0 0 0 0 0 2.8000000000000003 0 0 0.4 0.8 1.4000000000000001 0 18.8 17.2 0 1.2000000000000002 0 0 0 0 0 0 0 0 0 0 0 0 0 0 0 0 0 0 0 0 0 0 0 2.8000000000000003 0 0 0 0 0 0 0 0 0 0 0 0 0 0 
 95.4 37 26.400000000000002 36 14.4 23 0 66.4 32.4 5.4 27.6 25.400000000000002 30.8 35.4 32 22 5 11.4 80 25 0 0.6000000000000001 0 0 0.4 0 0.4 0 0 15 0.6000000000000001 0.2 0.6000000000000001 0 0 0.6000000000000001 0 0 0 40.2 0.4 0.6000000000000001 0 0 0 0.6000000000000001 0 0 0.4 0 0 0 0.6000000000000001 0 0.2 0.4 0.2 0 0 0 0 7.800000000000001 0 0 0 0 0 0 0 0 0.6000000000000001 0 0 0 0 0 0 0 0 0 3.2 5.2 5 7.800000000000001 5.2 0.4 1.2000000000000002 4.4 8.6 0 9.600000000000001 4 4.800000000000001 4 8.8 6.4 4.2 7.2 3.2 6 0 0 0 0 0 0 0 0 0 0 0 0 2.6 0 0 0 0 0 0 0 0 0 0 0 0 0 0 0 0 0 0.4 0 0 0 0 0 0 0 0 0 0 0 0 0 0 0 0 0 0 0 0 0.4 0 0 0 0 0 0 0 0 0.2 0.8 5.4 0.4 0 0 0 5 3.8000000000000003 0.4 3 6.800000000000001 4.2 8 3.8000000000000003 0 0.2 0 0.2 3.6 0 0 0 0 0.4 0 0.2 0 0 0 0 0 0 0 0 0 0.4 0 3.2 0 0 0 0 0 0 0 0 0 0 0 0 0 0 0 0 0 0 0 0.4 4.4 0 0 0 0 0 0 0 0 0 0 0 0 0 0 0 0 0 0 0 0 0 0 0 0 0 0 0.2 0 0.4 0.2 0 1.6 2.8000000000000003 0 0 0 0 0 0 0 0 0 0 0 0 0 0 0 0 0.2 0 0 0 0 0 0 2 0 0 0 0 0 0 0 0 0 0 0 0 0 
 16.8 25.8 44 45.400000000000006 16.8 22.8 66.4 0 62 26 9.8 9.200000000000001 19.200000000000003 52.800000000000004 28.8 38.6 74.2 29.6 12.600000000000001 33.2 0 0.6000000000000001 0.2 0 0.8 0.4 0.2 0 0 0 0.6000000000000001 0 0.6000000000000001 0 0 0.6000000000000001 0 0 0 0.2 0.4 0.6000000000000001 0 0 0 0.6000000000000001 0 0 0.4 0 0 0 0.6000000000000001 0 0.2 1.8 0 0 0 0 0 0 0 0 0 0.2 0 0 0 0 0.6000000000000001 0 0 0 0 0 0 0 0 0 0 2.8000000000000003 4.800000000000001 0 0 0 2 2.8000000000000003 2.6 2.8000000000000003 6.4 2.4000000000000004 3 0 5.4 5.800000000000001 2.2 0 12 0 0 0 0.6000000000000001 0 0 0 0 0 0 0 0 0 0 0 0.2 0 0 0 1.6 2.8000000000000003 0.4 0 0 0 0 0 0 0 0 0 0 0 3 0 0 0 0.4 0 0 0 0 0 0 0 0.4 0.2 0 0 0 0 0 0.2 0.2 0.2 0 0 0 0 0 0 1.8 2.8000000000000003 3.2 2 0 4.4 0.2 2.8000000000000003 2.8000000000000003 5 0 3.6 5 0.4 3.8000000000000003 0 2.6 2.6 2.2 0 0 0 0 0 0 0 2 0 0 0 0 0 0 0 0 0 0 0 0 0 0 0 0 0 0 0 0 0 0 3.6 0 0 0 0 0.2 0 0 0 0 0 0 0 1.8 0 0 0 0 0 0 0 0.2 0 0 0.4 0 0 0 0 0 0 0 3.2 0 0 0 0.4 0.2 0 4.6000000000000005 0.4 0.4 1.8 2.2 0 0 0 0 0 0 0 0 0 0 0 0 0 0.2 0 0 0 0 0 0 0 0 1.6 0 0 0 0 0 0 0 0 0 0 0 0 0 0 
 10.8 45 17.8 98.4 59.400000000000006 25.400000000000002 32.4 62 0 39.400000000000006 19.6 7.800000000000001 56 38.2 35.6 55 17 11.600000000000001 29.6 15.4 0 0.6000000000000001 0 0 0.4 0.4 0.2 0 0 0 1 0.8 43 0 0.2 1.4000000000000001 0 0 8.200000000000001 0 0.4 0.6000000000000001 0 0 0 0.6000000000000001 0 0 0.4 0 0 0 0.6000000000000001 0 0 0.4 0 0 0 0 0 8.6 1.2000000000000002 0.4 0 0.4 0 0 0 0 0.6000000000000001 0 0 0 0 0 0 0 0 0 0 8 7.800000000000001 6 1.6 0 2.2 5 4.4 0.2 5.6000000000000005 2.4000000000000004 4 4.6000000000000005 3 2.8000000000000003 4.800000000000001 4 0 2.8000000000000003 0 0 0 0 0 0 1.8 0 0 0 0 0 0 0 0 0 0 0 3.4000000000000004 0 0 0 0 0 0 0 3.2 0 0 0 0 0 0 0 0 0 0 2.8000000000000003 0 0 0 0 0 0 0 0 3.8000000000000003 0 0 0 0 0 0 0 0 0 0 0 0 0 6.2 0.2 0.6000000000000001 1.2000000000000002 2.2 2 0 5.800000000000001 7.6000000000000005 0 5 5.4 0 4.2 6.4 5.2 1.4000000000000001 0 0 3.2 0 0 0 0 0 0 3 2.4000000000000004 0 0 0 0 0 0 0 0 0 0 0 0 0 0 0 0 0 0 0 0 0 0 0 0 0 0 0 0 0 0 0 0 0 0 0 0 0 0 0 0 0 0 0 0 0 0 0 0 0 0 0 0 0 0 0 0 0 0 0.6000000000000001 0.4 0.6000000000000001 0.6000000000000001 0 2.2 0 0 0 0 0 0 0 0 0 0 0 0 0 0 0 0 0 0 0 0 0 0 0 0 0 1.8 0 0 0 0 0 0 0 0 0 0 0 0 
 8.6 73.8 32.2 34.800000000000004 28.200000000000003 40.400000000000006 5.4 26 39.400000000000006 0 31 46.800000000000004 10.8 15.4 53.400000000000006 27 69.4 36.6 21.200000000000003 23.8 0 16 0 0 0.8 0 16.2 0 0 0.4 0.6000000000000001 0 0.6000000000000001 15.200000000000001 0.2 0.6000000000000001 0 0 77.2 0 0.4 0.6000000000000001 0 1.4000000000000001 0 0.6000000000000001 0 0 0.4 0 0 0.2 0.6000000000000001 0 0 2 0 0 0 0 0 0 0 0 0 0.4 0 0 0 0 2.8000000000000003 0 0 0 0 0 0 0 0 0 0 3.6 12 5.6000000000000005 8.6 6.2 0 0 3.8000000000000003 4.6000000000000005 1.6 3 0 0 3.6 2.4000000000000004 2.2 5.2 0 0 1.8 0 0 0 0 0 3 3.6 0.4 0 0 0 4.6000000000000005 10.4 6.2 4 0.2 0 0.4 2.2 0 0 0 0 0 0 0 0 0 0 0 0.2 0 0.4 0 0 0 0 0 0 0 0 0 0 0 0 0 0 0 0 0 0.2 0 0 0 0 0 0 0 0 0 0 0 11.4 7.4 2.2 0 4 0 4.2 0 3.2 0 0 2.6 4 0 3 0 0 4 0 0 0 0 0 2.2 0.2 0 5.4 0 0 3.8000000000000003 0.2 3.6 1 0 0 3.8000000000000003 3.4000000000000004 0 0 0 0 0 0 0 0 0 0.2 0 0 0 0 0 0 0 0 0 0 0 0 0 0 0 0 0 0 0 0 0 0 0 0 0 0 0 0 0 0 0 0 0 0 0 0.4 17.6 0 1 18 8.200000000000001 3 0 0.4 0 0 0 0 0 0 0 0 0 0 0 0 0 0 0 0 0 0 0 0 0 2.8000000000000003 0 3.2 0 0 0 0 0 0 0 0 0 0 0 0 
 11.4 29.400000000000002 6.6000000000000005 7.6000000000000005 47.400000000000006 13.4 27.6 9.8 19.6 31 0 39.400000000000006 28 24.400000000000002 32 63.400000000000006 33.4 65 52.2 55.400000000000006 0 15.600000000000001 0.4 0 0.8 0 0.6000000000000001 0 0 4.4 0.6000000000000001 0 1.2000000000000002 15.600000000000001 0 0.6000000000000001 0 0 29.8 0.2 0.4 0.6000000000000001 0 0 0 1 2.6 0 0.4 0 0 0 0.6000000000000001 0 0 0.4 0 0 0 0 0 0 0 0.2 0 0.2 0 0 0 0 0.6000000000000001 0.4 0 0 0 0 0 0.2 0 0 6 4.2 2.6 3.4000000000000004 10.600000000000001 7 0 1.8 8.200000000000001 8.6 0.8 4.4 0 5.4 12.200000000000001 7.4 3.8000000000000003 3.2 0 2.2 1 0 0 0 0 0 0 8.200000000000001 0 0 0 0 3 0 1.8 3.2 0 0 4 0 0 0 0 0 0 0 0 0 0 0 0 0 0 0 0 0 0 0 4.4 0 0 0 0 0 0 0 0 0 0 0 0 0 0 0 0 0 0 0 0 0 0 0 2.2 4.4 7.6000000000000005 0.2 2.2 2.4000000000000004 5.4 0 0 0 7.2 0.4 8 3.6 2.2 0 0 0 0.2 0 0.2 3.8000000000000003 0 0 4.6000000000000005 2 0 0.2 0 0 3.4000000000000004 1.8 0 0 0 3.4000000000000004 3.4000000000000004 0 0 0 0 0 0 0 0 0.2 0 0 0 0 0 0 0 0 0 0 0 0 0 0 0 0 0 0.2 0.6000000000000001 0 0 0 0 0 0 0 0 0 0 0 0 0 0 0 0 0 0 0.4 0 0 0.4 26.8 0 0 0 0 0.2 0 0 0 0 0 0 0 2.2 0 0 0 0 0 0 0 0 0 0 0 0 0 0 0 0 0 0 0 0 0 0 0 0 0 0 0 
 11 24.6 7.2 24.200000000000003 27.200000000000003 31.200000000000003 25.400000000000002 9.200000000000001 7.800000000000001 46.800000000000004 39.400000000000006 0 24.8 16.6 25.400000000000002 44.800000000000004 58.400000000000006 81.2 6.4 47 0 1 0 0 0.4 0 0.4 7.2 0 5.6000000000000005 0.6000000000000001 0 0.6000000000000001 14.600000000000001 0.6000000000000001 0.8 0 0 12 14.600000000000001 0.4 0.6000000000000001 0 0 0 0.6000000000000001 0 0 0.4 0 0 0 0.6000000000000001 0 0.4 0.8 0 0.6000000000000001 0 0 0 0 0 0 0 0 0 0 0 0 0.6000000000000001 0 0 0 0 0 0 0.4 0 0 5.800000000000001 3.8000000000000003 3.6 4.6000000000000005 12.600000000000001 6 0 5 4.800000000000001 13.8 0.4 2.4000000000000004 0 4 2.4000000000000004 8.4 0 7 0 1.2000000000000002 2.2 0 0 0 0 0 0 3 0 0 0 0 3.6 2 0.2 4 0 0 5.4 0 0 0 0 0 0 0 0 0 0 0 0 0 0 0 0 0 0 0 0 0 0 0 0 0 0 0 0 0 0 0 0 0 0 0 0 0 0 0 0 0 0 0.2 5.6000000000000005 5.800000000000001 4 3.2 8.6 0 6.800000000000001 0 5.800000000000001 0 3.2 0.4 2.8000000000000003 3.8000000000000003 4.2 4.6000000000000005 0 0 0.4 0 0 0 0 0 4.800000000000001 0.2 0 0 0 0 2.8000000000000003 0 5 0 0 0 2.2 0.2 0 0 0 0 0 0 0 0.4 0 0 0 0 0.6000000000000001 0 0 0 3.4000000000000004 0 0 0 0 0 0 0 0 0.4 0 0 0 0 0 0 0 0 0 0 0 0 0 0 0 0 0 0 0 0.4 0.8 0 0.6000000000000001 0.8 0.4 1.8 0 0 0 0 0 0 0 0 0 0 3.6 0 0 0 0 0 0 0 0 0 0 0 0 0 0 0 0 0 0 0 0 0 0 0 0 0 0 0 
 49.6 27.6 28.8 34.2 14.200000000000001 18.2 30.8 19.200000000000003 56 10.8 28 24.8 0 19.8 28.6 50.400000000000006 24 23.8 34.2 62.6 0.6000000000000001 1.2000000000000002 0.4 0.4 0.8 0.4 1.4000000000000001 0.4 0.2 1 1 0.4 1.8 11 0.2 0.8 1 0.2 0.2 0.4 0.8 0.6000000000000001 0.2 0.2 0.2 1 0.2 1 0.6000000000000001 0.4 0.2 1 0.6000000000000001 0.4 0.4 0.8 0 0.2 0 0.6000000000000001 1.6 0.4 0.2 0.2 0.2 0.6000000000000001 0.2 0 0.2 0.4 1.8 1.8 0.4 0.4 0 0 0 0.2 0 0.8 3.4000000000000004 3 0 5.800000000000001 1.4000000000000001 0 1.4000000000000001 4 4.800000000000001 4.2 2 3.6 3.4000000000000004 2.8000000000000003 3 6.2 3.8000000000000003 0.2 0 3 0 0 2 0 0 0 0 0 0 0 0.4 0 0 0 0 0 0 0 0.6000000000000001 0.2 1.4000000000000001 0 0 0 0 0 0 0 0 0 0 0 0 0 0 0 0 1.2000000000000002 0.2 0.6000000000000001 0 0 0 0 0 0 0 0 0 0 0 0 0.4 0 0 0 0 0 0 0 0 0.2 0 0 0 3.8000000000000003 0.2 5 2.4000000000000004 0.2 5.800000000000001 0 1.6 12.200000000000001 1.8 1.8 1.4000000000000001 0 5 4 0.6000000000000001 0 0 0 0 0 0 0 0 0.2 0 0 0 0 0 0 0 0 0 0 0 0 0 0 0 0 0 0 0 0 0 0 0 0 0 0 0 0.4 0 0 0 0 0 0 0 0 0 0 0 0 0 0 0 0 0 0 0 0 0 0 0 0 0 0 0 0 0.2 0 0.2 17.400000000000002 0 0 0 0 0 0 0 0.2 0 0 0 0 0.4 0.4 0 0.2 0 0 0 0 0 0 0 0.2 0 0 0 0 0 0 0 0 0 0 0 0.2 0 0 0 0 
 72.2 18.6 20.200000000000003 36.800000000000004 23.6 11.600000000000001 35.4 52.800000000000004 38.2 15.4 24.400000000000002 16.6 19.8 0 30.6 16.2 5 29 60.800000000000004 98.80000000000001 0 0.6000000000000001 0 0 0.4 0 0.2 0 0 6.800000000000001 0.6000000000000001 0 0.6000000000000001 0 0 1 0 0 0.6000000000000001 0 0.4 1.2000000000000002 0.4 0 0 0.6000000000000001 0 0 0.4 0 0 0 0.6000000000000001 0 0.2 0.4 0 0.6000000000000001 0 0.6000000000000001 0 0 0 0.2 0 0.2 0 0 0 0.6000000000000001 0.6000000000000001 0 0 0 0 0 0 0 0 0 5 0.4 1.8 0 2.2 0 1.8 2 6.2 2.8000000000000003 3.8000000000000003 0 9.200000000000001 12.600000000000001 15.8 3.6 1.6 0.2 4.800000000000001 0.2 0 0 0 0.2 0 0.2 0 0 0 0 0 0 3 0 0 0 0 0 0 0 0 0 0 9.4 0 0.2 0 0 0 0 0 0 0 0 0 0 0 0 0 0 0 0 0 0 0 0 0 0 0 0 0 0 0 0 0 0 0 0 0 0 3 3.2 7.6000000000000005 0 0 0 0 1.4000000000000001 5.2 0 6.2 0 8 6.800000000000001 0.2 0 0 0 0.6000000000000001 3.4000000000000004 0 0 0 0.4 0 0 0 0 0 0 0 0 0 0 0 0 0 0 3 0 0 0 0 0 0 0 0 0 0.2 0 0 0 0 0 0 0.2 0 0 0 0.2 0 0 0 0 0.4 0 0 0 0 0 0.2 0 0 0 0 0.2 0 0 0.4 0 0 0 0 0 0 0.8 0.4 0 0.4 2.8000000000000003 0.2 0 2.2 0 0 0 0 0 0.4 0 0 0 0 0 0 6.6000000000000005 0 0 0 0 0 0 0 0 0 0 0 0 0 0 0 0 0 0 0 0 0 0 0 0 
 12 25.8 88.4 54.6 35.4 33.800000000000004 32 28.8 35.6 53.400000000000006 32 25.400000000000002 28.6 30.6 0 35.2 43 27.400000000000002 63.2 45 0 0.6000000000000001 0.6000000000000001 0 0.4 0 0.2 0 0 0.4 0.6000000000000001 0 0.6000000000000001 0 0.2 0.6000000000000001 0 1 0 0 0.4 0.6000000000000001 0 0 0 0.6000000000000001 0 0 1 0 3 0 0.6000000000000001 4.6000000000000005 0 0.4 0 0 0 0 0 0 0.2 0.4 0 0.4 0.4 0 0.2 0 0.6000000000000001 0 1.4000000000000001 0 0.2 0 0 6.800000000000001 0 0 8.6 0 0 0.6000000000000001 4.800000000000001 0.6000000000000001 2.8000000000000003 7.2 0.2 2.8000000000000003 5.4 3.8000000000000003 3.2 0 3.2 3 0 2.4000000000000004 6.2 4 0 0 0 0 0 0 0 0 0 0 0 0 2 0.2 0 0 0 0 1.8 0 0 0 0 0 0 0 0 0 0 0 0 0 0 0 0 0 0 0 0 0 0 0 0 0 0 0 0 0 0 0 0 0 0 0 0 0 0 0 0 0 1.4000000000000001 0 0.6000000000000001 1.8 1.8 0.4 2.8000000000000003 2.2 0.4 9.4 0.8 0 3.2 5.4 0 1.8 3.6 4 3.4000000000000004 0 0.4 0 0 0 0 0 0 0 0 0 0 0 0 0 0 0 0.4 0 0 2 0.4 0 0 0 0 0 0 0 0 0 0 0 0.4 0 0 0 0.2 0 0 0 0 0.2 0 0 0 0 2.2 0 0 0 0 0 0 0 0 0 0 0 0 0 0 2.6 0 0 0 0 0 0.4 0.4 0.4 0.4 3.4000000000000004 0 0 0 0 0 0 0 0 0 0 1.8 0 0 0 0 0 0 0 0 0 0 0 0 7.2 0 0 0 0 0 0 0 0 0 0 0 0 0 0.2 
 51.6 29.400000000000002 15.200000000000001 56.400000000000006 16.2 49.6 22 38.6 55 27 63.400000000000006 44.800000000000004 50.400000000000006 16.2 35.2 0 17.6 67.2 11 51.800000000000004 0 0.6000000000000001 0 0 0.4 0 0.2 0 0 7.6000000000000005 0.6000000000000001 0 0.6000000000000001 15.600000000000001 0 0.6000000000000001 0 0 30.400000000000002 0 0.4 0.6000000000000001 0 1 0 1.8 0.4 0 0.4 0 0 0 0.6000000000000001 0 0 1 0 0 0 0 0 0 0 0 0 0.6000000000000001 8 0 0 0.2 0.6000000000000001 0 0 0.4 0 0 0 0 0 7.2 5 5.2 5.2 0 2 0 0 8.6 0 10.600000000000001 5.4 1.6 0 3 2 5 6.4 10.600000000000001 2 0.2 0.2 0 0 0 0 0 2.6 0 2 0 0 0 6.800000000000001 2 1.4000000000000001 0 0 0 2.6 2.4000000000000004 0 0 0 0 0 0 0 0 0 0 0 0 0 0 0 0 0 0 0 0 0 0 0 0 0 0 0 0 0 0 0 0 0 0.6000000000000001 0 0 1 0 0 0 0 2.2 4.4 1.4000000000000001 0 5 0 1.8 4.6000000000000005 2.6 2.8000000000000003 4 2.4000000000000004 2.2 3 5 0 6.2 3 0 0 0 1.8 0 1.8 0 2 0 0 0 0 0 0 0.2 4.6000000000000005 0 0 0 6 0 0 0 0 0 0 3.8000000000000003 0 0 0 0 0 0 0 0 0 0 0 0 0 0 0.4 0 0 0 0 0 0 0 0 0 0 0 0 0 0 0 0 0 0 0 0 0.2 0 0 0 0 17.6 0 9.4 17.400000000000002 0.4 0.6000000000000001 0 0 0 0 0 0 0 0 0 0 0 0 0 0 0 0 0 0 0 0 0 0 0 2.8000000000000003 0 0 0 0 0 0 0 0 0 0 0 0 0 0 
 49.2 26.400000000000002 39.6 28.400000000000002 9.200000000000001 29.200000000000003 5 74.2 17 69.4 33.4 58.400000000000006 24 5 43 17.6 0 76.2 50.400000000000006 23.200000000000003 0 0.6000000000000001 0 0 0.6000000000000001 0.2 0 0.6000000000000001 0 0.6000000000000001 0.6000000000000001 0 0.6000000000000001 0 0 1 0 0.6000000000000001 15 0 0.8 0.6000000000000001 0.6000000000000001 1.4000000000000001 0 0.4 0.8 0 0.4 0 0.6000000000000001 0 0.6000000000000001 0 0.4 7.800000000000001 0.6000000000000001 0 0 0.6000000000000001 0.4 0 0 0 0 0.6000000000000001 0 0.6000000000000001 0.6000000000000001 0.8 0.6000000000000001 3.4000000000000004 10 0 0 0 0 0.4 0.6000000000000001 0 0 5 7.6000000000000005 5.2 2.2 0 3.6 3.2 2.8000000000000003 6.2 0 0 3.6 2 8 7 7.4 0 1.8 4 0 0 0 0 0 0 1.8 0 0 0 0 0 2 5.2 1.4000000000000001 0 0 0 2 2.4000000000000004 0 0.4 0 0 0 0 0 0 0.4 0 0 0 0 0 0.2 0.4 0.2 0 3.6 0.2 0 0 0 0 0 0 0 0 0 0 0 0 0 0 0 0 0 0 0 0 7.4 1.2000000000000002 1.2000000000000002 0 0 1.4000000000000001 0.4 7.2 4.6000000000000005 8.200000000000001 0 0 7.4 0 2.6 5.800000000000001 6.2 9.600000000000001 2.8000000000000003 7 0 0 0 0 0 0 0 0 0 0 0 0 0 0 0 0 0 0 0 0 0 0 0 0 0 0 0 0 0 0 0 0 0 0 0 0 0 0 0 0 0 0 0 0 0 0 0 0 0 0 0 0 0 0 0 0 0 0 0 0 0 0 0 0 0 0.2 17 0.2 0 1 0 0.2 0.2 0 0 0 0 0 0 0 0 0 0 0 0 0.8 0 0 0 0 0 0 0 0 0 2.8000000000000003 0.6000000000000001 0 0 0 0 0 0 0 0 0 0 0 0 0 
 64.60000000000001 8.6 10.8 29.200000000000003 70.4 33.2 11.4 29.6 11.600000000000001 36.6 65 81.2 23.8 29 27.400000000000002 67.2 76.2 0 7.2 17.2 0 15.4 0 0.4 0.4 0 0.4 0 0 17.400000000000002 14.600000000000001 0 0.6000000000000001 13.600000000000001 0.2 1 0 13.8 42.800000000000004 14 0.8 0.6000000000000001 0 1.2000000000000002 0.6000000000000001 0.8 0 0 0.4 0 0 0 0.6000000000000001 0 0.2 0.6000000000000001 0 0 0 0 0 0 0 0 0 0 0 0 0 0 0.6000000000000001 0 0 0 0 0 0 0 0 0 2.2 3.4000000000000004 3.8000000000000003 1.4000000000000001 4.800000000000001 6.800000000000001 2.8000000000000003 1.8 0 11.4 0.2 0.2 0 0 1 3.2 1.2000000000000002 7.6000000000000005 0 0 10.200000000000001 0 0 0 0 0 2 5.2 0 0 0 0 3.6 2 4.800000000000001 2 0 0 7.800000000000001 0.2 0 0 0 0 0 0 0 0 0 0 0.2 0 0 0 0 0 0 0 0 0 0 0 0 0 0 0 0 0 0 0 0 0 0 0 0 0 0 0 0 0 2.2 0 3 0.2 2.8000000000000003 2 0 0 3 0.2 2 0.2 0.8 2.8000000000000003 3.4000000000000004 3 4.2 8.6 2.6 0 2.8000000000000003 0 0 0 0 0 3.4000000000000004 2.2 0 0.2 0 0 5.6000000000000005 0 3.8000000000000003 0 0.2 0 3.2 0 0 0 0 0 0 0 0 0 0 0 0 0 0 2.4000000000000004 0 0 0 0 0.2 0 0 0.2 0 0 0 0 3.8000000000000003 0 0 0 0 0 0 0 0 0 0 0 0 0 0 0 0 0 0 0.2 20 0 0.4 1 2.6 0.4 0 2.8000000000000003 0 0 0 0 0 0 0 0 0 0 0 0 2.2 0 0 0.4 0.2 0 0 0 0 3.8000000000000003 0 0 0 0 0 0 0 0 0 0 0 0 0 0 
 35.6 7 5 29.8 14.8 14.200000000000001 80 12.600000000000001 29.6 21.200000000000003 52.2 6.4 34.2 60.800000000000004 63.2 11 50.400000000000006 7.2 0 38.2 0.8 0.6000000000000001 0 0 0.4 0 0.2 0 0 0 0.6000000000000001 0 0.6000000000000001 0.4 0.2 0.6000000000000001 0 0 0 0 0.4 0.6000000000000001 0 0 0 0.6000000000000001 0 0 0.4 0 0 0 0.6000000000000001 0 0 0.4 0 0 0 0 0 9.4 0 0 0 0.6000000000000001 0 0 0 1.4000000000000001 0.6000000000000001 0 0 0 8.4 0 0 0 1.6 0 2 4 3.2 0 0 0 3.8000000000000003 5 3.6 0 2.8000000000000003 0 7.2 3 0.2 0 0 4.6000000000000005 1 2.6 0 0 0 0 0 0 0 0 0 0 0 0 0 0 0 0 0 0.4 0 0 0 0 0 0 0 0 0 0 0 0.4 0 0 0 0 0 0 0 0 0 0 0 0 0 0 0 0 0 0 0 0 0 0.4 0 0 0 0 0 0 0.2 0 6.6000000000000005 9 3.2 0 0 0.4 8.4 4 3 3 3.6 0 0 7 0 2.6 3 4 2.8000000000000003 5 0 0 0 0 2.8000000000000003 0 0 0 6 0 0 0 0.2 0 0 0 0 0 0 0.2 0 0 0 0 0 0 0 0 0 0 0 0 0 0 0 0 0 2.4000000000000004 3 0 0 0 0 0 0 1 0 0 0 0 0 0 0 0 0 0 0 0 0 0 0 0 0 0 0 0 0 0.4 0 0.8 0.4 2 0 0 0 0 0 0.4 0 0 0 0 0 0 0 0 0.4 0 0 0 0 0 0 0.6000000000000001 0 0 0 0 0 0 0 0 0 0 0 0 0 0 0 0 
 25.8 9.600000000000001 22.6 34 16.6 12.4 25 33.2 15.4 23.8 55.400000000000006 47 62.6 98.80000000000001 45 51.800000000000004 23.200000000000003 17.2 38.2 0 0 1 0.2 0 0.6000000000000001 0.2 0.4 0.6000000000000001 0.2 15.200000000000001 1.6 0 1 0.4 0.4 1 0 0 0.4 0 0.4 0.6000000000000001 0 0 0 0.6000000000000001 0.6000000000000001 0 0.4 0 15 0 1.2000000000000002 0 0.2 0.4 0 0 0 0 0 0 0 0 0 0.2 0 0 0 4 1 0 0 0 1 0.2 0 11 12 0 3.8000000000000003 9.600000000000001 0 1.2000000000000002 7.4 0 8 9 7.6000000000000005 5.6000000000000005 1.8 0 0.6000000000000001 0 1 10.200000000000001 0 0 3.8000000000000003 2 0 0 0 0 0 0 0 0 0.6000000000000001 0 0 0 0.2 0 0 0 0 0 2.2 0 0 0.4 0 0 0 0 0 3.8000000000000003 0 0 0 0.2 0 0 0 0 0 0 0 0 0 0 0 0 0 0 0 0 0 0 0 0 0 5.6000000000000005 0 0 0 0 0 0 3.2 0 3 0 0 5.800000000000001 5.800000000000001 0 2.8000000000000003 0 6.4 0 2.8000000000000003 9.200000000000001 4.4 4.800000000000001 5.800000000000001 4 4.4 0 0 0 0 0 0 0 0 0 0 0 0 0 0 0 0 0.4 0 0 3.4000000000000004 0 0 1.2000000000000002 0 0 0 0 0 0 0 0 0 0 0 0 0 0 0 0 0 0 0 0 0 0 0 0 0 0 0 0 0 0 0 0 0 0 0 0 0 0 0 0 0 0 0 0 0.2 0 0.4 0.2 0 1.4000000000000001 0 0.4 0.2 0 0 0 0 0 0 0 0 0 0 0 0 0 0 0 0 0 0 0 0 3.8000000000000003 0.2 0 0 0 0 0 0 0 0 0 0 0 0 0 
 0 0 0 0.4 13.600000000000001 9.4 0 0 0 0 0 0 0.6000000000000001 0 0 0 0 0 0.8 0 0 26 39.6 41.400000000000006 7.6000000000000005 9.4 41.800000000000004 55.800000000000004 61.6 8.200000000000001 25.400000000000002 9.600000000000001 19 12.200000000000001 28.6 28.200000000000003 32.800000000000004 43.800000000000004 9.8 20.200000000000003 0.2 0 0.8 0.6000000000000001 0.2 1 0.6000000000000001 0.2 0 0.8 1.2000000000000002 0 0.6000000000000001 0 12.8 0 0 0.8 0.4 0 8.4 0 0.8 0 0 0 1 0 0 0 0.6000000000000001 0 0.6000000000000001 0 0 0 0 1.6 0 11.4 0 0 0 0 4.2 0 0 0 0 0 0 2.2 0 0 0 0 0 0.4 0 0 0 0 2.8000000000000003 2.6 0.8 0 3.8000000000000003 6.2 4.2 8.4 0.4 3 2.6 3 3.2 0 10.8 4.4 11.600000000000001 0 0 0 2.2 0 0 0 0 0 0 0 0 0.4 0 0 0 0 0 0 0.6000000000000001 0 0 0 0 0 0 0 0 0 0 1.8 0 0 0 0 0 0 0 0 0 0 0 0 0 0 0 2 0 0 0 0 2.8000000000000003 1.2000000000000002 0 0 0 0 0 0 0 0 5.2 2.4000000000000004 2.6 0.2 2.6 2.4000000000000004 0 3.6 7.800000000000001 2.8000000000000003 1 2.4000000000000004 0 2.4000000000000004 0 0 4.6000000000000005 8.8 0 2.4000000000000004 0.4 0 0 0 0 0 3.4000000000000004 0 0 0 0 0 0.4 0 0 0 0 0 0 1.4000000000000001 0 0 0 0 0 1.2000000000000002 0 0 0 0 0 0 0 0 0 0 0 0 0 0.4 0 0 3.8000000000000003 0 0 0 5.6000000000000005 0 0 0 0 0 0 0 0 0 0 0 1.2000000000000002 0.2 0.4 0 0 0 0 0 0.2 0 0 0 0 0 0 0 0 0 0 0 0 0 0 0 0 0 0 0 0 0 0 0 
 1 0.6000000000000001 0.6000000000000001 0.6000000000000001 21 0.6000000000000001 0.6000000000000001 0.6000000000000001 0.6000000000000001 16 15.600000000000001 1 1.2000000000000002 0.6000000000000001 0.6000000000000001 0.6000000000000001 0.6000000000000001 15.4 0.6000000000000001 1 26 0 90.60000000000001 26.8 21.8 9.8 43.2 30 10.4 21 48.6 22.6 25.8 11.600000000000001 57.400000000000006 13.600000000000001 25.6 28.200000000000003 14.200000000000001 62.400000000000006 0 0 0.2 0.2 2 0 0.6000000000000001 0 0 0 0 0.2 0.6000000000000001 0 0.4 0 0 0.4 0 0 0.4 0 0 0 0 0 0.6000000000000001 10.4 0 1.6 0 0 0.6000000000000001 0 0 0 0 0 0 0 0 0 0 2.8000000000000003 8.200000000000001 10.200000000000001 0 0 0 0 0.2 0 0 0 0 0 0 0 0 2.2 7.800000000000001 3.6 2.8000000000000003 0 2.2 0 3.6 3.8000000000000003 3.8000000000000003 0 2.2 6.6000000000000005 0 0 3.6 9.8 2.8000000000000003 0 5.2 0 0 0 0.4 0 0 0 2 0 2.4000000000000004 0 0 0 0 0 0 0 0 0 0 0 0 0.4 0 0 4.6000000000000005 0 0 0 0 0 0.6000000000000001 0.4 0 0 0 0 0 0 0 0 0 0 0 0 0 1.8 0 0 0 0 0 0 0 0 0 0 0 0 0 0 6.4 0.2 5.6000000000000005 1 0 2 2.2 5.2 3.2 6.2 3.4000000000000004 3 5 7 0 11.200000000000001 0 0 2 2.6 0 3.2 0 0 0.4 0 0 0 0 0 0 2.4000000000000004 3.4000000000000004 0 0 0 0 0 0 0 0 0 0 0 0 0 0 0 0 0 0 0 0.4 0 0 0 0 0 0 0 0 0 3.2 0 0 0 0 0 0 0 4.4 0 0 0.4 2.2 0 0 0 0.2 0.4 0.4 4.800000000000001 0 0 0 0 0 0 0 0 0 0 0 6.2 0 0 0 0 0 0 0 0 0 0 0 0 0 0 0 0 
 0 14.600000000000001 0 0 0 0 0 0.2 0 0 0.4 0 0.4 0 0.6000000000000001 0 0 0 0 0.2 39.6 90.60000000000001 0 25.200000000000003 14.200000000000001 5.800000000000001 31.6 47.400000000000006 33.4 28 11.4 23.8 16.2 75.60000000000001 34.4 10.600000000000001 27 102 8.4 30.6 0 0 0 0 0 0 0.6000000000000001 0 0 0 0 0.2 0.6000000000000001 0 0.8 0 0 1 0 0 0.4 0 0 0 0 0 0.4 0 0 0.6000000000000001 0 0 11.600000000000001 0 0 0 0 0 0 0 0 0.2 0 0 0 0 0 0 0 0 0 0 0.4 0 0 0 0.4 0 0 0 0 3 4.4 3.4000000000000004 2.4000000000000004 0 2 0.4 0.2 3.6 2.2 11.600000000000001 0 1.4000000000000001 1.6 2.4000000000000004 2.8000000000000003 0.6000000000000001 0.2 0.4 2.4000000000000004 0 0 0 0 0 5.6000000000000005 3.6 0 0 0 0 0 0 0 2 0 0 0 0.2 0 0 0 0 0 0 0 0 0 0 0.4 0 0 0 0 0 0 0 0 0 0 0 0 0 0 0 0 0 0 0 0.2 1.8 0 0.2 0.2 0 0 0 0 2.6 0.2 0 4.800000000000001 0 0 1.8 0 0 3.2 0 9.600000000000001 10 0 0 0 2 2.8000000000000003 2.4000000000000004 0 0 0 0 0 0 0 0 0 0.2 0 0 0 0 8.6 0 0 0 0.4 0 0 3 0 0 0 0 0 4.4 0 0 0 0 0 0 0 0 0 0 0 0 0 0 0 0 1.8 0 0 0 0 0 0 0 0 0 0 0 1.4000000000000001 0.4 0 15.8 0.2 0.2 0 0 0 0 0 0 0 0 0 0 0 0 0 0 0 0 0 0 0 0 0 0 0 0 0 2 0 0 0 0 
 0 0 0 0 0 1 0 0 0 0 0 0 0.4 0 0 0 0 0.4 0 0 41.400000000000006 26.8 25.200000000000003 0 24.8 24 27 14.600000000000001 26.6 14.600000000000001 40 51.800000000000004 16.2 18.8 51.800000000000004 38.6 18.6 36 20.400000000000002 23.6 12.4 0 0 4.6000000000000005 0 0 0.6000000000000001 12.8 0 0 0 13.8 13 12.8 0.4 0 0 0 0.2 0.8 0.4 0.6000000000000001 0 0.2 0 1 0.2 0 0 0 0 0 0.6000000000000001 0 0 0 0 0 0 0 0 0 0 6.4 0 0 0 0 0 0 0 0 0 0 0 0 0 0 0 0 0 6.800000000000001 1.6 2.4000000000000004 7.2 6 0 7 5.2 1.8 0 0 0.2 3.2 0 4 6 2.4000000000000004 0 0 0 0 2.8000000000000003 2 0 0 3 2.2 0 0.2 0 2.4000000000000004 2.2 0 2.4000000000000004 0 1.6 0 1.6 4.800000000000001 0 0 0 12.4 0 0 0 0 0 0 1.2000000000000002 0 0 0 0 0 0 0 0 0 0 0 0 0 0 0 0 0 0 0 0 0.2 0 0 0.6000000000000001 0 0 0 0 0 4.2 0.2 5.6000000000000005 4.4 4.2 1.8 0 3.6 1.4000000000000001 0 0.2 1.8 0 0 0 5.4 0 0 0 1.8 0 0 0 0 0 0 3.8000000000000003 2.6 0 3.2 0 0 3 0 2.2 2.4000000000000004 5.2 0.4 0 2.6 0 0 0 0 0 0.6000000000000001 0 0 0 0 0 0 0 0 0 0 0 1.4000000000000001 0 0 0 0 0 0 0 0 0 0 0 0 0 0 0 0 0.6000000000000001 0 0 0 30.8 0.4 0 3.8000000000000003 0 0 0 0 0 0 0 0 0 0 0 0 0 0 0 0 0 0 0 0 0 0 0 0 0 0 0 0 
 0.4 0.4 0.6000000000000001 0.6000000000000001 0.4 8.200000000000001 0.4 0.8 0.4 0.8 0.8 0.4 0.8 0.4 0.4 0.4 0.6000000000000001 0.4 0.4 0.6000000000000001 7.6000000000000005 21.8 14.200000000000001 24.8 0 21.400000000000002 77.60000000000001 15.600000000000001 45.2 64 36.6 26.400000000000002 17.400000000000002 72.2 25.8 34 31.200000000000003 37 23.200000000000003 25.8 0 0 0 0 0 0 1 1 0 13 0 1.4000000000000001 0.6000000000000001 0 0.4 0 0 0 1.8 1 0.4 0 1.2000000000000002 0.2 0 0 0.4 0 0 0.2 0 2.4000000000000004 0.6000000000000001 0 0 0 0 0 7.4 0 0 0 0 0 0 0 0 0 0 0 0 0 0 0 0 0 0 0 0 0 0 2 0 0.2 6.800000000000001 3 0 5.4 0 0 2 2.2 0 7.4 0 1.2000000000000002 0.2 0 0 0 0 0 0 3.2 0 0 10.4 4.6000000000000005 2.4000000000000004 0 0 0 7.4 2.8000000000000003 0 0.6000000000000001 0 0 0.2 5 0 2.6 4 0 0 0 0 0 0 0 0.6000000000000001 0 0 0 0 0 0 0 0 0 0 0 0 1 0 0 0 0 0 0 0.4 0 0 0.4 0.8 0 3.4000000000000004 0.8 0 0 0 3 2 6.4 5.6000000000000005 2.6 0 0 0 0 5.6000000000000005 9.200000000000001 0 0 0 5 7 0 0 0 0.2 0 2.6 0 0 0 0 0.2 0 0 0 0 7.4 4.2 0 0 0.2 0 2 0.4 2.8000000000000003 0 0 0 0 0 0 0 0 0 0 0 0 0 0 0 0 0 0 0 0 0 0 0 0 0 0 0.2 0 0 0 0 0 0 0.4 0 0 22.200000000000003 16.2 0 2.6 2.4000000000000004 0 0 0 2 0.6000000000000001 0 0 0 0 0 0 0 0 0 0 0 0 0 0 0 0.2 0 0 1.8 0.6000000000000001 0 0 0 
 0 0.2 0 0 0 0 0 0.4 0.4 0 0 0 0.4 0 0 0 0.2 0 0 0.2 9.4 9.8 5.800000000000001 24 21.400000000000002 0 23.8 23.6 28 29.8 37.6 85.2 3 25 23.400000000000002 32.6 13.600000000000001 15 13 11.200000000000001 0 12.8 0.4 0.4 0 0.4 5.6000000000000005 19.400000000000002 25 0 0 0.4 13.4 0 16.6 0.6000000000000001 12.8 14.200000000000001 13.8 39.400000000000006 0.4 0.2 1.2000000000000002 0 0.4 0.8 0.2 0.2 0 0 0.6000000000000001 1.6 1 0 0.6000000000000001 0 0.4 0 0.4 0 0 0 0 0.4 0 0 0 0 0 0 0 0 0 0 0 0 0 0 4.4 0 0 0 1.4000000000000001 0 7 1 0 12.600000000000001 6.4 0 0.4 2.4000000000000004 3.4000000000000004 0 0 0 3.2 0 0 0 6.6000000000000005 5.2 0 0 0 0 5.4 0 0 0 0 0 1.6 6 2.8000000000000003 0 0 3.8000000000000003 9.4 4.4 0 0 0 0.2 0 0 0 0 4.2 0 0 0 0 0 0 0 0 0 0 0 2.6 0 0 0 0 0 0 0 0 0 0 0 0 0 0 0 0 0 0.4 0 2.8000000000000003 3.6 2.6 7.2 1.2000000000000002 0.2 0 0 9.600000000000001 0 2.2 0.2 0 0 0 0 5.6000000000000005 0 0 0 0 2.4000000000000004 0 1 0 0.2 8.4 0.4 2 0 1.2000000000000002 0 4.4 7.4 0 2.4000000000000004 2.6 0 7 1.2000000000000002 0 0 0 0 0 0 0 0 0 0 0 0 0 0 0 0 0 0 0 0 0 0.6000000000000001 0 0 0 0 0 0 0 0 0 0 0 0 5 1.6 0 8 0.2 0 1.4000000000000001 0 0 0 0 0 0.4 0 0 0 0 0 0 0 0 0 0 0 0 0 0 0 0 0 0 0 0.8 0.6000000000000001 0 0 
 0.6000000000000001 0.4 0 0.4 26.8 18.400000000000002 0.4 0.2 0.2 16.2 0.6000000000000001 0.4 1.4000000000000001 0.2 0.2 0.2 0 0.4 0.2 0.4 41.800000000000004 43.2 31.6 27 77.60000000000001 23.8 0 22 15 20.400000000000002 14.4 6.6000000000000005 20.8 29.200000000000003 19.400000000000002 36.6 23.6 22.400000000000002 48.800000000000004 37.4 0 0 0 0 0 40.6 0.6000000000000001 0 0 0 40.400000000000006 0.6000000000000001 0.6000000000000001 0 0.4 0 0.6000000000000001 0.4 0 0 0.4 0 0 7.4 0 0 0.4 0 0.6000000000000001 0 1.4000000000000001 0 1 0 0.6000000000000001 0.6000000000000001 0 0.6000000000000001 0 0 0 0 0 2.4000000000000004 0 0 0 0 0 0 0 5.800000000000001 0 0 0 0 0 0 0 0 0 0.4 3.4000000000000004 2.6 1.8 0 2.6 2.2 1.4000000000000001 1.8 0 2.8000000000000003 0 3.6 5.6000000000000005 0 7.4 2 1.2000000000000002 6.6000000000000005 0 0 0.4 0 0 0 0 0 0 0 0 0 0 0 0 0 0 0 1.4000000000000001 0 0 0 0 0 0 0 0 0 0 0 0 0.4 0 0 0 0 0 0 0 0 0 0.6000000000000001 0 3 0.6000000000000001 2.4000000000000004 0 0 0.2 2.8000000000000003 2.6 3.2 0 0 0 0 0 0 0 0 8.200000000000001 0 1.8 2 1.4000000000000001 0 1.6 5 5.6000000000000005 3.8000000000000003 0.6000000000000001 0 0 1 0 3.8000000000000003 1.8 1.2000000000000002 7 7.6000000000000005 0 0 0 0 0.4 0 2.2 0 0 0 0 0 0 0 0 0.4 0 0 0 1.6 0 0 0 1.8 0.2 0 0 0 0 0 0.2 0 0.4 0 0 0 0 0 0 0 0 0 0 0 0 0 3.6 0 0 0 2.8000000000000003 0 0 0.2 1.6 0 0.4 0 15.200000000000001 0.4 1 0.4 0 0 0 0 0 0 0 0 0 0 0 0 0 0 0 0 0 0 0 0 0 0 0 0 0 0 0 0 
 0 0 0 0.4 0 0 0 0 0 0 0 7.2 0.4 0 0 0 0.6000000000000001 0 0 0.6000000000000001 55.800000000000004 30 47.400000000000006 14.600000000000001 15.600000000000001 23.6 22 0 32.800000000000004 26.200000000000003 19.8 65 55.400000000000006 66.8 8.200000000000001 101.2 35.2 28.200000000000003 31.200000000000003 34.800000000000004 0 0 0 0.4 0 0.6000000000000001 0.6000000000000001 0.2 0 12.4 0 0 1 3.6 1 0 0.4 0 0.6000000000000001 0.2 0.4 0.6000000000000001 0 0 0 0 0.6000000000000001 0.4 0 0 0.2 0 0.6000000000000001 5.800000000000001 0 0.4 6 0.6000000000000001 0 5 0 0 0 0 0 0 2.8000000000000003 0 0 0 0 0 0 0 0 0 0 0.4 0 0 0 0 2.8000000000000003 2.6 0 0 2.4000000000000004 5 1.8 3 1.2000000000000002 0 1.6 2.6 3.4000000000000004 0 9.600000000000001 2.4000000000000004 2.6 6.6000000000000005 0 0 0 0 0 0 0 0 0 0 0 0.4 0 2 0 0 0 0 1.8 0.2 0 0 1.2000000000000002 0 0 0 0 0 0 0 0 0 0 0 0 0 0 0 0 1 0 0 0 0 0 0 0 0 0 0 0 0 0 0 0 0 0 0 0 0 1.4000000000000001 3.6 1.8 2.2 3.6 6.6000000000000005 0 0 5 3.8000000000000003 5.800000000000001 2 5.2 7.2 4.2 0 8 10.600000000000001 0 3 0 0 0 0 0 0 4.2 0 0 2.4000000000000004 0 0 1.8 0 0 0 0 0 0 1.2000000000000002 0 0 0 1.8 0 0 0 0 0.2 0 0 0 0 0 0 0 0 0 0 0.4 0 0 2.8000000000000003 0 0 0 0 0 0 0 0 0 0 0 13.4 0 0.4 15.4 15.200000000000001 0 0.4 0 0.6000000000000001 0 0 0 0 0 0 0.2 0 0 0 0 0 0 0 0 0 2.8000000000000003 0 3.4000000000000004 0 0 0 0 0 0 0 0 
 0 0 0 0 6.2 15.8 0 0 0 0 0 0 0.2 0 0 0 0 0 0 0.2 61.6 10.4 33.4 26.6 45.2 28 15 32.800000000000004 0 23.200000000000003 52.400000000000006 77.4 71.2 41.2 14.8 41.2 86.80000000000001 59.2 23.200000000000003 9.4 0 0 0.4 41.2 0 0 0.6000000000000001 0 0 0.2 0 0 1.2000000000000002 0 0.8 0.2 0 0 12.600000000000001 0 9.4 0 0.8 0.4 0 0 0.4 0 0 0 0 1.2000000000000002 0.6000000000000001 0 0 0.2 0 0 0 0.6000000000000001 0 0 0 0 0 0 0 0 0 0.4 0 0 0 0 0 0 0 0 0 0 1.2000000000000002 2.2 0.2 2.6 0.4 0 2.4000000000000004 5.800000000000001 3.6 1.4000000000000001 0.2 2.4000000000000004 1.6 6 0 3.4000000000000004 2.6 4.800000000000001 0 3.8000000000000003 0 0.6000000000000001 0 0 0 0 0 0 0 0 0 0 0 0 0 0 0 0 0 9.200000000000001 0 0 0 0 0 0 0 0 0 0 0 0 0 0 0 0 0 0 0 0 0 0 0 0 0 0 0 0 0 0.4 0 3.8000000000000003 0 0 0 0 0 0 0 0 0 4.2 0 4.2 6.800000000000001 2.2 0 0.2 5.800000000000001 3.4000000000000004 0.2 3 0.2 2.4000000000000004 2.2 1.6 9.4 12.4 1.6 2.6 0 0 0 0 0 0 0 0 0 0 0 0 0.6000000000000001 0.2 0 0 0 0 0 0 0 0 0 0 0.4 0 0 0 0 0 0 0 0 0 0 0 0 0 0 0 0 0 0 0 0 0 0 0 0 0 0 0 0 0 1.6 0.2 0 15.200000000000001 0 0.6000000000000001 0.4 1.8 0 0 0 0 1.8 0 0 0 0 0 0 0 0 0 0 0 0 4 0 2.4000000000000004 0 0 0 0 3 0 0 0 
 5.2 0.4 0 0 0.4 0 15 0 0 0.4 4.4 5.6000000000000005 1 6.800000000000001 0.4 7.6000000000000005 0.6000000000000001 17.400000000000002 0 15.200000000000001 8.200000000000001 21 28 14.600000000000001 64 29.8 20.400000000000002 26.200000000000003 23.200000000000003 0 20.6 66.60000000000001 12 59.400000000000006 10.200000000000001 34 20.8 25.8 18.2 14.4 0 0 0 0 0 0 0.6000000000000001 0 0 0 0 0 0.6000000000000001 0 0.4 0 0 0 0 12.600000000000001 0.4 0 10.4 0 0 0 0.6000000000000001 0 0 0.2 0 0.4 0.6000000000000001 0 0 0 0.6000000000000001 0 0 0.8 5 0 0 0 2.2 0 0 4 0 2.8000000000000003 0 0 0 3 1.8 3.6 2.4000000000000004 3.6 0.2 0 0.2 2 0 1.8 2.8000000000000003 2.2 0 1.4000000000000001 0 1.8 7.800000000000001 7 1.6 0 0 0.2 0 1.8 0 0 0.2 0 0 0 0 0.2 0.2 1.6 0 0 0.4 0 7.6000000000000005 2.2 0 0.8 0 0.4 0 6.4 0 0 0 0 0 0 0 0 0 0 0 0 0 0 0 0 0 0 0 0 0 0 2.2 0.8 0 0 0 0 1.6 0.2 0 0 2 1.6 0 0 0 1.6 0 0 0 0.2 1.8 3.6 2.8000000000000003 1.4000000000000001 0 0 5.2 2.6 2.2 12.200000000000001 0 0 0 0 2.2 2.6 2.4000000000000004 0 0 2.8000000000000003 0 0 0 0 1.8 2.2 0 0 0 0 6 2 0.2 0 2.4000000000000004 0 5 0 0 0 0 0.2 0 0 0 2.4000000000000004 0 0 0 0 0 0 0 0.2 0 0 0 0 0 0 0 0 0 0.2 0 0 0 0 0 0 0 0 1 0.4 0 16 0.6000000000000001 0.6000000000000001 1.6 0 0 0 0 0 2 0 0 0 0 0 0 0 0 0 0 0 0 0 0 0 0 0 0 0.2 1.4000000000000001 0 0 0 
 0.6000000000000001 1 0.6000000000000001 15.200000000000001 0.6000000000000001 0.6000000000000001 0.6000000000000001 0.6000000000000001 1 0.6000000000000001 0.6000000000000001 0.6000000000000001 1 0.6000000000000001 0.6000000000000001 0.6000000000000001 0.6000000000000001 14.600000000000001 0.6000000000000001 1.6 25.400000000000002 48.6 11.4 40 36.6 37.6 14.4 19.8 52.400000000000006 20.6 0 25.400000000000002 7.2 6 9.600000000000001 73.4 24 37.4 17.2 69.4 0 0 0 0 0 0 0.8 25.8 0 0 0 0 0.6000000000000001 14.4 0.4 0 0.2 0 3.8000000000000003 12.600000000000001 0.4 0 2.4000000000000004 0 0 0 0.4 0 0 0 0 10.600000000000001 0.6000000000000001 0 0 0 0 0 0 0.2 0.4 0 0 0 0 0 0 0 0 0 0 0 0 0 0 0 0 0 0 0 0 4 4.2 2.2 10.600000000000001 4 0 14 22.8 4 4.2 2.4000000000000004 0 0 0 0 4.2 0 0 0 2.2 0 1.4000000000000001 0 0 0 0 2 0 0.2 0 0 2.4000000000000004 2.8000000000000003 2.8000000000000003 0 1 0 3.8000000000000003 4 0.4 0 0 0 0 0 0 0 3.2 0 0 0 0 0 0 0 0 0 1 0 0 0 0 0 0 0 1.6 0 0.4 0 0 0 0 0 1 0.4 0 1.2000000000000002 0 0 7 2.6 2 6.4 7.6000000000000005 0 0 0 0.8 0 2 0 0 0 0 2.6 0.2 0 0 0.2 0 0 0 0 0 0 4.2 10 0 0 0 0 0 3 0.2 0 3.8000000000000003 0.2 0 1.8 0 0 0 0 0 0 0 0 0 0 0 0 4.2 0 0 0 0 0 0 0 0 0 0 0 0 0 0 0 0 0 0 0 0 0 1.4000000000000001 0 0.2 0.4 18.2 0 1.6 0.4 0 0 0 0 0.4 0 0 0 0 0 0 0 0 0 0 0 0 0 0 0 0 0 0 0 0 0 0 0 
