 0 142.8 31.6 32.6 28.6 23 33.6 24.8 27.200000000000003 44.800000000000004 30.8 46.2 53.6 63.400000000000006 14.200000000000001 36.6 42.6 35.4 24.200000000000003 27.8 0 0.6000000000000001 0.6000000000000001 0 0 0 0 0 0.2 0 0 0.2 0 0 0 0.6000000000000001 0 1 15.8 0.8 0 0.4 0 0.4 0 0 0 0 0 0 0.6000000000000001 0.2 0 0 0.6000000000000001 0 0 0.8 0 0.2 0.4 0 0 6.6000000000000005 0 1.4000000000000001 0 0 1.4000000000000001 0 0 0.6000000000000001 0 0 0 0 0 0.4 0 0.4 3.4000000000000004 2.6 2.6 8 4 3.2 0 2.8000000000000003 2.4000000000000004 7 3.2 3 0 7.2 5.800000000000001 4.4 8 0 0 6.2 3.2 0 0 0 0 0 4.2 0 0 0 0 0 2.2 0 0 0 0 0 4 0 0 0 0 0 0 0 0 0 0 0 0 0 0 0 0 0 0 0 0 0 0 0 0 0 1.4000000000000001 0 0 0 0 0 0 2.4000000000000004 0 0 0 0 0 0 0 1.2000000000000002 0 0.2 7.2 12 0 2.2 1.8 1.8 0 2 2.6 0.2 2.6 10.200000000000001 5.6000000000000005 2.2 7.2 6.6000000000000005 1.4000000000000001 1.4000000000000001 0 0 0 0 0 0 0 0 0 0 0 0 3.6 0 0 0 0 0 0 0 0 0 0 0 0 0 0 0 0 0 0 0 0 0 0 0 0 0 0 0 0 0 0 0 0 0 1.2000000000000002 0 0 0 0 0 0 0 0 0 0 0 0 0 0 0 0 0 0 0.4 1 0 17.8 0 0 0.8 8.6 0 0 0 0 0 0 0 0 0 2 0 0 0 0 0 0 0 0 0 0 0 0 0 1.6 0 0 0 0 0 0 0 0 0 0 0 0 0 
 142.8 0 106.4 38.2 101 28.6 22.6 21 11.600000000000001 36.4 59.400000000000006 24.8 27.400000000000002 51.800000000000004 45.6 72 18.6 25 10 27.8 0 0 0.4 0 0 0 0 0 0 0 0 0.2 4.6000000000000005 14 0 0.6000000000000001 0.2 0.8 0 15.600000000000001 0 0.8 0 0.4 0 0 0 7 0 0 0.6000000000000001 0 0 5.2 0.6000000000000001 0 0 0.8 0 11.600000000000001 0.4 0 0 0 0 3.4000000000000004 0 0 0.8 0 0 0.6000000000000001 0 0 0 0 0.4 0.4 0 0 3.4000000000000004 3.2 2.6 3.6 2.4000000000000004 8.200000000000001 0 0 3.6 5.800000000000001 8.200000000000001 3 0 6.6000000000000005 3.2 0.8 3.4000000000000004 0.2 0 2.2 5.6000000000000005 0 2.2 0 0 0 2 0 0 0 0 0 2.2 0 0.4 0 0 0 4 0 0 0 0 0 0 0 0 0 0 0 0 0 0 0 0 0 0 0 0 0 0.2 0 0 0 1.6 0 0 0 0 0 0 0 0 0 0 0 0 0 0 0 0 7.4 0 5.4 0 5.4 0 0 0 0.2 0 0 0 5.800000000000001 4.6000000000000005 2.4000000000000004 6.6000000000000005 8.4 1.2000000000000002 1.8 0 0 0 0 0 0 0 0 0 0 0 0.2 2 0 0 0 0 0.2 3 0 0 0 0 0 0 0.8 0 0 0 2.2 0 0 0 0 0 0 0 0 0 0 0 0 0 0 0 0 0 0 0 0 0 0 0 0 0 0 0 0 0 0 0 0 0 0 0 0 17.6 0 18.2 0.2 0.6000000000000001 0.4 0 0 0.2 0 0 0 0 0 0 0 2.2 0 0 0 0 0 0 0 0 0 0 0 0 2.6 5 0 0 0 0 0 0 0 0 0 0 0 0 0 
 31.6 106.4 0 54.400000000000006 71.2 51 18.2 64.4 61.800000000000004 44.800000000000004 59.800000000000004 32 15.600000000000001 69.4 15 35 47.2 26.8 97.80000000000001 23.8 0 0 0.4 0 0 0 15.4 0 0.2 0.2 0 0 19.8 0 0 0.6000000000000001 0.2 1 1 16 0.6000000000000001 0 0 0.6000000000000001 0 0 0 0.4 0.2 0 1 0 0 0 0.6000000000000001 0.4 0.6000000000000001 0.4 0 0.8 0.4 0 0 0 0 0 0 0 0 0.6000000000000001 0 0.8 0 0 0 0 0 0.4 0 0.6000000000000001 1 8 2.8000000000000003 2 8.200000000000001 12.600000000000001 0 2.4000000000000004 2.2 5.6000000000000005 4.6000000000000005 4.2 0 12.4 0.2 9.600000000000001 1.8 0.2 0 4.6000000000000005 6.6000000000000005 0 0 0 0 0 4.6000000000000005 0 0.2 0 0 0 1.2000000000000002 3.4000000000000004 0 0 0 0.2 5.6000000000000005 3.4000000000000004 0 0 0 0 0 0 0.4 0 0 0 0 0 0 0 0 0.2 0 0 0 0 0 0 0 0 1.4000000000000001 0.4 0 0 0.2 0 0.4 0 0 0 0 0.4 0 0 0 1.2000000000000002 0 0.2 0 3.8000000000000003 0.4 0.6000000000000001 0 1.4000000000000001 0 0 4.4 2.2 0 0.8 0 0.6000000000000001 5.4 2.6 3.4000000000000004 0 1.8 0 0 0 0 0 0 1.2000000000000002 0 0.4 0 0 5.6000000000000005 0 0 1.8 0 0 1.2000000000000002 3.4000000000000004 0 0 0 0.2 0 0 0 0 0 0 0 0 0 0 0 0 0 0 0 0 0 0 0 0 0 0 0 0 0 0 0 0 0 0 0 0 0 0 0 0 0 0 0 0 0 0.4 0 0 17.6 0.6000000000000001 3 2.4000000000000004 0 0 0 0 0 0 0 0 0.2 0 0 0 0 0 0 0 0 0 0 0 0 0 0 3.4000000000000004 6.6000000000000005 0 0 0 0 0 0 0 0 0.4 0 0 0 0 
 32.6 38.2 54.400000000000006 0 55.400000000000006 31.200000000000003 22.400000000000002 29.200000000000003 17.400000000000002 35.2 42.800000000000004 58.2 62 16.8 17.2 25.200000000000003 25 35.2 15.8 14.600000000000001 30.400000000000002 15 0.8 0 0 0 0.2 0 0 3.4000000000000004 0 0.4 0 0.2 0 0.6000000000000001 0 0.6000000000000001 0.2 0.6000000000000001 0 0 0 0.4 0 0 0 0 0 0 0.6000000000000001 1.2000000000000002 0 1 0.6000000000000001 0 0 0.4 0 12.200000000000001 0.4 0 0 0 0 0.4 0 0 0.2 0 0 0.6000000000000001 0 0 0 0 0.2 0.4 0 0 0.2 0 13 2.8000000000000003 1.6 1.8 0 0 7.800000000000001 0 4.4 0.4 0 0.2 1.2000000000000002 6.2 0 0 0 0.4 4 5.4 2.8000000000000003 0 0 0 0 0 3.2 0 0 0 4 3.8000000000000003 2.4000000000000004 0 1.2000000000000002 0 2.2 0.8 0 0 0 0 0 0 0.2 0 0 0 0 0 2.6 0 0 0.4 0 0 0 0 0 0 0 0 0 0 0 0 0.4 0 0 0.2 0 0 0 0.2 0.4 0 0 0 0 0 4.800000000000001 2.4000000000000004 6.4 3.2 0 0 4 0.2 2.4000000000000004 12 0 0 0.2 0.2 0 0.6000000000000001 0 1.4000000000000001 2 0 0 2.4000000000000004 0 0 13.4 5.2 3.8000000000000003 0.2 0 0 7.4 0 0 0 0 0 0.2 2.4000000000000004 1.6 0 0 0.2 0.2 0 0 0 0 0 0 0 0 0 0 0 0 0 0 0 0 0 0 0 0 0 0 0 0 0 0 0 0 0 0 0 0 0 0 0 0 0 0 0 0 0 0 0 0 0 0.4 2.6 3.2 0 0 0 0 0 0 0 0 0 0 0 0 0 0 0 0 0 0 0 0 0 0 3.4000000000000004 2.8000000000000003 2.8000000000000003 0 0 0 0 0 0 0 0.2 0 0 0 0 
 28.6 101 71.2 55.400000000000006 0 90.60000000000001 14.8 66.8 18.8 37.800000000000004 48.400000000000006 34.2 16.6 72.4 13.8 65.60000000000001 58 30.6 59.800000000000004 11.200000000000001 0 0.2 0.4 0 0 0 0 0 0.2 0 0 0 7 6.2 0 0.6000000000000001 0 0.8 0 27.200000000000003 0.4 0 0 0.6000000000000001 0 0 0 0 0 0 0.6000000000000001 0.4 0 0 0.6000000000000001 0 0 0.4 0 0.4 0.4 0 0 0.4 0 6.800000000000001 0 0 0.8 0 0 0.4 0 0 0 0 0 0.4 0 0 0.2 0 10.600000000000001 0 6 6.4 0 0 2.6 2.6 4.2 3 0 0 1.8 3.2 2.6 0 0 0 9.600000000000001 1.4000000000000001 0 0 0 0 7 0 0 0 0.8 1.8 2.8000000000000003 0 3.8000000000000003 0 0 1.8 2.4000000000000004 3.6 0 0 0 0 0 0 0 0 0 0 0 0 0 0 2.6 0 0 0 0 0 0 0 0 0 3 0 0 0 0 0 0 0 0 0 0 0 1.6 0 0 0 0 0 2.6 6.6000000000000005 2.4000000000000004 3.6 0 0 0 2.2 0 0.2 0 1 3.6 1.6 5.6000000000000005 16.6 2.4000000000000004 0 0.4 0 0 0 0.2 0 5.2 4 3.6 0 3.4000000000000004 0 9.4 1 3.2 0 0 0.4 5.800000000000001 0 0 0 0 0 0 0 0 0 0 0 0 0 0 0 0 0 0 0 0 0 0 0 0 0 0 0 0 0 1.8 0 0 0 0 0 0 0 0 0.2 0 0 0 0 0 0 0 0.4 1.2000000000000002 0.4 18 0.6000000000000001 2.4000000000000004 2.2 3 0 0.4 0 0 0 0 0 0 0 0 0 0 0 0 0 0 0 0 0 0 0 0 0 5.2 2.2 0 0 0 0 0 0 0 0 0 0 0 0 
 23 28.6 51 31.200000000000003 90.60000000000001 0 68.4 48.2 13.600000000000001 50 17 68.4 10.4 10 51.400000000000006 78.4 13.4 12.4 52.800000000000004 12.600000000000001 0.6000000000000001 0 0.4 0.4 0.4 0 0.2 0.2 0.6000000000000001 0 0 0.2 14.8 0.2 0 0.6000000000000001 14.600000000000001 0.6000000000000001 0.4 3.6 0 0 0 0.6000000000000001 0 0 0 0 0 0 0.6000000000000001 0.6000000000000001 0 0 0.6000000000000001 0 0 0.4 0 0.2 0.4 0 0 0 0 0 0 0 16 0 0 0.6000000000000001 0 0 0 0 0.6000000000000001 0.4 0 0 0 0 1.4000000000000001 7.4 4.2 4 0 0 0 2.4000000000000004 0 0 0 0 0 3.2 0 0.4 0 0 4 4.2 0 0 0 0 4.4 0 0 0 2.4000000000000004 2.8000000000000003 2.2 0 0 0.4 2.2 1.8 9.200000000000001 6.2 0 0 0 0 0 0 0 0 0 0.4 0 0 0 0 0 0.6000000000000001 0 0 0 0 0 0 0 0 0 0 3.2 0 0 0 0 0 0 0 0 0 0 0 0 0 0 0 0 5.2 8.200000000000001 12.4 0 0 0 0 6.2 1.2000000000000002 0 2 2 0 0 0 0 0 2 0 0 0 0.2 0 1.6 2.4000000000000004 3 0 2.2 0 4.4 8.8 4.4 0 0 0 7.2 2.4000000000000004 0 0 2.8000000000000003 0 0 0 0 0 0 0 0 0 0 0 0 0 0 0 0 0 0 0 0 0 2 0 0 2.8000000000000003 0 0 0 4 0 0 0 0 0 0 0 0 0 0 0 0 0 0.2 17.2 0 0.6000000000000001 0.8 2.4000000000000004 0.8 0 0 0 0 0 0 0 0 0 0 0 0 0 0 0 0 0 0 0 0 0 0.4 0 4.4 2.4000000000000004 1.8 0 0 0 0 0 0 0 0 0 0 0 0 
 33.6 22.6 18.2 22.400000000000002 14.8 68.4 0 30.400000000000002 120.4 70.2 66.8 9.4 89.80000000000001 22.200000000000003 95.80000000000001 46 7.4 45.6 31.200000000000003 16 0.2 0 0.4 0 0 0 0 0 0.2 0 0 0 0 0 0 0.6000000000000001 0 0.4 0 0.4 0 0 0 0.6000000000000001 0 12.200000000000001 12.600000000000001 0 0 0 0.4 0.4 0 0 1.4000000000000001 0 0 0.4 0 13 0.4 0 0 0 0 0.6000000000000001 0 0 0 11.8 0 0.2 0 0 0 0 0 0.4 0 0 5.4 3.2 3.6 7.4 3.2 0.2 5.4 4 1.4000000000000001 0.4 2.2 3.2 18.400000000000002 2.8000000000000003 0 1.8 6 0 9.4 2 0 0 0 0 0 0 0 0 0 0 0 0 0 0 0 0 0 0 3.6 0 0 0 0 1.6 0.2 0 0 0 0 0 0 0 0 0 0 0 0 0 0 0 0.4 0 0 1 0 0 0 0 0 0 0 1.4000000000000001 0 0 0 0 0 0 0 0 0.2 0 4 0 0 4.6000000000000005 6.800000000000001 1.8 9 5 1.4000000000000001 0 2.8000000000000003 1.4000000000000001 1.4000000000000001 5 0 4.4 8.8 0.2 0 0 0.4 0 0 0 0 0 0 0 0 0.2 0 0 0 0 0 0.4 0.4 0 0 0 0 0 0 0 0 0 0 0 0 0 0 0 0 0 0 0 0 0 0 0 0 0 0 0 0 0 0 0 0 0 0 0 0 0 0 0 0 0 0 0 0 0 0 0.8 0 0 0.6000000000000001 0.4 0 0.8 0 0 0 0 0 0 0 0 0 0 0 0 0 0 0 0 0 0 0 0 0 0 0 0 0 0 0 0 0 0 0 0 0 0 0 0 0 0 
 24.8 21 64.4 29.200000000000003 66.8 48.2 30.400000000000002 0 56.6 6.800000000000001 108 49.800000000000004 87.80000000000001 30.8 17.400000000000002 15.4 30.6 9.8 15.200000000000001 22.400000000000002 0 18 20.400000000000002 0 0.4 0 0 0 0 0 0.2 0.2 0 0 0 0.6000000000000001 0 1.2000000000000002 0 0.4 0 0.6000000000000001 12.600000000000001 0.2 0 0 0 0 0 0 10.4 0 0 0.4 0.4 0 0 0.4 0 12 0.4 0 0.4 0 0 10 0 0 0 0 0 7.4 0 0 0 0.6000000000000001 0.4 0.4 0 0 1.8 0 0 3.6 1.4000000000000001 4.2 5.6000000000000005 0.2 3.4000000000000004 1.2000000000000002 6 0 2.8000000000000003 2.8000000000000003 3.6 1.8 0 6 5.4 2.2 15.8 0 0 0 0 0 0 0 0 0 0.2 0 2.6 0.2 0 0 0 0 1 0 0 0 0 0 0 0 0 0 0 0 0 0 0 0 0 0 0 0 0 0 0 0 0 0.6000000000000001 0 0.2 0 0 0 0 0 0.6000000000000001 0 0 0.4 0 0.4 0 0 0.2 3 1.8 0 0 0 2.2 4.800000000000001 4 2.6 0 0 0 9 0 0 2.8000000000000003 6.6000000000000005 4.4 3 6.2 0 0 0 0 0 0 0 0 0 0 0 0 0 0 0 0 0 0 0 0 0 0 1.6 0 0 0 0 0.4 0 0 0 0 0 0 0 0 0 0 0 0 0 0 0 0 0.2 0 0 0 0 0 0 0 0 0 0 0 0 0 0 0.4 0 0 0 0 0 0.4 0.2 0 0.4 0.2 0 0 0 0 0 0 0 0 0 0 0 0 0 0 0 0 0 0 0 0 0 0 0 0 0 0 4.2 0 0 0 0 0 0 0 0 0 0 0 0 0 
 27.200000000000003 11.600000000000001 61.800000000000004 17.400000000000002 18.8 13.600000000000001 120.4 56.6 0 51.800000000000004 19.400000000000002 9.600000000000001 48.400000000000006 49 90.4 17.6 11.8 36.6 43 35.800000000000004 0 0 0.4 0 0 0 0 0.2 14.600000000000001 0.2 0 0.2 0.2 0 0 0.6000000000000001 0 0.6000000000000001 0.4 0.4 0 0 0 0.6000000000000001 0 0 0 0 0 0 0.6000000000000001 0.4 0 1.6 0.6000000000000001 0 0 0.4 0.6000000000000001 0.2 0.4 0 0 0 0 0 0 0 0 0 0 0.4 0 0 0 0.4 0 0.4 0 0.4 4 6 3.8000000000000003 2.6 0.4 0 0 4 4.4 8 3.2 2.4000000000000004 3.4000000000000004 2.8000000000000003 0 4.800000000000001 7.2 3.2 2.8000000000000003 2.6 0 0 0 0 2.8000000000000003 0 0.2 0 0 0 0 0 0 0 0 0 0 0.2 7.2 0 0 0 0 0 0 0 0 0 2.4000000000000004 0 0.2 0 0 0 0 0 0 0 0 0.2 0 0.4 0 0.4 0 0 0 0 0 0 0 1 0 0 0 0 0 0 0 2 0 2 3.4000000000000004 1.4000000000000001 0 4 4.4 1.2000000000000002 0.2 1.4000000000000001 4.6000000000000005 0 5 4.800000000000001 4.800000000000001 9.8 2 9 4 0 0 0 0 0 0 0 0 0 0 0 0 0 1 0 0 0 0 0 2.2 0 0 0 0 0 0 2.8000000000000003 0 0 0 0 0 4 0 0 0 0 0 1.6 0 0 0 0.4 0 0 0 0.4 0 0 0 0.4 0 0 0 0 2.8000000000000003 0.2 0 2.4000000000000004 0 0 0 4 0 0 0 0.4 0 0 0.4 0 0 2.4000000000000004 0 0 0 0 0 0 0 0 0 0 0 0 0 0 0 0 0 0 0 0 0 0 0 0 0 0 0 0 0 0 0 0 0 0 0 0 0 0 
 44.800000000000004 36.4 44.800000000000004 35.2 37.800000000000004 50 70.2 6.800000000000001 51.800000000000004 0 55.2 7.2 13 76.4 40.800000000000004 37.2 8.8 33 78.80000000000001 54 0.2 0 0.4 0 0 0 0 0 0 0.4 0 41.800000000000004 0.4 0.6000000000000001 0 0.6000000000000001 0 0.6000000000000001 0.2 22.200000000000003 0.6000000000000001 0.4 0.6000000000000001 0.2 0 0 0.6000000000000001 0.4 0 0 0.6000000000000001 0.6000000000000001 0 0.6000000000000001 1.8 0 0.4 0.4 0 0.2 0.4 0.6000000000000001 0.6000000000000001 0 0 0.8 0 0 3.2 0 0 0.6000000000000001 0 0 0.6000000000000001 0.4 0.6000000000000001 0.6000000000000001 0 0.4 1.2000000000000002 2.2 0.2 2.2 0 2.2 0 2.8000000000000003 0 7.4 0 7.2 2.2 4.4 4 0 4 2.2 0 3.4000000000000004 0 3 3.8000000000000003 0 0 0 2 2.4000000000000004 0 0 0 0 0 0 8 0 0 0 0 2.6 0 0 0 0 0 0 0 0 0 0 0 0 0 0 0 0 0 0 0 0 0 0 2.4000000000000004 0 4.6000000000000005 0 0 0 0 0.4 0 0 0 0 0 0 0 0 0 1.2000000000000002 0 1.6 0.2 11.4 0.8 0 2.4000000000000004 2.4000000000000004 1 0 0 0 2.2 6.2 2.4000000000000004 3 6.2 2.8000000000000003 0.6000000000000001 0 4 0 0 0 0.2 0 0 3.8000000000000003 0.2 0 0 0 2.8000000000000003 0 0 0 0 0 0 0.2 0 0 0 0.4 0 0 0 0 0 0 0 0 0 0 0 0 0 0 0 0 0 0 0 0 0 0 0 0 0 0 0 0 0 0 0 0 0.4 0 0 0 0 0 0 0 0 0 17.400000000000002 0.4 0.4 17.2 0 2.6 0 0 0 0 0 0.4 0 0 0.2 0 0 0 0 0 0 0 0 0 0 0 0 0 0 0 0 0 0 0 0 0 0 0 0 0.2 0 0 0 0 
 30.8 59.400000000000006 59.800000000000004 42.800000000000004 48.400000000000006 17 66.8 108 19.400000000000002 55.2 0 78.2 20.200000000000003 63.400000000000006 73 100.2 66.4 29.8 54 13.8 0 0 0.4 0 0 0 0 0 0.2 0 0 0 14.8 0 0.2 0.6000000000000001 0.2 0.4 0 7.4 0 11.200000000000001 0 0.6000000000000001 0 0 0 0 0 0 0.6000000000000001 0.4 0 0 0.6000000000000001 0 0 0.4 0 5.2 0.4 0 0 0 0 0.8 0 0 1.2000000000000002 0 0 0.4 0 0 0 0 0 0.4 0 0 0.4 6 0.8 4.4 3.4000000000000004 6.6000000000000005 0 1.8 0.8 1.8 3.8000000000000003 5 0 5.4 2.6 6.6000000000000005 5.800000000000001 6 0 3.4000000000000004 2.6 0 0.2 0 0 0 0 0 0 0 0 0 0 0 0 0 0 0 5.4 0 0 0 0 0 0 0 0 0.4 0 0 0 0 0 0.4 0 0 0 0 0.2 0 0 0 0 0.2 1.2000000000000002 0 0 0 0 0 0 2.4000000000000004 0.4 0 0 0 5 0 0 0 2.8000000000000003 5.800000000000001 6.4 0 7.4 3.8000000000000003 0 0 2.8000000000000003 3.2 3.8000000000000003 0 0 0 3.2 2.6 0 0.4 0 0 0 0 0 0 0 0 0 0 3 0 0 0 1.8 0 0 0.2 0 0 3.2 0 0 0 0 0 0.2 0 0 0 0 0 0 0 0 0 0 0 0 0 0 0 0 0 0 0.2 0 0 0 0 0 0 0 0 0 0 0 0 0 0 0 0 0 2 0 0 0 0.4 0.4 0 0.8 0 2.6 2.8000000000000003 1.8 0 0 0 0 0 0 0 0 0 0.2 0.4 0 12.200000000000001 0 0 0 0 0 0 0 0 0 1.2000000000000002 9.200000000000001 0 0 0 0 0 0 0 0 0 0 0 0 0 
 46.2 24.8 32 58.2 34.2 68.4 9.4 49.800000000000004 9.600000000000001 7.2 78.2 0 42.400000000000006 9.4 52.6 75.4 68.2 47 53.2 32.800000000000004 0.4 0.4 0.4 0 0 0 0 0 0.2 0 0 0.2 15 6.6000000000000005 0 0.6000000000000001 0 0.4 0.6000000000000001 9.200000000000001 0.6000000000000001 0 0 0.6000000000000001 0 0 0.4 0 0 0 0.6000000000000001 0.4 1.2000000000000002 0 13.600000000000001 0 0 0.4 0 0.4 0.4 0 0 1 0 0 0 0 0 0 0 0.6000000000000001 0 0 0 0 0 0.4 0 0.6000000000000001 0 0 7.6000000000000005 4.800000000000001 3.6 6.2 0 0 4 4.2 5.800000000000001 6.2 7.6000000000000005 1.6 5 6.800000000000001 0 6.2 0 0.4 2 0 2.4000000000000004 0 0.2 0.4 2.4000000000000004 2.8000000000000003 0.4 0 0 0 0 0 3.2 0 0 0 5.800000000000001 11.200000000000001 0 0 0 0 0 0 0.2 0 0 0 0 0 0 0 0 0.4 0 0 0 0 0 0 0.4 0 0 0.2 0 0 0.4 0 0.2 0.2 0 0 0 0.2 1.2000000000000002 0 0 0 1.8 3.6 5.800000000000001 11 2.4000000000000004 2.8000000000000003 3.8000000000000003 2.2 0 3 4.800000000000001 1.8 2 2.6 4.2 0 1.4000000000000001 0.2 2.2 0 1.6 0 0 0 0 0 0 3 0 0.2 0 0 11.200000000000001 0 0 0 0 0 2.6 0.4 0 0 0 0 0 0 0 0 0 0 0 0 0 0 0 0 0 0 0 0 0 0 0 0 0 0 0 0 0 0 0 0 0 0 0 0 0 0 0 0 0 0 0 0 0 0.6000000000000001 21.8 0 1.2000000000000002 17.2 2.2 1.6 0.2 0 0 0 0 0 0 0 0 0 0 0 0 0 0 0 0 0 0 0 0 0 0 5.6000000000000005 2.2 0 0 0 0 0 0 0 0 0 0 0 0 0 
 53.6 27.400000000000002 15.600000000000001 62 16.6 10.4 89.80000000000001 87.80000000000001 48.400000000000006 13 20.200000000000003 42.400000000000006 0 62.6 10.200000000000001 50.400000000000006 23.400000000000002 24.400000000000002 15.600000000000001 70 0 0 0.8 0 0.4 0 0 0 0.2 0 0 0 0 5.2 0 0.6000000000000001 0.2 0.8 0 0.4 0 0 0 0.6000000000000001 0 0 0.4 0 0 0 0.6000000000000001 0.4 0 0 0.6000000000000001 0 0.4 0.4 0 0.2 0.4 0 0 0 0 0 0 0 0 0 0 1 0 0 0 0 0.2 0.4 0 0 5.2 3.6 2.8000000000000003 0 1.8 2.6 6.800000000000001 7.2 0.2 2.8000000000000003 2.2 0.2 0 5 0.2 0 1.8 10.200000000000001 2.8000000000000003 5 0 0 0 0 0 0 0 2.2 0 0 0 0 0 0 0 0 0 0 0 0 0 0 0 0 0 0 0 0 0 0 0 0 0 0 0 0 0 0 0 0 0 0 0 0 4.6000000000000005 0.4 0 0 0 0 0.2 1.8 0 0 0 0 0 0 0 0 5.6000000000000005 2.8000000000000003 2.8000000000000003 0.4 0 0 2.6 1.6 0 4 0 0 0.4 0 0 0 3.6 0.2 0 5.6000000000000005 0 1.4000000000000001 0 0 0 0 0 0 0 0 0 0 0 0 0 0 0 0 0 0 0 0 0 0 0 0 0 0 0 0 0 0 0 0 0 0 0 0 0 0.2 0 0 0 0 0 0 0 0 0 0.2 0.4 0 0 0 0 0 0 0 0 0 0 0 0 0 0 0.4 0.2 0.4 0.2 0 0 0 0 0 0.4 0 0 0 0 0 0 0 0 0 0 0 0 0 0 0 0.2 0 0 0 0 3.8000000000000003 0 0 0 0 0 0 0 0 0 0 0 0 0 0 
 63.400000000000006 51.800000000000004 69.4 16.8 72.4 10 22.200000000000003 30.8 49 76.4 63.400000000000006 9.4 62.6 0 65 26.400000000000002 26.8 25 39 50 0.6000000000000001 0.4 0.4 0 0 0 0 0 0 0 1 0.2 0 0 0.4 0.6000000000000001 0.4 0.6000000000000001 0.6000000000000001 0.4 0 0 0 0.4 0 0.6000000000000001 0.6000000000000001 0.6000000000000001 0 0 0.6000000000000001 0.6000000000000001 0 0 3.8000000000000003 0 0 0.4 0 12.600000000000001 0.4 0.4 0 0.2 0 5.2 0 0 1.2000000000000002 0 0 0.6000000000000001 0 0 0 0.4 0.2 0.4 0 0 4.6000000000000005 2.4000000000000004 4 6.4 0 3.4000000000000004 3.8000000000000003 5.4 0.2 3.4000000000000004 3.4000000000000004 0.6000000000000001 2.2 4.800000000000001 6 1.8 12 0 3.2 4.6000000000000005 0 0 0 0 0 0 0.4 0.2 0 0 0 0 0 0 0 0 0 0 0.4 0 0 0 0 0 0 0 0 0 0 0 0.4 0.2 2.6 0 0 0 0 0 0 0.4 0 0.2 0 0 0.6000000000000001 0 0 0 0 0 0 0 0 0 0 0 0 0 0 1.8 0 0.2 5.800000000000001 11 0.8 1.4000000000000001 0.4 1.4000000000000001 3.4000000000000004 0 0 0.2 2.2 2 3.6 3.6 7.800000000000001 0.2 3 4.2 0 0 0 0 0 0 0 0 0 0 0 0 0 0 0 0.4 0 0 0.6000000000000001 0 2.6 0 0 0 0 0 0 0 0 0 0 0 0 0 0 0 0 0 0 0 0 0.2 0 0 0 0.2 0 0 0 0.2 0 0 0 0.2 0 0.4 0 0 0 0 0 0 0 0 0 0.2 0 0 0.6000000000000001 0 0 2 4 0 0 0 0 0 0 0 0 0 0 5.6000000000000005 0 0 0 0 0 0 0 0 0 0 0 0 0 0 0 0 0 0 0 0 0 0 0 0 0 0 
 14.200000000000001 45.6 15 17.2 13.8 51.400000000000006 95.80000000000001 17.400000000000002 90.4 40.800000000000004 73 52.6 10.200000000000001 65 0 60.400000000000006 51.6 74 95.80000000000001 37.2 0.4 0.4 0.4 0 0 0 0 0 0 0 0 0.4 0 0 0 0.6000000000000001 0 0.6000000000000001 0 0.4 0 0 0 0.2 0 0 0 0 0 0 0.6000000000000001 0.2 0 0 8.200000000000001 0 0.4 0.4 0 13.600000000000001 0.4 0 0 0 0.4 0 0 0 0.2 0 0 0.6000000000000001 0 0 0 0.4 0.6000000000000001 0.4 0 0 6.2 8.4 2.8000000000000003 5.6000000000000005 5.2 0 0.2 7.4 2.2 6.6000000000000005 1.6 2.2 0 5.6000000000000005 0.2 2.8000000000000003 9.600000000000001 0.2 0.4 4 0 0 0 0 0 0 0.4 0 0 0 0 0 0 0 0 0 0 0 0 0 0 0 0 0 1.8 0 0 0 0 0 0.4 0 0 0 0 0 0 0 0.4 0.4 0 0 0 0 1.4000000000000001 0 0 0 0 0 0 0 0 0 0 0 0 0 0 1.2000000000000002 1.4000000000000001 2.2 4.4 1.4000000000000001 0 1.6 0 3 1 1.4000000000000001 0 0 2.4000000000000004 6.6000000000000005 3 6.800000000000001 4.800000000000001 6 0 0 0 0 0 0 0 0 0 0 0 0 0 0 0 0 0 0 0 0 3.2 0 0 0 0 0 0 0.4 0 0 0 0 0 0.2 0 0.2 0 0 0 0 0 0 0 0.2 0 0 0 0 2.6 0 1.8 0.4 0 0 0 2.2 0 0.4 0 0 0 0 0 0 0 0 0 0 0 0 0.8 0 0 0.6000000000000001 0 0 0 0 0 0 0 0 0 0 0 0 0 0 0 0 0 0 0 0 0 0 0 0 0 0 0 0 0 0 0 0 0 0 0 0 0 0 
 36.6 72 35 25.200000000000003 65.60000000000001 78.4 46 15.4 17.6 37.2 100.2 75.4 50.400000000000006 26.400000000000002 60.400000000000006 0 48 19.400000000000002 7.2 59.2 0 0 0.4 0 0 0.4 0 0 0.2 0 0 0 4.800000000000001 0.4 0 0.6000000000000001 0 0.4 0 18.2 0 0 0 0.6000000000000001 0 0 0 0 0 0 0.6000000000000001 0 0 0 2.4000000000000004 0 0 0.4 0 12.200000000000001 0.4 0 0 0 0 0 0 0 0 0 0 0.6000000000000001 0 0 0 0 0 0.4 0 0 0 6.4 7 5.6000000000000005 4.2 7.2 1.6 0 7.2 2.6 6.6000000000000005 3.2 2.6 1.8 1.8 2 0.2 4.6000000000000005 1.8 2.8000000000000003 2.4000000000000004 0 0 0 0.2 0 2.2 0 0 0 0 0.2 2 0 1 0 0.4 0 0.6000000000000001 0 0 0 0 0 0 0 0 0 0 0 0 0 0 0 0.2 0 0 0 0 0 0 0 0.4 0 0 0 0 0.2 0 0 0 0.2 0 0 0 0 1.8 0 0 0 5.4 0 8.6 9.8 3.4000000000000004 2.2 5 2 1 6 0.2 0 5 0.2 1.4000000000000001 4.6000000000000005 0 1.4000000000000001 0 2.6 0 0 0 0 0 0 2 0 0 0 0 0 6 0 0 0 0 0 2 0 0 0 0 0 0 0 0 0 0 0.4 0.2 0 0 0 0 0 0 0 0 0 0 0 0 0 0 13.4 0 0 0 0 0 0 0 0 0 0 0 0 0 0 0 0 0 0 0 0.2 0.2 0 17.8 0.2 1.2000000000000002 1.2000000000000002 0.4 0 0 0 0 0 0 0 0 0 0 0 0 0 0 0 0 0 0 0 0 0 0 0 5.2 0 0 0 0 0 0 0 0 0 0 0 0 0 
 42.6 18.6 47.2 25 58 13.4 7.4 30.6 11.8 8.8 66.4 68.2 23.400000000000002 26.8 51.6 48 0 56 6.2 10.600000000000001 0 0.2 0.4 0 0 0.2 0.4 0 0 0 0 7.6000000000000005 4.4 0 0 0.6000000000000001 0 0.6000000000000001 0 0.4 0 0 0 0.4 0 0 0 0 0 0 0.6000000000000001 0.4 0 0 0.6000000000000001 0 0 0.4 0 13 0.4 0 0 0 8.200000000000001 0.2 0 0 0.6000000000000001 0 0 0.6000000000000001 0 0 0 0 0.2 0.4 0 0 0 0 3 2.8000000000000003 6.2 7.4 3.8000000000000003 4 8 1.6 8 6.6000000000000005 0 2.2 4 5 0 5 2.8000000000000003 4.6000000000000005 2.6 0 0 0 0 0.2 0 0 0 0 0 0 2 2.8000000000000003 0 0 0 0 2.2 0 0.2 0 4 0 0 0 0 0 0 0 1 0 0 0 0 0 0 0 0 0 0 0 0 0 0 0 0 0 0 0.2 0 0 0 0 0 0 0.8 3.2 0 0 2.2 4.4 4 0 0 1.8 0 0 0 2.8000000000000003 8.200000000000001 1.8 0 0.2 2 1.6 3.6 1 0 3 0 0.4 0 0 0 0 3.2 0.2 0.4 0 0 0 2 0 0 2.8000000000000003 0 0 0 5.4 0 0 0 0 0 0 0 0 0 0 0 0 0 2.6 0 0 0 0 0 0 0 0 3.2 0 0 0 0 0 0 0 0 0 0 0 2 0 0 0 0 0 0 0.2 0 0 0 0.2 0.2 0 0 0.4 0 2.4000000000000004 2 0.2 0 0 0 0 0.2 0 0 0 0 0 0 0 0 0 0 0 0 0 0 0 0 2 2.8000000000000003 0 0 0 0 0 0 0 0 0 0 0 0 0 
 35.4 25 26.8 35.2 30.6 12.4 45.6 9.8 36.6 33 29.8 47 24.400000000000002 25 74 19.400000000000002 56 0 16.2 16.6 0 0 0.4 12.4 0.6000000000000001 0.4 0 0 0 0.2 0 16.2 0.8 0 0 0.6000000000000001 0.6000000000000001 0.6000000000000001 0 0.4 0 2.8000000000000003 0.6000000000000001 0.8 0 0.6000000000000001 0 0 0 0 0.6000000000000001 0 0 0 0.4 0 0 0.8 0 12.4 0.4 0 0 0 0 0.6000000000000001 0 0 0.2 0 0 0.6000000000000001 0 0 0 0 1.2000000000000002 0.4 0 0 2.6 5.2 2 8.6 4.4 3.2 0 0.4 7.800000000000001 8.6 8 3.4000000000000004 0 5.4 3.6 3.2 3.6 4 0 2.6 2 0 0 0 0 0.4 0 0 0 0 0 0 1.8 0 0.2 0 0 1.2000000000000002 0.2 0 0.2 0 0 0 0 0 0 0 0 0 0 0 0.4 0 0 0 0 0 0 0 0 0 0 0 0 0 0 0 0 0 0 0 0 0.2 0 0 0.8 0 0 0 4.6000000000000005 2.2 5.4 3 1.6 1.4000000000000001 2.6 4.800000000000001 2.2 3.4000000000000004 0 0 3.6 4 2.6 5 1 17 0 2.6 0 0 0 0 0 0 1.4000000000000001 0 0 0 0 0 0 0 0 0 0 0 0.2 0 0 0 0 0 0 3.4000000000000004 0 0 0 0 0 0 0 0 0 0 0 0 0 0 0 0 0 0 0 0 0 0 0 0 0 0 0 0 0 0 0 0 0 0 0 0 0 0 0 0 9.600000000000001 0 0 1.6 0 2.4000000000000004 0 0 0 0 0 0 0 0 0 0 1.8 0 0 0 0 0 0 0 0 0 0 0 0 0 3.8000000000000003 0 0 0 0 0 0 0 0 0 0 0 0 0 
 24.200000000000003 10 97.80000000000001 15.8 59.800000000000004 52.800000000000004 31.200000000000003 15.200000000000001 43 78.80000000000001 54 53.2 15.600000000000001 39 95.80000000000001 7.2 6.2 16.2 0 37.2 0 0 0.4 0 0 0 0 0 0 5.2 0.6000000000000001 0.2 0 0 0 17.6 0 0.6000000000000001 0 0.4 0 0 0 0.4 0 0 0 0 0 0 0.6000000000000001 0.4 0 0 0.6000000000000001 0 0 0.6000000000000001 0.6000000000000001 0 0.4 0.4 0 0 0 0 0 0 0 0 0 0.6000000000000001 0 0 0 0.6000000000000001 0.2 0.4 0 0 3.8000000000000003 2.4000000000000004 0 0 4 0 0 2 0 4.2 2.8000000000000003 0 6.4 2.6 2.8000000000000003 1.2000000000000002 0.2 0 5.2 4.800000000000001 0 0 0 0 0 0 0 0 0 0 0.2 0 7 0.2 0 0 0 0 0 0 0 0 0 0 3.4000000000000004 0.2 0 0 0 0 0 0 0 0 0 0 2.4000000000000004 0 0 0 0 0 0 0 0 0 0 0 0 0 0 0.2 0 0 0.2 0 0.4 0 0 0.4 1.6 1.4000000000000001 0 0 0 0.2 3.2 1.8 0.2 0.2 0 0 2.4000000000000004 17.6 0.2 0 3.2 3.2 5.800000000000001 0 0 0 0 0 0 0 0 0 0 0 0 0 0 0 0 0 0 0 0 0 0 0.6000000000000001 0 0 0 0 0 0 0 0 0 0 0 0 0 0 0 0.8 0 0 0 0 0 0 0 0 0 0 0 0 0 0 0 0 0 0 0 2.4000000000000004 0 0.4 0 0 0 0 0 0.4 0 0 0 0.4 0.4 3.4000000000000004 0 0 0 0 0 0 0 0 0 0 0 0 0 0 0 0 0 0 0 0 0 0 0 0 0.6000000000000001 0 0 0 0 0 0 0 0 0 0 0 0 0 
 27.8 27.8 23.8 14.600000000000001 11.200000000000001 12.600000000000001 16 22.400000000000002 35.800000000000004 54 13.8 32.800000000000004 70 50 37.2 59.2 10.600000000000001 16.6 37.2 0 0 1 0.8 0 0 0 0.6000000000000001 0 0.2 0 0 9 14.4 0 0 0.6000000000000001 0 0.4 0 0.4 0 13 3.4000000000000004 0.6000000000000001 12.4 0 0 0 0 0 0.6000000000000001 0.2 0 0 1 0 0 0.4 0 0.2 0.4 0 0 0 0 0 0 0 0 0 0 0.4 0 0 0 0 0 0.4 0 0 5 0.4 0 2 0 0 8.200000000000001 2.8000000000000003 0 5 0.2 0 3.6 3.4000000000000004 5.4 1.4000000000000001 0 0 3.4000000000000004 3 0 0 0 2 0 0 0 0.4 0 0 0 0 0 0 0 0 0 0 0 0 0 0 0 0 0 0 0 0 0 0 0 0 0 0 0 0 0 0.2 0 0 0 0 0 0 0 0 0 0 0 0 0 0.8 0 0 0 0 0 0 0 0.6000000000000001 3.2 0 0 3.6 0 0 12.8 10.200000000000001 0 0.2 0 0 5.800000000000001 1.4000000000000001 2.6 0 5 5.4 11.200000000000001 4.2 0 0 0 0 0 0 0 0 0 0 0 0 0 0 0 0 0 0 0 0 0 0 0 0 0 0 0 0 0 0 0 0 0 0 0 0 0 0 0 0 0 0 0 0 0 0 0 0 0 0 0 0 0 0 0 0 0 0.2 0 0 0 0 0 0 0 0.4 2.4000000000000004 0 0.6000000000000001 0 0 1.2000000000000002 0 0 0 0 0 0 0 0 0 1.4000000000000001 2 0 0 0 0 0 0 0.2 0 0 0 0 0 0 0 0 0 0 0 0 0 0 0 0 0 0 0 0 
 0 0 0 30.400000000000002 0 0.6000000000000001 0.2 0 0 0.2 0 0.4 0 0.6000000000000001 0.4 0 0 0 0 0 0 38.400000000000006 19.200000000000003 21.200000000000003 5.800000000000001 11 25.8 32 6.2 6.4 8.200000000000001 47.800000000000004 9.4 22 28.8 17.2 45.2 3.2 9 89.60000000000001 0.4 0.6000000000000001 0 0.6000000000000001 0.6000000000000001 0 11 0 0 0.2 0 1.8 0 1.6 0 0 0 0 0 0.6000000000000001 0 0 0 0 0.4 0.4 0 0 0.2 0 0 10.4 0.4 0 0 14.600000000000001 0 0 0 0 0 0 8.4 0.6000000000000001 0 0 0 0 3.6 0 2.8000000000000003 0 0.4 0 0 0 0 0 0 0 2 6 2.8000000000000003 0 1.8 3.4000000000000004 0 0.2 6 0 0 0 7.6000000000000005 5 2.4000000000000004 0.6000000000000001 4.2 6.6000000000000005 0 0.4 3 1.4000000000000001 0.4 0 0 0 1.4000000000000001 0.4 1.4000000000000001 0 0 0 1.8 0 0 1.4000000000000001 1.6 1.4000000000000001 0.4 0.4 0 0 0 0 0 0 0 0 0 0 0 0.2 0 0 0 0 0 0.2 0 0 0 1.4000000000000001 0 0 12.8 6.2 0 0 0 0 0 15.200000000000001 0 0 0.2 0 0 0 0 0 4 0 0 2.6 2.4000000000000004 0.4 9.4 7.4 7.6000000000000005 0 0 0 0 2.4000000000000004 0 0 0.4 0 2 1.2000000000000002 3.8000000000000003 1.6 0 0 0 0 0.4 0.2 0 0 0 0 1.6 0.4 0.6000000000000001 0 1.6 0 0 0 0 0 0 0 0 0 0 0 0 0 0 0 0 0 0 0 0 0 0 0 0 0 0 0 0 0 0 0 0 0.4 0 0 0 0 1 0 0.4 0.2 0 0.4 0 0.4 0 0 0 0 0 0 0 0 0 0 0 0 0 0 0 0 0 0 0 0 0 0 1.8 0 0 0 0 0 
 0.6000000000000001 0 0 15 0.2 0 0 18 0 0 0 0.4 0 0.4 0.4 0 0.2 0 0 1 38.400000000000006 0 32.800000000000004 28 54.2 9.200000000000001 11 61.2 15.200000000000001 12.4 53.2 32.4 11 88 31.400000000000002 30.400000000000002 10.200000000000001 22.400000000000002 30.200000000000003 31 0 0.6000000000000001 0 0.6000000000000001 0.6000000000000001 0.2 13 0 0 1.2000000000000002 0 0.8 0 0.6000000000000001 0 0 0 0.8 12.200000000000001 0.8 0 0 0 0 0.4 0.6000000000000001 0 0 0.4 0.4 0 10 0.4 0 0 0 0 0 0 0 0 0 0 0.4 0 0 0 0 0 0 0 0 0 0 0 0 0 0 0 0 0 2.8000000000000003 9.8 6.4 3.2 0.2 0 11.200000000000001 2.2 4.800000000000001 0 1.8 5.4 0 8 2.4000000000000004 6.4 3 0 0 0 0 0.4 0 0 10.600000000000001 0 0 0 0 0 0 3.6 1.4000000000000001 0 0 0 0 0 0 0.4 0 0 0 0 0 0 0 0 0 0 0.2 0 0 0 0 0 0.4 0 0 0 0.2 0 0 0 1.6 0 0 0 0 0 3.8000000000000003 0 0 0 0 0 0 1.6 0 5.6000000000000005 4.4 0.8 4.6000000000000005 0 0 8.4 3.2 6.800000000000001 3.6 0 0 0 0 8.6 2 5.6000000000000005 6 0 2.6 0 0 0 0 0 0 0 0 0 0 0 0 0 0 0 0 0 0 4.6000000000000005 2.4000000000000004 0 0 0 0 0 0 0.2 0 0 0 0 0 0 0 0 0 0 0 0 0 0 0 0 0 0 0 0 0 0 14.8 0 0 0 0 1.2000000000000002 0.2 0 0 0 0.4 2.2 1.8 0 0 0 0 0 0 0 0 0 0 0 0 0 0 0 0 0 0 0 2.4000000000000004 0 0 0 0 0 0 0 0 
 0.6000000000000001 0.4 0.4 0.8 0.4 0.4 0.4 20.400000000000002 0.4 0.4 0.4 0.4 0.8 0.4 0.4 0.4 0.4 0.4 0.4 0.8 19.200000000000003 32.800000000000004 0 61.2 34.800000000000004 21.8 26.6 64.8 95.4 44.400000000000006 79.2 34.2 10.8 57 9.200000000000001 29.6 56.6 30.400000000000002 18.400000000000002 24.400000000000002 0 0.6000000000000001 0 0.6000000000000001 0.6000000000000001 1.2000000000000002 2.4000000000000004 0 0 0.2 1.2000000000000002 1 0 0.6000000000000001 0.2 0 0 0 21 1 0 0 0 0 0.4 1 0 0 0.4 0 0 0 0.4 0 0 0 0 0 0 0.8 0 0 0 0 0 0 0.2 0 0 0 0 0 0 4 0 0.4 0 0 0 0 2.8000000000000003 0.6000000000000001 0.2 9.600000000000001 4.6000000000000005 7.4 0 2.2 4 8.4 0 3 0 0 1.6 1 4.800000000000001 6.4 0 0 3.6 0 0 0 0 0 1.4000000000000001 0 0 0 0 0 0 1.8 0 0.2 0 0 3 0 1.6 0 0 0.2 0.4 0 0 0 0 0 0 0 0 0 0 0 0 0 0 0 1 1.4000000000000001 0 0 3.2 0 4 0 0 0 0 0 0 0 0.2 0 0 0 0 0 2.6 2 0 2.2 3 0 1.4000000000000001 3.6 5.4 2.8000000000000003 2.2 2.2 0 2.2 0 0 3.8000000000000003 6.2 0 0 0 0 0 0 0 0 1.8 0 0 0 2 0 4.2 0 0 0.4 0 0 3.2 2.2 0 0 0 0 0 0.4 0 0 3.2 0 0 0 0 0 0 0 0 0 0 0 0 0 0.2 0 0 0 0 0 0 0 0 0 0 0 2.4000000000000004 0 0.4 0 0.8 0.4 0.2 0.2 0 0 0 0 1.4000000000000001 0 0 0 0 0 0 0 0 0 0 0 0 0 0 2.8000000000000003 0 0 0 2.6 0 0 0 0 
 0 0 0 0 0 0.4 0 0 0 0 0 0 0 0 0 0 0 12.4 0 0 21.200000000000003 28 61.2 0 31.8 62.800000000000004 26.6 31.400000000000002 51.6 30.200000000000003 27.6 45 10.200000000000001 12.600000000000001 15.4 54.6 12 40.800000000000004 17.400000000000002 15.600000000000001 0.4 0.6000000000000001 0.2 0.6000000000000001 0.6000000000000001 0.8 6.4 0 0 0.4 1.2000000000000002 0.6000000000000001 0 17.8 0 0 0 0 22 13.600000000000001 0 0 0 0 0.4 0.4 0 0 0.2 0 0 0 0.4 0 0 0 0 0 0 0 0 0 0 0 0.2 0 0 0.2 0 0 0 5 0 0 0 0 0 0 0 0 0 0.2 3 3 4.2 7 0 0 3.6 4.2 0.4 2.6 0 0 0 2 0.2 3.6 0 0 0 0 2 2.2 0 0 2.8000000000000003 6.4 4.4 0 0 0 2.6 5 6.2 0.2 2.6 0 3.4000000000000004 0 0 0 0 0 0 0 0.4 0 0 0 0 0 0 0 0 2.6 0 2.8000000000000003 0 0 0 6 0 0 0.8 0 0 0 0 0 0 0 0 0 0.2 2 0 0 0 0 0 0.2 2.2 5 2.6 6.6000000000000005 0.4 0 5.6000000000000005 3.2 0.2 0 0 3.2 0 0.2 0.2 2.2 0 0 0.4 2.8000000000000003 0 0.2 0 0 4 3.6 0 0 0 0 3.8000000000000003 2.4000000000000004 0 0.2 0 0 0.2 5.6000000000000005 0 0 0 0 0 0 0 0 0 0 0 0 0 0 0.2 0 0 0 0 0.2 0 0 0.2 0 0 0 0 0 0 0 0 0 0 0 2.8000000000000003 0.4 0.2 2.8000000000000003 0.2 0 0.2 0.4 0 0 0 0 1.8 0 0 0 0 0 0 0 0 0 0 0 0 0 0 6 0 0 0 0 0 0 0 0 
 0 0 0 0 0 0.4 0 0.4 0 0 0 0 0.4 0 0 0 0 0.6000000000000001 0 0 5.800000000000001 54.2 34.800000000000004 31.8 0 47 10 25.200000000000003 29.8 107 34.800000000000004 37.800000000000004 10.8 13.200000000000001 18.8 11 40.6 9.8 31.6 58.400000000000006 13.200000000000001 0.6000000000000001 0 0.6000000000000001 0.6000000000000001 1 1.4000000000000001 0 0 0.6000000000000001 1.2000000000000002 2 0 12.8 0 0 0 0 46.2 13.8 0 0 0 0 0.6000000000000001 0 0 0 0 0 0 0 0.4 0 1 0 0.2 0 0 0 0 0 0 0 0 0 0 0 0 0 0 0 0 0 0 0 0 0 0 0 0 0 0 4.4 5.6000000000000005 0 0 0 5.6000000000000005 6.4 3.2 7.2 0 0 0 0 2.6 4.4 0 0 5.2 0 0 0 0 0 0 11.200000000000001 5.6000000000000005 0 0 2.4000000000000004 0 2.4000000000000004 0 3.8000000000000003 0 3.6 2.6 0 1.8 0 0 0 0 0 0 0 0 0 0 0 0 0 1.8 0 0.2 0 0 0 0.8 0 0 0 0.2 0 0 0 0 0 0 0 0 0 0.2 0 0 0 0 0 2.4000000000000004 6 3.2 4 0.6000000000000001 2.2 0 2.2 0.2 8.4 6.2 6.6000000000000005 0 0 0 0.2 4 2 0 0 5 2.4000000000000004 0 4.2 0 0 1.6 0.6000000000000001 2 0.2 0 0 9.600000000000001 1.8 0.2 1.8 0 0 5 2.8000000000000003 0 0 0 0 0 0 0 0 0 0 0 0 0 0 0 0 0 0 0.2 0 0 0 10 0 0 0 0 0 0 0 0 0 0 0 2.4000000000000004 0.4 0.4 1.4000000000000001 30.6 0 0.2 2.4000000000000004 0 0 0 0 0 0 0 0 0 0 0 0 0 0 0 0 0 2 0 2.8000000000000003 0 0 0 0 0 0 0 0 
 0 0 0 0 0 0 0 0 0 0 0 0 0 0 0 0.4 0.2 0.4 0 0 11 9.200000000000001 21.8 62.800000000000004 47 0 7.2 20 10.200000000000001 20.400000000000002 60.400000000000006 27.6 8.8 10.4 9.200000000000001 31.8 57.2 15.200000000000001 12.8 14.4 13.600000000000001 0 0 0.6000000000000001 0.6000000000000001 1.2000000000000002 0 25.8 0.2 0.4 4 0 0.4 12.4 13.4 13.600000000000001 0.4 0.8 0 6 0 0.4 0.2 0 0 0 0 6.2 0 0.6000000000000001 0 0 0 0.4 0.6000000000000001 0 0 0 0 0 0 0 0 0 0 0 0 0 0 0 0 0 0 0 0 0 0 0 0 0 0 0 2.2 0.2 3.4000000000000004 2.2 0 6.4 4.2 1 2.2 2.6 0 0.4 1 0 0 2.6 0 0 0 2 0 0 0 0 6.2 2.2 2.8000000000000003 2.4000000000000004 2.6 0.2 7.6000000000000005 2.2 4 4.800000000000001 3.6 2.4000000000000004 2.4000000000000004 6 0 0 0 0 0 5.2 0 2.6 0 0.8 4.6000000000000005 0 0 0 0 0 1.4000000000000001 0 0.2 0 0.2 0 0 5.800000000000001 0 0 0 0 0 0 0 0 0 0 0 0 0 0 0.4 0 0 2.6 3.4000000000000004 0 2.8000000000000003 0 0 0 0 3 5 0 0 0 2.4000000000000004 0 0 3.2 0 0 4.6000000000000005 0 5.2 0.6000000000000001 0 0 2.2 4 0.6000000000000001 8.200000000000001 2.4000000000000004 1.8 14 1.4000000000000001 4.4 11.200000000000001 2.8000000000000003 2.4000000000000004 7.800000000000001 4 0 0 0 0.2 0 0 0 0 0 0 0 0 0 0 0 0 0 0 0 0 0 0 0 0 0 5.4 0 0 0 0 0 0 0 0 1 0 0 0 1.2000000000000002 0 0.2 0 0 0.2 0 0 2 0 0 0 1.8 0 0 0 0 0 0 0 0 8.4 0 3.2 0 0 0 0 0 0 0 0 
 0 0 15.4 0.2 0 0.2 0 0 0 0 0 0 0 0 0 0 0.4 0 0 0.6000000000000001 25.8 11 26.6 26.6 10 7.2 0 28.6 16.400000000000002 40.6 47.2 9.8 25.200000000000003 16 31.8 38.6 21 19.6 25.8 26.6 0 0.6000000000000001 0 0.6000000000000001 0.6000000000000001 0 0.6000000000000001 0 0 1 13.4 0.6000000000000001 0 0.6000000000000001 0 0 0 0 0 0.6000000000000001 0 0 0 0 0.4 0.4 0 0 0.6000000000000001 0 0 7.800000000000001 1.2000000000000002 0.8 0 0 0 0 0 0.2 0 0 0 0 0 0 1.8 0 0 0.2 0 0.4 0 0 0 0.2 0 0 0 0 2.4000000000000004 2.2 2.6 0.2 0 0 5.800000000000001 2.6 0 2.6 8 3.2 0.4 1.8 0 5.4 0 5.6000000000000005 0 2.6 0 0 0 0 4.4 0 0 0 0 0 0 0 0 0 0 0 1 0 0 1.4000000000000001 0 1.2000000000000002 0 0 0 0 0.4 0 0 0 0 0 0 0 0 0 0 0 0 0 0 1 0.8 0 0.8 0 0 0 0 0 0.2 0 0 0 0 0 0 0 0 0 2 3.8000000000000003 3.4000000000000004 0 4.4 0 0 0 3.8000000000000003 1.4000000000000001 2.4000000000000004 2.4000000000000004 1.6 2.6 0 6 3.6 0.2 0.2 0 0 0 0 0 0 0 0 0 0 0 0 0 0 1.8 0 0 0 0 0 0 0.4 0.2 0 0 0 0 0 0 0 0 0 0 0 0 0 0 0.4 0 0 0 0 0 0 0 0 0 0 0 0 0 0 0 0 0 2.4000000000000004 0.6000000000000001 0 15.200000000000001 0 0 1.2000000000000002 0 0 0 0 0 0 0 0 0 0 0 0 0 0 0 0 0 0 0 0 0 0 0 0 0 2.8000000000000003 0 0 0 
 0 0 0 0 0 0.2 0 0 0.2 0 0 0 0 0 0 0 0 0 0 0 32 61.2 64.8 31.400000000000002 25.200000000000003 20 28.6 0 65.8 9.4 21.200000000000003 39 36.6 32.4 43.400000000000006 30.400000000000002 25 12.8 29.200000000000003 11.600000000000001 0 0.6000000000000001 0.2 0.6000000000000001 0.6000000000000001 0.8 1.8 0 0 0.6000000000000001 0 0.6000000000000001 0 0.6000000000000001 0 0 0 0.6000000000000001 29.200000000000003 1.4000000000000001 0 0 0 10.200000000000001 0.4 0.4 0 0 0.2 0 0 0 0.4 0 0 0 0.2 0.4 0 0 0 0 0 0 0.4 0 0 0.4 0 0 0 0 0 0 0 0 0 0 0 0 0 4 7.4 4.800000000000001 3.6 5.2 0.2 3.4000000000000004 2.8000000000000003 3.8000000000000003 3 1 0 4.2 2 11.4 4.2 3.6 0 0 4.2 0 0 0 0 0 0 0.2 0 0 0 0 2 4.6000000000000005 0 0 0 0 2.2 4 1 0.2 0 0 0 0 0 0 0 0 0.2 0 0 0 0 0 0 0 0 0 0 0.6000000000000001 0 0 3.6 0 0 0 0 0 0 0 0 0 1.2000000000000002 0 0 0 0 0 0.2 4.800000000000001 0.8 1.6 2.4000000000000004 0 0.2 0 3.8000000000000003 1.8 6.2 3.4000000000000004 0 4 2 6.800000000000001 7 7.800000000000001 2 0 0 0 0 0 0 0 0.2 0 0 0 0 0 0.2 0 0 0 0 0 6.4 1.8 0 0 0 0 0 0 0 0 0 0 0 0 0 0 0.4 0 0 0 0 0 0 0 0 0 0 0.4 0 0 0 0 0 0 0 0 1.6 0 0.2 1.2000000000000002 0 0.2 0 2 0 0 0 0 0 0 0 0 0 0 0 0 0 0 0 0 0 0 0 0.8 0 0 0 0 0 0 0 0 
 0.2 0 0.2 0 0.2 0.6000000000000001 0.2 0 14.600000000000001 0 0.2 0.2 0.2 0 0 0.2 0 0 0 0.2 6.2 15.200000000000001 95.4 51.6 29.8 10.200000000000001 16.400000000000002 65.8 0 28 49.800000000000004 68.4 18.6 58.6 23.8 26 46.800000000000004 66.2 77.2 15.8 0 0.6000000000000001 0.2 0.6000000000000001 0.6000000000000001 0 12.8 0 0 2.8000000000000003 0 1.2000000000000002 0 1 0 0 0 0.2 37 0.4 0 0 0 0 0.4 0.6000000000000001 0 0.6000000000000001 0.4 0 0 0 0.4 0 0 0 0 0 0 0 0 0 0 0 0.4 0 0 0.2 0 0 0 0 0 0 0 0 0 0 0 0 0.2 3.6 1.4000000000000001 7.2 3.2 3 3.6 9.600000000000001 2.6 5.4 3 8.4 0 0 4.800000000000001 3 3.2 4.800000000000001 0 0 4.2 0 0 0 0 0 0 4.2 0 0 0 0 0.4 1.4000000000000001 0 0 0 0 3.8000000000000003 0 0.4 0 0 0 0 0 0.4 0 0 0 0.2 0 0 0 0 0 0 0 0 0 4.6000000000000005 0 0 0 0.2 0 0 0 0 0 0 0 0 0 1 0 0 0 0 0 2.2 5.2 7.2 3.6 4.4 3.8000000000000003 1.8 0.2 2.4000000000000004 0 1.2000000000000002 0.8 1.2000000000000002 6.6000000000000005 0.4 2.8000000000000003 7 2.4000000000000004 0 0 0.6000000000000001 0 0 0 0 0 0 5 0 0 0 0 0 0.2 0 0 6.4 0 4.4 5.800000000000001 0 0 0 0 0 0 0 0 0 0 1.4000000000000001 0 0 0 0.2 0 0 0 0 0 0 0 0 0 0 0.2 0 0 0 0 0 0 0 0 1.4000000000000001 0.2 0.4 0 0.4 0 0.4 0.2 0 0 0 0 0 0 0 0 0 0 0 0 0 0 0 0 0 0 0 2.4000000000000004 0 0 0 6.800000000000001 0 0 0 2.4000000000000004 
 0 0 0.2 3.4000000000000004 0 0 0 0 0.2 0.4 0 0 0 0 0 0 0 0.2 5.2 0 6.4 12.4 44.400000000000006 30.200000000000003 107 20.400000000000002 40.6 9.4 28 0 21.400000000000002 38.2 24.200000000000003 13.8 32.6 53.400000000000006 41.6 10.4 37.800000000000004 35.6 0 0.6000000000000001 0 0.6000000000000001 0.6000000000000001 0.2 1.4000000000000001 0 0 0.2 1.2000000000000002 0.6000000000000001 0 0.6000000000000001 0 0 0 0 12.8 0.6000000000000001 0 0 0 0 0.4 0.4 0 0 0.2 0 0 0 0.4 0 0 0 0 0 0 0 0 0 0 0 0 0 0 0 0 0 0 0 0 0 0 0 0 0 0 1.2000000000000002 0 6 0.2 2.2 4.800000000000001 0 1.6 2.2 4.2 6.2 8.200000000000001 5 0 0.2 0.4 3.4000000000000004 2.4000000000000004 4 0 0 8.4 0 0 0 0 0 0 1.6 0 0 0 0 1.4000000000000001 2.4000000000000004 0 0 0 0 3.8000000000000003 2.6 0.6000000000000001 0.4 0 0 0 0 0 0 0 0 0 0 0 0 0 0.4 0 0 0 0 0.2 0 0 0 0 0.2 0 2.6 0 0 0 0 0 0 3.6 0 0 0.4 0 0.4 1.8 4.6000000000000005 4.800000000000001 0 1.4000000000000001 0 0 1.2000000000000002 1.2000000000000002 6.2 14.8 10 0 0 2 0.2 5.4 6.6000000000000005 0.2 0 1.2000000000000002 0 0 0 0 0 1.8 2 0 0 0 0 3.8000000000000003 0 0 0 0 0.2 1.6 0.6000000000000001 0 0 0 0 0 0 0 0 0 0 0 0 0 0 0 0 0 0 0 0 0 0 3 0 0 0 0 0 0 0 0 0.4 0 0 0.2 0 0 1.2000000000000002 15.600000000000001 0 0 2.6 0 0 0 0 0 0 0 0 0 0 0 0 0 0 0 0 0 3 0 2.6 0 0 0 0 1.2000000000000002 0 0 0 
 0 0 0 0 0 0 0 0.2 0 0 0 0 0 1 0 0 0 0 0.6000000000000001 0 8.200000000000001 53.2 79.2 27.6 34.800000000000004 60.400000000000006 47.2 21.200000000000003 49.800000000000004 21.400000000000002 0 97.80000000000001 6 13.4 10.8 38.400000000000006 72.4 72.2 18.6 11.8 0.4 1.6 0 0.6000000000000001 0.6000000000000001 1.4000000000000001 1 0.6000000000000001 0 0.2 13 1 0 1.2000000000000002 6.2 0 0 0 17.2 1.6 0.2 0 1 0 0.4 0.6000000000000001 0 0 0.4 0.2 0 0.2 0.4 0 0 10.8 0 0 0 0 0 0 0 0 0 2.4000000000000004 0 0 0 0 0 0 0 0 0 0 0 0 0 0 2.8000000000000003 3.8000000000000003 2.2 4.6000000000000005 4.2 8.8 0 6 7 3.4000000000000004 3 7.2 0 0 1.6 0 0 0 0 0 4.4 4.2 0 0 0 0 2.2 5.2 0.4 0 0 0 0 1.8 0 0 0 2.2 5.800000000000001 2 1.8 0 0 0 0 0 0 0 0 0 0 0 0 0 0 0 0 0 0 0 2.2 0 0 0 0.2 0 0 0 0 0 0 0 0 0 1 0 0 0 0 0 0 0 0 2.8000000000000003 1.4000000000000001 2.2 1.4000000000000001 0 1.8 1.8 2 0.6000000000000001 0 2 0 2.8000000000000003 0 0.8 1.8 0 0.2 2.4000000000000004 0 0.2 0 0 2.4000000000000004 3.4000000000000004 0 0 0 0 0 2 0 0.2 0.2 0 0.8 1 0 0 0 0 0 0 0 0 0 0 0 0 0 0 0 0 0 0 0 0 0 0 0 0 0 0 0 0 0 0 0 0 0 0 2.8000000000000003 0 0.2 7.6000000000000005 0.4 0 0.4 0 0 0 0 0 3.8000000000000003 0 0 0 0 0.2 0 0 0 0 0 0 0 0 0 3.8000000000000003 0 0 2 2.6 0 0 0 0 
 0.2 0.2 0 0.4 0 0.2 0 0.2 0.2 41.800000000000004 0 0.2 0 0.2 0.4 0 7.6000000000000005 16.2 0.2 9 47.800000000000004 32.4 34.2 45 37.800000000000004 27.6 9.8 39 68.4 38.2 97.80000000000001 0 8.6 6.2 22.8 8.8 51 44.800000000000004 10.4 15.4 0 0.6000000000000001 0.2 0.6000000000000001 0.6000000000000001 1.8 2.4000000000000004 0 0 0.4 1.8 0.6000000000000001 0 0.6000000000000001 0 0 0 0 12.8 0.6000000000000001 0 0 0 0 0.4 0.4 0 0 0.2 0 0 0 0.4 0 0 0 0 0 0 0 0 0 0 0 0 0 0 0 0 1.4000000000000001 0 0 0 0 0 0 0 0 0 0 0 1.6 3.2 6 9.4 6.6000000000000005 0 0.4 4 5.2 1.6 6.4 0 1.6 0 2.8000000000000003 1.2000000000000002 0 0 0 5.4 0 0 0 0 0 1.8 3.4000000000000004 0 0.2 0 0.2 0 4.2 0 0 0 0 4.800000000000001 0 1 0 0 0 0 0 0.2 0 0 0 0 0 0 0 0 0 0 0 0 0 0 0 0 0 1.6 0 0 0 0 0 0 0 0 0 0.6000000000000001 0 0 0 0 0 0 3 0 11 0 0 0 0 0 1.6 5.2 4.800000000000001 0 3 4.2 2.8000000000000003 4.4 5.800000000000001 0 0 0 0 0 0 0 0 1.4000000000000001 0 0 0 0 0 2.6 0 0 0 0.4 0 1.6 7.6000000000000005 0 0 0 0 0 0 0 0 0 0 0 0.4 0 0 0.2 0 0 0 0 0 0 0 0.8 0 0 0.4 0 0 0 0 0 0 0 0 7.4 0 0.2 0.4 0 0.2 0.4 3.8000000000000003 0 0 0 0 1.4000000000000001 0 0 0 0 0 0 0 0 0 0 0 0 0 0 2.2 0 0 0 2 0 0 0 0 
