 0 105.2 19 96.4 9.8 18.2 45.400000000000006 12.200000000000001 26 12 50.400000000000006 11 29 108.80000000000001 70.60000000000001 46.800000000000004 42.2 7.800000000000001 37.2 31.400000000000002 0.4 0 0.4 0 0.6000000000000001 0 0 0 0 0.6000000000000001 0.4 0 0.4 0 0.2 0 0 0.2 0 0 0 0 0.6000000000000001 25.8 0 0 0 0 0 0.4 0 0.6000000000000001 0 0 0 0 0 0.8 0.6000000000000001 0 10.600000000000001 0.6000000000000001 0 0 0 0.4 0.6000000000000001 0 0 0.4 0 0.6000000000000001 0 0 0.6000000000000001 0.6000000000000001 0 0 0 0 2.6 3 2.4000000000000004 0 4.4 2 0 2.4000000000000004 2.2 2 0 0 0 2.8000000000000003 5.800000000000001 3.4000000000000004 5.4 2.8000000000000003 0.2 7.2 0 0 0 0 0 0 0 0 0 0 0 0 0 0 0 0 0.4 0 0.4 0 0 0 0 0 0 0 0 0.4 0 0 0 0 0.4 0 0 0 0 0 0 0 0 0 0 0 0 0 0.2 0.6000000000000001 0 0.4 0 0 0 0 0 0 0 0 0 0 2.6 5.4 0 3 0.4 0 3.6 3.6 0.8 2.2 3.2 2.6 0.2 9 1.8 0 2.8000000000000003 0 7.4 0.2 0 0 0.2 0 0 0 0 0 0 0 0 0 0 0.4 0 0 0 0 0 0.2 0 0 0 0.4 0 0 0 0 0 2 0 0 0 0.4 0 0 0 1.8 0 0 0 0 0 0 0 0 0 0 0 0 0 0 0 0.4 0 0 2.8000000000000003 0 0 0 0 0 0 0 0 0 0 0.4 0 0 0 2.6 0 0 0 0 0 0 0 0 0 0 0 0 0 0 0 0 0 0 0 0 0 0 0 0 0 0 0 0 0 0 0 0 0 0 0 0 0 0 
 105.2 0 68.2 73 29.6 41 20.6 14.200000000000001 62 29.8 26 10.4 13.8 9.200000000000001 23.200000000000003 36.800000000000004 59.400000000000006 33 10.200000000000001 13.600000000000001 0.4 0 0 0 0.6000000000000001 0 0 0 41.6 0.6000000000000001 0.4 41.2 0.4 0 0.2 0 0.2 0.6000000000000001 14.8 0 0 0 0.4 0 0 0 0 0.4 0 0.4 0 0.6000000000000001 0 0 0 0 0 12 0.6000000000000001 0 0 0.6000000000000001 0 0 0 0.6000000000000001 0 0 0 0.4 0 0.6000000000000001 0 0 0.4 0.6000000000000001 0 0 0 0 7.6000000000000005 2.8000000000000003 5.800000000000001 1.4000000000000001 2.8000000000000003 7.6000000000000005 7 0 3 1.4000000000000001 1.8 2.8000000000000003 0 3.2 3.8000000000000003 0 0 4.2 0 2.4000000000000004 0.2 0 0.2 0 0 0 0 0.4 0 0 0 0 0 2.2 0 0 0 0 2 0 0 0 0 0 0 0.2 0 0 0 0 0 0 0 0 0 0 0 0 0 0 0 0 0 0 0.2 0 0 0 0 0 0 0 0 0 0 0 0 0 0 0 0.2 0 0 0 0 6.4 0 1.2000000000000002 0 3.8000000000000003 4.4 4.800000000000001 0 3 5.800000000000001 0 4.800000000000001 1.8 0.4 0 0 0 1 2.6 0 0 3.4000000000000004 0 0 0 0 0 3 0 3.4000000000000004 0 0 0 0 0 0 0 0 0 0 0 0 0 0 0 0 0 0 0 0 0 0 0 0 0 0 0 0 0 0 0 0 0 0 0 0 0 0 0 0 0 0 0 0 0 0 0 0 0 0 0.4 0.4 0.4 0.4 0 3 3.8000000000000003 0 0 0 0 0 0 0 0 0 0 0 0 0 0 0 0 0 0 0 0 0 0 0 6 2 0 0 0 0 0 0 0 0 0 0 0 0 0 
 19 68.2 0 34 16.2 12.600000000000001 57.6 69.4 51.6 94.60000000000001 52 8 83.80000000000001 31.200000000000003 10 18.6 27 55.800000000000004 44.6 8.8 0.4 0.6000000000000001 0 0 0.6000000000000001 0 14.4 0 0 10.200000000000001 0.4 0 0.4 0 0 0 0 0 0 5.6000000000000005 0 0 0.4 0 0 0 0 0.4 0 0.4 0 0.6000000000000001 0 0 0 0 0 0 0.6000000000000001 0 0 0.6000000000000001 0 0 0 0 0.2 0 0 0.4 0 0.6000000000000001 1.2000000000000002 0 0.4 0.6000000000000001 0 0 0 0 0 3.4000000000000004 2.6 5.2 0 0 7 0.2 1.2000000000000002 7.800000000000001 7.6000000000000005 6.800000000000001 3.2 5 3.2 8.4 4.6000000000000005 0 0 0 0 0 0.4 0 0 0 2 0 3 0 0 0 5.2 0.4 0 0 0 0 4.4 3 0 0 0 0 0 0 0 0 0 0.2 0 0 0 0.4 0 0 0 0 0 0 0 0 0 0 0 0 0.4 0 0 0.2 0 0 0 0.2 0 0 0 0 0 0 0 3.8000000000000003 3.6 3.2 0.2 1.4000000000000001 6 0 2 0 2 0 0 0 0.4 6.2 0.8 8 2.6 6 0 0 0.4 0 0 0 0 0 0 0 0 0 0 2.4000000000000004 0 0 0 0.4 3 3 0 0 0 0 0.4 0 0 0 0 0 0 0 0 0 0 0 0 0 0 0 0 0 0 0 0 0 0 0.2 0 0 0 0 0 0 0 0 0 0 0 0 0 0 0 0 0 0.4 35.6 0 0 0.6000000000000001 0.2 1 2.8000000000000003 0 0.4 0 0 0 0 0 0 0 0 0 0 0 0 0 0 0 0 0 0 0 0 1.4000000000000001 1.4000000000000001 1 0 0 0 0 0 0 0 0 0 0 0 0 
 96.4 73 34 0 35.6 25.400000000000002 22.400000000000002 79.2 133.6 64 97.2 78.80000000000001 11.4 33.800000000000004 18.8 61 18.6 53.6 14.8 19.400000000000002 15.200000000000001 0 0 0 0.6000000000000001 0.4 14.8 0 0 0.4 0.4 0 15 0 0.2 0 0 0 14.8 0 0 0 0.6000000000000001 0 0 0 0 0.4 0 0.4 0 0.6000000000000001 0 0 0 0 0 0.2 0.6000000000000001 0.4 11.8 0.6000000000000001 0 0 0 0.2 0 0 0 0.4 0 0.6000000000000001 0 0 0.6000000000000001 0.6000000000000001 0 0 0.2 0 0 0 4 2.8000000000000003 6.4 2.6 0 0 0 0.2 4 10 0 2.6 0 2.6 2.6 14 0 0 3.4000000000000004 3.2 3.6 0 0 0 5 0 2.6 1.6 0 0 7 2.4000000000000004 2 0 0 0 10.4 1.6 0 0 0 0 0 0 0 0 0 0 0 0 0 0 0 0 0.2 0 0 0 0 1 0 0 0 0 0 0 0.2 0 0 0 0 0 1.2000000000000002 0 0 0 0.4 0 2.4000000000000004 1.6 1.6 0 0 4.800000000000001 0 0.4 6.2 3.2 1.8 5.4 0.4 0 0 0.2 7.4 3 0 0 0 0 3 0 0 0 4.6000000000000005 4.800000000000001 0.4 0 0 0 3.2 6 2.4000000000000004 0 0 0 0 2.8000000000000003 0 0 0 0 0 0.4 0 0 0 0 0 0 0 0 0 0 0 0 0 0 0 0 0 0 0 0 0.2 0 0 0 0 0 0 0 0 3.2 0 0 0 0 0 0 0 0 0 0 0 0.4 0.4 0.4 2 0.6000000000000001 0 0 0 0 0 0 0 0 0 0 0 0 0 0 0.2 0 0 0 0 0 0 0 0 1.6 6.800000000000001 0 0 0 0 0 0 0 0 0 0 0 0 0 
 9.8 29.6 16.2 35.6 0 19.200000000000003 11.8 29.6 62 56 29.400000000000002 29.400000000000002 56.6 31.8 10.200000000000001 37.6 12.4 12.200000000000001 55 50.800000000000004 15.200000000000001 7.2 0 0.4 0.6000000000000001 0 17.400000000000002 30.200000000000003 0 0.6000000000000001 0.4 0 16.6 12 0 0 15.8 0 8 30 0.4 0 0.4 0 0 0 0 0 0 0.4 0.4 1 0.4 1.4000000000000001 0.6000000000000001 0 0 0.8 0.6000000000000001 0 0 0.6000000000000001 11 0 0 0.2 0 0 0 0.4 0 0.6000000000000001 0 0 0.4 0.6000000000000001 0 0 0 0 0 0 1.2000000000000002 3.4000000000000004 3 8.6 3.6 0.4 0 4 0.2 0 0 0 3.6 0.4 3.4000000000000004 1.8 0 0 0 5.4 2.2 2.8000000000000003 0 0 1.2000000000000002 4.2 0 0 1.6 3 0 4.4 2.2 0 4.800000000000001 2.8000000000000003 0.6000000000000001 1.8 0 0 0 0 0 0 0 0.4 0 0 0 0 0.4 0 0 0 0 0 0 0 0 0 0 0 0 0 0 0 0 0.4 0 0 0 0 0 0 0 0 0 0 0 0.2 2.8000000000000003 2.4000000000000004 1.8 0 0 0 0 7.4 12.200000000000001 3.4000000000000004 0 0 0 0 5 0 0 0.6000000000000001 11.200000000000001 2 0 0 0.2 0 2.2 3.2 0.6000000000000001 0 0 0 2.2 0.6000000000000001 1.6 0 0 2.4000000000000004 4.4 6.4 0 0 0 0.4 0.2 0 0 0 0 0 0 1.2000000000000002 0 0 3.6 0 0 0 0 0 0 0 0 0 0 0 0 0 0 0 0 0 0 0.4 3.4000000000000004 0 0 0 0 0 0 1.4000000000000001 0 0 0 0 1.2000000000000002 0.4 0.8 21 0 2.2 0 0 0 0 0 0 0 0 0 0 0.2 0 0 0 0 0 0 0 0 0 0 0 0 0 0 0 0 0 0 0 0 0 0 3.8000000000000003 0 0 0 0 
 18.2 41 12.600000000000001 25.400000000000002 19.200000000000003 0 6.2 22 24.8 36.6 37.4 9.200000000000001 6.800000000000001 11 28.200000000000003 40 37.4 10 9.4 15 1.6 0 0 0 0.6000000000000001 0 14.600000000000001 0 0 12 0.4 0 0.6000000000000001 0 4.2 14.8 0 0 0 4.800000000000001 0 0 0.6000000000000001 0 0 0 0 0 0 0.4 0 0.6000000000000001 0 0 0 0 0 0.4 0.6000000000000001 0 0 0.6000000000000001 0 0 0 0.2 0 0 0 0.4 0.2 0.6000000000000001 0 0 0.6000000000000001 0.6000000000000001 0 0 0.2 0 3 2 4.800000000000001 7.2 5.4 0 2 0 0 3.2 7 5 0 1.8 0 1.8 0 2.6 0 0 1.8 6.4 0.2 2.2 0 0 5 0 3.6 0 0 0 11.600000000000001 0 0 0 2 0 2 1.4000000000000001 0 0 0 0 0 0 0.4 0 0 0 0 0 0 0.2 0 0 0 0 0 0 1.2000000000000002 6.2 0 0 0 1.4000000000000001 0 0.4 1.6 0 0 0 0 0 1.6 0.2 0 0.4 0 0 1 2 0 0 2.2 5 0 3.8000000000000003 0 0 0 0 0 0 0 0 0.6000000000000001 12.200000000000001 0 0 3.6 0 2.8000000000000003 0 0.2 0 3.6 0.2 0 6.4 0 0 5.800000000000001 2 2.4000000000000004 0 0 0 8.6 5.800000000000001 0 0 0 0 0 0 0 0.4 0.4 0.4 0 0 0 0 0 0 0 0 0 0 0 3 0 0 0 0 0 4 0 0 0 0 0 0 0 0 0 0 0 0 0 0 0 0 0 1 20.200000000000003 0.4 1 0 0.2 1.6 0 0 0 0 0 0 0 0 0 0 0 0 0 0 2.6 0 0 2.8000000000000003 0 0 0 0 0 0 4.2 0 0 0 0 0 0 0 0 0 0 0 0 0 
 45.400000000000006 20.6 57.6 22.400000000000002 11.8 6.2 0 54 75 29.200000000000003 8.6 60.400000000000006 100.80000000000001 49 15 52.400000000000006 24.400000000000002 4.800000000000001 8.6 46.6 0.4 0 0 0.6000000000000001 0.6000000000000001 0 1.6 0 1.2000000000000002 1.4000000000000001 1 0 0.8 0 0.2 1.2000000000000002 0 0.8 0 0.4 0.2 0 0.6000000000000001 0 0.6000000000000001 0 1.2000000000000002 0.8 1.2000000000000002 1 0 0.6000000000000001 12.200000000000001 0 0.6000000000000001 0 1.8 0 0.6000000000000001 3.8000000000000003 0 0.6000000000000001 11.600000000000001 10.8 0 0.4 0 0 1.2000000000000002 0.4 0.4 1.4000000000000001 0.6000000000000001 0.6000000000000001 0.6000000000000001 1.8 0 1.6 0.4 0 3.2 0 3.8000000000000003 10.600000000000001 10.4 0 4.6000000000000005 3 2 1.4000000000000001 0 0 6.2 5.800000000000001 9.4 0 8.4 2.4000000000000004 2.4000000000000004 2.2 0 0 0 0 0 0 0 0 0.2 0 0 0 0 0 0 0.2 0 4 0 0 0.2 0.2 0 0 0 0 0 0 0.8 0 0 0 0 0 0 0 0 0 0 0 0 0 0 0 0 0 0 0 0 0 0.4 0 0.4 0 0 0 0.2 0 0 0 2.8000000000000003 12 2.8000000000000003 2.6 3.8000000000000003 0.2 2 0 0 7.800000000000001 7.4 6 4.6000000000000005 2.6 3.4000000000000004 3.4000000000000004 7 0 0 3 0 0 0 0 0 0 0 0 0 0 0 0 0 0 0 0 0 0 0 0 0 0 0 0 0 0 0 0 0 2 0.2 1.2000000000000002 0 0 0.4 0.2 0 0 0 0 0 0 0 0 0 0 0 0 0 0 0 0 0 0 0 0 0 0 0 0 0 0 0 0 0 0 0.6000000000000001 0.4 0 0 0 1.4000000000000001 0 0.2 0 0 0 0.2 0 0.4 0.4 0 0 0 0 0 0 0 0 0 0 0 0 0 0 0 0 0 0 0 0 0 0 0 0 0 0 0 0 0 
 12.200000000000001 14.200000000000001 69.4 79.2 29.6 22 54 0 21 28.200000000000003 71.4 9.200000000000001 82.2 44.2 12.8 24.8 49.400000000000006 86.80000000000001 27.6 12.200000000000001 0.4 0 0.2 0.6000000000000001 0.8 0.6000000000000001 0 0 0.8 0.4 0.8 0.6000000000000001 0.4 0 0.2 0.6000000000000001 0.6000000000000001 0.2 15.200000000000001 0.2 0 0 0.6000000000000001 0 0 0.4 0 0.2 0 0.4 12.600000000000001 0.6000000000000001 0 0 0 0 0.8 0 0.6000000000000001 1.8 0 1 1 0 0.6000000000000001 0.2 1.6 0 0.4 1 0.6000000000000001 0.6000000000000001 0 0 0.6000000000000001 1 0.4 0 0.6000000000000001 0 0.2 3.6 0 19.6 2.8000000000000003 0 2.4000000000000004 3.8000000000000003 1.8 1.4000000000000001 4.4 2.4000000000000004 2.2 0 9.4 1.4000000000000001 6.4 0 0 4.6000000000000005 0 0 0 0 0 0 0 0 0.4 0 0 0 0 0 0 0.4 0 0.4 0.4 1.8 0.4 0 0 0 0.4 0 0 0 0 0 0 0 0 0 0 0 0 0 0 0 0 0 0 0 0 0 0 0 0 0 0.2 0 0 0.4 0 0 0 0 0 0 2.4000000000000004 1.8 6.2 5.6000000000000005 6.6000000000000005 1.6 0 0 5.4 3 5.800000000000001 6 2.2 0.2 2.4000000000000004 4.4 4 6.2 2 3.6 0 0 0 0 0 0 0 0 0 0 0 0 0 4 0 0 0 0 0 3.6 0 0 0 0 0 0 2 0 0 0 0.4 1.6 0 0 0 0 0 0 0 0 0 0 2.6 0 0 0 0 0 0 0 0 0 0 0 0 0 0 0 0 0 0 0 0 0 0 0.2 19.400000000000002 0 0.4 18.400000000000002 0 3.2 2.2 0.4 0 0 0 0 0 0 0.6000000000000001 0 0 0 0 0.4 0 0 0 0 0 0 0 0.4 0.4 0 1 0 0 0 0 0 0 0 0 0 0 0 0 0 
 26 62 51.6 133.6 62 24.8 75 21 0 32 8.200000000000001 40 61.800000000000004 25.6 20.400000000000002 38 26.6 26.200000000000003 18.400000000000002 44.6 0.4 0 0 0 1 0 0 0 0 0.8 0.4 0 0.4 0 0.4 0 0 0.4 14.8 0 0 0 0.4 0 0 0 0 0 0 0.4 0 0.6000000000000001 0 0 0 0 0 12.200000000000001 0.6000000000000001 0 0 0.6000000000000001 0.4 0 0 0.6000000000000001 0 0 0 0.4 0 0.6000000000000001 0 0 0.4 0.6000000000000001 0 0 0 0 4.4 4.4 2.4000000000000004 4.2 0.4 3.6 9.8 0 3.2 1.2000000000000002 0.2 2.8000000000000003 0 0.8 3.2 9.200000000000001 2.6 0.2 0 0.4 0.2 0 0 0 0 0 2.8000000000000003 0 0 0 0 0 0 3.8000000000000003 0 0 0 0 0.4 0 0 0 0 0 0.4 0 0 0 0 0 0 0 0 0 0 0 0 0 0 0 0 0 0 0 0 0 0 0 0 0 0 0 0 0 0 0 0 0.2 0 0 0 0 2.8000000000000003 0.2 0 3.4000000000000004 3 0 2.4000000000000004 5.6000000000000005 6 2 0 2.4000000000000004 12.8 4.800000000000001 3.2 0 3 2.8000000000000003 0 0 0 0 0 0 0 0 0 0 0 0 1 0 0 0 0 0 0 0 0 0 0 0 0 0 0 0 0 3.2 0 0 0 0 0 0 0 0 0 0 0 0 0 0 0 0 0 0 0 0 0 0 0 0 0 0 0 0 0 0 0 0 0 0 0 0 0.4 0.4 0.4 0 0 0.6000000000000001 0.2 0 0.4 0 0 0 0 0 0 0 0 0 0 0 0 0 0 0 0 0 0 0 0 5.800000000000001 0 0 0 0 0 0 0 0 0 0 0 0 0 0 
 12 29.8 94.60000000000001 64 56 36.6 29.200000000000003 28.200000000000003 32 0 26.6 60.800000000000004 20.400000000000002 31.6 84.4 118.4 40.400000000000006 90.2 30 12.8 22.8 23.200000000000003 0 0 0.6000000000000001 0 14.4 15.200000000000001 0 0.4 0.4 0 11 0 0 0 0 0 0.4 14.600000000000001 0 1.2000000000000002 0.6000000000000001 0 0 0 0 0.2 0 0.4 0 0.6000000000000001 0 0 0 0 0 0.2 0.6000000000000001 0 0 0.6000000000000001 16.6 0 0 0.2 0.4 0 0 0.4 0 0.6000000000000001 0 0 0.6000000000000001 0.6000000000000001 0 0 0 0 2.6 0.2 2.6 0 0 2 0 1.6 4.2 9.600000000000001 8.200000000000001 7 1.6 2.2 2.8000000000000003 6.6000000000000005 0 7.2 0 0 0.2 11.600000000000001 9.600000000000001 0 0 0 6.800000000000001 4 3.4000000000000004 0 0 0 5.800000000000001 3.6 0.2 0 0.2 0 4.4 0 0 0 0.4 0 0 0 0 0 0 0 0 0 0 0 0 0 0 0 0 0 0 0.6000000000000001 0 0 0 0 0 0 0 0 0 0 0 0 1.2000000000000002 0 0 0 0 0 2 0 0.2 7.800000000000001 2 0 0 0.2 0.2 2 3.6 2 3.6 0 2.4000000000000004 4.2 3.8000000000000003 2.6 0 0.2 0 0 0 0 0 0 0 0 0.2 0 0 0 0 0.8 5.800000000000001 0 0 0 2.8000000000000003 0 0 0 0 0 0 0 0 0 0 0 0 0 0.4 0 0 0 0 0 0 0 0 0 0 0 0 0 0 0 0 0 0 0 0 0 1.4000000000000001 0 0 0 0 0 0 0.2 0 0 0 0 1.4000000000000001 0 0.2 21.6 0 0.4 0 0 0 0 0 0.4 0 0 0 0 0 0 0 0 0 0 0 0.2 0 0 0 0 0 2 0 0 0 0 0 0 0 0 0 0 0 0 0 0 
 50.400000000000006 26 52 97.2 29.400000000000002 37.4 8.6 71.4 8.200000000000001 26.6 0 40.800000000000004 15 25.200000000000003 12.8 59.400000000000006 38.6 95.60000000000001 10.4 33.4 15.4 0 0 0 0.6000000000000001 0 0 0.4 0 1.4000000000000001 0.4 0 4.6000000000000005 0 41.6 0 0 7.2 16.8 29.400000000000002 0 0 0.4 0 0 0 0 0 0 0.4 0 0.6000000000000001 0 0 0.8 8.200000000000001 0 0 0.6000000000000001 0 0 0.6000000000000001 0 0 0 1 0 0 0 0.4 0 0.6000000000000001 0 0 0.4 0.6000000000000001 0.4 0 0 0 0 0 1.8 6 2 8.6 4.6000000000000005 0 2.8000000000000003 0 4.6000000000000005 3 0 0 2.4000000000000004 0 4.2 9.8 0 0 0 4.2 6 0 0 0 0 3.8000000000000003 3.2 0 1.4000000000000001 0 4 6 3.6 0 0 0 4.800000000000001 9.200000000000001 0 0 0.2 0 0 0 0 0 0 0 0 0 0 0 0 0 0 0 0 0 0 0 0 0 0 0 0 0 0 0 0 0 0 0 0 0 0 0 0 0 0 0 0 4.2 3.8000000000000003 0.2 0 0.6000000000000001 1.6 5.6000000000000005 0 1.8 0.2 0 0.4 0.6000000000000001 4 1.8 0.8 0 2 0 0 0 1.2000000000000002 0 0 4.2 1.6 0 3.6 0 0 6 16.6 0 0 0 0 0 0 1.2000000000000002 0 0 0 0 0 0 0 0 0 1.8 0 0 0 0 0 0 0 0 0 0 0 0 0 0 0 0 0 0 0 0 0 0 0 0 0 0 0 0 0 1.4000000000000001 0 0 0 0.8 1.6 0 8.4 0.4 1.4000000000000001 1.8 0 0 0 0 0 0 0 0 0 0 5.6000000000000005 0 0 0 0 0 0 0.2 0 0 0 0 0 3 1.4000000000000001 2 0 0 0 0 0 0 0 0 0 0 0 0 
 11 10.4 8 78.80000000000001 29.400000000000002 9.200000000000001 60.400000000000006 9.200000000000001 40 60.800000000000004 40.800000000000004 0 25.8 5.800000000000001 7 77.80000000000001 34.6 53.2 5 51.400000000000006 19.6 0.4 0 0 0.6000000000000001 0 0.6000000000000001 15.8 0.6000000000000001 1 0.4 3.8000000000000003 34.6 0 0 0.6000000000000001 65.60000000000001 0 0 7.4 0 0 0.2 0 0 0 0.4 0.8 0 0.6000000000000001 0 0.6000000000000001 0 0 0 0 0 0.6000000000000001 0.6000000000000001 0 0 0.6000000000000001 0 0 0 0.6000000000000001 0 0 0 0.6000000000000001 0 1 0 0 0.2 1 0 0 0 0 5.2 0 1.8 0 0 11.200000000000001 0 3.6 4 9.8 5.2 5 6.2 5.4 0 2.2 0 10.600000000000001 0 0.4 0 18.2 4.800000000000001 3 0 0 4.2 2.2 0 0 2.2 0.4 0 5.4 6.2 0 1.6 0 4.2 2 0 0 0 0 0 0 0 0 0 0 0.2 0 0 0 0 0 0 0 0 0 0 0.6000000000000001 0 0 0.2 0 0 0 0 0 0 0 0 0 1.6 0 0 0 0 0 2.6 2.2 0 2.6 4 0 0 0.2 0 1.8 0.4 5.4 2.2 0 0 1.8 3.2 0.2 0 0.8 3.2 0 2.8000000000000003 0 0.2 0 2.2 3.4000000000000004 1.4000000000000001 0 0 0 0 0 11.4 0 0 0.2 3 3.2 0 0 0 0 0 0 0 0 0 0 0 0 0 0 0 0 0 0 0 0 0 0 0 0 0 2.4000000000000004 0 0 0 0 0 0 0 0 0 0 0 0 0 0 0 2.6 0 0 0 0.8 1.4000000000000001 0 1 26.6 0 3.8000000000000003 0 0 0 0 0 0 0 0 0 0 0.4 0 0 0 0 0 0 0 0 0 0 0 0 1.6 0 0 0 0 0 0 0 0 0 0 0 0 0 0 
 29 13.8 83.80000000000001 11.4 56.6 6.800000000000001 100.80000000000001 82.2 61.800000000000004 20.400000000000002 15 25.8 0 63.2 60.6 49.2 24.400000000000002 24 69.8 31 0.6000000000000001 0.6000000000000001 0 0.6000000000000001 0.6000000000000001 0.2 1 0 1 0.8 0.8 0.2 0.6000000000000001 0 0.4 0 8.8 1.6 0 0.4 0 0.6000000000000001 0.4 0.4 1.2000000000000002 0 0.4 0.4 11.4 1 0 1.8 0 0 1 0 1.6 0 1 1 0.6000000000000001 0.6000000000000001 0 0 0 0.6000000000000001 1 0.4 0 0.4 0 0.6000000000000001 11.4 0.6000000000000001 0.4 0.6000000000000001 0 0 0.8 0 6.2 0 3.8000000000000003 8.8 0 0 4.6000000000000005 3.4000000000000004 1.8 2.6 2.6 0.2 4.2 0.4 8.4 0 10.8 2 4 2.4000000000000004 0 0 0 0 0 0 0 0 0 0 0 0 0 0 0 0 0 0 0 0 0 0 0 0 0.2 0 0 0 0 0 0 0 0 0 0 0 0 0 0 0 0 0.4 0 0 0 0 0 0.4 0 0 0 0 0 0 0 0 0 0.4 0 0 2.2 0 0 3.4000000000000004 3.8000000000000003 0 0.2 1.6 0 4.6000000000000005 1.2000000000000002 2.2 2.8000000000000003 0 0 3.2 0 6 1.2000000000000002 5.800000000000001 0 0 0 0 0 0 0 0 0 0 0 0 0 0 0 0 0 0 0 0 0 0 0 0 0 0 0 0.2 0.4 0.4 0 1.8 0 0 0 0 0 0 0 0 0 0 0 0 0 0 0 0 0 0 0 0 0 0 0 0 0 0 0 0 0 0.6000000000000001 0 0 0 0.4 1 0.4 0 0.4 0 1.6 3.6 0 0 0 0 0 0 0.2 0 0 0 0 0 0 0 0 0 0 0 0 0 0 0 0 0 2 0 0 1.8 0 0 0 0 0 0 0 0 0 
 108.80000000000001 9.200000000000001 31.200000000000003 33.800000000000004 31.8 11 49 44.2 25.6 31.6 25.200000000000003 5.800000000000001 63.2 0 16.400000000000002 30.6 34 54 76.2 36.2 0.4 0 0 0.2 0.6000000000000001 0 0 0 0 0.6000000000000001 0.4 0 0.4 0 0.4 0 0 0.8 0 0 0 0 0.6000000000000001 0 0 0 0 0.2 0 0.4 1.2000000000000002 0.6000000000000001 0 0 0 0 0 0 0.6000000000000001 0.2 0 0.6000000000000001 1.8 0 0 6.800000000000001 0 0 0 0.4 5.6000000000000005 0.6000000000000001 0 0 0.6000000000000001 0.6000000000000001 0 0 0 0 0 4.6000000000000005 4.6000000000000005 7 2 0 2.2 3.8000000000000003 3 5 9.600000000000001 0 2 2 9.4 3 8 0.2 3.6 5.6000000000000005 2.2 0 0 0 0 0 0 0.2 0 0 0 0 0 0 0 0 0 0 0 0 0 0 0 0 0 0 0 0 0 0 0 0 0 0 0 0.4 0 0 0 0 0 0 4.800000000000001 0 0 0 0 0 0 0 0 0 0 0 0 0 0 0 0 0 3.8000000000000003 2 5 9.200000000000001 2.6 2.4000000000000004 0 1 6.4 5.4 4.800000000000001 5 4.800000000000001 0 7.6000000000000005 2 2.8000000000000003 2 3.8000000000000003 3.6 0 0.2 0 0 0 0 0 0 0 0 0 0 0 0 0 0 0 0 0 0.2 0.2 0 0 0 0 0 0 0 0 2.6 0 1.6 0 0 0 0 0 0 0 0 0 0 0 0 0 0 0 0 0 0 0 0 0 0 0 0 0 0 0.2 0 0 0 0 0 0 0 17.8 0 0.4 0.2 0 2.4000000000000004 0 0 0 0 0.4 0 0 0 15 0 0 0 0 0 0 0 0 0 0 0 0 0 0 0 0 0 0 0 0 0 0 0 0 0 0 0 0 0 
 70.60000000000001 23.200000000000003 10 18.8 10.200000000000001 28.200000000000003 15 12.8 20.400000000000002 84.4 12.8 7 60.6 16.400000000000002 0 89.60000000000001 13.4 50.400000000000006 35.800000000000004 16.2 0.4 0 0 0 0.6000000000000001 0 0.2 0 0 0.4 0.4 0 0.4 0 0.2 0 0.4 0.4 0 0 0 0 0.6000000000000001 0 0 0 0 0 0 0.4 0 13.4 0 0 0 0 0 0 0.6000000000000001 0 0 0.6000000000000001 0 0 0 0.4 0 0 0 0.4 0 0.6000000000000001 0 0 0.6000000000000001 0.6000000000000001 0 0 0 0 17.8 4.6000000000000005 0 1.8 3.8000000000000003 0 6.2 5.6000000000000005 0.4 3.2 0 0 5.6000000000000005 8.4 0 2 0 0.4 0 2 0 3.2 0 0 0 0 0 0 0 0 0.2 0.4 0 0 0 0 0 0 0 0 0 0 0 0 0 0 0 0 0 0 0.4 0 0 0 0 0 0 1.8 0 0 0 0 0 0 0 0 0 0 0 0 0 0 0 0 0 0 0 0 0 0 0.4 7.2 0 0 1.8 0 6.800000000000001 2 4 0 0.4 3 2.2 0.2 3.2 4.4 1.4000000000000001 0 0 3 0.2 0 0 0 0 0 0 0 0 0 0 0 0 0 0 0 0 0 2.4000000000000004 0 0 0.4 0 0 0 0 0 0 0 0 0 0 0 0 0 0 0 0 0 0 0 0 0.4 0 0 0.4 0 0 0 0 0 0 0 0 1.6 0 0 0 0 0 0 0 2 0 0 0 0.2 0 0.6000000000000001 0 0 2.4000000000000004 0 0 0 0 0 0 0 0 0 0 0 0 0 0 0 0 0 0 0 0 0 0 0 0 0 0 0 0 0 0 0 0 0 0 0 0 0 0 
 46.800000000000004 36.800000000000004 18.6 61 37.6 40 52.400000000000006 24.8 38 118.4 59.400000000000006 77.80000000000001 49.2 30.6 89.60000000000001 0 102.4 8.200000000000001 12.200000000000001 16.2 16 0.8 0 0 0.4 0.2 0 0 0.2 0.6000000000000001 0.4 41.2 15 0 0 0 0 0.4 0.2 1.4000000000000001 0 0 0.2 0 0 0 0 0.2 0 0.6000000000000001 0 0.6000000000000001 0 0 0 0 0 12 0.6000000000000001 0 0 0.6000000000000001 0 0 0 0.6000000000000001 0 0 0 0.6000000000000001 0 0.6000000000000001 0 0 0 0.6000000000000001 0 0 0 0 6 2.2 3.2 9.600000000000001 0.6000000000000001 0.2 0.6000000000000001 3.6 0 5 2.6 0 1.6 1.4000000000000001 2.4000000000000004 1.8 0 0 0 3.6 0 0 1.8 0 0 0 2.2 0 2.6 0 0 0 2.6 0 0 0 0 0 1.8 0 0 0 0 0 0 0 0.2 0 0 0 0 0 0 0 0 0 0 0 0 0 0 0 0.2 0 0 0 0 0 0 0 0 0 0 0 0 0.2 0 0 0 0 4.4 3.2 1.6 3.4000000000000004 4.800000000000001 7.4 0 2 0 0 0.4 3.2 1.8 0 0 8 2.8000000000000003 2.2 2 0 0 0 0 0.2 0 0 0 0 0 0 0 0 2.2 0 0.2 0 0 0 2.8000000000000003 3.2 0 0 0.4 0 0 0 0 0 0 0 0 0 0 0 0 0 0 0 0.4 0 0 0 0 0 0.4 0 0 0 0 0 0 0 0 0 0 2 0.4 0 0 0.4 0 0 0 0 0 0.8 17.400000000000002 0 0.6000000000000001 17.400000000000002 0 1.4000000000000001 0 0 0 0 0 0 0 0 0 0 0 0 0 0 2 0 0 0 0 0 0 0 0 0 0 0 0 0 0 0 0 0 0 0 0 0 0 0 
 42.2 59.400000000000006 27 18.6 12.4 37.4 24.400000000000002 49.400000000000006 26.6 40.400000000000006 38.6 34.6 24.400000000000002 34 13.4 102.4 0 28.200000000000003 44.6 4.6000000000000005 30.200000000000003 0.6000000000000001 0 0 0.6000000000000001 0 0 0.4 0 13 0.4 0.4 18 0 14.8 0 0 0.4 15 18.400000000000002 0 0 0.4 0.4 0 3.8000000000000003 0 0.2 0.4 0.4 0 1 0 0 0 0 0 12.600000000000001 1 0 0 0.6000000000000001 0 0 0 0.6000000000000001 0 0 0 0.4 0 0.6000000000000001 0 0 0.4 0.6000000000000001 0 0 0 0 0.2 1.6 8.200000000000001 0 1.8 9.4 0 0 2.6 11 5.800000000000001 2.8000000000000003 0.2 2.8000000000000003 0.4 6.800000000000001 1.6 6.800000000000001 0 0.2 0 2.6 6.800000000000001 0 0 0 2.4000000000000004 1.4000000000000001 6.800000000000001 0 0 0 7.4 0 2 0 0 0 4 0 0 0 0 0 0 0.4 0 0 0 0 0 0 0 0 0 0 0 0 0 0 0 0 0 0 0.4 0 0 0 0 0 0 0 0 0 0 0 0 0 0 0 2.6 0 0 7.2 2 3.6 0 1.8 1.8 0.8 1.6 0 0 0 0 0 0.8 2.2 3 0 0 0 0 0 2 0 3.2 0 0 0 0 0 5 0 6.800000000000001 0 0 0 2.6 0 0 0 9.200000000000001 0 0 0 0 0 0 0 0 0 0 0 0 0 0 0 0 0 0 0 0 0 0 0 0 0 0 0 0 0 0 0.2 0 1.2000000000000002 0 0 0 0 0 0 0 0 0 0.6000000000000001 8.6 0 0.2 0.2 3.2 3.6 0 0 0 0 0 0 0 0 0 0 0 0 0 0 0 0 0 0 0 0 0 0 0 0 3.8000000000000003 0 0 0 0 0 0 0 0 0 0 0 0 0 
 7.800000000000001 33 55.800000000000004 53.6 12.200000000000001 10 4.800000000000001 86.80000000000001 26.200000000000003 90.2 95.60000000000001 53.2 24 54 50.400000000000006 8.200000000000001 28.200000000000003 0 7.6000000000000005 23.200000000000003 7.2 0 0 0 0.6000000000000001 0.4 12.4 0 0.6000000000000001 0.6000000000000001 0.4 0.4 0.4 0 1 0 0.4 1.2000000000000002 1 15 0 0 0.6000000000000001 0 0 0.2 0 0 0 0.4 0 0.6000000000000001 0 0 0 0.6000000000000001 0 0 0.6000000000000001 0 0 0.6000000000000001 0 0 0 0 0 0 0 0.4 0 0.6000000000000001 0 0 0.6000000000000001 0.6000000000000001 1.2000000000000002 0 0 0 0 1.8 1.2000000000000002 9.200000000000001 0 10 6.2 0 2.2 4.6000000000000005 7.4 7.2 0 0 6.2 2.8000000000000003 3.8000000000000003 4.800000000000001 0 0.2 0 2.2 2 0 0 0 5.6000000000000005 4 3 0 0.4 0.2 3.8000000000000003 6.2 2.8000000000000003 0 0.2 0 1.4000000000000001 5 0 0 0 0 0 0.4 0 0 0 0 0 0 0 0 0 0 0 0 0 0 0 0 0 0 0 0 0 0 0 0 0 0 0 0 0 0 0 0 0 0 0.4 0 2.2 5.4 4 0 0 0 4 7.6000000000000005 0 3.4000000000000004 0 0.2 2.4000000000000004 0.8 2.2 1 0.2 2 0.2 0 0 0.2 0 0 0 3 1.4000000000000001 0 0 0 0 3.8000000000000003 2.2 0 0 0 2.6 0 0 0 0 0 0 0 0 0 0 0 0 1.8 0 0 0 0 0.4 0 0 0 0 0 0 0 0 0.2 0 0 0 0 0 0 0 0 0 0 1.4000000000000001 0 0 0 0 0 0 0 0 0 19 0.6000000000000001 1 0 0.2 1.4000000000000001 0 0 0 0 0 0 0 0 0 0 2 0 0 0 0 0 0 0 0 0 0 0 0 0 0 2 0 0 0 0 0 0 0 0 0 0 0 0 
 37.2 10.200000000000001 44.6 14.8 55 9.4 8.6 27.6 18.400000000000002 30 10.4 5 69.8 76.2 35.800000000000004 12.200000000000001 44.6 7.6000000000000005 0 63 0.4 0 0 0.4 0.6000000000000001 0 0.6000000000000001 0 1 0.4 0.4 15.4 0.4 0 0 0.2 0 0.6000000000000001 0 0 0 0.6000000000000001 0.6000000000000001 0 0.6000000000000001 0 0 0 0.6000000000000001 0.4 0 1 0 0 0.4 0 0 0 0.6000000000000001 0 0.2 0.6000000000000001 0 0 0 0 0 0.2 0 0.4 9.600000000000001 0.6000000000000001 0 0 0.6000000000000001 0.6000000000000001 0 0 3 0 2.4000000000000004 1.4000000000000001 3.8000000000000003 4.2 0.2 0 5 2.2 2 3.2 2.2 0.2 0 0 4.6000000000000005 0 6.4 3.6 0 2.6 0 0 0 0 0 0 0 0 0 0 0 0 0 0 0 0 0 0 0 0 0 0 0 0 0.2 0 0 0 0 0 0 0 0 0 0 0 0 0 0 0 0 0.4 0 0 0 0 0 0.4 0 2.2 0 0 0 0 0 0 0 0.4 0 0 1.4000000000000001 5.6000000000000005 0 3.4000000000000004 1.8 0 0.2 1.4000000000000001 2.2 4 6.6000000000000005 0 0 0 0 0.4 0.2 0.8 4 0 0 0 0 0 0 0 0 0 0 0 0 0 0 0 0 0 0 0 0 0 0 0 0 0 0 0 0 0.4 0.4 0.4 0 1.8 0 0 0 0 2.8000000000000003 0 0 0 0 0 0 0 0 0 0 0 0 0 0 0 0 0 0 0 0 0 0 0 0 0 0 0 0 0 1.2000000000000002 0.4 0 0.4 0.4 2.6 0 0 0 0 0 0 0 0 4.6000000000000005 0 0 0 0 0 0 0 0 0 0 0 0 0 0 0 0 2 0 0 0 0 0 0 0 0 0 0 0 2.2 
 31.400000000000002 13.600000000000001 8.8 19.400000000000002 50.800000000000004 15 46.6 12.200000000000001 44.6 12.8 33.4 51.400000000000006 31 36.2 16.2 16.2 4.6000000000000005 23.200000000000003 63 0 0.4 0.4 0 1 0.6000000000000001 0 0.4 0 0 0.4 0.4 0 0.4 0 0.2 0 0 1.6 0 0 0 0.4 0.6000000000000001 0 0 0 0 0 0 0.4 0 0.6000000000000001 0 0 0 0 0 0 0.6000000000000001 0 0 0.6000000000000001 0.4 1 0 0 0 0 0 0.4 0.4 0.6000000000000001 0 0 0.6000000000000001 0.6000000000000001 0 1.2000000000000002 0.4 0 0 0 0 1.8 2.8000000000000003 0 4.800000000000001 2.2 0.4 0 3 0 2 0 3.8000000000000003 0 5 0 2.4000000000000004 5.4 0.4 0.4 0 0 0 0 0 0 0 0.2 0 5 0 0 0 0 0 0 0 0.2 0 0 0 0 0 0 0 0 0 0 0 0 0 0 0 0.2 0 0 0.2 1.8 0 0 0 0 0 0 0 0 0 0 0 0 0.2 0 0 0 0.6000000000000001 1.4000000000000001 0 2 0 1.4000000000000001 0 3 2.2 0 2.2 0 0 4.6000000000000005 5.800000000000001 3.4000000000000004 2.2 5.4 2 2 2.8000000000000003 3.2 4.4 1.6 0 0 0 0 0 0.4 0 0 0 0 0 0 0 0 0 0 0 0 0 0 0.4 0 0 0 0 0 0 0 0 2.8000000000000003 0 1.6 0 0 2.8000000000000003 0 0 0 0 0 0 0 0 0.4 0 0 0 0 0 0 0 0 0 0 0 0 0 0 0 0 0 0 0 0 0 0.6000000000000001 18.2 0 0 0 0.2 2.8000000000000003 0 0 0 0 0 0 0 0 0 0 0 0 0 0 0 0 0 0 0 0 0 0 0 0 0 0 0 0 0 0 0 0 0 0 0 0 0 0.2 
 0.4 0.4 0.4 15.200000000000001 15.200000000000001 1.6 0.4 0.4 0.4 22.8 15.4 19.6 0.6000000000000001 0.4 0.4 16 30.200000000000003 7.2 0.4 0.4 0 49.6 16.8 22.8 85.4 21.6 30.200000000000003 30.200000000000003 6.4 9.8 48.2 6.4 145.20000000000002 89.4 3.2 9.8 10 8.8 9.600000000000001 9.4 0.6000000000000001 0 0 0.4 0.6000000000000001 0.8 0.2 0.4 0 0 0.8 0 0 0.4 0.4 1 0.4 1 0 0.2 1.2000000000000002 0.8 0 0.6000000000000001 0.6000000000000001 0.4 0 0 0 0.4 0 0 0 0 0 0 0 0 0.6000000000000001 0 0 0 0.2 0 0 1.4000000000000001 0 0 3.4000000000000004 3.8000000000000003 0.2 5.6000000000000005 0 0 0 0 0 1.8 0 0 2.8000000000000003 6 5.800000000000001 0 0 7.800000000000001 5.4 8.8 6 3.8000000000000003 0.4 8.6 4 2.8000000000000003 4.2 4.6000000000000005 0.2 3 12 6.4 4.6000000000000005 0 0 0 0 0 0 0 0 0 0 2.8000000000000003 0.2 0 0 0 0 0 0 1.6 0 0 0 0 0.2 0 0 0 0 0 0 0 0 0 3.8000000000000003 0 0 0 0 0 0 2.8000000000000003 0 3.4000000000000004 3.4000000000000004 0.2 0 0 0 1.2000000000000002 0 0 1.4000000000000001 0 0 0 0 0.4 0 0 0.4 0 4.6000000000000005 0 1 2 0 9 3.8000000000000003 0 0 0 0 0.4 2.8000000000000003 1.8 4.4 0 5.6000000000000005 4.6000000000000005 0 0 0 0 0 0 6 0 0 0 0 0 0 0 0 0 0 0 1.6 0 0 0 0 0 0 0 0 0 0 0 0 0 0 0 0 0 0 0 0 0 0 0 0 0 0 0 16 0 0 0 0.4 0 0 0 0.4 0 0.4 15.600000000000001 0 0 0.4 0 2.4000000000000004 0 0 0 0 0 0 0 0 0 0 0 0 0 0 0 0 0 0 0 0 0 0 6.800000000000001 0 0 0 0 
 0 0 0.6000000000000001 0 7.2 0 0 0 0 23.200000000000003 0 0.4 0.6000000000000001 0 0 0.8 0.6000000000000001 0 0 0.4 49.6 0 14.600000000000001 16 50 24 55.400000000000006 74.60000000000001 15.4 7.6000000000000005 6.2 24.400000000000002 29.8 44.400000000000006 6.4 23.400000000000002 22 22.400000000000002 10.200000000000001 48 0.6000000000000001 0 0 0.4 0 0 0 0 0.4 0 0 0.8 0 0 0.6000000000000001 0.6000000000000001 0.6000000000000001 1 12.8 13.200000000000001 0.4 1.2000000000000002 0 0 0.4 0 0 0 0 0.4 0 0 0 0 0 0 0 0 0 1.6 0 0 0 0 0 0 2.8000000000000003 0 0 0 0 0 0 0 0 0 0 0 1.4000000000000001 0 2 3 0 0 0 0 4.2 7 2.4000000000000004 9.600000000000001 1.8 9.8 0 1.8 4.6000000000000005 0 5 5.6000000000000005 0 5.6000000000000005 0 0 0 0 0 0 0.4 3.8000000000000003 0 0 0 0 0 0 0 0.2 0 0 3.2 3.4000000000000004 0 0 0 0 0 0 0 0 0 0 1.4000000000000001 0 0 0 0 0 0 0 0 0.2 0 0 0 0 0 0 0 0 0 0 0 0 0 0 0 0 0 0 0 0 2 0 6.2 1.4000000000000001 4.2 0 5.4 4.6000000000000005 6.800000000000001 5.6000000000000005 2 0 0.6000000000000001 9.200000000000001 1.8 6 1.4000000000000001 1.6 1.6 5.2 3.6 0 8.8 0 0 0 0 0 0 0.2 0 0 4.2 0 0 0 0 0.4 0.6000000000000001 0 0 0 0 0 0 0 0 0 0 0 0 0 0 0 0 0 0.2 0 0 0 0 0 0 0 0 0 0 0 0 0 0 0 0 0 1.8 0 0 0.2 0.2 0 0 7 0 0 0 0 1 0 0 0 0 0 0 0 0 0 0 0 0 0 0 0 0 0 0 6.4 0 0 0 0 
 0.4 0 0 0 0 0 0 0.2 0 0 0 0 0 0 0 0 0 0 0 0 16.8 14.600000000000001 0 91.2 18 36.800000000000004 16.2 80 54.2 45.6 28.400000000000002 7.4 14.200000000000001 14.8 16.400000000000002 96.80000000000001 29 25 22.6 66 0.6000000000000001 41 0.2 0 0 0.2 13.600000000000001 0.4 0 0 0 0 0 0 0.6000000000000001 0.6000000000000001 1.8 0.8 0 0 0.4 0 0 0 0.4 0 0 0.2 0 0.4 0 0 0 0 0 0 0 0 0 0 0 0 0 0 0 0 0.4 0 0 0 0 1.2000000000000002 0 0 0 0.2 0 0 0 0 3.2 6.6000000000000005 3.6 5 2.4000000000000004 4.800000000000001 0 0 0 4 4.800000000000001 8.8 0 0.4 0 11.600000000000001 2.6 3.6 0 2 3.8000000000000003 0 0 0 0 0 4.6000000000000005 0 2.2 0 0 0 0 0.4 0 0.4 0.2 0 1 3 1.4000000000000001 0 0 0 0 0 0 0 0.6000000000000001 0 1.8 0 0 0 0 0 0 0 1 0 1.2000000000000002 4 0 0 0 0 0 0.2 0 0 0 0 1.2000000000000002 0 0 0 0.4 0.4 0 0 1.8 5.6000000000000005 0 0.2 0.4 1.4000000000000001 0 0 4 7.4 8.6 0.2 2.6 2.4000000000000004 0 2.2 0 8.6 1.8 0 0 0 0 0 0 0 1.6 0 0 0 0 0 0 3.4000000000000004 0.2 0 0 0 2 0 0 0 0 1.8 0 0 0 0 0 0 0 0 0.4 0 0 0 0 0 0 0 0 0 3 0 0 0 0 0 0 0 0 0 0 0.2 4.2 0 0.6000000000000001 0.2 0 0.2 0.4 0 0 0 0 0 0 0 0 0 0 0 0 0 0 0 0 0 0 0 0 3.8000000000000003 0 0 0 0 0 0 0 0 
 0 0 0 0 0.4 0 0.6000000000000001 0.6000000000000001 0 0 0 0 0.6000000000000001 0.2 0 0 0 0 0.4 1 22.8 16 91.2 0 51 15.200000000000001 17.8 35.2 77.2 50.400000000000006 36.4 24.8 26.8 69.4 28.200000000000003 56 10.600000000000001 13.8 22.200000000000003 11.600000000000001 0.6000000000000001 0.4 0.4 0 0 0 12.600000000000001 0 0 0 0 0 0 0 0.4 0.6000000000000001 1.2000000000000002 0.6000000000000001 14.4 0 0.6000000000000001 1 0 0 0.8 0 0 0 0 0.4 0 0 0 0 0 0 0 0 0 1.4000000000000001 0 0 0 0 0 0 0 0 0 0 0 0 0 0 0 0 0 0 0 1.4000000000000001 7.800000000000001 2.8000000000000003 0 3.6 5.800000000000001 3.2 3.4000000000000004 0 7.4 0 0 1 0 0 2.4000000000000004 7.4 1.4000000000000001 0.2 0 1.2000000000000002 0 0 0 0 0 0 0.2 0 0 0 0 0 0 0 0 3.4000000000000004 0 0 1 4.6000000000000005 0 0 0 1 0 0 0.6000000000000001 0 0 0 0 1.4000000000000001 0 0 0 0 0 0 0 0 0 1.8 0 0.2 0 0 0 0 0 1 0 0 1 0 0 0 0 0 0 0 0 2.8000000000000003 2.8000000000000003 0 3.8000000000000003 15 1.6 2 2.2 5.4 6.2 3.8000000000000003 3 7.800000000000001 1.8 3.6 2 0 0 3 3.2 0 0 0 0 0 4 1.6 1 2.4000000000000004 0 0 1 0 0 0 1.8 1 0 0 0 0 0 0 0 0 0 0 0 0 0 0 0 0 0 0 0 0 0 0 0 0 4 0 0 0.4 0 0 0 0 0 0 0 0 1.2000000000000002 0 0.8 16.400000000000002 0 0.4 0 0 0 0 0 0 0.8 0 0 0 0 0 0 0 0 0 0 0 0 2 0 1.8 0 0 0 0 0 0 0 0 
 0.6000000000000001 0.6000000000000001 0.6000000000000001 0.6000000000000001 0.6000000000000001 0.6000000000000001 0.6000000000000001 0.8 1 0.6000000000000001 0.6000000000000001 0.6000000000000001 0.6000000000000001 0.6000000000000001 0.6000000000000001 0.4 0.6000000000000001 0.6000000000000001 0.6000000000000001 0.6000000000000001 85.4 50 18 51 0 64.8 11.4 13 50 85 34.6 55.400000000000006 12.8 70.60000000000001 20.200000000000003 49.6 11.200000000000001 83.80000000000001 15.600000000000001 29.8 0.6000000000000001 0.2 0 0 0 0 12.4 0.4 0 0 0 0 0 0 1 0.6000000000000001 2.2 0.6000000000000001 0 0 0.4 0 0 0 0.4 0 0 0 0.4 0.4 0.8 0 0 0 0 0 0 0.2 0 0 0 0 0 0 2 0 0 0 0 0 0 0 0 0 0 0 0 0 0 0 4.2 0 0 9.8 2 7.4 0 4.6000000000000005 0 3 3.6 2.6 0 0 0 2 0 5.4 0 0 0 2.2 0.4 0.4 0 0 5.2 0 0 0 0 0 0 0 0.2 2.2 3 0 4 5.2 6.2 0 0 0 3.2 0 3.8000000000000003 0 0 0 0 1.2000000000000002 0 0 0 0 0 0 0 0 2.8000000000000003 0.6000000000000001 0 0.6000000000000001 0 0 0 0 0 0.4 0 0 0 0 0 0 0 0 0 0 0 0 2.2 2.6 15 8 0 2.4000000000000004 4.6000000000000005 0 2.6 5.2 0 0 0 0.2 3.2 4.6000000000000005 0 0 5.6000000000000005 0 0 0 0 0 6.6000000000000005 1.8 0 2.2 0 0 1.8 0.6000000000000001 2 0 2.8000000000000003 2.6 0 0 0 0 0 0 0 0 0 0 0 0 0 0 0 0 0 0 0.4 0 0 0 0 0 4.4 0 0 0 0 0 0 0 0 0 0 0 1.8 0.4 0 9 0.4 0.6000000000000001 0.8 0 0 0 0 0 0 0 0 0 0 0 0 0 0 0 0 0.4 0 2.6 0 4.2 0 0 0 0 3.4000000000000004 0 0 0 
 0 0 0 0.4 0 0 0 0.6000000000000001 0 0 0 0 0.2 0 0 0.2 0 0.4 0 0 21.6 24 36.800000000000004 15.200000000000001 64.8 0 8.200000000000001 9.8 41.6 86.60000000000001 15.4 10.200000000000001 6.800000000000001 8.200000000000001 18 84 11 16.400000000000002 51.2 17.400000000000002 27 0 27.8 0 0 0 13.200000000000001 13.200000000000001 26.8 0.2 0 0 24.6 11.600000000000001 14.200000000000001 0.6000000000000001 4.800000000000001 0.6000000000000001 54.400000000000006 22.200000000000003 1.4000000000000001 0 0.8 0 0.6000000000000001 0 1.4000000000000001 0 0 0.4 0 0 0 0.4 0.2 0 0 0 0 0 0 0 0 0 0 0 3.2 0 0 0 0 1.6 0 0 0 0 0 0.2 0 0 2.6 0 2.6 2.6 0 0 0 0 0.4 0 2.2 14.600000000000001 0 0 0 1.8 0 2.2 0 0 6.2 2.6 16.6 3 0 0 0 7 0 7.4 0 0 2.6 2.2 8 0 0 0 2.4000000000000004 11.8 0.2 0 0 0 0.2 0 0 0 0 0 0 0.4 0.6000000000000001 0 0 0 0 0 0 0 0 0 0 0 0.2 0 0 0 0 0 0 0 0 0 0 0.4 0 0 0 0 0 3 0 0 0 0 0 0 0.2 0 0 0 0 0 0 0 0 0.2 0 0 0.2 7 4 0 0 0 0 1.2000000000000002 0 0 3.8000000000000003 0 4.4 5.2 0 2.8000000000000003 0 4.2 6.2 4.6000000000000005 0 0 0 0 0 0 0 0 0 0 0 0 0 0 0 0 0 0 0.2 0 0 0 2.6 0 0 0 0 0 0 0 0 0 0 0 1.8 0 1.2000000000000002 0.2 14.600000000000001 0 2 0 0 0 0 0 0 0 0 0 0.8 0.2 0 0 0 0 0 0 0 0 0 1.8 0 0 3.6 0 0 4.6000000000000005 0 0 
 0 0 14.4 14.8 17.400000000000002 14.600000000000001 1.6 0 0 14.4 0 0.6000000000000001 1 0 0.2 0 0 12.4 0.6000000000000001 0.4 30.200000000000003 55.400000000000006 16.2 17.8 11.4 8.200000000000001 0 35.6 9.200000000000001 8.6 25.6 8.6 10 61 24.6 9.200000000000001 12.200000000000001 63 14.200000000000001 23 0.6000000000000001 0 0 0 0 0 0 0.4 0 0.6000000000000001 0 0 0 0 0.2 0.6000000000000001 0.2 0.6000000000000001 0 0 0.6000000000000001 0 10 0 0.6000000000000001 1 0 0 0 0.4 0 0 0 0 0 0 0 0 0 0 0 0 0 0 1.4000000000000001 0 0 0 0 0 2 1.2000000000000002 0 0 0 0 2.2 0.4 0 0 3.4000000000000004 0.2 0 3 0 2.4000000000000004 2.4000000000000004 6.800000000000001 1.4000000000000001 2.6 1.2000000000000002 2.2 5.2 1.8 1.6 1.8 0 0 0 6.800000000000001 0 0 0 0 0 0 0 0 0 0 0 2.2 0 1.8 0 0 0 0 0 2.6 0 0 0 0.4 0.4 0 0 0 0 0 0 0 0 0 0 0 0 0 0 0 0 1.4000000000000001 0 0.2 0 2.2 0 0 0.6000000000000001 0 0 0 0 0 0 0 0 0 0 0 1.8 0 3.4000000000000004 0 0.2 0 0 2.2 1.8 2.8000000000000003 1.8 4 3 2.4000000000000004 0 4.800000000000001 0 0.6000000000000001 4.4 10.600000000000001 0 0 0 0 0 0 0 0 0 0 0 0 0 0 0 0 0 0 2 0 0 0 0 0 0 0 0 0 0 0 0 0 0 0 0 0 0 0 0 0 0 0 0.6000000000000001 0 0 0 0 0 0.2 0 0 0 0 0 0.4 0 0 0 0 0.4 0.4 3.8000000000000003 0 0 0 0 1.8 0 0 0 0 0 0 0 0 0 0 0 0 0 0 0 0 0 0 3.4000000000000004 0 0 0 0 
 0 0 0 0 30.200000000000003 0 0 0 0 15.200000000000001 0.4 15.8 0 0 0 0 0.4 0 0 0 30.200000000000003 74.60000000000001 80 35.2 13 9.8 35.6 0 32.6 86.4 25.8 8 26.6 100.2 6.800000000000001 68.60000000000001 10.8 5.800000000000001 27.200000000000003 41.800000000000004 0.6000000000000001 0 0.2 1.2000000000000002 0 0 0 0.4 0.8 0 0.8 0.8 0 0.2 1 0.6000000000000001 0 1 1.2000000000000002 0 1.8 1.4000000000000001 0.6000000000000001 0 0.6000000000000001 0.4 0 0 0 1.6 0 0 0 0 0 0 0 0 0 2.2 0 0 2.6 0 0 0 0 0 0 1.8 2.4000000000000004 0 0 0 2.6 0 0 0 0 0 2.4000000000000004 2.2 6.4 0 0 2.4000000000000004 10.200000000000001 13.4 3 8 1.4000000000000001 5.2 0 4.4 4.800000000000001 3.2 9 13.200000000000001 0 2 0 0 0 0 0 0 0 0 0 0 0 0 0 0 0.2 3.6 0 0 0 0 0 0 0 0 0 0 0 0 0 0 0.8 0 2.8000000000000003 0 0 0 0 0 3.2 0.4 0 0 0 0 0 0 0 0 0 0.4 0 0 0.2 0 0 0 0 0 0 1 5.6000000000000005 0 3.6 2.2 1.2000000000000002 0 8.8 8.200000000000001 4 6.800000000000001 2.2 0 0 5 5.6000000000000005 4.2 4.6000000000000005 6 5.2 1.4000000000000001 0 0 0 0 0 0 0 0 0 0 0 0 0 0 0 0 0 0 0.2 0 0 0 0 0 0 0 0 0 0 0 0 0 0 0 0 0 0 0 0 0 0 0 0 0 0 0 0.4 0 0.2 5.800000000000001 0 0 0 0 0.6000000000000001 0 0.8 17.2 0 0 0.4 0 0 0 0 0 0.4 0 0 0 0 0 0 0 0 0 0 0 0 0 0 0 0 0 0 2.4000000000000004 0 0 0 0.4 
 0 41.6 0 0 0 0 1.2000000000000002 0.8 0 0 0 0.6000000000000001 1 0 0 0.2 0 0.6000000000000001 1 0 6.4 15.4 54.2 77.2 50 41.6 9.200000000000001 32.6 0 74.4 38.800000000000004 13.8 57.6 40.6 12 19.8 80.2 33.2 16.8 16.6 2 0 0 0 0 0 0 0.2 0 0.4 0 0 0 0 0.6000000000000001 0.6000000000000001 1 0.8 20.200000000000003 14.200000000000001 0.4 0 0 0 0.4 0 0 0 0 1.2000000000000002 0 0 0 0 0 0 0 0 0.8 0 0 0 0 0.4 0 0 0 0 0 0 0 0 0 0 0 0 0 0 0 0 0.4 0 3.6 0 0 1.6 1.2000000000000002 5.2 0 8.4 1.2000000000000002 8.4 0 0.2 0 4.6000000000000005 4.4 3 0 4.4 0 2 0.2 0 0 0 2 4 0 0 0 0 1.8 0 6.6000000000000005 0 0 0 0.6000000000000001 8.6 1.4000000000000001 0 0 0 0 0 0 0 0.6000000000000001 0 1.4000000000000001 0 0 0 0 0.4 0 0 2.8000000000000003 7.2 0.4 0 0 0 0 0 0 0 0 3.6 0 0 0 0 0 0 0 0 0.2 0 1.8 2.4000000000000004 1.8 4.2 1.6 0 0 0 2 17 2.2 2.8000000000000003 0.2 8 0 2.4000000000000004 2.2 1.8 1.8 0 3.6 0 1.6 0.2 0 0 5.800000000000001 0 0.2 0 0 0 7 7.4 1.8 0.4 0 0 0.2 0 0 0 0 0 0 0 0 0 0 0 0 0 0 0 3.4000000000000004 0 0 0 0 0 0 0 0 0 0 0 0 0 0 0 0 0 0 0 2 0 0.4 0 0.4 0 0.2 0.4 0 0 0 0 0 0 0 0 0 0 0 0 0 0 0 0 0 0 0 0 0 0 0 0 1.4000000000000001 0 0 0 
 0.6000000000000001 0.6000000000000001 10.200000000000001 0.4 0.6000000000000001 12 1.4000000000000001 0.4 0.8 0.4 1.4000000000000001 1 0.8 0.6000000000000001 0.4 0.6000000000000001 13 0.6000000000000001 0.4 0.4 9.8 7.6000000000000005 45.6 50.400000000000006 85 86.60000000000001 8.6 86.4 74.4 0 39.800000000000004 4.800000000000001 11 59 22.200000000000003 61.2 70.8 13.8 36.2 41 0.6000000000000001 0.4 0 0 0.2 0 12.4 0.4 0 0 0 0 0 0.2 0.6000000000000001 0.6000000000000001 0.6000000000000001 0.8 0 0 1.4000000000000001 0.2 0 0 0.4 0 0 0 0 0.4 0 0 1 0 0 0 0 0 0 0 0 0 0 0 0 0.2 0 0 0 0 0 0 0 0 0 0 0 1.8 0 0 7.800000000000001 0 5 2 1.6 10.600000000000001 0 0 2.2 5.6000000000000005 1.2000000000000002 4.800000000000001 0 1.6 0 5.2 1.8 6.6000000000000005 0 1.4000000000000001 2.8000000000000003 0 0 0 0 0 9 0 0 0 0 0 0 0 0 0 2 0 1.8 4.2 0.4 0 0 0 0 0 0 0 0.2 0 0.8 0 0 0 0 0 0 0.2 0.8 0 0 1 0 0 0 0 0 0 0 0 0 0 0.4 0 0 0 0 0 0 0 2 2.6 0.2 1.2000000000000002 0.2 0.8 0 0 4.2 8 8.4 0 1.8 2.2 0 2 3.4000000000000004 6 1.6 0.2 0 0 0 0 0 0 1.8 0 0 0 0 0 0 2.4000000000000004 2 0 0 0 2.6 0 0 0 0 0 0 0 0.2 0.2 0 0 0 0 0 0 0 1.2000000000000002 0 0 0 0 0 0 0 0 0 0 0 0 0 0 0 0 0 0 3.4000000000000004 0.6000000000000001 0 16 0.4 0.4 1.2000000000000002 0.4 0 0 0 0 0 0 0 0 0 0 0 0 0 0 0 0 0 0.2 0 0 0 0 0 0 0 0 0 0 
 0.4 0.4 0.4 0.4 0.4 0.4 1 0.8 0.4 0.4 0.4 0.4 0.8 0.4 0.4 0.4 0.4 0.4 0.4 0.4 48.2 6.2 28.400000000000002 36.4 34.6 15.4 25.6 25.8 38.800000000000004 39.800000000000004 0 26 7.800000000000001 44.400000000000006 26.6 18.6 47.800000000000004 41.2 4.2 17.8 0.6000000000000001 0 0 0 0 0 12.600000000000001 0.8 0 0 0 0 0 0 0.4 0.6000000000000001 0.2 0.6000000000000001 0 0 0.4 0 12.200000000000001 0 0.6000000000000001 0 0 0 0 0.4 0 8.200000000000001 0 0 0 0 0 14.8 0 0 0 0 0 0 0 0 0 0 0 0 0 0 0 0 0 0 0 0 0 0 0.4 0 0 0.2 0 9.600000000000001 0 1.8 2.4000000000000004 5 5.4 10.200000000000001 0 1.6 2.2 0 0 4 0 1.2000000000000002 0 2.2 0 0 0 0 0.4 0 0 0.2 0 0 0.2 0 0.2 0.2 2 0 1.4000000000000001 0 0.6000000000000001 0 0 0 0 0 0 0.2 0 0 0.4 0 0 0 0 0 0 0 0 1.2000000000000002 0 1.2000000000000002 0 0.8 2.4000000000000004 0 0 0 0 1.2000000000000002 0 0 0.8 0 0 0.4 0 0 0 0 0 1.6 1.8 6.2 5.2 2.2 0 2.4000000000000004 2.4000000000000004 7.800000000000001 0 8.200000000000001 0.2 0 0 6.2 2 5 1.2000000000000002 0 0 0 0 0 0 0 2 0 0 0 0 0 1.8 0 2 0 0 0 2 0 0 0 0 5.6000000000000005 0 0 0 0 0 0 0 0 3.2 0 0 0 0 0 0.4 0 0 0 0.2 0 0 0 0 0 0 0 0 0 0 0 1.8 0.4 0 0.2 0 0 0 2.2 0 0 0 0 0 0 0 0 0 0.4 0 0 0 0 0 0 0 0 0 0 0 0 0 0 1.8 0 0 0 
