 0 35.800000000000004 36.4 30.6 30.8 28.8 16.6 64.4 25 11.4 37.800000000000004 5 35.4 27.8 10.8 26.6 68.60000000000001 12.8 27.8 51.400000000000006 0.8 0.4 0 0 0 0 0 1.2000000000000002 0.4 0 0 0.6000000000000001 0.2 0 0 0.4 0.2 0 15.200000000000001 0 0.4 0 0 0 0 0 0 0 0 0 0 0 0 0 0.4 0 0.4 0 0 0.6000000000000001 0.4 0.6000000000000001 0.6000000000000001 0.6000000000000001 0.8 0 0 0.4 0.4 0 0 0 0.4 0.4 0 0 0 0 0 0 4 6 0 7.6000000000000005 0 0 3.8000000000000003 3.2 0 0 4 11.600000000000001 0 5.800000000000001 0 7 5.4 0 6.4 0 3.6 0 0 0 0 0 0 0.2 0 0 0 0 0 0 0 0 0 0 0 0 0 0 0 0 0 0 0 0 0 0 3 0 0 0 2.4000000000000004 0 0 0 0 0.4 0.8 0 1.4000000000000001 0 0 0 0 0 0 1.4000000000000001 0 0.2 0 0 0 0 0 0.4 0 0 0 2 2 0 0 0.8 2.6 0 0 2.4000000000000004 2.6 0 7.4 0.2 0 8 8 0 0 3.6 0 0 0 0 0 0 0.4 0 0 0 0 0 0 0 0 0 0 0 4.4 0 0 0 0 1.2000000000000002 0 0 0.4 0 0 0 0 0 0 3.6 0 0 0 0 0 0 0 0 2.2 0 0 0 0 0 0 3.2 0 0 0.4 0 0 4.4 0 0 0 0 0 0 0 0 0 0 0 0.4 0 2.2 3.4000000000000004 2.4000000000000004 0 0 0 0 0 0 0 0 0 0 0 0 0 0 0 0 0 0 0 0 0 0 0 0 2.2 0 0 0 0 0 0 0 0 0 0 0 0 0 
 35.800000000000004 0 54.800000000000004 31.8 9.4 11.600000000000001 51 31.6 12.4 9.200000000000001 24.400000000000002 22.6 27.8 44.6 18 44.400000000000006 6.4 10 30.400000000000002 23.200000000000003 0 0.8 0 0 0 0 0 0 0 0 0.4 0.8 0 0.2 0.4 0 1.2000000000000002 0 15.8 0 0 0 0 0 0 1.6 0 1.4000000000000001 0 1.2000000000000002 0 0 0 0 0 0 0 0 0 0 0 0 0 0 0.6000000000000001 1.2000000000000002 0 0.8 0.4 0 0 0 0 0 0 0 0.4 0 0 0 3.6 4.6000000000000005 0 2.2 0 2.2 4 5 5.800000000000001 2.8000000000000003 5.4 7.2 7.800000000000001 0 0.8 3.4000000000000004 1.2000000000000002 0 0.6000000000000001 5.4 0 0 0 0 0 0 0 0 0.2 0 0 0 0 0 0 0 0 0 0 0 2 0 0.4 0.4 0 0.4 0 0.4 0 0 0 0 0 0 0 0 0 0 0 0 0.2 0 0 0 0 0 0 0 0 0 0 0 0 0 0 0 0 0 0 0 3.8000000000000003 0 3.8000000000000003 4.6000000000000005 0 1.8 0 0 4.4 3.8000000000000003 2.8000000000000003 2.6 0.4 3.6 1.6 3.6 1.2000000000000002 4.2 2.2 0.2 0 0 0 0 0 0 0 0 0 0 0 0 0 0.2 0 0 0 0 1.2000000000000002 0 0 0 0 0 3 0 0 0 0 0 0 0 0 0 0 0 0 0 0 0 0.2 0 4 0 0 0 0 0 0.4 0 0 0 0 0 0 0 0 0 0 0 0 0 0 0 0.4 0.6000000000000001 0.2 0.2 0.2 0.2 2 1.2000000000000002 1.8 0 0 0 0 0 0 0 0 0 0 0 0 0 0 0 0 0 0 0 0 0 0 0 0 1 0 0 0 0 0 0 0 0 0 0 0 0 
 36.4 54.800000000000004 0 41.800000000000004 30.200000000000003 3.6 64.8 32.4 16 101.4 24 67.2 75.60000000000001 12.8 7.4 10.8 6.2 30.400000000000002 4.4 7.4 0.6000000000000001 0 0 0 0 3.8000000000000003 0 0.6000000000000001 0 0 0 0.4 12.4 0 0 0 0 0.6000000000000001 15 0 0.4 0 0 0 0 0 0 0 0 0 0 0.4 0 0 0.4 0 0 0.4 0 12.600000000000001 0.4 0.6000000000000001 0.6000000000000001 0.6000000000000001 1.2000000000000002 0.4 0 0.4 0.4 0 0 0.4 0.4 0.4 0 0 0 0.4 0 0 2.2 8.6 3.8000000000000003 2.8000000000000003 0 3.8000000000000003 12.200000000000001 7.6000000000000005 0.2 0 1.2000000000000002 10.600000000000001 3.6 4.2 0 2.6 9.4 3.2 3.8000000000000003 6 0 0 0 0 0 0 0 1 0 0 0 0 0.2 0 0 0 0 0 0 1.2000000000000002 0 0 0 0.2 0 0 0 0 0 0 1.4000000000000001 0 0 0 0 0 0 0 0 0 0 0 0 0 0 0 0 0 0 0 0 0 0 0 0 0 0 0 0 0 3.2 0 4.4 0 0 0.2 0 3.6 0 4.2 5.800000000000001 3.8000000000000003 2 11.8 0.2 3.6 7.800000000000001 4 3 0.2 0 0.2 0.4 0.2 0 0 0 0 0 0 0 0 0 3.4000000000000004 0 0 9.200000000000001 0 0.2 2.2 0 0 0 0 0 0 0 0 0 0 0 0 0 0 0 0 0 0 0 0 0 0 0 0 0 0 0 0 0 0 0 0 0 0 0 0 0 0 0 0 0 0 0 0 0 0.2 0.2 0 0 0.2 9.200000000000001 1.6 0 0 0 0 0 0 0 0 0 0 0 0 0 0 0 0 0 0 0 0 0 0 0 0 0.4 10.8 0 0 0 0 0 0 0 0 0 0 0 0 
 30.6 31.8 41.800000000000004 0 26.200000000000003 27.200000000000003 42 18.2 32.6 50.400000000000006 32.4 28.200000000000003 73.2 67.8 44.800000000000004 35.800000000000004 94.80000000000001 36 38.800000000000004 29.6 0.4 0 0 0 0 0 0.2 0.6000000000000001 0 0 0 0 3 0 15 0 0 15.600000000000001 6.6000000000000005 0 0.4 0.8 0 0 0 0 12.200000000000001 7.800000000000001 0 0 0 0 0 0 0.4 0 0.4 0.2 0 0.4 0.4 0.6000000000000001 0.8 0.6000000000000001 0 0.2 0 0.6000000000000001 0.6000000000000001 0 0 0 0.4 0.6000000000000001 0 0 0 0 0.2 0 0 0 0.2 10 2.8000000000000003 9.600000000000001 0 1.6 0 0 3 9.200000000000001 3.8000000000000003 0 0 6.6000000000000005 10.600000000000001 14.4 0 0 0 0 0 0 0 0 3.6 0 0 0 0 0 0 1.4000000000000001 0 0 0 0 2.6 0 1 0 0 0 0 0 0 0 0 0 0 0 0 0 0 0 0 0 0 0 0 0 0 0 0 0 0 0 0 0 0 0 0 0 0 0 0 0 0 0 0 3 0 4.2 3 10.8 0 5.800000000000001 0 1.6 0 0 0 1.8 0 5.6000000000000005 0 2.4000000000000004 3.2 5 0.6000000000000001 0 0 0 0 0 2 0 0.6000000000000001 0 0 0 6.2 0 3.2 0 0 0 7.6000000000000005 0 0 0 0 0 0 0 0 0 0 0 0 0 0 0 0 0 0 0 0 0 0 0 0 0 0 0 0 0 0 0 0 0 0 0 0 0 0 0 0 0 0 0 0 0 0 0.8 0 0.2 0.8 29.200000000000003 6.4 0.4 0.4 0 0 0 0 0 0 0 0 0 0 0 0 0 0 0 0 0 0 0 0 0 0 2.4000000000000004 3.8000000000000003 0 0 0 0 0 0 0 0 0 0 0 0 0 
 30.8 9.4 30.200000000000003 26.200000000000003 0 32.6 19.200000000000003 21.200000000000003 49 97.4 39 10.4 13.4 38.400000000000006 35.4 77.4 30.200000000000003 53 16.8 12 0.6000000000000001 0.2 0 0 0 0 0 0.6000000000000001 0 0 8 0 44.800000000000004 0 0 0 0.2 0 3.4000000000000004 2.6 0.4 0 0 0 0 0 0 0 0 0 0 0 0 0 0.6000000000000001 0 0 0 0 0.6000000000000001 0.4 0.6000000000000001 0.6000000000000001 0.6000000000000001 0.2 0 0 0.6000000000000001 0.6000000000000001 0 0 11.4 5.6000000000000005 0.6000000000000001 0 0 0 0 0.6000000000000001 0 0.2 1 6.800000000000001 3.2 4.2 2.8000000000000003 0 0 5.2 3.2 11.4 0.4 2 0 1.6 0.2 3 2.2 0 0 0 0 0.4 0 0 0 1.8 3 0 0 0 0 2 4.6000000000000005 0 0 1.4000000000000001 0 1.2000000000000002 3.6 0 0 0 0 0 0 0 0 0 0 0 0 0 0 0 0 0 0 0 0 0 0 7.6000000000000005 0 0 0 0 0 0 0 0 0 0 0 0 0 0 0 0 0 2 2.4000000000000004 2.2 4.2 0 7.800000000000001 0.4 8 7.6000000000000005 2 3.4000000000000004 4.6000000000000005 0 7 2.4000000000000004 4 0 0 0 0 2.6 0 0 0 0 0 0 0.6000000000000001 0 0 0 0 0 2 0 0 0 0 4 1 0 0 0 0 4.6000000000000005 0 0 0 0 2 0 0 0 0 0 0 0 0 0 0 0 5 0 0 0 0 0.4 0 0 0 0 0 0 0 0 0 0 0 0 0 0 1.8 0 0 0 1 19.200000000000003 0 0.4 17.8 0.4 2.2 0.2 0 0 0 0 0 0 0 0 0 1.2000000000000002 0 0 0 0 0 0 0 0 0 0 0 0 1.6 0.2 0 0 0 0 0 0 0 0 0 0 0 0 0 
 28.8 11.600000000000001 3.6 27.200000000000003 32.6 0 7 36.800000000000004 11.200000000000001 29.8 66 30 5 53.400000000000006 36.4 38.2 16.8 30.200000000000003 8.4 8 15.4 4.6000000000000005 0 15.600000000000001 0 0 0.2 0.6000000000000001 0 0 0 0.2 0 14.4 15 0 0 0 4 15.4 0.4 0 0 0 0 0 0 0 0 0 0 0 0 0 0.4 0 13 0 0 0.4 0.4 0.6000000000000001 0.6000000000000001 0.6000000000000001 0 0 0 0.6000000000000001 0.6000000000000001 3.6 0 0 0.4 0.6000000000000001 0 0 0 0 0.2 1 0 1.8 7.2 4.800000000000001 0.2 2.6 0 2.6 3.2 6.800000000000001 0.4 0 0.2 0 2.2 0 2.6 1 0 0.4 3.8000000000000003 4.800000000000001 6.2 2 0.2 0 0 2.2 2.8000000000000003 0 0 0 3.2 0 0 0 4.800000000000001 0 5.800000000000001 0 0 0 0 0 0 0 0 0 0 0 0 0 0 0 0 0 0 4.2 0.2 0 0 0 0 0 0 0 0 0 1.4000000000000001 0 0 2.6 0 0 0 0 0 0 0 0 2.8000000000000003 6.2 0 3.8000000000000003 2 4.6000000000000005 0 2.8000000000000003 0 0 6.6000000000000005 2 4.6000000000000005 0 2.4000000000000004 6.6000000000000005 0 0 4 0 4 4 3.2 0 0 2.4000000000000004 2.6 5.2 0 0.4 3.4000000000000004 0 2.8000000000000003 2.2 6 5.6000000000000005 2.4000000000000004 3.2 6.4 0 0 1.4000000000000001 0 0 0 0 0 0 0 0 0 0 0 0 0 0 0 0 0 0 0 0 0 0 0 0 0 0 0.2 0 0 0 0 0 0 0 0 0 0 0 0 2.4000000000000004 0 0 0 1 2 1 0 19 0 2 0 0 0 0 0 0 0 0 0 0 0 0 0 0 0 0 0 0 0 0 0 0 0 1.8 1.4000000000000001 0 0 2.4000000000000004 0 0 0 0 0 0 0 2 0 0 
 16.6 51 64.8 42 19.200000000000003 7 0 27.400000000000002 21 18 8.4 25.6 55.6 69.60000000000001 27.200000000000003 25.8 10.200000000000001 36.800000000000004 11.8 44.400000000000006 0.8 0.6000000000000001 0 0.4 0 0.4 0.6000000000000001 1.2000000000000002 0.4 0 0.6000000000000001 0 0.6000000000000001 0 0 0.4 0 0.2 0 0 0.4 0 0 0.4 0.6000000000000001 2.8000000000000003 0 0.2 0.6000000000000001 0 0.2 0.4 0 0 0.4 0.4 1.8 0 0 1 0.6000000000000001 0.6000000000000001 0.6000000000000001 0.6000000000000001 0 0 0.2 0.6000000000000001 0.8 0.6000000000000001 0 0 1.6 0.6000000000000001 0 0 0 0.8 0.2 0.6000000000000001 4 0 3.6 4 0 1.8 4 2.6 2 2 0.4 10.600000000000001 2 7 8 7.800000000000001 3.4000000000000004 4.6000000000000005 0 12.4 0 0 0 0 0 0 0 0 0 0 0 4.6000000000000005 0 0 0 0 0 0 0.2 0 2.8000000000000003 0 0 0 0.8 0 3 0 0 0 0 0 0 0 0 0 0.4 0 0 0 0 0 0 0 0 0 0 0 0 0 3.2 0 2 0 0 0 0 0 0 0.4 4 0 2.6 3.4000000000000004 0.4 0.2 6.6000000000000005 0 6.2 10.4 0 0.4 0 2.4000000000000004 8.6 0 2.2 2.2 0 0.4 0 0 0 0 0 0 0 0 0 0.8 0.2 0 0.4 0 0.2 0 0 0.4 0.8 0 0 2.8000000000000003 0 0 4.6000000000000005 0 3.6 0 0 0 0 0 0 0 0.4 0 0 0 0 0 0 0 0 0 0 0 0 0 0 0 0 0 0 0 0 0 0 0.2 0 0 0 0 0 0 0 0.8 0.2 0 0.8 17.400000000000002 0 3.2 2.8000000000000003 0 0 0 0 0 0 0 14.600000000000001 0 0 0 0 0 0 0 0 0 0 0 0 0 0 0.2 0 0 0 0 0 0 0 0 0 0 0 0 0 0 
 64.4 31.6 32.4 18.2 21.200000000000003 36.800000000000004 27.400000000000002 0 57.6 55.2 3.6 25.200000000000003 39.2 34 7.4 26.8 15.200000000000001 56.800000000000004 15 45 0.4 0 0 2.2 0 0 0 0.6000000000000001 0 0 0 0 0 0 0 0 0 0.6000000000000001 19 0 0.4 0 0 0 0 0 0 0 0 0 0 0 0 0 0.4 0 0.6000000000000001 0 0 0.4 0.4 0.6000000000000001 0.6000000000000001 0.6000000000000001 2 0 0 0.4 0.4 0 0 0 0.4 0.4 0 0 0 0 0 0 2.6 3.8000000000000003 3.6 0.6000000000000001 0 5.800000000000001 3.6 2.2 5.2 0 0 0.2 0.8 5.6000000000000005 3.8000000000000003 2.8000000000000003 10.200000000000001 5.800000000000001 8.6 0 0.4 0 0 0 0 0 0.2 0 0 0 0 0 0 0.2 0 0 0 0 0.4 2.4000000000000004 3 0 0 0 0 0 0 0.8 0 0 0 0.2 0 0 0 0 0 0 0 0 0 0 0 0 0 0 0 0 0 0 0 0 0 0 0 0 0 0 0 0 0 1.8 0.4 0 0 2.2 6.6000000000000005 0 2.8000000000000003 2.8000000000000003 10 1.8 2 0 2.4000000000000004 5.6000000000000005 3.6 2 3.6 4.2 0 0.4 0 0 0 0 0 0 0 0 0 0 0.4 0 0 0 0 0 3.6 0 0 0 0 0 0 0 0 0 0 0 0 0 0 0.2 0 1.8 0 0.2 0 0 0 0 0 0 0 0 0 2.6 0 0.4 0 0 0 0 0 0 0 0 0 0 0 0 0 0 0 0 19.400000000000002 0 0 17.6 0.2 1.8 11.200000000000001 0 0 0 0 0 0 0 0 0 0 0 0 0 0.2 0 0 0 0 0 0 0 0 0 0 0 0 0 0 0 0 0 0 0 0 0 0 0 
 25 12.4 16 32.6 49 11.200000000000001 21 57.6 0 58.400000000000006 28 7.4 30.6 109 120.4 52.6 30.200000000000003 26 26.400000000000002 16 0.4 0 0 0.4 0 0 0 0.6000000000000001 0 0 0 0 21.6 0 0 0 0 0 15.200000000000001 14.8 0.4 0 0 0 0 0 0 0 0.4 0 0 0 0 0 0.4 0 0 0 0 0.4 0.4 0.6000000000000001 0.6000000000000001 0.6000000000000001 0 0 0 0.6000000000000001 0.4 0.2 10.200000000000001 0 0.4 0.6000000000000001 0 0 0 0 0.2 0 0 0 3.4000000000000004 3.2 2 0 0 2.4000000000000004 2.6 5.2 10 1 2 2 5.6000000000000005 0.8 0 0 0 0 0 0 0 0 0 0.2 0.2 4 0 0 0.4 0.8 3.6 8.6 0 0 2.6 0 2 3.2 0 0 0 0 0 0 0 0 0 0 0 0 0 0 0 0 0 0 0 0 0 0 0 0 0 0 0 0.2 0 0 0 0 0 0 0 0 0 0 2.6 0 2 0.2 4.2 7.2 1.6 0 0 6 5.4 3.8000000000000003 3.4000000000000004 6.800000000000001 0 0 2.4000000000000004 5 0.4 0 0 2 2.2 0 0 0 0 0 0 0 0 0.2 0 0 0 0 0 0 4.2 0 4 1.8 0 0 0 0 4.4 0 0 0 0 0 0 0 0 0 0 0 0.4 0 0 0.2 0 0 0 0 0 0 0 0 0 0 0 0 0 0 0 0 0 0 3.6 0 0 2 0 0 0 0 2 0 0 34.6 0.4 2.2 0 0 0 0 0 0 0 0 0 0 3.2 0 0 0 0 0 0 0 0 0 0 2.6 0 3.6 1 0 0 0 0 0 0 0 0 0 0 0 0 0 
 11.4 9.200000000000001 101.4 50.400000000000006 97.4 29.8 18 55.2 58.400000000000006 0 78.2 29 11.4 56.800000000000004 59.800000000000004 19.8 27.400000000000002 27.8 17.8 17.6 0.4 0.4 0.6000000000000001 0 0 0 0.2 0.6000000000000001 0 0 0.4 0.2 13 0 0 0 0 0 46.2 15.4 0.4 0 0.6000000000000001 0 0 0 0 0 0 0 0.4 0 0 0 0.4 0 0.4 0 0.4 0.4 0.4 0.8 0.6000000000000001 1.2000000000000002 1.2000000000000002 0.6000000000000001 0 0.4 0.4 0.6000000000000001 0 0 0.4 0.4 0.4 0.4 0 0.8 0.2 0.4 0 2 7.6000000000000005 0.2 2.8000000000000003 1 2.6 0 5 4.800000000000001 5.2 3.6 0 1.8 2.8000000000000003 2 0 5.2 0 2.8000000000000003 0 0 0 0 0 0 0.2 4.4 0 0 0 0 3 2.8000000000000003 0 0 7.6000000000000005 0 5.4 4.800000000000001 0 0 0 0 0 0 0 0 0 0 0 0 0 0 0 0 0 0 0 0 0.6000000000000001 0 0 0 0 0 0 9.200000000000001 0 0 0.2 0 0 0 0 0 0 0 0 0 2.8000000000000003 4.4 4.800000000000001 7.6000000000000005 4.2 0.4 0 10.4 3.2 0 6.800000000000001 7.2 0 0 0 4.800000000000001 3.2 2 0.2 0 5 0 0 0.2 0 0.2 0 0 0 0 0 0 2.8000000000000003 3 0 0 0.4 0 2 2 0 0 0 0 0 0 0 0 0 1.8 0 0 0 0 0 0 0 0 0 0 0 0.4 0 0 0 0 0 0 0 0 0 9.600000000000001 1.8 0.4 0 0 0 0 0 0 0 0.4 0 0 0 0.4 19.200000000000003 0 1 0.4 0 0.2 0 0 0 0 0 0 0 0 0 0 2.6 0 0 0 0 0 0 0 0 0 0 0 0 5.4 0.2 0 0 0 0 0 0 0 0 0 0 0 0 0 
 37.800000000000004 24.400000000000002 24 32.4 39 66 8.4 3.6 28 78.2 0 47.2 7.2 11.4 15 20.8 35.2 44.6 51.2 13.200000000000001 1 0.6000000000000001 0 0 0 0.6000000000000001 15.200000000000001 8.4 0 0.4 0 0.6000000000000001 20.400000000000002 0 29.400000000000002 0 0.6000000000000001 0.6000000000000001 4 7.800000000000001 0.8 1 0 0.6000000000000001 0 0 0 0 0.4 0 0 0 0.4 0 1.6 0 0.8 0 0 0.8 0.4 0.6000000000000001 0.6000000000000001 0.6000000000000001 0.4 1 0 0.6000000000000001 0.4 0 0.6000000000000001 1 0.4 1.6 0 0 0 0 0.2 0 1.4000000000000001 0 1.4000000000000001 0 8.200000000000001 6.800000000000001 0 0 3.2 0 0 2.4000000000000004 0 0 0 0.2 0.2 1.4000000000000001 0 0 2.2 0 0 0 0 0 7.2 3.4000000000000004 0 0 0 0 6.800000000000001 6.2 2.6 4.800000000000001 0.2 0 0.2 7.4 5.800000000000001 0 0 0 0 0 0 0 0 0 0 0 0 3.8000000000000003 0 0 0.2 0 0 0 0 0 5.800000000000001 0 0 0 0 0 0 0 0 0 0 0 0 0 0 0 0 2.2 0.8 0 2.8000000000000003 0.4 9.200000000000001 13.4 0 0 1.4000000000000001 0.2 2.2 5.4 0 0 0.4 0 0 1.8 0 0.2 0 2.2 0.4 0 0 0 0 0 5.800000000000001 0 0.4 0 5.6000000000000005 2.2 4.800000000000001 0 0 2.2 1.2000000000000002 1.4000000000000001 0 0 0 0.2 0 0 0 0 0 0 0 0 0 0 0 0 0 0 0 0 0 0 0 0 0 0 0 0 0 0 0 0 0 0 0 0 0 0.4 0 0 0 0 0 0 0 0.8 0 0 1 0.8 0 0.4 2.8000000000000003 0 0 0 0 0 0 0 0 0 0 0 0 0 0 0 0 0 0 0 0 0 0 0.4 0 0 0 0 0 0.2 0 0 0 0 0 0 0 0 
 5 22.6 67.2 28.200000000000003 10.4 30 25.6 25.200000000000003 7.4 29 47.2 0 8.200000000000001 7.4 66.2 13.200000000000001 11.200000000000001 36.2 3 4 30 0.4 0 0 0 42 0 30.8 0 0 0 0 14.8 15.4 18.8 0.2 0.6000000000000001 0 13.600000000000001 8.8 0.8 0.4 0.2 0 0 0.6000000000000001 0 7 0 0.6000000000000001 0.2 0.4 0 0.4 0.4 0 0.6000000000000001 0.4 0 0.4 0.4 0.6000000000000001 0.6000000000000001 0.6000000000000001 4.4 0.8 0.2 1.2000000000000002 0.4 0 0 0 0.4 0.4 0 0 0.4 0 0 0 1.6 0 3.6 1.6 3.6 7 0 0 1.8 0.6000000000000001 0.2 1.8 0.6000000000000001 0 0 0 0 5.800000000000001 0 0 7.800000000000001 4 0 0 0 0 2.6 1.2000000000000002 2.4000000000000004 0 0 0 0 2.4000000000000004 0.4 1.2000000000000002 0 0 3 5.4 3.6 0 0 0 0 0.4 0 0.4 0 0 0 0.2 0 0 0 0 0 0 0 0 0 0 0 0 0 0 0 0 0 0 0 0 0 0 0 0 0 0 0 0 0.8 5 0 5 2 2 0 0 5 0 3.4000000000000004 1.6 0 0 0 2.2 0 1.6 2 0 2 3.6 0 0 0 0 3.8000000000000003 0 0.2 2 2.2 0 3.2 0 2.2 8.4 7 3 3.6 0.4 0 0 0 1.4000000000000001 0 0 0 0 0 0 0 0 0 0 0 0 0 0 0 0 0 0 0 0 0 0 0 0 0.4 1.6 0 0 0.4 0 0 0 0 0 0 0 0 0 0 0 0 4.4 0.6000000000000001 0 19.8 0.2 0 2 3 0 0 0 0 0 0 0.2 0 0 0 0 0 0 0 0 0 0 0 0 0 0 0 0 0 0 0 0 0 0 0 0 0 0 0 0 0 0 
 35.4 27.8 75.60000000000001 73.2 13.4 5 55.6 39.2 30.6 11.4 7.2 8.200000000000001 0 38.2 18 60 25 24.6 33.4 35.800000000000004 0.4 0 0 0 0 0 0 0.6000000000000001 0 0 0 0.4 0 0 0 0 0 0 0.2 0 0.4 0.6000000000000001 0 0 0 0 0 0 0 0 0 0 0 0 0.4 0 0 0.2 0 0.4 0.4 0.6000000000000001 0.6000000000000001 0.6000000000000001 0 0 0 0.6000000000000001 0.6000000000000001 0 0 0 0.4 0.6000000000000001 0 0 0 0 0.4 0 6.6000000000000005 6.800000000000001 0 0.6000000000000001 0 0 6.4 21 1 0 0.8 6.800000000000001 4.4 3 3.8000000000000003 7 5.2 3.8000000000000003 0.2 2.6 0 0 0 0 0 0 0 0 0 0 0 0 0 0 0 0 0 0 0.4 0 0 0 0 0 0 0 0 0 0 0 0 0 0 0 0 0 0 0 0 0 0 0 0 0 0 0 0 0 0 0 0 0 0 0 0 0 0 0 0 0 0 0.4 0 7 0 2.2 3.8000000000000003 0 4.2 2.6 0.4 0 0.2 5 3.8000000000000003 3.6 0.8 2.2 0 2.4000000000000004 0 0 0.2 0 0 0 0 0 0 0 0 0 0 0 0 0 3 0 2.4000000000000004 0 0 0 0 0 4.4 0 0 0 0 0 0 0 0 0 0 0 0 0 0 0 0 0 0 0 0 0 0 0 0 0 0 0 0 0 4.2 0 0 0 0 0 0 0 0 0 0 0.4 0.4 0 0.8 9.8 2 1.6 2.4000000000000004 0 0 0 0 0 0 0 0 0 0 0 0 0 0 0 0 0 0 0 0 0 0 3.4000000000000004 0 0 0 0 0 0 0 0 0 0 0 1.4000000000000001 0 0 
 27.8 44.6 12.8 67.8 38.400000000000006 53.400000000000006 69.60000000000001 34 109 56.800000000000004 11.4 7.4 38.2 0 69.4 27.400000000000002 22.200000000000003 6 91.4 58 0.4 0 0 0.4 0 0 0 0.6000000000000001 0 1.6 0 0 0 0.4 0 0 0 0.6000000000000001 0 0 0.4 0 0 0 0 0 0 0 0.4 0 0 0 0 0 0.4 0 0.4 0 0 0.4 0.4 0.6000000000000001 0.6000000000000001 0.6000000000000001 10 0 0 6.800000000000001 1.2000000000000002 0 0 0 0.4 2.4000000000000004 0 0.4 0 0 0.4 0 4.2 6.2 0 0 3 0 0 7 4 3.6 0 3.8000000000000003 5.6000000000000005 5 2 7.4 5.6000000000000005 2.8000000000000003 5.2 0.2 0 0 0 0 0.4 0 0 0 0 0 0 0 4 2 0 0 0 0 0 3.8000000000000003 0 0 0 0 0 0 0 0 0 0 0 0 0 0 0 0 0 0 0 0 4.800000000000001 0 1.8 0 0 0 0 0 0 1 0 0 1.4000000000000001 0 0 0 0 1.8 0 0 0 0 9 4.2 0 2.4000000000000004 0 3 0.2 6.6000000000000005 3.8000000000000003 3.6 3 2.2 0 0 2.4000000000000004 2.2 3.6 5.2 0 0 0 0 0 0 0 0 0 0 0 0 0 0 0 0 0 0 2.4000000000000004 0 0 0 0 0 0 0 2.4000000000000004 0 0 0 0 0 0 0 0 0 0 0 0 0 0 0 0 0 0 0 0 0 0 0 0 0 0 0 0 0 0 0 0 0 0 0 0 0 0 0 0 0.4 0 10.4 0 1.4000000000000001 1.6 0 0.2 0 0 0 0 0 0 0 0 0 0 0 0 0 0 0 0 0 0 0 0 3 2 1.6 0 0 0 0 0 0 0 0 0 0 0 0 
 10.8 18 7.4 44.800000000000004 35.4 36.4 27.200000000000003 7.4 120.4 59.800000000000004 15 66.2 18 69.4 0 47 25.400000000000002 9.8 35.800000000000004 39 0.4 0 0 0 0 0 0 0.6000000000000001 0 0 0 0 14.8 0 0 0 0 0 0.8 0 0.6000000000000001 0 0 0 0 0 0 0 0 0 0 0 0 0 0.4 0 0.4 0 0 0.4 0.4 10.8 0.6000000000000001 0.6000000000000001 0 0 0 0.6000000000000001 0.6000000000000001 0 0 0 0.4 0.6000000000000001 0.4 0 0 0 0.2 0 0 0.4 8 3.2 5 0.2 0 5.6000000000000005 7 2.6 7.6000000000000005 3.4000000000000004 4 0 2.4000000000000004 3.8000000000000003 1.4000000000000001 9.4 0.2 0.6000000000000001 0 0 0 0 0 0 0 0.2 0 0 0 0 7.4 2 0 0 0.2 0 3.6 2.6 0 0 0 0 0 0 0.2 0 0 2.8000000000000003 0 0 0 0 0 0 0 0 0 0 0 0 0 0 0 0 0 0.4 0 0 0 0 0 0 0 0 0 0 0 0 0 5.2 3 7.2 0 4.2 0 5.800000000000001 2.8000000000000003 5.4 4.4 7 0 1.2000000000000002 0 15.200000000000001 0.4 3 5.6000000000000005 1.4000000000000001 0 0 0 0.2 0 0 0 0 0 0.4 0 0 0 0 0 0 0 0 2.8000000000000003 0 0 0 0 0 0 0 0 0 0 0 0 0 0 0 0 0 0 0 0 0.4 0 0 0 0 0 0 0 1.8 0 0 0 0 0 0 0 0 0 0 0 0 0 2.6 0 0 0 0.8 18.6 0 5 1 0.6000000000000001 1.4000000000000001 0 0 0 0 0 0 0 0 0 0 13.600000000000001 0 0 0 0 0 0 0 0 0 0 0 0 3.8000000000000003 2.6 0 0 0 0 0 0 0 0 0 0 0 0 0 
 26.6 44.400000000000006 10.8 35.800000000000004 77.4 38.2 25.8 26.8 52.6 19.8 20.8 13.200000000000001 60 27.400000000000002 47 0 39.400000000000006 60.2 54.6 12.8 0.4 0 0 0 0 0 0 0.6000000000000001 0 0 0 0 7 0 0.2 0 0 0 13.8 0 0.4 0 0 0 0 0 0 0 0 0 0 0 0 0 0.4 0 0.4 0.4 0 0.4 0.4 0.6000000000000001 0.6000000000000001 0.6000000000000001 0.8 0 0 0.6000000000000001 0.4 0 0 0 0.4 0.6000000000000001 0 0 0 0 0.2 0 2 3.2 2.4000000000000004 0 2.6 6 0 8 8.6 0 5.2 5.2 2.4000000000000004 0 5.800000000000001 4 5.800000000000001 0 0 3.8000000000000003 0 0 0 0 0 0 0 1.6 0.2 0 0 0 7.2 2 0 0 0 0 1.6 2.8000000000000003 4.4 0 0 0 0 0.4 0 0.4 0 0 3.4000000000000004 0 0 0 0 0 0 0 0 0 3.8000000000000003 0 0 0 0 0 0 0 0 0 0 0 0 0 0 0 0 0 0 0 3 2.8000000000000003 2.6 3.6 2.8000000000000003 5 0.2 7.4 10.600000000000001 4.6000000000000005 3.2 1.4000000000000001 0 0 2.2 3 0 0.2 0 0.6000000000000001 3.2 0 0 0 0 0 0 0 0 0 0 0 3.4000000000000004 0 0 0 0 0 5.6000000000000005 0 0 0 0 0 8.6 0 0 0 0 0 0 0 0 0 0 0 0 0 0 0 0 0 0 0 0 0 0 0 0.4 0 0 0 0.4 0 0 0 0 0 0 0 0 0 0 0 0 0 21.6 0 0.2 34.6 0.2 1.2000000000000002 3.8000000000000003 0 0 0 0 0 0 0 0 0 12.600000000000001 0 0 0 0 0 0 0 0 0 0 0 0 2 0 0 0 0 0 0 0 0 0 0 0 0 0 0 
 68.60000000000001 6.4 6.2 94.80000000000001 30.200000000000003 16.8 10.200000000000001 15.200000000000001 30.200000000000003 27.400000000000002 35.2 11.200000000000001 25 22.200000000000003 25.400000000000002 39.400000000000006 0 47.800000000000004 14 7 0.4 0 0 0 0 0 14.8 0.6000000000000001 0.4 0 0 0 1 0.8 16.8 0 0 0 19.6 14.8 0.6000000000000001 0 0 0 0 0 0 1.2000000000000002 0 0 0 0 0 0 0.4 0 0.4 0 0.8 0.4 0.4 0.6000000000000001 0.6000000000000001 0.6000000000000001 0 0 0 0.6000000000000001 0.4 0 0 0 0.4 0.6000000000000001 0 0 0 0 1.4000000000000001 1.2000000000000002 0 0 4.6000000000000005 0 0 6.6000000000000005 0 2 2.6 5.800000000000001 3.4000000000000004 2.4000000000000004 2.2 0 3.4000000000000004 0.2 2.6 0.2 0 0 1.4000000000000001 2.8000000000000003 0 0 0 0 5.2 0 0.2 0 0 0 0 0 4.800000000000001 0 2.8000000000000003 0 2.6 0 0 0 0 0 0 0 0 0 0 0 0 0 0 0 0 0 0 0 0 0 0.4 0 0 0 0 0 0 0 0 0 0.2 0 0 0 0 0 0 0 0 0 2 0 4.4 8.200000000000001 2.8000000000000003 0 0 2 5.6000000000000005 2.2 0 0 0 0.2 1.4000000000000001 0 1.8 0 0 1.2000000000000002 4.6000000000000005 0.2 0 0.4 0 0 0 0 0 0.2 0 0 5.4 0 0 0 5.2 0 2.2 6.800000000000001 0 0 0 1.4000000000000001 3.4000000000000004 0 0 0 0 0 0 0 0 0 0 0 0 0 0 0 0 0.2 0 0 0 0 0 0 0 0 0.4 0 4 0.2 0.4 0 0 0 0 0 0 2 0 0 0.2 0 9.600000000000001 0 18 35 0 0.2 0 0 0 0 0 0 0 0 0 0 3.8000000000000003 0 0 0 0 0 0 0 0 0 0 0 0 1.2000000000000002 0.2 0 0 0 0 0 0 0 0 0 0 0 0 0 
 12.8 10 30.400000000000002 36 53 30.200000000000003 36.800000000000004 56.800000000000004 26 27.8 44.6 36.2 24.6 6 9.8 60.2 47.800000000000004 0 11.4 7.4 0.4 0 0 0 0 0.2 0 23.400000000000002 0 0.2 0.6000000000000001 0 14.8 0 0 0 0 0 31.8 0 0.4 0 0 0 0.2 0 0 0 0 0 0 0 0 0 0.4 0 0 0 0 0.4 1.6 10.600000000000001 0.6000000000000001 0.6000000000000001 2.4000000000000004 0 0 0.4 0.4 0 0 0 0.8 0.4 0 0 0 0 0 0 2.2 3.2 2.2 1.8 0.2 3 2.4000000000000004 3 5.4 3 0 2.2 2.2 2 2 2.2 3 2.8000000000000003 0 1.2000000000000002 0 1.4000000000000001 0 0 0 1 4 2.8000000000000003 0 0 0 0 0.6000000000000001 3.6 2.6 0 0 0 7.4 1.2000000000000002 0 0.4 0 0 0 0 0 0 0 0 0 0 0 0 0 0 0 0 0 0 0 0 0 0 0 0 0.2 0 0 0 0 0 0 0 0 0 0 0 0 0 0.4 0 0 0 4.800000000000001 0.4 2.4000000000000004 0 2.6 0 2.8000000000000003 3.8000000000000003 0 1.8 2.8000000000000003 0 5 3.2 0 0 0.2 0 0 0 0 0 0 0 0 0 0 0 2.4000000000000004 3 0 0 0 0 4.6000000000000005 3.8000000000000003 0 0 0 0 2.6 0 0 0 0 0 0 0 0.4 0 0 0 0.6000000000000001 5.6000000000000005 0 0 0 0 0 0 0.4 0 0 0 0 0 0 0 0 0 0 0 0 0 0 0 0 0 0 0 0 0.2 0.6000000000000001 0.2 0 9.4 0 3.4000000000000004 0 0 0 0 0 0 0 0 0 0 0 0 0 0 0 0 0 0.4 0 0 0 0 0 0 1.2000000000000002 0 0 0 0 0 0 0 0 0.4 0 0 0 0 
 27.8 30.400000000000002 4.4 38.800000000000004 16.8 8.4 11.8 15 26.400000000000002 17.8 51.2 3 33.4 91.4 35.800000000000004 54.6 14 11.4 0 57.400000000000006 0.6000000000000001 0 0 0 0 0 0 0.6000000000000001 0 0 0 0 0.2 0 0 0.2 40 1.4000000000000001 40 0 0.4 0 0 0 0 0 0 0 0 0 0 12.200000000000001 0 0 0.4 0 1 0 0 0.4 0.4 11.200000000000001 0.6000000000000001 0.6000000000000001 0 0 0 0.6000000000000001 0.6000000000000001 0 0 0 0.4 0.6000000000000001 0 0 0 0 0.6000000000000001 0 3.8000000000000003 1.2000000000000002 4.2 0 3 0 0.2 6 3.2 8.6 6.6000000000000005 0.6000000000000001 5.2 5.800000000000001 4.6000000000000005 0.4 1.8 0 3.6 2.6 0 0 0 0 0 0 0 0 0 0 0 0 0 0 0 0 0 0 0 0 0 0 0 0 0 0 0 0 0 0 0 0 0 0 0 0 0 0 0 0 0.4 0 1 0 0 0 0 0 0 0.8 0 2.8000000000000003 0 0 0 0 0 0 0 0 1.4000000000000001 0 2 2.8000000000000003 0 0 0 0 0 4.4 0 0 0.2 0 4 0 0 0 3.6 3.8000000000000003 0 0 0 0 0 0 0 0 0 0 0 0 0 0 0 0 2.8000000000000003 0 0 0 0 0 0 0 0 0 0 0.6000000000000001 0 0 0 0 0 0 1.8 0 0 0 0 0 0 0 0 0 0 0 0 0 0 0 0 0 0 0 0 0 0 0 0 0 0 0 0 0 0 0 0 0 0 17 0.2 2.2 0 0 0 0 0 0 0 0 0 0 0 0 0 0 0.2 0 0 0 0 0 0 0 0 3.6 0 1.8 0 0 0 0 0 0 0 0 0 0 0 0 
 51.400000000000006 23.200000000000003 7.4 29.6 12 8 44.400000000000006 45 16 17.6 13.200000000000001 4 35.800000000000004 58 39 12.8 7 7.4 57.400000000000006 0 0.4 0 0 0 0 0 0 0.6000000000000001 0 0 0 0 0 0 0.4 0.2 0 0 0 0 0.4 0 0 0 0 0 0 0 0 0 0 0 0 0 0.4 0 0.6000000000000001 0 0 0.4 0.4 0.6000000000000001 0.6000000000000001 0.6000000000000001 0 0 0 0.6000000000000001 0.4 0 0 0 0.4 0.6000000000000001 0 0 0 0 0.2 0 5.4 1.6 2.6 0.4 0 2.4000000000000004 4.4 8.6 9 0.4 0 2.8000000000000003 0.4 2.2 4.4 6.4 11.200000000000001 4 0.6000000000000001 1.4000000000000001 0 0 0 0.4 0 0.2 0 0 0 0.2 0 0 0 0 0 0.2 0.2 3 0 0 2.8000000000000003 0 0 0 0 0 0 0 0 0 0 0 0 0 0 0 0 0 0 0 0 0 0 0 0 0 0 0 0 0 0 0 0 0 0 0 0 2.6 0 0 2.4000000000000004 2 2 3.4000000000000004 0 0.4 2.4000000000000004 0 5.6000000000000005 2 2.4000000000000004 0 0 0 7.6000000000000005 0 2.6 0.2 0.4 0 0 0 0 0 0 0 0 0 0 0 0 0 0 0 0 0 0 0 1 0 0.6000000000000001 0 0 0 0 0 0 0 0.4 0 2.4000000000000004 0 0 0 0 0 9.8 0 0 0 0 0 0 0 0 0.2 0 0 0 0 0 0 0 0 0 0 0 0 0 0 0 0 0.2 0 0 0.4 0.6000000000000001 0 0 17.400000000000002 0.6000000000000001 2 3.2 0 0 0 0 0 0 0 0 0 0 0 0 0 0 0 0 0 0 0 0 0 0 0 0 0 0 0 0 0 0 0 0 0 0 0 0 0 
 0.8 0 0.6000000000000001 0.4 0.6000000000000001 15.4 0.8 0.4 0.4 0.4 1 30 0.4 0.4 0.4 0.4 0.4 0.4 0.6000000000000001 0.4 0 37 21.200000000000003 25.6 6.4 7.2 51 46.2 26.200000000000003 8 30.8 24 6.4 51.400000000000006 36.2 49.2 23.200000000000003 24.400000000000002 27.6 43.2 1 0 0.2 3.6 0 0 0 0 0 0 0 0 1.6 0.2 0 0.6000000000000001 0.2 0.2 0 1 0.4 0.4 0 0 0 0 0 0 0 0 1 0 0.6000000000000001 0 0 0.6000000000000001 0 0 1.2000000000000002 0 0 0 0.2 0 3.2 2.2 0 0 0 0.2 0 0 0 0.2 0 0 0 0 0 0 0 1.8 11.4 0 2.8000000000000003 8 1.6 2.6 9 2 2 3.2 2.2 6.800000000000001 6.4 0 0 3.2 3.2 4.800000000000001 0 0 0 0 0 0 0 0.2 0 0.2 0 0 0 0 0 0 2 0 3 0.4 0 0 0 0 0 0 0 0 0 0 0 0 0 0 0 0 0 0 0 0 0 0.4 0.4 0 4.800000000000001 2.4000000000000004 0 0 0 0 0 0 0 0 0.6000000000000001 0 0 0 0 0 0 4 4.6000000000000005 2.2 0.6000000000000001 2.2 9.200000000000001 2.2 5.2 3.6 3.4000000000000004 3.6 1.6 1.2000000000000002 7 3.8000000000000003 0 5.4 3.6 5 0 0 5.2 0 0 0 0 0 0 0 0 0 0 4.2 0 0 0 0 0 1.6 0 0 0 0 0 0 0 0 0 0 0 0 0 0 0 0 0 0 0 0 0 0 3.6 0 0 0 0 0 0 0 0 0 0 0 3.2 0 0 0 0.2 0.4 0.4 0 0 0 0 0 3.6 0 0 0 0 0 0 0 0 0 0 0 0 1.6 0 0 0 0 0 0 0 0 0 0 
 0.4 0.8 0 0 0.2 4.6000000000000005 0.6000000000000001 0 0 0.4 0.6000000000000001 0.4 0 0 0 0 0 0 0 0 37 0 95.4 50.800000000000004 6.6000000000000005 7.6000000000000005 16.8 70.2 41 10 12 44.6 11.600000000000001 27 45 24.400000000000002 136 53.6 52.6 24.200000000000003 0.6000000000000001 0 0.2 3.4000000000000004 0 0 0 0 0 0 0 0 1.6 0 0 0.6000000000000001 0.2 0.8 0 0.8 0 0.6000000000000001 0 0 0 0 0 0 0 1.2000000000000002 0.2 0 1 0 0 0 0.4 0 0 0.8 0 0.2 0 0 0 0 0 0 0 5.2 0 0 0 0 0 0 0 0 0 0 2.8000000000000003 4.2 5.800000000000001 2.2 4.4 9.8 0 4.4 6 0.2 4 6 12 2.6 0 5.6000000000000005 6 2.2 0 2.8000000000000003 0 0 0 0 0 0 2 0 0 0 0 0 3.8000000000000003 0 0 0 0 0 3.4000000000000004 0 0 0 0 0 0 0 0.2 0 0 0 0 0 0 0 0 0 0 0 1.4000000000000001 0 0 1.4000000000000001 0 0 1.6 0 0 0 0 0 0 0 0 0 0 0 0 0 0 0 9.200000000000001 5.2 6.800000000000001 0.2 0 0 1 2.6 4 0 8 2.8000000000000003 1.8 0 0.8 4.800000000000001 2 0 0.2 2.2 0 0 0 0 0 0 4.6000000000000005 0 0 0 0 0 0 3.4000000000000004 0 0 0 0 0 8.6 0 0 0.2 1.2000000000000002 0 0 0 5 0 0.2 0 0 0 0 0 0 0 0 0 0 0 0 1.4000000000000001 0 0 0 0 0 0.4 0 0 0 0 0 0.4 0 0 0.2 0.2 0 3 0 0 0 0 0 0 0 0 0 0 0 0 0 0 0 0 0 0 0 0 0 0 0 0 0 0 0 0 0 
 0 0 0 0 0 0 0 0 0 0.6000000000000001 0 0 0 0 0 0 0 0 0 0 21.200000000000003 95.4 0 31.8 14 40 47.2 63.800000000000004 13 49.2 24.400000000000002 6.6000000000000005 13.4 55.400000000000006 56.400000000000006 33 25.200000000000003 9.4 65.4 56.800000000000004 0.6000000000000001 0 0.2 0.6000000000000001 0 0 0 0 1.2000000000000002 7.800000000000001 0.4 0 0 0 0 0.6000000000000001 1.6 0 12.600000000000001 5.6000000000000005 0.4 1 0 0 6.4 0 0 2.6 0 0 1.8 0.2 0.6000000000000001 0.8 0 0 0 0 0 0 0 0 0 0 0 0 0 0 0 0 0 0 0 0 0 0 0 0 0 0 0.2 3 3.2 4.4 0 2.8000000000000003 0 0.2 0 1.6 9.8 2 0 0 8.6 2.2 0.2 4.2 0 2.4000000000000004 0 0 0 0 0 0 0 3 0 0 0 0 1.6 0 0 2.6 0 0 2 5.4 0 0 0 0 0 0 0 0.8 0 0 0 0 0 0 0 0 0 0.2 1 0 0 0 0 0 0 0 0 0 0 0.2 0.2 0 0 0 0 0 0 0.6000000000000001 2.2 0 7 4.6000000000000005 4 6.6000000000000005 13.8 3.4000000000000004 1.8 2.2 5.800000000000001 0.4 0 0 0 0 0 2.8000000000000003 2.8000000000000003 0 0.2 4 0 0.2 0 0 0 0 4 0 0 0 0 0 0 1.8 0 2.4000000000000004 0 0 10.200000000000001 3.8000000000000003 0 0 0.2 3.2 0 0 0 2.6 0 0 0 0 0 0 0 0 0 0 0 0 0 0 0.4 0 0 0.2 0 0 0 0 0 0 0 0 2.2 0.2 0.4 0.2 15.200000000000001 0 0.6000000000000001 0.4 0 0 0 0 0 0 0 0 0 0.2 0 0 0 0 0 0 0 0 0 4 0 0 0 0 0 0 0 0 
 0 0 0 0 0 15.600000000000001 0.4 2.2 0.4 0 0 0 0 0.4 0 0 0 0 0 0 25.6 50.800000000000004 31.8 0 36 17 152.20000000000002 22.400000000000002 23.8 65.2 24.6 29 17.2 37.6 10.4 14.600000000000001 31.400000000000002 27.400000000000002 14.8 12.200000000000001 0.6000000000000001 0 0.6000000000000001 0.6000000000000001 0.4 0.6000000000000001 0.2 0.4 0.4 0 0 0 0 0.2 0 1 0.2 0.2 12.600000000000001 0 1.2000000000000002 0.6000000000000001 0 0 0 0 0 0 11 0.2 0.4 0 0.6000000000000001 0 0 1 0 0 3 0 0 0 0 0 0 0 0 0 0 0 0 0 0 0 0 0 0 0.4 0 4.2 0.2 6 4.4 6 7.4 0 0 0 0.6000000000000001 2.6 5.800000000000001 0 0 1 12.600000000000001 2.4000000000000004 5.800000000000001 1.8 2 13.4 0 0 0 0 0 0 1.4000000000000001 1 0 0 0 0 1.6 6.800000000000001 0 0 0 0 7.6000000000000005 2.4000000000000004 0 0 0 0 0 0.4 0 3.8000000000000003 0 0 0 0 0 0 0.4 0 0 0 1.4000000000000001 0 0 2 0 0 0 0 0 0 0 1 0 0 0 0 0 0 0 0 1 0 4.6000000000000005 5.4 0 0 1.2000000000000002 3.6 3.6 3.4000000000000004 4 2.8000000000000003 3 3.6 0 0.4 4.2 0 2 0 0 2 0 2.4000000000000004 0 0.2 0 0 5.2 0 0 0 0 0 0 2.6 1.6 0 0 0.4 1.4000000000000001 2.8000000000000003 0 0 0 0 0 0 0.4 0 0 0 0 0 0 0 0 0 0 0 0 0 0 0 2.6 0 0 0 0 0 0 0 0 0 0 0 3 0 0.6000000000000001 15.200000000000001 16.2 0 4 0.4 0 0 0 0 3.4000000000000004 0 0 0 0 0 0 0 0 0 0 0 0 2.8000000000000003 3.4000000000000004 0 0 0 0 0 0 0 0 0 
 0 0 0 0 0 0 0 0 0 0 0 0 0 0 0 0 0 0 0 0 6.4 6.6000000000000005 14 36 0 13.200000000000001 8.8 13.200000000000001 12.200000000000001 32.4 41 27.6 12.200000000000001 29.6 11 26.400000000000002 26.400000000000002 23.6 55 12.600000000000001 11.8 0 0.4 0.6000000000000001 0 0 8.4 0 0 0 0 0 0 0 0 0.6000000000000001 0.2 0 8.8 12.4 0 0.6000000000000001 0 1 0 1.6 0 0 0 0 0.4 0 0.6000000000000001 0 0 0 0 0 0 0 0 0 0 0 0 0 0 0 0 0 2 0 0 0 0 0 0 0 0 0 2.2 0 0 5.800000000000001 0.4 8.6 0 0 2.8000000000000003 0 5 1.8 0 0 0 3 3.8000000000000003 0 0 0 0 0 5.2 0 0 0 5.2 0 2.6 0 0 0 9.200000000000001 2 9.8 0 2.4000000000000004 0 8.4 12.8 0 0 0 0 0 0 0 0 0 0 0 0 0 0 0 0 0 0 0 0 0 1 0 0 0 0 0 0 0 0.8 0 0 0 0 0 0 0 0 0.8 0 0 0 3.2 7.4 4.6000000000000005 0 0 1.6 2.2 14 5 6.4 0 0 0 0 0.2 5 0 0 0 6.4 0 0 0 0 2.2 0.2 0 0 0 0 7.800000000000001 0 1.2000000000000002 0 0.2 0 2 9 0 0 0 0 0 0 0 0 0 0 0 0 0 0 0 0 0 0 0 0 0 0 2.2 0 3 0 0 0 0 0 0 0 0 0 0.4 0 0.4 3.4000000000000004 30.400000000000002 0 2.2 0 0 0 0 0 0 0 0 0 0 0 0 0 0 0 0 0 0 0 0 2.2 0 0 0 1.8 0 0 0 0 
 0 0 3.8000000000000003 0 0 0 0.4 0 0 0 0.6000000000000001 42 0 0 0 0 0 0.2 0 0 7.2 7.6000000000000005 40 17 13.200000000000001 0 51.2 7 21 26.200000000000003 67.8 22 53.6 12.600000000000001 9.8 26.200000000000003 28.6 58.800000000000004 9 13.200000000000001 13.8 0 0 0.6000000000000001 0.4 0 1.4000000000000001 9 0 0 0 0 12.4 0.2 0 0.6000000000000001 0.2 0 25.400000000000002 12.4 0 0.4 0 0 0 0 0 0 0 0 0.6000000000000001 0 0.8 0 0 0 0 0 0 0 0 0.4 0 0 0 0 1 0 0 0 0 0.4 0 0 0 0 0.2 0 0 0 0 0 0 2.4000000000000004 1.6 6.4 0 0 0 0 2.2 9 0 0 0 0 0 1 0 0 1.4000000000000001 0 3.8000000000000003 0 0 0 0.4 3.6 2.4000000000000004 2.6 0 2.8000000000000003 5.6000000000000005 0 2 2.8000000000000003 0 0 0 0 0 0 0 0 0 2.2 0 0 0 0 0 0 0 0 0 0.8 1 0 0 0 0 0 0 0 0 0 0 0 0 0 0 0 0 0 0 0 0 0.8 0 0.4 0 0 3.6 0.2 4 3.8000000000000003 0 0 0.6000000000000001 0 0 0 0 0 0 1.8 0 2 0 0 0 3.4000000000000004 0 0 0 0 2.2 2.6 0 0 2.2 0 3 2.2 1.8 0 2 2 2 6.800000000000001 0 0 0 0 0 0 0 0 0 0 0 0 0.4 0 0 0 0 0 0.4 0 0 0 0 0 0 0 0 0 0 0 0 0 0 0 0.6000000000000001 0 0.2 15.200000000000001 0.2 0.2 0.8 1.2000000000000002 0 0 0 0 0 0 0 0 2.8000000000000003 0 0 0 0 0 0 0 0 0 0 0 0 0 0 0 3.4000000000000004 0 0 0 
 0 0 0 0.2 0 0.2 0.6000000000000001 0 0 0.2 15.200000000000001 0 0 0 0 0 14.8 0 0 0 51 16.8 47.2 152.20000000000002 8.8 51.2 0 124 44.2 14.8 4.800000000000001 91.4 27.8 32 57 5.800000000000001 9.600000000000001 23.200000000000003 22 11.4 0.4 0 0 0.6000000000000001 0 0 0 0 0 0 0 0 0 0 0 0.4 0.4 0 0 0 0.8 0.2 0 0 0 0 0 0 1 4 0.6000000000000001 0 0.6000000000000001 0 0 0.8 0 0 0.2 0.4 0 0 0 0 2.2 0 0 0 0 0 0 0.2 0 0 0 0 0 0 0 0 5 6.6000000000000005 8.8 1.8 1.8 0 3.2 0 7.4 3.4000000000000004 0 0 2.8000000000000003 11.4 12.200000000000001 0 4.4 0.2 6.2 1.2000000000000002 0 0 0 0 0 0 0 0 0 0.4 0 0.2 0 0 0 0 0 0 1.8 4 0 0.4 0 0 0 0 0 0 0 0 0 0 0 0 0 0 0 0 0.4 0 1.6 0 0 0 1.4000000000000001 4 0 0 0 0 0 3.6 0 0 1.4000000000000001 0 0 0 1.6 0 2.6 15.600000000000001 0 3.4000000000000004 0.4 0.4 2.8000000000000003 7.6000000000000005 10.600000000000001 0 3.8000000000000003 2.6 6.6000000000000005 12 2.8000000000000003 5 0 2.8000000000000003 0 4 0 0 0 0 0 0 0 0 0 0.4 0 0 0 0 4 0.4 0 0 0 0 0 0 0 0 0.2 0 0 0 0 0 0 0 0 0 0 0 0 0 4.4 0 0 0 0 0 0 0 0 0 0 0 0 0 0 0 1.4000000000000001 0 0.4 8.8 0 0.4 0 0 0 0 0 0 2.6 0 0 0 0 0 0 0 0 0 0 0 0 0.2 0 0 0 0 0 0 0 0 0 0 
 1.2000000000000002 0 0.6000000000000001 0.6000000000000001 0.6000000000000001 0.6000000000000001 1.2000000000000002 0.6000000000000001 0.6000000000000001 0.6000000000000001 8.4 30.8 0.6000000000000001 0.6000000000000001 0.6000000000000001 0.6000000000000001 0.6000000000000001 23.400000000000002 0.6000000000000001 0.6000000000000001 46.2 70.2 63.800000000000004 22.400000000000002 13.200000000000001 7 124 0 43 26.200000000000003 22.200000000000003 19 19.8 36.4 27.400000000000002 49.800000000000004 67.4 48 10 12.200000000000001 0.8 0 0.2 1.4000000000000001 0 0 0 0 0 0 0 0 3.6 0.2 0 0.6000000000000001 0.2 0 0 0.8 1.4000000000000001 0.6000000000000001 0 0 0 0 0 0 1.4000000000000001 0.2 0.4 0 0.6000000000000001 0 0 1.6 0 0 1.6 0 0 0 0 0 2.2 3.6 0 0 0 0 0 0 0 0.2 0 0 0 0 0 0 0.2 0.2 0.4 0 5 3 0.2 3.2 3.8000000000000003 3 5.2 3.8000000000000003 0 4.2 9.600000000000001 0 6.4 0 3.2 4 0 0 0 0 0 0 0 0.2 0 0.2 0 0 2.6 0 0 3.4000000000000004 0 0 5.4 0.6000000000000001 0 0 0 0 0 0 0 0 0 0 0 0 0 0 0 0 0 0 0 0 1 0.4 0 0 2.6 0 0 0 2.6 0 0 0 0 0 0.8 0 0 0 0 0 0.4 4.4 0 0 1.8 0 1.8 0 4.2 0 3.4000000000000004 3.8000000000000003 0 0.6000000000000001 2.8000000000000003 0 0 0 0 3.4000000000000004 0 4 0 0 0 0 0 0 0 0 0 0 0 2 0 0 0 0 0 2.2 0 0 0 0 0 0 0 0 0 0 0 0 0 0 0 0 0 0 0 0 0 5.2 2.4000000000000004 0 0 0 0 0 0 0 0 0 0 0 1.4000000000000001 0 0.4 15.600000000000001 15.600000000000001 0.4 0.6000000000000001 0 0 0 0 0 3.6 0 0 0 0 0 0 0 0 0 0 0 0 0 0 0 0 0 0 0 0 0 0 0 
 0.4 0 0 0 0 0 0.4 0 0 0 0 0 0 0 0 0 0.4 0 0 0 26.200000000000003 41 13 23.8 12.200000000000001 21 44.2 43 0 44.6 7.4 10.8 35.2 33.6 13.200000000000001 39.2 21.8 39.800000000000004 50.6 15.4 0.6000000000000001 0 0.2 0.6000000000000001 0 0 0 0.8 0 0 0 0.4 13.4 0.2 0 0.6000000000000001 0.4 0 12.8 0 1.2000000000000002 0.4 0 0 0 0 0 0 0.8 0 0.6000000000000001 0.2 0.6000000000000001 0 0 1.2000000000000002 0 0 0.8 0 0 0 0 0 0 0 0 0 0 0 0 0 0 0 4 0 0 0 0 0 0 0.2 3.6 4.800000000000001 8 6.4 0 0 6.6000000000000005 4.2 0.2 12 0.2 6.800000000000001 1.2000000000000002 0 0 8.8 3.2 0 0 0 0.2 0 0 0 0 0.2 0 0 0 0 6.2 0 0 0 0 0 0.8 4.2 0 0 0 0 0 0 0 0 0 0 3.8000000000000003 0 0 0 0 1 0 0 0 0 0 1.2000000000000002 0 0 0 0 0 0 0 0.2 0 2 0 0 0 0 0 0.4 0 0 1.6 0.2 2.4000000000000004 2.6 0 6.2 0.2 0.2 3.6 0 10 3 0.4 0 0 3.6 0 2.2 0 0 0 0 0.4 0 0 0 2 0 0 0 0.2 0 0 0 2.2 0 0 0 4 6 0 0 0 0 0 0 0 0 0 0 0 0 0 0 0 0 0 0 0 0 0 0 0 0 0 0 0 0 0 0 0 0 0 0 0.2 0 0.2 0.4 0 0 0.2 2.2 0 0 0 0 1.6 0 0 0 0 0 0 0 0 0 0 0 0 0 0 3.6 0 0 0 0 0 0 0 0 
 0 0 0 0 0 0 0 0 0 0 0.4 0 0 1.6 0 0 0 0.2 0 0 8 10 49.2 65.2 32.4 26.200000000000003 14.8 26.200000000000003 44.6 0 16.6 77.4 53.6 33.2 13.600000000000001 40.800000000000004 59.800000000000004 30.6 17.400000000000002 31.6 0.6000000000000001 0.4 0.8 2.2 0 0 0 0 17.2 0.2 0.4 0 0.6000000000000001 0 0 0.6000000000000001 0.6000000000000001 0 0.4 1 0.2 0.6000000000000001 0 0 0 9.8 0 0.4 10.200000000000001 0 0.4 0 0.6000000000000001 0.2 0 0.4 0 0.4 0 0 0 0 0 0 0 0 0 0 0 0 0 0 0 0 0 0 0 0 0 0 0 2 5.6000000000000005 2.6 7 3 0 4 0.2 2.8000000000000003 9.200000000000001 7.4 3.6 0 1.8 2 0.4 9.8 0 0.6000000000000001 0 0 0 0 0 0 4 0 1.8 0 0.4 0 7 0 0 0 0 0 0.4 1.8 0 0 0 0 0 0.2 0 1.2000000000000002 0 0 0 0 0 0 0.2 0 0 0 0.8 0 0 1 0.6000000000000001 0 0 0 0 0 0 0 2.6 1.6 0 0 0 0 0 0 0 0 8.6 0 3.6 0.2 0.6000000000000001 1 3.8000000000000003 5.6000000000000005 2.6 0.2 2 3.2 0.2 0 2.2 3 3 4.4 0 2 0 2 0 0.4 0 0 2.4000000000000004 0 0 0 0 0 0.2 0.2 4 0 0 0.2 0 7.2 0 0 0 0 0 0 0.2 0 0 0 0 0.2 0 0 0 0 0 0 0 0 0 0 2.4000000000000004 0 0 0 0 0 0 0 0 0 0 0.2 1.4000000000000001 0 0 11 14.600000000000001 0.4 0 0.4 0 0 0 0 0 0 0 0 0 0 0 0 0 0 0 0 0 0 0 0 0 0 0 0 4.800000000000001 0 0 0 
 0 0.4 0 0 8 0 0.6000000000000001 0 0 0.4 0 0 0 0 0 0 0 0.6000000000000001 0 0 30.8 12 24.400000000000002 24.6 41 67.8 4.800000000000001 22.200000000000003 7.4 16.6 0 36.4 6.800000000000001 33.800000000000004 10 20.8 46.800000000000004 38.400000000000006 10.200000000000001 14.4 0.6000000000000001 0 0 1.6 0 0 17.6 6.2 0 0 0 0 17.2 0 0 0.6000000000000001 0.2 0 30.6 1.2000000000000002 0 0.4 0 0 0 0 0 0.8 0 0 3.2 9.4 1.2000000000000002 0.6000000000000001 0 0 0 0 1.2000000000000002 0 0 0 0 0 0 0 0 0 4 0 0 0 0 0 0 0 2 0 0 0 0 0 2.8000000000000003 0.2 3.4000000000000004 5.800000000000001 0 1.8 2.8000000000000003 1.6 7.2 7.4 0 1.8 0 7 1.8 3.2 0 0 0.4 0 0 0.2 0 0 0 0 0 0 0 0 0 0 2.6 0 0 0 4.2 6 0.4 0 0 0 2.8000000000000003 0 0 0 0 0 0.4 0 0 0 0 2.2 1.2000000000000002 0 0 0 0 0.4 0 0 0.2 0.4 0 0 0 1.4000000000000001 0 0 0 0 0 0 0 0 1.4000000000000001 0 0 0 1.6 4.6000000000000005 4.4 9 11 0 1.6 1.6 6.800000000000001 3.4000000000000004 0 0 0 2.4000000000000004 0 0 0 0 0.4 0 3.8000000000000003 0 0 0.4 2.4000000000000004 0.4 0 0 3.2 0 0 5 1.8 0 0.2 0 7.2 6.2 0.2 0 0 0.4 0 1.2000000000000002 0 0 0 0 0 0 0 0 0 0 0 0.2 0 0 0 0 0 0 0 0 0 0 0 0 0 0 0 0 2 0 0.2 0 15.600000000000001 0.2 3.6 5.4 0 0 0 0 0 0 0 0 0 0 0 0 0 0 0 0.4 0 0 0 0 0 0 0 2.6 0 0 0 0 
 0.6000000000000001 0.8 0.4 0 0 0.2 0 0 0 0.2 0.6000000000000001 0 0.4 0 0 0 0 0 0 0 24 44.6 6.6000000000000005 29 27.6 22 91.4 19 10.8 77.4 36.4 0 47.6 9.600000000000001 9.8 16.2 63.800000000000004 35.4 14.600000000000001 7.6000000000000005 0.4 0 0 1 0 1 48.6 0.6000000000000001 0 0.6000000000000001 0 0 13.4 0 0 0.4 0.2 0 19.400000000000002 0.8 0 0.2 0 0 0 0.6000000000000001 0 0.6000000000000001 0.4 0 1.6 0 0.6000000000000001 1.4000000000000001 0.4 0 0.2 0 8.8 0 2.2 0 0 0 0 0 0.2 0 0 0 0 0 0.2 0 0 0 0 0 0 0 0 0 0 4.2 15.600000000000001 0 0.4 2 2.8000000000000003 5.6000000000000005 2.8000000000000003 4.2 0 0.2 0.2 2.6 2.6 4.6000000000000005 0 0 0 0 3.8000000000000003 0 0 0 0 0 0 0 0 0 5.2 0 9 0 0 0 0 7.800000000000001 0 0 0 0 0 0 0 0 0 0 0 0 0 0 0 2.8000000000000003 0 0 0 0 0 1.4000000000000001 0 0 0 0 0 0 0 0 2 0.2 0 0 0 0 0 0 0 0 3.8000000000000003 0 1.2000000000000002 8.6 10 4 1.6 0.4 3 0 4.4 5 0 0 0 6.800000000000001 0 1.8 0 0 0 2.2 1.4000000000000001 0 0 0 2.8000000000000003 0 0 0 0 0 0 0.2 5 0.2 0 0 2.6 5.2 0 0 0 0 0 0 0 0 0 0 0 0 0 0 0 0 0.2 0 0 0 0 0 2.4000000000000004 0 0 0 0 0 0 0 0 0.2 0 0 1 0.4 0.4 0.2 2.6 0.8 0.4 2 0 0 0 0 0 0 0 0 0 0 0 0 0 0 0 0 0 0 0 0 0 0 0 2.2 0 0 0 0.4 
