 0 38 25.8 53.800000000000004 6.6000000000000005 6.4 52.400000000000006 23 7.2 19 27.6 9.600000000000001 50.400000000000006 27.400000000000002 47 39 9.4 10 9.4 10.200000000000001 0.2 0 0.4 0.6000000000000001 0 0.6000000000000001 0.4 0 0 2 0.8 0.6000000000000001 1.4000000000000001 15.200000000000001 1 0.6000000000000001 0 0.4 0 0 0.4 0 0 0.4 1.2000000000000002 1 0 0.6000000000000001 0.4 2.4000000000000004 2.4000000000000004 1 0.8 0 0.6000000000000001 0.6000000000000001 0.2 7.4 1 0.6000000000000001 0 0 0.4 0 0 1.2000000000000002 0.6000000000000001 0.4 0 8.8 2.2 0 0 0.6000000000000001 9.4 0.2 0 0 0 0 2.8000000000000003 6.2 3.6 0 0.4 3.8000000000000003 3.2 7.6000000000000005 0 0.2 0.2 8 9.4 0 1.4000000000000001 6 3.8000000000000003 0 5.2 3.2 0.2 0 0 0 0 0 0 0 0 0 0 0 0 0 0 0 0 0 0 0 0 0 0 0 0 0 0 0 0 0 0 0 0 0 0 0 0 0.6000000000000001 0 0 0 0 0 0 0 0 0 0 0 0 0 0 0 0 0 0 2.2 0 1.8 0 4.4 3.2 0 0 0 0 7.800000000000001 4.2 0.8 0 0 0 1.8 0 6.2 2.8000000000000003 1.4000000000000001 3.6 4.6000000000000005 3.8000000000000003 0 0 0 0 0 0 0 0.4 0 0 0 0 0 0 0 0 0 0 0.4 2.4000000000000004 0 0 0 0 0 0 0 0 0 0 0 0 0 0 0 0 0 0 0 0 0 0 0 0 3.4000000000000004 0 0 0 0 0 0 0 0 0 0 0 0 0 0 0 0 0 0 0 0 0 0.2 0 0 0 0 1 0 0 0 0 0 0 0 0 0 0 0 0 0 0 0 0 0 0 0 0 0 0 0 0 0 0.2 0 0 0 0 0 0 0 0 0 0 0 0 
 38 0 59.2 55.400000000000006 7 16.6 47.400000000000006 29.400000000000002 102 26.8 14 9.200000000000001 14.8 13.8 72 14.8 69 36.2 62.2 11.8 0 0 41.2 0 0.4 0 14.8 0 0 0.6000000000000001 0.4 1 12.4 0.2 0.2 0 0 0.2 16 0.6000000000000001 0 0 0 0.4 0.2 0 0 0 0 0 1 0.6000000000000001 0.4 0 0 0 0.4 0 0 0 0 0 0 0 0 0 0.8 0.4 0 0 0.4 0 0 0.6000000000000001 0 0 0 0 0 0 2.8000000000000003 4.4 0 5 0 1.6 3.8000000000000003 1.6 11.4 0 4 0 4.2 0.8 3 6.2 5 7.4 1.8 0 0 0 0.4 0 0 0 0 0 0 0 0 0 0 0 0 2 0 0 2.6 0 0 0 3.4000000000000004 0 2.2 0 0 0 0 0 0.2 0 0 0 0 0 0 0 0 0 0 3 0 0 0 0 0 0 0 0 0 0 0 0 0 0 0 0.4 0 0 9.4 0 1.8 8.200000000000001 3.6 0 4.6000000000000005 0 1.8 0 4.4 2.6 8.8 12 0 5 7.800000000000001 0 2.8000000000000003 0 0.4 0 0 0 0 0 0 1.2000000000000002 0 0 0 0 2.4000000000000004 3.2 0 0 0 0.4 3.4000000000000004 7 0 0 0 0 0 0 0 0 0 0 0 0 0 0 0 0 0 0 0 0 0 0 0 0 0 0 0.4 0.2 0 0.4 0 0 0 0 0 0 1.6 0 0.4 0 0 1.8 0 0 0 0.4 0.6000000000000001 0.4 0.8 0.4 3.8000000000000003 0.8 0 0 0 0 0 0 0 0 0 0 0 0 0 0 0 0 0 0 0 0 0 0 0 0 0.2 2 0 0 0 0 0 0 0 0 0 0 0 0 
 25.8 59.2 0 48.6 44.400000000000006 8.4 10.600000000000001 16.400000000000002 25.8 14 71.60000000000001 6.800000000000001 56.2 11 7 13.200000000000001 42.6 34.4 5.800000000000001 8.6 0.2 0 0.6000000000000001 0 0 0.6000000000000001 5 0 0.6000000000000001 0.6000000000000001 0 0.6000000000000001 15.200000000000001 0 0 0 0 0 29.6 31.400000000000002 0 0 0 0.4 0 0 0 0 0 0 0.6000000000000001 0.2 0.6000000000000001 0 0 0 0 0 0 0 0 0 0 0 0 0 3.8000000000000003 0.4 0 0 0.6000000000000001 0 0 0.6000000000000001 0 0 0 0 0 0.4 0 3.6 0 7.2 2.4000000000000004 5.800000000000001 0 0 0.6000000000000001 8.200000000000001 3.2 0 0 0 0 2.8000000000000003 5.800000000000001 0.2 3.6 0 0 0.4 0 0 0 0 2 0.4 0 0 0 0.4 0 0 0.2 1 0 0 2.6 0 0 0 0 0 0 0 0 0 0 0 0 0 0 0 0 0 0 0 0 0 0 0.2 0 0 0 0 0 0.4 0 0 0 0 0.4 0 0 0 0 0 0 0 2.2 0.4 0.2 6.6000000000000005 0 0 0 0 0 3.8000000000000003 0.6000000000000001 5.4 0 0 0 0 5 2.8000000000000003 0 0.2 0 0 0 0 0 0 0 0 0 0 0 0 5.800000000000001 6.800000000000001 0 0 0 0 6.4 5 0 0 0 0 0 0 0 0 0 0 0 0 0 3.4000000000000004 0 2.4000000000000004 0 0 0 0 0 0 0 0 1.8 0 0 0 0 0.2 0 0 0 0 0 0 0 0 0 0 0 0 0 0 0 0.4 17.400000000000002 0 3.8000000000000003 0.2 0.6000000000000001 1.2000000000000002 0 0 0 0 0 0 0 0 0 0 1.8 0 0 0 0 0 0 0 0 0 0 0 0 0.2 4 0 0 0 0 0 0 0 0 0 0 0 0 0 
 53.800000000000004 55.400000000000006 48.6 0 70.4 5.6000000000000005 17.2 14.600000000000001 30.8 72.60000000000001 54.2 18.8 14.600000000000001 104.4 33.6 45.400000000000006 31.400000000000002 77.2 15 14.600000000000001 0 0 0 0.2 1.2000000000000002 0 7.2 0 0 0.6000000000000001 0 1 14.4 0.6000000000000001 15 0 0 0 39 14.8 0 0 0 0.4 0 0 0 0 1.2000000000000002 0 1.2000000000000002 0.6000000000000001 0.6000000000000001 0 0 0 0 0 1.2000000000000002 0 0 0 0.8 0 0 0 0.6000000000000001 0.4 0 0 0.6000000000000001 0 0 0.6000000000000001 0 0.6000000000000001 0 0 1.2000000000000002 0.4 0 3 5.800000000000001 9 2 0.2 0 5.2 6.2 0.6000000000000001 9.8 0 0 1.4000000000000001 0 1.2000000000000002 0 0.4 0 3.2 6 0 0 0 0 0 0 3.6 0 0 0 0 0.2 0 2.8000000000000003 2.2 0 0 3 0 0.2 0 0.2 0 0 0 0 0 0 0 0 0 0 0 0 0 0 0 0 0 0 0.8 0 0 0 0 2.4000000000000004 1.2000000000000002 0 0 0 0 0 0.8 0 0 0 0 0 0 1.4000000000000001 3.6 5.6000000000000005 3.6 10 4.2 0 4.800000000000001 2.2 4.4 4.800000000000001 2 0 0 3.6 0 3.6 2 0 2.2 0 0.2 0 2 0 0 2.8000000000000003 0 0 0 0 0 1 5.2 5.2 0 0 0 5 6 0 0 0 0 0 0 0 0.4 0 0 0 2.8000000000000003 0 0 0 0 0 0 0 0 0 0 0.4 0 0.2 0 0 0 0 0 0 0 0 0 0.4 0 0 0 0 0 0 3 0 0 0 0.4 0.6000000000000001 0 0.6000000000000001 24 0.2 1.6 0.4 0 0 0 0 0 0 0 0.4 0 0 0 0 0 0 0 0 0 0 0 0 0 0 2 3.4000000000000004 0 0 0 0 0 0 0 0 0 0 0 0 0 
 6.6000000000000005 7 44.400000000000006 70.4 0 20.200000000000003 12.600000000000001 9.8 49 49.6 68 19.400000000000002 12 12.4 34 14.200000000000001 21.8 29.6 12 15.4 5 0 0 0 0 0 30.200000000000003 0 0 0.6000000000000001 0 0.6000000000000001 0.2 0 0.2 0 0.2 0 49.800000000000004 8 0 0 0 0.4 0 0 0 0 0 0 0.6000000000000001 0.6000000000000001 0.6000000000000001 0 0 0 0.4 0 0 0 0 0 0 0 0 0 0.6000000000000001 0.4 0 0 0.6000000000000001 0 0 0.6000000000000001 0 0 0 0 0 0.2 0.2 0 9.600000000000001 7.800000000000001 4.6000000000000005 1.8 0 0 2.2 5.2 0.4 5.4 0 0.4 0 0 0 0 0 0 1.8 2.8000000000000003 1.6 0 0 0 0.4 6.800000000000001 0 0.4 0 0 2.2 0.2 2.6 2 0.2 0 8 2.6 0 0 0 0 0 0 0 0 0 0 0 0 0 0 0 0 0 0 0.4 0 0 1.2000000000000002 0 0 0 0 0.2 0.8 0 0 0 0 0 1.2000000000000002 0 0 0 0 0 0 0 0 2.2 6.2 17.2 0.4 0 0 0 1.8 3.8000000000000003 3.2 0 0 0 0 2.2 0 0 0 0 0 2 2.8000000000000003 0 0 15.8 0 2.8000000000000003 0 0.2 0 0.4 20.200000000000003 2.6 4.6000000000000005 0 1.4000000000000001 6.800000000000001 4.800000000000001 0 0 0 0 0 0 0 0 0 0 0 0 0 1.8 0 0 0 0 0 0 1.6 0 0 0 0 0 0 0 0 0 0 0 0 0 0 0 0 0 0 0 0 0 0 0 0 0.2 18.2 0 17.2 18.400000000000002 0 1.6 0 0.4 0 0 0 0.4 0 0 0 0 1.8 0 0 0 0 0 0 0 0 0 0 0 0 2 2 0 0 0 0 0 0 0 0 0 0 0 0 0 
 6.4 16.6 8.4 5.6000000000000005 20.200000000000003 0 48.400000000000006 63.800000000000004 12.4 6.800000000000001 46.400000000000006 37.800000000000004 15 53.800000000000004 11.4 15 20.6 10.600000000000001 54.800000000000004 9.600000000000001 29.8 21 3.4000000000000004 15 0.4 0.2 0.2 0 15.600000000000001 1 0 1 0 30.200000000000003 15.200000000000001 35.4 15.8 4.4 0.4 0.6000000000000001 0 0 0 0.4 0.6000000000000001 1.2000000000000002 0 0 0.4 0 1.4000000000000001 0.6000000000000001 0.6000000000000001 0 0.8 0 0 0.4 0.8 0 0 0 0.8 0 0 0.8 0.6000000000000001 0.6000000000000001 0 0 1.4000000000000001 0 0 0.6000000000000001 0 0 0 0 0 0.2 0 5.800000000000001 4 0 4 1.8 0 3.8000000000000003 0 0 0 3.6 4.4 0 0 0 0 0 0 0 5.800000000000001 4.6000000000000005 0 0 0 0 10.4 2 0 1.6 0 1 6.6000000000000005 2.8000000000000003 0 0 5.800000000000001 0 6.2 1.2000000000000002 0 0 0 0 0 0 0 0 0.4 0 3 0 0 0 0 0 0 0 0 0 0 0 0 0 0 4.6000000000000005 0 0 0.2 0 0 0 0 0.2 0 0 0 0.4 0 0 0 0 2 0 3 0 0 0.2 4.2 0 0 0 0 0 2 0 0 0 0 3.4000000000000004 5.2 0.4 8 4.6000000000000005 0 0.4 0.4 3.6 0.2 5.6000000000000005 2.4000000000000004 1.6 0.2 5.2 3.4000000000000004 4.6000000000000005 11.4 4.2 2.8000000000000003 2.4000000000000004 0 0 0 0 0 0 0 0 0 0 0 0 0 1.8 0 0 0.2 0 0 0 0 0 0 0 0 0.4 0.2 0 0 0 0 0.2 0 0 3.6 0 0 0 0 0 0 0 0 0 0 0.8 2.4000000000000004 0 2 0.2 0 1.8 0 0 0.4 0 0 0 30.6 0 0 0 0 0 0 0 0 0 0 0 0 0 0 0 0 0 0 0 0 0 0 0 0 0 0 0 0 0 0 0 
 52.400000000000006 47.400000000000006 10.600000000000001 17.2 12.600000000000001 48.400000000000006 0 21.8 35.6 7.800000000000001 6.800000000000001 47.800000000000004 78.4 14.8 8.200000000000001 9.600000000000001 41.2 5.4 55.2 9.200000000000001 0 0 0 0 0 0 0 0 0 0.6000000000000001 0 0.6000000000000001 0 0.4 0.2 0 0 0.6000000000000001 0 0 0 0 0 0.4 0.2 0 0 0 0 0 1.4000000000000001 0.4 0.6000000000000001 0 0 0.2 0.2 0 0 0.2 0 0 0 0 0 0 0.6000000000000001 0.4 0 0 0.6000000000000001 0 0 0.6000000000000001 0 0 0 0 0 0 9.600000000000001 7.800000000000001 4 0 0 0 4.4 1.4000000000000001 6.800000000000001 0 0 1.4000000000000001 2.2 3 2.6 1.8 4.800000000000001 5 8.200000000000001 0 0 0 3.6 0 0 0 0 0 0 0 0.4 0.4 0 0 0 0 4.6000000000000005 0 0 0 0 0.4 0 1 0.4 0 0 0 0 0 0 0 0 0 0 0 0 0 2 0 0 0 0 0 0 0 0 0 0 0 2 0 0 0 0 0 0 0 0 0 4.2 0 0 0 2.8000000000000003 0 3 0 7 0 2.2 0 0 12.8 3.4000000000000004 0.6000000000000001 0 0 2.8000000000000003 3.6 0 0 0 0 0 0 0 0 0.2 0 0 0 0 0 0 0 0 0 0 0 0 0 0 0 0 0.4 5 0 0 0 0 0 0 0 0 0 0 0 0.4 0 4 0 0 0 0 0 0 0 0 0 0 0 0 0.2 2.8000000000000003 0 0 0 0 0 0 1.4000000000000001 0 0 0 0.2 0 0 0.6000000000000001 0 0.4 1.6 0 0 0 0 0 0 0 0 0 0 0 0 0 0 0 0 0 0.2 0 0 0 0 0 0 2.2 0 0 0 0 0 0 0 0 0 0 0 0 0 
 23 29.400000000000002 16.400000000000002 14.600000000000001 9.8 63.800000000000004 21.8 0 34.800000000000004 6.6000000000000005 11.4 23 43.400000000000006 104.80000000000001 29.8 25 68.4 28.400000000000002 8.200000000000001 50.2 0 0 1 0 0 0 0 0.2 0 0.4 0 1 0 0 0.2 0 0 0 0 0.2 0 0 0 0.4 0.2 0.6000000000000001 0 0 0 0 1 0.6000000000000001 0.4 0 0.4 0 0.4 0 0.4 0 0 0 11.4 0 0 0.4 0.6000000000000001 0.4 0 0 1 0 0 0.6000000000000001 0 0 0 0 0 0 0 4.6000000000000005 3.8000000000000003 2.2 7.2 1.8 0 6.4 3.2 4 5.6000000000000005 10.200000000000001 0 1.6 6.4 2 0 0.8 4.800000000000001 4.2 0 0 0 0 0 0 0 0 0 0 0 0 5.2 0 0 0 4.800000000000001 0 2.8000000000000003 0 0 0 0 0 0 0 0 0 0 0 0 0 1.8 0 0 0 0 0 0 0 0 0 0 0 0 0 0 0 0 0 0 0 0 0 0 0 0 0 0.4 0 3.6 3.6 9.4 0 0 0 3.8000000000000003 8.6 4.6000000000000005 2.2 0 3.2 0 0 0.8 4.2 7.6000000000000005 0 3.8000000000000003 0 0 0 0 0 0 0 0 1.8 0 0 0 0 4 0 0.2 0 0 0 0 2.8000000000000003 0 0 0 0 0 0 0 0 0.2 0 0 0.6000000000000001 0 0 0 0 0 0 0 0 0 0 0 0 0 0 0 0 0 0 0.2 0 0 0 0 0 0 0 0 0 0 0 0 0 0 0 17.2 0 0 19.8 2.2 2 1.8 0 0 0 0 0 0 0 0 0 0 0 0 0 0 0 0 0 0 0 0 0 0 2.4000000000000004 0 0 0 0 0 0 0 0 0 0 0 0 0 0 
 7.2 102 25.8 30.8 49 12.4 35.6 34.800000000000004 0 16.8 27 4.6000000000000005 38 38.2 63 11.600000000000001 42.800000000000004 27.6 16 23.200000000000003 0 0 0 0 0 0 7 0 0 0.6000000000000001 0 0.6000000000000001 14.600000000000001 0 0.6000000000000001 0 0 0.2 25 29.6 0 1.4000000000000001 0 0.4 0.6000000000000001 0 12.600000000000001 0 0 0 1.4000000000000001 1.2000000000000002 0.6000000000000001 0 0 0 0 0 0 0 0 0 0 0 0 0 1 0.4 0 0 0.6000000000000001 0 0 0.6000000000000001 0 0 0 0 0 0 4.6000000000000005 6.800000000000001 0 8.6 5.4 0 5 1.8 2.4000000000000004 0 1.8 2.6 2.4000000000000004 3.2 7.4 6.6000000000000005 3 2.8000000000000003 0 0 0 0 0 0 1.2000000000000002 0 0 0.2 0 0 0 3 1.6 0 0 1.2000000000000002 0 0 4.6000000000000005 0 0 0 0 0 0 0 0 0 0 0 0 0 0 0 0 0 0 0 0 0 0 0 0 0 0 0 0 0 0 0 0 0 0 0 0 0 0 0 0 0 2.6 0 0 7.2 4 0 11.8 0.4 1.4000000000000001 5.6000000000000005 2.2 2.6 0 0.8 0 3.2 2.8000000000000003 1.4000000000000001 4.4 0 0 0 0 0 0 0 0.4 0 0 0 0 0 2.8000000000000003 0.6000000000000001 0 0.4 0 0 3.8000000000000003 3.2 0 0 0 0 0 0 0 0 0 0.4 0 0 0 0 0 0 0 0 0 0 0 0 0 0 0 0 0 0 0 0 0 0 0 0 0 0 0 0 0 0 0 2.4000000000000004 0 0 0 0 0 0 0.2 0.4 0.4 1.6 1.2000000000000002 0 0 0 0 0 0 0 0 0 0 0 0 0 0 0 0 0 0 0 0 0 0 2.4000000000000004 12 0 0 0 0 0 0 0 0 0.4 0 0 0 0 
 19 26.8 14 72.60000000000001 49.6 6.800000000000001 7.800000000000001 6.6000000000000005 16.8 0 16 24.8 25.6 16 19.6 64.8 50.2 26.8 14.600000000000001 21.400000000000002 0 0.6000000000000001 0.4 1.4000000000000001 0.2 0 15.200000000000001 0 0 0.6000000000000001 0.4 1 15 1 1 0 0 1.6 19.8 14.8 0 0 0 0.4 0 1.8 0.6000000000000001 1.2000000000000002 0 0.6000000000000001 1.8 0.4 0.6000000000000001 0.8 14.600000000000001 0.6000000000000001 0 0 1 0 0 0 1.2000000000000002 0 0 2 0.6000000000000001 0.4 0 0 12.8 3.8000000000000003 0 0.6000000000000001 0 1.8 1 0 0 0 0 0 2.2 1.6 2 0 0 3.8000000000000003 1 2 5.4 0 0 1.6 0 2 0 2.2 0.2 1.8 2.6 0 0 0 0 0 3.2 0 0 0 0 0 0 0 3.4000000000000004 1.2000000000000002 0 0 0 0 1.4000000000000001 0 0 0 0 0 0 0 0 0 0 0 0 0 0 0 0 0 0 0 0 3 0 0 0 0 0 1.4000000000000001 0 0 0 0 0 0.8 0 0 0 0 0 0 2.4000000000000004 2.8000000000000003 5.2 0 5 4.800000000000001 0 0.2 2.4000000000000004 2.4000000000000004 4.2 2 0 0 2.8000000000000003 0 2 2 0 3.2 0 0 0 0 0 0 4 0 2.6 0 0 0 0 2.8000000000000003 2 0 0 0 4.6000000000000005 4 8 0 0 0 0 0 2.4000000000000004 0 0 0 0 0 0 0 0 0 0 0 0 0 0 0 0.2 0 0 0 0 3.2 0 0 0 0 0 0 0 0 3.8000000000000003 0 0 0 0 2.8000000000000003 0 0 0 0 0 0 0.6000000000000001 0.8 0 1.6 0 0 0 0 0 0 0 0 0.2 0 0 0 0 0.2 0 0 0 0 0 0 0 0 0 4 0 0 0 0 0 0 0 0 0 0 0 0 0 0 
 27.6 14 71.60000000000001 54.2 68 46.400000000000006 6.800000000000001 11.4 27 16 0 53.6 10.600000000000001 39.800000000000004 35.4 93.80000000000001 22 47 7.2 13 30.6 0 0 0 0 0 16.8 0 0 0.6000000000000001 0 0.6000000000000001 0 0 15 0 0 0.6000000000000001 16.6 29.200000000000003 0 0 0 0.4 0 0 0 0 0.4 0 0.6000000000000001 0.6000000000000001 0.6000000000000001 0 0 0 0 0 0 0 0 0 0 4.800000000000001 0 0 0.6000000000000001 0.4 0 0.2 0.6000000000000001 0 0 0.6000000000000001 0 0 0 0 0 0 0 2 0.4 4.2 9.8 5.6000000000000005 0 3.6 0 0 0 11.4 0 0 3.8000000000000003 2 0 0 0.4 3.6 0 0 2.4000000000000004 0 0 0 0 5.800000000000001 0 0 0 0 9.600000000000001 3.4000000000000004 0 0 0.2 0 4.6000000000000005 2.8000000000000003 0 0 0 0 0 0 0 0 0 0 0 0 0.4 0 0 0 0 0 0.4 0 0 0 0 0 0 0 0 0 0 0 0 0 0 0 0 0 0 0 0 0 2.8000000000000003 3.6 0 0.2 3.6 0 3.4000000000000004 9 4 5.800000000000001 2.4000000000000004 0 0 0 0.4 1.8 3.4000000000000004 0.2 0 0 0 0 0 0 0 0 5.6000000000000005 0.4 0 0 0 0 7.4 5 0.2 6.4 0 0 0.4 0 0 0 0 0 0 0 0 0 0 0 0 0 0 0 0 0 0 0 0 0 0 0.4 0 0 0 0 0 0 0 0 0 0 0 0 0 0 0 0 0 0 0 0 0 0 0.4 0.4 21 0 1.6 29 0 2.6 1.8 0 0 0 0 0 0 0 0 0 0.8 0 0 0 0 0 0 0 0 0 0 0 0 2.4000000000000004 4 0 0 0 0 0 0 0 0 0 0 0 0 0 
 9.600000000000001 9.200000000000001 6.800000000000001 18.8 19.400000000000002 37.800000000000004 47.800000000000004 23 4.6000000000000005 24.8 53.6 0 6.6000000000000005 7.4 6.4 24.400000000000002 51.400000000000006 17 12.4 50.2 7.2 44.400000000000006 0.8 1.2000000000000002 0.4 0 17.6 22 0.4 0.6000000000000001 0.4 2.6 1 15 6.800000000000001 1.6 0 0.2 14.600000000000001 15.600000000000001 0 0 12.4 0.4 0 19.8 0 1.2000000000000002 0 0.8 0.8 0.6000000000000001 0.6000000000000001 0 0 1.2000000000000002 0.4 0 0 0 0 0 0 0 0 1.2000000000000002 0.8 0.4 0 0 1.8 1 0 0.6000000000000001 0 0 0 0 0 1.6 0 0 0 0 3.2 3.4000000000000004 0 1.2000000000000002 0.6000000000000001 1.2000000000000002 6.4 2.6 0.4 0 0 0 0 0 0 0 4.6000000000000005 8.6 0 0 0 0 5 5.800000000000001 0 2 0 13.200000000000001 2.8000000000000003 3 0 0 3.8000000000000003 0 5 4.2 0 0 0 0 0 0 0 0 0 0.2 0 0 0 0 0 0 0 0 0 0 0 0 0 0 0 0 0 1 0 0.4 0 0 0 1 1 0 0 0 0 0 1.2000000000000002 0 2.4000000000000004 0.4 15 5.800000000000001 0 0 0 4.4 4 0.8 0.4 0 3.2 0 0 2.2 0 0 0.4 2.4000000000000004 2.6 0 0 0 6.800000000000001 0 1 0 2.2 0 3.4000000000000004 5.800000000000001 2.8000000000000003 5.800000000000001 0 4.2 6.800000000000001 2.4000000000000004 0 0 0 0 0 0 0 0 0 0 0 1.4000000000000001 0 4.800000000000001 0 0 0 0 0 0 0 0 0 0 3.8000000000000003 0 0 0.2 0 0 0 0 0 0 0 0 0 0 0 0 0 2 0 0 0 0.6000000000000001 1.2000000000000002 0 18 17.6 0 2.2 0 0 0 0 0.4 0 0.4 0 0 0 0 0 0 0 0 0.2 0 0 0 0 0 0 0 0 0 0 0 0 0 0 0 0 0 0 0 0 0 0 
 50.400000000000006 14.8 56.2 14.600000000000001 12 15 78.4 43.400000000000006 38 25.6 10.600000000000001 6.6000000000000005 0 18.6 45.2 25.200000000000003 54.800000000000004 25.6 13.200000000000001 52.2 4.4 0 0 0 0 0 0.8 0 0 1 0 0.6000000000000001 0 0.4 15.4 0 0 0.2 0.2 0 0 0 0 0.4 1.4000000000000001 0 0 12.600000000000001 0 12.600000000000001 0.6000000000000001 0.4 0.6000000000000001 0 0 0 0.2 0.8 0 0 0 1 0 0 0 0 0.6000000000000001 0.4 0 9 0.6000000000000001 0 0 0.6000000000000001 0 0 0 0 0 0 3.8000000000000003 0 0 1 0 4.800000000000001 1.4000000000000001 0 2.8000000000000003 0 2.2 0 3.4000000000000004 0 5.2 3 0 2.8000000000000003 3.6 3.6 0 0 0 0 0 0 0 0 0 0 0 0 0 0 0 0 0 0 0 0 0 0 0 0 0 0 0 0 0 0 0 0 0 0 0 0 0 0 0 0 11.4 0 0 0 0 0 0 0 0 0 0 0 0 3 0 0 0 0 0 0 3.6 0 2 2 5.2 0 11 0.4 1.4000000000000001 0.4 0 0 3.8000000000000003 6.6000000000000005 2 6.2 5.800000000000001 2 5 6 0 0 0 0 0 0 0 0 0 0 0 0 0 0 0 0.2 0 0 0 0 0 0 0 0 0 0 0 0 0.8 0 0 0.2 0 0 0 0 0 0 0 0 0 0 0 0 0 0 0 0 0 0 0 0 0 0 0 0 0 0 0 2.4000000000000004 0 0 0 0 0 0 0 0 0 0 0 2.2 0 0 0 0 0 0 0 0 0 0 0 0 0 0 0 0 0 0 0 0 0 0 0 0 0 2 0 0 0 0 0 0 0 0.2 0 0 0 0 
 27.400000000000002 13.8 11 104.4 12.4 53.800000000000004 14.8 104.80000000000001 38.2 16 39.800000000000004 7.4 18.6 0 104.60000000000001 35.6 32.4 30.6 53.400000000000006 39 0 0 0.2 0 0 0 0.4 0 0 0.8 0 0.6000000000000001 0 0.4 0.4 0 0 0 0.4 0 0 0 0 0.4 0 0 5.4 0 0 0 1 0.6000000000000001 0.6000000000000001 0 0 0 0.2 0 0 1.8 0 0 0 0 0 0 0.6000000000000001 0.4 0 10.200000000000001 0.6000000000000001 0 0 0.6000000000000001 0 0.4 0 0 0 0 0 0 3.6 3.4000000000000004 3 4.2 5 10.600000000000001 0 4 0 9 0 2.2 9.600000000000001 11.600000000000001 2.8000000000000003 0 0 3.8000000000000003 0.2 0 0 0 0 0 4.4 0 0 0 0 0 3.2 0 0 0 0 0 0 0 0 0 0 0 0 0 0 0 0 0 0 0 0 0 0 0 0 0 0 0 0 0 0 0 0 0 0 0 0 0 0 0 0 0 0 0 0 0 0 0 6.4 4.4 0.2 3 0.2 0 7.4 14.8 2.6 1.4000000000000001 0 0 7.800000000000001 0 5.2 5.2 0 2.8000000000000003 0.2 2.4000000000000004 0 0 0 0 0 0 2.4000000000000004 0 0 0 0 0 0 0 0 0.4 0 0 0 0 0 0 0 0 0 0 0 0 0 0.4 2.4000000000000004 0 0 0 0 0 0 0 0 0 0 0 0 0 0 0 0 0 0 0 0 0 0 0 0 0 0 0 0 0 0 0 0 0 0 0.4 0.2 0 0.4 17.8 0 4 1.4000000000000001 0 0.2 0 0 0 0 0 0 0 0 0 0 0 0 0 0 0 0 0 0 0 0 1.8 0 0 0 0 0 0 0 0 0 0.4 0 0 0 0 
 47 72 7 33.6 34 11.4 8.200000000000001 29.8 63 19.6 35.4 6.4 45.2 104.60000000000001 0 43.2 8 57.6 27.200000000000003 52.400000000000006 0 0.2 0.6000000000000001 0 0 0 0 0 0 1.2000000000000002 0 0.6000000000000001 15.4 0.4 0.8 0 0 0.2 0 0.2 0 0 0 0.4 7.800000000000001 0 0.6000000000000001 0 0 0 0.8 0.2 2 0 0 0.4 0.2 0 0 0.6000000000000001 0 0 0 0 0 0.4 0.6000000000000001 0.8 0 11.200000000000001 0.6000000000000001 0 0 0.6000000000000001 0 1 0.2 0.4 0 0 4 4.4 8.8 0.2 0 4.2 3.8000000000000003 8.8 0 0.8 2.8000000000000003 3.8000000000000003 4.4 5.2 0.8 6 3.6 2.6 3.8000000000000003 16.8 0 0 0 0 0 0.4 0 0 0 0 0 0 0.4 0 0 0 0 0 0 0 0 0 0 0 0 0 0 0 0 0 0 0 0 0 0 0.2 0 0 0 0 0 0 0 0 0 0 0 0 0 0 0 0 0 0 0 0 0 0 0.4 0 1.4000000000000001 10.200000000000001 2.2 0 6.4 7.4 13.4 11.200000000000001 2.6 0 1.4000000000000001 0 3.6 0.8 2.4000000000000004 3.2 1.6 2.8000000000000003 2.6 2.2 0 0.2 0.4 0 0 0 0.2 0 0 0 0 0 0 0.2 0 0 0 0.6000000000000001 2.8000000000000003 0.8 0 0 0 0 0.4 0 0 0 0 0 3.8000000000000003 0 0 0 0.2 0 0 0 0 0.4 0 0 0 0.2 0 0 0 0 0 0 0 0 0 0 0 0 0 0 0 0 0 0 0 0 0 0.4 0.4 0.4 0.2 0.4 0 2 0 0 0 0 0 0 0 0 0 0 0 0 0 0 0 0 0 0 0 0 0 0 0 0 0 0 0 0 0 0 0 0 0 0 0 0 0 0 
 39 14.8 13.200000000000001 45.400000000000006 14.200000000000001 15 9.600000000000001 25 11.600000000000001 64.8 93.80000000000001 24.400000000000002 25.200000000000003 35.6 43.2 0 16.2 59.400000000000006 5.2 32.2 0 0 0 0 0 0 0 0 0 0.6000000000000001 0 0.6000000000000001 0 0.4 0.2 0 0 0.2 0 0 0 0 0 0.4 0 0.6000000000000001 0.4 0.4 0 0 1 0.4 0.6000000000000001 0.6000000000000001 0.6000000000000001 0.2 0.2 0 0.4 1.6 0 0 0.4 0 0 0.6000000000000001 0.6000000000000001 0.4 0 10.4 0.6000000000000001 0.4 0 0.6000000000000001 0 2.4000000000000004 0.4 0 0 0 0 4.6000000000000005 10 0 0 3 0 8.8 0 4.2 6 4.2 2.2 9.200000000000001 0 2.8000000000000003 21 5.4 0 7.6000000000000005 0 0.2 0 0 0 0 0 1.4000000000000001 0 0 0 0.2 0.2 0 0 0 0 0 0 0 0 0 0 0 0 0 0 0 0 0 0 0 0 0 0 0 0 0 0 0 0 0.4 0.8 0 0 0 0 0.2 0 0 0 0 0.2 0 0 0 0 0 0 0 1.4000000000000001 11.600000000000001 4 0.4 2 5.6000000000000005 7 1.8 3.8000000000000003 2 1.4000000000000001 2 3.4000000000000004 2.8000000000000003 5.2 0 1.4000000000000001 5 0 2.6 0 0 0 0 0 0 0 0 0 0 0 0 0 0 0 0 0 0 2.8000000000000003 0.2 0 0 0 0 0 0 0 0.2 0 0 0 0 0 0 0 0 0 0 0 0 0 0 0 0 0.4 0 0 0 0 0 0 0 0 0 0 0 0 0 0 0 0 0 0 0 0 0.2 0.4 0 0.2 0.2 0 1.6 0 0 0 0 0 0 0 0 0 0 0 0 0 0.4 0 0 0 0 0 0 0 0 0 0 2.6 0 0 0 0 0 0 0 0 0 0 0 0 0 
 9.4 69 42.6 31.400000000000002 21.8 20.6 41.2 68.4 42.800000000000004 50.2 22 51.400000000000006 54.800000000000004 32.4 8 16.2 0 39.400000000000006 28.400000000000002 9 0 0.2 0 0 0 0 0 0 0 0.6000000000000001 0 0.6000000000000001 0 0 0.4 0 0 0 29.400000000000002 0 0 0 0 0.4 0 0 0 0 0 0 1.6 0.4 0.6000000000000001 0 0 0 0.2 0 0 0 0 0 0 0 9 0 1.4000000000000001 0.4 0 0 0.6000000000000001 0 0 0.6000000000000001 0 0.2 0 0 0 0 1.2000000000000002 3.8000000000000003 4.6000000000000005 0.2 2.8000000000000003 0.2 0 7.800000000000001 3.2 7.6000000000000005 5.4 3.2 0 2 1.6 8 0 6 2.6 0 2 0 0 0.2 0 0 1.4000000000000001 0 0 0 0.2 0 2 0 0.8 0 0 0 0 0 0 0 0 0 0 0 0 0 0 0 0 0 0 0 0 0 0 0 0 0 0 1.2000000000000002 0 0 0 0 0 1.4000000000000001 0 0 0 0 0 2.4000000000000004 0 0 0 0 0 0 11.8 0 6.2 1.8 8.4 0.2 1.2000000000000002 0 2.4000000000000004 8.200000000000001 6.2 7.2 1 2.8000000000000003 4.800000000000001 0.2 0 6 2.8000000000000003 3.8000000000000003 0 0.2 0 3.4000000000000004 0 0 4.4 2.2 0 4.6000000000000005 0 0 2 3.2 3.6 0 0 0 5.2 0.2 0 0 0 0 0 0 0 0 0 0 0 0 0 0 0 0 0 0 0 0 0 3.8000000000000003 0 0 0 0 0 0 0 0 0 0 0 0 0 0 0 0 0 0 0 0.8 0 0 0 0.2 0.6000000000000001 0 0.4 0.4 0 2 0.2 0 0 0 0 0 0 0 0 0 0 0 0 0 0 0 0 0 0 0 0 0 0 4.4 0 0 0 0 0 0 0 0 0 0 0 0 0 0.2 
 10 36.2 34.4 77.2 29.6 10.600000000000001 5.4 28.400000000000002 27.6 26.8 47 17 25.6 30.6 57.6 59.400000000000006 39.400000000000006 0 9.600000000000001 65.8 0 0 0.2 0.2 0.4 0 0 0.4 0 0.6000000000000001 0.4 0.8 3.4000000000000004 0 0 0 0 0 0 0.8 0 0 0 0.4 0 0 0 0 0 0 0.6000000000000001 0.6000000000000001 0.4 0 0 0 0.2 0 0 0 0 0 0 0 0 0 1.2000000000000002 0.4 0 0 0.6000000000000001 0 0 0.6000000000000001 0 0 0 0 0 0 0 0 1.8 12.4 2.2 2 0 0.2 5.2 7 2.4000000000000004 1.8 3.6 2.4000000000000004 4.800000000000001 5.6000000000000005 9 2 0 1.6 0 0 0.4 0 0 0 0 0 0 0 0 0 2.4000000000000004 0 0 1.4000000000000001 0 0 0 0 4 0 0 0 0 0 0 0 0 0 0 0 0 0 0 0 0 0 0 0 0 0 0 0 0 0 0 0 0 0 0 0 0 0 0 0.4 0 0 0 0 0 1.4000000000000001 0.4 4.4 0 3.4000000000000004 9.200000000000001 3 2.4000000000000004 1.6 0 2 6.2 3.8000000000000003 0 6.4 5 4.6000000000000005 0.2 0 0 0 0 0 0 0 0 0.2 0 0 0 0 5 9 0 0 0 0 4.4 3 0 0 0 0 0 0 0 0 0 0 0 0 0 0 0 0 0 0 0 0 0 0 0 0 0 0 0.4 0 0 0 0 0 0 6.4 0 2.8000000000000003 0 0 0.2 0 0 0 0 0 0 0 17.2 0 1.6 0.2 0 0.8 1.6 0 0 0 0 0 0 0 0 0 2 0 0 0 0 0 0 0 0 0 0 0.4 0 2.2 0 2 0 0 0 0 0 0 0 0 0 0 0 0 
 9.4 62.2 5.800000000000001 15 12 54.800000000000004 55.2 8.200000000000001 16 14.600000000000001 7.2 12.4 13.200000000000001 53.400000000000006 27.200000000000003 5.2 28.400000000000002 9.600000000000001 0 34.6 0 0 0 0 0.2 1.2000000000000002 0.4 0 0 0.6000000000000001 0.2 0.6000000000000001 0 0.2 0.2 0 0 0.2 0.4 0 0 0 0 0.4 0.6000000000000001 0 0 0 0 0 1.8 0.2 0.6000000000000001 0.6000000000000001 0 0 0.2 0 0 0 0 0 0 0.4 0 0 0.6000000000000001 0.4 0 10.4 0.6000000000000001 0 0 0.6000000000000001 0 0 0 0 0 0 5.6000000000000005 4.2 0 0 0 0 15 3.8000000000000003 2.2 0.4 0 0 5.2 0.2 6.4 4.2 1.8 0.2 0 0 0 0 0 0 0 0 0 0 0 0 0 0 0 0 0 0 0 0 0.4 0 0 0 0 0 0 0 0 0 0 0 0 0 0 0 0 0.4 0 0 0 0 0.4 0 0 0 0 7.6000000000000005 0 0 0 0 0 0 0 0 0 0 0 0 0 0 5.2 1.2000000000000002 0 0 4 0 4.800000000000001 0 1.8 0 2 0 0.4 3.8000000000000003 4.800000000000001 0 0 3.4000000000000004 4.4 6.800000000000001 0 0 0.2 0 0 0 0 0 0 2.8000000000000003 0 0 0 0 0 0 0 0 0 0 0 0 0 0 0 0 0 0 0 0 0.4 0 0 0 0.4 0 0 0 0 0.2 0 0 0 0.2 0 0 0 0 0 0 0 0 0 0 0 0 0 0 0 0 0 9.200000000000001 0 0 0 0.2 0.4 0 0 0 0.2 1 0 0.4 0 0 0 0 0 0 0 0 0 0 0 0 0 0 0 0 0 0 0 0 0 0 0 0 0 0 0 0 0 0 0 0 0 0 0 0 
 10.200000000000001 11.8 8.6 14.600000000000001 15.4 9.600000000000001 9.200000000000001 50.2 23.200000000000003 21.400000000000002 13 50.2 52.2 39 52.400000000000006 32.2 9 65.8 34.6 0 0.4 0 0 0 0 0 0 0 0 0.8 0 0.6000000000000001 0.2 0.4 0.2 0 0 0.4 0 0 0 0 0 0.4 1 0 0 0 0 0 0.6000000000000001 1 0.6000000000000001 0 0 0 0.4 0.6000000000000001 0 0 0 0 0 0 0 0 1 0.4 0 0 0.6000000000000001 0 0 0.6000000000000001 0 0 0 0 0 0 4.800000000000001 0 2.4000000000000004 0 0 0 11 0.2 3 2.4000000000000004 9 0 5.4 2.6 6 2.4000000000000004 3 0 2.8000000000000003 2.2 0 0 0 3.2 0 0 2.6 0 0 0 0 0 0 0 0 0 0 0 0 0 0 0 0 0 0 0 0 0 0 0 0 0 0 0 0 0 0 0 0 0 0 0 0 0 0 0 0 0 0 0 0 0 0 0 0 0 0 0 0 0 0 7.4 0 0 0 3.6 8 5.4 2.4000000000000004 0 0.2 0 3.4000000000000004 0 6.2 4.6000000000000005 0 0 4.6000000000000005 0 0 0 0 0 0 0 0 0 0 0 0 0 0 0 0 0 2 0 0 0 0 0 0 0 0 0 0 0 0 0 0 0 0 0 0 0 0 0 0 0 0 0 0 0 0 0 0 0 0 0 0 0 0 0 0 0 0 0 0 0 0 0 0 0 0 0 0.4 0 0 0 0.6000000000000001 1.6 0 0 0 0 0 0 0 0 0 0 0 0 0 0 0 0 0 0 0 0 0 0 0 0 0 0 0 0 0 0 0 0 0 0 0 0 0 0 
 0.2 0 0.2 0 5 29.8 0 0 0 0 30.6 7.2 4.4 0 0 0 0 0 0 0.4 0 53.800000000000004 43.2 23.6 7.6000000000000005 53 84.80000000000001 56.800000000000004 19.200000000000003 55.6 7 106.80000000000001 12.4 9.600000000000001 25.200000000000003 49.2 21.200000000000003 3.8000000000000003 23.400000000000002 31.6 0 0 0 0.6000000000000001 0 0.6000000000000001 0 0 0 0 0.4 0 0 0 0 0 0.4 0 0 0 10 1.6 0 0 0 0 0 0 0.2 0 0 0.6000000000000001 1.2000000000000002 0 0 0 0.6000000000000001 0 0.6000000000000001 0 0 0 0 2.2 4.800000000000001 0 0 0 0 0 0 6.2 0 0 0 0 0 0 0 0 2.2 3.8000000000000003 2.6 0 0 2.2 5 8.6 0.6000000000000001 1.6 0.2 7.800000000000001 7.6000000000000005 4.2 1.6 2.6 0 3.2 5.6000000000000005 6.2 0 0 0 0 0 0 0.4 0 0 0 0 0 0 0 0 0 0 0 0 0 2.6 0 0.6000000000000001 0 0 0 0 0 0 0 0 0 0 0 0.6000000000000001 0 4.6000000000000005 0 0 0 0 0 0 3 3.8000000000000003 0 0 0 0 0 8.6 0 0 0 0 0 2.8000000000000003 0 0 0 4 5 1.2000000000000002 3.6 0 0 7.2 2.2 19.200000000000003 10 2 2.4000000000000004 0 2.2 1.2000000000000002 0 4.2 0.8 0 2 0 0 0 0 0 0 0 0 0 0 0 0.8 0 0.2 0 0.4 0 0 1.4000000000000001 0 0 0 0 0 0.2 0 0 0 0 0 0 0.2 0 0 0 0 0 0 0 0 0 0 0 0 0 0 15 0 17.8 0 1.8 0 0 0 0.8 0 0.4 0 3.4000000000000004 0.4 0.4 0.4 2.6 0 0 16 1.4000000000000001 0 0 0 0 0 0 0 0 0 0 0 0 0 0 0 0 0 0 0 3.6 0 0 0 
 0 0 0 0 0 21 0 0 0 0.6000000000000001 0 44.400000000000006 0 0 0.2 0 0.2 0 0 0 53.800000000000004 0 30.400000000000002 43.2 53 10.200000000000001 30.400000000000002 77 14.600000000000001 14.600000000000001 24 67 82.60000000000001 40 45 54.800000000000004 45.400000000000006 25.6 9.4 17 0 0 0 0.6000000000000001 0 5 0 0.6000000000000001 1.8 0 0.6000000000000001 0 0 0 0.4 0 0 0 0 0.2 0 0 0 0 0 0 0 0 0 0 0 0.6000000000000001 0 0 0 0 0.6000000000000001 0 0.6000000000000001 0 0 0 0 0 0.6000000000000001 0.4 0 0 0 0 0 0 0 0 0 0 0 0 3 0 2.8000000000000003 8.200000000000001 0 4.6000000000000005 3.2 0 8.8 2 0.2 5 0 3 4.6000000000000005 6 0 1.4000000000000001 1.8 0 2.8000000000000003 7.6000000000000005 0 0 0 0 0 0 0 0 0 0 0 0 0 0 0 0 0 0 2.8000000000000003 0 0.4 0 0 0 0 0 0 0 0 0 0 0 4.2 0.2 0.8 0.2 0 0 0 0 0 0 0 0 0 4.6000000000000005 0 0 0 0 0 1.8 0 0 0.2 0.4 0 0.4 0 0 3.6 3 4.6000000000000005 2.6 0 0 0 7.4 5.6000000000000005 6.4 0 2.4000000000000004 0 0 7.6000000000000005 2.8000000000000003 6.2 1.4000000000000001 2.4000000000000004 3 0.4 0 0 0 0 0 0 0.6000000000000001 0 0 0 0.2 0.2 0 0 0 0.2 0 2.4000000000000004 0 0 0 0 2.6 0 0 0 0 0 0 0 0 0 0 0 0 0 0 0 0 0 0 0 0 0 0 0 0 0 0 0 0 0 0 1.4000000000000001 0 0.4 0.4 27.8 0.4 0.4 0 0 0 0 0 0 0 0 0 0 0 0 0 0 0 0 0 0 0 0 3 0 0 0 0 0 0 0 0 
 0.4 41.2 0.6000000000000001 0 0 3.4000000000000004 0 1 0 0.4 0 0.8 0 0.2 0.6000000000000001 0 0 0.2 0 0 43.2 30.400000000000002 0 41.2 70.8 23 71 32 44.400000000000006 81.2 52.2 21.400000000000002 28.8 26 16.8 96.2 37.4 26.200000000000003 10.4 27.6 0 0 0 0.6000000000000001 0 1 0.4 0 0.4 0 1 0.2 12.600000000000001 0.4 0.4 0 0.4 0 0.4 0.2 0.4 0.6000000000000001 0 0 0 0 0 0.6000000000000001 0 0.4 0 0.6000000000000001 1 0 0 0 0.6000000000000001 0 0.6000000000000001 0 0.4 0 0 0 0 0 0 0 0 0.2 0 0 0 0 0 0 0 0 0 0 2.2 3.4000000000000004 2.8000000000000003 0 2.2 7.4 1.8 2.6 0.4 2.4000000000000004 6 0.4 0.2 0.2 14.8 3 3 5.800000000000001 0 5.2 2.2 0 0 0 0 0 0 0 0 0 0 0 0 0 0 0 0 0.4 3.4000000000000004 0 0 0 0 0.2 0.6000000000000001 0.4 0.8 0 0 0 0 0 0.8 0 0 0.4 0 0 0 0 0 0 0.4 0 0 0 0 0 0 0 0 0 0 0 0 0 0 0 0 0 1.4000000000000001 5.2 12.200000000000001 2.8000000000000003 1.4000000000000001 3 4.800000000000001 3.2 3.6 7.4 0 4 0 0 5.4 0 9.200000000000001 2.6 0.4 0 0 0 0.2 0 0.4 0 6.4 5.800000000000001 0 0 0 0 0.6000000000000001 2.4000000000000004 0 0 0 0 8.4 8.6 0 0 0 0 0 0 0 0 0 0 0 0 0 0 0 0 0 0 0 0 0 0 0 0 0 0 6.2 0 0.2 0 0 0 0 0 1.6 0 0.2 0.2 32 0 0.4 0.2 0 0 0 0 3.6 0 0 0 0 0 0 0 0 0 0 0 0 2.8000000000000003 0 0 0 0 0 0 9 0 0 0 
 0.6000000000000001 0 0 0.2 0 15 0 0 0 1.4000000000000001 0 1.2000000000000002 0 0 0 0 0 0.2 0 0 23.6 43.2 41.2 0 34.800000000000004 5.4 65.8 49.400000000000006 30.400000000000002 89 89.4 34.4 20.8 28.400000000000002 61 24 41.400000000000006 9.8 10.8 17.8 0.4 0 0 0.6000000000000001 0 1.2000000000000002 0.6000000000000001 0.2 0.8 0 1.2000000000000002 0 4.6000000000000005 0 0.6000000000000001 12.4 0.4 0 0.8 0.4 0 0 0 0.4 1 0.2 0 7.6000000000000005 0 0 1.2000000000000002 1.4000000000000001 0 0 0 0.4 0.8 0.6000000000000001 1.4000000000000001 0 0 0 0 0 0 0 0 0 0 0 0 0 0 0 0 0 0 0 0 0 0.2 3 5.2 2.6 1.6 0.4 3.6 1.6 4 5.4 0 9.600000000000001 3.8000000000000003 6.2 3.6 0.2 3.6 2.2 2.2 2 0 0 0 0 0 0 0 0 0.4 2 0 0 0 0 0 1.4000000000000001 1.6 2.8000000000000003 5.4 2.4000000000000004 0 0 1 0 0 0 0 0 0 0 0.2 0 0 0 0 0 0 0 0 0 0 0 0 0 0 0 0 0 0 0 0 0.4 0 0 0 0 0 0 0 0 6.800000000000001 6.6000000000000005 18.8 6.6000000000000005 0 4.2 0 3.8000000000000003 4.2 10 6.800000000000001 5.2 6.800000000000001 0 2 3.6 4.4 1.6 0 0 2.6 0 0 0.4 0 0 1.4000000000000001 0 0 2.2 0 0 0 0 0 0 0 0 0 3.8000000000000003 0 0 0 0 0 0 0 0 0 0 0 0 0 0 0 0 0 0 0 0 0 0 0 0 0 0.4 0 0 0 0 0 0 0 0 0 0.4 0 2.2 17 0.8 0.4 0 0.4 0 0 0 0 0 0 0 0.4 0 0 0 0 0 0 0 0 0 0 0.4 0 0 0 2.2 0 0 0 1.4000000000000001 
 0 0.4 0 1.2000000000000002 0 0.4 0 0 0 0.2 0 0.4 0 0 0 0 0 0.4 0.2 0 7.6000000000000005 53 70.8 34.800000000000004 0 60.2 8.8 12.200000000000001 14.600000000000001 14.600000000000001 47 45.6 13 36.800000000000004 20.6 35.2 50.2 11.200000000000001 8.200000000000001 15.8 0 0 0 0.6000000000000001 0 0.6000000000000001 13.200000000000001 28.8 0.6000000000000001 0 0.4 0 14 0 0.4 4.4 0.4 0 14.200000000000001 0.2 0 0 0.4 0 0 0 0.2 0 0 0.2 0.6000000000000001 1.6 0 0 0 0 0.8 4.2 1.2000000000000002 0 0 0 0 0 0 0 0 0 0 0 0 0 0 0 0 0 0 0 0 0 0 0 2 1.6 7.6000000000000005 0 0 0 0 0 6.6000000000000005 1.8 0 0 0 2.4000000000000004 2.6 1.6 0 0 7 2.4000000000000004 1.8 0 0 0 0.2 0 2.6 8.200000000000001 0 0.2 3.4000000000000004 1.8 1.6 5 3 0.2 2.2 2.4000000000000004 0 0 0 0.8 5 0 0.8 0 0 1.4000000000000001 0 0 8.8 0 0 0 0 0 4.800000000000001 0 0 0 0 0.2 0 0 0 0 0 0.8 0 0 1.4000000000000001 0 0 0 0 0 0 0 0 2 0 0.2 2 3.4000000000000004 0 0.2 0 0 2.8000000000000003 2.4000000000000004 0 0 0 4.4 0 0.4 0 0 9.600000000000001 0 0 6.4 0 0 4 0 0 7.4 2.4000000000000004 0 2 0 0 0 2 0 3.4000000000000004 7 0 0 0 0 0 0 0 0 0 0 0 1.8 3.4000000000000004 0 0 0 0 0 0 0 0 0 0.6000000000000001 0 0 0 0 0 0.2 0 0 0 0 0 0.6000000000000001 0.2 0 0.6000000000000001 0.4 0 0.2 0 0 0 0 0 0.4 0 0 0 0 0 0 0 0 0 0 0 0 0 0 2.4000000000000004 0 0 0 0 0 0 0 0 
 0.6000000000000001 0 0.6000000000000001 0 0 0.2 0 0 0 0 0 0 0 0 0 0 0 0 1.2000000000000002 0 53 10.200000000000001 23 5.4 60.2 0 6 7.4 24.8 23.200000000000003 18 9.8 10 7.2 13.4 14.200000000000001 29.400000000000002 7.6000000000000005 6.4 12.600000000000001 17.6 0.4 24.400000000000002 0.6000000000000001 0 0.6000000000000001 6 25.6 0 0 1 0.4 13.4 5.4 25.8 0 13.600000000000001 0.2 38.2 47.6 0 0 0 0 0 0 0 1.8 0 0.2 0 0.6000000000000001 0 0 0.2 0 2 10 1 0 0 0 0 0 0.4 0 0 0 0 0 0 0 0.4 0 0 0 0 0 0 0 0 0 0.2 0 4.4 5.2 0 0 0 2.8000000000000003 0.4 0 0 0 0 0 0 0 0 0 8.8 6.4 1.8 0 0 2.6 14.600000000000001 1.2000000000000002 3.2 0 2.6 0 9.8 2.2 7.4 2 6.800000000000001 2.6 2 5.6000000000000005 0 0 0 0 1.6 0 0.8 0 0 0 0 0 1.4000000000000001 0.2 0 0 0 0 0 0 0 0 0 0 0 0 0 0 0 0 0 0 0 0.4 0 0 0.8 0 0 0 0 0 1.8 2 3.4000000000000004 0.8 0.4 0 0.8 0 1.8 2.4000000000000004 0 0 0 0 0 2.2 0 0 0 0 4 4 0 0 4 11 2 0 0.4 0 2.2 10.8 1.2000000000000002 4 4.4 0 2.8000000000000003 1.6 0 0 0 0 0 0 0 0 0 0.4 0 0 0 0 0.4 0 0 0 0.2 0 0 0 2.6 0 0 0 0 0 0 0 0 0 0 0 1.4000000000000001 0.2 0 14.4 0 0 0 0 0 0 0 0 0 0 3 0 0 0 0 0 0 0 0 0 0 1.8 0 0 0 0 0 0.4 0 0 0 0 
 0.4 14.8 5 7.2 30.200000000000003 0.2 0 0 7 15.200000000000001 16.8 17.6 0.8 0.4 0 0 0 0 0.4 0 84.80000000000001 30.400000000000002 71 65.8 8.8 6 0 13.200000000000001 54.2 12.8 91.80000000000001 46.6 17.8 47.800000000000004 9.4 10 7 7.4 30 46.6 0 0 0 1.2000000000000002 12.4 1 0.6000000000000001 0.4 0.4 0 0.4 0 0.4 7 0.6000000000000001 0 0 0 0 0 1.2000000000000002 1.2000000000000002 0 0 0.6000000000000001 0 0 0 1 0.6000000000000001 0 0.6000000000000001 1.4000000000000001 0 0 0 1 0 0.6000000000000001 0 0 3.6 0 2.6 0.8 2.6 0.2 0 3.6 0 2.6 2 0 0 0 0 0 0 0 0 4.4 0 6.4 2.4000000000000004 0 0 2.4000000000000004 2 5.6000000000000005 5.4 0 0.2 0.4 0 5.800000000000001 2 7 0 10 4.6000000000000005 0 0 0 0 0 0 0 0 0 0 0 0 0 0 0 0 0 0 0 0 0 0 0 0 0 0 0 1 0 1.8 0 0 0 1 0.8 0 0 0 0.2 0 0 0 0.2 7.2 0 0.2 1.2000000000000002 0 0 3.8000000000000003 2.8000000000000003 2.8000000000000003 0 0 0 0 3.6 0 0.4 0 0 7 0 3.8000000000000003 0.4 0 11.4 0 3.6 0 1.4000000000000001 1.6 1.2000000000000002 2.6 5 1.8 0.2 2.2 7.4 3.2 0 0 0 0 0 1.6 0 0 0.4 0 0 0 0 0 0 0 0 0.2 1.8 0 0 0 0.2 0 0 0 0 0 0 0 0 0 0 0 0 0 0 0 0 0 0 0 0.4 0 0 0.2 0 0 0 15.200000000000001 0 0 0 0 2 0 0 0.2 0 0 0 0.2 0 0 0 0 1.8 0 0 0 0 0 0 0 0 0 3.8000000000000003 0 0 0 0 0 0 0 0 0 3.6 0 0 0 
 0 0 0 0 0 0 0 0.2 0 0 0 22 0 0 0 0 0 0.4 0 0 56.800000000000004 77 32 49.400000000000006 12.200000000000001 7.4 13.200000000000001 0 80.80000000000001 57.2 83 9 71.4 57.400000000000006 47.2 43.6 22 8.4 6.4 24 0 0 0 0 0 5 0 0 0 0.8 1.2000000000000002 0 0 0 1 1 0 0 0.4 0 1 0 0.4 1 0.4 0.4 0 0 0.8 0 0.4 0 0.2 0 0.8 0.6000000000000001 0 0 0 0 0 0 0 0 0 0 0 0 0 0 0 0 0 0 0 0 0 0 0 0 4.6000000000000005 2.2 2 6.800000000000001 2.2 2.4000000000000004 0 2 4.2 9.4 4.4 5.2 0 8.6 2.2 4.800000000000001 8.200000000000001 4.2 1.8 7.6000000000000005 0 0 0 0 0 0 0 0 0 0 0 0.4 0 0 0 0 0 0 2.6 0.2 0 0 0.6000000000000001 0 0 0 0 0 0 0 0 2.2 0 0 0 0 0 0 0 0 0 0 0 0.4 0 0 0 0 0 0 0.6000000000000001 0 0 0 0 0 0 0 0 4.2 2.8000000000000003 6.2 6.800000000000001 0 2.4000000000000004 0 2.2 3.8000000000000003 3 0 5.2 1.4000000000000001 0.6000000000000001 0 8 0 5.2 0 0 0 0 0 0 0 0 0 0 0 0 0 0 0 0.4 0 0 0 0 0 1.6 0 0 0.2 0 0 1.2000000000000002 0 0.4 0 0 0 0 0 0 0 0 0 0 0 0 0 0 0 0 0 0 0 0 0 0 0 0 0 0 0.2 0.4 0.4 0 16.2 0.6000000000000001 0 0.4 0.8 0 0 0 0 0 0 0 0 0.4 0 0 0 0 0 0 0 0 0 0 2.2 0 0 0 0 0 0 0 0 
 0 0 0.6000000000000001 0 0 15.600000000000001 0 0 0 0 0 0.4 0 0 0 0 0 0 0 0 19.200000000000003 14.600000000000001 44.400000000000006 30.400000000000002 14.600000000000001 24.8 54.2 80.80000000000001 0 46.800000000000004 14 73.8 21.8 24.6 53 28.8 35.6 39 14.4 12 0 0.6000000000000001 0 0.6000000000000001 41 4.800000000000001 0 0.6000000000000001 0.4 0 0.8 0 0 1 0.4 0.6000000000000001 0.4 0 0 0.6000000000000001 0 0.2 0 0 0 0 0 0 0 0.4 0 0.6000000000000001 0.4 0 0 0 1.2000000000000002 0.2 1.2000000000000002 0.4 0 0 0 0 1.8 0 0 0 0 0 0 0 0 0 0 0.4 0 0 0 0 3 17.8 2 4 8.200000000000001 2 0 0 7.2 10.200000000000001 0.6000000000000001 3 0 4.2 9.600000000000001 0 7.6000000000000005 4.4 1 0 0.2 0 0 0 0 0 2.4000000000000004 0 0 0 0 0 2.4000000000000004 2.8000000000000003 0 0 0 3 6 0 0 0 1 0 0 0 0 0 0 0 0 0 0 0 0 0 0 0 0 0 0 0 0 0.2 0.4 0 0 0 0 0.8 0.6000000000000001 0 0 0 0 0 0 0 0 1.6 5.800000000000001 2.6 5 0 2.4000000000000004 3.8000000000000003 0 5.6000000000000005 4 11 0.4 0 2.8000000000000003 0 7 0 7.4 0 0 0 0 0 0.2 0 0 0 4 3.4000000000000004 0 0.6000000000000001 0 0 3.4000000000000004 0 0 0 0 0 3.6 5.4 0 0 0 0 0 0 0 0 0 0 0 0 0 0 0 0 0 4.4 0 0 0 0 0 0 0 0 0 0 0 0 0 0 0 0 1.8 0 0 0 0.2 0.6000000000000001 3.2 0.2 0 0 0 0 0 0 0 0 0 0.4 0 0 0 0 0 0 0 4.4 0 0 0 0 0.2 0 0 0 0 0 
 2 0.6000000000000001 0.6000000000000001 0.6000000000000001 0.6000000000000001 1 0.6000000000000001 0.4 0.6000000000000001 0.6000000000000001 0.6000000000000001 0.6000000000000001 1 0.8 1.2000000000000002 0.6000000000000001 0.6000000000000001 0.6000000000000001 0.6000000000000001 0.8 55.6 14.600000000000001 81.2 89 14.600000000000001 23.200000000000003 12.8 57.2 46.800000000000004 0 85.4 13.8 14.200000000000001 17 33.2 41.400000000000006 41.800000000000004 22.6 8 64.4 0 0 0 0.6000000000000001 0 0.6000000000000001 0 0 0 0 0.4 0.8 1 0 0.4 0 0.8 0 0 0 0.6000000000000001 1 0.8 0.6000000000000001 0.6000000000000001 0 0 0.6000000000000001 0 0 0 0.6000000000000001 0.2 0 0 10.600000000000001 0.6000000000000001 0 0.6000000000000001 0 0 0 0 0 0 0 0 0 0 0 0 0 0 0 0 0 0 0 0 0 0 7.6000000000000005 11.200000000000001 4.6000000000000005 4 7.4 0 0.8 3.8000000000000003 1.8 0 1.6 0 2.2 1.6 4.800000000000001 0 5 2.2 0.2 0 0 0 0 0 0 0 0 0 0 0.4 0 1.8 2 0 0 0 0 3.4000000000000004 0.2 0 0 1 0 0 0 0 0 0 0 0.4 0 0 0 0 0 0 0 0 0 0.2 0 0 0 0 0 0 0 0 0.2 0 0 0 0 0 0 0 0.6000000000000001 0 0.2 4.800000000000001 3.4000000000000004 8.200000000000001 7.6000000000000005 5.4 0 2.4000000000000004 0 5.800000000000001 7 2.8000000000000003 12.4 2.2 0 5 5.2 7.800000000000001 2.8000000000000003 0 0 2.6 0 0 0 0 0 2 0 0 0 0 0 2 0 0 0 0 0 5.6000000000000005 0.4 0 0 0 0 0 0 0 0 0.4 0 0 0 0 0 0 0 0 0 0 0 0 0 2.6 0 0 0 0 0 0 0 0.2 0 0 0 3 0.8 0.8 13 15.4 0 1.2000000000000002 0 0 0 0 0 1.6 0 0 0 0 0 0 0 0.2 0 0 0 0 0 0 0 0 0 0 0 0.2 0 0 0 
 0.8 0.4 0 0 0 0 0 0 0 0.4 0 0.4 0 0 0 0 0 0.4 0.2 0 7 24 52.2 89.4 47 18 91.80000000000001 83 14 85.4 0 33 33.6 39.800000000000004 30.200000000000003 14.4 30.200000000000003 28.200000000000003 9.200000000000001 32.2 0 0 0 0.6000000000000001 0 1 0 0.2 0.2 0 0.8 0 4.6000000000000005 0 0.6000000000000001 12.4 0.2 0 0.8 0.2 0 0 0.4 0 0 0.4 0 0 0 0 1.6 0.6000000000000001 0 0 0.4 0 0.8 0.6000000000000001 0.6000000000000001 0 0 0 0 0 0 0 0 0 0 0 0 0 4 0 0 0 0 0 0 0 0 6.4 9.4 4 18.2 2 1.2000000000000002 2.6 10.8 3 2.2 8 0 4.6000000000000005 1.8 0 4.2 1 0 0 3.8000000000000003 0 0 0 0 0 0 0 0 2 0 0 0 2.4000000000000004 6.6000000000000005 1.4000000000000001 1.6 5 12.200000000000001 7.2 0 0 0 4.4 0.6000000000000001 0 0.4 0 0 1 0 0 0 0 0 0 0 0 0 0 0 0 0 0 0 0 0 0 0 4.4 2.8000000000000003 0 0 0 0 0 0 0 0 1.2000000000000002 3 1.2000000000000002 4.4 3 3.8000000000000003 18.8 0 3.6 0.2 6.4 5.2 2 0 0 10.200000000000001 6.2 0 2.6 0 0 4.800000000000001 0 0 0.2 0 0 4.2 0 3.6 2.2 0 0 0.2 0 0 0 0 0 8 6.4 0 0 0 0 0 0 0.2 0 0.2 0 0 0 0 0 0 0 0 0 0 0 0 0 0 0 0 0.2 0 0 0 0 0 0 0 0 1.2000000000000002 0.4 0.2 15.200000000000001 16.6 0.4 3.2 3.8000000000000003 0 0 0 0 0 0 0 0 0 0 0 0 0 0 0 0 0 0 0 6.800000000000001 0 0 0 8 0 0 0 0 
