 0 46.400000000000006 22.8 52 34 26.400000000000002 64.4 44.400000000000006 49.6 36.6 23.400000000000002 50.800000000000004 98.2 93 30 72.2 10 9 29.8 47.400000000000006 0.2 0 0.4 0 0 0 0 0.2 0 0.4 0 0.4 0.4 0 0.4 0 0 0 0 0.6000000000000001 0 12.200000000000001 0 0 0.4 0 0.6000000000000001 0.4 0 0 0.6000000000000001 0 0.6000000000000001 0 0 0 1.6 0.6000000000000001 0 0 0.6000000000000001 0 0.4 0.2 0.6000000000000001 0 0 0 0 0 0.4 0.6000000000000001 0.4 0.4 0 0.6000000000000001 0 0 0.4 0 4.6000000000000005 1.6 3.2 0 2.2 2.8000000000000003 3.6 6.2 1.2000000000000002 2.2 4.800000000000001 2 2 6.4 5.6000000000000005 0 8.4 0 1.8 4.6000000000000005 0 0 0 3.2 0 0 0 0 0.2 0 0 0 0 0 0 0 0 0 0 0 0 0.4 0 0 0 0 0 0 0 0.4 0 0 0 0 0 0 0 0 0 0.4 0 0 0 0.4 0 0 0 0 0 0 0 0 0 0 0 0 0 0 0 0 1 5.800000000000001 10.200000000000001 0 2.6 4.2 1.4000000000000001 2.8000000000000003 0 0 2.6 0 2.4000000000000004 2.4000000000000004 0 1 0 4.6000000000000005 2.6 3.2 0 0 0 0 4.6000000000000005 0 6.6000000000000005 0 0 0 0 0 0 0 0 0 0 0.2 0 3.8000000000000003 0 0 0 0 0 0 0 0 0 0 0 0 0 0 0 0.2 0 0.2 0 0 0.4 0 0.2 0 0 0 0.2 0 0 0 0 0 0 0 0 0 0.4 0 0 0 0 0.4 0 0 0 0.4 0 0 18 17.400000000000002 0.2 1.2000000000000002 0 0 0 0 0 0 0 0 0 0 0 0 0 0 0.4 0 0 0.2 0 0 0 0 0 0 3 0 0 0 0 0 0 0 0 0 0 0 0 0 
 46.400000000000006 0 35.6 43 23 8.200000000000001 51.400000000000006 68.4 31.200000000000003 25.400000000000002 21.6 11.4 14.4 88.80000000000001 82.4 25.200000000000003 27 59.800000000000004 26.6 42.800000000000004 0.4 0 0 0 0 0 0 0 0 0.4 0 0 0.4 0 0.4 0 0.4 0 0 1 0 0 0 12.200000000000001 6.800000000000001 0 0.6000000000000001 0.4 0 0 0.6000000000000001 0 0.4 0 0 0 0 0.6000000000000001 0 0 0.6000000000000001 0 0 0 0.4 0 0 0 0 0 0.6000000000000001 0.6000000000000001 0.4 0 0 0 0 0 0.4 0 0 0.6000000000000001 9.8 0.2 0.2 0.2 1.8 0.4 2.8000000000000003 2.2 10.4 2.2 7.4 4.2 8.200000000000001 0 4.4 2.6 0.2 4.2 0 0 0 0 0 0 0 0 0 0 0 0 0 0 0 0 0 0 0 0 0 0 0 0 2.8000000000000003 0 0 0 0 0 0 0 0 0 0 0 0 0 0.2 0 0 0 0 0 1.2000000000000002 0 0 0 0 1.2000000000000002 0 0 0 0 0 0 0 0 4.800000000000001 0 9.4 2.2 4.4 3.8000000000000003 0 5.6000000000000005 6 1.6 4.4 0 2.2 0 0 1.8 2 0 2.6 0.6000000000000001 6 10.200000000000001 0 0 0 0 0 0 0 0 0 0 0 0 0.2 0 0 0 0 0 0 0 0 0 0 0 0 0 0 0 0 0 0 0 0 0 0 0 3 0 0 0.4 0 0 0 0 0 0 0 0 0 0 0 0 0 0 0 0 0 0 0 0 0 0 3.4000000000000004 0 0 0 0 0 18 0.4 0 2 0 0 0 0 0 0 0 0 0 0 0 0 0 0 0 0 0 0 0 0 0 0 0 0.8 0.2 1.6 0 0 0 0 0 0 0 0 0 0 0 0 
 22.8 35.6 0 32 31.6 35.800000000000004 27.6 43 11.200000000000001 46.2 51.2 42 21.400000000000002 12.200000000000001 9 50 11 58.400000000000006 5.6000000000000005 10.4 0.6000000000000001 0 0.8 0 0 0 0 0 0 0.4 0 0 11.600000000000001 0 0.4 0 0 0 0 23.200000000000003 0 0 0 0.4 0.4 0 0.6000000000000001 0 0 0 0.6000000000000001 0 0.4 0 0 0 0 0.6000000000000001 0 0 0.6000000000000001 0 0 0 0.4 0 0 0 0 0 2 0.6000000000000001 0.4 0 0 0 0 0 0.4 0 0 0 3.4000000000000004 8.8 5 6.4 0.8 2.2 10.4 4.4 2.4000000000000004 4.6000000000000005 0 0 2 4.2 1.8 6 2 0.6000000000000001 3 0 0 0 0 0 0 0 0 0 0 0 7.800000000000001 5 0 0 0 0 0 0 0 0 0 0.2 0 0 0 0 0 0 0 0 0 0 0 0 0 0 0 0 0 0 0 0 0.6000000000000001 0 0 2.4000000000000004 0 0 0 0 0 0 0 0 0 0 0 0.6000000000000001 0.8 0.2 2.2 0.6000000000000001 3.4000000000000004 5 0 2.6 0.4 7.4 0 8.200000000000001 0 0.2 3.2 3.6 0 2.8000000000000003 0 0 4 0.2 0 0 0 0 7.4 0.2 0 0 0 0 5.800000000000001 2 0 0 0 0 5.800000000000001 5.2 0 0 0 0 0 0 0 0 0 0 0 0 0 0 0 0 0 0.2 0 0 0 0 0 0 0 0 0 0.4 0 0 0.6000000000000001 0 0 0 0 0 0 0 0.4 0 0 0 0 0 0 0.4 4.4 0 0 17.6 0 2 0 0 0 0 0 0 0 0 0 0.4 0 0 0 0 0 0 0 0 0 0 0 0 0 3.6 3 0 0 0 0 0 0 0 0 0 0 0 0 0 
 52 43 32 0 36 24.200000000000003 67 63 35 53.6 47.800000000000004 60.800000000000004 12.200000000000001 38.6 38 10.8 43.2 38.2 12.8 27.6 0.2 0 0 0 0 1 0 0 0 0.4 0 0 15.200000000000001 12.600000000000001 0.6000000000000001 0 4.4 0.4 0.6000000000000001 0.6000000000000001 0 0 0 0 0.4 6.2 0.6000000000000001 0.4 0 0 0.6000000000000001 0.4 0.4 0 0 0 0.6000000000000001 1 0 0 0.6000000000000001 0 0 0 0.6000000000000001 0 1 0 0 0 0.6000000000000001 0.6000000000000001 0.4 0 0 0 1 0 0.4 0 2.2 0 2.8000000000000003 4.6000000000000005 5.800000000000001 3 3.6 0.2 4 8.6 5.4 3.2 7.4 3.8000000000000003 4.6000000000000005 6.6000000000000005 11 4.2 1.8 0 0 0 0 0 0.2 0 4 4.4 0 0 0 0 0.4 4.2 0 0 0 0 1 0 4.2 0 0 0 0 0.4 0.4 0 0 0 0 0 2.8000000000000003 2.2 0 0 0 0 0 0 0 0 0 0 0 0 0.6000000000000001 0.4 0 0 0 0 0 0 0 0 0 0 0 0 0.8 6 0 3.6 1.2000000000000002 3.8000000000000003 0 2 5.800000000000001 7.800000000000001 0 0 0 4.800000000000001 4.4 6.6000000000000005 2.2 6.800000000000001 0 3.8000000000000003 0 0 3.4000000000000004 0 0 0 0.4 0.2 0 0 0 0 9.200000000000001 3.4000000000000004 0 0 0 0 6 2 0 0 0.4 0 0 0 0.4 0 0 0 0 0.2 0.2 0 0 0 0.2 0 0 0 0 0 0 0 0 0 0 0 0 0 0 0 0 0 0 0 0 0 0 0 0 1 0 0 0 0 1 0.2 17.6 0.2 0.4 2.2 0.2 0 0.4 0 0 0 0 0 0 0 4 0 0 0 0 0 0 0 0 0 0 0 0 0 0 0 0 0 0 0 0 0 0 0 0 0 0 0 
 34 23 31.6 36 0 30.400000000000002 11.600000000000001 51 18.6 82.80000000000001 24 35.2 15.4 30.200000000000003 39.6 27.6 28.6 28.6 9.600000000000001 12 0.4 18.6 0 0 0.6000000000000001 0.6000000000000001 0 0.4 16.2 0.4 1.6 0.6000000000000001 0.4 15.200000000000001 16.8 0 12.600000000000001 0.6000000000000001 2.4000000000000004 25.6 0.4 0.6000000000000001 0 0.6000000000000001 0 13.8 1.2000000000000002 0.4 0 0 1 0.6000000000000001 1.2000000000000002 0 0.6000000000000001 0 0 1.6 0.4 0 0 0.6000000000000001 0 0.6000000000000001 0.6000000000000001 0.4 0 0 0.6000000000000001 0 0 0.6000000000000001 1 0.2 0 0.4 0.6000000000000001 0 0.4 0 2 2.8000000000000003 0 2 2.4000000000000004 0 4.800000000000001 0 4.2 6.800000000000001 0 12.8 3.6 0 0 0 0.2 2 0 0 6.2 4.2 0.4 2.4000000000000004 0 0 3.4000000000000004 1.8 3.2 0 0 0 0 2.2 2.4000000000000004 0 0 0 9 2.4000000000000004 0 0 0 0 0 0 0 0 0 0 0 0 0 0 0 0 0 0 0 0 0 4 0 0.4 0 0 0 0 0.2 0 0 0 0 0 0 0 0 0.6000000000000001 0 0 0 1.2000000000000002 1.6 0 0 3.4000000000000004 0 0 0 1 0 1.8 0 7.6000000000000005 0.2 0 7 2.8000000000000003 0.2 0 14 13.200000000000001 0.6000000000000001 4 0 0 3.2 0.2 0 0 0 0 0.2 0 10 0 0 0 2.2 2.4000000000000004 0 0 0 0 0 0 0 0 0 0.2 0 0 0 0 0 0 0 0 2 2.8000000000000003 0 0 0 0 0 0 0 0 0 0 0 0 0 0 0 0 0 0 0 0 0 0 0 0 0 0.4 17.400000000000002 0 1 0.6000000000000001 0.2 2.2 1.6 0 0 0 0 0 0 0 0 7 0 0 0 0 2.4000000000000004 0 0.2 0 0 0 0 0 0 0 0 0 0 0 0 0 0 3.2 0 0 0 0 0 0 
 26.400000000000002 8.200000000000001 35.800000000000004 24.200000000000003 30.400000000000002 0 4.6000000000000005 45 8 36 73 15.4 8 12.200000000000001 7.800000000000001 32.800000000000004 24.8 47.2 19.200000000000003 9.8 0.2 0 7.4 0.4 0 0 0.2 0.2 0.2 0.4 0 0.4 42 30.200000000000003 31.200000000000003 15.200000000000001 6.4 0.4 7.4 13.600000000000001 0 0 0 1.4000000000000001 0.8 0 1.8 0.2 0 0 0.6000000000000001 0 0.6000000000000001 0 0.2 0 0 0.6000000000000001 0 0 0.6000000000000001 0 0 0.2 11.600000000000001 0 0 0.4 0 0 0.4 0.6000000000000001 0.4 0 0 0 0 0 0.4 0 2.2 0 0 4 3 4.4 0.2 0 5.800000000000001 2.6 3.8000000000000003 5.2 0 0 0 4.6000000000000005 0 0 0 0 1 0 3 0 0 0 3.8000000000000003 0 2.8000000000000003 0 0 0 6.6000000000000005 0 0 2.6 0 0 8.6 3.4000000000000004 0 0 0 0 0 0 0.2 0 0 0 0 0 0 0 0 0 0 0 0 0 0 0 0 0 0 0 1 0 0 0 0 1.4000000000000001 0 0 0 0 0 0 0 0 0 0.8 0.4 0 3.6 3 0 0 0 0 4.2 7.800000000000001 0 0 3.6 2.6 3.6 4.2 0 0 5.800000000000001 6.6000000000000005 4 0 0 0 11.8 2.2 0 0 3.8000000000000003 0 3.2 9.200000000000001 0 0 0 0 2 5.4 0 0 0 0 0 0 0 0.2 0 0 0 0 0 5.4 0 0 0 0 0 0 0 0 0 0 0 0 0 0 0 0 0 0 0 0 0 0 0 0 0 0 0 0.2 0 0 0 1 13.600000000000001 0 0.4 0 0.2 1.4000000000000001 0 0 0 0 0 0 0 0 0 0 0 0 0 0 2.6 0 0 0 0 0 0 2.6 0 0 1.6 0 0 0 0 0 0 0 0 0 0 0 0 0 
 64.4 51.400000000000006 27.6 67 11.600000000000001 4.6000000000000005 0 33.2 43.400000000000006 8.4 3.2 16.2 37.6 13.8 45.400000000000006 24.8 28.400000000000002 35.4 30 32.800000000000004 0 0 0.2 0 0 0.6000000000000001 0 0 0 0.8 0 0 0.4 40.2 0.4 0 0 0 0 0.6000000000000001 1.6 0 0 0 0 0.8 0.6000000000000001 0.4 0 0 0.6000000000000001 0 0.6000000000000001 0 0 0 0.2 0.6000000000000001 0 11.8 0.2 0 0.4 0.6000000000000001 0.6000000000000001 0 0 0 0 0 0 0.6000000000000001 0.4 8 0 0 0 0 0.4 0 0.6000000000000001 0.2 6.4 0.2 7 4.4 0.2 7.4 4.4 7 0 12.4 6.800000000000001 2.8000000000000003 6 2 10 7.4 4.4 3.2 0 0 0 0 0 0 0 0 0 0 0 3.8000000000000003 0 0 0.4 0 0 0 0 0 0 0 0 0 0 0.2 0.2 0 0 0 0 3.8000000000000003 0 0 0 0 0 0 2.6 0 0 0 0 0 1.2000000000000002 0 0 2.8000000000000003 0 0.4 0 0 0 0 0.4 0 0 0 0 0 1.4000000000000001 4.4 0.2 7.800000000000001 1.6 0 4.2 5.2 2 4.6000000000000005 3.4000000000000004 0 4.800000000000001 4.4 1.6 3.8000000000000003 2 0 2 12.4 0 0 0 0 0 0 0 0 0 0 0 0 1.2000000000000002 0.4 0 0 0 0 0 0 0 0 0.2 0 0 0 0 0 0 0 0 0.4 0 0 2.2 0 0.4 0 0 0 0 0 0 0 0 0 0 0 0 0 0 0 0 0 0 0 0 0 0 0 0 1.6 0 0 0 0 0 0 0.4 18.2 4.800000000000001 2.2 0 0 0 0 0 0 0 0 0 0 7.800000000000001 0 0 0 0 0 0 0 0 0 0 0 0 0.2 0 0 0 0 0 0 0 0 0 0 0 0 0 0 
 44.400000000000006 68.4 43 63 51 45 33.2 0 41.2 48.800000000000004 70.8 41 27.8 42 37 33.6 58.800000000000004 14.8 15.600000000000001 7.4 0.2 0.2 0 1.2000000000000002 0 0 0 0 0 0.8 0.2 0 1.2000000000000002 0.2 0.6000000000000001 0.6000000000000001 0 0.6000000000000001 0 17.400000000000002 0 0.6000000000000001 0.2 0.2 1.6 0 0.6000000000000001 0.4 0 0 0.6000000000000001 0 0.6000000000000001 0.4 0 0 0 1 0 0 0.6000000000000001 0 1.2000000000000002 0.2 0.6000000000000001 0 0 0.6000000000000001 0.2 0 0.6000000000000001 0.6000000000000001 0.4 0 0 0.4 0 0 0.4 0 9.600000000000001 5.800000000000001 0 5.800000000000001 0.8 10.4 2.2 0 5 4.800000000000001 1.8 2 0.4 6.6000000000000005 3.2 0 5.4 0.4 3 2.2 3.4000000000000004 0 0 0 0 0 0 0.4 0 0 0 0 2 0 0 0 0 0 0 0 0 0.2 0 0 0 0 0 0 0 0 0 0 0 0 0 0 0 0 0 0.2 2.6 0 0 0.2 0 0 0 0 0 0 0 0 0.6000000000000001 0 0 0 0 0 0.6000000000000001 0 0 2.8000000000000003 5.2 2.4000000000000004 4 8.200000000000001 0 0.2 3.6 4.2 0.4 0.2 0.4 2.2 5.6000000000000005 8.200000000000001 3.8000000000000003 0.4 0 0 5.6000000000000005 0 0 0 0 0 4.4 0 0 0 0 0 3 0.2 0 0 0 0 3 6.2 0 0 0 0 0 0 0 0 0 0 0 0 0 0 0.4 0 0 0 0 0 0.2 0 0 0 0 0 0 0 0 0 0 0 0 0 0 0 0 3 0 0 0 0.2 0 0 0 0.4 18.2 0.4 18 17.8 0 1 3.8000000000000003 0 0 0 0 0 0 0 0 0 0 0 0 0.2 0.2 0 0 0 0 0 0 0 0 2 1.8 0 0 0 0 0 0 0 0 0 0 0 0 0 
 49.6 31.200000000000003 11.200000000000001 35 18.6 8 43.400000000000006 41.2 0 12.4 7.2 43.400000000000006 31.8 74.4 17.400000000000002 24.400000000000002 21.400000000000002 11.200000000000001 29.200000000000003 57.2 0.4 0 0 0.2 0.2 0 0 0 0 0.4 0 0 0.6000000000000001 0 0.4 0 0 0 0 0.6000000000000001 0 0 0 0 0.2 0 0.6000000000000001 0.4 0 0 0.6000000000000001 0 13.200000000000001 0 0 0 0.4 0.6000000000000001 0 0 0.6000000000000001 0 0 0 7 0 0.6000000000000001 0 0 0 0.6000000000000001 0.6000000000000001 0.4 0 0 0 0 0 0.4 0 0 6.2 6.800000000000001 0.2 3.4000000000000004 0 0 6.6000000000000005 9.8 3.2 0 1.4000000000000001 7.4 0.2 0 1.2000000000000002 4.4 5.4 2 2.4000000000000004 1 0 0 0 0 0 0 0 0 0 0.4 0 0 0 0.2 0 0 0 0 0 0 0 0 0 0 0 0 0 0 0 0 0 0 0 0 0 0 0 0 0 0 0 0 0 1.6 0 0 0 0 0.6000000000000001 0 0 0 0 0 0 0 0 0.6000000000000001 0.2 3.8000000000000003 4.2 0 2.2 2 0.4 3.8000000000000003 6.800000000000001 0 3.6 4 0 3.2 3.8000000000000003 2.2 2.8000000000000003 5.800000000000001 0 1.8 5.2 0 0 0 0 0 0 0 0 0 5.6000000000000005 0 0 4 0.4 0 0 0 0 0 0 0 0 0 0 0 0 0.2 0.2 2.8000000000000003 0 0 0 0.2 0 0 0 0 0 0 0 0 0 0 0 0 0 0 0 0 0 0 0 0 0 0 0 0 0 0 0 0 2 0 0 0 0.2 0 0 0 0.8 2 1.4000000000000001 3.4000000000000004 0 0 0 0 0 0 0 0 0 7 0 0 0 0 0 0 0 0 0 0 0 0 2.4000000000000004 0 5 0 0 0 0 0 0 0 0 0 0 0 0 
 36.6 25.400000000000002 46.2 53.6 82.80000000000001 36 8.4 48.800000000000004 12.4 0 15.4 9.600000000000001 55.2 34 82.60000000000001 39.2 27.8 52.2 16 38.6 0.4 0 1 0 0 0 0.2 0.2 0.2 0.4 0 0 3.8000000000000003 14.600000000000001 0.6000000000000001 0.2 0.2 0 0 15.200000000000001 0 0 0 0.8 0 0 0.6000000000000001 0.2 0 0 0.6000000000000001 0 0.6000000000000001 0 0.4 0 0 0.6000000000000001 0 0 0.6000000000000001 0 0 0.2 0.6000000000000001 0 0 0 0 0 0.4 0.6000000000000001 0.4 0 0 0 0 0 0.4 0 2.6 0 0 2.4000000000000004 3.2 4.6000000000000005 0.4 0 1.2000000000000002 2.4000000000000004 2.8000000000000003 27.8 5.6000000000000005 0.4 0 0 0.6000000000000001 0 0 0 0 0 0 0 0 0 0 0 0 0 0 0 2.8000000000000003 0 0 0 0 5 1.4000000000000001 0 0 0 0 0.2 0 0 0 0 0 0 0 0 0 0 0 0 0 0 0 0 0 0 0 0 0 0 2.6 4.6000000000000005 0 0 0 0 0 0 0 0 0 0 0 0.4 0 0.8 0 0 0 6.6000000000000005 0 0 0 0 4.6000000000000005 4.2 3 2.6 3.6 3.6 4.800000000000001 3.4000000000000004 0 0 6.2 0 2.8000000000000003 0 0 0 0 0 0 0 0 0 1.4000000000000001 4.4 0 0 0 0 1.2000000000000002 1.2000000000000002 0 0 0 0 0 0 0 0 0 0 0 0 0 0.2 0 0 0 0.2 0 0 0 0 0 0 0 0 0 0.4 0 0 0 0 0 0 0 0 0 0 0.4 0 0 0 0 0 0 0.4 9.600000000000001 0 0.8 17.8 0 2.4000000000000004 0 0 0 0 0 0 0 0 0 0 0 0 0 0 0 0 0 0 0 0 0 0 0 0 5.4 0 0 0 0 0 0 0 0 0 0 0 0 0 
 23.400000000000002 21.6 51.2 47.800000000000004 24 73 3.2 70.8 7.2 15.4 0 99 3.4000000000000004 62.6 89.80000000000001 77.2 94 49 6.6000000000000005 7.2 0.2 0 0 0.4 0 0 0 0 0 0.4 0 0.2 15 14.8 30.400000000000002 1.4000000000000001 0 0.4 15 0.8 0 0 0 0 0 0 0.6000000000000001 0.4 0 0 0.6000000000000001 0 0.6000000000000001 0.4 0 0 0 0.6000000000000001 0 0 0.6000000000000001 0 0 0.2 0.6000000000000001 0 1 10.4 0 0 0.4 0.6000000000000001 0.4 0 0 0 0 0 0.4 0 13.200000000000001 0 2.8000000000000003 0 8.4 3.6 3.8000000000000003 4 1.8 5.800000000000001 0.2 2.8000000000000003 5 0.6000000000000001 3.2 6 3.4000000000000004 5.4 1.8 0 6.4 0 0 0 0 0 0 2.6 0 0 0 0 10.8 2.2 1.6 0 0 0 2.8000000000000003 1.8 0 0 0 0 0 0 0 0 0 0 0 0 0 0 0 0 0 0 0 0 0 0 0 0 0 0 0 0 0 0 0 0 0 0 0 0 0 0 0 1.6 0 7.6000000000000005 0 4 1.2000000000000002 4.2 0 2.2 0 3.6 1.4000000000000001 2.8000000000000003 0 2.2 0 0 3 4.6000000000000005 0 0 1.4000000000000001 3.8000000000000003 0 0 0 0 2.8000000000000003 2.6 0 0 0 0 0 4.800000000000001 1.4000000000000001 0 0 0 3 0 0 0 0 0 0 0 0 0 0 0 0 0 0 0 0 0 0 0 0 0 0 0 0 0 0 0 0 0 0 0 0 0 0 0 0 0 0 0 0 0 0 0 0 0 0 0.4 1.2000000000000002 0.2 2 0.4 0 1.2000000000000002 0 0 0 0 0 0 0 0 0 0 0 0 0.2 0 0 0 0 0 0 0 0 0 0 0 0 0 0 0 0 0 0 0 0 0 0 0 0 0 
 50.800000000000004 11.4 42 60.800000000000004 35.2 15.4 16.2 41 43.400000000000006 9.600000000000001 99 0 4.2 52.6 75.60000000000001 42.2 94.4 13.4 5 53.800000000000004 0.2 0 14.8 0 0 0.4 0 0 14.600000000000001 15.200000000000001 0 0 15.8 0 0.4 0 0.4 0 0 1.4000000000000001 1 0 0 0 0.4 0.2 0.6000000000000001 0.2 0 0 0.6000000000000001 0 0.6000000000000001 0 0 0 0.2 0.6000000000000001 0 0 0.2 0 0 0.6000000000000001 0.6000000000000001 0.6000000000000001 0.6000000000000001 0 0 0 0 0.6000000000000001 0.4 0 0 0 0.6000000000000001 0 0.4 0 3.8000000000000003 0 2.8000000000000003 5.2 2.8000000000000003 2.4000000000000004 0 2 6 7.800000000000001 4.6000000000000005 3.6 2.2 2.8000000000000003 1.8 3.6 2.4000000000000004 0.4 0.4 0 1.8 0 3.2 0 0 0 0 0 2.2 0.2 0 0 7.2 7 0 4.2 0 0 2.2 2.2 0 0 0 0 0 0 0 0 0 0 0 0 0 0 2.8000000000000003 0 0 0 0 0 0 0 0 0 1.2000000000000002 0 0 0 0 0 0 0 0.2 0 0 0 0 0.4 0 0 0.2 0.2 0 3.8000000000000003 1.2000000000000002 3 0 0.4 1.6 1.8 0 0 0 10.600000000000001 2.8000000000000003 1.8 0 2 3.8000000000000003 3.8000000000000003 3 0 0 0.4 4.2 0 5.4 2.8000000000000003 0 0 0 0 4.2 0 0 0 0 0 2 0.4 0 0 0 0 0 0 0 0 0 0 0 0 3.8000000000000003 0 0 0 0 0 0 2 0 0 0 0 0 0 0 0 0 0.4 0 0.2 0 0 0 0 0 0 0 0 0 1.2000000000000002 0 0 0 0.4 1 0 0.2 0.2 0 1.2000000000000002 4.800000000000001 0 0 0 0 0 0 0 0 0 0 0 0 0 0 0 0 0.4 0 0 0 0 0 0.2 0 0 0 0 1.8 0 0 0 0 0 0 0 0 0 
 98.2 14.4 21.400000000000002 12.200000000000001 15.4 8 37.6 27.8 31.8 55.2 3.4000000000000004 4.2 0 41.800000000000004 7.800000000000001 7.800000000000001 62.400000000000006 63 51.400000000000006 107.2 0 0 0 0 0 0 0 0 0.2 0.8 0 0.2 0.4 14 0.4 0.6000000000000001 0 0.6000000000000001 0 0.6000000000000001 0 0.6000000000000001 0 0 0.2 0.8 1.4000000000000001 0.4 0 0 0.8 0.4 1 0 0 0 0 1 8 0 0 0 0 0.6000000000000001 0.6000000000000001 0 0.4 1.2000000000000002 0 0 0 0.4 0.4 0 0 0 0.4 0 0.4 0 3.2 3.6 7 0 0 0 1 2.2 0 0 0 0 0 5.800000000000001 0 0 7.6000000000000005 2.8000000000000003 0.2 3 0 0 0 0 0 0 0 0 0 0 0 0 0 0 0 0 0 0 0 0 0.2 0 0 0 0 0 0 0 0 0 0 0 0 0 0 0 0 0 0 0 0 2 0 0 0 0 0 0 0 0 0 0 0 0.8 0 0 2.4000000000000004 0 0 0 7 0 0 0.2 0 0 6.4 0 0 0 1.8 0 2.8000000000000003 0.4 0.2 0 0.2 0 1 2 0 0 0 0 0 0 0 0 0 0 0 0 0 0 0 0 0.4 0 0 0 0 0 0 0 0 0 0 0 0 0 0 0 0 0 0 0 0 0 0.2 0 0 0 0 0 0 0 0 0 0 0 0 0 0 0 0 0 0 0 0 0 0 0 0 0 0 0.2 0.4 0 0.2 0 0.2 1 0 0 0 0 0 0 0 0 0 0 0 0 0 0 0 0 0 0 0 0 0 0 0 0 0 0 0 0 0 0 0 0 0 0 0 0 0 0 
 93 88.80000000000001 12.200000000000001 38.6 30.200000000000003 12.200000000000001 13.8 42 74.4 34 62.6 52.6 41.800000000000004 0 64.4 9.4 24.6 26.400000000000002 54.2 30.8 0.2 0 0 0 0 0.4 0 0 0 0.4 0 0 0.4 0 0.4 0 0.2 0 0 0.6000000000000001 0 0 0 0 0 0 0.6000000000000001 0.4 0 0 0.6000000000000001 0 0.4 0 0 0 0.8 0.6000000000000001 0 0 0.6000000000000001 0 0 0.4 0.6000000000000001 0 0 0 0 0 0.6000000000000001 0.6000000000000001 0.4 0 0 0 0 0 10.600000000000001 0 2.2 0.2 14.600000000000001 0 3.8000000000000003 0 3 1.8 3 2.8000000000000003 3.2 2.6 9.8 4.2 0 0 9 0 0.2 5.6000000000000005 0 0 0 0 0 0 0 0 0 0 0 0 3.2 0 0 0 0.2 0.2 0 0 0 0 0 0 0 0 0 1.8 0 2 0 0 0 0 0 0 0 0 0 0 0.2 0.2 0 0 0.2 0.2 0 0 0 0.2 0 0 0 0.8 0 0 0 0 0 0 0.2 3.8000000000000003 10 0 0 1.8 0 6.6000000000000005 0 0 2.4000000000000004 1 3.6 2 0.2 0 2.4000000000000004 5 6.800000000000001 10.200000000000001 0 7.2 0 0 0 0 0 0 0 0 0 0 0 0 0 0 0 0 1.4000000000000001 0 3 0 2.4000000000000004 0 0 0 0 0 0 0 0 0 0 0 0 0 0 0 0 0 0 0 0 0 0 0 0 0 0 0 0 0 0 0 0 0 0 0 0 0 0 0 0 0 0 0.4 0.2 0 12.200000000000001 0 0 0.6000000000000001 0 0 0 0 0 0 0 0 0 0 0.2 0 0 0 0 0 0 0 0 0 0 0 0 0 0 0 0 0 0 0 0 0 0 0 0 0 0 0 
 30 82.4 9 38 39.6 7.800000000000001 45.400000000000006 37 17.400000000000002 82.60000000000001 89.80000000000001 75.60000000000001 7.800000000000001 64.4 0 37 47.6 71 10 34.2 0.2 0 0 0 0 0.2 0.2 0 15.200000000000001 0.6000000000000001 0 0 0.4 0 0.4 0 0 0 0 0.6000000000000001 0 0 0 0.2 0.4 0.2 0.6000000000000001 0.4 0 0 0.6000000000000001 0 0.6000000000000001 0 0 0 0 0.6000000000000001 0 0 0.6000000000000001 0 0 6.4 0.6000000000000001 0.6000000000000001 1.2000000000000002 0 0 0 0.6000000000000001 0.6000000000000001 0.4 10.600000000000001 0 0 0 0 0.4 0 7.800000000000001 3.2 3 0 6.2 2 4.4 0.2 3.8000000000000003 1 0 2 2.8000000000000003 5.6000000000000005 7.2 2.4000000000000004 6.2 4.6000000000000005 0 2 0.2 0 0 0 0 0 0 0 0 0 0 0 3.6 0 0 0 0 0 0 0 0 0 0 0 0 0 0.2 0 0 0 0 0 0 0 0 0.2 0 0 0 0 0 0 0 0 0 0 0 0 0 0 0 3 0 0 0 0 0 0 0.8 0 1 5.4 4 2.4000000000000004 2.4000000000000004 6.4 0.8 2.2 9.600000000000001 5.2 0 0.2 0 2.2 7 3.4000000000000004 2.2 2.6 0 2.2 0 0 0 0 0.2 0 0 0 0 0 0 0 4.2 0 0 0 0 0 0 1 3.2 0 0 0 0 0 0 0 0 0 0 0.2 0 0 0 0 2.2 0 0 0 0 0 0 0 0 0 0 4 0 0.2 0 0 0 0 0.4 0 0 0 0 0 0 2.2 0 0 0 0 1 0 18.2 0.4 0.4 1.2000000000000002 0 0 0.4 0 0 0 0 0 0 0 0 0 0 0 0 0 0 0 0 0 0 0 0 0 0 0 0 0 0 0 0 0 0 0 0 0 0 0 
 72.2 25.200000000000003 50 10.8 27.6 32.800000000000004 24.8 33.6 24.400000000000002 39.2 77.2 42.2 7.800000000000001 9.4 37 0 41.400000000000006 24.400000000000002 15.8 10.8 0.2 0 0 0 0 0 0 0.2 0 0.4 0 0 0.6000000000000001 0 0.4 0 0 0.2 0 16 0 0 0 0 0.2 0.2 0.6000000000000001 0.4 0 0 0.6000000000000001 0 0.6000000000000001 0 0 0 0 0.6000000000000001 0 0 0.4 0 0 0.4 0.6000000000000001 0 0.6000000000000001 0 0 0 0.2 0.6000000000000001 0.4 0 0 0 0 0 0.4 0 0 12 4.6000000000000005 2 8.8 8.200000000000001 0 1.8 2.8000000000000003 9.200000000000001 0 1.2000000000000002 0 3 1.8 0 0 11.600000000000001 0 1.6 0.2 0 0 0 0 0 0 0 0 0 0 0 5.2 0 0 0 0 0 0.2 0 0 0 0 0 0 0 0 0 0 0 0 0 0 0 0 0 0 0 0 0 0 0 0 0 0 0 0 0 0 0 0 0 0 0 0 0 0 0 0 1.6 3.6 0 0 0 3.4000000000000004 3.8000000000000003 2.8000000000000003 2.8000000000000003 1.8 6.6000000000000005 4 2.6 0 1 3.4000000000000004 10 3.2 0 0 0.8 4 0 0 0 0 0 0 0 0 0 0.2 0 2.8000000000000003 0 0 0 0 0 0.2 1.4000000000000001 0 0 0 0 0 0 0 0 0 0 0 0 0 0 0 0 0 0 0 0 0 0 0 0 0 0 0 0 0 0 0 0 0 0.4 0.2 0 0 0 0 0 0 0 0 0 0 0.2 44.400000000000006 0.4 0.4 0.6000000000000001 2 5 4.800000000000001 0 0 0 0 0 0 0 0 0 0 0 0 0 0 0 0 0 0 0 0 0 0 0 0 0 0 0 0 0 0 0 0 0 0 0 0 0 
 10 27 11 43.2 28.6 24.8 28.400000000000002 58.800000000000004 21.400000000000002 27.8 94 94.4 62.400000000000006 24.6 47.6 41.400000000000006 0 9.4 12.600000000000001 42.6 0.2 0 0.6000000000000001 0.4 0.4 0.4 0 0 0 0.4 15.200000000000001 0.6000000000000001 12.600000000000001 0 0.4 0 0.4 0 0.2 1 0 0 0.6000000000000001 0.6000000000000001 0.6000000000000001 0.2 0.6000000000000001 0.2 0 0 0.6000000000000001 0 0.6000000000000001 0 0 0 0 0.6000000000000001 0 2.8000000000000003 0.6000000000000001 0 0 0 0.6000000000000001 10.8 0.6000000000000001 0 0.4 0 0.6000000000000001 0.8 0.4 0.6000000000000001 0.2 0 0.6000000000000001 0 0.4 0 15.4 4.6000000000000005 0.4 3.6 0.4 2.4000000000000004 3.8000000000000003 0 9.4 2.2 2 3.6 6.6000000000000005 3.6 5 2.2 8.4 2 0 4.800000000000001 0.2 0 0 0 0 4 0 0 0.4 0 0 0 7 3.8000000000000003 0 0 0 0.4 0 2.2 0 0 0 0 0 0 0 0 0.2 0 0 0 0 0 0 0 0 0 1.4000000000000001 0 0 0 0 0 0.2 0 0 0 0 0.4 0 0 0 0 0 0.2 0 0 1.2000000000000002 0 0 5 2.6 0.8 1.6 7.2 0 0 6.2 7.2 0 0.4 0.2 2.6 7.4 2.4000000000000004 5.800000000000001 2.6 0 3 0 0 0 0 0 0 3.6 3.2 0 0 0 0 8.200000000000001 4.4 0 0 0 0 3.4000000000000004 0 0 0 0 0.4 0 0 0 0 0 0 0 0 0 0 0 0 0 4 0 0.2 0 0 0 0 0 0 0 0 0 0 0 0 0 0 0 2.8000000000000003 0 0.2 0 0 0 1.6 0 0 0.4 0.4 0.8 0 18.2 0.2 0 0.4 2 0 0 0 0 0 0 0 0 0 2.4000000000000004 0 0 0 0 0 0 0 0 0 13 0 0 3.6 0.2 1.8 0 0 0 0 0 0 0 3.4000000000000004 0 0 0 0 
 9 59.800000000000004 58.400000000000006 38.2 28.6 47.2 35.4 14.8 11.200000000000001 52.2 49 13.4 63 26.400000000000002 71 24.400000000000002 9.4 0 6 5.6000000000000005 0.2 0 0 0 0 0 5.2 0 0 0.4 0 0 15.200000000000001 0 0.4 0 0 0 0 37.6 0 0 0 9 0.4 0 0.6000000000000001 0.4 0 0 0.6000000000000001 0.2 0.6000000000000001 0 0 0 0 0.8 0 0.2 0.6000000000000001 0 0 0.2 0.6000000000000001 5.2 0 2 0 0 9 0.6000000000000001 0.4 0 0 0 0 0 0.4 0 2.4000000000000004 0 2.4000000000000004 2.4000000000000004 2.4000000000000004 2.2 1.8 0 1.4000000000000001 6.2 2.6 2 0 0 11 3.2 3.8000000000000003 5.4 0 0 10.200000000000001 0 0 0 0 0 0 0 0 0 0 0 4 1.4000000000000001 0 0 0 0 0 0 0 0.2 0 0 0 0 0 0 0 0.2 0 0 0 0 0 0 0 0 0.2 0.2 0 0 0 0.2 0 0 0 0 0 0 0 0 0 0 0 0 1 0 0 1.8 1 3 4 0 5 8 0 0 2.2 2.2 4 4.6000000000000005 0 0.2 0.2 0 8.4 2.2 0 0.4 2 2 0 0.2 0 0 3.8000000000000003 0 0 0 0 0 0.2 0 0 0 0 0.2 3.6 7.2 0 0 0 0 0 0 0 0 0 0 0 0 0 0 0.4 0.4 0 0 0 0 0.2 0 0.4 0 0 0 0.4 0 0 0 4.800000000000001 0 0 0 0 0 0.2 0 0 0 0 0.4 0 0 0 0 34.6 0 17.400000000000002 0.2 0 2 0 0 0 0 0 0 0 0 0 0 0 0 0 0 0.2 0 0 0 0 0 0 0 0 0 1.4000000000000001 0 0 0 0 0 0 0 0 0 0 0 0 0.8 
 29.8 26.6 5.6000000000000005 12.8 9.600000000000001 19.200000000000003 30 15.600000000000001 29.200000000000003 16 6.6000000000000005 5 51.400000000000006 54.2 10 15.8 12.600000000000001 6 0 29.400000000000002 1.8 0 0 0 0 0.6000000000000001 0 0 0 1 0.2 0 1.4000000000000001 0.6000000000000001 1 0 0 0 0.6000000000000001 1 1 0 0 0 0.2 0 1.2000000000000002 0.4 0.6000000000000001 0 1.2000000000000002 0.4 0.6000000000000001 0 0 0 1.2000000000000002 1.8 0 0 0.6000000000000001 0.4 0.2 0.8 0.6000000000000001 0 0 0.6000000000000001 0 0 1.2000000000000002 0.6000000000000001 0.8 0 0 0.6000000000000001 0.6000000000000001 0 0.4 0 0 5 3.2 0 0 0 2 6.800000000000001 0 0 2.8000000000000003 0 0 3.6 3.2 0 0 2.4000000000000004 0 3.6 0 0 0 0 0 0 0 0 0 0 0 0 0 0 0 0 0 0 0 0 0 0 0 0 0 0 0 0 0 0 0 0 0 0 0 0 0 0.2 0 0 0 0 0 0 0 0 0 0 0 0 0 0.4 0.2 1 0 0 0 0.4 0 0 5.800000000000001 0 2.8000000000000003 0 0 0 9.200000000000001 2.6 0 0 5 0 3 10.8 1.4000000000000001 2.4000000000000004 1.8 0 2.8000000000000003 2.4000000000000004 0 0 0 0 0 0 2.6 0 0 0 0 0 0 0 0 0 0 0 0 0 0 0 0 0 0 0 0 0 0.4 0 0 0 0 0.4 0 0 0 0 0 0 0 3 0 0 0 0 0 0 0 1.4000000000000001 0 0 0 0 0 0 0 0 0 0 0 0 0 0 0 0 0 0 0 0 1.4000000000000001 4 0 0 0 0 0 0 0 0 0 0 0 0 0 0 0 0 0 0 0 0 0 0 0 0 0 0 0 0 0 0 0 0 0 0 0 0 0 0 
 47.400000000000006 42.800000000000004 10.4 27.6 12 9.8 32.800000000000004 7.4 57.2 38.6 7.2 53.800000000000004 107.2 30.8 34.2 10.8 42.6 5.6000000000000005 29.400000000000002 0 0 0 0 0 0 0 14.600000000000001 0.2 0.4 0.4 0 14.8 0.4 0 0.6000000000000001 0 0 0.2 0 0.6000000000000001 0 0 0 0 0 0.4 0.6000000000000001 0.4 0 0 0.6000000000000001 0 0.6000000000000001 0 0 0 0 0.6000000000000001 0 0 0 0 0 0.6000000000000001 0.6000000000000001 0 0 0 0 0 0 0.4 6.4 0 0 0 6.2 0 0.4 0 2.2 6.800000000000001 2.2 0 0 0 0 2.6 0 0 2.8000000000000003 3.4000000000000004 3.4000000000000004 6 6.800000000000001 0 4 6.800000000000001 0 6.800000000000001 0 0 0.4 0.4 0 0 0 0 0 0 0 2.2 0 0 0 0 0 0 0 0 0 0 0 0 0 0 0 0 0 0 0.4 0 0 0 0 0 0 0 0 0 0 0 0 0 0 0 0 0 0 0 0.2 0 0 0 0 0 0.2 0 1 0 4 0 5.2 0.2 0 0.6000000000000001 7.800000000000001 2.8000000000000003 2 0.2 5.2 0 1.6 2.4000000000000004 3.2 5 3.8000000000000003 0 2.8000000000000003 3.6 0 0 0 0 0 0 0 0 0 0 0 0 0 1 0 0 0 6.4 0 0 0 0 0 0 0 0 0 0 0 0.2 0 0 0 0 0 0 0 0 0 0 0 0 3.6 0 0 0 0 0 0 0 0 0 0 0 0 0 0 0 0 0 0 0 0 0 0 17.8 0 0.4 0.4 0.8 7.6000000000000005 0.8 0 0 0 0 0 0 0 0 0 0 0 0 0 0 0 0 0 0 0 0 0 0 0 0 0 0 0 0 0 0 0 0 0 0 0 0 0 0 
 0.2 0.4 0.6000000000000001 0.2 0.4 0.2 0 0.2 0.4 0.4 0.2 0.2 0 0.2 0.2 0.2 0.2 0.2 1.8 0 0 42.6 22.200000000000003 9.200000000000001 22.8 11.8 14.8 32.4 57.800000000000004 26.200000000000003 30.6 84 53.400000000000006 8.6 86.4 24.400000000000002 21.6 24.8 22.200000000000003 27.400000000000002 0 0 0.4 0.2 0.4 0.6000000000000001 0.2 0.4 1.4000000000000001 0.6000000000000001 0 0.6000000000000001 0 0 5.800000000000001 0.4 0 0 3.4000000000000004 1.4000000000000001 0.6000000000000001 0.6000000000000001 0.4 0 0.4 0 1 0.2 0 0 0.6000000000000001 0.4 0 0 0 0 0.4 0.6000000000000001 0.4 0.6000000000000001 0 0 0 0 0 0 0 0 0.4 0 0.4 0 0 0 0 0 0 0 0 0 0 6.4 2.2 1.8 1.6 0 8.6 0 4 9.200000000000001 9.200000000000001 2.6 0 15.200000000000001 2.4000000000000004 7 4.4 5.6000000000000005 0 0 0.8 0 0 0 0 0 1.8 0 0 0 0 0 0 0 0 1.4000000000000001 0 0 9.200000000000001 0 0 0 0 0 0 0 0 0 0.4 0.6000000000000001 0 0 0 0 0.4 0 0 0 0 0 0 0.2 0 0.2 0 0 0 0 0 0 0.4 0 0.2 0 0 0 0.2 0 0 0 0 4.4 6.4 0.4 2.2 1.8 3 0 6.4 6 4.800000000000001 6 0 3.6 6 2.6 3.6 7.2 0.2 2.6 0.8 0.8 0 0 0 0 3 0 0 0 0 0 1.8 0 0 0 0 0 0.6000000000000001 0 0 0 0 0 0 0 0 0 0 0 0 0 0 0 0 0 0 0 0 0 0 0 0 0 0 0 0 0 0 0 0 0 0 0 2.6 0 0.4 0 0 0.4 0.4 0 0 0 0 0 0 0 0 0 0 0 0 0 0.6000000000000001 0 0 0 0 0 0 2.2 0 0 0 0 0 0 0 0 
 0 0 0 0 18.6 0 0 0.2 0 0 0 0 0 0 0 0 0 0 0 0 42.6 0 35.2 25.200000000000003 21.8 21.200000000000003 13.4 31.8 10.200000000000001 66.4 34.2 5 7.4 26.400000000000002 11.8 7.800000000000001 27.6 19.6 19.8 75.60000000000001 0 0 0 0 0.2 0.4 0 0 0.6000000000000001 0 0 0.6000000000000001 0 0.4 0 0 0 0.4 0 0.6000000000000001 0.6000000000000001 0.6000000000000001 0.6000000000000001 0 0.2 0 0.6000000000000001 0 0 0 0 0 0 0 0 0 0 0 0.4 0.6000000000000001 0 0 0 0 0 0 0 0 0 0 0 0.2 0 0 0 0 0 0 0 0 2.6 12.4 2 4 2.2 2 4.2 1.6 2.6 0 3 4.800000000000001 0 2.8000000000000003 5 0 15.4 9 4.4 2.2 5.2 0 0 2.8000000000000003 0 0 0 0 0 0 0 0 0 0 0 0 0 0 0.6000000000000001 4.800000000000001 0 0 0 0 0 0 0 0 0 0 0 0 0 0 0 0.2 0 0 0 0 0 0 1.8 0 0 0 0 0 0 3.4000000000000004 0 0 0 0 0 0 0 0 1.2000000000000002 0 4.800000000000001 7.4 6 2 1.8 2.2 2.6 2 7 4.2 0.2 5.6000000000000005 0 0 9.8 0.2 2.6 2.4000000000000004 0 1.2000000000000002 2.2 0 0 0 0 0 0 0 0 0 0 0 5.2 0 0 0 0 0 4.4 0 0 0 0 0 0 0 0 0 0 0 0 0 5.6000000000000005 0 0 0 0 2.4000000000000004 0 0 0 0 0 0 0 0 0 0 0 0 0 0 0 0 1.2000000000000002 0 0 15.4 15.4 0 0.8 3.6 0 0 0 11.600000000000001 0 0 0 0 0 0 0 0 0 0 0 0 0 0 0 0 0 0 0 0 0.2 0 0 0 
 0.4 0 0.8 0 0 7.4 0.2 0 0 1 0 14.8 0 0 0 0 0.6000000000000001 0 0 0 22.200000000000003 35.2 0 30.400000000000002 25.8 12.4 29.8 18.2 68.4 28.6 85.2 8.200000000000001 30.6 30 42 31.6 27.400000000000002 21.200000000000003 31.8 10.600000000000001 0.2 0 0 0.6000000000000001 0.2 0.4 5.2 0.4 0.4 0 0 1.6 0 0.8 0 0.4 0 0 12.4 0.6000000000000001 1 0.6000000000000001 0.6000000000000001 0 0.4 0 0.6000000000000001 0.2 0 0 0.6000000000000001 0.6000000000000001 0.2 0 0 0.4 0.4 0 0.4 0.6000000000000001 0 0 0 2.6 0 0 0 0 0 0 0 0 0 0 0 1.8 0 0 0.4 0 1.8 0 3 3 5.4 2.4000000000000004 2.2 0 4.4 4.800000000000001 1.8 3.8000000000000003 4 2.2 0 6.4 1.2000000000000002 0.2 4.6000000000000005 4 0 0 0 0 0.2 0 1.6 0 0 0 0 0 2.4000000000000004 3 0 0 0 0 0.6000000000000001 2 0 0 0 0 0 0 0 0 0 0 0 1.8 0 0 0 0 0 0.8 0 0 0 0 0 0 0 0 0 0 0 0 0 0 0 0 0 0 0 0 0 0 0 3.6 2.8000000000000003 1.8 3 0 4.800000000000001 3.6 0.2 0.2 6.800000000000001 6.2 0.4 0 0 3.6 2.6 2.4000000000000004 0.2 0 0 0 0 0 0 0 0 0 0 0 0 0 1.8 1.4000000000000001 0 0 0 0 5.4 0.2 0 0 0 0 0 0 0 0 0 0 0 0 0 0 0 0 0 0 0 0 0 0 2.6 0 0 0 0 0 0 0 0 0.2 0 0 1.8 0 0.2 0.4 0 0.8 0 0.4 0 0 0 0 3 0 0 0 0 0 0 0 0.2 0 0 0 0 4.800000000000001 0 0 0 0 0 0 0 0 0 0 
 0 0 0 0 0 0.4 0 1.2000000000000002 0.2 0 0.4 0 0 0 0 0 0.4 0 0 0 9.200000000000001 25.200000000000003 30.400000000000002 0 23.6 23.6 18 54.800000000000004 14.200000000000001 40.6 34.800000000000004 85.4 27.200000000000003 26 25 9.8 22 7.800000000000001 12 51.6 1.8 0 0 0.4 0.4 0.4 3.8000000000000003 0.4 0.6000000000000001 0 0.4 0.6000000000000001 0 13.600000000000001 13 13.200000000000001 0 0 12.8 25 0 0 1 0.4 0.8 0 0.4 1.8 0 0 0 0 0.4 0 0.2 0 0 0 0.4 7.800000000000001 0 0 0 0 0 0 0 0 0 0 0 0 0 0 0 0 0 0 0 0 0.4 0.4 5.2 4.4 0.4 12 0 0 0 0 1.8 3 0 0 0 0.6000000000000001 0 0 0 0 9.4 1.4000000000000001 0 0 0 0 3.6 3.6 2.4000000000000004 0 0 0 5.800000000000001 7.2 1 0 0 0.2 3.6 2.4000000000000004 0 0 0 0 0 0 0.4 0 0 0 0.2 3.6 0 0 0.8 0 0 0 0 0 0 0 0 0 0 0 0 0 0 0 0 0 0 0 0.4 0 0 0 0.4 0 0 0 2.4000000000000004 0.4 10.600000000000001 0.2 0 2.8000000000000003 0 0 0 4 0 0 0 2.8000000000000003 1.6 0.2 0 0 0 4.6000000000000005 4.2 3 0.2 0 4.2 0 2.6 0 0.8 0 1.2000000000000002 0 0.2 0 0.4 3.6 5.800000000000001 4 0.4 0 0 0 0 0 0 0 0 0 0 0 0 0 0 0.2 0 0 0 0 0 0 3.2 0 0 0 0 0 0 0 0 0 0 0.4 0.8 0 0.4 11.4 0 0.4 0 0 0 0 0 0 0 0 0 0 0 0 0 0 0 0 0 0 0 0 0 0.4 0 0.4 0.2 0 0 0 0 0 
 0 0 0 0 0.6000000000000001 0 0 0 0.2 0 0 0 0 0 0 0 0.4 0 0 0 22.8 21.8 25.8 23.6 0 37.4 11.600000000000001 44.400000000000006 15.600000000000001 42.6 31 12.600000000000001 19.6 46.800000000000004 20.8 35.4 27.8 43.400000000000006 9.600000000000001 16.400000000000002 12.600000000000001 0 12.600000000000001 0 1.8 0.4 0 12.4 0.4 0 0.2 0.6000000000000001 12.8 0 0 0 0 12.4 0 14.200000000000001 0.6000000000000001 0.6000000000000001 1 0.2 0.4 0 0.6000000000000001 0 0 0 0 0 0 0 0 0 0 0 0.4 0.6000000000000001 0 0 0.4 0 0 0 0 0 0 0 0 0 0 0 0 0 0 0 0 0 0 0.8 2.8000000000000003 0 7.2 2.8000000000000003 0 0 7 0 6 2.8000000000000003 0 2.6 1.6 0 1.8 0 0 0 5.2 5.6000000000000005 0 0 0 0 0 0 4.800000000000001 0 0 0 4.800000000000001 2 2.6 0 0 0 3.6 2 0 0 0 0 0 0 1.4000000000000001 0 0 0 0 0 0 0 0 0 0 9.600000000000001 0 0.4 0 0 0 0 0 0 0 0 5.6000000000000005 0 0 0 0 0 0 0 0 0 0 0 0 0 2 1.8 2 4.2 0 0 0.2 1.6 6.4 1.6 0 0 2 3.8000000000000003 5.6000000000000005 2.8000000000000003 0 0 5.2 0 0 0 0 0 5 0 0 0.2 0 0 4.800000000000001 7.6000000000000005 1.2000000000000002 0 0 3 3.8000000000000003 0 0 0 0 0 0 0 0 0 0 0 0 0 0 0 0 0 0 0 0.4 0 0 0 0 0 0 0 0 0 0 0 0 0 0 0 20.6 0 0.2 13.600000000000001 21.200000000000003 0 2.6 0 0 0 0 0 0 0 0 0 0 0 0 0 0 0 0 0 0 0 0 0 0 0 0 0 3.2 0 0 0 
 0 0 0 1 0.6000000000000001 0 0.6000000000000001 0 0 0 0 0.4 0 0.4 0.2 0 0.4 0 0.6000000000000001 0 11.8 21.200000000000003 12.4 23.6 37.4 0 23.400000000000002 6 5.6000000000000005 28 17.6 20.8 11.4 29.200000000000003 6 13.600000000000001 11.8 33.4 50.2 9.8 20.400000000000002 0 19.200000000000003 0 0 1 16.400000000000002 14 0.8 0 0 1 26.200000000000003 0.6000000000000001 4.6000000000000005 26.400000000000002 0.2 0.6000000000000001 0 17 0.6000000000000001 0.6000000000000001 0.6000000000000001 0.6000000000000001 0 1 0.6000000000000001 0.6000000000000001 0 0 0.6000000000000001 0.2 0.4 0 0 0 0.6000000000000001 0 0.4 10.8 0 0 0 0 0 0 0 0 0 0 0 0 0 0 2.4000000000000004 0 0.2 0 0 0 0 2.2 0 0.8 3.4000000000000004 4.2 0 0 0 0 1.8 1.6 0 0.2 0 0 0.2 0 0 0 6.2 2.4000000000000004 2.4000000000000004 1.2000000000000002 0 0 7 1.4000000000000001 5.2 1.4000000000000001 3.2 0 5 5.6000000000000005 2.8000000000000003 2.4000000000000004 0 0.4 0 6.800000000000001 0 0 0 0 0 0 0 0 0 0.2 0 0.8 0 0 0.4 0.2 0 0 0 0 0 0.2 0 0 0 0 0 0 0 0 0 0 0 0 0 0 0 0 0 0 0 0 0.2 3.2 0 0 0 0 0 0.8 1 1.6 0 0 1.6 0 0 0.2 0 0 3.6 0.2 6 0 0.2 0 3.6 3.4000000000000004 2.8000000000000003 3.4000000000000004 2.4000000000000004 0 1.8 5.6000000000000005 0 1.4000000000000001 3 6.4 0 9.600000000000001 0 0 0 0.2 0 0 0 0 0 0 0.4 0 0 0 0 0 0 0 0 0 0 0 0 0 0 0 0 0 0 0 0 0 0 0.6000000000000001 1 0.2 0.4 8.6 0 0.2 3.8000000000000003 0 0 0 0 0 0 0 0 0 0 0 0 0 0 0 0 0 0 0 0 0 0 0 0.2 0 2.2 0 0 0 
 0 0 0 0 0 0.2 0 0 0 0.2 0 0 0 0 0.2 0 0 5.2 0 14.600000000000001 14.8 13.4 29.8 18 11.600000000000001 23.400000000000002 0 34.6 83.60000000000001 21.6 15.200000000000001 21.8 24.400000000000002 6.800000000000001 8.8 21.6 7.2 11.200000000000001 47.800000000000004 46.6 9 0 0 0 0.8 0.4 0 0.4 0.4 0 0 1.2000000000000002 0 0 0.4 0 0 0 0 2.4000000000000004 0.6000000000000001 0.6000000000000001 1.8 0.4 0.4 0.2 0.6000000000000001 3.4000000000000004 0 0 2.8000000000000003 0 0 0 0 0 1.2000000000000002 0 1.4000000000000001 1.8 0 0 0 0 0 0 0 0 0 0.4 0 0 0 0 0.4 0 0 0 0 0 9.600000000000001 8.4 2.4000000000000004 1.4000000000000001 5 0 7.4 3.6 5.800000000000001 9.8 9.8 3.6 9 2.6 0 8.8 2.8000000000000003 1.4000000000000001 0 0 0 0 0 0 0 0 1.4000000000000001 0.2 0 0 0 0 0.2 0 0 0.4 0 0.4 1.6 0 0 3.8000000000000003 0 0.2 0 0 0 0 0.6000000000000001 0 0 0 0.2 0 0 0 0 0 0 0 0 0.2 0 0 1.6 0 0 0 0 0.4 0 2.2 5.800000000000001 0 0 0.2 0 0 0 0.4 0.2 3.2 0 7.4 3.4000000000000004 0 3.2 5.800000000000001 1.4000000000000001 4.4 0 2.8000000000000003 2.4000000000000004 6 4.2 2.2 0 2 0 1.8 0 0 0 2.4000000000000004 0 0 2.2 0 0 0 0 0 0 0 0 0 0 0 0 0 0 0 3.6 0 0 0 0 0 0 0 3 0.4 0.4 0 0 0 0 0 0 0 0 0 0 0 0 0 0 0 0 0 0 0 0 0 2.6 0 0 15.4 15 0.4 0.4 0.2 0 0 0 0 0 0 0 0 0 0 0 0 0 0 0 0 0 0.2 0 3 0 0 0 0 0 0 0 0 
 0.2 0 0 0 0.4 0.2 0 0 0 0.2 0 0 0 0 0 0.2 0 0 0 0.2 32.4 31.8 18.2 54.800000000000004 44.400000000000006 6 34.6 0 42.6 100.4 9 24.400000000000002 15.8 80.2 14.600000000000001 15.8 15.8 40.2 11 9.8 0 0.2 0.4 0.2 0.4 0.8 0.6000000000000001 0 0.6000000000000001 0.2 4.6000000000000005 2.4000000000000004 12.8 1 0.6000000000000001 0 0 5 0.2 1.4000000000000001 0.6000000000000001 0.6000000000000001 0.4 0.2 0.4 0 0.6000000000000001 0 0.2 0 0 0.8 0.6000000000000001 0 0 0 0 0 0.8 0.6000000000000001 0 0 0 0 0 0 4.4 0 0 0 0 0 0 0 0 0 0 0 0 1 0 5.2 5.2 0.2 2.6 0 1.2000000000000002 0 5 1 5 5 0 0.2 0 1.2000000000000002 1.2000000000000002 1.8 0 0 2.8000000000000003 0 0 0.2 0 0 1.6 0 0 0 0 0 0.2 0 0 0 0 0.4 0.2 2 0 0 0 0 0 0 0 0 0 0 0 0 0 0 0.2 0 0 1.2000000000000002 0.4 0 0 0 0.4 0 0 0 0 0 0 0 0 0 0 0.4 0 0 0 0 0 0 0 0 0 5.2 0.2 0.8 2.2 0.2 6 0.2 0.2 1.4000000000000001 0 0 1 4 0.4 0.2 0 0 2.6 0 0 0 0 0 3.6 0 0 0 0 0 3.6 0 0 0 0 2.2 14.4 0 0 0 0.4 0 0 2 0 0 0 0 0 0 0 0 0 0 0 0 0 0 0 0 0.6000000000000001 0 0 0 0 0 0 0 0 0 0 0 1.8 0.4 0 1 0 0.4 0 0 0 0 0 0 0 0 0 0 0 0 0 0 0 0 0 0 0 0 0 5 0 0 0 0 2.2 0 0 0 
 0 0 0 0 16.2 0.2 0 0 0 0.2 0 14.600000000000001 0.2 0 15.200000000000001 0 0 0 0 0.4 57.800000000000004 10.200000000000001 68.4 14.200000000000001 15.600000000000001 5.6000000000000005 83.60000000000001 42.6 0 32.800000000000004 25.8 18.8 22 20.8 32.800000000000004 46 39.2 9.600000000000001 55.800000000000004 30.6 0 0 0 0 0.2 0.4 0 0.2 0.6000000000000001 0 0 1 0 0.6000000000000001 0 0 0 0 0 1 0.6000000000000001 0.6000000000000001 0.6000000000000001 0 0.2 0 0.6000000000000001 0 0 0 0 0 0 7.6000000000000005 0 0 0 0 0.4 0.6000000000000001 0 0 0 1.8 0 0.4 0 0 0 0 0 0 0 0 0 0 1.6 0 0 0 3 2.6 3.6 1.6 2 4.2 2.6 0 12.200000000000001 6.4 4.6000000000000005 2.6 3.6 8 3.8000000000000003 8.4 7.2 2.4000000000000004 3.4000000000000004 2.8000000000000003 3.4000000000000004 0 0.4 0 0 0 1 0 0 0 0 0 0 0 0 0 0 0 3.8000000000000003 0 0 0 0 0 0 0 0 0 0 0 0 0 0 0.2 0 0 0 0 4.4 0 0 0 0.8 0 0 0 0 0 0 0.8 0 0 0 0 0 0 0 0 1 0 0.6000000000000001 0 2.6 13.4 1.8 1.8 2.2 1.6 6.6000000000000005 2.8000000000000003 2.4000000000000004 0 0 0.2 1.6 13 1.8 8.8 0 0 0.6000000000000001 0 0.4 0 0 0 4.2 0 0 0 0 0 3.4000000000000004 0 0 0 0 0 4.2 0 0 0 0 0 0 0 0 0 0 0 0 0 0 0 0 0 0 0 0 0.4 0 0 0.2 0 0 0 0 0 0 0 0 0 0 0 1.2000000000000002 0 0 0.2 14.600000000000001 0.4 0.4 0.4 0 0 0 0 0.2 0 0 0 0 0 0 0 0 0 0 0 0 2 0 4 0 0 0 0 0 0 0 0 
 0.4 0.4 0.4 0.4 0.4 0.4 0.8 0.8 0.4 0.4 0.4 15.200000000000001 0.8 0.4 0.6000000000000001 0.4 0.4 0.4 1 0.4 26.200000000000003 66.4 28.6 40.6 42.6 28 21.6 100.4 32.800000000000004 0 70.60000000000001 32.4 35.4 38.6 30.6 48 42 29 12.200000000000001 12.8 1.6 0 0 0.6000000000000001 0.4 0.4 17 12.600000000000001 0.6000000000000001 0 0 1.8 0 0.8 0 0 0 0 0.2 0.8 0.6000000000000001 0.6000000000000001 0.6000000000000001 0 0.2 0 0.6000000000000001 1.2000000000000002 0 0 0 0 0 0 0 0 0 0 0.4 0.6000000000000001 0 0 0 0.4 0 0 0 0 0 0 0 0 0 0 0 0 0 0 0 0 0 5 3.4000000000000004 7.2 4 3 2.2 0 10.4 7.800000000000001 5.6000000000000005 5.800000000000001 0 6.2 1.8 2.2 10.4 1.6 0 0 10.8 0 0 0 0 0.2 1.8 0 0.4 0 0 0 5.800000000000001 0 4.800000000000001 0 0 0 7.4 5.4 0 0 0 0 0 0 0 0.2 0 0 1 3.2 0 0 0 0 0 0.2 0 0 0 0 2.2 0 0 0 0 0 0 0 0 0 0 0 0 0 0 0 0 0 0 11.4 0.4 3.8000000000000003 1.8 2.4000000000000004 2.4000000000000004 0 3.6 2.6 3.4000000000000004 3 0 0 3 10 1.8 5.2 1.6 0 5 0 0 0 0.4 0 3.8000000000000003 0 0 0 0 0 9.4 0.2 0 0 0 0 10.4 0 0 0 0 0 0 0 0 0 0.2 0 0 0 0 0 0 0.2 0 0 0 0 0 0 2.8000000000000003 0 0 0 0 0 0 0 0 0 0 0 3.2 0.4 0 14.600000000000001 0 0.4 1.8 0 0 0 0 0 0 0 0 0 0 0 0 0 0 0 0 0.2 0 0 0 5.4 0 0 0.2 2.8000000000000003 0 0 0 0 
 0 0 0 0 1.6 0 0 0.2 0 0 0 0 0 0 0 0 15.200000000000001 0 0.2 0 30.6 34.2 85.2 34.800000000000004 31 17.6 15.200000000000001 9 25.8 70.60000000000001 0 24.6 8.4 37 12 18 32.4 23.6 7.800000000000001 27.6 0 0 0 0 0.2 0.4 11 0.2 0.4 0 0 0.6000000000000001 21.400000000000002 0 0 0 0 0 12.4 0.6000000000000001 0.6000000000000001 0.6000000000000001 10.600000000000001 0.2 0.4 0 0.6000000000000001 0 0 0 0 0 0 0 0 0.6000000000000001 0 0 0.6000000000000001 0.6000000000000001 0 0 0 0 0 0 0 0 0 0 0 0 0 0 0 0 0 0 0 0 0 2 3.2 0 2 1.8 0 0 0.2 2.2 6.6000000000000005 6.4 0 3.8000000000000003 0 2.2 3.6 10.600000000000001 0 0 0.2 0 0 1.2000000000000002 0 0 2.4000000000000004 0 0 0 0 0 0.2 3.6 0 0 0 0 2.6 4 0 0 0 0.2 0 0 0 0 1 0 0 0 0 0 3.6 0 0 0.2 0 0 0 0 0 0 0.2 0 0 0 0 0 0 0 0 0 0 0 0 0 0 0 0 0 5 0 8.4 0.2 0 1.8 0.4 0 0 10.4 0 0 2.6 0.2 6.2 2.2 0 0 2.8000000000000003 0 0 0 0 0 3.8000000000000003 0 0 0 0 0 10.8 0 0 0 0 0 10 0 0 0 0 0 0 0 0 0 0 0 0 0 0 0 0 0 0 0 0 0 0 0 0 0 0 0 0 0 0 0 0 0 0 0 0.8 0 0 1.2000000000000002 0 0.4 0 0 0 0 0 0 0 0 0 0 0 0 0 0 0 0 0 0 0 0 0 1 0 0 0 0 2.8000000000000003 0 0 0 
