 0 60.6 53.800000000000004 29 28.200000000000003 12.600000000000001 40.6 55.2 66.4 15.4 88.60000000000001 9.8 39 47.800000000000004 13.200000000000001 28.200000000000003 51.6 26 68.60000000000001 12.200000000000001 0 0 0 0 0.4 0 0 0 0.4 0.4 0 0 0 0 0 0 0 0 0 0 0 0 0 0 0 0 0 0.8 0 0.6000000000000001 0 0 0 0.6000000000000001 0.2 0.2 1.2000000000000002 0 2.2 0 0 0 0.2 0 0 0 0 0 0.4 0 0.6000000000000001 0 0 0 0 0 0 0.6000000000000001 0 0.4 2.6 2.8000000000000003 2.2 5.2 0 0 11.200000000000001 5.4 5.2 0 0 3.4000000000000004 3.2 16.400000000000002 4.4 4 8.6 2.8000000000000003 0 0.8 0 0 0 0 0 0 0 0.4 0 0 0 0 0 0 0 0 0 0 0 0.4 0 0 0 0 0 0 0 0 0 0 0 0 0 0 0 0 0 0 0 0 0 0 0 0 0 0.2 0 0 0 0.2 0 0 0 0.4 0 0 0 0 0 0 1.2000000000000002 0 2.8000000000000003 0 3.8000000000000003 0.4 3.4000000000000004 1.4000000000000001 0.2 2.8000000000000003 2.8000000000000003 4.6000000000000005 4.6000000000000005 7 7.2 3.8000000000000003 0 1.8 0 0.4 0 0 0 0 0 0.2 0 0 0 0 0 0 3.4000000000000004 0 0 0 0 0 7 0 0 0 0 0 0 0 0 0 0 0.4 0 0 0 0 0 0 0 0 0 0 0 0 0 0 0 0 0 0 0 0 0.4 0 0 0 0 0 0 0 0 0 0 0 0 0 0.2 0.2 18.400000000000002 0 18.2 0.2 0 1 0 0.2 0 0 0 0 0 0 0 0 9.8 0 0 0 0 0 0 0 0 0 0 0 0 0 3.6 0 0 0 0 0 0 0 0 0 0 0 0 0 
 60.6 0 14.4 17.400000000000002 26.8 28.8 52.6 82.80000000000001 6.4 41.2 8.4 16.400000000000002 75.4 29.8 45.6 34 7.6000000000000005 8 39.2 51.6 0 0 0 0 0.4 0 0.8 0 0.4 3.4000000000000004 0 0.4 0 0 0 0 0.2 0.6000000000000001 15.600000000000001 0.2 0 0 0 0 0 0 0 1.4000000000000001 0 0.4 0 0 0 0.6000000000000001 0.4 0 2.2 0 0 0 0 0 0.8 0 0 0 0 0 0.4 0 0.4 0 0 0 0 0 0 0.6000000000000001 0.4 6.800000000000001 3 10.200000000000001 4 0.4 0 0 4.2 4.2 3.2 3.2 0 0 4.800000000000001 10.200000000000001 2.6 0.4 8.6 1 0 4.4 0 0 0 0 0 0.4 0 0 0 0 0 0 0 0 0 0 0 0 2 0 0 0 0 0 0 0 0 0 0 0 0 0 0.2 0 0 0 0 0 0.2 0 0 0 0 0 0 0 0 0 0 0 0 0 0 1.8 0 0.2 0 0 0 0 0 8 0 1.2000000000000002 3.6 2.8000000000000003 0 2 3.4000000000000004 0 7.6000000000000005 4 2 1.4000000000000001 5.2 2 0 9.600000000000001 4.800000000000001 2.2 0 0 0 0 0 0 0.2 0 0 0 0 0 2.8000000000000003 0 0 0 0 0 3.2 3.4000000000000004 0 0 0 0 0 0 0 0 0 0 0 0 0 0 2.2 0 0 0 0 0 0 0.2 0 0 0 0.2 0 0 0 0 0 0 0 0 0 1.2000000000000002 0 0 0 0 0 0 0 0 0 0.2 0.2 0.4 0 0.2 1 2.4000000000000004 0 0 0 0 0 0 0 0 0 0 3 0 0 0 0 0 0 0 0 0 0 0 0 0 0 0 0 0 0 0 0 0 0 0 0 0 0 0 
 53.800000000000004 14.4 0 50.400000000000006 32.6 40.2 32 48.2 12.8 5.2 24.400000000000002 35.4 52.2 23.8 44 27.6 62.6 26.400000000000002 42.800000000000004 27.8 11 0 0.4 0 0.4 0.4 0 0.4 0.4 0.8 0 0 0 0 8.200000000000001 0.4 0.4 0.6000000000000001 15 0.2 0.6000000000000001 0 0 0 0.4 0 0 0 0 0.6000000000000001 0.2 0 0.6000000000000001 0.6000000000000001 0 0.4 0.4 0 0.6000000000000001 0 0 0 0 0.2 0 0 0 0 0.6000000000000001 0 0.6000000000000001 0 0 0 0 0 0 0.6000000000000001 0.2 2.8000000000000003 5.6000000000000005 2.4000000000000004 15 3.6 0 5.6000000000000005 0.2 4.800000000000001 5.4 6 8 11.4 0 6.2 3.4000000000000004 11.4 1.4000000000000001 5.800000000000001 3.8000000000000003 2.6 0 0 0.8 0 0 0 0 2.2 0 0 0 0 3.6 0 2.4000000000000004 0 0 0 0 0 0 0 0 0 0 0 0 0 0 0 0 0.4 0 0 0.2 0 0 0 0 0 0 0 0 0 0 0 0 0 0 0 0 0 0 0 0 0 0 0 0.2 0 5.800000000000001 2.6 5.2 10.200000000000001 2.6 3 3.6 3.2 1 6 1.4000000000000001 0.6000000000000001 0 0.2 5.2 2.6 13.200000000000001 0 0 0 0 0 4.6000000000000005 0.4 0 0 4 5 0 0 0 0 3.6 0 0 0 0 0 0 0 0.4 0 0 0 0 0 0 0 0 0 0 0 0 0 0.2 0 6.6000000000000005 0 0 0 0 0 0 0 0.4 0 0 0 0 0 0 0 0 0 0.2 0 0 0 0 0 0 0 0 0 0 0 17.8 0.4 0 0 0 1.8 1.8 0 0 0 0 0 0 0 0 0 0 0 0 0 0 0 0 0 0 0 0 0 0 5 7.2 2.2 0 0 0 0 0 0 0 0 0 0 0 0 
 29 17.400000000000002 50.400000000000006 0 32.4 28.400000000000002 16 20.6 11.200000000000001 12.8 13.600000000000001 24.200000000000003 36 77.2 10.600000000000001 12 25.200000000000003 12 53.6 28.200000000000003 5 0 0 0 0.4 0 0 0 0.4 0.4 0 0 0 8.200000000000001 0.2 0.2 0 0 34.800000000000004 7 0.4 0 0.2 0 0 0.8 0 0.4 0 0.4 0 0.6000000000000001 0 0.8 0.4 0 0.4 0 1.2000000000000002 0 0 0 10.8 1.2000000000000002 1 0.4 0.4 0 0.6000000000000001 0 0.2 0 0 0.2 0.4 0 3.6 0.6000000000000001 0.6000000000000001 0.4 2.2 0 0 2.2 2 0 1.6 2 4.4 0 5 4.6000000000000005 0 6 2.2 3.4000000000000004 1.4000000000000001 2 3.4000000000000004 1.8 6 3 0 0 0 0 1.8 0 3.2 1 0 0 2 0 5.6000000000000005 0 0.2 0 2 0 0 0 0 0 0 0 0 2.8000000000000003 0 0 0 0 0 0 0 1.2000000000000002 0 0 0 0 0 0 0 0 0 0 0 0 0 0 0 0 0 0 0 0 0 0 0 0 2.2 0 4.2 9.8 2.4000000000000004 0.2 0 2.4000000000000004 0 5.2 0.6000000000000001 0.4 0 0 3.2 2.6 15.200000000000001 0.6000000000000001 0 2.4000000000000004 0 6.4 1.4000000000000001 0 0 0 2.8000000000000003 2.8000000000000003 0 0 0.2 0 4.6000000000000005 0 3.6 0 2 0 8.200000000000001 0 0 0 0 0 0.2 0 0 0 1.4000000000000001 0 0 0 0.2 0 0 0 3.2 0 0 0 0 0 0 0 0 0 0 0 0 0 0 0 0 0 0 0 0 0 0 0 0 0 0 0 0 1.2000000000000002 9 0 0 18.8 0 0.8 0 0 0 0 0 0 0 0 0 0 0 0 0 0 0 0 0 0 0 0 0 0 0 0 0 3.8000000000000003 0 0 0 0 0 0 0 0 0 0 0 0 
 28.200000000000003 26.8 32.6 32.4 0 30.8 28 93.80000000000001 33.6 14.4 35 95.80000000000001 93 55.400000000000006 14.200000000000001 47.400000000000006 21.200000000000003 18.8 11.4 14.200000000000001 0 0 16.400000000000002 0 0.4 0 39.800000000000004 14.8 7.2 0.4 0 0.2 2 0 16.6 0 11.4 0 33.2 0 0 0 0 0 0 0 0 0 0 0.6000000000000001 0 0 0 0.6000000000000001 0.2 0 0.4 2 0 0 0 0 0 0 10 0.2 0 0 1.8 0 0.6000000000000001 0 0 0 0 0 0 0.6000000000000001 0.2 0.4 2.6 1.2000000000000002 5 0 3 4.4 5 5 5.4 4 1.4000000000000001 2.8000000000000003 0 2.2 0 3 0.2 0.2 0 0 0 0 2 7.6000000000000005 0 0 2.2 11.4 0 2.8000000000000003 0 0 2 0 1.4000000000000001 0 0 3.8000000000000003 5.2 4 0 0 0 0 0 0 0 0.2 0 0 0 0 4.2 0 0 0 0 0 0 0 0 0 0 2 0 0 0 0 0.8 0 0 0 0 0 0 0 0 0 0 0 0 0 0 8.200000000000001 0 3 0 3.6 2 0 0 0 0 0 2.4000000000000004 0.4 3 4.2 0 0 0 0 0 0 0 0 9.8 0 0 2.4000000000000004 0 0 10.600000000000001 0 0 4.6000000000000005 3 0 5.2 1 0 0 0 0 0 0 7.4 0 0 0 0 0 0 0 0 0 0 0 0 0 0 0 0 0 0 0 0 0 0 0 0 0.2 0 0 0 0 0 0 0 0 0 0 1.6 0 0 0.2 0 0 0 0.8 0.6000000000000001 1.4000000000000001 0 0 0 0 0 0 0 0 0 0 0 0 0 0 0 0 0 0 0 0 0 0 0 0 1.6 0 0 0 0 0 0 0 0 0 0 0 0 0 
 12.600000000000001 28.8 40.2 28.400000000000002 30.8 0 25.400000000000002 20.400000000000002 8.200000000000001 25.8 17.8 12 11.600000000000001 11.8 12.8 22 17.8 18.6 7.2 12 15.4 14.8 0 0 0.6000000000000001 0 0 0 0.4 0.8 0 0 0 30.8 15.200000000000001 0.4 14.200000000000001 0 30.6 14.8 0 0.4 0 0 0 0 0 0 0 0.6000000000000001 0 0 0 0.6000000000000001 0.4 0.2 0.6000000000000001 0 0 0 0 0 0 0 0 0 6.2 0 0.4 0 0.6000000000000001 0 0 0 0 0 0.2 0.6000000000000001 0 0.4 3 0.6000000000000001 1.8 0 3.4000000000000004 0 2.8000000000000003 1.4000000000000001 3 0.2 3.4000000000000004 0 0 9.4 0 0 2.8000000000000003 0 0 0.4 4 4.800000000000001 0.2 0 0 4.4 0 1.6 0 8.6 1 0 0 5.800000000000001 0.2 0 5.6000000000000005 0 6.6000000000000005 6.4 0 0 0 0 0 0 0 0 0 0 0 0 0 0 0 0.4 0 0 0 0 0 0 0 0 0 0 0 0.4 0.4 0.2 0 0 0 0 0 0 0 0 0 0 0 0.2 0 1 5.6000000000000005 0 0.2 0 1.8 0 0.2 0.8 0 0 0 0.4 0 3.8000000000000003 0 0 0 1.8 0 0 0.2 0.2 0 0.2 6 1.4000000000000001 2.8000000000000003 0 4.2 2.4000000000000004 5.6000000000000005 0 0 0 4.6000000000000005 6.2 0 0 0 1.6 0 0 0.2 0 0 0 0 0 0 0 0.2 0 0 0 0.2 2.2 0 0 0 0 0 0 0 0 0 0.2 0 0 0 0 0 0 0 0 4.2 0 0 0.4 0 0 0 0 0 0.2 0 0 0.2 4.4 0 0 0 0 0 0 0 0 0 0 0 0 0 0 1.8 0 0 0 0 0 0 0 0 0 0 0 0 0 0 0 0 0 0 0 0.2 0 0 0 
 40.6 52.6 32 16 28 25.400000000000002 0 32 10 7.800000000000001 56.2 6 40.800000000000004 76.4 22.6 26.8 39 66.60000000000001 66.4 13 0 0 0.2 0 0.4 0 0.2 0 0.4 18.400000000000002 0.2 0 0 0 0 0 0 0 0 0 0 0 0 0 0 0 0 1.4000000000000001 0 0.4 0 0 0 0.6000000000000001 0.2 0 1.6 1.6 0 0 0 0 0 0 0 0 0 0 0.4 0 0.4 0 0 0 0 0 0 0.6000000000000001 0.4 7 0 17.400000000000002 10.200000000000001 5.800000000000001 0 0 2.8000000000000003 12.8 5.4 6.800000000000001 2.8000000000000003 3.2 2 10.8 0.6000000000000001 3 6.6000000000000005 2.8000000000000003 0 0 0 0 0 0 0 0 0 0 0 0.2 0 4.800000000000001 0 0 0 0 0 0.4 0 0.2 0 0 0 0 0 0 0 0 0 0 0 0.4 0 0 0.2 0 0 0 0 0 0 0 0 0 0 0 0 0 0 0 0 0.4 0 0 0 0 0 0 0 0 4.6000000000000005 6.800000000000001 4 4.2 4.6000000000000005 3 2.6 2.4000000000000004 2.4000000000000004 2.2 9.8 7.800000000000001 2 0 9 0 3.6 6.6000000000000005 3.8000000000000003 2.8000000000000003 0 0 0.4 0 0 0 0 0 0 0 0 0 3.6 0 0 0 0 0 6.2 0 0 0 0 0 0 0 0 0 0 0 0 0 0 0 8.8 0 0 0 0 0 0 0 0 0 0 0 0 0.4 0 0 0 0 0 2.2 0 0 0 0 0 0 0 0.2 0 0 0 0.4 0 0 18.2 0.4 0 0.4 0 0 0 0 0 0 0 0 15.8 0 2 0 0 0 0 0 0 0 0 0 0 0 0 0 3.2 2.4000000000000004 0 0 0 0 0 0 0 0 0 0 0 0 
 55.2 82.80000000000001 48.2 20.6 93.80000000000001 20.400000000000002 32 0 20 41.6 29.200000000000003 44.800000000000004 22.8 77.80000000000001 75.2 23 82.80000000000001 32.6 66 46.800000000000004 0 0.6000000000000001 0.6000000000000001 0 0.4 0 0 0.4 0.4 0.4 0.4 0 14.8 0 0.2 0 12.8 0 14.8 0 0 0.2 0 0.2 0 0.4 0 0.2 0 0.4 0 0 0 0.6000000000000001 0.4 0.2 0.4 0.6000000000000001 1 0.4 0 0 1.8 0 0 0 0 0 0.4 0 0.2 0.2 0 0 0 0 0 0.6000000000000001 0.6000000000000001 0.4 5.4 0.2 3 4.800000000000001 0 0 4.2 2.2 7.800000000000001 0 0 2 2.2 2.6 2.4000000000000004 3 8.4 4 4 0 0 0 0.2 0 0 0 0 2.4000000000000004 0 0 0 0 2.4000000000000004 0 0 0 0 0 1.4000000000000001 0.8 0 0 0 0 0 0 0 0 0 0 0 0 0 0 0 0.4 0 0 0 0 0 0 0 0 0 0 0 0 0.4 0 0 0 0 0 0 0 0 0 0 0 0 2.2 7.6000000000000005 1.2000000000000002 0 13.8 2.4000000000000004 1.4000000000000001 3 5.4 7.800000000000001 3.4000000000000004 5 3.4000000000000004 0 0 8.6 1.2000000000000002 0 0 0 0 0 0 0.2 0 0 0 0 0.4 0 0 3.2 0 0 0 0.2 0 2.8000000000000003 0 0 0 0 0 0 0 0 0 0 0 0 0 0 0 0 0 0 0 0 0 0 0 0 0 0 0 0 0 0 0.2 0 0 0 0 0 0 0 0 2.2 0 0 0 0 0 0 0.4 0.6000000000000001 0 0.2 0.4 0.4 0.8 0 0 0.4 0 0 0 0 0 0 0 0 0 0 0 0 0.2 0 0 0 0 0 0 0 0 4 0 0 0 0 0 0 0 0 0 0 0 0 0 
 66.4 6.4 12.8 11.200000000000001 33.6 8.200000000000001 10 20 0 49 7.4 49.800000000000004 35.800000000000004 35.800000000000004 47.400000000000006 10.600000000000001 8.6 35.2 29.400000000000002 31 0 0 0.4 0 0.4 0 12.600000000000001 0.2 0.4 0.4 0 0 19.8 0 0 0 0 0 15.8 0 0.8 0 1.2000000000000002 0 0 0 9 0 0.4 0.4 0 0 0 0.6000000000000001 0 0 0.4 1.2000000000000002 0 0 0 0 0 0 0 0.6000000000000001 4 0 1.4000000000000001 0 0.2 0 0 0 1 0 0 0.6000000000000001 0.4 0.4 0 1.8 0 2.8000000000000003 5.800000000000001 3.6 5.2 0 1.4000000000000001 2 4 0 2.8000000000000003 0 1.6 12 2.6 5.4 2.8000000000000003 1.4000000000000001 0 0 0 0.4 0 0 3.4000000000000004 3.2 0 0 0 0 2.6 0 2.8000000000000003 0 0 0 2 2 0 0 0 0 0 0 2.8000000000000003 3 0 0 0 0 0 0 0 0 0 0 0 0 0 0 0 0 0 0 0 0 0 0 0 0 0 0 0 0 0 0 0 0 3.8000000000000003 0.8 1.4000000000000001 5 0 5.2 2.4000000000000004 1.4000000000000001 0 2 3 1.4000000000000001 5.6000000000000005 5.4 1.2000000000000002 4.6000000000000005 2.2 4.800000000000001 2 0 0 0 0 0 0 0 6.800000000000001 0 0 4.2 0 0 0.2 0 6.4 0.2 0 0 1.6 0 0 0 0 0 0 0 0 0 0 0 0 0 0 0 0 0 0 0 0 0 0 0 0 0 0 0 0 0 0 0 0 0 0 0 0 0 0 0 0 0 0 0 0 0 0 0 0 0 0.6000000000000001 35.800000000000004 2.2 1.6 0 0 0 0 0 0 0 0 0 0 0 0 0 0 0 0 0 0 0 0 0 0 0 0 0 0 0 0 0 0 0 0 0 0 0 0 0 0 
 15.4 41.2 5.2 12.8 14.4 25.8 7.800000000000001 41.6 49 0 33.2 8.6 30.8 18.6 35.800000000000004 36.2 32.6 41.400000000000006 16 23.6 0 1.2000000000000002 1.2000000000000002 0 0.4 0 14.8 0 0.4 15 0 0.2 6.800000000000001 0 0 0 0 0 0.2 0 0 0 0.6000000000000001 0 0 1.2000000000000002 0 0 0.6000000000000001 0.4 0 0 12.600000000000001 0.6000000000000001 0.4 0 1.2000000000000002 2.2 12.4 1.6 0 0 0.8 0.2 0.4 0 0 0 0.4 0 0.2 0 0 0 1.2000000000000002 0 0 0.6000000000000001 0.4 0.4 5.4 3.6 2.2 2.6 3.6 2.6 2.6 3.6 3 8.200000000000001 0.2 2.8000000000000003 3.2 0.2 0.4 4.2 4.6000000000000005 8.6 0 1.6 0 0 0 0 0 0 2.6 0.4 0 0 0 0.2 3 0 0 0 0.2 0 2 0.2 0.2 0 0 0 0 0 0 0 0 0 0 0 0 0.2 2.2 0 0 0 0 0 0 0 0 0 0.2 0 0 0 0 0 0 0 0 0 0 0 0 0 0 0 1.8 7 3 0 0 2 2 0.4 8 1.4000000000000001 10.600000000000001 4.800000000000001 4 3.2 2 0 0.2 4.6000000000000005 2 0.2 0 0 0 0 0 0 2 0 0 0.2 0 0.4 0 0 0 3.2 5.6000000000000005 0 0 0 0 0 0 1.8 0.4 0 0 0 0 0 0 0 0 0 2.8000000000000003 0 0 0 0 0 0 0 0.2 0 0 0 0 0 0 0 0 0 0 3.2 0 0 0 0 0 0 0 0 0 0 0 0 0.4 0 0.8 1 1.6 0.4 0 0 0.4 0 0 0 0 0 0 0 0 0 0 0 0 0 0 0.4 0 0 0 0 0 0 0 0.2 0 0 0 0 0 0 0 0 0 0 0 0 
 88.60000000000001 8.4 24.400000000000002 13.600000000000001 35 17.8 56.2 29.200000000000003 7.4 33.2 0 12.4 90.60000000000001 23.400000000000002 28.6 49.6 37 58.400000000000006 8.200000000000001 17 4.2 0 0 0 0.4 0 0.8 13.600000000000001 0.6000000000000001 6.6000000000000005 0.4 0 0.2 0.2 0.4 0.2 0 0 4.6000000000000005 0.2 0 0 0 0 0 0 0 0 0 0.6000000000000001 0 0 0 0.6000000000000001 0 0 0.4 0.4 13 0 0 0 0 0 0 0.4 0 0 0.4 0 0.6000000000000001 0 0 0 0.6000000000000001 0 0.6000000000000001 11 0 0.4 0 9 12 2.8000000000000003 4 0 0 6.6000000000000005 2 3.2 1.4000000000000001 2.2 0 2.8000000000000003 0 2.4000000000000004 5.6000000000000005 0.2 0.2 0 3 0 0 3.8000000000000003 0 0 4.800000000000001 2.8000000000000003 3.2 0 0 0.2 2.4000000000000004 2.8000000000000003 5 0 0 0 0 2.2 0 0 0 0.4 0 0 0 2.8000000000000003 0 3 0 0 0 0 0 0 0 0 0 0 0.4 0 0 0 0 0 0 0 0 0 0 0 0.4 0 0.4 0 0 0 0 0 4 10.4 3.2 0 0 2.8000000000000003 0 0 0.2 2 4 1 0 0 1.6 0.2 0 1.8 0 0 0 1.8 0 0.2 0 0 2 6 0 3.8000000000000003 0 0 0 0 3.6 0 2 0 4 0 0 0 0 0 0 0 0 0 0 0 4.4 0 0 0 4 0 0 0 0 0 0 0 0.2 0 0 0 0 0 0 0 0 0 0.4 0 0.4 0 0 0 0 0 0 2 0 0 0 1.2000000000000002 0 0 17.6 17.6 0 3.6 0 0 0 0 0 0 0 0.2 0.2 0 0 0 0 0 0 0 0 0 0 0 0 0 0 0 4 0 0 0 0 0 0 0 0 0 0 0 0 0 
 9.8 16.400000000000002 35.4 24.200000000000003 95.80000000000001 12 6 44.800000000000004 49.800000000000004 8.6 12.4 0 14.600000000000001 9.200000000000001 27 39.2 51 36 5.6000000000000005 6.6000000000000005 0.2 0 0 0.8 0.4 0.2 4.4 12.600000000000001 15.600000000000001 0.4 0 0.4 0.4 0 12 41.800000000000004 0 0.2 15.200000000000001 15.600000000000001 2.4000000000000004 0 0.4 0 0 0 0 0 0 0.6000000000000001 0 0.4 0.4 0.6000000000000001 0.6000000000000001 0.2 0.6000000000000001 0 1.2000000000000002 0.2 0 0 0 0 0 0 0 0 0.4 0 0.6000000000000001 0 0 0 1.2000000000000002 0 0 0.6000000000000001 0 0.4 6 0 5.4 6 0 2.6 1.6 2.4000000000000004 8.6 8.4 4.6000000000000005 3.6 1.8 4.6000000000000005 1.8 8 0 3.6 0 0.8 0 0 1.8 0 0 0 0 2.6 4.4 2 0 0 3.8000000000000003 0 0 0 0 0 6.6000000000000005 1.8 0 0 0 0 0 0 0 0 0 0 0 0 0 0 0 0 0 0 0 0 0 0 0.6000000000000001 0 0 0 0 0 5.2 0 0 0 0 0 0 0 0 0 0 0 0 3.6 2.8000000000000003 7 0 5.6000000000000005 6.4 0 2.4000000000000004 3.6 1.8 0.4 0 0 0 6.4 4 0.6000000000000001 0 0 0 0 3.2 0 0 0 4 0 0 0 0 0 6 0 0 0 0 0 11 1.8 0 0 0 0 0 0 0 0 0 0 0 0 0 0 0 0 0 0 0 0 0 0 0 0 0 0.6000000000000001 0 0 0 0 0 0 0 0 0 0 0 0 0 0 0 0 0 0 0 0.4 20 0 0.4 0.6000000000000001 0 0 1.6 0 0.2 0 0 0 0 0 0 0 0.4 0 0 0 0 0 0 0 0 0 0 0 0 3.2 1.6 0 0 0 0 0 0 0 0 0 0 0 0 0 
 39 75.4 52.2 36 93 11.600000000000001 40.800000000000004 22.8 35.800000000000004 30.8 90.60000000000001 14.600000000000001 0 43.6 35.4 28.6 11 23.400000000000002 75.2 10.600000000000001 0 0 0 0 0.4 0 0.2 0 0.4 0.4 0 0 0 0 14.8 0 0 0 0.2 0 0 0 0 0 0.4 0 0 0 0 0.6000000000000001 0 0 1 1 0.2 0.4 0.4 0 0 0 0 6.6000000000000005 0 0 0 0 0 0 0.4 0 0.6000000000000001 0 0 0 0 0 0 0.6000000000000001 0.2 0.4 3.8000000000000003 1.4000000000000001 2.2 1.4000000000000001 0 3.8000000000000003 0 2 2.6 2.2 5.2 3.8000000000000003 0.2 4.4 2.8000000000000003 10.200000000000001 0.2 9.8 0.2 5.2 0 0 0 0 0 0 0 0 0 0 0 0 0 0 0 0.2 0 0 0.4 0 0 0 0 0 0 0 0 0 0 0 0 0 0 0.8 0 0 0 0 0 0 0.4 0 0 0 0.2 0 0 0 0 0 0 0 0.4 0 0.4 0 0 0 0.2 0 8.6 2.2 0 2.2 0 4.6000000000000005 1.6 0 0 3.4000000000000004 5.2 1.8 0 3 6.6000000000000005 2.2 2 0.2 4.2 0 0 0 0 0 0 0 0 0 0 0 0 0.4 2.8000000000000003 0 0 0 0 0 2.8000000000000003 0 0 0 0 0 0.4 0 0 0 0 0 0 0 0 0 0.6000000000000001 0 0 0 0 0 0 0 0.2 0 0 0 0 0 0 0 0 0 0.4 0 0 0 0 0 0 0 0 0 0 0 0 0.6000000000000001 0.4 0 0 0 5 1.2000000000000002 2.4000000000000004 0 8.4 0 0 0 0 0 0 0 0 0 0 0 0 0 0 0 0 0 0 0 0 3.6 2.8000000000000003 6.2 0 0 0 0 0 0 0 0 0 0 0 1.8 
 47.800000000000004 29.8 23.8 77.2 55.400000000000006 11.8 76.4 77.80000000000001 35.800000000000004 18.6 23.400000000000002 9.200000000000001 43.6 0 43.800000000000004 70.2 26.6 5.4 74.2 71 0 0 0.4 0 0.6000000000000001 0 0 0 0.4 0.4 0 0 0 0 0 0 0 0 0 0 0 0 0 0 0 0 0 0 0 0.4 0 0 0 0.6000000000000001 0 0 0.4 0 1 0 0 0 0.8 0 0 0 0 0 0.4 0 0.4 0 0 0 0 0 0 0.6000000000000001 0.4 0.4 7.800000000000001 4.800000000000001 0.6000000000000001 2.8000000000000003 0 0 8 6.4 3 0 1.4000000000000001 2.8000000000000003 0.4 2.6 5 3.4000000000000004 2.6 5 0 1.8 0 0 0 0 0 0 0 0 0 0 0 0 4.4 0 0 0 0 0 0 0 0 0 3.2 0 0 0 0 0 0 0 0 0 0 0 0 2.6 0 0 0 0 0 0 0 0 0 0 0 0 0.4 0.2 0 0 0 0 0 0 0 0 0 0 1 2.8000000000000003 2.4000000000000004 0 0 0 6.800000000000001 2 1 2.4000000000000004 5.4 1.4000000000000001 9.200000000000001 4 1 2.6 1.6 0 0 7.6000000000000005 0 0 0 0 0.2 0.4 0 0 0.2 0.4 0 0 0 0 0 0 0 0 0 0 0 0 0 0 0 0 0.2 0 0 0 0 0 0 0 0 0 0 0 0.2 0 0 0 0 0 0 0 0 0 0 0 0 0 0 0 0 0 0 0 0 0 0 0 0 0 0 0.4 18.6 0 0.8 0.2 0 1.8 17.400000000000002 0 0 0 0 0 0 0 0 0 0 0 0 0 0 0 0 0 0 0 0 0 0 0 3.2 0 0 0 0 0 0 0 0 0 0 0 0 0 
 13.200000000000001 45.6 44 10.600000000000001 14.200000000000001 12.8 22.6 75.2 47.400000000000006 35.800000000000004 28.6 27 35.4 43.800000000000004 0 29 102 18.2 71.2 20.200000000000003 0 0 0 0 0.4 0 0 0 0.4 0.4 0 0 0 0 0 0 0 0 0 0.2 0 0 0 0 0 0 0 0.8 0 0.4 0 0 0 0.6000000000000001 0 0 1.4000000000000001 0 0 0 0 0 0 0 0 0.2 0 0 0.4 0 0.2 0 0 0 0 0 0 0.6000000000000001 0.6000000000000001 0.4 3.8000000000000003 5.800000000000001 8 2.8000000000000003 0.2 2 11.4 2.4000000000000004 0 5.4 4 3 10.4 0 5 10.600000000000001 4.2 2.8000000000000003 3.6 4 0 0 0 0 0.4 0 0 0 0 0 0 0 0 0 0 0 0 0 0 0 0 0 0 0 0.2 0 0 0 0 0 0 0 0 0 0 0 0 2 0 0 0 0 0 0 0 0.2 0 0 0 0 0 0.4 0 0 0 0 0 0 0 0 4.4 1.2000000000000002 0 0.4 3 1 3 3.8000000000000003 4.2 2.8000000000000003 1.8 2.4000000000000004 1.8 3 7.4 1.6 1.2000000000000002 3.4000000000000004 5.800000000000001 0 0 0 0.6000000000000001 0 0 0 0 0 0 0 0.4 0 0 0 0 0 0 0 0 0 0 0 0 0 0 0 0 0.4 0 0 0.4 0.2 0 0.4 0 3.8000000000000003 0 0 0 0 0.4 0 0 0 0 0 0 0 0 0 0 0 0 0 0 0 0 0 0 0 0 0 0 0 0 0 0.6000000000000001 0 0.2 0 3.4000000000000004 0.6000000000000001 2.4000000000000004 0 0 0 0 0 0 0 0 0 1.8 0 0 0 0 0 0 0 0 0 0 0 0 2.2 4 0 0 0 0 0 0 0 0 0.2 0 0 0 0 
 28.200000000000003 34 27.6 12 47.400000000000006 22 26.8 23 10.600000000000001 36.2 49.6 39.2 28.6 70.2 29 0 57.400000000000006 26.8 12.8 54 0 0 0 0 6.2 0.6000000000000001 0 0 0.8 18.2 0.6000000000000001 0.4 29 0 0.6000000000000001 0 0 0 15.200000000000001 0 0.4 0 0.6000000000000001 0 0 0 0 0 0.4 0.6000000000000001 0 0 0 0.6000000000000001 0.4 0 0.4 0 0.8 0 0 0 0 0 0 0 0 0.4 0.4 0.4 0.6000000000000001 1.8 0 0 0 0 0 0.6000000000000001 1.2000000000000002 0.4 5 4 0 8 2 0 22.400000000000002 10.8 18.8 4.800000000000001 6.2 7.800000000000001 3.2 9.4 0 3 2.2 5 0 0.2 0 0 0 0 0 0 0 0 0 0 0 1 2.2 0 0 1.8 0 0 1.6 0 0 0 0 0 0 0 0 0 0 0 0 0 0 0 0 0 0 0 0 0 0 0 0 0 0 0 0.2 0 0 0 0 0 0 0 0 0 0 5.6000000000000005 0 0 0 6.2 6 5 1.4000000000000001 7.800000000000001 4 3.2 0.2 6 4 3.8000000000000003 0 3.8000000000000003 5.6000000000000005 0.2 8.200000000000001 12.200000000000001 0 0 0 0 0 0 1.4000000000000001 0 0.2 0 0 0 0 0 2.8000000000000003 0 0 0 0 0 5.4 0 0 0 0 0 0 0 3.8000000000000003 0 0 0 0 0 0 0 3.4000000000000004 0 0 0 0 0 0 0 1.2000000000000002 0 0 0 0.2 0 0 0.8 0 0 0 0 0 0 0 0 0 0 0 0 0 0 0 0 0.6000000000000001 0 11 0.2 0 1.8 0.6000000000000001 0 0 0 0 0 0 0 0 0 0 0 0 0 0 0 0 0 0 0 0 0 0 3.2 0 2.8000000000000003 0 0 0 0 0 0.2 0 0 0 0 0 0 
 51.6 7.6000000000000005 62.6 25.200000000000003 21.200000000000003 17.8 39 82.80000000000001 8.6 32.6 37 51 11 26.6 102 57.400000000000006 0 21.6 8.4 8.4 0 0 0 0 0.4 0 0.4 0 0.4 0.4 0.2 0 15 1.2000000000000002 0 0 0 0 16.400000000000002 0 0 0 0 0 0.4 0 0 0 0 0.4 0 0 0 0.6000000000000001 0 0 0.4 0.4 0.4 0 0 0 0 0 0 0 0 0 3.6 0 0.2 0 0 1 0 0 0 0.6000000000000001 0.6000000000000001 0.4 1.8 0 5.6000000000000005 2 0.2 2.2 4.2 4.6000000000000005 7.6000000000000005 12.8 2.2 9 3.2 2.2 0 0.4 0 5 3.6 0.2 0 0 2 0 0.2 0 0 1.6 0 0 0 0 2.2 0 0 0 0 0 0 2.4000000000000004 0 2 0 0 0.4 0.2 0 0 0 0 0.4 0 0 0.2 0 0 0 0 0 0 0 0 0 0 0 0 0 0 0 0 0 0 0 0 0 0 0 0 0 0 3.2 1.8 3.2 8.200000000000001 0 10.4 0 3.8000000000000003 4.800000000000001 1 0.8 0 0 0 6.4 0 8.8 3.8000000000000003 0 0.2 0 0 0 0 0 0 0.6000000000000001 0.4 0 0 0 0 3.2 0 0 0 0 0 0 0 0 0 0 0 0 0 0 0.4 0 0.2 0.4 0.2 0 0.2 0.2 0 0.2 0 0 0 0 0 0 0 0 0 0 0 0 0 0 1.6 0 0 0 0 0 4.800000000000001 0 0 0 0 0 0 0 0.2 0.2 0 0.2 0.2 0 0.6000000000000001 0 0 0 0 0 0 0 0 0 0 0 0 0 0 0 0 0 0 0 0 0 0 0 0 3.2 5 0 0 0 0 0 0 0 0 0 0 0 0 
 26 8 26.400000000000002 12 18.8 18.6 66.60000000000001 32.6 35.2 41.400000000000006 58.400000000000006 36 23.400000000000002 5.4 18.2 26.8 21.6 0 9.8 11.4 0 0 0.4 0 0.6000000000000001 0 19 15.200000000000001 0.4 1.4000000000000001 0 0 0 0 0 0.2 0.2 0 30 0 0 0 0 0 0 0 0 0 0 0.6000000000000001 0 0 0 0.6000000000000001 0 0 0.8 1.4000000000000001 0 0 0 0 0 0 0 0.2 0 0 0.4 0 0.2 0 0 0 0 0 0 0.6000000000000001 0.6000000000000001 0.4 2.2 0.6000000000000001 10.600000000000001 6 7.2 6.2 4 2 3.2 4.4 6.4 8.4 0 3 0 4.800000000000001 5.4 0 0 2 0 0 0 4 0 0 1.8 10 0 0.4 0 0 0 0 5.800000000000001 0 0 0 2 8.4 0 0 0 2.2 0 0 0 0 0 0 0 0 0 0 0.4 0 0 0 0 0 0 0 0 0 0 0 0 2.6 0 0 0 0 0 0 0 0 0 0 0 0 0 1.8 2 0 2.2 4.6000000000000005 0 3.8000000000000003 3.6 6.2 2.2 0.4 0 0 2 0 3 0 0.2 0 0 0 0.2 0.2 0 0 5.4 0 0 7.800000000000001 0 0 0 0 0 0 0.8 0 0.2 0.2 0 0 0 1 0 0 0 0 0 0 0 0 0 0 0 0 0 0 0 0.4 0 0 0 0 0 0 0 0.2 0 0 0 0 0 0 0 0 0 0 0 0 0 0.4 0 0 0 0 0.6000000000000001 0 1.2000000000000002 19.200000000000003 0 2.2 2 0 0 0 0 0 0 0 0 0 0 0 0 0 0 0 0 0 0 0 0 0 0 1.8 0.2 0 0 0 0 0 0 0 0 3.8000000000000003 0 0 0 0 
 68.60000000000001 39.2 42.800000000000004 53.6 11.4 7.2 66.4 66 29.400000000000002 16 8.200000000000001 5.6000000000000005 75.2 74.2 71.2 12.8 8.4 9.8 0 57 0 0 1.8 0 0.4 0.4 0 0 1.2000000000000002 3.2 0 0.6000000000000001 0.2 1 1 0 0 0 0 1.2000000000000002 13.200000000000001 0 0.4 0 0 0 0.4 0.8 0.6000000000000001 0.6000000000000001 0.4 0.6000000000000001 0 1 0 12.4 1.4000000000000001 0 0.4 1.2000000000000002 1.6 0 7.2 0 0 0 0 0.4 0.4 0.8 0.6000000000000001 11 0 0 0 0 0 0.8 0.2 0.4 0.8 6.6000000000000005 0.6000000000000001 2 0 0 0.2 2.8000000000000003 1 2.2 0 3 2.8000000000000003 0.4 8 8 0 0.6000000000000001 3.2 1.4000000000000001 0 0 0 0 0 0 0 0 0 0 0 0 0 0 0 0 0 1 0 0 0 0 0 2 0 0 0 0 0 0 0 0 0 0 0 1.8 0 0 0 0 0 0 0 0 0 2.8000000000000003 0.4 0 0 0 0 0 0 0 0 0 0 0 0.8 0 5.4 5.2 1.4000000000000001 2.4000000000000004 0.2 0 5.4 1.8 3.6 0.4 5.6000000000000005 0 2.6 3.6 3.4000000000000004 1.8 0 4.4 4.6000000000000005 0 0 0 0 0 0 0 0 0 0 0 2.4000000000000004 0 0 0 0 0 0 0 0 0 0 0 0 0 0 0 0 0 0 0 0 0 0 0 0 0 0 0 0 0 0 0 0 0 0 0 0.4 0 0 0 0 0.4 0 0 0 0 0 0 0 0 0 0 0 0 0 0.8 0.6000000000000001 0 0 0 0 1 0.4 0 0 0 0 0 0.4 0 0 0 0 0 0 0 0 0.4 0 0 0 0 0 0 0 0 2 0 0 0 0 0 0 0 0 0 0 0 0 0 
 12.200000000000001 51.6 27.8 28.200000000000003 14.200000000000001 12 13 46.800000000000004 31 23.6 17 6.6000000000000005 10.600000000000001 71 20.200000000000003 54 8.4 11.4 57 0 0 0 0 0 0.4 0 0.4 0 0.6000000000000001 0.4 0 0 0 0.4 0 0.2 0 0 0 0.2 0 0 0 0 3 0 0 0 0.2 5 4 0 0 0.6000000000000001 0 0 0.4 0.4 0 0 0 0 0.6000000000000001 0 0 0 2.2 0 0.4 1 0.6000000000000001 0 0 2.2 9.4 0 0 0.6000000000000001 2.2 0.4 2.2 5.4 0 0 0 0 0 0 1.2000000000000002 3 0 3.2 2.2 0.6000000000000001 5.4 4.6000000000000005 2.2 3 3.4000000000000004 5.6000000000000005 0 0 0 0 0 0 0 4.800000000000001 0 0 0 0.2 0.2 0 0 0 0 0 0 0 0 0 0 0.4 0 0 0 0 0 0 0 0 0 0 0 0 0 0 0 0 0.4 0 0 0 0 2 0 0 0 0 0 0 0.4 0 0.4 0 0 0 0 0 8 2.4000000000000004 5.2 2.2 0 0 5 8.200000000000001 0 0.8 4.4 1.8 5.4 5.2 0 2.8000000000000003 0 0 0 0 0 0 0 0.2 0 0 0 0 0 0 0 0 0 0 0 0 0 0 0 0 0 0 0 0 0 0 0 0 0 0 0 0 0 1.8 0.4 0 0 0 0 0 0 0 0.2 0 0 0 0 0 0 0 0 0 0.4 0 0.4 0 0 0 0 0 0 0 0 0 0 0 0.6000000000000001 0 0 0.4 0.4 3 0 0 0 0 0 0 0 0 0.2 0 0 0 0 0 0 0 0 0 0 0 0 0 0 0 0 0 0 0 0 0 0 0 0 0 0 0 0 0 
 0 0 11 5 0 15.4 0 0 0 0 4.2 0.2 0 0 0 0 0 0 0 0 0 49.800000000000004 78 79 36.800000000000004 11 33.800000000000004 47.800000000000004 22.8 6.6000000000000005 42.400000000000006 7.4 27.6 46 28.200000000000003 84 65 15 48.800000000000004 15.8 0.6000000000000001 0 0 0 0.6000000000000001 0 0.4 0 0 0 0 0 4.2 0 0.6000000000000001 0 0 0 0.4 0 0 0 0 0.4 0 0.4 0.4 0.4 0 0 0.6000000000000001 15.600000000000001 0 0 0.4 0 1.4000000000000001 0 0.4 0 0 0 0 0 0 0 0 0 0 0 0.6000000000000001 0 0 0 0 0 0 0 0 0 12.200000000000001 3.2 3.6 2.4000000000000004 0 2.2 4.4 0 8.4 0 0 4.4 6.4 0 6.6000000000000005 0.2 6.2 2.2 0.4 0 0 0 0 0 0 0 6.4 2.8000000000000003 0 0 0 0 1.6 0 1.4000000000000001 0 0 0 0 2.4000000000000004 0 0 0 0 0 0 0 0 0 0.2 0 0 0.2 0 0 0 0 0 0 0 0.2 0 0 0 0 0 0 0 0 0.2 0 0 0 0.4 0 0 0 0 0 0 1.6 4.4 0 0 2.6 0 0 7.6000000000000005 4.800000000000001 0 3 6.2 0 6.800000000000001 9.4 0 12.8 10 5 3.2 2.8000000000000003 0 0 0.2 0 0.4 2.2 0 0.2 0 0 0 0 0 0 0 0.2 0 0 5.6000000000000005 0 0 0 0 0 0.4 0 0 0 0 0 0 0 0.2 0 0 0 0 0 0 0 3.2 0 0 0 0 0 0 0 14.8 0 0 0 0 1 0 0.4 0.2 15.200000000000001 0.2 0 0 0 0 0 0 0 0 0 0 0 0 0 0 0 2 0 0 0 0 0 1.4000000000000001 0 0 0 0 0 0 0 0 
 0 0 0 0 0 14.8 0 0.6000000000000001 0 1.2000000000000002 0 0 0 0 0 0 0 0 0 0 49.800000000000004 0 59.800000000000004 34.4 8.4 8.8 58.2 23.200000000000003 9.600000000000001 6.800000000000001 12 48.400000000000006 23.400000000000002 42.400000000000006 42.800000000000004 78.4 24.400000000000002 15.200000000000001 48 14 0.6000000000000001 0.8 0 0.2 0.6000000000000001 0 0.6000000000000001 0 0.4 0 0 0 0 0 1 0 0 0 0.4 0 0 0 0 0.4 0.4 0 0.4 0.4 0 0 0.4 0.6000000000000001 0 0 0 1 1 0 3 0 0 0 0 0 0 0 0 0 0 0 0 0 0 0 0 0 0 0 0 0 3.6 6.6000000000000005 3 0 6.4 0.2 0 0 6.4 0 5.2 5.6000000000000005 2.8000000000000003 0 2.4000000000000004 6.4 2.2 4.6000000000000005 0 0 0 0 0 0 0 0 4.2 0 0 0 0 0 2 1.6 1.6 0 0 0 0 5.6000000000000005 0 0 0 0 0 0 0 0 0 0 0 0 0 0 0 0 0 3.8000000000000003 0 0 0 0 0 1.6 0 0 0 0 0 5.2 0 0 0 0 0 0 0 0 0 3.2 0.2 2.6 2.2 3.2 5.6000000000000005 2.8000000000000003 0 3.2 5 6.800000000000001 0.4 3.2 0 5 3.8000000000000003 9.200000000000001 8 17.2 0.2 7.2 0 0 0 0 0 0 0 0 0.2 0 0 0 0 2.2 0 0 0 0 0 12.200000000000001 0 0 0 0 0 0 0 0 0 0 0 0 0 0 2 0 0 1.8 0 0 0 0 0 0 0 0 0 0 0 0.2 0 0 0 0 0 0 0.4 19 0.6000000000000001 0.2 0.4 0 0 0 0 0 0 0 0 0 0 0 0 0 0 0 0 0 0 3.8000000000000003 0 2.8000000000000003 0 0 0 2.4000000000000004 0 0 0 0 
 0 0 0.4 0 16.400000000000002 0 0.2 0.6000000000000001 0.4 1.2000000000000002 0 0 0 0.4 0 0 0 0.4 1.8 0 78 59.800000000000004 0 56 10 29.200000000000003 22.200000000000003 21 49 29.6 40.6 22 14.8 41 43.6 107.60000000000001 64.60000000000001 39.6 10 12.8 0.6000000000000001 0 0 0 0.6000000000000001 0 0.4 0 0 8.6 13.200000000000001 0 0.6000000000000001 0 0.8 0 0.4 0 0.4 12.4 0 0 0 0.4 5.800000000000001 0 0.4 0.4 0 0 0.4 0 0 0 1 0 0.6000000000000001 0 1.2000000000000002 0 0 0 0 0 1.8 0 0 0 0 0 0 0 0 0 0 0 0 0 0 0 0 1.8 5 7.2 1.4000000000000001 10.4 5.2 0 0.2 0 8.8 1.2000000000000002 0 0 0 7.6000000000000005 0 7 0.2 0 0 0 0 0 0.2 0 2 0 0 0 0.2 0 3.8000000000000003 1.6 3.2 0 0 0 2 2.4000000000000004 0.4 0 0 0 0 0 0 0 0 0 0 0 0 0.2 0 0 0 0 0 0 0.4 0 0 0 0 0 0 0 0.2 0 0 0 1.8 0 0 0 0 0 0 0 6.2 2.6 2.6 2.8000000000000003 7.2 1.6 0 0 0 0.8 3.8000000000000003 5.6000000000000005 2.8000000000000003 1 0 5.800000000000001 6.800000000000001 1.4000000000000001 7.2 1.4000000000000001 0.2 0 0 0 0 0 8.4 0 0 0.4 0 0 1.4000000000000001 6.4 0 0 0 0 5.4 1.2000000000000002 0 0 0 0 0 0 0 0 0 0 0.4 0.2 0 0 0 0 0 0 0 0 0 0 2.6 0 0 16.6 0 0 0 0 0 0 0 0.4 6.4 0 0.4 47.800000000000004 0.2 0 2.4000000000000004 0 0 0 0 0 0 0 0 0 0 0 0 0 0 0 0 0 0 2.6 0 0 0 0 0 1.8 0 0 0 0 
 0 0 0 0 0 0 0 0 0 0 0 0.8 0 0 0 0 0 0 0 0 79 34.4 56 0 13.200000000000001 31.6 34 31.400000000000002 36.800000000000004 49.2 50.6 26.6 11.600000000000001 13.4 21.8 26.200000000000003 28.8 30.200000000000003 16.2 10.600000000000001 1.2000000000000002 0 0 0.2 0.6000000000000001 0 0.4 0 0 0 0 0 13.8 0 1.2000000000000002 0 0.4 0 0.8 0 0 0 10.4 0.4 0.2 0.4 0.4 0.6000000000000001 0 0 0.4 0 0 0 10.8 0 0.6000000000000001 0.4 1.6 0.2 0 0 0.2 0 0 0 0 1.4000000000000001 0 0 0 0 0 0 0 0 0 0 0 0 4.4 4.2 6.800000000000001 5 4.4 2.6 2.2 0 7 0 2.2 11.8 0 0.2 3.6 1.4000000000000001 2.2 11.200000000000001 0 0 0.4 2.2 0 0 0 0 7.2 2 0 0 0 0 1.6 1.6 6.4 0 0.4 4.800000000000001 0 3.6 0 0.2 0 0 0.2 0 0 0 0 0 0 0 0 0 0 0 0.4 0 0 0 0 0 0 0 0 0 0 0 0 0 0 0 0 0 0 0 0 0 0 0 1.6 3.8000000000000003 1.8 4.4 7.800000000000001 1.6 0 0.2 3.4000000000000004 1.2000000000000002 2.4000000000000004 7.800000000000001 0 0 0 0.2 1.6 5.6000000000000005 0 3.8000000000000003 0.2 0 0 0 0 0 2.2 0 0.2 0 0 0 0.4 3.2 10.4 0 0 0 2.8000000000000003 6 0 0 0 0 0 0 0 0 0 0 0 0 0 0 0 0 0 0 0 0 0 0 0 0 0 0 0 0 0 0 0 0 0 0 4.2 0 0 16.6 6.2 0 0.4 0 0 0 0 0 0 0 0 0 0 0 0 0 0 0 0 0 0 0 0 3.2 0 0 0 0 0 0 0 0 
 0.4 0.4 0.4 0.4 0.4 0.6000000000000001 0.4 0.4 0.4 0.4 0.4 0.4 0.4 0.6000000000000001 0.4 6.2 0.4 0.6000000000000001 0.4 0.4 36.800000000000004 8.4 10 13.200000000000001 0 29.400000000000002 9.8 31.8 119.4 36.2 17 11.4 45.2 12.200000000000001 33.6 75.4 25.6 37.6 16.8 11.200000000000001 13.200000000000001 12.4 0 0 0.6000000000000001 3.4000000000000004 19.200000000000003 12.600000000000001 0 0.4 0 0.2 0 0.2 13.600000000000001 0 0 0 6.4 0 0 0 0 0.4 0 0 0.4 0.4 0 0 0.4 0 0 0 0 7.800000000000001 0.6000000000000001 0 0.6000000000000001 0 0 0 0 0 0 0 0 0 0 0 0 0 0 0 0 0 0 0 0 0.4 0 0 6.2 0 12.200000000000001 4.2 0 1 0 0.4 2.4000000000000004 0.2 0 3.4000000000000004 0 5.800000000000001 0.2 0 0 0 1.8 2.8000000000000003 4 2.2 0 0 4.800000000000001 0 0 0 0 0 2.8000000000000003 0 0 0 0 0 5.800000000000001 4.2 0 0 0 0 0 0 0 0 0 1.8 0 0 0 0 0 0 0 5.4 0 0 0 0 0 0 0 0 0 0 0 0 0 0 0 1.2000000000000002 0 0 0 0 0.8 0 0.4 5.6000000000000005 4.800000000000001 4.800000000000001 2.6 4.800000000000001 2 3.6 2.8000000000000003 3 2.4000000000000004 1.8 0 0 1.2000000000000002 2.4000000000000004 3.8000000000000003 5.800000000000001 0 0 3.2 0 0 0 0 0 0 1.8 2.4000000000000004 3 0.2 3.8000000000000003 7.2 0 5 0.2 0 2.6 5 9 0 0 0 0 0.4 0 0 0 0 0 0 0 0 0 0 0 0.4 0 0 0 0 0 0 0 0 0 0 0 0 0 0 0 0 0 1.6 0.4 0.4 0.2 0.8 0.6000000000000001 1.6 0.6000000000000001 0 0 0 0 0 0 0 0 0 0 0 2.6 0 0 0 0 0 0 0 0 0 0 0 0 1 0 0 0 
 0 0 0.4 0 0 0 0 0 0 0 0 0.2 0 0 0 0.6000000000000001 0 0 0.4 0 11 8.8 29.200000000000003 31.6 29.400000000000002 0 40.6 8.200000000000001 6.800000000000001 94.60000000000001 17.2 41.400000000000006 5 35 13.200000000000001 190.20000000000002 54.2 24.400000000000002 38 7.2 13.200000000000001 0 12.4 0.4 0.6000000000000001 0 27.8 13 0.4 0 0 0 6.800000000000001 27.400000000000002 13.600000000000001 7 6.800000000000001 12.8 1.2000000000000002 15 0.6000000000000001 0.8 0.8 0.4 0 0 0.4 2.8000000000000003 0.4 0 0.4 1 0.6000000000000001 0.6000000000000001 0 0 0.6000000000000001 0.2 2.4000000000000004 0.2 0 0 0 0 0 0 0 0 0 0 0 0.6000000000000001 0 0.4 0 0 0 0 0 0 1.4000000000000001 0 0 0.6000000000000001 4.6000000000000005 3.6 0 0 0 0 0.4 0 0 0 0 0 0 2.4000000000000004 0 0 6 2.4000000000000004 4.6000000000000005 0 0 0.2 1 1.6 0 0 0 5.800000000000001 4 7 1.8 0 0 2.4000000000000004 2.6 0 0 0 0 0 0 0 0 0.4 0 0.4 1.6 0 0 0 0 0 0 0 0 0.4 0 0 0 0 0 0 0.8 0 0 0.2 0 0 0 0.6000000000000001 0 0 0 0 1.2000000000000002 0 0 0 0 7 6.2 3.8000000000000003 2.2 0 0 0 0.2 2.8000000000000003 0 0 0 0.2 0 0.2 0 0 15.8 2.2 0 3 3.2 0 0 0 0 5.6000000000000005 2.6 2 4 3 3.8000000000000003 0 3.2 2.4000000000000004 9.600000000000001 2.4000000000000004 0 0 0 0 0 0 0 0 0 0 0 0 0 0 0 0 0 0 0 0 0 0 0 0 0 0 0 0 0 0 0 0 0 0 2.8000000000000003 0.2 0.2 9 0.2 0.4 0.2 0.4 0 0 0 0 0 0 0 0 0 0 0 0 0 0 0 0 0 0 0 0 0 0 0 0 0 0 0 0 
 0 0.8 0 0 39.800000000000004 0 0.2 0 12.600000000000001 14.8 0.8 4.4 0.2 0 0 0 0.4 19 0 0.4 33.800000000000004 58.2 22.200000000000003 34 9.8 40.6 0 43.6 30.200000000000003 9 5.800000000000001 9.4 43 16.2 32.2 46.800000000000004 8.4 18.6 24.200000000000003 27.200000000000003 0.6000000000000001 0.2 0 0 0.6000000000000001 0 0.4 0 0 0 0 0 0 0 0.6000000000000001 0 0 1.4000000000000001 0.4 0 0 0 0 0.4 0.2 1 0.4 0.4 1 0 0.4 0 10 0 1.8 0 0.6000000000000001 0 0.6000000000000001 0 0 2 0 0 4.4 5.4 0 0 0 0 0.6000000000000001 1.8 0 0 0 3.4000000000000004 0 4.800000000000001 0 0 0 0.2 0 7.6000000000000005 0 3.2 4.2 5.800000000000001 2.2 6.800000000000001 2.6 0 6.6000000000000005 0.2 8.8 3.6 2.4000000000000004 3.4000000000000004 2.6 3.2 0.4 0 0 0 0 0 0 3.2 0 0 0 0 0 0 0 0 0.4 0 0 0 0 0.2 0.6000000000000001 0 0.2 0 0 0 1.2000000000000002 0 0 0 0 0 0 0 0.4 0 0 0 0 0 0 2.2 0 5.2 0 0 0 0 0 0 0 0 0 1 3.8000000000000003 4 0 0 1 0.2 6.4 2 0.4 0 4.2 0 0 7 0 1.6 0 0 4.4 2.8000000000000003 3.2 0 5.4 1.6 0 0 0.2 0 0 0 1.6 0 0 0 0 0 0.4 0 0 0 0 0 0 0 0 1.8 0 0 0 0 0 0 0 0 0 0 0 0 0.2 0 0 0 0 0 0 0 0 0 0 0 0.4 0.4 0 14.600000000000001 0 0 0 0 0.8 0 0.8 16.400000000000002 0 0 0.4 0 0 0 0.2 0 0 0 0 0 0 0 0 0 0 0 0 0 0 3.6 0 0 0 0 0 5.4 0 0 0 0 
 0 0 0.4 0 14.8 0 0 0.4 0.2 0 13.600000000000001 12.600000000000001 0 0 0 0 0 15.200000000000001 0 0 47.800000000000004 23.200000000000003 21 31.400000000000002 31.8 8.200000000000001 43.6 0 38.6 8 19.400000000000002 13.600000000000001 36.2 35.800000000000004 46.2 52 29 48.400000000000006 23.6 11.600000000000001 0.6000000000000001 0 0 0 0.6000000000000001 0 0.4 0 0 0 0 0 0 0.2 1 0 0.2 0 12.8 0 0 0 0 0.4 0 0 0.4 0.4 0 0 0.4 0 0 0 0 1.6 0.6000000000000001 0 0.8 0 0 0 0 0 8.200000000000001 3.2 0 0 0 0 2.4000000000000004 0.4 0 0 0.4 0.2 0 0 0 0 0 0 7.4 9.200000000000001 5.800000000000001 0 8 5 0 3 4.2 2.6 2.8000000000000003 0.8 1.8 5.800000000000001 0.2 2 0.2 5.800000000000001 0 0 0 0 0 0 2.6 0 0 0 0 0 0.2 0 0 0 0 0.2 0 0 0 0 0 0 0 0 0 0 0 0.2 0 0 0 0 0 0 0 0 0 0 0 0.4 0 0 0 0 0 0 0 0 2.4000000000000004 0 0 0 0 0 0 0 0 0.4 1.8 2.8000000000000003 1.8 2.2 0 3.4000000000000004 3.6 8 0.2 6.2 1.8 11.200000000000001 0 1 3.6 14.200000000000001 4.2 3.6 0 0 0 0 0 0 0.2 0 1.8 0 0 0 0 0 0 0 0 0 0 0 0 6.4 0 0 0 0 0 0 0 0 0 0 0 0 0 0 0 0 0 0 0 0 0 2.2 0 0 0 0 0 0 0 0 0 0 0 0 0.8 0 0 15.600000000000001 0 0.4 0.2 0 0.2 0 0 0 0 0 0 0 0 0 0 0 0 0 0 0.2 0 4.4 0 0 0 0 0 1.2000000000000002 3.4000000000000004 0 0 0 
 0.4 0.4 0.4 0.4 7.2 0.4 0.4 0.4 0.4 0.4 0.6000000000000001 15.600000000000001 0.4 0.4 0.4 0.8 0.4 0.4 1.2000000000000002 0.6000000000000001 22.8 9.600000000000001 49 36.800000000000004 119.4 6.800000000000001 30.200000000000003 38.6 0 61.2 70.4 8.8 32.2 25 112.60000000000001 10.8 25.200000000000003 35.800000000000004 16.6 29.200000000000003 0.8 0 0 0 0.6000000000000001 0.4 0.4 0 0.2 0.2 0 0 0 0.2 0.6000000000000001 0 0 0.4 13.200000000000001 0 0 0 0 0.4 17.8 0 0.4 0.4 0 0 0.4 0 0 0 0 0.6000000000000001 0.6000000000000001 0 0.6000000000000001 0 0 0 0 0 0 1.6 0 0 0 0 0 1.8 0 0 0 0 0 0 0 0 0 1.2000000000000002 5.800000000000001 5.2 2.6 3.6 0.2 2.4000000000000004 0 7 5.800000000000001 0 5.2 2 0 2.4000000000000004 5.4 0 2.6 1.4000000000000001 0 0 0 0 0 0 4 0 0 0 0 0 1.6 0.2 0 0 0 0 0 2.8000000000000003 0 0 0 0 0 0 0 0 0.8 0 0 0 0 0 0 0 0 0 0 0 0 0 0 0 0 0 0 0 0 0 0 0 0 0 0 0 0 0 0 0 0 0 2.2 5 1.2000000000000002 2.2 4.6000000000000005 2 1 7.800000000000001 3.8000000000000003 3.6 4.2 0 0 4.800000000000001 7.4 3 4 0.8 0 0 0 0 0 0 6.2 0 0 0 0 0 4.4 0 0 0 0 0 0 1.8 0 0 0 0 0 0 0 0 0 0 0 0 0 0 0 0 0 0 0 0 0 0 0 0 0 0 0 0 0 0 0 0.2 0 0 2.4000000000000004 0.2 0.4 0.2 15 0 0 0 0 0 0 0 0 0 0 0 0 0 0 0 0 0 0 0 0 0 0 0 0 0 0 0 2 0 0 0 
 0.4 3.4000000000000004 0.8 0.4 0.4 0.8 18.400000000000002 0.4 0.4 15 6.6000000000000005 0.4 0.4 0.4 0.4 18.2 0.4 1.4000000000000001 3.2 0.4 6.6000000000000005 6.800000000000001 29.6 49.2 36.2 94.60000000000001 9 8 61.2 0 17.400000000000002 40 71.2 13 21.8 31.6 55 9.200000000000001 17.2 11.8 0.8 0 0 0 0.6000000000000001 0 1.2000000000000002 13.8 0 0 0 1.2000000000000002 0.8 13.600000000000001 0.6000000000000001 0 0 0 13.600000000000001 0 0 0 0 0.4 0 0 0.4 0.4 0 0.8 0.4 1.4000000000000001 0 0 0 0 0.6000000000000001 0 2 0 0 5 3 0 0 0 0 4.800000000000001 0 3.6 0 0 0 0 0 0 3.2 0 0 0 6 0 0 3.8000000000000003 0.4 2 0 2.2 0.2 1.6 6 2.6 0 1.6 0 0 2.4000000000000004 0.4 0 0 0 1.8 0.4 0 0 0 2 0 0 0 0 0 5 4.800000000000001 4.2 0 0 3 0 8 0 0 0 0 0 0 0 0 0 0 0 0 0 0 2.4000000000000004 0 0 0 0 0 0 5.2 0 0 0.4 3.6 0 0.4 0 1 5.2 2.8000000000000003 0 0 0 0 0 2.2 1.6 0 4.2 5.4 0 7.4 4 0 0 2 3.6 0 5.6000000000000005 5.2 0 2.2 1.6 0 0 0 0 0 3.2 0 0 0 0 0 0.6000000000000001 0 0 0 0 0 6 5 9 0 0 0 2 0.8 0 0 0 0 0 0 0 0 0 0 0 0 0 0 0 0 0 0 0 0 0 0 0.4 0 0 0 0 0 0 0 0 0 0 0 1.2000000000000002 0.4 0 7.800000000000001 31.8 2.4000000000000004 0 0 0 0 0 0 0 0 0 0 0 0 0 0.4 0 0 0 0 0 0 0 0 0 0.2 0 0 0 0 0 0 
 0 0 0 0 0 0 0.2 0.4 0 0 0.4 0 0 0 0 0.6000000000000001 0.2 0 0 0 42.400000000000006 12 40.6 50.6 17 17.2 5.800000000000001 19.400000000000002 70.4 17.400000000000002 0 25.6 23.8 20.400000000000002 48.2 93.2 22 24 13.600000000000001 11.8 1 0 0 0 0.6000000000000001 0 0.4 12.4 0 0.8 0 0 12.8 0 1 0 0 0 13.600000000000001 0.4 0 0 0 0.4 0 0 0.4 0.4 0 0 0.4 0 0 0 0 0.4 0.6000000000000001 0 1.4000000000000001 0 0 0 0 0 0 0 0 0.2 0 0 0 0 0 0 0 0 0 0 0 0 0 1 6.4 0.8 2.4000000000000004 6.4 0 0 0 0 6 3.2 0 0 0 2.8000000000000003 0.2 4.6000000000000005 0 0 0 0 2.6 0 0 0 2 0 2.4000000000000004 0 0 2.4000000000000004 3.6 2.4000000000000004 5.800000000000001 0 0 0 0 0.2 0 0 0.4 0 0 0 0 0 0 0 0 0 0.2 0 0 0 0 0 0 0 0 0.4 0 0 0 0 0 0 0 0 0 0 0.4 0 0 0 0 0 0 0 1.8 6.6000000000000005 0 0 5.4 3 0 3.8000000000000003 2.8000000000000003 8.8 0 7.800000000000001 0 0 1.4000000000000001 2 3.8000000000000003 7.4 0 0 0 0 0 0 0 0 0.8 0 1.6 0 0 0 9.600000000000001 4.6000000000000005 0 0 0 0 1.4000000000000001 2.2 0 0 0 0 0 0 0 0 0 0 2.4000000000000004 0 0 0 0 0 0 0 0 0 0 0 1.8 0 0 0.4 0 0 0 0 0 0 0 0 2.4000000000000004 0 0.8 0.2 0.2 0.4 0 0 0 0 0 0 0 0 0 0 0 0.4 6.800000000000001 0 0 0 0 0 0 0 0 0 0 0 0 0 0 0 0 0 
 0 0.4 0 0 0.2 0 0 0 0 0.2 0 0.4 0 0 0 0.4 0 0 0.6000000000000001 0 7.4 48.400000000000006 22 26.6 11.4 41.400000000000006 9.4 13.600000000000001 8.8 40 25.6 0 7.800000000000001 10.200000000000001 65.4 35.4 83.80000000000001 29.400000000000002 28.400000000000002 22.400000000000002 4.6000000000000005 12.8 0 0.4 0.6000000000000001 0 0.4 0 0 0.2 0 0 0.4 13 25.6 0 0 0 39.6 14.200000000000001 0 0 0 0.4 0 0 0.4 0.6000000000000001 0 0 0.6000000000000001 0 0 0 0 0 0.6000000000000001 0 1 0 0 0 0 0 0 0 0 0 0 0 0 0 0 0 0 0 0 0 0 0 0 0.2 3.4000000000000004 2 15.600000000000001 3.6 0 0 0 1.8 2.4000000000000004 5.2 0 1.8 0 8.8 0 5 0 0 0 0 0 0 0 0 4.2 2.2 0 0 0 5.4 6.800000000000001 8.200000000000001 2.4000000000000004 0 3 0 3.6 6.6000000000000005 0 0.2 0 0 0 0 0 0 0 0.6000000000000001 0.2 0 0 0 0 0 0 0 0 0 0 0 0 0 0 0 0 0 2.8000000000000003 0 0 0.2 1 0 0 0 0.2 0 0 0 0 0 7.2 3.4000000000000004 9.200000000000001 7.2 0.4 0 8 0 1.8 2 0 0 2.6 5.4 0 0.2 0 0 0.2 0 0.2 0 0 0 0 0 0.2 0 0 0 6 6.6000000000000005 0.4 0 0.6000000000000001 0 3.8000000000000003 3.2 0 0 0 0 0 0 0 0 0 0 2.6 0 0 0 0.2 0 0 0 0 0 0 0 0.2 0 0 0 0 0 0 0 0 0 0 0 1.6 0 0 15.4 0 0.4 3.4000000000000004 4 0 0 0 0 0 0 0 0 0 0 0 0 0 0 0 0 0 0 0 2.8000000000000003 0 0 0 0 0 0 0 0 
