 0 36.800000000000004 68.60000000000001 10.8 26.8 3.8000000000000003 65.2 28.6 9 11.8 12 24.6 85.80000000000001 12.4 55.2 10.4 62.800000000000004 23.200000000000003 25.400000000000002 7.4 0 0.4 0.8 0 0 0.6000000000000001 14.600000000000001 0 0.6000000000000001 0 0.6000000000000001 0 1 0 0 0 0 0.4 1.4000000000000001 0 0 0 0 0 0 0.6000000000000001 0 0.4 0 0 2.2 0.6000000000000001 1 0 0 0 0.6000000000000001 0 0 0 0 0.6000000000000001 0.4 0.4 0 0 0.2 0 0.8 0 0 0 0 0.6000000000000001 0 0.2 0 0 0.6000000000000001 0 4.2 12.8 2.2 1.4000000000000001 1.8 0 1.2000000000000002 4.4 1.8 5.4 2.2 1.6 4 7.2 5.2 0 0 0 4 6.2 0 0 3 0 0 0 0 0 0 0 0 0 0 0 0 0 0 0 0 0 0.2 0 0 0 0 0 0 0 0 0 0 0 0 0 0 0 8.6 0 0 0 0 0 0 0 0 0 0 0 0 0 0 0 0 0 0 0 0 1 0 0 2 4.4 4.800000000000001 3.2 0 3 0.2 7.4 0 0 11.600000000000001 1.2000000000000002 0.6000000000000001 0 8.8 3.8000000000000003 2.6 7.2 4.4 2.6 0 0 0 0 0 0 0 0 0 0 0 0 2 0 0 0 0 0 0 1.8 0 0 0 0 0 0 0 0 0 0 0 0 0 0.2 0 0 0 0 0 0 0 0 0 0 0 0 0 0 0 0 0 0 0 0 0 0 3.4000000000000004 0 0.2 0 0 0 0 0 0 0.2 0 0 0 0 0 1 5.6000000000000005 0 0 0 0 0 0 0 0 0 0 0 0 0 0 0 0 0 0 0 0 0 0 0 0 0 0 0 0 0 0 0 0 0 0 0 0 0 
 36.800000000000004 0 18.6 35.2 14.4 23.400000000000002 18.400000000000002 49.400000000000006 29.6 4.2 40.2 4.2 9.200000000000001 7.2 32.800000000000004 24.6 7 10 27.6 14.600000000000001 0 0.6000000000000001 0 0 0 0.6000000000000001 15.600000000000001 0 0.6000000000000001 0 0.6000000000000001 0 0.4 0 14.8 0.4 0 0 0.8 0 0 0 0 0 0 0.6000000000000001 0 1.2000000000000002 0 0 0 0.6000000000000001 0.6000000000000001 0 0 0 0.4 0.2 0 0 0 0.2 0.6000000000000001 0 0 0 0.2 0 0.4 0 0 0 0 0 0 0.6000000000000001 0 0 0.6000000000000001 0 3.8000000000000003 4.6000000000000005 0 0 0 0 1.2000000000000002 4.800000000000001 0 8.200000000000001 5.6000000000000005 4.4 2.2 4.800000000000001 1.4000000000000001 0 0 0 0 0 2.2 2.4000000000000004 0 0 0 0 3.2 0.6000000000000001 0 0 0 0 0 0 0 0 0 0 0.4 0.2 0.4 0 0 0 0 0 0 0 0 0 0 0 0 0 0 0 0 0 0 0 0 4 0 0 0 0 0 0 0 0 0 0 0 0 0 0 0.2 0 0 0 2 8.8 0.2 1 3 4 1.6 1.6 0 0 4.4 0.8 0.6000000000000001 0 0 0 0 0 0 0 3.6 0 0 0 0 0 0 0 0 0 0 0 0 0 0 0 0 0 2.4000000000000004 2 0 0 0 0 0 0 0 0 0 0 0 0 0 0 0 0 2.6 0 0 0 0 0 0 0 0 0 0 0 4.2 0 0 0 0 0 0 0 0 0 0.2 0 0 1.2000000000000002 0 0 0 0 0.8 0.4 0 0.2 0 2.8000000000000003 0 0 0.4 0 0 0 0 0 0 0 2.4000000000000004 0 0 0 0 0 0 0 0 0 0 0 0 0 0 0 0 0 0 0 0 0 0 0 0 0 0 0 
 68.60000000000001 18.6 0 62.2 100 10.600000000000001 58 75.2 23 20 26.400000000000002 75 71.60000000000001 100 63.800000000000004 8.6 81.4 53.800000000000004 42.800000000000004 28 0 0.4 0 0.8 0 0.6000000000000001 0.6000000000000001 0 0.6000000000000001 0 0.6000000000000001 0.8 0.4 0 0 0 0 11.200000000000001 15.4 0 0 0 0 0 0 0.6000000000000001 0 0.2 0 0 0 0.6000000000000001 1.2000000000000002 0 0 0.8 0.4 0 0.6000000000000001 0 0 0.4 0.6000000000000001 0 0 0 9.8 0 0.4 0 0 0 0 0 0 0.6000000000000001 0 0 0.6000000000000001 0 0 5.4 2 1.8 6.4 0 0 3.8000000000000003 3.4000000000000004 3.6 2.6 0 2.8000000000000003 8.8 2.4000000000000004 2.4000000000000004 0 9 1.8 2.2 0 0 9.8 0 0 0 6.800000000000001 0 0 0 0.2 0 0 0.2 0 0 0 0 2.4000000000000004 0.8 0 0 0 0 0 0 0 0 0 0 0 0 0 0 0 0 0 0 0 0 0 0 0 0 0 0 0 0 0 0 0 2.6 0 0 0 0 0 1.2000000000000002 0 0 3.4000000000000004 5.800000000000001 2.6 3.8000000000000003 4 3.8000000000000003 0 3.4000000000000004 0 7.2 5 2 0 2.2 1 3.6 2.4000000000000004 9.600000000000001 2 0 0 0 0 0 0 0 0 0 0 0 0 0 0 0 0 0 0 0 6 0 0 0 0 0 0 0 0 4 0 0 0 0 0 4.2 0 0 0 0 0 0 0 0 0 0 0 0 0 0 0 0 3.6 0 0 0 0 0 0 0 0 0 0 0 0 0 0 0.4 0.2 0 0.6000000000000001 26.6 0.4 0.4 0 0.2 0 0 0 0 0 0 0 0 0 0 0 0 0 0 0 0 0 0 0 0 0 3 2.4000000000000004 0 0 0 0 0 0 0 0 0 0 0 0 0 
 10.8 35.2 62.2 0 13.8 8.4 20.6 82.80000000000001 35.800000000000004 50.800000000000004 54.400000000000006 8 51.800000000000004 54 18 8 26.200000000000003 9.4 15.600000000000001 11.200000000000001 0 0.4 0.2 0 20 0.6000000000000001 12.600000000000001 0.6000000000000001 15.4 0 0.6000000000000001 0 4.800000000000001 4 14.8 0 0 0.2 0.8 0.2 0 0.8 0 0 0 0.6000000000000001 0 0.4 0 0 0 0.6000000000000001 1 12.600000000000001 0 0 0.4 0 0 0 0 0.4 0.6000000000000001 0 0 0 7.800000000000001 0 0.8 0 0.6000000000000001 0 0 0 0 0.6000000000000001 0 0 0.6000000000000001 0 2.8000000000000003 9 7 4 13 0 0 0.6000000000000001 2 4.800000000000001 4 0 0 1.8 3 8.200000000000001 0 3 3.4000000000000004 0 0 0 0 0 0 0 0 0 0 0 0 0 2.8000000000000003 2.2 3 0 0 3 9 0 0 0 0 0 0 0 0 0 0 0 0 0 0 1.6 0 0 0 0 0 0 0 0 0 0 0 0 0.8 0 0 0 0 0 0 0 0 0 2.4000000000000004 0 0 0 3.8000000000000003 1.2000000000000002 3.2 7 1.4000000000000001 2.4000000000000004 5 2.2 0 5.4 5.2 2.4000000000000004 0.2 0 10.4 0 5.2 0 0.4 0 3 0 1.8 0 0 0 0 0 0.8 0.2 0 0 0.4 3 0 0.2 0 0 7.6000000000000005 0.2 0 0 0 0 0 0 0 3 0 0 0 0 0 0 0 0 0 0 0 0 0 0 0 0 0 0 0 0 0 0 0 3 0 0 0 0 0 0 0 0 0 0 0 0 0 0.2 1 0 8.8 18.400000000000002 2.2 2.8000000000000003 0 0 0 0 0 0 0 0 0 0 0 0 0 0 0 0 0 0 0 0 0 0 0 8 1.4000000000000001 0.6000000000000001 0 0 0 0 0 0 0 0 0 0 0 0 
 26.8 14.4 100 13.8 0 66.60000000000001 10.4 33.800000000000004 36.800000000000004 16 50.800000000000004 32.800000000000004 12.200000000000001 100.4 25 36.800000000000004 7.800000000000001 68 83.80000000000001 14.8 15.4 0.4 0 0 0 0.6000000000000001 0.8 11.4 0.6000000000000001 0 0.6000000000000001 0.6000000000000001 15.200000000000001 15 14.8 14.8 0 0 0.8 0.2 0 0 0 0 12.4 0.6000000000000001 0 0 0 0 0 0.6000000000000001 0.6000000000000001 10.600000000000001 0 0 0.6000000000000001 0 1.2000000000000002 0 0 0.6000000000000001 0.4 0.2 0 0 0 0 0.4 0 0 0 0 0 0 0.4 0 0 0.6000000000000001 0 0 1.8 2.8000000000000003 1.8 1.2000000000000002 4.6000000000000005 0 2 0.4 5.6000000000000005 15.200000000000001 7.4 1.2000000000000002 1.4000000000000001 0 0 2.2 6 0 0 1.8 2 0 0.4 0 0 3 0 1.8 4.4 0.6000000000000001 0 0.4 0 5.800000000000001 0 5.6000000000000005 0 2.8000000000000003 1 0 3.8000000000000003 0 0 0 0 0 0 0 0.2 0 0 0 0 0 0 0 0 0 0 0 0 0.2 0 0 0 4.4 0 0 0 0 0 0 0 0 0 0 0 0 0 0 0 4.2 1.2000000000000002 14 7.6000000000000005 2.6 0 1.4000000000000001 0 1.8 0.2 0 0 0 0 4.800000000000001 0 0 0 4.4 3.6 0 0 0 0 9 7.2 0 2.6 0.2 0 6.2 2.8000000000000003 0 1.8 2.2 0 3.6 7.800000000000001 0 0 0 0 0 0 0 0 0 0 0 0 0 0 0 0 0 0 2.4000000000000004 0 0 6.2 0 0 0.2 0 0 0 0 0 0 0 0 0 0 0 0 0 0 0 0 0 0 0 0 0.4 0.4 0 0.8 0.2 0.6000000000000001 1.6 0 0 0 0 0 0 0 0 0 0 2 0 0 0 0 0 0 0 0 0 0 0 0 1.6 2.2 0 0 0 0 0 0 0 0 0 0 0 0 0 
 3.8000000000000003 23.400000000000002 10.600000000000001 8.4 66.60000000000001 0 4.4 12.200000000000001 43.800000000000004 9.200000000000001 31.8 69.8 5.4 11.600000000000001 12.200000000000001 29.8 10.200000000000001 13.4 87.80000000000001 10.4 15.8 0.4 0.6000000000000001 0 0 0.6000000000000001 30.8 15.200000000000001 1.2000000000000002 0 0.8 0 0.4 30 30.6 16 1 1.6 19.8 6.6000000000000005 1.4000000000000001 0 0.6000000000000001 0 0.2 0.6000000000000001 10.200000000000001 0 0 0 0 0.6000000000000001 0.6000000000000001 1.4000000000000001 0 0 0.6000000000000001 0 0 0 0 0.4 0.6000000000000001 0 0 0 0 0 1.2000000000000002 0 0 0 0 7.4 0 0.6000000000000001 0 0 0.6000000000000001 0.2 0 0 0.2 3 5 11.200000000000001 0 0 0 0 3.4000000000000004 5.2 0 0.4 0 1.8 3 4.800000000000001 0 0 1.6 1.8 0 0 0 0 8.200000000000001 0.2 1 1.6 0 0.2 8.6 1.6 4.800000000000001 0 3.6 0 17.6 4.6000000000000005 0 0.2 0 0 0.2 0 0 3.8000000000000003 0 0 0 0 0 0 0 0 0 0 0 0 0 0 0.8 0 0 0 0.4 0 0 0 0 0 0 0 0.4 0 0 0 0 0 0 0 0.2 0.2 3.4000000000000004 13.200000000000001 0 0 0 6.4 0 0.2 0 0 0.8 0 1.6 2.4000000000000004 0 0 2.2 11.4 3 0 0 0.4 5.4 7 0 0.8 0 0 13 6.6000000000000005 0.2 2.8000000000000003 5.4 0.2 2 2.8000000000000003 0 0 0 0.4 0 0 0 0 0 0 0 0 0 0 0 0 0 0 0.4 0 0 0 0 0 0 0 0 0 0 0 0 0 0 0 0 0 0 0 0 0 0 0.8 0 0 0 16.8 0.2 0 17.6 0 2 0.8 0 0 0.4 0 0 0 0 0 0 0 0 0 0 0 0 0 0 0 0 0 0 0 0 2.2 2.6 0 0 0 0 0 0 0 0 0 0 0 0 0 
 65.2 18.400000000000002 58 20.6 10.4 4.4 0 51.400000000000006 75.8 23.6 8.8 11.200000000000001 68.2 49.400000000000006 73.2 18.400000000000002 9.8 15.4 61.400000000000006 29.200000000000003 0 1 0.8 0 0 0.6000000000000001 0.6000000000000001 0 0.6000000000000001 0 0.6000000000000001 0 0.6000000000000001 0 0.4 0 0 0.6000000000000001 0.8 0 0 0 0 0 0 0.6000000000000001 0 1 0 0 0 1 1 0 0 0.4 0.6000000000000001 0 0 0 0 0.6000000000000001 0.4 0.4 0 1 0.4 0 0.4 0 0 0 0 0 0 0.8 0 0 0.6000000000000001 0 21.200000000000003 2 2.8000000000000003 2.4000000000000004 0 0 4.800000000000001 3.6 4.800000000000001 0 0 0 5.800000000000001 4 4.6000000000000005 2 4.800000000000001 1.8 2.4000000000000004 11.8 0 0 0 0 0 0 0 0 0 0 0 0 0 0 0 0 0 0 0 0 0 0 0 0 0 0 0 0 0 0 0 0 0 0 0 0 0 0 0 0 0 0 0 0 0 0 0 0 0 0 0 0 0 0 0 0 0.6000000000000001 0 0 0 5.2 3.6 0 4.800000000000001 0 0 0 3 1.8 0 0 0 0.2 6 2 1.8 0 4 0 0.2 0 0 0 0 0 0 0 0 0 0 0 0 0 0 0 0 0 0 2.4000000000000004 0 0 0 0 0 0 0 0 0 0 0 2 3 0 0 0 0 0 1.4000000000000001 0 0 0 12.200000000000001 0 0 0 0 0 0 0 0 0 0 0 0 0 0 0 0 0 0 0 0 0 0 0 0.4 0 0 0.8 0 0 19 0 0 0 0 0 0 0 0 0 0 0 0 0 0 0 0 0 0 0 0 0 0 0 0 0 0 0 0 0 0 0 0 0 0 0 0 0 0 
 28.6 49.400000000000006 75.2 82.80000000000001 33.800000000000004 12.200000000000001 51.400000000000006 0 50 25 25.400000000000002 69.8 33.800000000000004 34.6 47.6 18.400000000000002 17.2 7.2 13.200000000000001 6.6000000000000005 0 0.2 0 41 0 0.6000000000000001 1 0 0.6000000000000001 0 1 0.2 0.4 0 0 0 0 0 15.600000000000001 0.4 0 0 0 0 0 0.6000000000000001 0 0.2 0 0 0 0.6000000000000001 0.8 12.4 0 0 0.4 0 0 0 0 0.4 0.6000000000000001 0 0 0 0 0 0.4 0 0 0 0 0 0 0.6000000000000001 0 0 0.6000000000000001 0 4.6000000000000005 5.800000000000001 0.8 0 2 0 0 10 5 3.8000000000000003 15.200000000000001 0 0.2 8.8 4.4 2.6 0 16.400000000000002 0.8 0.8 1.4000000000000001 1.8 0.2 0 0 0 4.4 2 0 0 0 0 0 0.2 0 0 0 0 3.4000000000000004 0.8 0 0 0 0 0 0 0 0 0 0 0 0 0 0 0 0 0 0 0 0 0 0 0 0 0 0 0 0 0 0 0 0.6000000000000001 0 0 0 0 0 1.2000000000000002 0 0 6 7.2 1.4000000000000001 2.8000000000000003 6.800000000000001 2 2 3 1.8 5.800000000000001 4.800000000000001 0.2 0.2 3 1 2.2 4 3 0 0 1.8 0 0 0 0 0 0 0 0 0 0 0 0 0 0 0 0 0 6.6000000000000005 0 0 0 0 0 0 0 0 1.8 0 0 0 0 0 0 0 0 0 0 0 0 0 0 0 0 0 0 0 0 0 0 0 0.2 0 0.4 0 0 0 0 0 0 0 4 0 0 0 0.2 17.8 0.2 0.4 27 0 2.2 0 0 0 0 0 0 0 0 0 0 2.4000000000000004 0 0 0 0 0 0 0 0 0 0 0 0 2 4.4 0 0 0 0 0 0 0 0 0 0 0 0 0 
 9 29.6 23 35.800000000000004 36.800000000000004 43.800000000000004 75.8 50 0 13.8 53.6 6.800000000000001 42.800000000000004 19.8 26 47.2 44 22.8 35.2 51.2 0 0.2 41.400000000000006 4.800000000000001 0 0.6000000000000001 16.400000000000002 0 0.6000000000000001 15 1 0.8 0.4 0 0 0 0 0 1 0.4 0 13.200000000000001 0 0 0 0.8 0 0.2 0 0 0 0.6000000000000001 0.8 5.6000000000000005 0 0 0.4 0 0 0 0 0.4 19 0 0 0 0 0 0.4 0 0 0 0 0 0 0.6000000000000001 0 0 0.6000000000000001 7.2 3.2 0 5.6000000000000005 4.4 3 2 2.4000000000000004 0 5.4 0 0.2 4 2.4000000000000004 0 2.8000000000000003 2 0.6000000000000001 2.2 1.8 5 2.4000000000000004 0 0 0 0 0 4.6000000000000005 9.4 0 0 0 0 2.4000000000000004 0 0 0 0.2 0.2 2 0 0 0 0 0 0 0 0 0 0 0 0.2 0 0.2 0 0 0 0 0 0 0 0 0 0 0 0 0.4 0 0 0 0 0 1.8 0 0 0 0.2 0 1.2000000000000002 0 0 0.8 0 0.4 3.2 5.6000000000000005 0.2 0.4 3 4.2 6 1 0 1.6 6 0 2.8000000000000003 0.4 6.2 0 3 4.4 0 0 0 0 0 0 0 0 0 0 0 0 3.4000000000000004 0 0 0 0 0.6000000000000001 4 2.8000000000000003 0 0 0 0 0 0 3 0 0.4 0 0 0 0.4 0 0 0 0 0 0 0 0 0 0 0 0 0 0 0 0 0 0 0 0 0 0 0 0 0 0 0 2.6 0 0 0 0.4 17.400000000000002 0.4 0.4 17 0 3.6 5 0 0 0 0 0 0 0 0 0 0 0 0 0 0.4 0 0 0 0 0 0 0.2 0 0 2 0 0 0 0 0 0 0 0 0 0 0 0 0 
 11.8 4.2 20 50.800000000000004 16 9.200000000000001 23.6 25 13.8 0 58.6 45.800000000000004 26.400000000000002 24.8 39.6 26.8 59.400000000000006 43.6 19 17.2 6.800000000000001 0.4 0 0 0 0.6000000000000001 0.8 0 0.6000000000000001 0 0.6000000000000001 0.6000000000000001 16 0.4 15.200000000000001 0 0 0 17 6 0 0 0 0 0 0.6000000000000001 0 0.6000000000000001 0 0 0 0.6000000000000001 0.6000000000000001 0 0 0 0.4 0 0 0.4 0 0.6000000000000001 0.8 9.200000000000001 0 0 0.2 0 0.4 0 0 0 0 0.2 0 0.4 0 0 0.6000000000000001 1.4000000000000001 0 6 1.6 3.8000000000000003 0 0 0.2 2.6 0.2 8.6 2.6 3.6 2.8000000000000003 4.4 2 3 2.8000000000000003 10.200000000000001 0 0 0 0 0 0 0 0 1.8 0 0.2 0 0 0 0 0 4.800000000000001 0 0 0 0 1.6 0 0 0 0 0 0 0 0 0 0 0 0 0 0 0 0 0 0 0 0 0 0 1.8 0 0 0 0 0 0 0 0 0 0 0 0 0 3.6 0 0 0 0.4 4.800000000000001 3.8000000000000003 0 4 6.6000000000000005 0 3.4000000000000004 0 0 3.8000000000000003 2 0 0 3.8000000000000003 2 0 6.2 3 0 0 0 0 0 0 0 0 0 2 0 0 0 0 0 0 0 1.4000000000000001 0 3.4000000000000004 1.8 0 0 0 0 0 0 0.2 0 0 0 0 0 0 0 0 0 0 0 0 0 0 0 0 0 0 0 0 0 0 0 0 2.4000000000000004 0 0 0 0 0 0 0 0 0 0 0 0 0 0.2 0.2 0 0 0.2 0 2 0 0.2 0 0 0 0 0 0 0 0 0 0 0 0 0 0 0 0 0 0 0 0 0 0 1.4000000000000001 2 0 0 0 0 0 0 0 0 0 0 0 0 
 12 40.2 26.400000000000002 54.400000000000006 50.800000000000004 31.8 8.8 25.400000000000002 53.6 58.6 0 44.2 10 8.6 75.8 13.4 38.2 25 4.800000000000001 12.200000000000001 14.600000000000001 0.2 42 0 0 0.6000000000000001 13 14.600000000000001 0.6000000000000001 0 0.6000000000000001 0 2.4000000000000004 14.8 2 0.2 0 0 13 14.8 0 0 0 0 0 0.6000000000000001 0 0 0 0 0 0.6000000000000001 0.6000000000000001 0 0 0 0.4 0 0 0 0 0.4 0.6000000000000001 0.4 0 0 0 0 0.4 0 0 0 0 0 0 0.6000000000000001 0 0 0.6000000000000001 0 0 0 0 0 2 8 0 5 0 1.8 0 5.4 2.2 4.800000000000001 0.2 8.8 0 2.2 0 0 2.2 0 0 0 0 0 6 2 0 0 0 0 3.8000000000000003 0 2.6 1.4000000000000001 0 0 7 3.6 0 0 0 0 0 0 0 0 0 0 0 0 0 0 0 0 0 0 0 0 0 0 3.8000000000000003 0 0 2.2 1.4000000000000001 0 0 0 0 0 0 0 0 0 0 0 0 0 0 4.6000000000000005 2.8000000000000003 0 6.800000000000001 2.8000000000000003 0 0 0.2 1.8 0 2.8000000000000003 0 0 1.4000000000000001 1.4000000000000001 0 0.2 0 0 2.8000000000000003 1.2000000000000002 0 0 0 0 2 4.6000000000000005 3.8000000000000003 0 0 0 3 0 0 2 0 0 0.2 1.6 0 0 0 0 0 0 0 0 0 0 0 0 0 0 0 0 0 0 0 0 0 0 0 0 0 0 0 0 0 0 0 0 0 0 0 0 0 0 0 0 0 2 0 0 0 0.4 36 0 0.4 0 0 0.4 0 0.8 0 0 0 0 0.2 0 0 0 0 0 0 0 0 0 0 0 0 0 0 0 0 2.2 0 0 0 0 0 0 0 0 0 0 0 0 0 0 
 24.6 4.2 75 8 32.800000000000004 69.8 11.200000000000001 69.8 6.800000000000001 45.800000000000004 44.2 0 7 6.800000000000001 9.4 6.6000000000000005 36.4 29.400000000000002 5.4 22.6 15.4 0 0 0 0 0.6000000000000001 14.4 0 1 0 0.8 0.2 0.8 21 4.800000000000001 0.4 0 0.2 32.6 29.6 0 0 0 0 0 0.6000000000000001 0 0.4 0 0.4 0 0.8 1 0 0 0 0.4 0 0 0 0 0.4 0.6000000000000001 6.4 0 0 0.2 0 0.4 10.200000000000001 0 0 0 0 0 0.6000000000000001 0 0 0.6000000000000001 0 0 8 0 0 0 5.800000000000001 0 2.6 0.2 0 0 5.6000000000000005 0 2 2.6 2.6 0 2.8000000000000003 0 0 1 0 0 0 0.2 0 4.4 0 0 0 0 0 2.6 4.4 0 0.2 0 0 10.4 2.4000000000000004 0 0 0 0.2 0 0 0 0 0 0 0 0 0 0 0 0 0.2 0 0 0 0 0.4 0.8 0 0 0 0.4 0 0 0 0 0 0 0 0 0 0 0 0 0 0 4.4 0 4.6000000000000005 6.6000000000000005 5 0 0 0 5.4 0 2.4000000000000004 0 0 2 0 3.8000000000000003 1.8 0 0.4 9 0.2 0 0 0.2 0 2.2 4.6000000000000005 0 6 0 0 8.8 0 0 3 2.8000000000000003 0 6.800000000000001 0 0 0 0 0 0 0.4 0 0.2 0 0 0 0.2 0 0 0 2 0 0 0 0 0 0 0 0 0 0 0 0 0 0 0 0 0 0 0 0 4.6000000000000005 0 0 0 0 0 0 0 0 0 2.2 0.2 0.2 17.6 0 3 0 0.8 0 0 0 0 0 0 0 0 0 0 0 0 0 0 0 0 0 0 0 0 0 7.4 1 0 0 0 0 0 0 0 0 0 0 0 0 0 
 85.80000000000001 9.200000000000001 71.60000000000001 51.800000000000004 12.200000000000001 5.4 68.2 33.800000000000004 42.800000000000004 26.400000000000002 10 7 0 14.8 9.8 57 35.4 7 15.200000000000001 31.200000000000003 0 15 0.4 0 0 0.6000000000000001 0.6000000000000001 0 0.6000000000000001 0 0.6000000000000001 0 0.4 0 0 0 0.4 0 1 0 0 0 0 0 0 0.6000000000000001 0 0.4 0 0 0 0.6000000000000001 1 0 0 0 0.4 0 0 0 0 0.4 0.6000000000000001 0 0 0.4 0.4 0 0.4 0 0 0 0 0 0 0.6000000000000001 0 0 0.6000000000000001 0 4.800000000000001 2.4000000000000004 3 0.6000000000000001 0 0 5.2 2.2 0 0 2.6 1.8 6.800000000000001 4.2 6.6000000000000005 2.8000000000000003 0 0 6.4 3 0 0 0 0 0 0 0 0 0 0.2 0 0 0 0 0 0 0 0 0 0.2 0 0 0 0 0 0 0 0 0 0 0 0 0 0 0 0 0 0 0 0 0 0 0 0 0 0 0 0 0 0 0 0 0 0 0 0 0 1.2000000000000002 0 0 1.8 2.2 0 4.6000000000000005 0 0 0 9 4.6000000000000005 0.2 3.8000000000000003 0.2 0.4 3.8000000000000003 0 3.2 2.2 3.6 3.6 4.6000000000000005 0 0 0 0 0 0 0 0 0 0 0 0 0 0 0 0 0 0 0 1.6 0 0 0 0 0 0 0 0 0 0 2.2 0 0 0 0 0 0 0 0 0 0 0 0 0 0 0 0 0 0 0 0 0 0 0 0 0 0 0 0 0 0 0 0 0 0 0.2 0.2 0 0.4 0 0 1.4000000000000001 0 0 14.8 0 0 0 0.4 0 0 0 0 0 0 0 0 0.4 0 0 0 0 0 0 0 0 0 0 0 0 0 0 0 0 0 0 0 0 0 0 
 12.4 7.2 100 54 100.4 11.600000000000001 49.400000000000006 34.6 19.8 24.8 8.6 6.800000000000001 14.8 0 84.2 28 7.2 40.2 17.2 17.8 0.2 17.8 0.2 0 0 0.6000000000000001 0.6000000000000001 0.4 0.8 0 0.6000000000000001 0 0.6000000000000001 0 0.2 0 0 0 0.8 0.2 0 0 0 0 0 0.6000000000000001 0 0 0 0 0.6000000000000001 0.6000000000000001 2.6 1.2000000000000002 0 0 0.6000000000000001 0 0 0 0.8 0.6000000000000001 0.6000000000000001 0.4 0 0 0 0.8 10.600000000000001 0 0 0 0 0 0 0.4 12 0 1.2000000000000002 0 4.800000000000001 11.8 1.8 10.200000000000001 1.4000000000000001 0 0 5.800000000000001 0.2 4 6.6000000000000005 0 3.6 4 0 0.4 3.6 3 0 3.4000000000000004 2.2 0 0 0 0 0 0 0 0 0 0 0 0 0 0 0 0 0 0 0.2 0 0 0 0 0 0 0 0 0 0 0 0 0 0 0 0 0 0 0 0 0 0 0 0 0 0 0 0 0 0 0 0 0 0 0 0 2.2 0 0 0 3 3 2 1.6 1.8 0 5 2 0.2 0 2.6 1.4000000000000001 1.2000000000000002 4.2 0.4 0.2 0 0 0.4 2.8000000000000003 0 0 0 2.6 0 0 0 0 0 0 0 0 0 0 0 0 0 0 0 0 0 0 0 0 0 0 0 0 2.8000000000000003 0 0 0 0 0 0 0 2.2 0 0 0 0 0 0 0 0 0 0 0 0 3 0 0 0 0 0 0 0 0 0 0 0 0 0 0 0 0.8 0 0 0 0.2 0 1.2000000000000002 0 0 0 0 0 0 0 0 0 0 0 0.2 0 0 0 0 0 0 0 0 0 0 0 0 0 1.8 0 0 0 0 0 0 0 0 0 0 0 0 
 55.2 32.800000000000004 63.800000000000004 18 25 12.200000000000001 73.2 47.6 26 39.6 75.8 9.4 9.8 84.2 0 56.6 25.6 28.400000000000002 36.4 73.2 0 0.4 0.2 0 0 0.6000000000000001 0.6000000000000001 0 0.6000000000000001 0 0.6000000000000001 0 0.4 0 0 0 0.4 0 1 0 0 0 0 0 0 0.6000000000000001 0 0.2 0 0 0 0.6000000000000001 0.8 0 0 0 0.4 0 0 0 0 0.2 0.6000000000000001 0 0 0 0.4 0 0.4 0 1 0 0 0 0 0.6000000000000001 0 0 0.6000000000000001 0 2 2 2.6 2.8000000000000003 0 0 3.8000000000000003 3.6 4.800000000000001 3 3.8000000000000003 0 4 3.8000000000000003 4.800000000000001 6.2 1.6 3.4000000000000004 1.4000000000000001 5 0 1.8 0 0 1.8 0 0 0 0 0 0 0 0 0 0 0.2 0 0.2 0 0 0 0 0 0 0 0 0 0 0 0 0.2 0 0 0.6000000000000001 0 0 0 0 0 0 0 0 0 0 0 0.4 0 0 0 0 0 1.4000000000000001 0 0 0 0.2 0 0.6000000000000001 0 0 11.4 3.6 0 0.2 0.2 0 4.4 2 6.4 2.4000000000000004 3.6 0 1 4 0 5.800000000000001 5.2 3.8000000000000003 0 0.2 0 0 0 0 0 0 0 0 0 0 0 0 0 0 0 0 0 0 2.4000000000000004 0 0 0 0 0 0 0.2 0 0 0 0 0 0 0 0 0 0 2.4000000000000004 0 2.2 0 0 0 0 0 0 0 0 0 0 0 0 0 0 0 0 0 0 0 0 0 0 0 0 0 0.4 0.2 0.4 0 0.4 0.4 0 3 0 0 0 0 0 0 0 0 0 0 2 0.2 0 0 0 0 0 0 0 0 0 0 0 0 0 0 0 0 0 0 0 0 0 0 0 0 0 0 
 10.4 24.6 8.6 8 36.800000000000004 29.8 18.400000000000002 18.400000000000002 47.2 26.8 13.4 6.6000000000000005 57 28 56.6 0 10.600000000000001 21.8 57.400000000000006 22.200000000000003 0.2 0.2 0 0 0 0.6000000000000001 0.6000000000000001 0 0.6000000000000001 0 0.6000000000000001 0 0.6000000000000001 0 0 0 0 0 0.6000000000000001 0 0 0 0 0 6.4 0.6000000000000001 0 0.4 8.4 0 0 0.6000000000000001 1 11.8 0 6.4 0.6000000000000001 0 0 0 0 0.6000000000000001 0.4 0.2 0 0 0 0 0.4 0 0 0 0 0 0 0.4 0 0 0.6000000000000001 0 8.8 2.2 10.200000000000001 4.4 0 1.6 3.2 0 3.2 0 14.4 3.4000000000000004 0.2 0 0 0.2 13.8 6 0 2 1.8 1.2000000000000002 0 0 0 0 4 1.8 0.2 0 0.8 0 0 0 0 0 6.800000000000001 0 2.6 0 0 0 0 0 0 0 0.2 0 0 0 0 0.4 0 0 0 0.4 0 0 0 0.2 0 0 0 0 0 0 0 2.2 0 0 0 0.2 0 0 0 0 0.8 0 0 0 3.2 0 0 6.6000000000000005 0 0.2 0 0 3.2 0 0 0.2 0 1 2.6 8.200000000000001 0 0 0 0 7.6000000000000005 0 0 0 0 0 5.4 0 0 0.2 0 0 0 0 0 2.6 0 0 1.6 12.200000000000001 0 0 0 0 0 0 0 0 0 0 0 0 0.2 0 0 0 0 0 0 0 0 0 0 0 0 0 0 0 0 0 2.4000000000000004 0 0 3 0 0 0 0 0 0 0 1.8 0 0 0 0.2 18.6 0 0 0.2 0 0.8 0 0 0 0 0 0 0.2 0 0 0 0.4 0 0 0 0 0 0 0 0 0 0 1.8 0 0 2 0 0 0 0 0 0 0 0 0 0 0 0 0 
 62.800000000000004 7 81.4 26.200000000000003 7.800000000000001 10.200000000000001 9.8 17.2 44 59.400000000000006 38.2 36.4 35.4 7.2 25.6 10.600000000000001 0 58.800000000000004 8.200000000000001 20.400000000000002 14.8 0.2 0.6000000000000001 0.8 0.6000000000000001 0.6000000000000001 0.8 0.6000000000000001 1 0.6000000000000001 0.6000000000000001 0 0.2 0 0 0.4 0.4 0.2 0.6000000000000001 15 0 0 0.4 0 0 0.6000000000000001 0 0.2 0.6000000000000001 0.6000000000000001 0 0.8 0.8 0 0 0.6000000000000001 0.4 0 0 0 0 0.2 0.6000000000000001 1.2000000000000002 0.6000000000000001 0.4 0.2 0 0.4 0 0 0 0 0 0.4 0.6000000000000001 0 0 0.6000000000000001 0 3.4000000000000004 9.4 3.6 5.2 4.6000000000000005 0 2.8000000000000003 6.4 3.2 0 3.2 2.4000000000000004 4.4 4.6000000000000005 6 7 0 0 5.4 1.8 0 0 0 0 0 0 0 0 0 0 0 0.6000000000000001 0.2 0 0 0 0 0 2 0 0 0 0 0 3.4000000000000004 0 0 0 2.2 0 0 0 0 0 0 0 2 0 0 0 0 0 0 0 0 0 0 0 0 0 0 0.2 0 0 0 0 0 1.6 2.8000000000000003 0 2.6 4.800000000000001 0.8 8 0 2 0.2 7.6000000000000005 0 5 7.6000000000000005 7 0 2.8000000000000003 1.8 4.2 4.2 0.2 3 2.4000000000000004 0 0 0 0 0 0 0 0 0 0 0 0 0 0 0 0 0 0 3.6 2.2 0 0 0 0 0 0 0 0 0 0 0 0 0 0 0 0 0 0 0.4 0 0 0 0 0 0 0 0 0 0 0 0 0.2 0 0.4 3.8000000000000003 0 0 0 0 0 0 2 0 0 0 0 0 0 0.2 17.400000000000002 0 1.6 0 0 0 0 0 0 0 0 0 0 0 0 0 0 0 0 0.4 0 0 0 0 0.2 0.4 2 0.2 0 0 0 0 0 0 0 0 0 0 0 0 0 
 23.200000000000003 10 53.800000000000004 9.4 68 13.4 15.4 7.2 22.8 43.6 25 29.400000000000002 7 40.2 28.400000000000002 21.8 58.800000000000004 0 9.4 5 7.2 0.4 0 0 14.8 0.6000000000000001 0.6000000000000001 0.8 0.6000000000000001 0 0.6000000000000001 0.8 15.8 0.4 14.600000000000001 0 0 0 0.6000000000000001 7 0 0 0 0 0 0.6000000000000001 0 0.4 0 0 0 0.6000000000000001 2.2 0 0 0 0.8 0 0 0 0 0.6000000000000001 0.4 1.2000000000000002 0 0 0 0 0.4 0 0.4 0 0.4 0 0 0.2 0 0 0.6000000000000001 0 5.800000000000001 8 8.200000000000001 1.4000000000000001 2 0 3 1.6 0 8.8 3.2 5.6000000000000005 3.6 0 4.4 3.6 3.2 3.2 4 0 0 0 0 7.800000000000001 0.2 0 0 0 0 0 0 0 0 0 2 0.4 0 0.2 0 0.2 0 0 0 0 0 0 0 0 0.4 0 0.4 0 0 0 0 0 0 0 0 0 0 0 0 0 0 0 0 0.4 0 0 0 0 0 0 0 0.4 0.8 0 0 0 0 1.2000000000000002 1.4000000000000001 12.4 0 1.6 2.6 1.6 0 0.2 5.2 7.2 0 0.2 5 0 3.4000000000000004 0 0 2 0 0 0 0 0 0 0 0 0 0 0 0 0 0 0 0 0 0 2 4.2 0 0 0 0 1.4000000000000001 0.4 0 0 0 0.2 0 0 0 0.2 0 0 0 0 0 0 0 0 0 0 0 0 0 0 0 0 0 0 0 0 0 0 0 0 0 0 0 0 0 0 0 0.2 0.8 0 1.2000000000000002 0.4 0 0.2 0 0 0 0 0 0 0 0 0 0 0 0 0 0 0.4 0 0 0 0 0 0 0 0 0 0 0 0 0 0 0 0 0 0 0 0 0 0 2.8000000000000003 
 25.400000000000002 27.6 42.800000000000004 15.600000000000001 83.80000000000001 87.80000000000001 61.400000000000006 13.200000000000001 35.2 19 4.800000000000001 5.4 15.200000000000001 17.2 36.4 57.400000000000006 8.200000000000001 9.4 0 16 0 0.2 0.8 0.4 0 0.6000000000000001 0.6000000000000001 0 15.4 0 0.6000000000000001 0 0.4 0 0 0 0.2 0 1 0 0 0 0.6000000000000001 0 0 0.6000000000000001 1 0 0 0 0 0.6000000000000001 0.6000000000000001 0 0 0 0.4 0 0 0.6000000000000001 0 0.4 0.6000000000000001 0 0.4 0 0.6000000000000001 0 0.4 0 0 0 0 0 0 0.6000000000000001 0 0 0.6000000000000001 0 14 0 2.8000000000000003 2.6 0 0 6.2 0 4.4 0.2 0 0 0 0 2.4000000000000004 0 1.6 0 0 6.4 2.6 0 0 0 0 0 0 0 0 0 0.4 3.8000000000000003 0 0 0 0 0 0 0 0 0 0 0 0 0 0 0 0 0 0 0 0 0 0 0 0 0 0 0 0 0 0 0 0 0 0 0 0 0 0 0 0 0 0 0 0 0 0 0 0 3 0 0 2.2 0 0 0 0.2 4.6000000000000005 0.2 0 0.8 6 6.2 0 3 0 2.8000000000000003 0 3.4000000000000004 0 0 0 0 0 0 2.6 0 0 0 0 0 0 0 0 0 0 0 0 2.4000000000000004 0 0 0 0 0 0 0 0 0 0 0 0 0 0 0 0 0 0.4 0 0.2 0 0.2 0 0 0 0 0 0 0 0 0 0 0 0 0 0 0 0 0 0.4 0 0 0 0 0 0.4 0 0 0 0 0 0.8 2.6 0 0 0 0 0 0 0 0 0 0 0 0 0 0 0 0 0 0 0 0 0 0 0 0 0 0 0 0 0 0 0 0 0 0 0 0 0 
 7.4 14.600000000000001 28 11.200000000000001 14.8 10.4 29.200000000000003 6.6000000000000005 51.2 17.2 12.200000000000001 22.6 31.200000000000003 17.8 73.2 22.200000000000003 20.400000000000002 5 16 0 0 0.2 0.2 0 0 0.6000000000000001 0.6000000000000001 0.2 0.6000000000000001 0 0.6000000000000001 0 0.4 0 0 0 0 0 0.8 0 0 0 0 0 0 0.6000000000000001 0 0 0 0 4.800000000000001 0.6000000000000001 0.6000000000000001 0.6000000000000001 0 0 0.4 0 0 0 0 0.2 0.6000000000000001 0 0 0 0.2 0 5.800000000000001 0.2 0 0 0 0 0 0.6000000000000001 0 0 0.6000000000000001 0 8.8 0 3 0 0 0 4.6000000000000005 10.4 5 0 0 0 9 2.4000000000000004 0.4 6 1.8 0 0 5.4 0 0.4 0 0 0.2 0 0 0 0 0 0 0 0 0 0 0 0 0 0 0 0.4 0 0 0 0.4 0 0 0 0 0 0 0 0 0 0 0 0 0 0 0 0 0 0 0 0 0 0 0 0 0 0 1.6 0 0 0 0 0.2 0 0 0 4.4 0 0 3 0 0 0 3.4000000000000004 5.2 4.6000000000000005 1.8 0 0 9.4 0 4.2 0 2.6 0 5.4 0 0 0 0 0 0 0 0 0 0 0 0 0 0 0 0 0 0 0 0 0 0 0 0 0 0 0.2 0 0 0 0 0 0 0 0 0 0 0 0 0 0 0.4 0 0 0 0 0 0 0 0 0 1 0 0 0 0 0 0 0.2 0 0 0 0 0 0 0 0 0 0 0.2 0.4 2.4000000000000004 0 0 0 0 0 0 0 0 0 0 0 0 0 0 0 0 0 0 0 0 0 0 0 0 0 0 0 0 0 0 0 0 0 0 0 0 0 0 
 0 0 0 0 15.4 15.8 0 0 0 6.800000000000001 14.600000000000001 15.4 0 0.2 0 0.2 14.8 7.2 0 0 0 52.2 27 30.6 8.200000000000001 11.8 28.8 44.6 8.6 4.2 10 5.2 29.200000000000003 24.8 32.4 17.400000000000002 6.6000000000000005 11.4 69 31.200000000000003 0 0 0 12.200000000000001 0 0 0 1 0 0 0 0 0.4 0 0 0 0.6000000000000001 0 0 0.6000000000000001 0 0 0.4 1.6 0.2 0 0 0 0 0 0 0 0 0 0 0 0 0.2 0 0 0 0 0 0.2 0 1.4000000000000001 0 0 0 0 0 3.8000000000000003 0 0 0 0 0 2.4000000000000004 0 0 0 0 2.4000000000000004 3.8000000000000003 0 0 0 1.4000000000000001 2.8000000000000003 0 2.4000000000000004 3.4000000000000004 2 1.4000000000000001 4.4 4 0.4 2 3 0 0 0 0 0 0 0 0 0 0 0 0 0 0 0 0 0 0 0 0 0 0 0 0 0 14.4 0 0 0 0 0 0 0 0 0 0 0 0 0 0 0 0 0 0 0 1.4000000000000001 3.8000000000000003 0.6000000000000001 0 0 0 0 2 0 0 0 0 2.4000000000000004 0 0 0 0 8.6 0.2 1.8 0.2 0 3.8000000000000003 3.4000000000000004 0 8.4 0.2 0 1 8.4 9.4 5 4.6000000000000005 2.8000000000000003 7 8 0 0 0 0 0 0 0 0 0 1.2000000000000002 0 0 0 0 0 0 0 0 0 0 0 1.2000000000000002 0 0 0 0 0 0 0 0 0 0 0 0 0 0 0 0 0 0 0 0 0 0 0 0 0 0 0 0.8 0 0 0 0 1.4000000000000001 0 0 0 0 0 0.2 0 0 0 0 0 0 0 0 0 0 0 0 0 0 0.6000000000000001 0 0 0 0 0 0 0 0 0 0 0 0 0 0 
 0.4 0.6000000000000001 0.4 0.4 0.4 0.4 1 0.2 0.2 0.4 0.2 0 15 17.8 0.4 0.2 0.2 0.4 0.2 0.2 52.2 0 85.60000000000001 75.60000000000001 11.600000000000001 9.8 19.200000000000003 45.6 33.4 7.2 28 23.200000000000003 27.200000000000003 15.4 56.6 41.2 56.400000000000006 28 28.400000000000002 67.60000000000001 0 0 0 0 0 0 0 0 0 0 0 0 0 0 0 0 0.6000000000000001 0 0 0.6000000000000001 0.4 0 0.6000000000000001 0 0.4 0.4 0.2 0 0 0 0 0 0.2 0.4 0 14.600000000000001 0.4 0.4 0 0.4 0 0 0 0 0 0 0 0 0 0 0 0 0 0 0 0.2 0.2 0 0 0 2.8000000000000003 4.4 4.4 0 2.2 0 0 1.6 2 0.4 2.4000000000000004 1.4000000000000001 5 4.2 3.8000000000000003 3.4000000000000004 3.2 3.2 0 5 0 0 0 0 0 0 2.2 0 0 0 0 0 0 0 0 0 0 0 0 0 0 0 0 0 0 0 3 0 4.4 0 0 0 0 0 0 1 0 0 0 0 0 0 0 0 0.4 3.8000000000000003 0 0 0 0 0 0.2 0 0 0 0 0 0 0 0 0 3.8000000000000003 8.8 0 2.8000000000000003 7.800000000000001 3.4000000000000004 2 11 0 7 10.200000000000001 0 6.2 2.2 7.6000000000000005 0.2 1.8 2 2.2 0 0 0 0 0 0 0.2 0 1.2000000000000002 0 0 0 0 0 0 0 0 0 0 4.6000000000000005 0 0 0 0 0 0 0 0 0 3.2 0 0 0 0 0 0 0 0 0 0 0 0 0 0 0 0.4 0.4 0 0 0 0 0 0 0 2.2 0.2 0.2 0.2 0.2 0 3 3 0 0 0 0 6.4 0 0 0 0 0 0 0 0 0 0 0 0 0 0 0 0 0 0 0 0 0 0 0 
 0.8 0 0 0.2 0 0.6000000000000001 0.8 0 41.400000000000006 0 42 0 0.4 0.2 0.2 0 0.6000000000000001 0 0.8 0.2 27 85.60000000000001 0 84 52.2 10.4 78.60000000000001 21.6 77.2 14.200000000000001 25.8 9.200000000000001 12.8 28.400000000000002 10.4 18.6 55.2 61.6 49.2 24 0 0 0 0 0 0 0 1.8 0 0 0 0 15.4 0 0 0 0.6000000000000001 0 0 0.6000000000000001 10 5.6000000000000005 0.6000000000000001 0 0 0 0 0 0 0 0 0 0 0 0 0 0 0.4 0 0 0.4 0 0 0 0 0.2 0 0 0 0 0 0 0 0 0 0 0.2 0 0 0 0 0 2.6 0 0 0.4 0 1.6 3.4000000000000004 0 2.2 4.2 2.4000000000000004 5 2.6 4.2 2.4000000000000004 2 5.6000000000000005 3.4000000000000004 0 0 0 0 0 0 0 0 0 0 0 0 0 0 0 0 0 0 0 0 0 0 0 0 0.4 0.2 0 0 0 0 0.2 0 0 0 0.2 0.2 0 0 0 0 0 0 0 0 0 0 0.8 0 0 0 0 0 0 0 0 0 1.4000000000000001 0.2 0 0 0 7.800000000000001 1.8 1.4000000000000001 0 0 4.800000000000001 7.800000000000001 2.4000000000000004 2.6 5.6000000000000005 0 1.2000000000000002 7.6000000000000005 2 2.8000000000000003 4.2 2.2 1.6 3.6 0 0 0 0 0 0 0 0 0 0 0 0 0 0 0 0 0 0.4 0 0.2 0 0 0.2 0.2 2.6 0 0 0 0 0 0 0 0 0.4 0 0 0 0 0 0 0 0 3.2 0 0 0 0 0 0 0 0 0 0 0 3.8000000000000003 0.2 0.4 0 18.8 0.2 0.4 0 0 0 0 0 0 0 0 0 0 0 0 0 0 0 0 0 0 0 0 0 0 0 0 0 0 0 0 1.6 
 0 0 0.8 0 0 0 0 41 4.800000000000001 0 0 0 0 0 0 0 0.8 0 0.4 0 30.6 75.60000000000001 84 0 15.8 8.200000000000001 18.6 52.6 38.2 58 10.8 28.400000000000002 40.2 12 11.8 12 66.60000000000001 85.2 30.8 16 0 0.4 0 0 0 0 0.4 1.8 0 0 0 0 2 0 0 0 1 0 12.8 25.8 0 0 10.8 0 0 0 0 0 0 0 0.2 0 0 0 0 0 0 1.4000000000000001 0 0 0 0 0 0 0 0 0 0 0 0 0.4 0 0.4 0 0 0 0 0 0 0 0 0 6.800000000000001 3.8000000000000003 0 1.8 0 5.4 0 2.8000000000000003 2.2 5.2 4.4 0 0 2 9 0.2 0 4 2 10.8 1.6 0.2 0 0 0 0 0 0 0 0 2.4000000000000004 0 7.4 0 0 0 0.2 2.2 0 0 0 0 0 0 2.8000000000000003 0 0 0 0 0 0 0 0 0 0 0 6.800000000000001 0 0 0 0 0 0 0 0 0 0 0 0 0 0 0 2 0 0 0 0 0 0 3.4000000000000004 5.6000000000000005 9 3.2 3.6 0.2 4 10.4 0 7 5.6000000000000005 0 4.6000000000000005 0 0 0 0 0 3.8000000000000003 2 4.4 0 0 0 0 1.8 0 3 0 0 0 0 1.2000000000000002 5.4 2.2 0 0 1.6 0 0 0 0 0 0 0 0 0 0 0 0 0 0 0 0 1.6 0 0 0 0 0 0 4 0 0 0.2 0 0 0 0 0 0 0 0 1.8 0.8 0.8 16.6 0.2 0 7.2 0 0 0 0 0 0 0 0 0 0 0 0 0 0 0 0 0 0 2.8000000000000003 0 0 0 0 0 0 0 0 0 0 
 0 0 0 20 0 0 0 0 0 0 0 0 0 0 0 0 0.6000000000000001 14.8 0 0 8.200000000000001 11.600000000000001 52.2 15.8 0 43.800000000000004 53.6 10.600000000000001 10 63 30.6 11.600000000000001 12.200000000000001 8.8 10 11.200000000000001 8.4 19.400000000000002 14.4 12 0.2 0 0 42.2 0 0 0 5.800000000000001 0 0 0 0 0.2 4.800000000000001 0 0 0.8 0 0.4 0.8 0 0 0.4 0 0.2 0 4.2 0 9.8 0 0 0 0 0 0 0 0 0.4 10.200000000000001 0 0 0 0 0 0 0 0 0 0 0 0 0 0 0 0 0 0 0 0 0 0 0 0 0 0 0 0 0 0 0 2.4000000000000004 0 0 0 0 0 0 0.2 0 0 4.2 0.2 0 0.2 0 0 0 2.6 5.2 1.8 0 0 3.6 3 4.2 3 0 0 3.8000000000000003 3.4000000000000004 0 0 0 0 0 0 0 0 0 0 0 0 0 0 0 0 0 0 0 1.4000000000000001 0 0 0 0 0 0 0 0 0 0 0 0 0 0 0 0 0 0 0 0 0 0 0 0 0 0 0 0 0 0.2 0 0 0 0 0 0 0 0 0 0 2.6 0 2.4000000000000004 0.6000000000000001 0 0 1.4000000000000001 2.2 4.2 2.4000000000000004 0 0 4.2 0 5 2.2 1.6 0 2.8000000000000003 1.8 0 0 0 0 0 0 0 0 0 0 0 0 0 0 0 0 0 0 0 0 0 0 0 0 0 0 0 0 0 0 0 0 0 0 0.4 0 0.2 0.6000000000000001 0.2 0.6000000000000001 0.4 0.4 0 0 0 0 0 0 0 0 0 0 0 0 0 0 0 0 0 0 0 0 0 0 3.8000000000000003 0 0 0 0 0 
 0.6000000000000001 0.6000000000000001 0.6000000000000001 0.6000000000000001 0.6000000000000001 0.6000000000000001 0.6000000000000001 0.6000000000000001 0.6000000000000001 0.6000000000000001 0.6000000000000001 0.6000000000000001 0.6000000000000001 0.6000000000000001 0.6000000000000001 0.6000000000000001 0.6000000000000001 0.6000000000000001 0.6000000000000001 0.6000000000000001 11.8 9.8 10.4 8.200000000000001 43.800000000000004 0 8.8 9 11.8 8.4 32.2 69.8 6.800000000000001 10.4 54.400000000000006 14.600000000000001 27.6 12.8 54.6 10.4 12.4 5.2 13 0 0 0 5.4 0.2 0.2 0 0 0 12.8 12.8 0 18.8 12.8 0 12.4 6.800000000000001 0 0 0.4 0 0.2 0 0 0 0 0 0 0 0 0 0 0 0 1.4000000000000001 0 0 0 0 0 0 0 0 0 0 0 0 0 0 0 0 0 0 0.4 0 0 0 0 0 0 0 4.4 3 0 0 2 1.6 0 0 0 0 0 0 0 0.4 0 0 2.8000000000000003 0.2 0 0 0 0 1.4000000000000001 7.4 5.4 2.4000000000000004 3 0 5.2 8.200000000000001 0.4 2.6 7.4 0 9.4 5.2 0 2.2 0 0 0 0.2 0 0 0 0 0 0 0 0 0 0 0 0 0 0 0 0 0 0 0 0 0 0 0 0 0 0 0 0 0 0 0 0 0 0 0 0.2 1.2000000000000002 0 1.8 0 1.2000000000000002 0 0 0 2.8000000000000003 0 0 0 0 6.4 2.2 0.2 0 0 0 2.4000000000000004 0 1.4000000000000001 0 0 0.2 2 0 8.200000000000001 2.2 0.2 9.200000000000001 11.600000000000001 2 14.4 5 0 3.8000000000000003 0.2 0 0 0 0 0 0 0 0 0 0 0 0 0 0 0 0 0 0 0 0 0 0 0 0 0 0 0.4 0 0 0 0 0 0 0 0.6000000000000001 0 0 0 14.8 0 1.2000000000000002 0 0 0 0 0 0 0 0 0 0 0 0 0 0 0 0 0 0 0 0 0 0 0 1.6 0 0 0 0 0 
 14.600000000000001 15.600000000000001 0.6000000000000001 12.600000000000001 0.8 30.8 0.6000000000000001 1 16.400000000000002 0.8 13 14.4 0.6000000000000001 0.6000000000000001 0.6000000000000001 0.6000000000000001 0.8 0.6000000000000001 0.6000000000000001 0.6000000000000001 28.8 19.200000000000003 78.60000000000001 18.6 53.6 8.8 0 27.200000000000003 79.2 12.4 25 39.6 28.6 35.2 59.400000000000006 9 5.800000000000001 10.600000000000001 77.60000000000001 64 0 0 0 0.2 0 0 0 0.4 0 4.800000000000001 0 0.6000000000000001 0.4 0 0 0 0.6000000000000001 0 0 14 0 0 0.2 9.8 0.4 0 9.8 0 0 0 0.4 0 0 0 0 0 0 1 0 0 0 0.4 0 2.6 2.8000000000000003 2.4000000000000004 0 0 0 0 0 3.6 0 0.4 0 1.2000000000000002 0 0.6000000000000001 0 0 6 0.8 0 2 0 0 18.8 11.8 8.8 4.800000000000001 0.2 7.2 8.4 8 10.200000000000001 10.600000000000001 0 5.6000000000000005 7 0 0 0 0 0 0 0 0.4 0 0 0 0 0 0 0 0 0.2 0 0 0 0 1.2000000000000002 0 0 1 0 0 0 0 0.6000000000000001 0 0 0 0 1 0 0.2 0 0 0 0 0 0 0 0 3.4000000000000004 0 0.8 0 0 2.8000000000000003 0 2 0 0 0 0 0.6000000000000001 0 0 0 0.4 0 1.6 8.8 0 5.4 9.200000000000001 8.4 0 0 0 0 6 6.4 1 0 3.4000000000000004 4.6000000000000005 0 0.2 0 0 0 0 0 0 0 0 0 0 0.2 0.4 0 0 0 0 0 0 0 0 0 0 0 0 0 0 0 0 0 0 0 0 0 0 0 0 1.8 0 0 0 0 2.4000000000000004 0 0 0 0 14.8 0 4.4 0 3.2 0 0 2.8000000000000003 1.6 0 0.4 15.4 0 0.4 0.8 0.4 0 0 0 0 0 0 0 0 0 0 0 0 0 0 0 0 0 0 0 3.4000000000000004 0 0 0 0 0 0 0 0 
 0 0 0 0.6000000000000001 11.4 15.200000000000001 0 0 0 0 14.600000000000001 0 0 0.4 0 0 0.6000000000000001 0.8 0 0.2 44.6 45.6 21.6 52.6 10.600000000000001 9 27.200000000000003 0 17.8 5.800000000000001 5.4 6.2 61.400000000000006 15.8 27.400000000000002 27.8 24.8 16.8 49 45.400000000000006 0 0 0 0 0 0 0 1.8 0 0 0 0 0 0 0 0 0.8 0 0 0.8 0 0 0.6000000000000001 0 0 0 0 0 0 0 0.6000000000000001 0 0 0 0 0 0 0 0 0 0 0 0 0 1.6 2.6 0 0 0 0 0 3 0 0 0 0.2 0 3 0 0 5.4 0 0.2 3.6 0 0 0 4.2 4.2 4.800000000000001 2.2 0 8.8 0.2 6 3 0.2 5.2 0 3.8000000000000003 0.8 0 2.4000000000000004 0 0 0 0 0 0 0 0 0 0 0.6000000000000001 0 0 0 0 0 0 0 0 0 0 0 0 0 0 1.2000000000000002 0 0 0 0 0 0 0.8 0 0 0 0 0 0 0 0 0 4 0 0 0 0.2 0 0 0 0 0 0 0 0 0 0 0 10.200000000000001 3 0.6000000000000001 0.2 4.2 2.2 4.800000000000001 2 2.8000000000000003 13.600000000000001 2.4000000000000004 2 7 2.4000000000000004 4.4 3 0 3.6 9.8 2 0 0 0 0 0 0 0 0 0 0 0 0 0 0 0 0 0 0 0 0 0 0 0 0 0 0 0 0 0 0 0 0 0 0 0 0 0 0 0 0 0 0 0 0 0 0 0 0 0 0.2 0 0 0 2 0 0.6000000000000001 0.4 0 0.8 4 2.6 0 0 0 0 0 0 0 0 0 0 0 0.2 0 0 0 0 0 0 0 0 0 0 0 0 0 0 0 0 
 0.6000000000000001 0.6000000000000001 0.6000000000000001 15.4 0.6000000000000001 1.2000000000000002 0.6000000000000001 0.6000000000000001 0.6000000000000001 0.6000000000000001 0.6000000000000001 1 0.6000000000000001 0.8 0.6000000000000001 0.6000000000000001 1 0.6000000000000001 15.4 0.6000000000000001 8.6 33.4 77.2 38.2 10 11.8 79.2 17.8 0 15.200000000000001 71.2 10 72.8 121.2 21.6 100 52.400000000000006 8.8 21.8 28.6 3.2 0 0.4 16.2 0 0 0 5.800000000000001 0 0 0 0 0.4 0 0 0 0.6000000000000001 0 12.8 22 0 0 0.6000000000000001 0 0.4 0 0 0.2 0 0 0 0 0 0 0 0.2 0 0 0 0 0 0 0 3.2 0 3.4000000000000004 0 0 0 0 0 0 0 1.6 8 0 0 0 0 0 0 2 2.6 0 2 0 0 1.4000000000000001 2.6 0 4.2 4 2.4000000000000004 5.6000000000000005 3.2 6.800000000000001 9.200000000000001 6 2.4000000000000004 1.6 0 0 0 0 0 0 2.6 0 0 0.4 0 0 3.6 0 8 0 0 0 0 3.4000000000000004 0 0 0 0 0 0 0 0 0 0 0 0 0 0 0 0 0 0.4 1.4000000000000001 0 0 0 0 0 0 0 2.6 0 0 0 0 1.8 0 0 0 0 0.2 0 0 0 0 9.4 6 11.600000000000001 0.4 0.2 1.4000000000000001 4.4 5.4 3.8000000000000003 2.6 0.2 3 9 3.8000000000000003 1.2000000000000002 4.6000000000000005 4.800000000000001 1.8 2.6 4.2 0 0.2 0 0 0 0.2 0 0 0 0 0 0 0 6 0 0 0 1.6 4 0 0 0 0.2 0 0 0 0 0 0 0 0 0 0 0 0 0 0 0 0 0 0 1.2000000000000002 0 0 0 0 0 15 0 0 0 0 0 2.4000000000000004 0 0.4 0.2 15.4 0.8 0.4 0.4 0 0 0 0 3.6 0 0 0.2 0 0 0 0 0 0 0 0 0 0 0 0 0 0 0 0 0 0 0 0 
 0 0 0 0 0 0 0 0 15 0 0 0 0 0 0 0 0.6000000000000001 0 0 0 4.2 7.2 14.200000000000001 58 63 8.4 12.4 5.800000000000001 15.200000000000001 0 43.2 51.400000000000006 35 14.600000000000001 36 16 39.800000000000004 26 31.8 34.800000000000004 0 0 0 0 0 0 0 0.4 3.6 0 0 0 13.600000000000001 0 0 0.4 0.6000000000000001 0 25.400000000000002 0.6000000000000001 0 0 0.6000000000000001 0 0 0.2 0 0.6000000000000001 0 0 0 0 0 0 0 0.2 0 0 0 0 0 0 0 0 0 0 0 0 0 0 0 0 0 5.4 0 0 0 0 0 0 2 0 1.2000000000000002 9.4 3.6 3.8000000000000003 2 0 0 6.6000000000000005 0.2 5.2 0 3.8000000000000003 0 2.6 2.6 2.4000000000000004 0 0 5.2 7 0 0 0 0 0.2 0 0 3.2 0 0 2 6 0 0.4 0 0 0 0 6 0 0 0.8 0 0 0 0 0.6000000000000001 0 0 0 0 1 0 0 0 0 0 0 0 0 0 0.4 0 0 0 0 0 0 0 0 0 0 0 0 0.8 0 0.2 0 0 0 0 7.4 2.6 6.4 0 0 0 5 2 8.6 0 0 0.2 0 0 5.6000000000000005 0 0 2 0.2 0 0 0 0 6.6000000000000005 1.6 0 0 0.4 0.2 5.4 5.800000000000001 0 2.6 0 0 1.8 8.200000000000001 0 0 0 0 0 0 0 0 0 0 0 0 0 0 0.4 0 2.2 0 0 3.8000000000000003 0 0 0 0 0 0 0 0 0 0 0 0 0 0 0.6000000000000001 0 0 45.6 15.8 0.2 0 0 0 0 0 0 0 0 0 0 0 0 0 0 0 0 0 0 0 2.4000000000000004 0 3.4000000000000004 0 0 0 0 1.8 0 0 0 
 0.6000000000000001 0.6000000000000001 0.6000000000000001 0.6000000000000001 0.6000000000000001 0.8 0.6000000000000001 1 1 0.6000000000000001 0.6000000000000001 0.8 0.6000000000000001 0.6000000000000001 0.6000000000000001 0.6000000000000001 0.6000000000000001 0.6000000000000001 0.6000000000000001 0.6000000000000001 10 28 25.8 10.8 30.6 32.2 25 5.4 71.2 43.2 0 38.2 40 27.200000000000003 48.2 12 23 45.6 11 69.8 0 0 0 0.2 0 0.4 0 7.800000000000001 0 0 0 0.4 4.800000000000001 0 0 0 0.6000000000000001 0 12.4 0.6000000000000001 0 0 0.4 0 0.2 0 0 0.2 0 0 0 0 0 0 0.2 0.2 0 1.2000000000000002 0 0.8 0 0 0 0 0 0 0 0 0 0.4 0 0 0 0 0 0 0 0 0 0 0 5.4 15.600000000000001 1 13.600000000000001 0.2 0 2.6 0 4.2 14.4 3 1.6 1.4000000000000001 0 5.4 9.600000000000001 1.8 0 2.6 3 2 0 0 0 0 2.6 0 4.4 0 0 0 2.6 0 5 2.4000000000000004 0 0 2.2 0 0.8 0 0 0.6000000000000001 0 0 0 0 0.2 0 0 0 0 1.6 0 0 0 0 0 0 0 0 0 0 0 0.4 0 0 0 0 0 0 0 0 0.4 0.2 0.4 0 0 2.4000000000000004 0 2.6 4 4 5.4 4 1.8 4.6000000000000005 4.4 0 1.6 0 0 6.800000000000001 4 1.4000000000000001 1.6 15.4 1.6 0.2 2 0.2 0 0 0 0 2.2 0 0 0 0 0 3.8000000000000003 0 0 0 0 0 0 6.6000000000000005 0 0 0 0 0 0 0 0 0 0 0 0 0 0 0 0 0 0 0 0.2 0 0 2.8000000000000003 0 0 0 0 0 0 0 0 0 0 0 1.6 0 0.2 16.2 7.6000000000000005 0.6000000000000001 0.4 0.4 0 0 0 0 3 0 0 0 0 0 0 0 0 0 0 0 0 4.2 0 2.4000000000000004 0 0 0 0 0 0 0 0 
 0 0 0.8 0 0.6000000000000001 0 0 0.2 0.8 0.6000000000000001 0 0.2 0 0 0 0 0 0.8 0 0 5.2 23.200000000000003 9.200000000000001 28.400000000000002 11.600000000000001 69.8 39.6 6.2 10 51.400000000000006 38.2 0 9.8 25.8 16.6 86.4 30.6 27.8 8.8 26.6 0 0 0 0 0 0 0 0.2 0 0 0 0 25.400000000000002 0 0 0 0.6000000000000001 0 5.800000000000001 0.6000000000000001 0 0 0.6000000000000001 0 0 0 0 0 0 0 0 0 0 0 0 0 0 0 0 0 0 0 0 0 0 0 0 0 0 0 0.4 0 0.4 0 0 0 0 0 0 0 2 5.6000000000000005 4.4 4.2 7.4 0 1.8 2.4000000000000004 2.4000000000000004 3.8000000000000003 2.6 0.2 0 0 0 10.600000000000001 3.8000000000000003 3.8000000000000003 0 0 0 0 0.2 0.2 0 0 6.2 0 0 0 0 0 2 0.2 0 0 0 0 0 0 1 0 0 1.4000000000000001 3.6 0 3.2 0 0 0 0 0 0 0.8 0 0 0 0 0 0 0 0 0 0 0 0 0 0 0 0 0 0 0 0 0 0 4.4 0 0 0 0 0 0.4 3.4000000000000004 6.4 9.4 3.4000000000000004 0 4.6000000000000005 3.2 0 0 0 4 1.6 3.8000000000000003 0 7.6000000000000005 0 0 0 0 0 0 0 0 0.2 0 0 0 0 0 1.2000000000000002 0.2 0 0 0 0 2 1.4000000000000001 2.2 0 0 0 0 0 0 2.6 0 0 0 0 0 0 0 0 0 0 0 0 0 2.2 0 0 0 0 0 0 0 0 0 0 0 0 3.8000000000000003 0 1.2000000000000002 0.6000000000000001 0.2 0.4 0 0.4 0 0 0 0 2.2 0 0 0 0 0 0 0 0 0 0 0 0 0 0 4.4 0 0 0 0 0 0 0 0 
