 0 18.6 50.800000000000004 45.800000000000004 54 27.8 59 46 42.6 6.4 6 27 34.2 64.2 11.200000000000001 8.4 23.8 23 64.4 7.800000000000001 0.6000000000000001 0 0 0 0 0 0.4 0 0 0.2 0.4 0.4 0.6000000000000001 0 1.2000000000000002 0 0.4 0.4 4.6000000000000005 0 0.6000000000000001 1 0.6000000000000001 0.4 0.2 0.6000000000000001 7.4 0.6000000000000001 0 0.2 0.4 0.6000000000000001 0 0.8 0 0 0 0 0.2 0 0 0 0 0.2 0 0 0.6000000000000001 0 0 0.4 0 0.2 0.6000000000000001 0.6000000000000001 0.4 0 0 0 0 0 0.4 2 2 4.6000000000000005 2.2 0 6 4.800000000000001 5.2 2.6 0.2 4.4 4.2 0 0.2 3.6 2.2 0 1.8 6 0 0 0 0 0 0 0 0 0.2 0 0 0 0 0 0 0 0 0 0 0 0 0 0 0 0 0 0 0 0.2 0 2 0 0 0 0 0 0 0 0 0 0 0 0 0 0 0 0 0 0 0 1.2000000000000002 0 0 0 2 0 0 0 0 0 0.2 0.2 2.8000000000000003 2.4000000000000004 0 0 2.2 0.4 0 2.8000000000000003 5.4 0 3.8000000000000003 2.4000000000000004 0 0 2 3.6 0.4 5.2 0 0 0 0.2 0 0 0 2.8000000000000003 0 0 0 0 0 0 0 0 0 0 2.6 2 0 0 0 0 0 0 0 0 0 0 0 0 0 0 0 0 0 0.4 0 0 0 0 0.2 0 0 0 0 0 0 0 0 0 0 0.2 0 0 0 0 0 0 0 0 0 0 0 0 0 0 18.2 0 0 0.4 0 0 0 0 0 0 0 0 0 0 0 0 0 0 0 0 0 0 0 0 0 0 0 2.4000000000000004 1 0 0 0 0 0 0 0 0 0 0 0 0 0 
 18.6 0 49.2 41.800000000000004 33.2 37.6 18.400000000000002 30 46 20.6 23.200000000000003 74.60000000000001 30.8 35.800000000000004 9.8 49.800000000000004 28.400000000000002 20.8 7.800000000000001 8 0.6000000000000001 0.4 0 0 0 0 0 0 0 0.6000000000000001 0.4 0 0.4 0 0.6000000000000001 0 0 0.4 0 0 0.6000000000000001 0.6000000000000001 0.4 0.4 0 0 0 5.800000000000001 0 0.4 0 0.6000000000000001 0 13.200000000000001 0 0 0 0 0 0 0 0 0 0 0 0 0.6000000000000001 6.800000000000001 0 0.4 0 0 0.6000000000000001 0.6000000000000001 0.4 0 0 0 0 0 0 3.6 2.8000000000000003 3 4.800000000000001 0 2.2 3.2 0 1.8 11 1.4000000000000001 2.8000000000000003 0 0 1.4000000000000001 2.6 2.2 0 0.4 1.6 0.4 0 0 0 0 4.2 0 0 0.4 0 0 0 3 0 0 1.4000000000000001 0 3.6 1.6 0 0.4 0 0 0 0 0 0 0 0 0 0 0 0 0 0 0 0 0 0 0 0 0 0 0 0 0 0 0 0 0.8 0.2 0 0 0 0 0 0 2 0.4 2.8000000000000003 17.8 0.4 5.800000000000001 0 4.6000000000000005 0 7 0 0 2.4000000000000004 2.8000000000000003 0 0 4.800000000000001 0 7.6000000000000005 1.4000000000000001 0 5 2.6 0 0 0 0 0 5.800000000000001 0 0 0 0 0 0 0 0.2 0 1.4000000000000001 0 9 6 0 0 0 0 0 0 0 0 0 0 0 0 0 0 0 0 0 0 0 0 0 0.4 0 0 0 0 0 0 0.2 0 2.6 0 0 0 0 0 0 0 0 5.800000000000001 0 1.6 0 0 0 0.2 18.400000000000002 0 0.6000000000000001 0.4 0 1.2000000000000002 0 0 0 0 0 0 0 0 0 0 0 0 0 0 0 0 0 0 0 0 0 0 0 0 0 0 0 0 0 0 0 0 0 0 0 0 0 0 
 50.800000000000004 49.2 0 60.2 9.8 53.6 30.400000000000002 34.2 24 9.8 14.600000000000001 44.6 54.800000000000004 13 32.6 50.800000000000004 30.400000000000002 11.4 42.2 27.8 0.4 0 0 0 0 0 15.8 0 12.8 0 0.4 0 0.6000000000000001 0 0.6000000000000001 0 0 0.2 0 0 0.6000000000000001 0.6000000000000001 0.6000000000000001 0.4 0 0 0 0.6000000000000001 0 0 0.2 0.4 0 1 0 0 0 0 0 0.2 0 0 0 0 0 0 0.4 0.4 0 0.4 0 0 0.6000000000000001 0.6000000000000001 0.4 0 0 0.2 0 0 2.8000000000000003 4.6000000000000005 0 3.4000000000000004 2.4000000000000004 0.8 0 0 0.4 3.8000000000000003 0 14.4 2 0 0 8.200000000000001 0.6000000000000001 0 2.4000000000000004 2 0 0.4 0 0 0 0 0 0.2 0 0 0 0 0 0.4 0 0 0 0 6.800000000000001 0.2 0 0 0 0.2 0 0 0 0 0 0 0 0 0 0 0.2 0 0 0 0 0 0 0 0 0 0 0 0 0.2 0 0 1.8 0 0 0 0 0 0.4 0.4 0 0 0 2.8000000000000003 0 7.4 0 6.2 2.2 6.4 0 1.8 5.800000000000001 3 4 2 0.4 0 2.2 4.4 0 0 0 0 0 0 0 0 8.4 1.2000000000000002 0 0 0 0 0 0 2.2 0 0 0 3 6.4 0 0 0 0 0 0.4 0 2 0 0 0 0 0 0 0 0 0 0 0 0 0 0 0 0 0 0 0 0 0 0 0 0 0 0 0 0 0 0 0 0 0 0 0 0 0 5.2 18 0 9 17.6 0 0.4 0 0 0 0 0 0 0 0 0 0 3.4000000000000004 0 0 0 0 0 0 0 0 0 0 0 0 0 2 0 0 0 0 0 0 0 0 0 0 0 0 0 
 45.800000000000004 41.800000000000004 60.2 0 62 7 19.6 31.6 43 93.60000000000001 80 14.8 21.200000000000003 106.4 41.2 15.4 11.600000000000001 9.600000000000001 71.60000000000001 14.4 0.6000000000000001 7.4 0.4 0.4 0 0.4 0 0.2 0.4 8.4 0.4 0 0.8 0 0.6000000000000001 0.8 0 0.4 18.400000000000002 0.4 0.6000000000000001 0.4 7 0.4 0 0 0.4 1 0 0.4 0.4 0.4 0 13.4 0.4 0.4 0 0.8 0.2 0 0 0 0 0 0 0.4 0.4 0.2 0 0.6000000000000001 0 0 0.6000000000000001 0.6000000000000001 0.6000000000000001 0 0 0 0 0 0 0.4 0 3.6 2.6 0.4 3.4000000000000004 8.200000000000001 3.6 0 4.2 4.2 0 0 0 0 0 0 2.6 4.2 0.2 0 0 0 0 0 2.8000000000000003 0 0 2.2 0 0 0 0 0 0 0 0.4 0 0 0 0 0 0 3 0 0 0 0 0 0 0 0 0 0 0 0 0 0 0 0 0.4 0 0 0 0 0.4 0 0.2 0 0 0 0 0 0 0 0 0 0 0 2.6 3 0 3 0 1.4000000000000001 1 2.8000000000000003 0.4 3.8000000000000003 0 0 0 0.6000000000000001 3.8000000000000003 0.2 6.2 0 0 0 3.8000000000000003 0 0 0 0 0 0 0 0 0 0 0 0 0.4 0 0 0 0 3 6 0.2 0 0 0 0 0 0 0 0 0 0 0 0 0 0 0 0 0 0 0 0 0 0 0 0 3.4000000000000004 0 0 0 0 0 0 0 0 0 0 0 0 0 0 0 1.8 0 0 0 0.2 17.400000000000002 0 18 0 0.4 0.8 0 0 0 0 0 0 0 0 0 0 0.2 0.2 0 0 0 0 0 0 0 0 0 0 0 0 3.6 0 0 0 0 0 0 0 0 0 0 0 0 0 
 54 33.2 9.8 62 0 58.400000000000006 8.8 13.200000000000001 57.6 95.80000000000001 38.6 58 13 14 20.200000000000003 50 53 28.8 53 15.4 16.8 15.200000000000001 0 0 0 0 17.6 0 0.2 0.2 0.8 0 27.6 0 0.6000000000000001 14.8 0 0.2 37.800000000000004 0 0.6000000000000001 0.6000000000000001 0.8 0.4 0 0 0 0.6000000000000001 0 0.2 0 0.6000000000000001 0.8 0.8 0 0 1.4000000000000001 0 0 0 0 0 0 0 0 0 0.6000000000000001 1.2000000000000002 0 6.6000000000000005 0 0 0.6000000000000001 0.6000000000000001 0.4 0 0 0 0.4 0 0.4 0 0 0 4 1.8 2.4000000000000004 0 0 7 7.2 3.4000000000000004 0 0 0 2.4000000000000004 1.8 1.2000000000000002 0 0 2.6 0 2 0 3.8000000000000003 0 2.8000000000000003 0.2 0.2 4 0 2 0 2.6 1 0 0 0 3.4000000000000004 2.2 0 0 0 0 0 0 0 0 0 0 1.4000000000000001 0 0 0 0 0 0 0 0 0 0 0 0 0 0 0 0 4 0 0 0 3 0 0 0 0 0 0 0 0 1.4000000000000001 0 0 0 3.2 0.6000000000000001 0 0 3 2.6 0 4.2 0.4 0 2.2 4.2 0 0 0.2 0 1.8 0.2 0 0 0 0 13.200000000000001 5.4 8.6 0 0 0 5.4 0 5.4 5.800000000000001 3 4.4 0.2 0 0.4 0 0 0 0 0 0 0 0 0 0 0 0 0 0 0 0 0 2.4000000000000004 0 0 0 0.4 0 0 0 0 0 0 0 0 0 0 3.4000000000000004 0 0 0 0 0 0 0 0 0 0 0 1.2000000000000002 1.8 1 0.4 18 2.4000000000000004 0 0 0 0 0 0 0 0 0 0 0 0 0 0 0 0 0 0 0 0 0 0 0 0 0 0 2 0 0 0 0 0 0 0 1.4000000000000001 0 0 0 0 
 27.8 37.6 53.6 7 58.400000000000006 0 8.8 8.8 5.6000000000000005 73.60000000000001 81.4 11 5.800000000000001 8.8 8 63.6 38.2 61.800000000000004 7.4 29.6 1.2000000000000002 0 0 0 0 0 29.8 15.4 0.4 0.8 15.200000000000001 0 0.4 0 0.6000000000000001 0 0 0 6.800000000000001 0 0.6000000000000001 0.6000000000000001 12.8 0.6000000000000001 0 0.2 0 0.6000000000000001 0 0.4 0 0.6000000000000001 0 0.8 1.2000000000000002 0 0 0.6000000000000001 0 0 0 0 0 0 0 0 0.6000000000000001 0 0 0.4 0 0 0.6000000000000001 5.4 0.4 0 0 0.8 0 0 0 0 2.2 10.200000000000001 1 4.2 2 0 0 2.8000000000000003 1.4000000000000001 4.800000000000001 0 0 0 2.8000000000000003 0 0 0 0 3.6 0 0 1.4000000000000001 0 0 5 0 0 0 0 3.2 3.6 11.200000000000001 0 0 0 0 10.200000000000001 1.8 0 0 0 0 0 0 0 0 0 0 0 0 0 0 0 0 0 0 2.2 0 0 0 0 0 0 0 0 0 0 0.4 0 0 0.4 0 0 0 0 0 0 0 4 4.800000000000001 0 2.8000000000000003 3.4000000000000004 5.4 0 3.6 0 0 3.8000000000000003 0 0 0 5.2 0 0 3.2 0 0 2.8000000000000003 2 3 0 0 0 5.4 1 0 11 0 0 1.8 1.8 3.2 0 0 1.6 11 5.6000000000000005 0 0 0 13.8 0 0 0 0 0 0 3.2 0 0 0 0 0 0 0 0 0 0 0 0 0 0 0 0 0 0 0 0 0 0 0 0 0 0 0 0 0 0 0 0 0 0 0.8 17.400000000000002 0 0 0.4 0 2.6 0 0 0 0 0 0 0 0 0 0 3.2 0 0 0 0 0 0 0 0 0 0 0 0 2.8000000000000003 0 0 0 0 0 0 0 0 0 0 0 0 0 0 
 59 18.400000000000002 30.400000000000002 19.6 8.8 8.8 0 45.6 27.8 11.8 51.2 27.8 66 68.4 9.4 8.8 26.8 12 32 11.600000000000001 0.6000000000000001 1 0 0 1.6 0 0 0 0.6000000000000001 0.2 0.4 0 0.4 0 0.6000000000000001 1.6 0 40.800000000000004 0 0 0.6000000000000001 1.2000000000000002 0.4 0.4 0 0.4 0 0.6000000000000001 0 0.4 0 0.6000000000000001 0 0.6000000000000001 0 0 0 0 0 0 0 0 0 0 0.4 0 0.6000000000000001 0 0 0.8 0 0 0.6000000000000001 0.6000000000000001 0.4 0 0 0 0 0 5.800000000000001 3 4.4 6.800000000000001 0.2 0 0.2 7 7.2 1.4000000000000001 2.6 6.6000000000000005 5.2 3 0 4.2 1.8 3.4000000000000004 6.2 7.2 0 0 0 0.8 0 0 3 0 0 0 0 0 0 0 0 0 0 0 0 0 0 0 0 0 0 0 0 0 0 0 0 0 0 0.4 0 0.4 0 0 0 0 0 0 0 0 0 0.2 0 0 0 0 0 0 0 0 0.2 0 0 0 0 0 0.2 2.6 2 2.2 0 0.4 0.4 2.6 2.2 5.6000000000000005 16.6 2 3.2 0 2.8000000000000003 0 0 7 4 2.2 0 0 0 0 0 0 0 1 0 0.4 0 0 0 3.4000000000000004 0 0 0 0 0 0 0 0 0 0.4 0 0 0.2 0 0 0 0 0 0 0 0 0 0 0 0 0 0.2 0 0 0 0 0 0.4 0 0 0 0.2 0 0 0 0 0 0 0 0 0 0 0 0 0 0 0.2 0 0 0.4 0 0 0.6000000000000001 0.4 0 0 0 0 0 0.4 0 0 0 0.4 0 0 0 0 0 0 0 0 0 0 0 0 1.6 0 0 0 0 0 0 0 0 0 0 0 0 0 0 
 46 30 34.2 31.6 13.200000000000001 8.8 45.6 0 41 24.400000000000002 66.8 51 41.2 65.8 51.6 46.6 24.6 34.4 33.2 9.4 0.6000000000000001 0 0 0 0 0 0.2 0 0.4 0.4 0.4 0 0.4 0 0.6000000000000001 0.8 0 0.2 0.6000000000000001 1 0.6000000000000001 0.6000000000000001 1.2000000000000002 10.200000000000001 0.6000000000000001 0 0 0.6000000000000001 0 0.4 0 1.4000000000000001 0 13 0.6000000000000001 0 0 0.6000000000000001 0 0 0 0.6000000000000001 0 0 0 0.6000000000000001 0.6000000000000001 0 0 0.4 8.8 0 0.6000000000000001 0.6000000000000001 0.4 0.4 0 0 0 0 2 8 3.4000000000000004 6 7.4 0.2 1.2000000000000002 5.6000000000000005 5.800000000000001 4 12.8 7.6000000000000005 0 5.800000000000001 0 6.4 5.2 4.2 0 2.6 0 0 0 0 0 0 0 0 0 0 0 0 0 0 0 0 0 0 3.6 0 0 0 0 0 0 0 0 0 0 0 0 0 0 0 0 0 0 0 0 4.2 0 0 0.6000000000000001 0 0 0 0 0 0 0 0 0 0 0 0 0 0 0 0 0 4 3.8000000000000003 3.2 1.8 0 1 2 5.800000000000001 0.6000000000000001 1.6 4 0 0 2.2 2 0 2.8000000000000003 1.8 1.8 0 0 0 0 0 0 0 0 0 0 0 0 0 0 0 0 0 0 0 0 0.2 0 0 0 0 0 0 0.8 0 0 0 0 0 0 0 0 0 0 0 0 0 0 0 0 0 0 0 0 0 0 0 0 0 0 0 0 0 0 0 0 0 0 0.6000000000000001 0 0 0 0.2 0 0.2 0.2 0.4 0 4.4 0 0 0 0 0 0 0 0 0 0 0.2 0 0 0 0 0 0 0 0 0 0 0 0 0 3.4000000000000004 0 0 0 0 0 0 0 0 0 0 0 0 0 
 42.6 46 24 43 57.6 5.6000000000000005 27.8 41 0 12.200000000000001 25 42 17.8 17.400000000000002 74.4 27 28.400000000000002 6.800000000000001 14.600000000000001 10.600000000000001 0 0 0.4 0 0 0 0.2 0.2 0 0 0 0 0 0 0 0.4 0.6000000000000001 0.4 41.400000000000006 0.2 0 0 0 0 0 0 0 0.4 0 0 0 0 0 14.4 0 0 0.2 0 0 0 0 0 0 0 0 0 0 0 0 0 0 0 0 0 0 0 0 0 0.6000000000000001 0 0 4.6000000000000005 5.800000000000001 12 4.4 0 2.2 9.200000000000001 4 7.800000000000001 5.4 1.4000000000000001 0.2 0.2 0 3.6 0.2 2.2 0 2.4000000000000004 0 0 0 0 0 0 0 0 0 0 0 0 0 0 0 0 0 0 2.6 0 0 0 0.2 0 0 0 0 0 0 0 0 0 0 0 0 0 0 0 0 0 0 0 0 0 0 0 0 0 0 0 0.2 0 4.6000000000000005 0 0 0 0 0 1 0 3.4000000000000004 11.8 4.2 7.6000000000000005 0 3 2.4000000000000004 9.8 0.2 4 2.4000000000000004 5.2 0.2 2.4000000000000004 6.6000000000000005 0 7.2 0.2 0 0 0 0 0 0 0 0 0 0 0 0.4 0 0 0 0 0.2 0 0 0 9 8.200000000000001 0 0 0 0 0 0 0.4 0 0 0 0 0 0 0 0 0 0 0 0 0 0 0 0 0 0 0 0.2 0 0 0 0.4 0 0 0 0 0 0 0 0 0 0 1.8 0 0 0 0.4 21.400000000000002 0 7.6000000000000005 0 0 2.6 0.2 0.2 0 0 0 0 0 0 0 0 0.2 0 0 0 0 0 0 0 0 0 0 0 0 0 3.8000000000000003 0 0 0 0 0 0 0 0 0 0 0 0 0 
 6.4 20.6 9.8 93.60000000000001 95.80000000000001 73.60000000000001 11.8 24.400000000000002 12.200000000000001 0 18.8 42.400000000000006 32.800000000000004 38.400000000000006 31.200000000000003 35 39.6 25 14.4 41.800000000000004 15.600000000000001 15.200000000000001 0 0 0 0 15.200000000000001 0 0 0 0.4 0.4 18.6 0 0.6000000000000001 0 0 0.2 0 0 0.6000000000000001 0.6000000000000001 0.6000000000000001 0.8 0 0 0 0.6000000000000001 0 0.4 0.2 0.4 0 0.6000000000000001 0 0 0 0 0.4 0 0 0 0 0 0 0 0.6000000000000001 0 0 0.6000000000000001 0.8 0 0.8 1 0.4 0 0.4 0.2 0 3.4000000000000004 0.6000000000000001 2.2 1 3 0.2 1.4000000000000001 0.8 0.2 4.6000000000000005 4.6000000000000005 4.6000000000000005 0.2 3 1.4000000000000001 3 0 4.800000000000001 0 0 2 0 0.4 0 0 0 0 6.2 0 4.800000000000001 2.2 0 0 0 1.8 3.2 0 0 0 0 2 0 0 0 0 0 0 0 0 0 0 0 0 0 0 0 0 0 0 0 0 0 0 0 0 0 0 0 0.2 0 0 0 0 0 0 0 0 0 0 0 0 4 0 7 0 0 1.2000000000000002 0.2 0.2 4.6000000000000005 6.6000000000000005 0 0.2 1.6 0.2 5.2 4.4 3.4000000000000004 3.6 0 0 2 0 2.6 0 0 0 0 0 4 0 0 0 0.2 0 0 2 0 0 5.2 0 0 0 0 0 0 0 0 0 0 0 0 0 0 0 0 0 0 0 0 0 0 0 0 0 0 0 3.4000000000000004 0 0 0 0 0 0 0 0 0 0 0 0 0 0 0 0 0 0 0.4 17 0 0.6000000000000001 9.4 0.2 2.2 1.8 0 0 0 0 0 0 0 0 0 0 0 0 0 0 0 0 0 0 0 0 0 0 0 0.2 0 0 0 0 0 0 0 0 0 0 0 0 2.6 
 6 23.200000000000003 14.600000000000001 80 38.6 81.4 51.2 66.8 25 18.8 0 61.800000000000004 53.2 24.8 77 25.200000000000003 35.4 37.800000000000004 6.6000000000000005 13.8 0.8 0.6000000000000001 0.6000000000000001 0 0.4 0 15.8 0.2 0 0 0.4 1 0.6000000000000001 4 3.6 0 0 0.6000000000000001 0.6000000000000001 0.4 0.6000000000000001 1 13.200000000000001 0.4 0 0 0.4 0.6000000000000001 0 1.2000000000000002 0.2 5.2 1.2000000000000002 7 0.4 0.6000000000000001 0.4 1 0 0.6000000000000001 0 0 0 6.4 0 0 0.4 0 0 0.4 0.4 0.8 0.6000000000000001 1.2000000000000002 0.4 0 1 1.2000000000000002 0 0 0 0 0 0.4 7.2 4 0 2.4000000000000004 1.8 0 3.6 0 0 0 0 0 2 2 0 0 2.2 3.4000000000000004 0 0 0 0 3.4000000000000004 1.8 0 0 0 1 0.4 10.4 0 0 0 0 6 2.8000000000000003 0 0 0 0 0 0 0 0 0 0 0 0 0 0 0 0 0 0 0.4 0 0 0 0 0 0 0 0 0 0 0 0 0 0 0 0 0 0 0 0 0 2.2 0 0 0.2 0 0 0 0.2 2 1.4000000000000001 0 0 0 0 3.2 2.2 2.8000000000000003 3 0 0 0.4 2.2 4.4 0 0 0.2 2.2 3 1.6 0 0 0 3.4000000000000004 0 4.4 1.4000000000000001 3.8000000000000003 0 6.4 3.8000000000000003 0 0 0 0 0 0 0 0 0 0 0 0 0 0 0 0.4 0.2 0 0.4 0 0 0 0 0 0 0 0 0 0 0 0 0 0 0 0 0 0 0 0 0 0 2.8000000000000003 0 0 0 0.2 0.4 0 0.8 0.6000000000000001 0.2 1.4000000000000001 0 0 0 0 0 0 0 0 0 0.4 0 0 0 0 0 0 0 0 0 0 0 0 0 3.6 0 7.6000000000000005 0 0 0 0 0 0 0 0 0 0 0 0 
 27 74.60000000000001 44.6 14.8 58 11 27.8 51 42 42.400000000000006 61.800000000000004 0 29.6 18.2 61.400000000000006 26.400000000000002 45.2 53.2 39.6 49.6 0.6000000000000001 0 0 0.2 0 0 0 0 0.6000000000000001 0.2 0.6000000000000001 0 0.4 14.600000000000001 15.600000000000001 0 0.4 0 0 0 0.8 1 0.4 0.4 0 0 0 0.6000000000000001 0 0.4 0 1.4000000000000001 0 13.4 0 0.4 0 0 0.2 0.4 0 0 0.2 0 0.2 0 0.8 0 0 0.8 0 0.6000000000000001 0.6000000000000001 0.6000000000000001 0.4 0.2 0.6000000000000001 1 0 0.2 2.8000000000000003 5.6000000000000005 9.200000000000001 11.4 8.6 0.2 2 3.6 0.4 2 9.200000000000001 2 0 0 0 1.8 10 2.6 0 0 3.8000000000000003 5.4 0 0 0 0 2.8000000000000003 2.2 0 0 0 0 0 0 0 0.4 0 0 4.4 3.8000000000000003 0 0 0 0 0 0 0 0 0 0 0 0 0 0 0 0 0 0 0 0 0 0 0 0 0 2 0 0 0 0 0.2 0 3.4000000000000004 0 0 0 0 0 0 0 3.4000000000000004 3.8000000000000003 0 0 3.8000000000000003 2.2 1.4000000000000001 4.2 1.4000000000000001 12 3.6 0 0 0.8 4.2 0.2 5.4 2 0 0 3.4000000000000004 1.4000000000000001 0 0 0 0 4.800000000000001 0 2.6 0 0 0 0.2 0 2.2 1.2000000000000002 0 0.2 2.4000000000000004 0.4 0 0 0 0 0.2 0 0 0 0 0 0 0 0 0 0 0 0 0 0 0 0 0 0 0.2 0 0 0 0 0 0 0 0.4 0 0 0 0 0 0.4 0 0 0 0 0 0 0 0 0.6000000000000001 0 17.8 1.4000000000000001 0 4.6000000000000005 0 0 0 0 0.4 0 0 0 0 0 0.2 0 0 0 0 0 0 0 0 0 0 0.4 0 0 1.2000000000000002 0 0 0 0 0 0 0 0 0 0 0 0 0 
 34.2 30.8 54.800000000000004 21.200000000000003 13 5.800000000000001 66 41.2 17.8 32.800000000000004 53.2 29.6 0 33.6 26.8 25 106.2 7 82 49.800000000000004 0.6000000000000001 0 0 0 0 0 0 0.2 0.2 0.2 0.4 0 2 0.4 0.6000000000000001 0 0 0.2 0 0 1.6 0.6000000000000001 0.6000000000000001 0.4 0 0 0 0.6000000000000001 0 0 0 0.6000000000000001 3.8000000000000003 0.6000000000000001 0 0 0 0 0 0 0 0 0 0 0 0 0.6000000000000001 0 0 0.4 0 0 0.6000000000000001 0.6000000000000001 0.4 0 0 0 0 0.6000000000000001 4.6000000000000005 1.2000000000000002 4 5.2 0.6000000000000001 0 2.4000000000000004 12 12.8 0 0 6.800000000000001 4.800000000000001 0 2.2 0.6000000000000001 1.8 0 3.8000000000000003 6.800000000000001 0 0 0 0 0 0 0 0.4 0 0 0 0.6000000000000001 0 0 0 0 0 0 0 0 3.2 0 0 0.4 0 0 0 0 0 0 0 0 0 0 0 0 0 0 0 0 0 0 0 0 3.4000000000000004 0 0 0.4 0 0 0.4 0 0 0 0 0 0 0.2 0 0 0.2 0 3 5.800000000000001 0 0.2 0 0 2.2 4.4 3 7 2.2 0 2 2 0 9.200000000000001 2.2 0.2 0 0 0 0 0 0 0 0 3.8000000000000003 0 0 0 0 0 0 0 0 0.4 4.6000000000000005 2.2 0 0 0 0 0 0 0 0 2.4000000000000004 0 0 0 0 0 0 0 0 0 0 0.4 0 0 0 0 0 0 0 2 0 0 0 0 0 0 0 0 0 0 0 0 0 0 0 0 0 0.4 0 0.4 0.2 0 0 2 0 0 0 0.2 0 0 0 0 1.4000000000000001 0 0 0 0 0 0 0.4 0 0 0 0 0 0 0 0 2 0 0 0 0 0 0 0 0 0 0 0 0 0 
 64.2 35.800000000000004 13 106.4 14 8.8 68.4 65.8 17.400000000000002 38.400000000000006 24.8 18.2 33.6 0 100 8.8 29.400000000000002 24 67.2 35.2 0.6000000000000001 0 0 0 0 0 0 0 0 0.4 0.4 0 0.4 0.2 0.8 0 0 0.4 0.4 0 1 0.6000000000000001 0.4 0.4 0 0 0 0.6000000000000001 0 0.6000000000000001 0 1 0 13.200000000000001 0 0 0 0.2 0 0 0.6000000000000001 0 0 0 0 0 0.6000000000000001 0 0 0.4 0 0 0.6000000000000001 0.6000000000000001 0.4 0.4 0 0 0.4 0 2.2 5 5 4 7.6000000000000005 0 4.6000000000000005 13.8 18 3.8000000000000003 3.8000000000000003 2 0 5 3 5.6000000000000005 3.2 0 1.6 0.6000000000000001 1.8 0 0 0 0 0 0 0 0 0 0 0 0 0 0 0 0 0 0 0 0 0 0 0 0 0 0.4 0 0 0 0 0 0 0 0 0 0.2 0 0 0 0 0 0.8 0 0 0.4 0 0 0 0 0 0 0 0 0 0.2 0 0 0 0 3 0 2 2.4000000000000004 3.6 0 3 2.4000000000000004 13.8 2 3.2 0 0 4.800000000000001 13.8 0 7 0.2 0 2 0 0 0 0 0 0 0 0 0 0 0 0 0 0 0 0 0 0 0 0 0 0 0 0 0 0 0 0 0 0 0 0 0 0 0 0 0 0 0 0 0 0 0 0 0 0 0 0 0 0 0 0 0 0 0 0 0 0 0 0 0 0.2 0 0 0 0 0 0 1.2000000000000002 0 0.2 0.6000000000000001 0 0 0 0 0 0 0 0 0 0 0 0 0 0 0 0 0 0 0 0 0 0 0 0 4.4 0 0 0 0 0 0 0 0 0 0 0 0 0 
 11.200000000000001 9.8 32.6 41.2 20.200000000000003 8 9.4 51.6 74.4 31.200000000000003 77 61.400000000000006 26.8 100 0 14.600000000000001 7 9 54 69.60000000000001 1 0 0.6000000000000001 0 1.2000000000000002 0 0.2 0.4 0 0.2 0.4 0 1.4000000000000001 1.2000000000000002 0.6000000000000001 16.8 0 7.4 0 0 0.6000000000000001 0.6000000000000001 0.6000000000000001 0.4 0 0 0 0.6000000000000001 0.8 1.2000000000000002 0 0.6000000000000001 1.2000000000000002 13 0 0.8 0 0 0 0 0 0 0 0 0 0 0.6000000000000001 0 0 0.4 0 0 0.6000000000000001 0.6000000000000001 0.4 0 0.8 0 0 1.2000000000000002 0 6.2 6.800000000000001 0 7.4 0 1 6.4 6.2 8.4 6.6000000000000005 2 0 2.2 3.6 1.8 3.8000000000000003 4.4 0 2 0 0 0 0 0 0 4.800000000000001 0 0 0 0 0 0 0 0.4 0 0 0 3.2 0 0 0 0 0 0 0 0 0 0 0 0 0 0 0 0 0 0 0 0 0 0 0 0 0 0 0 0 0 0 0.6000000000000001 0 0 0.6000000000000001 0 0 0 0 0 2 0 3 9.600000000000001 5.2 5.6000000000000005 0.4 2.4000000000000004 0.6000000000000001 6.800000000000001 4 2.6 5.2 0.2 2.4000000000000004 0 7 0.4 10.600000000000001 1.8 0 0 0 0 0 0 0 0 0 0 0 0 0 0 0 0 0.4 0 0 0.2 9 8.4 0 0 0 0 0 0 0 0 0 0 0 0 0 0 0 0 0.2 0 0 0.2 0 0 0 0 0 0 0 0 0 0 0 0 0 0 0 0 0 0 0 0 0 1.8 0 0 0 0.4 18.2 0 0.2 0.4 0 0.8 0 0 0 0 0 0 0 0 0 0 0 0 0 0 0 0 0 0 0 0 0 0 0 0 4.4 0 0 0 0 0 0 0 0 0 0 0 0 0 
 8.4 49.800000000000004 50.800000000000004 15.4 50 63.6 8.8 46.6 27 35 25.200000000000003 26.400000000000002 25 8.8 14.600000000000001 0 73.60000000000001 14.8 9.600000000000001 75.2 0.6000000000000001 0 0 0 0 0 12.8 0 0 0.2 0.4 0 0.4 0 1 0 0 0.4 14.8 0 0.6000000000000001 0.6000000000000001 0.6000000000000001 0.4 0 0 0 0.6000000000000001 0 0.2 0.2 0.6000000000000001 0 1 0 0 0.4 0 0 0 0 0 0 0 0 0 0.4 0 0 0.4 0 0 0.6000000000000001 0.6000000000000001 0.4 0 0 0 0 1 0.2 0 2 0.4 2.6 2 0 0.2 1.8 3.2 0 3.4000000000000004 0 1.6 2.2 1.8 0 1.4000000000000001 0.2 0 1.8 0 0.4 0 0 0 0 0 0 0 0 0 0 2 0 0 0 0 6.800000000000001 1.2000000000000002 0 3 0 0 0 0 0 0 0.4 0 0.2 0 0 0 0 0 0 0 0 0 0 0 0 0 0 0 0 2.2 0 0 3.2 0 0 0 0 0 0 0 1.2000000000000002 0 0 1.8 0 2.6 3.4000000000000004 2.2 0 0 3.8000000000000003 0.4 3.6 2.6 1.2000000000000002 0 0.2 4.4 2.8000000000000003 2.4000000000000004 0 4 0 0 0 0 0 0 5.4 2.6 0 0 0 2 3.6 0 6.6000000000000005 0 3 0 6.6000000000000005 0.4 0 0 0 0 0 0 0 0 0.2 0 0 0 2.8000000000000003 0 0.4 0 0 0 0 0 0 0 0 0.4 0 0 0 0 0 0.4 0 0 0 0 0 0 0 0 0 0 0 0 0 0 0 0.4 0.2 0 0.2 0.4 0.8 0 4 0.4 0 0 0 0 0 0 0 0 4.6000000000000005 0 0 0 0 0 0 0 0 0 0 0.2 0 0 0 0 0 0 0 0 0 0 0 0.2 0 0 0 0 
 23.8 28.400000000000002 30.400000000000002 11.600000000000001 53 38.2 26.8 24.6 28.400000000000002 39.6 35.4 45.2 106.2 29.400000000000002 7 73.60000000000001 0 56.800000000000004 75.60000000000001 59.2 0.6000000000000001 0 0 0 0 0 0 0 0 0.2 22.200000000000003 0 0.4 0 0.6000000000000001 0 0 0.4 0.4 0 0.6000000000000001 1 0.4 0.4 0 0 0 0.6000000000000001 0 0.4 0 0.6000000000000001 0 0.6000000000000001 0 0 0 0 0 0 0 0 0 0 0 0 0.6000000000000001 0 0 0.4 0 0 0.6000000000000001 0.6000000000000001 0.4 0 0 0 0 1 0.2 0 1.4000000000000001 9.200000000000001 2.4000000000000004 0 2 6.4 3.4000000000000004 0 1.2000000000000002 3.4000000000000004 11.8 4.4 3.2 0 2 6.6000000000000005 0 4 0 0 0 0 0 0 3.4000000000000004 0 0 0 0 0 0 2.8000000000000003 0 0 3.2 0 3.4000000000000004 1.6 0 0 0 0 0 0.2 0 0 0 0.4 0 0 0 0 0 0 0 0 0 0 0 0 0 0 0 0 0 0 0 0 1.2000000000000002 0 0 0 0 0 0 0 0.2 0 0 0.2 3.2 9 0 1.2000000000000002 4.2 0 0 3.8000000000000003 3 0.4 5.800000000000001 0 4.800000000000001 0.8 0 8.4 0 2.6 8.4 0 0 0 0 0 0.8 0 0 0 0 0 0 0 0 0 0 0 15 0 0 0 0 0 0 0 0 0.2 0 0.4 0 0 0 0 0 0 0 0 0 0 0 0 0 0 0 0.4 0 0 0 0 0 0 0.2 0 0 0.2 0 0 0 0 0 0 0 0 0 0 0.2 0.2 0 0.2 0 2.8000000000000003 3.4000000000000004 0 0 0 0 0 0 0 0 0 0 0 0 0 0 0 0 0 0 0 0 0 0 2.4000000000000004 0 0 0 0 0 0 0 0 0 0 0 0 0 0 
 23 20.8 11.4 9.600000000000001 28.8 61.800000000000004 12 34.4 6.800000000000001 25 37.800000000000004 53.2 7 24 9 14.8 56.800000000000004 0 25.6 6.800000000000001 0.8 8.200000000000001 0 0 0 0 4.2 0 0 0.4 0.4 0.2 0.4 0 0.6000000000000001 0 12.4 0.2 0 0 0.6000000000000001 0.6000000000000001 0.6000000000000001 0.4 0 0 0 0.6000000000000001 0 0 0.2 0.4 0 0.6000000000000001 0 0 9.8 0 0 0 0 6 0 0 0 0 0.4 0 0 0.4 0 0 0.6000000000000001 0.6000000000000001 0.4 0 0 0.8 0 0 3 1.4000000000000001 1 4 3 1.6 0 2 4.800000000000001 0 3.6 2.6 2.2 3 0 1.4000000000000001 2.2 2.8000000000000003 0 2.4000000000000004 1.8 0 0 0 0 0 2.8000000000000003 0 0 0 0 0 0 7.2 0 0 0 0 2.6 1.2000000000000002 0 0 0 0 0 0 0 0 0 0 0 0 0 0 0 0.8 0 0 0 0 0 0 0 0 0 0 0 0 0 0 0 0 0 0 0 0 0 1 0 0 0.4 0 0 0 0 0 0 0 2 2.2 11.200000000000001 0 3.2 0 0.2 2.2 0 9.4 1.8 2 0 0 0 0 0 0 4.6000000000000005 0 0 0 0 0 3.4000000000000004 0 0 0 8.200000000000001 0 6.2 1.6 0 0 0 0 0 0 0 0 0 0 0 0 0 2.8000000000000003 0 0 0 0 0 0 0 0 0 0 0 0 0 0 0 0 0 0 0 0 0 0 0 0 0 0 0 0 0 0 0 1 0.8 0 0 17.6 0.6000000000000001 0 0 0 0 0 0 0.4 0 0 0 0 0 0 0 0 0 0 0 0 0 0 0 0 0 3.2 0 0 0 0 0 0 0 0 0 0 0 0 0 0 
 64.4 7.800000000000001 42.2 71.60000000000001 53 7.4 32 33.2 14.600000000000001 14.4 6.6000000000000005 39.6 82 67.2 54 9.600000000000001 75.60000000000001 25.6 0 19 0.6000000000000001 0 0 0.4 0 0 0 0 0 0.2 0.4 0 0.4 0 0.6000000000000001 0 0.2 0.4 0 0.4 0.6000000000000001 0.6000000000000001 0.6000000000000001 0.4 0 0 0 0.6000000000000001 0 0 0 1 0 0.6000000000000001 0 0 0 0 0 0 0 0 0 0 0 0 0.6000000000000001 0 0 0.4 0 0 0.6000000000000001 0.6000000000000001 0.4 0 0 0 0 0 5.6000000000000005 1 0 4.2 0.4 0 6.4 2.4000000000000004 9.200000000000001 2 0 7.800000000000001 6.4 5.4 4 4.2 0 2.4000000000000004 2.6 9.200000000000001 0 0 0 0 0 0 0 0 0 0 0 0 0 0 0 0 0 0 0 0 0 0 0 0 0 0 0 0 0 0 0 0 0 0 0 0 0 0 0 0 0 0 0 0 0 3.2 0 0 0 0 1.4000000000000001 0 4.4 0 0 0 0 0 0 4.4 4 0 3.8000000000000003 4.2 0 0 4 1.8 0.2 0 4.800000000000001 0 6 1.8 0 0 4.4 1.8 0 2.6 0 0 0 0 0 0 0 0 0 0 0 0 0 0 0 0 0 1.8 0 0 0 0 0 0 0 0 0 0 0 0 0 0 0 0 0 0 0 0 0 2.6 0 0 0 0 0 0 0 0 0 0 0 0 0 0 0 0 0 4.800000000000001 0 3.8000000000000003 0 0 0 0 0 0 0 0 0.2 0 0 0 0 0 0 0 0 0 0 0 0 0 0 0 0 0 0 0 0 0 0 0 0 0 0 1.8 4.4 0 0 0 0 0 0 0 0 0 0 0 0 0 
 7.800000000000001 8 27.8 14.4 15.4 29.6 11.600000000000001 9.4 10.600000000000001 41.800000000000004 13.8 49.6 49.800000000000004 35.2 69.60000000000001 75.2 59.2 6.800000000000001 19 0 1.8 0 0 0 0 0 0.2 0 0.4 0.6000000000000001 15.4 0 1.4000000000000001 0.4 0.8 0.6000000000000001 0 0.2 1.2000000000000002 0.6000000000000001 1.2000000000000002 1 0.8 0.4 0.6000000000000001 0 0 0.6000000000000001 0 0.4 0 1.6 0 0.6000000000000001 0.6000000000000001 0 0 0 0 0 0 0.6000000000000001 0 0 0 0.4 0.6000000000000001 0 0 2 0 0 0.6000000000000001 0.8 0.4 1.2000000000000002 0 0 0.2 1 3.8000000000000003 2 0 0.6000000000000001 0.2 0 3.8000000000000003 5.6000000000000005 1.8 0 0 4.6000000000000005 3.8000000000000003 7.6000000000000005 1.6 4.800000000000001 0 2.8000000000000003 6.2 6 0 1.6 0 0 0 0 0 0 0 0 0 0 0 0 0 0 0 0 0 0 0 0 0 0 0 0 0 0 0 0 0 0 0 0 0 2.6 0 0 0.2 0 0 2.2 0.6000000000000001 0 0 0 0 0 0.4 0 0 0 0 0 0 0 0 0 0 0 0 0 0.4 0.2 0 0 0 0.4 0 5.800000000000001 0 0.2 15.4 3 2.6 3.8000000000000003 0 0 4 2.6 0 0 0 0 0 0 0 0 0 0 0 0 0 3 0 0 0 0 0 0 0 0 0 0 0 0 0 0 0 0 0 0 0 0 0 0 0 0 0 0 0 0 0 0 0 0 0 0 0 0 0 0 0 0 0 0 0 0 0 0 0 0 0 0 0 0 0.4 0.4 0.6000000000000001 0 0 0.8 2.4000000000000004 0 0 0 0 0 0 0 0 0 0 0.2 0 0 0 0 0 0 0 0 0 10.4 0 0 0 0 0 0 0 0 0 0 0 0 0 0 0 0 
 0.6000000000000001 0.6000000000000001 0.4 0.6000000000000001 16.8 1.2000000000000002 0.6000000000000001 0.6000000000000001 0 15.600000000000001 0.8 0.6000000000000001 0.6000000000000001 0.6000000000000001 1 0.6000000000000001 0.6000000000000001 0.8 0.6000000000000001 1.8 0 32 90.80000000000001 33.6 131.4 9.200000000000001 40.2 18.8 35.2 16.6 17.400000000000002 2.8000000000000003 45.6 36.6 24.6 26.8 6.6000000000000005 3.4000000000000004 69 75.8 0.6000000000000001 0 15.8 0.2 0.6000000000000001 0 0 0 0 0.4 0 0.4 0 0 0.6000000000000001 0 0 0 0 1.2000000000000002 0 0.6000000000000001 0.4 0 0 0.4 1 0.4 0 2.6 0 0 0 0.6000000000000001 0 0 0 0 0 0 0 0 0 0 0 2.6 0 0.4 0 3 2.4000000000000004 0.4 0 0 0 5.800000000000001 0 2 0 0 4.4 10.8 6.800000000000001 0.4 0 0 2.4000000000000004 8.6 7.800000000000001 5.800000000000001 0 3 4.800000000000001 0.2 9 0 5.4 2 0 0.2 0 0 0 0 0 0 0.4 0 0 0 0 0 0 0 0 0 0 0 7.800000000000001 0 0 0 0 0 0 0 0 0 0 0.4 0.2 0 0.4 0 0 0 0 0 0 1.2000000000000002 0.8 0 0 0 2.4000000000000004 0.2 0 0 0 0 0 0.2 0 0 0 0 0 0 0 0 4.6000000000000005 10.600000000000001 10.4 0 0.2 0 5.800000000000001 3.8000000000000003 10.200000000000001 0.6000000000000001 0 0 6.4 4.4 3.6 7.6000000000000005 2 3 0 0.2 0 0 0 0 0 0 0 0 0 0 0 0 0 0 0 0 0.4 0 2.2 0 0 0 1.2000000000000002 1 0 0 0 0 0 0 0 0 0 0 0 0 0 0 0 0 0 0 0 0 0 0 0 0 0 14.600000000000001 0 0 0 0 3.4000000000000004 0.2 0 0 0 0 0 0.4 0 0 0 0 0 0 0 0 0 0 0.2 0 0 0 0 0 0 2 0 0 0 0 0 0 0 0 0 0 
 0 0.4 0 7.4 15.200000000000001 0 1 0 0 15.200000000000001 0.6000000000000001 0 0 0 0 0 0 8.200000000000001 0 0 32 0 77 12.200000000000001 21 22.400000000000002 10.8 13.4 41.400000000000006 58.6 5.2 8 36.800000000000004 33.6 26 36.4 31.8 13.4 55.2 32.2 0.6000000000000001 0 0.6000000000000001 0.2 0.6000000000000001 0 0 0 0 0.4 0 0.4 0 0 0.6000000000000001 0 0 0 3.6 6.6000000000000005 0 0.6000000000000001 0.4 0 1.2000000000000002 0.4 0.6000000000000001 0.4 0 2.2 0 0 0 2 0 0 0 0 0 0 0 0 0 0 0 0 0 0 0 0.4 0 0 0 0 0 0 0 0 0.4 0 0 3.8000000000000003 9.4 2.6 8.8 4.800000000000001 2.8000000000000003 7.4 0 11.8 8.6 0 7.6000000000000005 0 0.4 4 12.4 4.800000000000001 1.6 0 0 5.800000000000001 0 0 0 0 4.800000000000001 1.6 0 0 0 0 2.6 0 0.2 0 0 0 1.4000000000000001 2.4000000000000004 0 0 0 0 0 0 0 0 0 0 0 0 0 0 0 0 0 0 0 0 0 0 0 0 3 0 0 0 0.4 0 0 0 0.4 0 1.2000000000000002 0 0 0 0 0.8 3.4000000000000004 3.4000000000000004 2.4000000000000004 2.4000000000000004 1.6 0 3.8000000000000003 2.6 4.4 6.800000000000001 10.4 0 2.8000000000000003 1.8 0 4.6000000000000005 3.8000000000000003 10.600000000000001 0 0 0 0 0.2 0 0 0 2.2 0 0 0 0 0 0.4 0 0 0 0 0 8.4 3.2 0 0 0 0 0 0 0 0 0 0 0 0 0 0 0 1.6 0 0 0 0 0 0 0 0 0 0 0 0 0 0 0 0 0 0 2.6 0 0 0.2 0 0 0 5 0 0 0 0 0 0 0 0 0 0 0 0 0 0 0.4 0 0 0.2 0 5 0 0 0 0 0 0 0 0 
 0 0 0 0.4 0 0 0 0 0.4 0 0.6000000000000001 0 0 0 0.6000000000000001 0 0 0 0 0 90.80000000000001 77 0 35 73.2 7.4 10.600000000000001 14.200000000000001 15.600000000000001 39.6 26.8 12.200000000000001 16.6 27 33 35 37.800000000000004 40.6 48 11.4 0.6000000000000001 0 0.4 0.2 0.6000000000000001 0.6000000000000001 0 0 0.8 0.8 0.4 0.4 1.2000000000000002 0 0.6000000000000001 0.8 0 0 12.4 0 0 0.6000000000000001 0.4 0 0 0.2 0.6000000000000001 0.4 0 0 0 0 0 0.6000000000000001 0 0 0.8 0 0 1.2000000000000002 0 0 0 0 0 0 0 0 0 0 0 0 0 0 0 0 0 0 0 0 0 0.2 4.6000000000000005 0.2 0.8 2.4000000000000004 0 0 8 7.2 7.6000000000000005 3.8000000000000003 2 2.6 3.8000000000000003 3.2 6.800000000000001 14 1.8 2.8000000000000003 4 0.8 0 0 0 0 0.4 0 0 0 0 0 0 1.4000000000000001 0 0 2.4000000000000004 0 2.2 2.6 0 0 0 0 0 0 0 0 0 0 0 0 0 0 0 0 0 0 0 1 0 0 0 0 0 0 0 0 1 0 0 0 0 0 0 0 0 0 0 1.4000000000000001 3.2 5.2 0 0 2.6 0.2 0.2 4 4 0.6000000000000001 8.8 2.6 0 0 0 2.2 0 0.2 0 0 3 0 0 1.4000000000000001 0 0 0 0 0 0 0 0 1.2000000000000002 0 0 0 2 0 5.800000000000001 3.2 0 0 0 0 0 0 0 0 0 0 0 0 0 0 0 0 0 0 0 0 0 0 4 0 0 0 0 0 0 0 0 0 0 0 0.6000000000000001 0 0 0.2 0 0 0 0 0 0 0 0 2.8000000000000003 0 0 0 0 0 0 0 0 0 0 0 0 2.2 0 1.8 0 0 0 0 0 0 0 0 
 0 0 0 0.4 0 0 0 0 0 0 0 0.2 0 0 0 0 0 0 0.4 0 33.6 12.200000000000001 35 0 21.8 20 18.6 24.200000000000003 75 65.8 53.400000000000006 46.2 30.400000000000002 47.6 48.2 13.600000000000001 99.60000000000001 24.400000000000002 56 21.200000000000003 14.4 0 7.2 2.6 0.6000000000000001 0.8 12.8 19.400000000000002 0 0.2 0 0.4 0 12.8 0.6000000000000001 0 0 0 13.8 0 0 0.6000000000000001 0.4 0 0 0.4 0.4 0.4 0 0 0 0 0 0.6000000000000001 0 0 0 0 0 0 0 0 0 0 0 0 0 0 0 0 0 0 0 0 0 0 0 0 0 0 0 1 15 11.600000000000001 0 0 0 0 7.6000000000000005 2.8000000000000003 0.8 7 2.8000000000000003 0 5.2 0 7 4.2 0 0 0 0 0 0 0 0 5.4 5.2 0.2 0 0 0 5.6000000000000005 0.2 0 0 0.8 0.2 4.6000000000000005 5.2 0 0 0 0.4 0 0 0 0 0 0 0 0 0 0 0.4 0 0 0 0.6000000000000001 4.4 0 0 0 0 0 0 0 0 0 0 0.4 0 0.2 0 1 0 0.4 0 0 0.2 0.4 10.8 2.4000000000000004 4.800000000000001 4.800000000000001 9.4 6.800000000000001 3.6 3.6 3.4000000000000004 0.2 0 0 2.4000000000000004 0 0 0.4 6.6000000000000005 0 0 1.4000000000000001 0 0 0 0 0 5 2.4000000000000004 2 0 0 0 5 0 0 0 0 0.4 6.2 4.800000000000001 0 0 0 0 0 0.2 0 0 0 0.4 0 0 0 0 0 0 0 0 0.4 0 0 0 2.8000000000000003 0 0 0 0 0 0 0 0 0 0 0 0 0.4 0.2 0 0.8 0.4 0.2 0 0 0 0 0 0 0 0 0 0 0.2 0 0 0 0 0 0 0 1.8 0 0 0 0 0 0.4 0 0 0 0 
 0 0 0 0 0 0 1.6 0 0 0 0.4 0 0 0 1.2000000000000002 0 0 0 0 0 131.4 21 73.2 21.8 0 84.2 11.4 8 52 40.800000000000004 48.6 71.8 16 67.8 33 22.8 84.4 24.8 59 44.2 14 0.6000000000000001 0.4 0.4 0.6000000000000001 0.6000000000000001 40.2 12.8 1.2000000000000002 0.2 4.800000000000001 13.200000000000001 0 13.4 0.6000000000000001 0 0 0 0.2 0 0 0.8 0.6000000000000001 0 0.4 10.8 0.8 0.6000000000000001 0.4 0 0 0.2 0 0.6000000000000001 0 0.2 12 0 0 0 0 0 0 0 0 0.2 0 0 0 0 0 0 0 0 0 0 0 0 0 0 0 0.2 2.2 6.2 2.4000000000000004 5.800000000000001 0 0 0 0 4.2 0 0 0 0 2.6 0 3.8000000000000003 0 0 3 2.2 0 0 0 0 7 11.8 3 0 0 0 5.800000000000001 4.4 0 0.2 2.2 0 1.2000000000000002 3 0 1.8 0 0 0 0 0 0 0 0 0 0 0 0 0 0 0 0 0 0 0 0 0 0 0 0 0 0 0 0 0 0 0.2 0 0.6000000000000001 0 0 0 0 0 0 0 5.6000000000000005 8.4 3.8000000000000003 10.8 0 0 0 5.2 1.8 4 0 0 0 0 0 2.4000000000000004 0 0 0 0 4.2 0 0 0 7.6000000000000005 0 1.8 0 0 0 12.200000000000001 0 0 0 0 0 2.4000000000000004 5 0.4 0 0 0 0 0 0 0 0 0 0 0 0 0 0 0 0 0 0 0 0 0 0 0 0 0 0 0.4 0 0 0 0 0 0 4.6000000000000005 0.2 0.8 1.4000000000000001 2.6 0 0.4 4.800000000000001 0 0 0.4 0 0 0 0 0 0 0 0 0 0 0 0 0 0 0 0 0 0 0 0 0.6000000000000001 0 0 0 0 
 0 0 0 0.4 0 0 0 0 0 0 0 0 0 0 0 0 0 0 0 0 9.200000000000001 22.400000000000002 7.4 20 84.2 0 7 9 11.4 54.6 64.4 32.4 6.2 6.800000000000001 26.400000000000002 28.200000000000003 31.200000000000003 66 51.400000000000006 50.800000000000004 0.4 0 0.4 1.6 0.6000000000000001 0 28 13.4 12.8 0.8 0 0.8 0.2 0 0.6000000000000001 13.8 12.8 0 12.8 12.200000000000001 0 0.6000000000000001 0.4 0 0 0.8 0.4 0.4 0 0 0 0 0 0.6000000000000001 0 0 0 0 1.2000000000000002 0 0 0 0 0 0 0 0 0 0 0 0 0 0 0 0 0 0 0 0 0 0 0 3.2 0 3.2 7 0 0 0 0 2 0 0 0 0 0 0 4 0 0 0 5 0 5.800000000000001 0.2 0 2.2 4.2 0 1.6 0 0.8 2.2 1.2000000000000002 0 3.6 2.8000000000000003 2.4000000000000004 2.4000000000000004 1.6 0 0 0 0 2.2 0 0 0 0 0 0 0 0 0 0 0 0 8 2.2 0 0 0 0 0 0 0 0 0 0 0 0 0 1 0 0.6000000000000001 0 1 0 0 0 0 0 0 7 0 3 0 0 0 2.8000000000000003 1.8 0 0 0 0 0 0 3.6 0 0 2.4000000000000004 10.4 2.2 1.6 0 0 1.2000000000000002 0 2.4000000000000004 0.4 0 0 7.6000000000000005 1.6 5.4 1.8 2.4000000000000004 2.8000000000000003 5.6000000000000005 2.6 0 0 0 0 0 0 0 0 0 0 0 0 0 0 0 0 0 0 0 0 0 0 0 0 0 0 0 0 0 0 0 0 0 0 1.6 0 0 0 14.600000000000001 1.2000000000000002 1.2000000000000002 0 0 0 0 0 0 0 0 0 0 0 0 0 0 0 0 0 0 0 0 0 1.4000000000000001 0 0 0 0 0 0 0 
 0.4 0 15.8 0 17.6 29.8 0 0.2 0.2 15.200000000000001 15.8 0 0 0 0.2 12.8 0 4.2 0 0.2 40.2 10.8 10.600000000000001 18.6 11.4 7 0 33 24.200000000000003 9.4 7.4 7.4 45.6 11.8 52.2 56.400000000000006 9.8 7.800000000000001 56.400000000000006 41 0.6000000000000001 0.4 0.4 0.2 1 0 0 0.4 0 0 0 0.4 0 0.4 0.6000000000000001 0 0.6000000000000001 0 0 0.2 0 1 0.4 0 0 0.2 0.6000000000000001 0.4 0 0 0 0 0 0.6000000000000001 0 0 0.4 1.8 0 0 0.2 4.4 0 0 2.2 9.200000000000001 0 0 0 6 2.2 2.4000000000000004 0 0 0 1.8 1.4000000000000001 0.2 0 0 4.4 11.4 0 1.8 0 0 11 1.4000000000000001 0.4 0 0 0 0.8 2.4000000000000004 0 3.4000000000000004 0 0 4.6000000000000005 0.2 0 0 3.4000000000000004 0 0 0 0 0 0 0 0 0 0 0 0 0.2 0 0 0.2 0 0 0 0 0 0 0.2 0 0 0 0 0 0 0.2 0 3.6 0 0 0 0 0 0 0.4 0 0 4.4 1.6 0 2 3.2 1.6 2.4000000000000004 1.8 2 0 6 2.6 0 0.2 0 0 9 1.6 0.8 0 3.2 0 3 3.8000000000000003 0 0 0 0 2.6 2 6 2.8000000000000003 0 0 0.4 5.6000000000000005 0 0 0 0 0.4 0 0 0 0 0 0 0 0.4 0 0 0 0 0 0 0 0 0 0 0 0 0 0 0 0 0 0 0 0 0 0 0 0 0 0 0 0 0 0 0 0 0 4.4 0 0 14.8 0 0 0 0 2 0.4 0 0 0 0.4 0 0 2.6 0 0 0 0 0 0 0 0 0 0 1.6 0 1.4000000000000001 0 2.2 0 0 0 0 0 0 0 2 0 0 0 0 
 0 0 0 0.2 0 15.4 0 0 0.2 0 0.2 0 0.2 0 0.4 0 0 0 0 0 18.8 13.4 14.200000000000001 24.200000000000003 8 9 33 0 21.8 8 18.2 6 48 44 56.400000000000006 37 7.4 7.6000000000000005 38 60.2 0.6000000000000001 0 0.6000000000000001 0.2 0.6000000000000001 1.8 0 0 0 0.4 0 0.4 0 0 0.6000000000000001 0 0 0.2 0 0 0 0.6000000000000001 0.4 0 0.4 0.6000000000000001 0.6000000000000001 0.4 0 0 0 0 10.200000000000001 1.4000000000000001 0 8.4 0 0 0 0 0 0 0 0.2 0 2.6 0 0 0 0 0 0 0 0 0 0 0 0 0 0 5.6000000000000005 4.2 0 6.6000000000000005 0 0.2 4.800000000000001 4.800000000000001 11.200000000000001 2.2 10.8 1.2000000000000002 5.2 3.2 6 0 0 0.4 0 1.8 0 0 0 0 0 0 0 0 0.4 0 0 0 0 0 0 0 0 0 13 0.4 0.2 0 0 0 0.4 0 0 0 0 0 0 0 0 0 0 0 0 0 0 0.6000000000000001 0 0 0 0 2 2.6 0 0 0 0 0 0.2 0 0 0 0 0 0 0 0 7.800000000000001 6.4 4.6000000000000005 0 0.2 0 4.6000000000000005 4 2.2 6.800000000000001 1.4000000000000001 6.4 2.6 8.4 1 11 3.6 6 0 2.4000000000000004 0 0 0 0 0 0 0 0 0 0 0 0 0 0 0 0 0 0 2.8000000000000003 0 0 0 0 0 0 0 0 0.2 0 0 0 0 0 0 0 0 0 0 0 0 0 0 2 0 0 0 0 0 0 0 0 0 0 0 1.6 0 0 0 0 0 0 0 0 0 0 0 0 0 0 0 0 0 0 0 0 0 0 0 0 0 0 0 0 0 0 0.2 0.4 0 0 0 
 0 0 12.8 0.4 0.2 0.4 0.6000000000000001 0.4 0 0 0 0.6000000000000001 0.2 0 0 0 0 0 0 0.4 35.2 41.400000000000006 15.600000000000001 75 52 11.4 24.200000000000003 21.8 0 33 18.8 33 26 29 40.2 22.6 39.2 27.200000000000003 15.200000000000001 32.4 0.6000000000000001 0 0.6000000000000001 0.4 0.6000000000000001 0 14 1 0 0.4 0 0.4 0 0 0.6000000000000001 0 0 0 12.600000000000001 0 0 0.6000000000000001 0.4 0 6.2 0.2 0.6000000000000001 0.4 5.4 0 0 0 0 2.8000000000000003 0 0 0 0 0 0 0 0 0 0 0 0 0.2 0 0 0 0.4 0 0 0 0 0 0 0 0 0 0.8 0.2 4.2 0 2.6 9.4 0 3.6 2.4000000000000004 1.4000000000000001 5.2 0 3.6 0 7.2 0.2 2.6 4.6000000000000005 0.2 0.8 0 3.2 0 0 1.6 0 0 2.4000000000000004 0 0 0 0 2.4000000000000004 0 0 0 0 0 0 0 0 0 0 0 0 0.4 0 0 0.2 0.2 0 0 0.4 0 0 0 0 0 0 1.6 0 0 0 0 0.4 0 0 0 0 0 0 0 1.6 0 0.4 0 0.8 0 1.8 0 0 3.2 0.2 7.4 2.6 2 0.4 0 0 7.4 6.6000000000000005 3 0 3.6 0 0 2.2 6.6000000000000005 0 0 0 0 2 0 0.2 0 1 0 0 0 0 0 6 0 0 0 0 0 10 1 0 0 0 0 0 0 0 0 0 0 0 3.6 0 0 0 0 0 0 0 0 0 0 0 0 0 0.2 0 0 0 0 0 0 0 0 34 0 0 0.2 15 0.2 0.4 0 0 0 0 0 0 0 0 0 0 0 0 0 0 0 0 0 0 0 0 4.4 0 0 0 0 0.4 0 0 0 
 0.2 0.6000000000000001 0 8.4 0.2 0.8 0.2 0.4 0 0 0 0.2 0.2 0.4 0.2 0.2 0.2 0.4 0.2 0.6000000000000001 16.6 58.6 39.6 65.8 40.800000000000004 54.6 9.4 8 33 0 59.400000000000006 51.2 14.200000000000001 15.600000000000001 22.8 58 47 54.400000000000006 10.8 34.800000000000004 0.8 0 0.4 0.4 0.6000000000000001 0.2 12.600000000000001 0.2 0 0.2 0 0.4 0 0 0.6000000000000001 0 0 0 0.4 0 0 0.6000000000000001 0.4 0 0.2 0.4 0.4 0.4 0 0 0 0 0 0.6000000000000001 0 0 0 0 0 0 0.4 0 0 0 0 0 0.2 0 0 0 0.4 0 0 0 0 0 0 0 0 0 0 0 1.6 4.2 0.6000000000000001 7 0 0.2 2.8000000000000003 2.2 5.800000000000001 0 1.8 2.6 2.2 2 4.6000000000000005 10.600000000000001 1.8 2.8000000000000003 4.2 2.2 0 0 0 0 4 0.8 4 0 0 0 2.4000000000000004 0 0 0 1.6 0 0 6.6000000000000005 2.2 0 0 0 0 0.4 0 0 0.2 0 0 0 0.4 0 0 0 0 0 0 0.6000000000000001 0 0 0 0 0 0 0 0 0.8 0 0 0 0 0 0 0 0 0 0 3.2 2 2 4.2 7.800000000000001 0.2 2.2 2.6 5.2 0 0.2 2 0 0 0 0 0 1.8 0.2 0 0 2.8000000000000003 0 1.8 0 0.2 0 0 2.2 0 0 0 0 6.2 0 0 0 0 0 0 1.8 0 0 0 0 0 0 0 0 0 0 0 0 0 0 0 0 0 0 0 1.8 0 0 0.2 0 0 0 0 0 0 0 0 0.2 0 0 1.2000000000000002 0 0.6000000000000001 0.6000000000000001 0.4 0 0.4 0.2 0 0 0 0 4 0 0 0 0 0 0 0 0 0 0 0 0 0 0 0 0 0 0 0 0 0 0 0 
 0.4 0.4 0.4 0.4 0.8 15.200000000000001 0.4 0.4 0 0.4 0.4 0.6000000000000001 0.4 0.4 0.4 0.4 22.200000000000003 0.4 0.4 15.4 17.400000000000002 5.2 26.8 53.400000000000006 48.6 64.4 7.4 18.2 18.8 59.400000000000006 0 37.6 22.6 53.2 33 17.2 51 73.4 68.2 51.6 13.200000000000001 0.4 0.4 0.2 0.6000000000000001 0 12.600000000000001 12.600000000000001 0.6000000000000001 0.6000000000000001 2.8000000000000003 0.4 0 13.200000000000001 0.6000000000000001 0.6000000000000001 0 0.2 0.2 0 0 1 0.6000000000000001 0 0 0.4 0.6000000000000001 4.6000000000000005 1 0.6000000000000001 0 0 0 0.6000000000000001 0 0 0 0 0 1.6 0 0 0 0 0 2 0 0 0 0 0 0 0 0 0 0 0 0 0 0 4 0 2.6 11 0 0 0 1.2000000000000002 2.4000000000000004 0 0 1 2.2 2.8000000000000003 0 0 0 0 0 0 4.2 0 0 0 0 0 2 3.8000000000000003 2.4000000000000004 0 0 0 4.2 2.2 0 0 1.4000000000000001 0 7.800000000000001 0.2 0 0 0 0 0 0 0 0 0 0 0 0 0 0 0 0 0 0 0 0 0 0 0.2 0 1.8 1.8 0 0 0 0 0 0 5.2 0 0.2 0 3.8000000000000003 0 0 0 1.8 3.4000000000000004 5.800000000000001 6.800000000000001 3 8.6 4 4 0.2 6.4 0 0 2.6 6.2 0 0.2 1.8 7.6000000000000005 0 2.8000000000000003 0 0 0.4 0 0 0 1.8 2.4000000000000004 1.6 0 0 0 7 0 0 0 0 0 2.6 2.6 0 0 0 0 0 0 0 0 0 0 0 0.4 0 0 0 0 0 0 0 0 0 0 0 0 0 0 0 0 0 0 0.4 0 0 0 3.8000000000000003 0 0.4 0 31.400000000000002 0 0.4 0 0 0 0 0 0 0 0 0 0 0 0 0 6.4 0 0 0 0 0 0 0 0 0 0 0.2 0 0 0 0 
 0.4 0 0 0 0 0 0 0 0 0.4 1 0 0 0 0 0 0 0.2 0 0 2.8000000000000003 8 12.200000000000001 46.2 71.8 32.4 7.4 6 33 51.2 37.6 0 10.600000000000001 6.4 49 7 33.2 91 5.4 6.800000000000001 4.6000000000000005 0 0.4 0.4 0.6000000000000001 0 18.6 17.6 1 12.600000000000001 1.4000000000000001 0.4 0.4 10.600000000000001 0.6000000000000001 0 0 0 0.2 0 0 0.6000000000000001 0.6000000000000001 0 0 11 8.200000000000001 0.6000000000000001 0 0 0 0 0 0.6000000000000001 0 0 0 0 0 0 0 0 0 0 0 0 0 0 0 0 0 0 0 0 0.2 1.8 0 0 0 0.4 0 1.2000000000000002 6.800000000000001 3.2 1.8 3.6 0 0 0.2 0 3 0.2 0 0 0 2.6 3.8000000000000003 0 0 0 0.2 3 0 0 0 0 5.2 6.800000000000001 4 0 0 0 7.6000000000000005 4.2 0 0 5 0 1.6 2.6 0 1 0 0 0 0 0.2 0 0 0 0 0 0 0 0 0 0 0 0 0 0 1.8 0.2 0 0 0 0 0 0 2.4000000000000004 0 0 1 0 0 0 0.8 0.4 0 0 0 0 4.800000000000001 11.8 4 9.4 0 0 0 3.6 0 1.8 0 0 1.2000000000000002 0 0 1.2000000000000002 0 0 0 0 0.2 0.2 0 0 3.8000000000000003 2.8000000000000003 1.8 0.2 0 0 8 0 0.2 0 1.4000000000000001 0.2 2 2.4000000000000004 0 0 0 0 0 0 0 0 0 0 0 0 0 0 0 0 0 0 0 0 0 0 0 0 0 0 0 0 0 0 0 0 0 0 1.8 0 0.8 17 29.6 0 2.2 3.2 0 0 0 0 0 0 0 0 0 0 0 0 0 0 0 0 0 0 0 1.2000000000000002 0 0 0 3.2 0 0 0 0 
