 0 37.4 36 10.4 45.2 10 56.2 51.6 55.2 35.800000000000004 6.4 10.600000000000001 29.8 69.2 46 11 8.4 14 55 109.60000000000001 0 0.4 0.8 0.2 0 0.4 0.6000000000000001 0.2 0 0.2 0.2 0 0 0 0 0.4 0 0 0.2 0.2 0.6000000000000001 0 0.6000000000000001 0 0 0 0 0 0.4 0 0 0 0 3.8000000000000003 0 0 0 0.6000000000000001 0 0 0 0 0.2 0 0 0 0 0 0 0.6000000000000001 0 0 0 0 0.6000000000000001 6.800000000000001 0.6000000000000001 0 0 0 7.2 10.4 4.800000000000001 0 2 1.4000000000000001 2.2 6.4 2 0.8 2.6 0.4 2.2 3.4000000000000004 2.2 7 0 0 1.8 0 0 0 0 0 0 0 1.4000000000000001 0 0 0 0 2 2 0 0 0 0.4 0 0 0 0 0 0 0 0 0 0 0 0 0 0 0 0 0 0 0 0 0 0 0 0 0 0 0 0 0 0 0 0 0 0 0 0 0 0 0 0 0 0.4 0 5.2 0 0.2 3 1.8 0.2 4.6000000000000005 0.2 12.8 2 3.4000000000000004 4.6000000000000005 0 1 1.6 1.4000000000000001 2 3 0 0 2.2 0 0 0 0 0 0 0 0 0.2 0 0 0 0 0 0 0 0 1.8 0.2 0 0 0 0 0 0.2 0 0 0 0 0 0 0 0 0 0 0 0 0 0 0 0 0 0 0 0 0 0.2 0 2.4000000000000004 0 0 0 0 0 0 0 0 0 0 0 0 0 0 0 0 18.2 0.4 20 0 2 2 0 0 0 0 0 0 0 0 0 0 0 0 0 0 0 0 0 0.2 0 0 0 0 0 0 1.8 0 0 0 0 0 0 0 0 0 0 0 0 2.2 
 37.4 0 35 11.4 24 66.60000000000001 17 49.6 13.8 6.4 10.600000000000001 8.200000000000001 68.4 30.400000000000002 88.80000000000001 25.6 7.800000000000001 24.400000000000002 38.800000000000004 8.6 0.2 0.4 0.4 0.2 0 0.6000000000000001 1 0 0 0 0 0 0 0 0 0.4 41.6 0.2 0.8 7.2 1 0 0.6000000000000001 2.2 0.4 1.4000000000000001 0 0 0.4 0 0 0 0 0.2 0.2 0 1.4000000000000001 0.6000000000000001 0.4 0 0 1.2000000000000002 0 0 0 0.8 0 0 0 2 0.8 0 0 0 0.6000000000000001 1.6 0.6000000000000001 0 0.4 0 2.2 4 0 0 4 0 7 0 0 6.2 2 3.2 5.2 3.6 0 2.2 13.4 0 5.6000000000000005 6 0 0 0.2 0 0.4 0 0 0 0 0 0 0.2 0 0.2 0 0 0 2.4000000000000004 0 0.2 0 0 0 0 0 0 0 0 0 0 0 0 0 0 0 0 0 0 0 0 0.4 0 0 0 0 0 0 0 0 0 0 0 0 0 0 0 0 0 0 0 9.4 0 2 2.6 1.2000000000000002 0 4.4 0 8.8 0.2 0 1.4000000000000001 8.4 4.2 4.4 2 0 3 2 6.800000000000001 0 0.2 0 0 0 0 0 0 0 0 0 1.2000000000000002 1.6 0 0.6000000000000001 0 0 0 0 1.6 0 0 0.2 0.4 0 0 0 0 0 0 0.4 0 0 0 0.4 0 0 0 0 0 0.2 0.4 0 0 0 0 0 0 0 0 0 0 0 0 0 0 0 0 1.8 0 0 0 0 0 0 0.4 0.4 0 0 0.2 0 0.4 4.6000000000000005 0 0 0 0 0 0 0 0 0 2 0 0 0 0 0 0 0 0 0 0 0 0 0 0 0 0 0 0 0 0 0 0 0 0 0 0 0 
 36 35 0 51.6 27.8 8 15.8 34.800000000000004 60.6 17.8 8.6 47.2 10.600000000000001 49.400000000000006 12.4 44.2 22.8 49.2 38 32.2 0 0 0.6000000000000001 0.4 0.2 0 0.6000000000000001 0 0 0 0 0 0.6000000000000001 0 0 0.4 0 0 0 0 0.6000000000000001 0 0.6000000000000001 0 12.600000000000001 0 0 0 0.4 0.4 0 0 0 0 0 0.6000000000000001 0 0.6000000000000001 0 0 0.6000000000000001 0 0 0 0.6000000000000001 0 0 0 0 0.8 0 0 0.6000000000000001 0 0.6000000000000001 0.4 0.4 13 0 0 6.6000000000000005 0 6.4 3 7.2 3 3.6 5.800000000000001 5.2 6.6000000000000005 3.2 6 0.2 1 2.2 2.4000000000000004 0 2.2 0 0 0 0 0 0 0 0 2.2 0 0 0 0 0 3 0 0 0 0 0 0 0 0 0 0 0 0 0 0 0 0 0 0 3.4000000000000004 0 0 0 0 0 0 0 0 0 1 0 0 0 0 0 0 0 0.8 0 0 0 0 0 0 0 0 0 0 3 2.4000000000000004 2.2 5.4 5.2 3.4000000000000004 0 4.6000000000000005 0.2 5.6000000000000005 1.6 4.2 0 6.800000000000001 0 1.2000000000000002 0 6.2 0.2 0.8 2 0 0 0 0 0 3.2 0 0 0 0 0 0 0 0 0 0 0 5.4 0 0 0 0 0 0 0 0 0 0 0 0 0 0 0 0 0 0 0 0 0 0 0 0 1.8 0 0 0.4 0 0 0 0 0 0 0 0 0 0 0 0 0 0 0 0 0 0 0.2 0 0 4.2 0.4 4.4 3.2 3.4000000000000004 0 0 0 0 0 0 0 0 0 0 0 0 0 0 0 0 0 0 0 0 0 0 2.8000000000000003 3.6 2 0 0 0 0 0 0 0 0 0 0 0 0 
 10.4 11.4 51.6 0 17 7.2 17.6 34.2 36 48.400000000000006 68.60000000000001 10.4 10.8 34.6 28.200000000000003 52.2 19.200000000000003 7.4 23.6 26.8 30 4.2 0.4 0 0 0 18 0 0 0 0 0 17.8 8.6 0 0.4 0 0.4 15.8 0 0.6000000000000001 0 0.6000000000000001 0 0 0 0 0 0.4 0 0 0 0 0 6.2 0 0 0.6000000000000001 0 0 0 0 0 0 0 0 0 0 0 0.6000000000000001 0 0 0 0 0.6000000000000001 0.4 0.6000000000000001 0 0 0 4.4 3.6 0 2.2 1.8 1 0 3.8000000000000003 2.8000000000000003 0 0 5.2 0 0 1.6 3 0 6.2 4.2 12.4 2 0 2.8000000000000003 0 1.8 0 2.2 5.6000000000000005 11.600000000000001 0 0 0 2.6 0 4.2 0.2 0 0 5.4 2.2 0 0 0 0 0 0 0 0 0 0 0 0 0 0 0 0 0 0 0 2.6 0 0 0 0 0 0 0 0 0 0 0 0 0 0 0 0 0 0 0 0 3 2.8000000000000003 0 5.6000000000000005 3.8000000000000003 0 0 0 0 9 2.8000000000000003 0 0 3.8000000000000003 2.6 0 3 1.8 0 0 0 7 0 0 0 1 11.600000000000001 4.2 2.6 0 0 0 8.4 8.4 0 0 0 0 1.2000000000000002 1.8 0 0 0 0 0 0 0 0 0 0 0 0 0 0 0 0 0 0 0 0 0 0 0 0 0 0 3.2 0 0 0 0 0 0 0 0 0 0 0 0 0 0 0 0 0 0 0 17.400000000000002 0.2 17.2 18.6 0 0 0 0 0 0 0 0 0 0 0 0 0 0 0 0 0 0 0 0 0 0 0 0 0 1.6 0 0 0 0 0 0 0 0 0 0 0 0 0 0 
 45.2 24 27.8 17 0 15.200000000000001 28.200000000000003 17 17.2 49.2 17.6 25.8 30.6 34.2 86.60000000000001 16 25.6 23 60.800000000000004 11.200000000000001 30.8 0 0.6000000000000001 0.6000000000000001 0 0 8.6 12.8 0 0 0 0 14.600000000000001 20 0.2 0.4 0 0 0 27.400000000000002 0.6000000000000001 0 0.4 0 0 0 0 0 0.4 11.600000000000001 0 0 0 0 0 0 0.6000000000000001 0.4 0 0 0 0.4 0 0 0 0 0 0 0 0.4 0 0 0 0 0.6000000000000001 0.4 0.4 0 0 0 1.6 0.2 7.6000000000000005 0 3.6 0 2.6 2.6 4.2 11 1.4000000000000001 0 0 0 0.2 3.2 1.6 0 0 0 0 10.8 2.2 0 0 0 1.8 0 4.800000000000001 0 2.4000000000000004 0 7.2 0 1.4000000000000001 0 0.4 0 8.4 0 0 0 0 0.2 0 0 0 0 0 0 0 0 0 0 0 0 0 0 0 0 0 0 0 0 0.4 0 0 0 0.2 0 0 0 0 0 0 0 0 0 0.4 0 0.2 3.4000000000000004 2.8000000000000003 5.2 0 5.2 0 0 3.8000000000000003 2 3.2 2.8000000000000003 0 0.4 0 4 2.6 1.8 0 0 5.4 2.2 3.6 0 0 0 3 1.4000000000000001 2.6 0 3 0 5.4 11.8 0 0 0 0 1.6 3.4000000000000004 0 0 0 0 0 0.2 0 0 0 0 0 0 0 0 0 0 0 0 0 0 0 0 0 0 0 0 0 0.2 0 0 0 0 0 0 0 0 0 0 0 0 0 0 0 0 0 0.4 17.8 0 1.2000000000000002 19.6 3.4000000000000004 1.8 0.6000000000000001 0 0 0 0 0 0 0 0 0 0 0 0 0 0 0 0 0 0 0 0 0 0 0 2.6 0 0 0 0 0 0 0 0 0 0 0 0 0 
 10 66.60000000000001 8 7.2 15.200000000000001 0 8.6 7.4 11.600000000000001 54.6 42.800000000000004 53 47.400000000000006 7.6000000000000005 53.2 27.400000000000002 69.8 28.200000000000003 9.4 6.2 0 0.2 0.6000000000000001 15.200000000000001 0 0 23.6 0 30.400000000000002 0 0 0 0 1 0 17.2 0 0.2 31.400000000000002 22.200000000000003 0.6000000000000001 0 0.6000000000000001 0.4 0 0 9 0 0.4 0.8 0 0 0 0 0 0 0 0.6000000000000001 0 0 0 0 0 0 0 0 0 0 0 0.4 0 0 0 0 0.6000000000000001 0.4 0.6000000000000001 0 0 0 0 0 6.2 5.2 2.6 4.800000000000001 0 0 2.8000000000000003 3 3.6 4 0 0 0 0 0 3.6 0 0 3.4000000000000004 3.6 10.8 3 0.2 0 3 1 3.4000000000000004 0 0 0.4 3.2 5.2 3.4000000000000004 12.8 0 7.2 8 0.4 0 0 0 0 0 0 0 0 2.2 0.2 0 0 0 0 0 0 0 0 0.2 0 0 0 0 0 0 0 0.2 0 1.2000000000000002 0 0 1.2000000000000002 0 0 0 0 0 0 0 0 0 2.4000000000000004 1.6 1 0 0 0 0 0 1.8 0 13.200000000000001 0 0 0 0 0 0 0 0 3.2 0 0 0 0 0 3.8000000000000003 2.4000000000000004 8.6 0 0 2.8000000000000003 13.4 0.2 2 0.2 0.8 0 5 7.4 0 0 0 0 0 0 0 0 0 0 0 0 0 0 2.2 0 0 0.2 0 0 0 0 0 0 0 0 0 0 0 0 0 0 0 0 0 0 0 0 0 0 0 0 3.2 0 0 0 0 0 1.4000000000000001 1.2000000000000002 0 2.6 0 0 0 0 0 0 0 0 0 0 0 0 0 0 0 0 0 0 0 0 0 0 0 3.8000000000000003 0 0 0 0 0 0 0 0 0 0 0 0 0 0 
 56.2 17 15.8 17.6 28.200000000000003 8.6 0 81.4 74.2 9.200000000000001 12.4 4.2 72.60000000000001 46 38.2 46.6 7.6000000000000005 23 93 26.400000000000002 7.6000000000000005 0.4 0.4 0 26.200000000000003 0 0.4 0 0 0 0 0 0 0 0 0.4 0 0.2 0.4 0 0.6000000000000001 0 0.6000000000000001 0 0 0.8 0 0 0.4 0 0 0 0 0 0 0 0 0.6000000000000001 0 0 0 0 0 0 0 0 0 0 0 0.6000000000000001 0 0 0 0 0.6000000000000001 1 0.6000000000000001 0 0 0 0 1.6 2.2 0.2 0 1 3.6 5 0 0 0 0 7 1.8 0 2.4000000000000004 6.4 0 2.4000000000000004 12 0 0 0 0.4 0 0 0 0 2.4000000000000004 0 0 0 0 0 0 0 0 0 0 0 0 0 0 0 0 0 0 0 0 0 0 0 0 0 0 0 0 0 0 0 0 2.4000000000000004 0 0 0 0 0 0 0 0.8 0 0 0 0 0 0 0 0 0 0 2 0.2 2 5.6000000000000005 0 0.8 8.4 5.2 3.6 0 0.8 2.2 0.4 6.6000000000000005 3.8000000000000003 1.8 0.2 0 2 2.4000000000000004 0 0 0 1.8 0.4 0 0 0 0 0.4 0.4 0 0 0.2 0.4 0 0 0 0.2 0 0.4 0 0 0 0 1.8 0 0 0 0.2 0 0 0 0 0 0 0 0 0 0 0 0 0 0 0 0 0 0 0 0 0 0 0 0 0 0 0 0 0 0.4 0 0 0 0 0 0.6000000000000001 0 0 0.4 9.4 0 0.4 0 0 0 0 0 0 0 0 0 0 2 0 0 0 0 0 0 0 0 0 0 0 0 0 0 2 0 0 0 0 0 0 0 0 0 0 0 0 
 51.6 49.6 34.800000000000004 34.2 17 7.4 81.4 0 57.400000000000006 55.400000000000006 8.6 23.8 56 87.2 49.2 23.400000000000002 28.400000000000002 25.8 15.200000000000001 34.2 0 0 0.6000000000000001 15.4 0 0 0.4 0.2 0 0 0 0.2 0 0 0 0.4 0 0 0.4 0.6000000000000001 0.6000000000000001 0 0.4 0 0 1.6 0 0.6000000000000001 0.4 0 0 0 0 0 0.4 0 0 0.4 0 0 0 0 0.4 0.6000000000000001 0.6000000000000001 0 0 0 0 0.4 0 0 0 0 0.6000000000000001 0.4 0.4 0 0 0 7 0 1.4000000000000001 0 2.8000000000000003 0.4 5.2 2.4000000000000004 5.2 0 0 0 0 2.2 3.4000000000000004 2 5.800000000000001 4.4 3.8000000000000003 4 0 0 0 0 0 0 0 0 0 4.4 0 0 0 0 0 0.4 0 0 0 0 1.4000000000000001 0 0 0 0 1.2000000000000002 0 0 0 0 0 0 0 0 0 0 0 0 0 0 0 0 0 0 0 0 0 0 0 0 0 0 0 0 0 1.8 0 0 0 0 7.2 0 2 2.4000000000000004 3.2 0 5.2 2.2 2.2 3 0 0 6 2.2 5 1.4000000000000001 2.2 0 6.800000000000001 2.8000000000000003 2 0 0 0 0 0 0.2 0 0 0 0 0 0 0 0 0.2 0 0 1.4000000000000001 0 0 0 0 0 0 0 0 0 0.2 0 0 0 0 0 0 0 0 0 0 0 0 0 0 0 0 0 0 0 0 0 0 0 0 0 0 0.2 0 0 0 0 0 0 0 0 0 0.6000000000000001 0 0 0.8 0.4 3.2 0 0 0 0 0 0 0 0 0 0 0 0 0 0 0 0 0 0 0 0 0 0 0 0 0 4.800000000000001 0 0 0 0 0 0 0 0 0 0 0 0 0 
 55.2 13.8 60.6 36 17.2 11.600000000000001 74.2 57.400000000000006 0 31.6 36.2 42.400000000000006 18.400000000000002 60.2 78 30 56 8 22 13.600000000000001 15.4 0.6000000000000001 0.4 0.4 0 0.4 0.6000000000000001 0 0 0 0.4 0 46.400000000000006 14.8 0 0.8 0.4 12.200000000000001 29.6 0 0.6000000000000001 0 0.6000000000000001 0.2 1.2000000000000002 0 0 0 0.4 0 0 0 0 0 0 0 0 0.8 0 0 6.2 0.8 0 0 0 0.6000000000000001 0 0 0 0.6000000000000001 0 0 0.6000000000000001 0 0.6000000000000001 0.8 16.8 0 1 0 0 2.4000000000000004 0 6.800000000000001 6.800000000000001 7.6000000000000005 0 2.4000000000000004 7.800000000000001 1.6 5.4 3.4000000000000004 0 1.6 0 2.2 0 3.4000000000000004 0 0 2.4000000000000004 0 0 0 1.8 0.2 0 0.8 0 0 3 0 3.4000000000000004 2.6 0 0 0 0 0.6000000000000001 5 0 0 0 0 0 0 0 0 0 0 0 0 0 0 0 0 0 0 0 0 0 0 0 0 0 0.8 0 0 0 0 0 0 0 0 0 0 0 0 0 0 0 0 0 0 3 0.2 0 0 0 2 2.6 2.2 0 0 0 0 0 1.6 0 0.4 0 6.4 0 0 0 0 4.2 2.4000000000000004 0 0 0 0 2.6 2.2 0 0 0 0 3.4000000000000004 0 0 0 0 0 0 0 0 0 0 0 0 0.2 0 0 0 0 0 0 0 0 0 0 0 0 3.4000000000000004 0 0 0 0 0 0 0 0 0.4 0 0 0 0.4 0 0 0 2.4000000000000004 0 0 0 0.4 35.800000000000004 0 0.4 0.6000000000000001 0 0.6000000000000001 0 0 0 0 0 0 0 0 0 0 0 0 0 0 0 0 0 0 0 0 0 0 0 1.6 0 0 0 0 0 0 0 0 0 0 0 0 0 0 
 35.800000000000004 6.4 17.8 48.400000000000006 49.2 54.6 9.200000000000001 55.400000000000006 31.6 0 16.6 35.2 10 19.400000000000002 37.4 13.600000000000001 93.4 17 41.400000000000006 44.400000000000006 17.8 0.2 0.4 0.2 0 0.2 0.4 0.6000000000000001 0 0 0 0 15.200000000000001 0 1.2000000000000002 0.8 0 0.2 14.8 0 0.6000000000000001 0 0.6000000000000001 0 0 0.8 8.6 6 0.4 0 0 0 0.2 0.2 1.8 0 0 0.6000000000000001 0.2 13.8 0 0.6000000000000001 0 0 0 0.4 0 0 0 0.6000000000000001 0 0 0 0 1 0.4 0.4 0.8 0 0 6.4 4 9.200000000000001 5.6000000000000005 3.8000000000000003 2.8000000000000003 3.4000000000000004 6.6000000000000005 6.6000000000000005 0.4 3.4000000000000004 1.2000000000000002 0 2.2 1.2000000000000002 4.6000000000000005 10 2 0 0 0 0 0 0 2.4000000000000004 0 2.4000000000000004 0 0 0 0 0 2.8000000000000003 0 0 0.2 0 0 0 0.6000000000000001 0 0 0 0 0 0 0 0 0 0 0 0 0 0 0 0 0 0 0 0 4.6000000000000005 0 0 0 0 0 0 0 0 0 0 0.2 0 0 0 0 0 0 0 0 2.6 0 0 0.2 8.6 0 0 0 0.2 4.2 3.2 0.4 0 0 0 0.2 2 9.8 0 0 2 2 0 0 0 0 0.6000000000000001 0.2 0 0 0 0 3.8000000000000003 0 0 0 0 0 3.4000000000000004 0 0 0 0 0 0 0 1 0 0 0 0 0 0 0 0 0 0 0 0.4 0 0 0 0 0 0 0 0 0 4.6000000000000005 0 0 0 0 0 0 0.4 0 0 0 0 0 0 0 0 0.4 0.6000000000000001 36.6 0 0.8 9.600000000000001 4.4 1.2000000000000002 0 0 0 0 0 0 0 0 0 0 11 0 0 0 0 0 0 0 0 0 0 1.8 0 1.6 4.4 0 0 0 0 0 0 0 0 0 0 3.6 0 0 
 6.4 10.600000000000001 8.6 68.60000000000001 17.6 42.800000000000004 12.4 8.6 36.2 16.6 0 31.200000000000003 25.8 8.6 13.8 38.6 56.800000000000004 14.8 26.400000000000002 20.8 29.400000000000002 4 0.4 0 0 0 0.8 14 0 0 0 0 37 29.400000000000002 0 0.4 0 0.2 15.200000000000001 6.4 0.6000000000000001 0 0.6000000000000001 0 0.2 0 0 0 0.4 0 0 0 0 0 0 0 0 0.6000000000000001 0 0 0 0 0 0 0 0 0.6000000000000001 0 0 0.6000000000000001 0 0 0 0 0.6000000000000001 0.4 6.800000000000001 0 0 0.4 2.6 2.4000000000000004 0 4.6000000000000005 0 5.6000000000000005 2.6 0 6.2 2.8000000000000003 0 5.800000000000001 0 0.4 1.4000000000000001 0.4 0 9.200000000000001 0 3.2 1.8 0 0 0 0 0 0 0.2 4.800000000000001 0 0.6000000000000001 0 12.200000000000001 2.6 3 0.2 0 2.8000000000000003 6.2 5.800000000000001 0 0 0 0 0 0 0 0 0 0 0 0 8.200000000000001 0 0 0 0 0 0 0.2 0 0 0 0 0 0 0 0 0.2 0 0 0 0 0 0 0.2 0 0.2 0 0 1.6 2 1.8 3.6 2.8000000000000003 0 1.6 1.6 0 2.2 2.2 1.8 0 2.8000000000000003 2.8000000000000003 4 2.6 0 0 0 0 6.4 6 0 0 0 4.2 2.2 2.8000000000000003 0 0 0 6.2 7.4 2.6 0 0 0 0 1.4000000000000001 0 0.2 0 0 0 0 0 0 0 0 0 0 0 0 0 0 0 0 0 0 0 0 0 0 0 0 0 0 0 0 0 0 0 0 0 0 0 0 0 0 0 2 0 0 0 0 17.8 0 1 0.6000000000000001 0 1.2000000000000002 0 0 0 0 0 0 0 0 0 0 3.8000000000000003 0 0 0 0 0 0 0 0 0 0 0 0 0 3 0 0 0 0 0 0 0 0 0 0 0 0 0 
 10.600000000000001 8.200000000000001 47.2 10.4 25.8 53 4.2 23.8 42.400000000000006 35.2 31.200000000000003 0 6.4 25.6 32 91.80000000000001 48.6 32.4 8.200000000000001 24.200000000000003 34.6 0.4 0.4 18 0 0 16.2 0.2 0 0 0 0 31.6 4.6000000000000005 0.2 0.4 0 0.2 15.200000000000001 0 0.6000000000000001 0 0.6000000000000001 0 0.2 0 0 0 0.4 0 0 0 0 0 0 0 0 0.6000000000000001 0 0 0 0 0 0 1.2000000000000002 0 0 0 0 0.6000000000000001 0 0.2 0 0 0.6000000000000001 0.4 8.6 0 0 0 0 0 2.2 6.6000000000000005 5.4 0.4 0 3 13.200000000000001 3.4000000000000004 0 7.800000000000001 0.2 0.2 1.2000000000000002 3.8000000000000003 0.4 4.6000000000000005 0 0 1.4000000000000001 0 0 0 2 0 1.6 3.8000000000000003 0 0 0 2 2.8000000000000003 1.8 0 0 0 0 2 9.200000000000001 0 0 0 0 0 0 0 0 0 0 0 0 0 0 0 0 0 0 0 0 0 0 0 0 0 0 0 0 0 0 0.2 0 0 0 0 0 0 0.4 0 0 3 0 0 3.2 2 0 0 0 2.8000000000000003 4.800000000000001 0 0 0 0.4 0.2 0.2 0 2 0 0 2.8000000000000003 5.2 0 0 0 0 15.8 2.2 0 0 0 0 2.6 3.4000000000000004 0 0 0.4 0 2.8000000000000003 0.2 0 0.4 0 0 0 0 0 0 0 0 0 0 0 0 0 3 0 0 0 0 0 0 0 0.4 0 0 1.8 0 0 0 0 0 0 0 0 0 0 0 0 0 0 2.8000000000000003 0 0 0 0.8 18 0 16.8 17.2 2.4000000000000004 1.4000000000000001 0.2 0 0 0 0 0 0 0.4 0 0 0 0 0 0 0 0 0 0 0 0 0 0 0 2.2 2 0.2 0 0 0 0 0 0 0 0 0 0 0 0 
 29.8 68.4 10.600000000000001 10.8 30.6 47.400000000000006 72.60000000000001 56 18.400000000000002 10 25.8 6.4 0 27.6 61.2 13.600000000000001 6.800000000000001 5.4 36.2 30.200000000000003 0 0.2 0.4 0 0 0 0.4 0 0 0.4 0 0 0 0 1 0.4 0 0.4 0.2 0.4 0.6000000000000001 0 0.6000000000000001 0 0 0.6000000000000001 0 0 0.4 0 0 0 0 0 0 0 0 0.6000000000000001 0 0 0 0.2 0 0 0 0 0 0 0 0.6000000000000001 0 0 0 0 1.2000000000000002 2.2 0.6000000000000001 0 0 0 0 8.6 0 0 0.2 0 5 2.2 0 0 0 0 0.6000000000000001 1.6 0.2 7.4 4.800000000000001 0 4.2 4.6000000000000005 0 0 0 0 0 0 0.4 0.2 0 0 0 0.2 0 0 0 0 0 0 0 0 0 0 0 0 0 0 0 0 0 0 0 0 0 0.4 0 0 0 0 0 0 0 0 0 0 0 0 0 0 0 0 0 0 0 0 0 0 0 0 0 0 5.800000000000001 2.8000000000000003 0.8 0 0 0 13.600000000000001 3 5 0 3 0 0 4.2 9 5.4 2.6 0 1.6 0 0 0 0 0 0 0 0 0 0 0 0 0 0 3.8000000000000003 0 0 0 0 0.4 3.6 0 0 0 0 0 0.4 0 0 0 0 0 0 0 0 0 0 0 0.4 0 0 0 0 0 0 0 0 0.2 0 0 0 0 0 0 0 0 0 0 0 0 0 0 0 0 0 0 0.4 0 0 0.4 0.4 0 1.6 0 0 0 0 0 0 0 0 0 0 0.8 0 0 0 0 0 0 0 0 0 0 0 0 0 0 0 0 0 0 0 0 0 0 0 0 0 0 0 
 69.2 30.400000000000002 49.400000000000006 34.6 34.2 7.6000000000000005 46 87.2 60.2 19.400000000000002 8.6 25.6 27.6 0 79.4 19.8 35.2 51.800000000000004 33.800000000000004 39 0 0 41.400000000000006 0 0.4 0 0.4 0 0.6000000000000001 40.800000000000004 0 0.4 0.6000000000000001 0 40.800000000000004 0.4 0 0.4 0 1 1.2000000000000002 0 1.2000000000000002 0 0 1 0 0 0.8 0 0 0 0 0 0 0 0 0.6000000000000001 0 0 0 0 0 0 0 0 0 0 0 0.4 0 0 0 0 0.6000000000000001 0.4 0.4 0 0 0 4.6000000000000005 0.2 2.6 0.2 5.800000000000001 2 0 4.4 6 4.4 1.8 0 0 0.2 4.4 2.6 5 1.8 0.8 0.4 0 0 0 0 0 0 0 0 0 0 0 0 0 7 0 0.4 0 0 0 0 0 0 0 0 0 0.4 0 0 0 0 0 0 0 0 0 0 0 0 0 0 0.2 1.4000000000000001 0 0 0 0 0 0 0 0 0 0 0 2.2 0 0 0 0 0 0 7.6000000000000005 0 0 6.2 2.6 2.6 2 7.2 0.4 4.2 2 3.4000000000000004 3.8000000000000003 3.6 4.4 5.4 2.4000000000000004 0 1.6 0 2.8000000000000003 0 0 0 0 0 0 0 0 0 0 0 0 0 0 0.2 0 0 2.6 0 0 0 0 0 0 0 0 0 2.6 0 0 0 0 0 0 0 0 0 0 0 0 0 0 0 0 0 0 0 0 0 0 0 0 0 0.2 0.2 0 0 0 0 0 0 0 0 0 0 0 0.4 1.2000000000000002 0.4 3.4000000000000004 1.8 0 0 0 0.2 0 0 0 0 0 0 0 0 0 0 0 0 0 0 0 0 0 0 0 0 3 1.2000000000000002 0 0 0 0 0 0 0 0 0 0 0 0 
 46 88.80000000000001 12.4 28.200000000000003 86.60000000000001 53.2 38.2 49.2 78 37.4 13.8 32 61.2 79.4 0 19 25.200000000000003 28.200000000000003 15.8 13.600000000000001 0.4 0.8 0.4 0 0.6000000000000001 0 0.4 0 0 0 0 0 0 0.4 0.4 1.4000000000000001 0.2 0 6.6000000000000005 14.8 0.6000000000000001 0 0.6000000000000001 0 0.6000000000000001 0.4 0 0 0.4 0 0 0 0 0 0 0 0.4 0.6000000000000001 0 0.6000000000000001 0 0.2 0 0 0 0.6000000000000001 0 0.8 0 1 0.4 0 0 0 0.6000000000000001 1.2000000000000002 0.6000000000000001 0 0.6000000000000001 0 1.4000000000000001 0 5.4 0 3 0 2.2 0 5.6000000000000005 10 2 0 2 3.2 2 0 5.800000000000001 0 5.4 2.4000000000000004 0 0 0 0 0 0 0 0 0 0 0 0 0 0 0 0 0 0.4 0 0 0.4 0.4 0 0 0 0 0 0 0 0 0 0 0 0 0 0 0 0 0 3.6 0.2 0 0 0 0 0 0 0 0 0 0 0 0 0 0 0 0 0 0 0 4 0 1.8 3.8000000000000003 0 2.6 6 2.4000000000000004 6.4 0.2 0 2.2 6.6000000000000005 3.8000000000000003 6.4 4.2 2.2 0 3.4000000000000004 13 2.8000000000000003 0.4 0 0 0 0 0 0 0 0 0 0 1.4000000000000001 0 0 0 0 0 1.2000000000000002 2.8000000000000003 0 0 0 0 0 0 0 0 0 0 0.2 0 0 0 0.2 0.2 0 0 0 0 0.4 0 0 0 0 0 1.2000000000000002 0 0 0 0 0 0 0 0 0 0 0 0 0 0 0 0 0 0 0 0.4 0 0.2 17.400000000000002 3.8000000000000003 2.6 0 0 0 0 0 0 0 0 0 0 2.2 0 0 0 0 0 0 0 0 0 0 0 0 0 3 0 0 0 0 0 0 0 0 0 0 0 0 0 
 11 25.6 44.2 52.2 16 27.400000000000002 46.6 23.400000000000002 30 13.600000000000001 38.6 91.80000000000001 13.600000000000001 19.8 19 0 31.8 9.200000000000001 6.2 7.4 15.200000000000001 0.4 0.6000000000000001 0 0.2 0.4 0.8 0.2 14.600000000000001 0 0 0 7.800000000000001 0.4 0 0 0.2 0.4 0.4 0.2 0 0 0.2 0.8 0.2 1.8 0 0 1.8 0 0.6000000000000001 0.8 0 0 0 0.4 0.8 1.4000000000000001 0 0 0 0 0 0.8 1.6 0.4 0 0 0 0.4 0.4 0 0 0 0.4 0.6000000000000001 10 0 0.2 0 0 6.6000000000000005 2.6 2.2 3 1.6 5.6000000000000005 3.4000000000000004 3 12.200000000000001 4 5.4 0 4.2 0 4 3 4.800000000000001 0 4 0 1 0 0 0 0 0 0 0 0 0 0 0 2 0 0 0 0.2 0 2.4000000000000004 0 0 0 0 0 0 0 0 0 0 0 0 0 0 0 0 0 0 0 0 0 0.6000000000000001 0 0 0 0 0 0 0 1.6 0 0 0 0 0 0 0 0 0 0 3.2 6.6000000000000005 1.6 3 0.6000000000000001 2.2 3.8000000000000003 5 2 2.2 7.6000000000000005 3 0 1.8 7.4 1.6 2 2.4000000000000004 0 0 0 0 0 0 0 0 2.6 0 0 0 0 0 0 0 0 0 0 0 2.6 0 0 0 0 0 0 0 0 0 0 0 0 0 0 0 0 3.6 0 0 0 0 0 0 0 0 0 0 0 0 0 2.8000000000000003 0 0 0 0 0 0 0 0 0 0 0 2.2 0 0 0 0.4 0.2 0 0 0.2 0.4 0.8 3.2 0 0 0 0 0 0 0 0 0 0 0 0 0 0 0 0 0 0 0 0 0 6.4 2.2 0 2.6 0 0 0 0 0 0 0 0 0 0 0 0 
 8.4 7.800000000000001 22.8 19.200000000000003 25.6 69.8 7.6000000000000005 28.400000000000002 56 93.4 56.800000000000004 48.6 6.800000000000001 35.2 25.200000000000003 31.8 0 11 14.200000000000001 22.6 0 0 0.6000000000000001 0 0.2 0 0.4 0 6.4 15 0 0 15.200000000000001 0 0.4 0.4 41.400000000000006 0 10.600000000000001 0 0.6000000000000001 0 0.4 0 2 0 0 0 0.4 0 0 0 0 0 0 0 0 0.4 0 0 0 0.2 0 0 0 0 0 0 0 0.4 0 0 0 0 0.6000000000000001 0.4 9.200000000000001 0 0 0 0.6000000000000001 3.8000000000000003 3.8000000000000003 10.600000000000001 3.6 4.6000000000000005 0 2.4000000000000004 7.800000000000001 3.6 3 6.6000000000000005 0 3 0 5.800000000000001 0 4.4 0 0 2.6 0 0 0 2.6 0 0.2 0 0 0 0 0 3.4000000000000004 5.6000000000000005 0 0 0 0 0 5.800000000000001 0.2 0 0 0 0 0 0 0 0 3.4000000000000004 0 0 0 0 0 0 0 0 0 0 0.4 0 0 0 0 0 0 0 0 0 0 0 1 0 0 0 0 3.8000000000000003 0 0 4.2 2.2 3 3.4000000000000004 6.6000000000000005 0 0 0 3 2.6 2.6 2.4000000000000004 0 0 0 0 3 8 0.4 0 4.4 0.2 0 0 0 3.8000000000000003 4 2.2 0 0 0 0 0 6.800000000000001 0 0 0 0 9.600000000000001 0.4 0 0 0 0 0 0 0 0 0 0 0 0 0 0 0.4 0.4 0 0 0 0 0.2 0 0 0 0 0 0 0 0 0 0 0 0 0 0 0 0 0 0 0 0 3.4000000000000004 0 0 0 0.4 17.2 0 17 0 2 3.8000000000000003 0 0 0 0 0 0 0 0 0 0 0 0 0 0 0 0 0 0 0 0 0 0 0 1.6 2.2 0 0 0 0 0 0 0 0 0 0 0 0 0 
 14 24.400000000000002 49.2 7.4 23 28.200000000000003 23 25.8 8 17 14.8 32.4 5.4 51.800000000000004 28.200000000000003 9.200000000000001 11 0 33.800000000000004 7.6000000000000005 0 0.4 0.4 0.4 0 0 0.4 15.200000000000001 0 0 0 0 0 0 0 0.4 0 0.2 0.4 0.2 0.6000000000000001 0 0.6000000000000001 0 0 0 0 0 0.4 0 0 10.200000000000001 0 0 0 0 0 0.6000000000000001 0 0 0 0 0 0 0 0 0 0 0 0.6000000000000001 0 0 0 0 0.6000000000000001 0.4 0.6000000000000001 1.2000000000000002 0 0 9.600000000000001 0 4.4 2.8000000000000003 2.2 1.2000000000000002 3.8000000000000003 2 3.4000000000000004 7 5.2 4 0 0.2 4.2 0 1.2000000000000002 0 0.4 0 0 0 0 0 0 0 2.4000000000000004 0 0 0 0 0 3.6 7.6000000000000005 0 0 0 0 0 0 0 0 2 0 0 0 0 0 0.4 0 0 0 0 0 0 0 0 0 0 0 0 0.6000000000000001 0.4 0 0 0 0 0 0 0 0 0 0 0 0 0 0 0 0 0 0 5.2 2 7.6000000000000005 2 8 0 7.6000000000000005 0 2.2 1.8 15.200000000000001 3.2 1.6 0 1.6 2.8000000000000003 4 2.2 0 0 0 0.4 0 0 0 0 0 0 0 0 0 0.2 0 0 0 0 0 0 0 0 0 0 0 0 0 0.4 0 0 0 0 0 0 0 0 0 0 0 0 0 0 0 0 0 0 0 0 0 0 0.2 0 0 0 0 0 0 0 0 0 0 0 0 0 0 0 0 0.4 0 0 0.2 0 3 0 0 0 0 0 0 0 0 0 0 0 0 0 0 0 0 0 0 0 0 0 0 0 0 0 4.2 0 0 0 0 0 0 0 0 0 0 0 0 
 55 38.800000000000004 38 23.6 60.800000000000004 9.4 93 15.200000000000001 22 41.400000000000006 26.400000000000002 8.200000000000001 36.2 33.800000000000004 15.8 6.2 14.200000000000001 33.800000000000004 0 19.6 0 0.6000000000000001 0.4 0 0 0.2 0.8 0 0 0 0.4 0 0 0 1.2000000000000002 0.4 0 0 0.2 0 0.6000000000000001 0 0.6000000000000001 0 0 0 0 0 0.4 0 0 0 8.200000000000001 0 0 0 0 0.6000000000000001 0 0 0 0 0 0 0 0 0.4 0 0 0.6000000000000001 0 0 0 0 1 0.4 0.6000000000000001 0.2 0 0 1.6 5.4 3.8000000000000003 0 0 0 2.6 0 2.2 0 0 0 2.8000000000000003 2 2.2 3.4000000000000004 5 0 0 4.2 0 0 0 0 2.8000000000000003 0 0 0 0 0 0 0 0 0 0 0 0 0 0 0 0 0 0 0 0 0 0 0 0 0 0 0 0 0 0 0 0 0 0 0 0 0 0 0 0 0 0 0 0 0 0 0 0 0 0 0 0 0 0 0.4 0 9 3.4000000000000004 4.6000000000000005 0 3.4000000000000004 3.8000000000000003 6.6000000000000005 2.6 1.6 4.6000000000000005 4.2 3 1.8 6 2.6 4.6000000000000005 0 3 3 0 0 0 0 0 0 0 0 0 0 0 0 0 0 0 0 0 0 0 0 0 0 0 0 0 0 0 0 0 0 0 0 0 0 0 0 0 0 0 0 0 0 0 0 0 0 0 0 0 0 0 0 0 0 0 0 0 0 0 0 0 0 0 0 0 0.4 0 0 0.4 17.400000000000002 0 1.4000000000000001 0 0 0 0 0 0 0 0 0 0 2 0 0 0 0 0 0 0 0 0 0 0 0 0 0 0 0 0 0 0 0 0.6000000000000001 0 0 0 0 0 0 
 109.60000000000001 8.6 32.2 26.8 11.200000000000001 6.2 26.400000000000002 34.2 13.600000000000001 44.400000000000006 20.8 24.200000000000003 30.200000000000003 39 13.600000000000001 7.4 22.6 7.6000000000000005 19.6 0 0 0.4 0.4 0.2 0 0 0.4 0 0 0 0 0 0 0 0 0.4 0 0.2 0.4 0.2 0.6000000000000001 0 0.6000000000000001 0 0 0.4 0 1 0.4 0 0 0 0 0 0 0 0 0.6000000000000001 0 0 0 0 1 0 0.2 0 0 0 0 0.6000000000000001 0 0 0 0 0.6000000000000001 3.6 0.6000000000000001 0 0 0 7.2 2 1.8 0 4 1.4000000000000001 0.2 2.4000000000000004 3 0 0 0 2.6 2.8000000000000003 3.8000000000000003 8 2 2 6 0 0 0 0 0 0 0 0 0 0 0 0 0 0 0 0 0 0 0 1.4000000000000001 0 0 0 0 0 0 0 0 0 0 0 0 0 0 0 0 0 0 0 0 0 0 0.8 0 0 0 0 0 0 0 0.6000000000000001 0 0 0 0 0 0 0 0 0 0 2.4000000000000004 0.4 0 4.4 2.6 2 4.6000000000000005 3.2 6 0.4 2 5 0 3.6 2.2 0.2 3.6 0 1.4000000000000001 0 1.8 0 0 0 0 0 0 0 0 0 0 0 0 0 0 2 0 0 2 0 3.2 0 0 0 2.2 0 0 0 0 0 0 0 0 0 0 0 0 0 0 0 0 0 0 0 0 0 0 0 0 0 0 0 0 0 0 0 0 0 0 0 0 0 0 0 0 0 0 0 10.8 0 3.8000000000000003 0.8 8 0 0 0 0 0 0 0 0 0 10 0 0 0 0 0 0 0 0 0 0 0 0 0 2.8000000000000003 0 0 0 0 0 0 0 0 0 0 0 0 0 
 0 0.2 0 30 30.8 0 7.6000000000000005 0 15.4 17.8 29.400000000000002 34.6 0 0 0.4 15.200000000000001 0 0 0 0 0 49 85 9.4 4.4 9.200000000000001 81.4 91 64.60000000000001 65.4 21.6 5.6000000000000005 51.6 35.6 21 21.8 10 22 25.200000000000003 39.800000000000004 0 0 0 0 0.6000000000000001 0.6000000000000001 0 0 0 0.4 0 0 0 0 0 0 0.4 0 0 0.6000000000000001 0 0 0 0 0 0.2 0 0.6000000000000001 0 0 0 0 0 0.6000000000000001 0 0 12.600000000000001 0 0.6000000000000001 0 0 0 0 6.4 1.8 2.2 0 0 0 0 0 2.6 0 0 0 0 0 0 0 4.6000000000000005 0 3 2.2 0 0 2.2 2.4000000000000004 5.2 3.2 0 3.8000000000000003 2.2 3 1.8 2.2 1.6 1.2000000000000002 0.2 8.200000000000001 6.4 0 0 0 0 0 0 2 0 0 0 0 0 2.6 3.2 0 0 0 0 1.4000000000000001 0 0 0 0 0 0 0 0 0 0 0 0 0 0.4 0 0 0 0 0 0 0 0 0 0.4 0 3.4000000000000004 0.2 0 0 0 0.2 2.2 0 0 0 0 0 0 8 0 0 9.4 3 4.4 2 0.2 2.2 12 1.8 6.4 0 2 1.6 4 10.4 2.2 0 2.6 0.2 2.6 3.6 0 0.6000000000000001 0 0 0 0 0 0 0 0 0 0 0 0 0 0 0 0 1.4000000000000001 0 0 0 0 0 0 0 0 0 0 0 0 0 0 0 0 0 0 0 0 0 0 2.2 0 0 0 0 4.6000000000000005 0 0 17.400000000000002 0 0 0 0 0.8 0.4 0 0.2 0 0 0.6000000000000001 0 0 0 0 0 0 0 0 0 0 0 0 0 0 2.2 10 0 0 0 0 0 0 0 0 0 0 0 0 0 
 0.4 0.4 0 4.2 0 0.2 0.4 0 0.6000000000000001 0.2 4 0.4 0.2 0 0.8 0.4 0 0.4 0.6000000000000001 0.4 49 0 82.60000000000001 45.6 62.2 20.6 11.8 55.6 56.2 25.400000000000002 19.200000000000003 6 24.6 15.200000000000001 45.2 35.6 2.4000000000000004 54.2 6.800000000000001 25 0 0.2 0.2 12.8 0.6000000000000001 0.6000000000000001 0 0 0 0 0 0 0 0 0 0 0.4 0 0 0.6000000000000001 0 0 0 0 0 0 0 0.6000000000000001 0 0 0 0 0 0 0 0 0.8 0 0.6000000000000001 0 0 0 0 0 0 0.2 3 0 0 0 0 0 0 0 0 0 0 0 0 0 4 8.6 4.2 2.2 2.6 2.6 3.6 3.4000000000000004 3.8000000000000003 0 2.8000000000000003 3.2 0.2 3.8000000000000003 4.2 4.800000000000001 6.800000000000001 1 0 3.4000000000000004 0 0.4 0 0 0 0 2.6 0 0 0 0 0 2.4000000000000004 0 0 0 0 0 5.4 2 0 0 0 0 0 0 0.4 0 0 0.2 0 0 0 0 0 0 0 0 0 0.6000000000000001 0.2 0 0 0 0 0 0 0 0 0 0 0 0 0 0 0 0 0 0 0 0.4 0.2 4.6000000000000005 10 0 4.4 0 4 4 0 14.8 6.2 2 5.4 0.4 0.6000000000000001 7.6000000000000005 1.2000000000000002 1.2000000000000002 19.6 0 0 0 0 0 0 0 0 0 0 0 0 1.4000000000000001 0 0 0 0 0 5.2 0 0 0 0 0 0 0 0 0 0 0 0 0 0 2.6 0 0 0 0 0 0 0 0 0.2 0 0 0 0 0 0 0 0 0 0 0 0.8 0.4 0 0.2 0 0 2.4000000000000004 3.2 0 0 0 0 1.4000000000000001 0 0 0 0 0 0 0 0 0 0.2 0 0 0 0 0 0 0 0 0 0 0 0 0 
 0.8 0.4 0.6000000000000001 0.4 0.6000000000000001 0.6000000000000001 0.4 0.6000000000000001 0.4 0.4 0.4 0.4 0.4 41.400000000000006 0.4 0.6000000000000001 0.6000000000000001 0.4 0.4 0.4 85 82.60000000000001 0 46.800000000000004 23.8 79.60000000000001 96.80000000000001 23.200000000000003 28 24.400000000000002 18 38 27.6 115.2 230.8 45.6 97.4 29.6 63.800000000000004 27.200000000000003 0 0.2 0 12.4 0.6000000000000001 0.6000000000000001 0 0 0 0 0 0 0 0 0 1.2000000000000002 0.4 0 0 0.6000000000000001 0 0 0 0 0 0 0 0.4 0 1 0 0 6.6000000000000005 0 0 0 0.6000000000000001 0 0.4 0 0 0 0 2.4000000000000004 0 0.2 0 2.6 0 0 0 0 0 0 0.4 0 0 0 0 0 0.2 5.2 2.4000000000000004 8.200000000000001 0 1.6 0.2 0 0.2 3.8000000000000003 6 0.8 0 2.4000000000000004 0.4 4.4 2.2 3.8000000000000003 0 7.2 2.4000000000000004 0 0 0 0 0 2.4000000000000004 0 0 0 0 0 0 0 0 0 0 0 6.800000000000001 0 0 0 0.2 0 0 0 0 0 0 0 0 3 0 0 0 0 0 0 0 0 0 0 0 2.8000000000000003 0 0 0 0 0 0 0 0 0 0 0 0 0 0 0 0 2.6 3.2 4.800000000000001 5.800000000000001 13.600000000000001 0.6000000000000001 0 2.8000000000000003 0.2 4 0 2 3.6 2 2.8000000000000003 0 8.6 0.4 2.4000000000000004 0.2 0 0 0 0 0 0 0 0.4 0 0 0 0 0 0.4 0 0 0 0 4.6000000000000005 0 0 0 0 0 0 0 0 0 0 0 0 0 0.2 0 0 2.4000000000000004 0 0 0 0 0 0 0 0 0 0 0 0 0 0 0 0 0 0 0.4 0 0.2 0.6000000000000001 0.2 0.8 7.4 0.2 0 8.4 0 0 0 0 0 0 0 0 0 0 0 0 0 0 0 0 0 0.6000000000000001 0 0 0 0 2.2 0 0 0 
 0.2 0.2 0.4 0 0.6000000000000001 15.200000000000001 0 15.4 0.4 0.2 0 18 0 0 0 0 0 0.4 0 0.2 9.4 45.6 46.800000000000004 0 26.8 6 34.4 85.60000000000001 65.60000000000001 30 78.80000000000001 16.2 18.2 40.2 26 36.6 10.600000000000001 25.400000000000002 60.400000000000006 19.6 0 0 0 11.600000000000001 0.8 42.400000000000006 0 0 0 0.2 0 0 0 0 1.2000000000000002 0 0.4 0 0 0.6000000000000001 0 0 0 0 0.2 0 10.8 3.4000000000000004 0 1.4000000000000001 0 0 0 0 0 0 0.6000000000000001 12.8 0.6000000000000001 0 0 0 0 0 0.2 0 1.8 0 0 0 4 0 0 0 0 0 0 0 0.2 0 7.2 7.6000000000000005 0 5 5.4 3.4000000000000004 7.800000000000001 3.8000000000000003 1 0 0 6.6000000000000005 0 0 2.6 6.6000000000000005 7.6000000000000005 4.4 5.6000000000000005 6 0 0 0 0 0 4 0 0 0 0 0 0 2.4000000000000004 0 0 0 0 0 6.6000000000000005 3.2 0 0 0 0 0 0 0 0 0.8 0 0 0 0 0 0 0 0 0 0 1 0 0 0 0 0 0 0 0 0 0.2 0 0 0 0 0 0 0 0 0 0 11.600000000000001 2.4000000000000004 7.2 3 0 12.600000000000001 0 9.600000000000001 2 0.2 7.2 3.8000000000000003 0.2 0 2 13.8 2.8000000000000003 10 2.2 6.800000000000001 0 0 0 0 0 0 0 0 0 0 0 0 1.6 0 0 0 0 0 0 0 0 0 0 0 0 0 0 0 0 0 0 0 0 0 0 0 0 0 0 0 0 0 2.2 0 0 0 0 0 0 0 0 0 0.4 0 2 0.4 0 15.4 15.600000000000001 0.4 2.6 0.4 0 0 0 0 2.2 0 0 0 0 0 0 0 0 0 0 0 0 0 0 0 0 0 0 0 0 0 0 0 
 0 0 0.2 0 0 0 26.200000000000003 0 0 0 0 0 0 0.4 0.6000000000000001 0.2 0.2 0 0 0 4.4 62.2 23.8 26.8 0 44.6 13 13.600000000000001 17 58.800000000000004 35 106.2 26.200000000000003 24 34.2 25 23.200000000000003 25.6 12 16.400000000000002 0 0.2 0 1.2000000000000002 0.6000000000000001 0.6000000000000001 0 0 0 0 0 0 0 0.2 0 0.2 0.4 13.200000000000001 3 0.6000000000000001 0 0 0 0 0 0 0 0.4 0 0.8 0 0 0 0 0 0 0.6000000000000001 0 0.6000000000000001 0 0.4 0 0 0 0 0 0 0 0 0 0 0 0 0 0 0 0 0 0 0 0 0 0.2 4.800000000000001 4.4 2.6 0 0 2.6 2 4.2 2.2 0 0 0 0 2.4000000000000004 2 0 0 3.6 0 0 0 0 0 0.2 0.2 2.6 0.4 0 2.2 3 6.2 0 0 1.8 0 0 6.800000000000001 0 0 0.4 0 0 0.4 0 0 0 0 0 2.8000000000000003 0 0 0 0 0 0 0 0 0.2 0 0.6000000000000001 0 0 0 0 0 0 0 0 0 0 0 0 0 0 0 0 0 0 0 4.800000000000001 2.8000000000000003 18 2.4000000000000004 0 0 0 5.4 2.8000000000000003 3.8000000000000003 0 0.2 0 2.6 0 3.8000000000000003 0 0 2.2 1.8 0 0 0 0 0.2 0 2 5.6000000000000005 2.4000000000000004 0 6 1.6 0 0 6.2 0 2 2 0 0 0 0 0 0 0 0 0 0 0 0 0 0 0 0 0 0 0 0 0 0 0 0 0 0 0 0 0 0 0 0 0.2 0 2.6 0.6000000000000001 0.4 0.6000000000000001 1.2000000000000002 0.2 0.6000000000000001 0 0 0 0 0 2.4000000000000004 0 0 0 0 0 0 0 0 0 0 0 0 2 0 0.2 0 0 0 3.4000000000000004 0 0.2 0 0 
 0.4 0.6000000000000001 0 0 0 0 0 0 0.4 0.2 0 0 0 0 0 0.4 0 0 0.2 0 9.200000000000001 20.6 79.60000000000001 6 44.6 0 8 7 26.400000000000002 26.400000000000002 41.800000000000004 53.6 51.800000000000004 11.200000000000001 17.2 88.4 65.4 13.8 14.8 11.200000000000001 0 1.8 25.8 0.2 0.6000000000000001 0.6000000000000001 25 0 11 0 0 0 14 0 3.8000000000000003 12.8 0.4 12.8 5.2 0.6000000000000001 0 0 1.2000000000000002 0 0 0 0 0.2 0 0 0 0 0 0 1.2000000000000002 0 0.8 0 0.4 1.2000000000000002 0 0 0 0 0 0 2.4000000000000004 2.4000000000000004 0 0 0 0 0 0 0 0 0 8.8 0 0 0 0 6.6000000000000005 3.2 0 5.4 0 0.2 0 3.2 2.4000000000000004 9 0 0 0 0 0.4 2.8000000000000003 0 0 5 0 2.4000000000000004 0 2.4000000000000004 0 3.4000000000000004 2.4000000000000004 1.8 0 0 6.2 0 0.2 3.4000000000000004 2.8000000000000003 2 0 0.2 1.6 0 0 0 0 0 0 0 0 0 0 0 0.8 7.6000000000000005 0 0.4 0 0 0 0 0 0.4 0 0 4.4 0 0 0 0 0 0 0 0.4 0 0 0 0 0 0 0 0 0 0 3 2.8000000000000003 2.8000000000000003 1.4000000000000001 0 0 0 2.2 8 0 0 0 0 0 2.8000000000000003 2 0 0 0 3 0 2.4000000000000004 0 0 6 8 0.4 0 4.800000000000001 0 0.2 5.800000000000001 0 0 2.8000000000000003 3.6 1.8 2.2 5 0 0 0 0 0 0 0 0 0 0 0 2 0 0.2 2.4000000000000004 0 0 0 0 0 0 0 0 0 0 0 0 0 0 0 0 0 0 4 0.2 1 0.2 0 0 4.4 0.4 0 0 0 1.6 0 0 0 0 0 0 0 0 0 0 0 0 0 0 0 2.6 0 0 0 1.6 0 0 0 0 
 0.6000000000000001 1 0.6000000000000001 18 8.6 23.6 0.4 0.4 0.6000000000000001 0.4 0.8 16.2 0.4 0.4 0.4 0.8 0.4 0.4 0.8 0.4 81.4 11.8 96.80000000000001 34.4 13 8 0 46.2 45.2 48.400000000000006 10.4 73.60000000000001 16.8 56 6.6000000000000005 24.8 5.2 8 27.400000000000002 120.80000000000001 0 0.4 0 0 1 0.6000000000000001 12.8 0 0 1 0 0 0 0 0 0 0.4 0 0 0.6000000000000001 0 0 0 0 0 0 0 0.6000000000000001 0 10 0 0 0 0 0 0 0.8 0 0.6000000000000001 0 0 0 0 2.4000000000000004 3.2 2.8000000000000003 0 0 0 0.4 0 2.4000000000000004 0 0 0 0 0 2.4000000000000004 0 0 5.4 5 3.2 3.2 0 0.2 4 1.8 5.800000000000001 2.4000000000000004 0.2 0 0 0 4.4 4.800000000000001 0 0 8.6 0 1.6 0 0 0 0 0 0 0 0 0 0 0 0 0 0 0 0 0 0 0 0 0 0 0 0 0 0.2 0 1 0 0 0 0 0 0 0 0.2 0 0 0.2 0 0 0 0 0 5.2 0 0 0 0.2 3.8000000000000003 0 4.800000000000001 0 0 3 0 0 0 0 10.600000000000001 3.8000000000000003 0 0 0 0 5.6000000000000005 4 7.800000000000001 0.2 4.2 1.6 1.8 0 7.2 1 1 0 1.6 3.8000000000000003 0 0 0 0 0 0 0 0 0 0 0 0 0 0 0 0 0 0 0 0 0 0 0 0 0 2.8000000000000003 0 0 0 0 0 0 0 0 0 0 0 0 0 0 0 0 2 0 0 0 0 0 0 0 0 0 0 0 0 0 0.4 0.2 0 0.8 0.2 0 0 0 0 0 0 0 0 0 0 0 0 0 0 0 0 0 0 0 0 0 0 0 0 0 0 0 0 0 
 0.2 0 0 0 12.8 0 0 0.2 0 0.6000000000000001 14 0.2 0 0 0 0.2 0 15.200000000000001 0 0 91 55.6 23.200000000000003 85.60000000000001 13.600000000000001 7 46.2 0 13.600000000000001 9.200000000000001 26.8 29 47.800000000000004 43.800000000000004 48 25.8 22.400000000000002 33.6 29.6 48.400000000000006 0 0 0 12.600000000000001 0.6000000000000001 0.6000000000000001 0 0 0.4 0 0 0 0 0 0 0.2 0.4 0 0.2 0.6000000000000001 0 0 0 0 0 0 0 0.6000000000000001 0 1 0 0.8 1.2000000000000002 0 0 0 0.6000000000000001 0 0.6000000000000001 0 0 0 0 0 0 0 0 0 0 0 0 0.2 0 0 0 0 0 0 0.4 0 2.4000000000000004 10.4 0 1.8 0 5.4 0 0.4 8.200000000000001 4.800000000000001 0 2.6 2.6 5.2 5.800000000000001 3.2 1.4000000000000001 6.800000000000001 2 8.6 0 0 0 0 0 0 0 0 0 0 0 0 0 0 1.8 0 0 0 0 0 0 0 0 0 0 0 0 0 0 0 0 0 0 0 0 0 0.4 0 0 0 0.2 0 0 0 0.2 0.2 0 0 0 2.2 0 0 0 0 0 0 0 0 0 0 1.2000000000000002 10.200000000000001 12 0 4.4 2.4000000000000004 3.6 6.2 2 2.6 0.4 0.2 7.4 1.6 2.8000000000000003 0 7.2 2.8000000000000003 0 0 0 0 0 0 0 0 0 0 0 1.8 0 0 0 0 0 0 0 0 0.2 0 0 0 0 0 0 0 0 0.2 0 0 0.8 0 0 0 0 0 0 0 0 3.2 0 0 0 0 0 0 14.8 0 0 0 0 0 0 0 1.6 0 0 15.4 15.200000000000001 0 2.2 0 0 0.4 0 0 0 0 0 0 0 0 0.2 0 0 0.6000000000000001 0 0 0 0 0 0 0 0 0 0 2.4000000000000004 0 0 0 
 0 0 0 0 0 30.400000000000002 0 0 0 0 0 0 0 0.6000000000000001 0 14.600000000000001 6.4 0 0 0 64.60000000000001 56.2 28 65.60000000000001 17 26.400000000000002 45.2 13.600000000000001 0 23.8 29.200000000000003 48 12.8 32.2 53.400000000000006 73.8 12 8.6 20.200000000000003 31.200000000000003 0 0 0 0.4 0.6000000000000001 0.6000000000000001 0 0 0 0.6000000000000001 0 0 0 0 0.8 0 0.4 0 1.2000000000000002 0.8 0 0 0 0 0 0.8 0 0.6000000000000001 0 0 0 0 0 0 0 0 0.6000000000000001 0 0.6000000000000001 0 0 0 0 0 2.2 0 0 0 0 0 0 0 0 0 0 0 0 3.4000000000000004 0 0 6.800000000000001 10.4 2 6 4 4.6000000000000005 2.6 0.2 2.6 5.6000000000000005 5.6000000000000005 0 0 0 0 4.2 4.4 4.800000000000001 2 0 0 0 0 0 0 0 3 0.2 0 3.4000000000000004 0 0 2.8000000000000003 1.4000000000000001 0 0 0 0 5.2 6 0 0 0 0 0 0 0 0 0.2 0 0 0 0 0 0 0 0 6.2 0 0.4 0 0 0.6000000000000001 0 0 0 0 0 0 0 0 0 0 0 0 0 0 0 0 0 2.2 0 5.4 4.800000000000001 2.6 6.4 0 2.4000000000000004 0.6000000000000001 1 9.4 8.8 0.6000000000000001 2.8000000000000003 1.6 7.4 9.600000000000001 13.4 1.4000000000000001 3.6 2 0 0 0 0 0 0 0 2 0 0 0 2 1.6 0 0 0 0 4 2 0 0 0 0 0 0 0 0 0 0 0 0 0 2.6 0 0 0 0 0 0 0 0 2.8000000000000003 0 0 0 0 0 0 0 0 0 0 0 0.8 0 0 0.2 4 0 0.4 0 0 0 0 0 2.6 0 0 0 0 0 0 0 0 0 0 0 0 0 0 0 0 0 0 0 0 0 0 0 
 0.2 0 0 0 0 0 0 0 0 0 0 0 0.4 40.800000000000004 0 0 15 0 0 0 65.4 25.400000000000002 24.400000000000002 30 58.800000000000004 26.400000000000002 48.400000000000006 9.200000000000001 23.8 0 15.8 22 7.6000000000000005 32 99.60000000000001 36.4 28.400000000000002 16.400000000000002 16.6 33.800000000000004 0 12.600000000000001 0 12.4 0.6000000000000001 0.6000000000000001 0 0 0.2 0 0 0 12.600000000000001 11.200000000000001 17 3.2 0.4 0 4 13.600000000000001 0 0 0 0 0 1 0 0.4 0 0 1.8 0 0 0 0 0 1.4000000000000001 0 0.6000000000000001 0 0 0 0 0 0 0 0 0 0 0 0 0 0 0 0 0 0 0 0 0 1.6 0.2 4.4 6 6.2 1.6 1.4000000000000001 2.8000000000000003 0 0.2 5 0 0 0 0.4 7.800000000000001 5.2 0 0 0 0.2 0 0 0 0 0 8.200000000000001 2.2 0 0 0 0 0 1.2000000000000002 0 0 0 2.8000000000000003 7.2 1.8 0 0 0.4 0 0 0 0 0 0 0 0 0 0 0 0 0 0 0 0 0 0.8 0.4 0 0 0 0 0.2 0 0 0.6000000000000001 0.2 0 0 0 0 0 1.8 0 0 0 0 0 9.200000000000001 7.2 2.8000000000000003 3 0 2.8000000000000003 0 0 1 1.8 0 3.8000000000000003 0 0 2.4000000000000004 0.4 0 0 0 0 0 0 0 0 1.8 0 1.6 0 0.4 0 2 0 0 0 0 0 5.4 4.2 0 0 0 0 0 0 0 0 0 0 0 0 0 0 0 0 0 0 0 0 0 0 0 0 0 0 0 0 0 0 0 0 0 0 1.6 0 0.2 15 0 0 2.6 0 0 0 0 0 0 0 0 0 0 0 0 0 0 0 0 0 0 0 0 1.8 0 0 0 0 0 0 0 0 
 0.2 0 0 0 0 0 0 0 0.4 0 0 0 0 0 0 0 0 0 0.4 0 21.6 19.200000000000003 18 78.80000000000001 35 41.800000000000004 10.4 26.8 29.200000000000003 15.8 0 33 37.2 36.2 33.2 65.4 49.800000000000004 11.8 52 20.200000000000003 0 10.600000000000001 12.600000000000001 0.2 0.6000000000000001 0.6000000000000001 0 0 0 5.800000000000001 0 0 25 0 12.600000000000001 12.600000000000001 0.4 0 13.200000000000001 13 0 0 0 0 0 0.2 0 0.6000000000000001 0 0 5.6000000000000005 0 0 0 0 0 0.6000000000000001 0 0.6000000000000001 0 0 0 0 0 0 0 0 0 0 0 0 0 0 0 0 0 0 0 0 0 0 3.2 6.6000000000000005 3.8000000000000003 0 4 0 0 0.2 4.800000000000001 4.800000000000001 1.8 0 2 6 2 1.8 4.2 0 0 1.8 0.4 2.2 0 0 0 5.800000000000001 0 0.2 0 0 0 0 0 0 0 0 0 2.8000000000000003 2 0 0 0 0 0 0 0 0 0 0.4 0 0.6000000000000001 0 0 0 0 0 0 0 0 0 0 0 0 0 0 0 0 0 0 0 0.4 0 0 0 0 0 0 0 0 3.8000000000000003 5.4 5 2.2 2.8000000000000003 0.6000000000000001 0 0 0 7.2 4.4 4.800000000000001 0 1.8 0.2 0.4 0.8 7.6000000000000005 0 0 1.8 3 0 0 0 0 2 0 2.4000000000000004 0 0 0 0 0 0 0 0 3.8000000000000003 6.800000000000001 10.600000000000001 0 0 0 0 0 0 0 0 0 0 0 0 1.8 0 0.2 0 0 0 0 0 0 0 0 0 0 0 0 0 0 0 0 0 0 0 2.2 0.2 0 0 30.400000000000002 0 0 0.2 0 0 0 1.8 0.2 0 0 0 0 0 0 0 0 0 0 0 0 0 0 0.4 0 0 0 0 0 0 0 0 
 0 0 0 0 0 0 0 0.2 0 0 0 0 0 0.4 0 0 0 0 0 0 5.6000000000000005 6 38 16.2 106.2 53.6 73.60000000000001 29 48 22 33 0 5.4 7.4 6.4 8.4 16.6 29.8 6.4 5.800000000000001 0 0 0 1 0.6000000000000001 42.800000000000004 0 0 0 0 0 0 0 0 0 0 0.4 0 12.4 13 0 0 0 0 0 0 0 0.6000000000000001 0 0.2 0 0 0.8 0 0 0 0.6000000000000001 0.2 0.6000000000000001 0 0 0 0 0 0 0 0 0 0 0.4 0 0 0 0 0 0 0 0 0 0.2 0 0.2 2.4000000000000004 4.6000000000000005 6 0 0 0 0.6000000000000001 0.2 2.6 2.6 2 0 0 1.4000000000000001 2.4000000000000004 3 5.4 2.6 6.800000000000001 0 0 0 0 0 5.4 4.2 3.8000000000000003 0 0 0 6.800000000000001 11.600000000000001 0 0 1.8 0 0 2.2 0 0 0.8 0 0 0 0 0 0 0 0 0 0 0 0 0 0 0 0 0 0.2 0 0 0.2 0 0 0 0 0 1.8 0 0 0 0 0 0 0 0 0 0 0.2 0 0 2.4000000000000004 11 4.800000000000001 0 0 0 2 0 1.8 3 2.6 0.2 1.4000000000000001 2.6 2 0 0 0 1.6 0 0 0 0 0 0 7.2 2.2 0 0 7.2 0 0 0 3.6 0 0 0 0 0 0 0.2 0 0 0 0 0 0 0 0 0 0 0 0 0 0 0 0 0 0 0 0 0 0 0 0 0 0 0 0 0 0 2.8000000000000003 0.4 0.4 14.200000000000001 0.8 1 1.8 0 0 0 0 0 0 0 0 0 0 0 0 0 0 0 0 0 0 3 0 0 0 0 0 2 2.6 0 0 1.6 
