 0 22 48.400000000000006 19.8 6.800000000000001 7.6000000000000005 74.8 47.400000000000006 43.400000000000006 25.200000000000003 10.8 6.800000000000001 11.200000000000001 10.200000000000001 38.800000000000004 86.2 45.2 50.2 49.400000000000006 32.800000000000004 0 0 0.4 0 0.4 0 0 0 0 0 0 0.2 0 0 0 21 0 0 0 0 0.4 0 0 0.4 0 0 0 0 0.4 0 0 0.2 0.8 0 0.4 0 1 0 0 0 0.4 0 0.6000000000000001 0.4 0 0.6000000000000001 0 0.6000000000000001 0 0 0 0 0 0 0 0 0 0 0 0 4 0 0 0 0 0 9.200000000000001 6 5 1 0.4 1.2000000000000002 0.4 3.6 7.4 5 6 3.8000000000000003 2.4000000000000004 0 0 0 0 0.2 0 0 0 0 0 0 0 0.4 0 0 0 0 0 0 2 0 0 0 0 0 0 0 0 0 0 0 0 0 0 0 0 0 0 0 0 0 0 0 0 0 0 0 0 0 0 0 0 0 0 0 0 0 0 0 2 0 2 0 3.8000000000000003 2.6 7 0 0 3.2 9.200000000000001 7 0 1.6 0 5 4.2 2 4.800000000000001 0.4 2.2 0.2 0 0 0 0 0 0.2 0 0 0 0 3.2 0 0 0.2 1.6 0 0 0 0 0 0 0 0 0 0.4 0 0 0 0 0.2 0 0 0 0 0 0 0 0 0 0 0 0 0 0 0 0 0 0 0 0 0.2 0 0 0 0 0 0 0 2.4000000000000004 0 0 0 0 0 0 0.4 0.4 0.4 0 0.2 0 2 0 0 0 0 0 0 0 0 0 0 0 0 0 0 0 0 0 0 0 0 0 0.2 0 0 0 0 0 0 0 0 0 0 0 0 0 0 0 0 
 22 0 69.2 29.200000000000003 52 6 32.6 13 51 26.6 8 10.4 11.200000000000001 70 75 14.4 20.200000000000003 17.2 60.2 33.2 0 0 0.8 0 0.4 0 0 0 0 0.2 0 0.2 0 0 0 0.2 0 0.4 15.200000000000001 0 0.4 0 0 0.4 0 0 0 15 0 0 10.8 0 0.4 0 12.8 0 0 0 0 0 0.4 1 0.6000000000000001 0.4 0 0.6000000000000001 0 0.6000000000000001 0 0 0 0 0 0 0 0 0.2 0 0 0 1.6 5.4 3.8000000000000003 0 0 0 2.6 1.6 2 9.8 2.6 6.4 0 0 0 10.200000000000001 0.8 2.6 0.8 2.8000000000000003 1.8 0 0 0 0 0 3.4000000000000004 0 0 0 0 0 0 0 0.2 0 0 1.6 0 3.8000000000000003 0 0 0 0 0 0 0 0 0 0 0 0 0 0 0 0 0 0 0 0 0 0 2.6 0 0 0 0 0 0 0 0 0 0 0 0 0 0 0 0 0 9.200000000000001 3 5 3 0 0 0.4 0 0 0 0 0 3.4000000000000004 0 4.4 0 4.4 3.2 0.2 0 0 0 0 0 0 0 0 0 0 0 0 0 0 0 0 0 0 0 2.2 0 0 0 0 0 0 0 1.4000000000000001 0 0 0 0 0 0 0 0 0 0 0 0 0 0 0 0.4 0 0 0 0 0 0 0 0 0 0 0 0 0 0 0 0 0 0 0 0 0 0 0.2 0.2 0 0.2 0 2.6 2.6 0 0 0 0 0 0 0 0 0 0 0 0 0 0 0 0 0 0 0 0 0 0 0 0 1.6 0 0 0 0 0 0 0 0 0 0 0 0 0 
 48.400000000000006 69.2 0 37.6 8.200000000000001 6 9.600000000000001 14.8 46.400000000000006 22.200000000000003 29.200000000000003 9.4 72.4 12.600000000000001 67.60000000000001 64.60000000000001 42.400000000000006 25.8 114.60000000000001 11.4 41.2 0 0.4 13.4 0.4 0 0 0 0 0 0 1 15 0 0 0 0 0 30.200000000000003 0 1.6 0 0 0.4 0 0 0 14.8 0 0 0.6000000000000001 0 0.6000000000000001 2.8000000000000003 0.6000000000000001 0 0 0 0 0 0.8 0 0.8 0.4 0 0.6000000000000001 0 0.6000000000000001 0 0 0 0 0 0 0 0 0 0 0 0 3.8000000000000003 4.6000000000000005 6.6000000000000005 2 5.6000000000000005 2.6 2.2 0 5.6000000000000005 8.200000000000001 4.6000000000000005 8 0 0 9.8 6 4.800000000000001 2 0 0 2.4000000000000004 0 0 0 0 0 0 0 0 0 0 0 0 2.6 3.4000000000000004 0 0 0 2 7 0 0 0 0 0 1.4000000000000001 0 0 0 0 0 0 0 0 0 0 0 0 0 0 0 0 0 0 0 0 0 0 0 0 0 0 0 0 0 0 0 0 0 0 1.4000000000000001 1.2000000000000002 2.6 3.6 2.6 3.4000000000000004 0.8 2 0.2 1.6 0 3.2 4.800000000000001 0 8.200000000000001 3.6 1 7.4 1.8 0 0 0 0 0 0 0 2.8000000000000003 0 0 0 0 0 0 2.2 5 4 0 0 2.4000000000000004 2.8000000000000003 0 0 0 0 0 0 0 0 0 0 0 0 0 0 0 0 0 0 0 0 0 0 0 0 0 4.800000000000001 0 0 0 0 2 0 0 0 0 0 0 0 0 0 0 0 0 0 0 0.2 0 0.2 0 0.4 2.4000000000000004 1.6 0 0 0 0 0 0 0 0 0 0 2 0 0 0 0 0 0 0 0 0 0 0 0 4.800000000000001 2.4000000000000004 0 0 0 0 0 0 0 0 0 0 0 0 0 
 19.8 29.200000000000003 37.6 0 21.6 7.800000000000001 15.8 50.2 34.800000000000004 34.4 62.800000000000004 27.400000000000002 54.800000000000004 15.4 14.200000000000001 31.6 15 27.200000000000003 13.600000000000001 56.6 15.600000000000001 14.600000000000001 0.4 0 1 0 30.200000000000003 0 0 0.8 0 0.4 5.2 0.6000000000000001 0.6000000000000001 0 0.6000000000000001 0.2 0 0.4 0.4 0.6000000000000001 0.6000000000000001 0.8 0 0 0 0 0.4 0 0 0 0.6000000000000001 0 1.2000000000000002 2.2 0.4 0 0 0 1 0.2 1.6 0.4 0 0.8 0 0.6000000000000001 0 0 0 0 0 0 0 0 0.4 0 0.8 0 2.8000000000000003 0 0 4.800000000000001 1.6 4 0 0.2 2 0 1.4000000000000001 2.2 0 3.2 2.8000000000000003 0 5.800000000000001 13.600000000000001 0 0 4 1.8 0 0 0 0 0 0 2.8000000000000003 0 0 0 0 2.2 0 2.8000000000000003 0 0 5 0 4 0 0 0 0 0 0 0 0 0 0 0 0 0 0 0 0 0 0 0 0 0 0 0 0 0 0 0 0 0 1.2000000000000002 0 0 0 0 0 0 0 0 0.2 1.2000000000000002 0 0 0.6000000000000001 6 2.4000000000000004 2.2 0 4.800000000000001 0.2 1.6 0.4 0 2 0 0 2.8000000000000003 1.2000000000000002 0 0 2.2 0 0 0 0 0 0 0 0 0 0 0 5.6000000000000005 0 1.6 1.8 0 0.6000000000000001 2 2 0 0 0 0 0 0 0 0 0 0 0 2.6 0 0 0 0 0 0 0 0 0 0 0.2 0 0 0 0 0 0 0 0 0 0 0 0 0 0 0 0 0 0 0 0 0 0 0.4 17.8 0 10.4 0.4 0.4 2.4000000000000004 0 0 0.4 0 0 0 0 0 0 0 0.6000000000000001 0 0 0 0 0 0 0 0 2.2 0 0 0 0 0 0 0 0 0 0 0 0 0 0 0 0 0 0 
 6.800000000000001 52 8.200000000000001 21.6 0 15 7.4 28.400000000000002 32.2 16.2 32 15.600000000000001 15.8 14.4 15 36.6 13 68.8 13 17 15.4 0.4 1.2000000000000002 0.4 0.4 0.4 29.6 0.4 0.4 0 0.6000000000000001 0.6000000000000001 49 29.6 0.2 0 0 0 21.6 15 0.4 0 0 0.4 0 0.6000000000000001 0 0.2 0.2 0 0 0 5.2 0 0.6000000000000001 0.2 0 0.4 0 0.4 0.4 0 0.6000000000000001 0.4 0.2 1 0.2 1.2000000000000002 0 0 0 0 0 0 0.2 0.6000000000000001 0 0.4 0 0 0 0 0 2.2 2.6 3 0 0 0 3.4000000000000004 10 1 0 5.4 0 0 0 2.8000000000000003 0 0 1.2000000000000002 0 1.8 0 0 0 0.2 2.6 4.4 0 0 0 7.2 0 3 0 3.2 0 1.6 2.8000000000000003 0 0 0 0 0 0 0 0 0 0 0 0 0 2.6 0 0 0 0 0 0 0 0 0 0 0 0.8 0 0 0 0 0 0 0 0 0 0 0 0 0 0 0 1.4000000000000001 0 4.4 0 0 0.2 0 0 2.8000000000000003 7.2 5 0 0 0.6000000000000001 4 0 0 0 0 2 2 2 0 0 0 3.4000000000000004 0 8 3 0 0 3.8000000000000003 4.800000000000001 2 4 0 0 5.4 2 0 0 0 0 0 0 0 0 0 0 2.8000000000000003 0 4.2 0 0 0 0 0 0 0 0 0 0 2.8000000000000003 0 0 0 0 1.4000000000000001 0 3.8000000000000003 0 0 0 0 0 0 0 0 0 0 0 0 0 0 0 0.8 0 1.4000000000000001 0.2 0 0.2 1.8 2.8000000000000003 0 0 0 0 0 0.2 0 0 0 0 0 0 0 0 0 0 0 0 0 0 0 0 2 6 0 0 0 0 0 0 0 0 0 0 0 0 
 7.6000000000000005 6 6 7.800000000000001 15 0 7.6000000000000005 23.400000000000002 27.200000000000003 18.2 54 44.800000000000004 9.4 12.200000000000001 53.6 34.800000000000004 17 34.2 17 12 3.4000000000000004 16.8 0.6000000000000001 15 0.4 0 38.2 27.6 45.400000000000006 0 0 16.2 15.200000000000001 0 0.8 0.6000000000000001 0.6000000000000001 8.6 19.6 12.200000000000001 0.4 0 0 1 0 0 1 0.4 0 0 0 0 0.2 0.6000000000000001 0.6000000000000001 0.4 0 0 0 0 0.4 0 0.8 0.4 12.8 0.6000000000000001 0 0.6000000000000001 0 0 0 0 0.2 0 0 0 0.8 0 0.6000000000000001 0 0 1.2000000000000002 0 1.8 0 6.4 0.2 0 0 0 1.4000000000000001 0 0 0 0 0 0 2.8000000000000003 0 0 4.4 9.4 0.4 0 4.800000000000001 0 9 5.4 0.2 3.4000000000000004 2 3.6 0 0.2 3.4000000000000004 0 0 0 0 2.4000000000000004 0 0 0 0 0 0 0.4 0 0 0 0 0 0 0 0 0 0 0 0.4 0 0 0 0 0 0 0 0 0 0 0 0.2 0 0 0 0.2 0.2 0 0 0 0 0 0.4 0 0 2 0 2.4000000000000004 0 1.8 1.6 3.2 0 0 0 0.6000000000000001 1 4.4 0 0 0 0 0 4.4 1.8 0 0 4.6000000000000005 6.2 3.6 3.6 0 3.4000000000000004 1.6 0 2.2 1.2000000000000002 2.2 3 3.2 12.8 0 0 0 0 0 0 0 0 0 0 0 0 0 0 0 0 0 0 0 0 0 0 0 2 0 0 0 0 0 0 0 0 0 0 0 0 0 0 0 0 0 0 0 0 0 1 17 0 0.6000000000000001 1 0.2 2.2 0.2 0 0 0 0 15.200000000000001 0 0 0 0 0 0 0 0 0 0 0 0 0 0 0 0 0 0 0 0 0 0 0 0 0 0 0 0 2.6 0 0 0 
 74.8 32.6 9.600000000000001 15.8 7.4 7.6000000000000005 0 11.600000000000001 10 7.2 42.6 43.2 31.8 74.4 25 4.6000000000000005 24.8 10.4 67.4 20 0.2 0.4 0.4 0.2 0.4 0.4 0 0 0 0.6000000000000001 0 0.4 0 0 0 0 0 0 0.2 0 1 0 0 0.4 0 0 0.4 0.8 0 0 0 0 0 0 0.4 0 0 0 0 0 0.4 1.2000000000000002 1 0.4 0 0.6000000000000001 0 0.6000000000000001 0.2 0 0.4 0 0.2 0 0 0 0.2 0.2 0 0 10.200000000000001 0.4 2.8000000000000003 3.4000000000000004 0 0.4 0.2 0 0 2.2 0 0 0 2.2 2.2 8 4 6.800000000000001 4.6000000000000005 10 0 0 0 0 0.4 0.2 0.4 0 0 0 0 0 0 0 0 0 0 0 0 0 0 0 0 0 0 0 0 0 0 0 0 0 0 0 0 0 0 0 0 0 0 0 0 0 0 0 0.4 0 0 0 0 0 0 0 0 0 0 0.4 0 0 4.2 2.6 5.6000000000000005 0 0 0 1.8 5.2 0 5.800000000000001 0 0 0 2.2 3 0 0.2 0 0 7.800000000000001 0 0 0 0 0 0 0 0 0 0 0 0 3.8000000000000003 0 0.4 0 0 0 0.2 0 0 0 0.2 0 0 0 0 0 0 0 0 0 0 0 0 0 0 0 0 0 0.2 0 0 0 0 0.4 0 0 0 0 0 0 0 0 0 0.4 0 0 0 0 0 0 3.4000000000000004 0 0 0 0 0.4 0 0.6000000000000001 0 2.8000000000000003 0 0 0 0 0 0 0 0 0.2 0 0 0 0 0 0 0 0 0 0 0 0 0 0 0 0.2 0 0 0 0 0 0 0 0 0 0 0 0 0 
 47.400000000000006 13 14.8 50.2 28.400000000000002 23.400000000000002 11.600000000000001 0 45.400000000000006 28.8 8.200000000000001 42.800000000000004 45.2 18.2 28.8 37.4 41.2 58 12.4 28.8 0 0 0.6000000000000001 0.8 0.4 0 0 0.4 0 0.4 0 0.2 0 0 0 0 0 0.6000000000000001 0.4 0 0.4 0 0 0.4 0 0.4 0 0 0 0 0 5.6000000000000005 0.4 0 0.6000000000000001 0 0 0 0 1 0.4 1 0.6000000000000001 0.4 0 0.6000000000000001 0 0.6000000000000001 0.8 0 0 0 0 0 0 0 0 0 0 0 1.8 2.8000000000000003 2.4000000000000004 3.2 0 1.4000000000000001 0.2 4.6000000000000005 9.200000000000001 0.6000000000000001 9 11.200000000000001 2.8000000000000003 7 2.8000000000000003 8.8 2.6 4 0 0 0 0 0 0 0 0 0 0 0 0 0 0 0 0.2 2.4000000000000004 0 0 0 0 0 0 0 0 0 0 0 0 0 0 0 0 0 0 0 0 0.2 0 0 0 0 0 0 0 0 0 0.8 3.2 0 0 0 0 0 0 0 0 0 0 0 1.4000000000000001 0 0.4 7.6000000000000005 0 1.8 5.6000000000000005 2.6 7.800000000000001 2 5.6000000000000005 3.4000000000000004 5.6000000000000005 7.2 0 6.2 0 4.4 0.4 5.2 2.8000000000000003 0 2.8000000000000003 0 0 0 0 0 0 0 0 0 0 0 0 10.8 4.2 0 0 0 0 2.2 0 0 0 0 0 0 0 0 0 0 0.2 0 0 0 0 0 0 0 0 0 0 0 0 0 0 0 0 0 0 0 0 0 0 0 0 0 0.4 0 0 0 0 3.4000000000000004 0 0 0 0.4 0.4 0 0 0.2 0 0.8 0 0 0 0 0 0 0 0 0 0 0 0 0 0 0 0 0 1.4000000000000001 0 0 0 0 0 1 1.8 0.2 0 0 0 0 0 0 0 0 0 0 0 0 
 43.400000000000006 51 46.400000000000006 34.800000000000004 32.2 27.200000000000003 10 45.400000000000006 0 61.800000000000004 18.400000000000002 24.6 23 22.6 31 57.800000000000004 68.60000000000001 48.400000000000006 36.2 23.6 15 0 0.6000000000000001 12 0.4 0.4 0 0 0 0 0 0.2 30 14.8 0 0 1.2000000000000002 0.2 15 0 0.4 0 0 0.4 0 0 7.800000000000001 10.200000000000001 0 0 0 0.4 0.2 0 0.6000000000000001 0 0 0 0 0 0.4 0 0.6000000000000001 0.4 0 0.6000000000000001 0 0.6000000000000001 0 0 0 0 0 0 0 0 0 0 0 1.2000000000000002 3.8000000000000003 5.2 0 5.4 3.4000000000000004 6 1.2000000000000002 2.2 5.4 2.6 6 15.200000000000001 2 0 2.2 9 3.6 4 0 0 0 0 0 0 0 0 0.2 0.2 0 0 0 0 0 0 9 0 0 0 0.2 10 0 0 0 0 0 0 0 0 0 0 0 0 0 0 0 0 0 0 0 0 0 0 0 0 0.4 1.4000000000000001 0 0 0 0 0 0 0 0 0 0 0 0 0 0 0 4 2.2 2 0 5.6000000000000005 14.600000000000001 4.6000000000000005 0 0 9.200000000000001 8.8 3.4000000000000004 0.2 0.2 12.600000000000001 0.2 3.2 2.8000000000000003 7.6000000000000005 3.2 0.8 0 0 0 0 1 0.4 0 0 3.6 0 0 2.6 3.6 4 0 0 0 0.4 0.2 0 0 0 0 0 0 0 0 0 0 0 0 0 0 0 0 0 0 0 0 0 0.4 0 0 0 0 0 0 0 0 0 4 0 0 0 0 0 0 0 0 1.4000000000000001 0 0 0 0 0.2 0.2 0 0.4 1.8 3.4000000000000004 0 0 0 0 0 0.4 0 0 0 0 0 0 0 0 0 0 0 0 0 0 0 2.6 0 4.2 0 0.6000000000000001 0 0 0 0 0 0 0 0 0 0 0 0 
 25.200000000000003 26.6 22.200000000000003 34.4 16.2 18.2 7.2 28.8 61.800000000000004 0 54 31 38 14.600000000000001 80.2 100 38.2 49.2 14.4 21.200000000000003 0 0 0.4 0 0.4 0.2 0 0 0 0.4 0 0.8 0 0 0.4 0 0 0 0 0 0.4 0 0 13.600000000000001 0 0 0 0 0 0 0.4 0 0 1.8 0.4 0.2 0 0 0 0 0.6000000000000001 0.4 0.6000000000000001 0.4 0 0.6000000000000001 0 0.6000000000000001 0 0 0 9.4 0 0 0 9.8 0 0 0 0 4 1.8 9 0 3.2 4.6000000000000005 17.6 5.6000000000000005 3.4000000000000004 0 4.4 4 0 12.8 2.6 0 11.4 2 0.2 0 0.2 0 0 0.2 0 0 0 0 0 0 0 0.4 0 0.8 0 0 0 0 3.4000000000000004 0 0 0.2 0 0 0 0 0 0 0 3.8000000000000003 0 0 0 0 0 0 0 0 0 0 0 0 0 0 0 0 0 0 0 0 0 0 0 0 0 8.8 0 0 0 0 1.6 2.8000000000000003 0.2 1.8 1.6 0 2.2 0 0.8 8.8 1 9.8 0 0 2.6 1 3.6 4.2 2.2 0 0 0 0 0 0 0 0 0 0 0 0 0 0 2 0 1.6 0 0 0 6.6000000000000005 0 0 0 0 0.4 4 0 2.4000000000000004 0 0 0 0 0 0 0 0 0 0 0 0 0 0 0 0 0 0 0.4 0 0 0 0 0 0 0 0 0 0 0 0 0 0 0 0 0 0 0 0.8 0.4 0 9.4 0 0.6000000000000001 0 0 0 0 0 0 0 0 0 0 9.600000000000001 0 0 0 0 0 0 0 0 0 0 0 0 0 2.6 0 0 0 0 0 0 0 0 0 0 0 0 0 
 10.8 8 29.200000000000003 62.800000000000004 32 54 42.6 8.200000000000001 18.400000000000002 54 0 31.8 136.20000000000002 28 95.4 37.2 63.6 49.6 47.800000000000004 33.800000000000004 0 0.2 0.4 0 0.4 0 0 0 0 0 0 0.2 15.4 0 0 0 0.4 0.4 15.600000000000001 0 0.4 0 0 0.4 0 0 0 0 0 0 0 0.2 0 0.6000000000000001 0.6000000000000001 0 0 0 0 0 0.4 1 0.6000000000000001 0.4 0 0.6000000000000001 0 0.6000000000000001 0 0 0 0 0 0 0 0 0 0 0 0 0 1.4000000000000001 9.8 11.4 4.2 4.4 3.2 1 0.2 6 1.8 2.8000000000000003 0.2 1.6 1.8 0 1.6 3.8000000000000003 0 3.4000000000000004 6 0 0 0 0 0 0 0 3 0 0.2 0 4.6000000000000005 2 0 0 0 0 1.4000000000000001 0 0 0 3.4000000000000004 0 0 0 0.2 0 0 0 0 0 0 0 0 0 0 0 0.2 0 0 0 2.8000000000000003 0 0 0.6000000000000001 0 0 0 0.2 0 0 0 0 0.4 0.4 0 0 0 0 1 4.6000000000000005 5.2 5.800000000000001 5.4 3 6 0 0.2 3.6 4.800000000000001 2.6 1.4000000000000001 0 0 3.2 2.8000000000000003 0 0 0 4.800000000000001 0 0 0 0 0 0 0 0 0 0 0 7.6000000000000005 0 0 0 0 0 3 5 0 0 0 0 0 0 3.2 0 0 0 0 2.6 0 0 0 0 0 0 0 0 0 0 0 0 0 0 0 0 0 0 0 0 0 0 0 0 0 0 0 0 0 0.6000000000000001 0 0 0 0.4 0.6000000000000001 0 17.2 35.6 0 1.6 0 0 0 0 0 0 0 0 0 0 0 0 0 0 0 0 0 0 0 0 0 0 0 0 2.6 1.2000000000000002 0 0 0 0 0 0 0 0 0 0 0 0 
 6.800000000000001 10.4 9.4 27.400000000000002 15.600000000000001 44.800000000000004 43.2 42.800000000000004 24.6 31 31.8 0 12.4 10.8 13.600000000000001 70.4 64.60000000000001 43.6 10.8 9.200000000000001 0.2 0 0.4 0 0.4 0 0.4 0 0 0 0.4 0.4 16 0 0 0 0.4 0 29.8 0 0.4 0 0 0.4 0 0 0 0 12.200000000000001 0 0 0 0 0 0.4 4.4 0 0 0 0 0.6000000000000001 0 0.4 0.4 0 0.6000000000000001 0 1 0 0 0 0 0 0 0 0 0 0 0 0 0 2 12 10 0.2 1.8 0 3.6 0 4 2.2 4 0 0.2 0 0 0 4 0 0 6.4 2 0 0 0 0.4 0 2.4000000000000004 4.2 0.4 0 0 0 0.2 0 0 3.2 0 0.2 2.8000000000000003 0 0 0 0 0 0 0 0 0 0 0 0 0 0 0 0 0 0 0 0 0 0 0 0 0 0 0 0 0 0 2.8000000000000003 0 0 0 0 0 0 2.2 0 0 4.800000000000001 2.6 0.4 0.2 2 0 3 0.4 3.6 0.2 2.8000000000000003 2.8000000000000003 5.4 0 0.2 0.4 4.4 2 0 0 0 0 0 0 0 0 3.4000000000000004 0 0.2 0 0 0 10 0 0.2 8.4 0 0 5.2 2.8000000000000003 0 0 0.4 0 0 0 0 0 0 0 0 0 0 0 0 0 0 0 0 0 0 0 0 0 0 0 0 0 0 0 0 0 0 0 0 0.2 0 0 0 0 0 0 2.2 0 0 0 17 0 1.4000000000000001 18.400000000000002 0 3.2 1.8 0 0 0 0 0 0 0 0 0 4.4 0 0 0 0.4 0 0 0 0 0 0 0 0 0 2.6 0 0 0 0 0 0 0 0 0.4 0 0 0 0 
 11.200000000000001 11.200000000000001 72.4 54.800000000000004 15.8 9.4 31.8 45.2 23 38 136.20000000000002 12.4 0 104.4 23.8 56 47 8.4 36.6 51.400000000000006 0.4 0.2 0 0 0 0 0.2 0.4 0 0 0 0.2 0 0 0 0 0 12.8 0 0 0 0 0 0 0 0 0 0 0 0 0 2.8000000000000003 0 0 0 0 0 0 0 0 0 1.4000000000000001 0 0 0.4 0 0 0 0 0 0 0 0 0 0 0 0 0 0 0 0 3.6 4.800000000000001 0 0 0 4.4 0 3.2 5 1.8 2 10.200000000000001 0 0 6.4 1.4000000000000001 0 2 5.6000000000000005 0 0 0 0 0 0 0 0 0 0 0.2 0 0 0 0 0 0 0 0 0 0 0 0 0 0 0 0 0 0 0 0 0 0 0 0 0 0 0 0 0 0 0 0 0 0 0 0 0 0 2.8000000000000003 0 0 0 0 0 0 0 0 0 0 6 4.6000000000000005 4.6000000000000005 0 1.8 1.8 4.6000000000000005 0 3.2 0.2 0 0.8 0 1.8 0 0 0 8.8 5.4 0 0 0 0 0 0 0 0 0 0 3.6 0 0 0 0 0 0 0 0 0 0 0 0 0 0 4.2 0 0 0 0 0 0 0 0 0 0 0 0 0 0 0 0 0 0 0 0 0 0 0 0 0 0 0 0 0 0 0 0 0 0 0 0 3.2 0 0 0.2 0 18.2 0 0 0 0 4.2 0 0.4 0 0 0 0 0 0 0 0.4 0 0 0 0 0 0 0 0 0 0 0 0 0 0 0 0 0 0 0 0 0 0 0 0 0 0 0 0 
 10.200000000000001 70 12.600000000000001 15.4 14.4 12.200000000000001 74.4 18.2 22.6 14.600000000000001 28 10.8 104.4 0 23 10.600000000000001 8 7.6000000000000005 147.4 93 0 0 0.4 0 0.4 0 0.4 40.800000000000004 0 0 14.8 0.2 40.800000000000004 0 0 0 0.2 0.8 0 0 0.4 0 0 0.4 0.6000000000000001 0 0 2.2 0 0 0 0 0 0 0.4 0 0 0 0 0 0.4 1.8 0.6000000000000001 0.4 0 0.6000000000000001 0 0.6000000000000001 0 0 0.6000000000000001 0 1.6 0 0 0 0 0 0 0 3.4000000000000004 4 6.800000000000001 0.2 0 0 0.2 0 0 4.2 0 2.6 4.800000000000001 1.6 0 3.2 0 1.4000000000000001 5.2 17.8 0 0 0 0 0 0 0 0 0.4 0 0 0 0 0 1.4000000000000001 0 0 0 0 0 0 0 0 0.4 0 0 0 0 0 0 0 0 0 0 0 0 0 0 0 0 0 0 0 0 0 0 1.2000000000000002 0 0 8.4 0 0 0 0 0 0 0 0 0 0.2 3.2 2.2 4.6000000000000005 0.4 1.4000000000000001 0 1.4000000000000001 8 0 6.6000000000000005 0 0.8 0 3.6 2.6 0 0.2 0 0 5.800000000000001 0 0 0 0 0 0 0 0 0 0 0 0 0 0 0 0 0 0 0 0 0 0 0 0 0 2.2 0 0 0 0 0 0 0 0 0 0 0 0 0 0.2 0 0 0 0.4 0 0 0 0 0 0 0 0.2 0 0 0 0 0 0.4 0 0 0 0 0 0 1.6 0.2 0.4 0 0 0.2 0 1.4000000000000001 8.6 0 0 0 0 0 0 0 0 0 0 0 0 0 0 0 0 0 0 0 0 0 0 0 0 0 0 0 0 0 0 0 0 0 0 0 0 0 
 38.800000000000004 75 67.60000000000001 14.200000000000001 15 53.6 25 28.8 31 80.2 95.4 13.600000000000001 23.8 23 0 21 17 6.4 18.400000000000002 48.400000000000006 0 0 0.4 0.2 0.4 0.2 0.4 0 0 0 0 0.2 0 0 0 0.2 0 0 0 0.2 0.4 0 0 0.4 0 0 0 0 0 0 0 0 0 1 0.4 0 0 0 0 12.8 0.6000000000000001 1 0.4 0.4 0 0.6000000000000001 0 0.6000000000000001 0 0 0 0 0 0 0 0 0 0 0 0 0 2 4.800000000000001 3 0.6000000000000001 4.2 3 4.6000000000000005 1.2000000000000002 4.4 0 0 0 13.4 7 2.8000000000000003 8.200000000000001 1.4000000000000001 3.8000000000000003 2 0 0 0 0 0 0 0 0 0 0 0 0 0 1.8 0 0 0 0 1.8 0 0 0 3.6 0 0 0 0 0 0 0 0 0 0 0 0 0 0 0 0 0 0 0 0 0 0 0 0 0 0 0 0 0 0 0 0 0 0 0 0 0 1.6 2.2 8.6 9.4 2.2 0 1.4000000000000001 0 0 7.2 0 2.4000000000000004 0 0 9.8 0 5.800000000000001 0.2 0 0 0 0 0 0 0 0 0.2 0 0 0 0 0 0 0 0 0 0 0 0 3.4000000000000004 0 0 0 0 0 0 0 0 0 0 0 0 0 0 0 0 0 0 0 0 0 0 0 0 0 0 0.2 0 0 0 0 0 0 0 0 0 0 0 0 0 0 0 0 0 0 0.2 1.6 0 0.2 0.4 0.6000000000000001 0.4 0 0 0 0 0 0 0 0 0 0 0 0 0 0 0 0 0 0 0 0 0 0 0 0 0 0 0 0 0 0 0 0 0 0 0 0 0 0 
 86.2 14.4 64.60000000000001 31.6 36.6 34.800000000000004 4.6000000000000005 37.4 57.800000000000004 100 37.2 70.4 56 10.600000000000001 21 0 37.4 30.200000000000003 10 32.4 0 0 0.4 0 0.4 0 0 0 0 0.6000000000000001 0 0.2 0 0 0 0 0.6000000000000001 0 0 0 1 0 0 0.4 0 0 0.4 0 0 0 0 0 0 0 0.4 0 0.8 0 0 0 0.4 0 1 0.4 0 0.6000000000000001 0 0.6000000000000001 0 0 0 0 0 0 0 0 0 0 0 0 0 0 5.4 3 0.8 5.2 5.4 5 3.2 3.6 0 5.2 0 4 5.6000000000000005 0 3.8000000000000003 0 4 0 1.8 0 0 0 3 0 0 0 0 0 0 0 3.6 2.2 0 0 0 0 2 0.4 0 0 0 0.4 0 0 0.4 0 0 0 0 0 0 0 0 0 0 0 0.4 0 0 0 0 0 0 0 0 0 0 0.2 0 0 0 0 0 2.4000000000000004 0 0 0 0 2.2 0 0.2 9 6 1.8 0 0.2 0.2 0.6000000000000001 4.6000000000000005 3.8000000000000003 0 2.2 2.2 2.8000000000000003 9.200000000000001 0.4 0.6000000000000001 0 0.4 0 0 2.6 0 0 0 0 0 0 0 0 0 0 0 2 0 0 0 3.4000000000000004 0 0 0 0 0 0 0 0 0 0 0 0 0 0 0 0 0 0 0 0 0 0 0 1.4000000000000001 0 0 0 0 0 0 0 0 0 0 0 0 0 0 0 0 0 0 0 0 0 0.2 0.6000000000000001 0 0.2 18.6 0 3.4000000000000004 0 0 0 0 0 0 0 0 0 0 3.4000000000000004 0 0 0 0 0 0 0 0 0 0 0 0 0 0 0 0 0 0 0 0 0 0 0 0 0 0 0 
 45.2 20.200000000000003 42.400000000000006 15 13 17 24.8 41.2 68.60000000000001 38.2 63.6 64.60000000000001 47 8 17 37.4 0 14.8 13.8 14.4 0 0 0.4 0 0.4 0 16 0 0 0 0.2 0.2 0.2 0.4 0.6000000000000001 0.4 1.2000000000000002 0.6000000000000001 14.600000000000001 0 0.4 0 0 13 0.6000000000000001 0.6000000000000001 0 12.4 2.4000000000000004 0.6000000000000001 0.6000000000000001 0 0.2 1.4000000000000001 0.6000000000000001 0.4 0 1 0.6000000000000001 0 0.4 0 1.4000000000000001 0.4 0 0.6000000000000001 0 0.8 0 0 0 1 0 0 0 0 0 0.4 0 0.4 0.2 4.800000000000001 5.800000000000001 2.8000000000000003 4.800000000000001 5 0 0 2.2 2 6.4 6.6000000000000005 0 2.2 8 2 10.8 2.8000000000000003 0 0 2 0 0 0.4 0 0 0 0.2 0 0 0 0.2 0 2.4000000000000004 0 0 0 0 3.6 3.2 0 0.2 3.4000000000000004 0 0 0 0 0 0 0 0 0.2 0 0 0 0 0 0 0 0 0 0 2 2.6 0 1.4000000000000001 0 0 0 0 0 0 0 0 0 0 0 0 0 0 0.4 1.6 4.6000000000000005 1.4000000000000001 4.2 0 0.6000000000000001 0 3.2 11.200000000000001 3.4000000000000004 0.4 1.6 2 2.2 2.4000000000000004 2.4000000000000004 0.6000000000000001 0 0 5.800000000000001 0 0 0 0 0 0 0 0 0 0 0 1.6 0 0 0 0 0.4 2 14.200000000000001 0 0 0 0 0.2 0 0 0 0 0.4 0 0 0 0 3.4000000000000004 0 0 0 0 0 0 0 0 0 0 0 0 0 0 0 0.4 0 0 0 0 0 0 0 0 0 0 0 0 0 0 0.6000000000000001 0.4 0 0.2 0.2 0.2 1.8 0 0.4 0 0 0 0 0 0 0 0 0 0 0 0 0 0 0 0 0 0 0 0.4 0 0 2 3.8000000000000003 0 0 0 0 0 0 0 0 0 0 0 0 
 50.2 17.2 25.8 27.200000000000003 68.8 34.2 10.4 58 48.400000000000006 49.2 49.6 43.6 8.4 7.6000000000000005 6.4 30.200000000000003 14.8 0 9.200000000000001 9.200000000000001 0.4 0 1 16 1 0 0.8 0 0 0 0 0.4 0 0 0 0 0.2 0 1.6 15 1 0 0 0.4 0 0 0 0 0.6000000000000001 0 0 0 0.6000000000000001 0.4 13.4 1 0 0 0 0.6000000000000001 0.4 0 0.6000000000000001 0.4 0.2 0.6000000000000001 0 0.6000000000000001 0 0.4 0 0 0 0 0 0.4 0 0 0.4 0.4 0 1.8 2.8000000000000003 5.2 3.2 1.8 0 3.4000000000000004 0.2 8 4.800000000000001 5.2 0 0.4 0 6.4 0 5.4 2 0 2.2 4.2 0 0 0 0 0 0 0 0 0 0 1 0 2 0 0.2 2.4000000000000004 0 0 0 0 0 0 0 0 0 0 0 0 0 0 0 3.4000000000000004 0 0 0 0 0 0 0 0 0 0 0 0 0 0 0 0 0.2 0 0 0 0 0 0 0 0 0 1 0.6000000000000001 0 4 2 2.8000000000000003 7.4 3.2 12.4 0.2 11.600000000000001 10 0 0.2 0 7 2.2 4.2 0 0 0 0 0 0 0 0 0 0 0 0 0 0 3.8000000000000003 4.6000000000000005 2.2 1.8 0 0 0.4 2.4000000000000004 0 0 0 0 0 0 0 0 0 0 0 0 0 0 0 0 0 0 0 0 0 0 0.4 0 0 0 0 0 0 0 0 0 0 0 0 0 0 0 0 0 0 0 0 0 0 0.6000000000000001 17.6 0 0.8 0.2 0 1 0 0 0 0 0 0 0 0 0 0 2.4000000000000004 0 0 0 0 0 0.4 0 6.2 0 0 0 0 3.6 1.8 0 0 0 0 0 0 0 0 0 0 0 0 0 
 49.400000000000006 60.2 114.60000000000001 13.600000000000001 13 17 67.4 12.4 36.2 14.4 47.800000000000004 10.8 36.6 147.4 18.400000000000002 10 13.8 9.200000000000001 0 108 0 0 0.6000000000000001 0.2 0.4 0 0.2 0 0 0 0 0.4 0 0 0 0.4 0 0 0 0 0.4 0 0 0.4 0 0 0 0.8 0 0 0 0 0.2 0 0.6000000000000001 0 0 0 0 0 0.4 0 0.6000000000000001 0.6000000000000001 0 0.6000000000000001 0 0.6000000000000001 0 0 0 0 0 0 0 0 0 0 0 8.4 10.4 2 0 0 0 0 0 3.4000000000000004 3.4000000000000004 0 0.2 0 5.4 1.6 0.8 2.2 0 1.6 8.200000000000001 6.6000000000000005 0 0 0 0 0 0 0 0 0 0 0 0 0 0 0 0 0 0 0 0 0 0 0 0 0 0 0 0 0 0 0 0 0.2 0 0.4 0 0 0 0 0 0 0 0 0 0 0 1.4000000000000001 0 0 3.2 0 0 0 0.4 0 0 0 0 1.4000000000000001 0 7.4 1 1.2000000000000002 0 1.6 0 0 2.2 0 0 0 0.8 2.2 0.6000000000000001 9.600000000000001 0 2.4000000000000004 0 0 5.2 0 0 0 0 0 0 0 0 0 0 0 0 0 0 0 0 0 0 0 0 0 0 0 0 0 0 0 0 0 0 0 0 0 0 0 0 0 0 0.2 0 0 0 0 0 0 0 0 0 0 0 0 0 0 0 0 0 0 0 0.6000000000000001 0 0 0 0 0 0 0.6000000000000001 0.4 0.2 0 0.2 1.6 2.2 0 0 0 0 0 0 0 0 0 0 0 0 0 0 0 0 0 0 0 0 0 0 0 0 0 0 0 0 0 0 0 0 0 0 0 0 0 0 
 32.800000000000004 33.2 11.4 56.6 17 12 20 28.8 23.6 21.200000000000003 33.800000000000004 9.200000000000001 51.400000000000006 93 48.400000000000006 32.4 14.4 9.200000000000001 108 0 0 0 0.6000000000000001 0 0.8 0 0 0 0 0.2 0 0.4 0 0.8 0 0 0 0 0.4 0 0.4 0.6000000000000001 0.2 0.8 0 0 0 0.4 0 0 0.6000000000000001 0.4 0.2 0 0.6000000000000001 15.600000000000001 0.4 0 0 0.4 2.8000000000000003 1.2000000000000002 2.8000000000000003 3 0.4 2.6 0.6000000000000001 0.6000000000000001 0 0.2 0.2 0.6000000000000001 3.4000000000000004 2 0 1.4000000000000001 0 0 0.4 0 0.2 0 4 0.4 0 0 5.4 6 4 8.200000000000001 0.2 0 2 2.4000000000000004 2.6 6.6000000000000005 0 1.8 4.4 9.600000000000001 0 0 0 0 0 0 0 0 0.2 0 0 0 0 0 0 0 0 0 0.2 0 0 0 0 0 0 0 0 0 0 0 0 0 0 0 0 0 0 0 0 0 0.4 0 0 0 0 0 0 4.2 0 0 0 0 0 0 0 0 0 0 0 0.4 0 0.4 1.4000000000000001 0 0.6000000000000001 2 7 3.4000000000000004 0 4.2 0 0.8 0 4 0.2 2.8000000000000003 2.8000000000000003 0 4.800000000000001 0.2 0 0 0 0 0 0 0 0 0 0 0 0 0 0 0 0 0 0 0 0 0 0.4 0 0 0 0 0 0 0 0 0 0 0 0 0 0 0 0 0 0 0 0 0 0 0 0 0 0 0 0 0 0.4 0 0 0 0 0 0 0 0 0 1.4000000000000001 0 0 0 10 0.2 0 0 0.8 0.6000000000000001 2.6 0 0 0 0.2 0 0 0 0 0 0 0 2 0 0 0 0 0 0 0 0 0 0 0 0 0 0 0 0 0 0 0 0 0 0 0 0 0 0.2 
 0 0 41.2 15.600000000000001 15.4 3.4000000000000004 0.2 0 15 0 0 0.2 0.4 0 0 0 0 0.4 0 0 0 55 15 15.200000000000001 5.800000000000001 48.400000000000006 33.2 16.2 26.400000000000002 6.4 21.400000000000002 10.600000000000001 38 28.200000000000003 27 9.600000000000001 21.8 9.8 9 67.4 0 0 0 0 0 0.6000000000000001 40.800000000000004 12.4 0 0 0.4 0 0.6000000000000001 0.4 0 0.6000000000000001 0.4 0 0 0 0 0.4 0.2 0 0 0 0 10.200000000000001 0 0.2 0 0 0.6000000000000001 0 0 0 0.6000000000000001 0.2 0 0 0 0.2 0 0 6.6000000000000005 6 0 0 0 0 4 4 0 0 0 0 0 0 0 2.6 12.8 1.8 2.4000000000000004 0 0 0 6.4 6.4 6.4 0 3.8000000000000003 6 0 1 6.6000000000000005 2.4000000000000004 3.2 2.6 7.2 7.800000000000001 0 0 0 0 0 0 0 0.4 0.4 0 0 0 1.8 0 0 0 0 0 0 0 0 0 0 0.4 0 0 0 0.6000000000000001 0 0 0 0 0 1.8 0 0 0.8 0 0 0 0 0 0 0 5 0 0 0 0 0 0 0 0.2 0 0.2 0 0 0 0 0 14.4 4 5.4 7.4 0 0 5 1.8 4.800000000000001 1.4000000000000001 2.4000000000000004 0 2.8000000000000003 1 0.2 2.4000000000000004 4.6000000000000005 15.4 5.2 2.2 0 0 0 0 0 0 0 0 0 0 0 1.2000000000000002 0 0 0 0 0 0 2.8000000000000003 0 0 0 0 1.8 0 0 0 0 0 0 0 0 0 0 0 1.6 0 0 0 0 0 0 2.4000000000000004 0 0 0.4 0 0 14.8 0 0 0 0.4 0 1.6 2 0.8 16 0.4 0 9.200000000000001 0.2 0 0 0 0 0 0.4 0 0 0 0 0 5.6000000000000005 0 0 0 0 0 0 0 2.6 0 1.2000000000000002 0 0 2 0 0 0 
 0 0 0 14.600000000000001 0.4 16.8 0.4 0 0 0 0.2 0 0.2 0 0 0 0 0 0 0 55 0 53 58.800000000000004 28.400000000000002 17 19.8 21.6 83.60000000000001 15.600000000000001 5 5.800000000000001 23.400000000000002 11.200000000000001 10.600000000000001 65 11 41.6 9.600000000000001 30.200000000000003 0 0 0.2 0 0 0.6000000000000001 0 0.2 0 0 0 0 5 0.4 1.2000000000000002 0.8 0.6000000000000001 1.2000000000000002 13.200000000000001 3 2.4000000000000004 0.6000000000000001 0.6000000000000001 0 0 0 0 21.200000000000003 0.8 0 0 0 0 0 7.6000000000000005 0 0.6000000000000001 1.2000000000000002 3.2 0.4 0 0.2 0 0.2 3.4000000000000004 0 0 0 0 0 0 0 0 0 0 0 0 0 0 0.8 5 6.800000000000001 0.8 1 6.4 0 8.8 2.8000000000000003 7.2 15 3.6 3.8000000000000003 0 1.8 3.6 7 3.4000000000000004 4.4 1.2000000000000002 2.2 0 0 0 0 0 0 0.4 0 0 0 0 0 1.8 2.4000000000000004 0 0 0 0 0 0 0 0 0 0 0 0 0 1 0 0 0 0 0 0 0 0 0.6000000000000001 0 0 0 0 0 0 0 2.2 0 0 0 0 0.4 0 0 0 0 0 0 0.2 0 0 0 1.4000000000000001 8.8 4.4 4.800000000000001 3.6 0 12.600000000000001 0 0 2.8000000000000003 0 3.4000000000000004 2.4000000000000004 7.2 2 0 6.4 0.2 1.8 2 0 0 0 0 0 0 0 0 0 0 0 0 0 0.2 0 0 0 0 12.200000000000001 0 0 0 0 2 0 0 0 0 0 0 0 0 0 0 0 0 0 0 0 0 0 0 0 0 0 0 0 0 19 0 0 0.4 0 0 1.8 0 0 16.2 0 0.4 0 0 0 0 0 0 0 0 0 0 0 0 0 0 0 0 0 0 0 0 0 1.8 0 0 0 0 0 0 0 0 
 0.4 0.8 0.4 0.4 1.2000000000000002 0.6000000000000001 0.4 0.6000000000000001 0.6000000000000001 0.4 0.4 0.4 0 0.4 0.4 0.4 0.4 1 0.6000000000000001 0.6000000000000001 15 53 0 35 33 9.4 30.400000000000002 52.6 36.800000000000004 57.800000000000004 14.4 64.2 14 83.2 41.400000000000006 51.2 46 33 8.6 11 0 0 0 0 0 0.6000000000000001 0.8 0 0 0 0 0 7 0.4 0 0.6000000000000001 0.8 1.2000000000000002 26.6 0 0.8 0.6000000000000001 9.8 0 0 0 0 0 0 0 0 0 0.6000000000000001 0 0 0 0 0 0.8 0 0 0 0 0 0 0 0 0 0 0 0 0 0 0.2 0 0 0 0 2 0 0 9 0 3.4000000000000004 9.600000000000001 4 0 4.2 1.6 5.6000000000000005 6.6000000000000005 1.8 2.6 0.4 0 9.200000000000001 0.8 9 0.4 0 0 0.2 0 0 0 0 6.800000000000001 0 0 0 0 0 2 7.800000000000001 0 0 0 0 1.8 0 0 0 0 1 0 0 0 0 0.2 0 0 0 0 0 0 0 0 0 0 0 0 0 0 0 0 0 0 0 0 0 0 0.2 0 0 0 2.2 0 0 0 0.4 3.2 1.8 1.8 3.8000000000000003 10 0.2 0 0 0.2 2.2 6.6000000000000005 0 0 2.8000000000000003 5.2 0 2.8000000000000003 7 0 0 1.6 0 0 0 0 0 0 0 1.8 0 0 0 0 0 0 0 0 0 5 7.2 0 0 0 0 0 0 0 0 0 0 0 0 0 0 0 0 0 0 0 0 0 0 0 0 0 0.4 0 0 0 0 0 0 0 0 2.6 0.4 0 17.400000000000002 0.4 0 2.4000000000000004 2.4000000000000004 0 0 0 0 0 0 0 0 0 0 0 0 0 0 0 0 0 4.6000000000000005 0.2 2.2 0 0 0 3.4000000000000004 0 0 0 0 
 0 0 13.4 0 0.4 15 0.2 0.8 12 0 0 0 0 0 0.2 0 0 16 0.2 0 15.200000000000001 58.800000000000004 35 0 48.400000000000006 8 16.400000000000002 39.2 21.6 85.2 38 6.800000000000001 65.8 59 54.6 29.400000000000002 56.2 43.2 32.6 52 0 0 0 0.4 0.6000000000000001 1.6 0 0.6000000000000001 0 0.6000000000000001 1.2000000000000002 0 0.6000000000000001 1.4000000000000001 0.4 1.2000000000000002 0.6000000000000001 1.2000000000000002 2.2 0.6000000000000001 0.2 10.4 0.4 2.4000000000000004 0 0.2 0.2 0 0 0 0 0 1.6 0 0 0 0.6000000000000001 0 0.6000000000000001 0 0 2.4000000000000004 0 2 1.4000000000000001 0 0 0 0 0 0 0 0 0 0 2.4000000000000004 0 0 0 0 1 2.6 4 0 3 1.6 2 2 4 7.6000000000000005 2.8000000000000003 0 0 0 8 3.2 0.4 4.4 0 2.8000000000000003 0 2.6 0 0 0 0 2 4.6000000000000005 0 0 4.2 0 0 4.2 0 0 0 0 4.2 0 0 0 0 0 0 0 0 0 0.8 0 0 0 0.8 0 0 0 0 0 0 0 0 0 0 2.2 1.8 1.6 0 2 0.4 0 0 2.6 0 0 0 1.6 0 2.6 0 0 0 8.6 6 0 0 1.4000000000000001 9.600000000000001 6.800000000000001 6 0 2.4000000000000004 0 0 5.4 4.4 4 0 2 0 3.8000000000000003 0 0 0 0 0 0 2.4000000000000004 2.4000000000000004 0 0 0 0 0 10.200000000000001 2.6 0.4 2.2 0 4 0 0 0 0 0.2 0 0.2 0 0 0 0 0 0.4 1.4000000000000001 0 0 0 0 0 0 0 0 0 0 0 0 0.2 0 0 0 0 0 0 0 0.4 0.2 0.4 0 0.2 0.2 0 0.2 0 0 0 0 0 0 0 0 0 0 0 0 0 0 6 0 0 0 0 0 2 0 0 0 0 0 0 0 0 
 0.4 0.4 0.4 1 0.4 0.4 0.4 0.4 0.4 0.4 0.4 0.4 0 0.4 0.4 0.4 0.4 1 0.4 0.8 5.800000000000001 28.400000000000002 33 48.400000000000006 0 28.8 16.2 39 26.8 29.200000000000003 29.6 28.400000000000002 14.600000000000001 19.8 29.200000000000003 29.8 53 20.8 9.200000000000001 11.4 12.600000000000001 0 7.6000000000000005 0 0 0.6000000000000001 0.4 6 0 0 0 0.8 25.400000000000002 14.600000000000001 24.8 0.6000000000000001 12.8 0 26.400000000000002 0 2.6 0.6000000000000001 0.2 0 0 0.4 0 0 0 0.8 0 0 0.6000000000000001 0 1.2000000000000002 0 0 0 3.4000000000000004 0 0 0 0 0 0 0 0 0 0 0 0 3.8000000000000003 0 0 0 0 0 0 0 0 0 0 0 8.8 0.4 0 0 0 0.4 0 0 0 0 4.2 0 3.6 0 4.800000000000001 0 0 11 0.2 0 0 0 0 3 5.4 0 2.2 0 0 2.2 0.2 5.2 0 0 4 6.4 10.4 0 0 0 0 0 0 0 0 1.4000000000000001 0 0 0.4 1.8 0 0 0 0 0 0 0 0 0 0 0 0 0 0 0 0 0 0 1.4000000000000001 0 0 0 0 6.4 0 0 0 4 0 0 0 12.4 2 0 0 0.8 0 5.2 0.6000000000000001 0.2 0 0.4 0 0 0 0 0 2.8000000000000003 3.6 4 0 0 0 2.8000000000000003 0 2.2 6.4 0 0 1.4000000000000001 7.4 6.4 2.8000000000000003 2 0 4.6000000000000005 6.4 0 0 0 0 0 3.6 0 0 0 0 0 0 0 0 0 0 0.4 0 0.2 0 0 0 0 0 0 0 0 0 0 0 0 0 0 0 0.4 0.4 0.8 0.4 15.4 0.4 0.4 0.8 0.2 0 0 0 0 0 0 0 0 0 0 0 0 0 0 0 0 0 0 0 0 0 0 0 0 0 0 0 
 0 0 0 0 0.4 0 0.4 0 0.4 0.2 0 0 0 0 0.2 0 0 0 0 0 48.400000000000006 17 9.4 8 28.8 0 51.800000000000004 5.800000000000001 10.600000000000001 27.8 13.600000000000001 54 7.4 15.200000000000001 14 29.6 26.8 54 8.6 8.8 41.2 0 11.200000000000001 0.2 0 0.6000000000000001 0 0 0 0 0 0 39 12.8 19.6 0.6000000000000001 13.200000000000001 0 25.200000000000003 12.600000000000001 1.4000000000000001 0.6000000000000001 0.2 0 0 0 0 0 0 0 0 0 0.6000000000000001 0 6.2 0 10.4 0 1 0 0 0.2 0 0 0 0 0 0 0 0 0 0 0 0 0 0 0 0 0 0 0 0 0 1.8 0 5.2 0 0 0 0.4 2.4000000000000004 0 0 0 0 0 0 2.4000000000000004 0 0 6.4 11.600000000000001 3.8000000000000003 3.2 0 0 0.4 0 1 1.4000000000000001 0 4.4 2.8000000000000003 0 9.4 4.4 2.6 4.6000000000000005 0 9.4 0 0 0 0 0 0 0 0 0 4.2 0 0.4 0 0 0 0 0 0 0 0 0 0 0 0 0 0.6000000000000001 0 0 0 0 0 0.2 0 0 0 0 0.2 0 0 0 0 0 0 0 6 2.2 0 0 0 2.6 0 3.8000000000000003 0 0 0 0 0 0 0 0 0 15.600000000000001 6.2 1.4000000000000001 0.2 0 0 1.8 2 3.6 2.8000000000000003 0 3 2.2 3.8000000000000003 3.4000000000000004 0 1.8 2.2 1 0 0 0 0 0 0 1.8 0 0 0 0 0 0 0 0 0 0 0 0 0 0 0 0 0 0 0 0 0 0 0 0 0 0 0 4.2 0 0.4 1 0 0.2 1 0.2 0 0 0 0 0 0 0 0 0 0.4 0 0 0 0 0 1.6 0 0 0 0 2.6 0 0 0 0 0 0 0 
 0 0 0 30.200000000000003 29.6 38.2 0 0 0 0 0 0.4 0.2 0.4 0.4 0 16 0.8 0.2 0 33.2 19.8 30.400000000000002 16.400000000000002 16.2 51.800000000000004 0 25.6 38 4.2 8.200000000000001 53.400000000000006 28.200000000000003 59.2 9.200000000000001 7.2 12.4 16.400000000000002 29.8 30.400000000000002 0 0 0 0 0 0.6000000000000001 0 0.2 0 0 0 0 1.2000000000000002 0.4 0 16 0.6000000000000001 0 0 0 0 1.4000000000000001 0.8 0 0 0 0 0 0 0 0.4 0 0 0 0 0 1.8 0 0 0 0 0 0 0 1.2000000000000002 4.6000000000000005 0 0 0 0 0 2.4000000000000004 0 0 0 2.8000000000000003 0 1.8 0 0 11.200000000000001 7 2 0 0 0 3.2 6.800000000000001 4.6000000000000005 2 0.2 6 0 2.2 0 6.800000000000001 0 0 4.6000000000000005 6.6000000000000005 0 0 0 0 0 0 0 0 0 0 0 0 0.4 0 0 0 0.4 0 0 0 0 0 0 0 0 8 0.4 0 0 0 0 0 0.2 0 0 0 0 0 0 0 0 2.8000000000000003 0 0 3.2 0 0 0 0 2 6.6000000000000005 2.4000000000000004 0 0 0 3.6 0 0 0 0 7.2 0 3 1.8 0 0 9.4 0.4 4.6000000000000005 2.2 0 3.4000000000000004 5 4 7.2 5 7 4.800000000000001 9.600000000000001 2.8000000000000003 0 0 0 0 0 0 0 0 0 0 0 0 0 0 0 0 0.4 0 0 0.4 0.2 2.2 0 0 0 0 0 0 0 0 0 0 0 0 0 0 0 0 0 0 0 0 0 0 0 0 0 0 14.8 0 0 0 0 0 4.4 0 0 17.6 0 0.2 0.4 0 0 0 0 0 0 0 0 0 0 0 0 0 0 4.800000000000001 0 4.2 0 0 0 0 0 0 0 0 2 0 0 0 
 0 0 0 0 0.4 27.6 0 0.4 0 0 0 0 0.4 40.800000000000004 0 0 0 0 0 0 16.2 21.6 52.6 39.2 39 5.800000000000001 25.6 0 84.80000000000001 31.400000000000002 64.2 20.6 64.2 41.2 13.4 21.8 5.800000000000001 32 30.8 69.2 0 0 0.2 0 0 0.6000000000000001 0 0.2 0 0 0 0 0.6000000000000001 0.4 0 0.6000000000000001 0.6000000000000001 1.6 15.8 0 0 0.6000000000000001 0.8 0 0 0 0.6000000000000001 0 0 0 0 0 1 0 0 0 0.2 0 0 0 0 0 0 0 0 0 0 0 0 0 0 0 0 0 0 0 0 0 0 0 0.2 4.800000000000001 2.6 4 8.8 0 8 4.2 3.4000000000000004 7.2 1.6 2.2 0 2.6 7 2 0 5.6000000000000005 0 9 0 3.8000000000000003 0 0 0 0 0 0 0 0 0 0.4 0 2 0 0 0 0 0.2 0 0 0 0 0.4 0 0 0 0.2 0 0 0 0 0 0.4 0 0 0 0 0 0 0 0 0 0 0 0 0 0 0 0 0 0 0 0 0.2 0.2 0 0 0 0 1.4000000000000001 4.2 0.2 0 10.600000000000001 2 5.800000000000001 7.4 6 0 1.6 4.6000000000000005 0 2.6 5.800000000000001 0 2.2 0 2.2 4 0 0 0 0 0 0 0 0 0 0 0 0 0 0 0.4 0 0 0 6.4 1.8 0.4 0 0 0 0.2 0 0 0 0 0 0 0 0 0 0 0 0 0 0 0 0 0 0 0 0 0 0 0 0 0 0 0 0 0 2.6 0.4 0 0.4 0 0 0.4 2.6 0 0 0 0 2.8000000000000003 0 0 0 0 0 0 0 0 0 0 0 0 0 0 1.8 0 0 0 0 0 0 0 0 
 0 0 0 0 0.4 45.400000000000006 0 0 0 0 0 0 0 0 0 0 0 0 0 0 26.400000000000002 83.60000000000001 36.800000000000004 21.6 26.8 10.600000000000001 38 84.80000000000001 0 15.8 67.4 24.200000000000003 58.800000000000004 38 84 13.4 100.60000000000001 38.400000000000006 15.8 61.800000000000004 0 0 5.6000000000000005 0 0 0.6000000000000001 6.6000000000000005 0 0 0 0 0 0.6000000000000001 0.4 0.2 0.6000000000000001 0.6000000000000001 0 1 0 0 0.6000000000000001 2 0 0 0 0 0 0 0 0 0 0 0 0 0 2.6 0 0 0 0 3.2 0 0 0.2 6 0 2 0 0 0 0 0 0 3 0 0 0 0 0 0.4 13.4 4.800000000000001 5.2 6.800000000000001 4.4 16.2 0.2 0 9.4 4.800000000000001 5.4 0 0 2.6 1 2.2 3 0.2 0.2 4.6000000000000005 0 0 0 0 0 2 2.2 0 0 0 1.2000000000000002 1.6 0.2 0 1.6 0 0 6.2 1.6 0 0 0 1.4000000000000001 0 0 0 0 0 0 0.4 0 0 0 0 0 0 0 0 0 0 0 0 0 0 0 0 0 0 0 0 0 0 0 0 0 0 0 0 1.6 0.2 0 5 1.8 3.6 2.6 2.2 1.4000000000000001 10.8 7 0.4 4.2 0 5.2 1.6 2 9.200000000000001 6 0 6 0.2 0 0 0 0 0 0 0 0 0 0 0 2.4000000000000004 3 1.2000000000000002 0 0 0 0 0 0 0 0 0 0 0 0.2 0 0 0 0 0 0 0 0 0 0 0 0 2.6 0 0 0 0 0 0 0 0 0.2 0 0 0 0 0 1.4000000000000001 0.2 0 18.2 3.2 0 0.2 2.6 0 0 0 0 0.6000000000000001 0 0 0 0 0 0 0 0 0 0 0 0 0 0 0.2 0 0 0 0 1.6 0 0 0 
 0 0.2 0 0.8 0 0 0.6000000000000001 0.4 0 0.4 0 0 0 0 0 0.6000000000000001 0 0 0 0.2 6.4 15.600000000000001 57.800000000000004 85.2 29.200000000000003 27.8 4.2 31.400000000000002 15.8 0 34.800000000000004 11.8 8 19.400000000000002 34.2 81.60000000000001 12 54.400000000000006 9.600000000000001 33 0 0.4 0 0 0 1.6 0.4 13.4 0.2 0.4 0 0 4.800000000000001 0.8 0 1.2000000000000002 0.4 1 26.200000000000003 0.8 1.6 0.6000000000000001 6.2 0 0 0 0 0 0 0.4 0 0 0.6000000000000001 0 0 0.4 0 0 2.4000000000000004 0 0 0 0 0 0 0 0 0 0 0 0 0 0 0 0 0 0 0 0 0 0 0 0 0 1.2000000000000002 3.8000000000000003 0 1.6 4 2 4.6000000000000005 0 0 0 2.8000000000000003 2.2 4.2 8.6 0 0 0 0 0.2 0 0 0 4.4 2.4000000000000004 0 0 0 0 0 2 0 0 1 0 3 0.2 0 0 0 0 0 0 0 0 1 0 0 0 1.2000000000000002 0 0 0 0.4 0 0 0 0 0 0 0.4 0 0 0 0 0 0 0 0.2 0 0 0 0 0 0 0 0 1.2000000000000002 1.4000000000000001 3 10.4 3.8000000000000003 1.2000000000000002 1.6 2 0 0.2 5 0.2 0.2 0 1.2000000000000002 0 6.6000000000000005 5 0 0 2.2 0 0 0 0 0 0 1.8 0 0.2 0 0 0 8.200000000000001 0 0.4 1.8 0 4.800000000000001 7.2 0 0 0 0 0 0.4 0 0 0 0 0 0 0 0 0 0 0 0 0 0 0 0 0.2 0 0 0.2 0 0 0 0 0 0 0 0 0.8 0 0 15.600000000000001 15.200000000000001 0 0.2 0.2 0 0 0 0 0 0 0 0 0 0 0 0 0 0 0 0 0 12.4 0 2 0 0 0 0.4 0 0 0 0 
 0 0 0 0 0.6000000000000001 0 0 0 0 0 0 0.4 0 14.8 0 0 0.2 0 0 0 21.400000000000002 5 14.4 38 29.6 13.600000000000001 8.200000000000001 64.2 67.4 34.800000000000004 0 69.60000000000001 22 26.200000000000003 98.80000000000001 30.6 54.6 13.200000000000001 23.8 98.80000000000001 0 0 0 0 0 0.6000000000000001 0 0 0 0 0.2 0 0.8 0.4 0 0.6000000000000001 0.6000000000000001 0 1 0 0 0.6000000000000001 2 0 0 0 0 0 0 0 0 0 0.2 0 0 0 1 0 0 0 0 0 0 0 0 0 0 0 0 0 0 0 0 0 0 0 0 0 0 0 0 0 0 4.6000000000000005 9.8 1.6 1.6 3.4000000000000004 0 3 4.6000000000000005 1.4000000000000001 4 4.2 0.4 5.800000000000001 5 3.4000000000000004 0 1.8 0 2.4000000000000004 0 0 0 0 3.8000000000000003 5.2 0 0 0 0 2.4000000000000004 2.4000000000000004 0 0 0 0 6.6000000000000005 0 0 0 0 0 0 0 0 0 0.4 0 0 0 0.8 0 0 0 0 0 0 0 0 0 0 0 0 1.6 0 0 0 0 0 0.2 0 0 0 0 0 0 0 0 10.4 0.4 1.2000000000000002 5.4 2 0 0 3.6 0 2.8000000000000003 1.4000000000000001 4.4 0 1.4000000000000001 0 2.8000000000000003 2.2 0 0 0 0 0 0 0 0 0 0 0 0 0 0 0 0 3 2.6 0 0 0 5 3.8000000000000003 0 0 0 0 0 0 0 0 0 0 0 0 0 0 0 0 0 0 0 0 0 0 2.2 0 0 0 0 0 0 0 0 0 0 0 1.6 0 0 16.8 1 0 2.6 0 0 0 0 0 4 0 0 0 0 0 0 0 0 0 0 0 0 0 0 0 0 0 0 0 0 0 0 0 
 0.2 0.2 1 0.4 0.6000000000000001 16.2 0.4 0.2 0.2 0.8 0.2 0.4 0.2 0.2 0.2 0.2 0.2 0.4 0.4 0.4 10.600000000000001 5.800000000000001 64.2 6.800000000000001 28.400000000000002 54 53.400000000000006 20.6 24.200000000000003 11.8 69.60000000000001 0 7.6000000000000005 23.8 29.8 31 31.6 19.400000000000002 13 31.200000000000003 0.2 0.2 0 0 0 0.6000000000000001 0 0 0.2 0 0 0 13 22.400000000000002 13.200000000000001 0.6000000000000001 0.4 0 0 0 11.4 0.6000000000000001 7.2 0 0.2 0 0 0 0 0 0 0 0.6000000000000001 0 0.6000000000000001 0 0.8 0 0.8 0.6000000000000001 0 0.2 0 0 0 3.2 0 0 0 0 0 0 0 0.4 0 0 0 0 0 0.2 0 0 0 0 0 4.6000000000000005 0.2 0 0 2 0 1.8 0 0 0 0.2 3.8000000000000003 0 0 0 3.8000000000000003 0 0.2 0 0 0 0 2.6 0 0 0 0 2 0 2.2 0 0 3.2 0 5 0 0 0 0 0.6000000000000001 0 0 0 0 0 0 0 0 0 0 0 0 0 0 0.4 0 0 0 0 0 0 0 0 0 0 0.4 0.2 0 0 0 1.4000000000000001 0 0 0 0 0 2.6 2.6 4.6000000000000005 0 2.6 0 1.8 4.2 1.2000000000000002 3.2 5 0 0 2.2 0 4 10.200000000000001 0 1 1.6 2.8000000000000003 5.4 0 0 0 2.4000000000000004 0 0.2 1.6 0 0 2.4000000000000004 0 0 0 0 0 0 2.2 0 0 0 0 0 1.4000000000000001 0 0 0 0 0 0 0 0 0 0 0 0 0 0.2 0 0 0 0 0 0 0.2 0 0 0 0 0 0 0 3.2 0 0 33.4 0.2 0 0.4 0 0 0 0 0 2.8000000000000003 0 0 0 0 0.4 0 0 0 0 0 0 0 5 0 0 0.2 0 0 0.2 1.8 0 0 0 
 0 0 15 5.2 49 15.200000000000001 0 0 30 0 15.4 16 0 40.800000000000004 0 0 0.2 0 0 0 38 23.400000000000002 14 65.8 14.600000000000001 7.4 28.200000000000003 64.2 58.800000000000004 8 22 7.6000000000000005 0 69.4 22.8 8.8 50.800000000000004 5.6000000000000005 44 56.400000000000006 0 0 0 0 0 0.6000000000000001 0 12.600000000000001 0 0 0 0 0.6000000000000001 0.4 0 0.6000000000000001 0.4 0 0 0.4 0 0.6000000000000001 0.2 0 0.2 0.8 0 0 0 1.2000000000000002 0 0 0.6000000000000001 0 0 0 0 0 0 0 0 0.2 0 4.4 8.4 4 0 0 0 0 2.6 2.8000000000000003 0 0 0 0 0 0 0 0 1.2000000000000002 0 2.8000000000000003 0.4 0 0 3.6 0.2 6.6000000000000005 1.6 2.6 10.8 3.8000000000000003 4.6000000000000005 3.4000000000000004 2.2 2.2 0.2 6 18.6 0 0 0 0 0 0 0 2.6 0 0 0 0 0 0 0.2 4.4 0 0.2 0 0 0 0 0 0 0 0.2 0 0 0 0.4 0 0 0 0 0 0 0 0 0.4 0 0 6 0.2 0.4 1.6 8.200000000000001 0 0 0 0 0 2 0 0 0 3 0 0 0 0 2 4 0 0 0 0 2.8000000000000003 0 5.6000000000000005 2.8000000000000003 0 0 8 0 5.800000000000001 2.2 3.8000000000000003 0 8 0 0 0 0 0 0 1.6 0 0 0 0 0.2 0 0 0 0 0 0 0 0 0 0 0 0 0 0 0 0 0 0 0 0 0 0 0 0 0 0 0 0 0 0 0 1.2000000000000002 0 0 0 0 0 14.200000000000001 0.2 0 0 2.2 0 1.4000000000000001 0.2 0.2 0 0 0 0.2 0.2 0 0 0 0 0.2 0 0 0 0 0 0 0 0 2.8000000000000003 0.4 0 0 0 0 0.2 0 0 0 0 0 0 0 0 
