 0 46.2 45.400000000000006 22.400000000000002 10.8 9.200000000000001 10.200000000000001 43.400000000000006 50.800000000000004 66.4 5 7.2 11.600000000000001 21.6 42 13.4 3.4000000000000004 5.800000000000001 54.6 46.400000000000006 0 0 0 0 0 0 0 0.6000000000000001 0.2 0.2 0 0 0.6000000000000001 17.400000000000002 0 0 0.6000000000000001 0 0 0 0 0.2 0.2 0 0 0.2 0 0 1.2000000000000002 0 7.800000000000001 0 0 0 0 0 0 1.2000000000000002 0 0 0.4 0 0 0.6000000000000001 10.200000000000001 0 12 0 0 0 0 0 0.2 0.6000000000000001 0.6000000000000001 0 0.4 0.6000000000000001 0.4 0.6000000000000001 3.8000000000000003 1.6 1.4000000000000001 5.6000000000000005 0 0 6 0 0 0 2.2 0 1.8 0 1.8 0 0 6.2 2.4000000000000004 2 0 0 0 0 0 0 0 0 0 0 0 0 0 0 0 0 0 0 3.8000000000000003 2.8000000000000003 0 0 0 0 0 0 0 0 0 0 0 0 0 0 0 0 0 0 0 0 0.2 0 0 0 0 0 0 0 0 0 0 0 0 0 0 0 0 0 0 0 2.8000000000000003 3.4000000000000004 3 0 0 0 0 2.2 0 0 0 0 0 3.6 8.6 0 0.4 0 1 2.2 0 0 0 0 0 0 0 0 0 0 0 0 0 0 0 0 0 0 0 0 0 0 0 0 0 0 0 0 0 0 0 0 0 0 0 0 0 0 0 0 0 0 0 0 0 0 0 0 0 0 0 0 0 0 0 0 0 0 0 2.4000000000000004 0 0 0 0 0 0 0 0 0 0 0 1.8 2 0 0 0 0 0 0 0 0 0 0 0 0 0 0 0 0 0 0 0 0 0 0 2.8000000000000003 0 0 0 0 0 0 0 0 0 0 0 0 0 0 
 46.2 0 23 72.60000000000001 7 9.4 46 18.8 98 73.4 18.2 6.4 88.4 30.200000000000003 37.2 68.2 51.400000000000006 47.2 33.6 6.6000000000000005 0 0 0 0 0 0 0 0 41.2 0 0 0 0 41.6 0 11.4 0 0 0 0 0 0 0 0 1 0.4 0 0 0.6000000000000001 9.8 0 0 0 0 12.600000000000001 0.6000000000000001 0 0.6000000000000001 0 0 0 0 0 0 0.4 0 0.2 0 0 8 0 0 1.4000000000000001 0.6000000000000001 0 0 0.6000000000000001 0.6000000000000001 0.4 0.6000000000000001 0 3.4000000000000004 1.6 4.800000000000001 5.2 0 2.4000000000000004 4 4.4 6 3.4000000000000004 0.2 7.6000000000000005 6.800000000000001 6 6.6000000000000005 4.6000000000000005 3 7.6000000000000005 5.800000000000001 0 0 0 0 0 0 0 0 0 0 0 0 0 0 0 0 0 0 2.4000000000000004 0.4 0 0 0 0 0 0 0 0 0 0 0 0 0 0 0 0.2 0 0 0 0 0 0 0 0 0 0 0 0 0 0 0 0 0 0 0 0 0 0 0 0 6.4 9.4 8.200000000000001 0 0 0 5.6000000000000005 0.2 2.6 2 0 0 3.2 9 2.4000000000000004 4.2 6.6000000000000005 0.2 0.2 4 0 1 0 0.4 0 0 0 0 0 0 0 0 0 0 0 0 0 0 0 0 0 0 0 0 0 0 0 0 0 0 0 0 0 0 0 0.4 0 0 0.4 0 0 0 0 0 0 0 0 0 0 0 0 0 0 0 0 0 0 0 0 0 0 0 0 0 0 0.4 17.8 0.2 0 0.6000000000000001 0 0.6000000000000001 3.4000000000000004 0 0 0 0 0 0 0 0.2 0 3.6 0 0 0 0 0 0 0 0 0 0 0 0 0.8 0 0 0 0 0 0 0 0 0 0 0 0 0 0 
 45.400000000000006 23 0 56 11.600000000000001 23.8 15 25 14.600000000000001 32 25.6 7.2 37.4 29 15.4 28 16.400000000000002 23 65.4 25.8 0 0 0 0 0 0 1.2000000000000002 0 0 0 14.8 0 0 0.6000000000000001 0 0 0 0 0 0 0 0 0 0 0 0 0 0 0.6000000000000001 0 0 0 0 0 0.2 0 6 1.6 0 1.6 0 0 0 0 0.4 0 0 0 0 7.6000000000000005 0 0 1.4000000000000001 0.6000000000000001 0 0 10.8 1.6 0.4 0.6000000000000001 3 5.800000000000001 1.6 6.6000000000000005 0 2 0.2 0.4 6.6000000000000005 4.6000000000000005 6.800000000000001 0 2.4000000000000004 0 6 3.8000000000000003 2.4000000000000004 6 2 3.2 2.2 0 0 0 0 0 0 0 0 0 0 0.4 0 0 0 0 0 0 3.6 2.2 0 0 0 4.4 0 0 0 0 0 0 0 0 0 0 0 0 0 0 0 0.4 0.4 0 0 0 0 0 0.2 0 0 0 0 0 0 0 0 0 0 0 1 0 0.2 2.2 0.2 16.2 2.4000000000000004 4.2 5 0 0 5.800000000000001 0 3.2 0 0 0 0 1.8 8 0 0 0 0 0 0 0 0 2.4000000000000004 0 0 0 0 0.2 0 0 0 0 0 0 2 2.6 0 0 0 0 0 0 0 0 0 0 0 0 0 0 0 3.2 0 0 0 2 0 0 0 0 0 0 0 0 0 0 0 0 0 0 0 0 0 0 0 0 0 1.6 0 0 0 0.6000000000000001 0 0 0.8 0 0 0.8 0 0 0 0 0 0 0 0 0 0 0 0 0 0 0 0 0 0 0 0 0 0 0 6.2 0 3 0 0 0 0 0 0 0 0 0 0 0 0 
 22.400000000000002 72.60000000000001 56 0 18.6 9.200000000000001 37.2 27.200000000000003 35.6 47.400000000000006 16 5.4 14.600000000000001 23.400000000000002 57.400000000000006 44.6 39.800000000000004 12.600000000000001 63.800000000000004 12 0 0 0 0 0 0 0 0 41.800000000000004 0 0 15.200000000000001 0 0.6000000000000001 0 0 0 0 15 0 0 0 0 0 0 0 0 0 0.6000000000000001 0 0 0 0 0.2 0 0 1.2000000000000002 0.6000000000000001 0 1.8 0.2 0 0 0 9.200000000000001 0 0 0 0 0 0 0 1.2000000000000002 0.6000000000000001 0 0 0.6000000000000001 0.6000000000000001 0.4 0.6000000000000001 0 0.6000000000000001 6.4 4.2 3.2 0 0 0 0.6000000000000001 3.4000000000000004 1.4000000000000001 0.4 0.2 0 4 0 0 4 2 0.4 0 0 0.2 0.2 0 0 0 0 0.2 0 0 0 11.200000000000001 0 2.2 0 0 0 7.2 9 0 0 0 0 0 0 0 0 0 0 0 0 0.4 0 0 0 0 0 0 0 0 0 0.2 0 0 0 0 0 0 0 0 0 0 0 0 0 0 0 0 0 2.2 2.2 3.8000000000000003 0.4 4 2.2 0 0 1.6 4.4 0 1.8 0 0 0 0.4 0 2 0 0.2 0.8 0 0 0 0 0 0 1.6 0 0 0 0 0.2 0 2.6 0.2 0 0 0 0 0 0 0 0 0 0 0 0 0 0 0 0 0 0 0 0 0 0 0 0 0 0.2 0 0.4 0 0 0 0 0 0 0 0 0 0 0 0 0 0 0 0 0 2.2 0 0 0 0.4 0 0 0.2 0.2 0 1.6 2.2 0 0 0 0 0 0 0 0 0 0.4 0 0 0 0 0 0 0 0 0 0 0 0 2.8000000000000003 2 0 0 0 0 0 0 0 0 0 0 0 0 0 
 10.8 7 11.600000000000001 18.6 0 70 8.6 12.600000000000001 17.6 9 13.8 16.400000000000002 61.400000000000006 14.600000000000001 10.8 18.2 8.200000000000001 5 19 54.2 31 0.2 14.600000000000001 16.400000000000002 0 0.2 0.6000000000000001 15.600000000000001 0 0 0 0 15.200000000000001 24 0 0 0 0 21.200000000000003 42.2 0.2 0 0 0 0 0 0 0 0.6000000000000001 0 0 0 0 0 0 0 13.200000000000001 1.6 0 0 0 0 0 0 0.6000000000000001 0 0 0 0 0 0 10.200000000000001 0.2 0.6000000000000001 0 0 0.4 0.6000000000000001 0.4 0.6000000000000001 7.4 0 0 1.6 0 7.4 0.4 0 0 0.4 3 1.8 0 0 0 0 0 0 0 0 3.6 2.8000000000000003 5.6000000000000005 2.2 0 0 4.2 0 5.4 0.2 3 0 0 0 0.4 0 3.6 2.4000000000000004 9.200000000000001 0 0 0 0 0 0 2 0 0 0 0 0 0 0 0 0 0 0 0 0 0 0.4 0 0 0 0 0 0.2 0 0 0 0 0 0 0 0 0 6.2 0 0.8 0 0.4 0 0 4 0 7 0 0 0 0 0.2 5 0 0 0 0 0 2.2 0 0 2.4000000000000004 2.2 2.6 0 0 0 6.6000000000000005 14.4 5.2 2.6 4.4 3.6 8 5 2.6 1.8 2 0.2 17.2 8.200000000000001 0 0 0 0 0 0 0 0 0 0 0 0 0 0 0 0.2 0 0 0.2 0 0 0 0 0 0 0 0 0 0 0 0 0 0 0 0 0 0 0 0 0 0 0 0 0 0 16 0 0 0.8 0.4 1.2000000000000002 0.8 0 0 0 0 0 0 0 0 0 0 0 0 0 0 0 0 0 0 0 0 0 0 0 2.2 0 7.6000000000000005 0 0 0 0 0 0 0 0 0 0 0 0 
 9.200000000000001 9.4 23.8 9.200000000000001 70 0 5 6.4 10.200000000000001 30.8 10.8 53 7 8.8 11.4 32.6 72.4 9.4 10.4 10 14.8 16.400000000000002 0 0.4 0 0 0 19.6 0 0 0 0 14.8 15.8 0 0 0.4 1.2000000000000002 15.4 29.8 0 11.8 0 0 0 0.4 0.2 0 0.6000000000000001 0.2 0 0 0 0 0 0 0.2 0.6000000000000001 0 0 0 0 0 0 0.4 0 0 0.2 0 0 0 0 0.2 0.6000000000000001 0 0 0.8 0.6000000000000001 0.4 0.6000000000000001 0 0 2.6 0 0 2.4000000000000004 0 0 0 0 2.8000000000000003 2.6 0 0 0 0 0 0 0 0 6 0 0 1.2000000000000002 0 0 0.4 0 3.6 0 0.2 0.4 0 0 0.8 0 2.8000000000000003 0 5 0 0 0 0 0 0 0 0 0 0 0 0 0 0 0 0 0 0 0 0 0.2 0 0 0 0 0 0 2.2 0 0.4 0 0 0 0 0 0 0 0.4 0 2.2 0 0 0 0 3.4000000000000004 3.6 3.2 0 0 0 0 0 3.6 0 0 0 0 0 0 0 0 0.2 0.8 2.2 0 0 0 7 2 2 2 4.800000000000001 0.4 8 5.4 1.6 1.4000000000000001 1.4000000000000001 0 9.600000000000001 5.800000000000001 0.2 0 0 0 0 0 0 0 0 0 0 0 0 0 0 0 0 0 0 0 0 0 0 0 0 0 0 0 0 0 0 0 0 0 0 0 0 0 0 0 0 0 0 0 0 0.6000000000000001 2 0 0 0.8 0 3.2 0 0 0 0 0 0.2 0 0 0 0 0 0 0 0 2.6 0 0 0 0 0 0 0 0 3.8000000000000003 2.4000000000000004 2.4000000000000004 0 0 0 2.8000000000000003 0 0 0 0 0 0 0 0 
 10.200000000000001 46 15 37.2 8.6 5 0 25.6 18.8 3.6 23.6 2.6 53 26.400000000000002 70.2 6 3.4000000000000004 7.2 11 37 0 0 0 0 0 0 0 0 0.4 0.8 0 0 0.2 0.6000000000000001 0 0 0 0 0.2 0 0 0 0 0 0 0.4 0 0 0.6000000000000001 0 0 0 0 0 0 0 0.6000000000000001 0.6000000000000001 0 0 0 0 0 0 1 0 0 0 0 0 0 0 0.6000000000000001 0.6000000000000001 0 0 0.6000000000000001 0.6000000000000001 10.600000000000001 0.6000000000000001 0 0 3.6 0.4 3 0 0.4 2.8000000000000003 0 0 2.4000000000000004 3.2 6.4 3 0.6000000000000001 2.2 5.800000000000001 0 2.4000000000000004 2 0 0 0 0 0 0 0 0 0 0 0 0.2 0 0 0 0 1 0 0 0 0 0 0.8 3.2 0 0 0 0.4 0 0 0 0 0.4 2.6 0 0 0 0 0 0 0 0.2 0 0 0.2 0.4 0 0 0 0 0 0.2 0 0 0 0 0 0 0 0 3.2 0 0 0 0 0 2.8000000000000003 6.800000000000001 2.4000000000000004 0 0 0 2 7 0.6000000000000001 6.6000000000000005 2.6 0 1.2000000000000002 2.4000000000000004 0 0 0 0 0 0 0 0 0 0 0 0 0 0 0 0.2 0 0 0 0 0 0 0 0 0 0 0 0 0 0 0 0 0 0 0 0 0 0 0 0 0 0 0 0.4 0.2 0 0 0 0 0 0 0.6000000000000001 0 0 2 0 0 0 0 0 0 0 0 0 0 0 13.200000000000001 0 0 0 0.4 1.6 0 3 0 0 0 0.2 0 0 0 0 2 0 0 0 0 0 0 0 0 0 0 0 0 0 0 0 0 0 0 0 0 0 0 0 0 0 0 0 
 43.400000000000006 18.8 25 27.200000000000003 12.600000000000001 6.4 25.6 0 13.8 5.800000000000001 25 6.800000000000001 84.4 14.8 32.4 26.6 5 49.6 41.2 8.8 0.4 0.4 0 0 0 0 0 0 0 0.4 0.6000000000000001 0 0 1.2000000000000002 0 0.6000000000000001 0 0 0.6000000000000001 0 0 0 0 0.6000000000000001 0 0.4 0 0 0.6000000000000001 0 0.2 0 0 0 0.4 0 0 0.6000000000000001 0 0.6000000000000001 0 0.6000000000000001 0 0 0.4 0 0.4 0 0 0.4 0 0 0 0.6000000000000001 0 0 1 0.6000000000000001 0.4 0.6000000000000001 3.6 1.6 1 2.2 0 0 4.4 0.8 4.800000000000001 2.2 6 0 2.8000000000000003 0 0 2.6 9.200000000000001 6.6000000000000005 4.800000000000001 2.6 0 0 0 0 0.2 0 0 0 0 0 0 0 0 0 0.4 0 0 0 1.8 2.6 0 0 0 0 0 0 0 0 0 0 0.2 0 0 0 0.4 0 0 0 0 0 0 0 0 0 0 0.2 0 0 0 0 0 0 0.4 0 0 0 0 0 0 0 0 0 0 4.6000000000000005 0 0 2.6 0 0 2 0 0 2.6 2.8000000000000003 2.6 2.8000000000000003 4.2 7.6000000000000005 0 0.2 0 0 0 0 0 0 0 0 0 0 0 0 0 0.2 0 0 0 0 0 3.8000000000000003 0 0 0 0 0 0 0 0 0 0 0 0 0 0 0 0 0.4 0 0 1.8 0 0 0 0 0 0.2 0 0 0 0.4 0 2.4000000000000004 0 0.2 0 0 0 0 0 0 0 0 0 0 0 0 0.4 0 1 0 0 2.6 0 0 0 0 0 0 0 0 0 0 0 0 0 0 0 0 0 0 0 0 0 0 0 8 0 0 0 0 0 0 0 0 0 0 0 0 0 0 
 50.800000000000004 98 14.600000000000001 35.6 17.6 10.200000000000001 18.8 13.8 0 98.60000000000001 60.400000000000006 6.2 110.80000000000001 44.6 31.8 118.4 67.4 51.400000000000006 40.6 9.600000000000001 0 0 0 0 0.4 0.4 0 0 0 1 0.4 0 0 0.6000000000000001 0 0.4 0 0 3 14.600000000000001 0 0 0 0 0 0 0 0 0.6000000000000001 0 1.2000000000000002 0 0 0 0 0 0.2 0.6000000000000001 1.4000000000000001 0.4 0 0 0 1.2000000000000002 0.4 0 0 0 0 0 0 0 1.2000000000000002 0.6000000000000001 0.4 0 0.4 0.6000000000000001 0.4 0.6000000000000001 3 6.4 2.8000000000000003 2 7.6000000000000005 2.8000000000000003 0 2.8000000000000003 0 7.2 0 7 2.4000000000000004 10 0.2 8.6 1.8 2.4000000000000004 2.6 2 0 0 0 0 0 0 0 0 0.4 0 0 0 2.6 0 0 0 0 0 1.8 7.6000000000000005 0 0 0 0.4 0 0 0 0 0 0 0 0 0 0 0 0 0 0 0 0 0 0 0 0 0 0 0 0 0 1.4000000000000001 0 0 0 0.2 0 0 0 0 0 0 7.6000000000000005 5.800000000000001 12.200000000000001 2.6 0 0 3 2.6 5.4 4.2 6.6000000000000005 0 2.8000000000000003 2.8000000000000003 0.4 2.2 5.800000000000001 0 3.6 2.8000000000000003 0 0 0 0 0 0 0 0 0 0 0 0 2 0 0 0 0 0 0 0 1.8 0 0 0 0.4 0 0 0 0 0 0 0 0 0 0 0 0 0 0 0 0 0 0 0 0 0 0 0 0 0 0 0 0 0 0 0 0 0 0 0 0 0 0 0 0 0.4 18 0.4 0.6000000000000001 38.2 3.6 1 2.4000000000000004 0 0 0 0 0 0 0 0 0 2.2 0 0 0 0 0 0 0 0 0 0 0 0 0 0 0 0 0 0 0 0 0 0 0 0 0 0 0 
 66.4 73.4 32 47.400000000000006 9 30.8 3.6 5.800000000000001 98.60000000000001 0 48.400000000000006 2.2 46.400000000000006 49.800000000000004 31.8 21.8 23.6 23.6 40 17.6 0 0 0 0 0 0 18.2 0 0 0 0 0 0 0.6000000000000001 0 0 0 0 0 0 0 0 0 0 0 0 12 0 0.6000000000000001 0 0 0 0 0 0 0 0.4 0.6000000000000001 0 0.2 0 0 0 0 0.4 0 0 0 0 0 0 0 1 0.6000000000000001 0 0 0.4 0.6000000000000001 0.4 0.6000000000000001 0 9 5 6 2.8000000000000003 4 0 0 5.6000000000000005 3.4000000000000004 8.4 0 5.2 11.4 5 1.8 0 3.2 0.6000000000000001 2.2 0 0 0 0 0 0 0 0 2.2 0 0 0 0 0 0 0 0 0 2.2 4 0 0 0 0 0 0 0 0 0 0 0 0 0 0 0 0 0 0 0 0 0 0 0 0 0 0 0.6000000000000001 0 0 0 0 0 0 0 0 0 0 0 0 0 3.4000000000000004 5.2 6.2 0.2 2 1.2000000000000002 0 0 0 0.2 3.8000000000000003 2.6 0.2 1.4000000000000001 0 0 0 0.2 0 1.8 0 0 0 0 0 0 0 0 0 0 0 0 0 0 0 0 0 0 0 0 0 0 0 0 0 0 0 0 0 0 0 0 0 0 0 2.6 0 0 0.4 0 0 0 0 0 0 0 0 0 0 0 0 0 0 0 0 0 0 0 0 0 0 0 0 0 0 0.4 18.2 0 0.4 0.4 3.2 1.4000000000000001 2.8000000000000003 0 0 0 0 0 0 0 0 0 2 0 0 0 0 0 0 0 0 0 0 0 0 0.4 0 2.8000000000000003 0 0 0 0 0 0 0 0 0 0 0 0 
 5 18.2 25.6 16 13.8 10.8 23.6 25 60.400000000000006 48.400000000000006 0 11.600000000000001 35.2 57.800000000000004 17.2 36.4 54 14 8.200000000000001 31.400000000000002 0 0 4.4 0 0 0 0 0 0 0 0 0.2 0 0.8 0 0 0 14.600000000000001 0 0 0 0 0.6000000000000001 0 0 0.4 0 0 0 0 0 0 0.6000000000000001 0 0 0 0.4 0 0 0 0.6000000000000001 0 0 0.4 0.2 0 0.6000000000000001 0 0 0 0 0 0 0 0.4 0 0 0 0 0 0 2.4000000000000004 2 2 6 0.2 0 8 2 5.2 1 2.6 0.8 13.8 3 11.600000000000001 5.800000000000001 2 3.6 2 0 0 0 2.2 0 0 0 0 0 0 0 0 0 0 0 0 0 0 4.2 0 0 0 0 0 0 0 0 0 0 0 0 0 0.4 0 0 0 0 0 0 0 0 0 0.2 0 0 0 0 0 0 0.8 0 0 0 0 0 0 0 0 0 0 1.4000000000000001 2.8000000000000003 0.8 6.6000000000000005 3 0 3.6 0 6.6000000000000005 5 3.8000000000000003 0.2 5 1.4000000000000001 0 0.4 7.6000000000000005 4 0 9.200000000000001 0.2 0 0 0 0 0 0 0 0 0 0 0 0 0 0 0.2 0 0 0 0 0 0 0 2.4000000000000004 0 0 0 0 0 0 0 0 0 0 0 0 0 0 0 0 0 0 0 0.4 0 0 0 0 0 0 0 0 0 0 0 0 0 0 0 0 0 0 0 0 0 0.4 19.400000000000002 0 18.2 10.4 0 3 1.2000000000000002 0 0 0 0 0 0 0 0 0 4.6000000000000005 0 0 0 0 0 0 0 0 0 0 0 0 0 0 0 0 0 0 0 0 0 0 0 0 0 0 0 
 7.2 6.4 7.2 5.4 16.400000000000002 53 2.6 6.800000000000001 6.2 2.2 11.600000000000001 0 6 5.6000000000000005 5.4 6.4 46.800000000000004 34 6.6000000000000005 9 14.8 0 0.6000000000000001 0 0 0 15.200000000000001 1.2000000000000002 0 0.2 0.4 0.4 32.4 1.8 0 16 0 0.2 1.2000000000000002 44.400000000000006 0 0.6000000000000001 0.6000000000000001 0.4 0 0.6000000000000001 0.6000000000000001 0 0 0 0.2 0 0.6000000000000001 0 0.8 0.6000000000000001 0.8 1.6 0 0.4 0.6000000000000001 0.6000000000000001 0 0.4 8.8 0 1.2000000000000002 0 0 0.4 0 0 0 0 0.4 0 0.2 0 0 0 0 0.2 2.6 0.2 7.2 2.2 0.2 0 0.2 1.2000000000000002 5 1.4000000000000001 0 0 0 0 0 4.4 0 0 9 0 3 0.2 0 0 2.6 0 2 2.2 0 0 7.6000000000000005 0 6 0 0.2 1.6 4.2 3 0 0 0 0 0 0 0 0 0 1.4000000000000001 0 0 0 0 0 0.2 0 0 0 0 0.6000000000000001 0 0 0 0 0 0 0 0.8 0 0 0 0 0 2 0 0 0 0 0 0 0 2 3.8000000000000003 5.2 0.2 0.4 0 0 0 1.4000000000000001 4 0 0 0 0 0 3 0 0 0 0.4 2.6 0.4 0 0 0 2.2 0.8 0 2.2 0 14.4 5.2 3.8000000000000003 0 0 2 1.4000000000000001 2.6 0 0 0 0 0 0 0 0 0 0 0 0 0 0 0 0.4 0 2 0.4 0 0 0 0 0 0 0 0 0 0 0 0 0 0 0 6.800000000000001 0 0 0 0 0 0 0 0 0 0 0.6000000000000001 0 0 0 17 0 1.4000000000000001 0 0 0.4 0 0 0 0 0.4 0 0 0 0 0 0 0 0 0 0 0 0 0 0 0 0 7.800000000000001 0 0 0 0 0 0 0 0 0 0 0 0 0 
 11.600000000000001 88.4 37.4 14.600000000000001 61.400000000000006 7 53 84.4 110.80000000000001 46.400000000000006 35.2 6 0 15.8 67.8 51.400000000000006 65.4 90.2 35.2 9 0 0 0 0 0 0 0.2 13.600000000000001 0 0 0.2 0 0 0.6000000000000001 0 0 0 0 0 0 0 0 0 0 0 0.2 0 0 0.6000000000000001 0 0 0 0 0 0 0 0 0.6000000000000001 0.6000000000000001 0 0 0 0 0 0.4 10.200000000000001 0 0 0 0 0 0 0.4 0.6000000000000001 0 0 0.6000000000000001 0.6000000000000001 0.4 0.6000000000000001 2.8000000000000003 4 0 1.4000000000000001 2 0 1.8 5 5 2 13 3.4000000000000004 9 5.4 6.800000000000001 4.2 5.4 2.8000000000000003 6.800000000000001 2 0 0 0 0 0 0 0 0 0 0 0 0 0 0 0 0 0 0 1.2000000000000002 0 0 0 0 0.2 0 0 0 0 0 0 0 0.4 0 0 0 0 0 0 0 0 0 0 0 0 0 0 0 0 0 0 0 0 0 0 0 0 0 0 0 0 2 2.6 4.4 0 0 0 2.8000000000000003 1.8 6.4 1.8 1.6 0 4.2 2.8000000000000003 4.6000000000000005 7.6000000000000005 6.2 0 2.2 3.4000000000000004 0 0 0 0 0 0 0 0.2 0 0 0.4 0 0 0 0 0 0 0 0 0 0 0 0 0 0 0 0 0 0 0 0 0 0 0 0 0 0 0 0 0 0 0 0 0 0 0 0 0.4 0 0 0 0 0 0 0 0 0 0 0 0.2 0 0 0 0 0 0 17.8 0 0.4 0.8 0.6000000000000001 2 0 0 0 0 0 0.4 0 0 0 0 5.800000000000001 0 0 0 0 0 0 0 0 0 0 0 0 0 0 0 0 0 0 0 0 0 0 0 0 0 0 0 
 21.6 30.200000000000003 29 23.400000000000002 14.600000000000001 8.8 26.400000000000002 14.8 44.6 49.800000000000004 57.800000000000004 5.6000000000000005 15.8 0 41.400000000000006 87.4 52.6 47 52.400000000000006 26.400000000000002 0 0 0 0 0 0 0.4 0 0.2 0 0 0 0 0.6000000000000001 6.2 0 0 0 0 0 0 0 0 0 0 0 0 0 0.6000000000000001 0 0 0 5.4 0 0 0 1.8 0.6000000000000001 0 1.4000000000000001 0 0 0 0 0.4 0.4 0 0 0 0 0 0 0 11 0 0 0 0.6000000000000001 0.4 0.6000000000000001 0 5.2 1.4000000000000001 1.8 2.2 3 0 1.2000000000000002 0.4 2.4000000000000004 0 0 5 6.6000000000000005 3.4000000000000004 0 0.6000000000000001 0.6000000000000001 5.2 0.4 0 0 0 0 0 0 2 0 0.2 0 0 0 0 0 0 0 0 0 0 0 0 0 0 0.4 3.2 0 0 0 0.2 0 0 0 0 0 0 0 0 0 0 0 0 0 0 0 0 0 0 0 0 2.2 0 0 0 0.2 0 0 0 0 0 0.4 1.2000000000000002 2.4000000000000004 4 2.4000000000000004 2 1.6 0 3 6.6000000000000005 9.8 7 0 2.2 0.4 2.4000000000000004 0 1.6 1.4000000000000001 1.2000000000000002 1.4000000000000001 0 0 0 0 0 0 0 0 2.2 0 0 0 0 0 0 0 0 0 0 0 0 0 0 0 0.4 0 0 0 0 0 0 0 0 0 0 0 0 0 0 0 0 0 0 0 0 0 0 0.2 0.2 0 0 0 0 0 0 0 0 0 0 0 0 2.2 0 0 0 0 17.400000000000002 0 0 1.2000000000000002 0 6.2 0 0 0 0 0.4 0 0 0 0 0 0.4 0 0 0 0 0 0 0 0 0 0 0 0 0 0 0 0 0 0 0 0 0 0 0 0 0 0 0 
 42 37.2 15.4 57.400000000000006 10.8 11.4 70.2 32.4 31.8 31.8 17.2 5.4 67.8 41.400000000000006 0 33.2 21.200000000000003 28 37.6 22.8 0.2 1 0 0 0 0 0.4 0 0.6000000000000001 0.8 0.8 0.6000000000000001 2.4000000000000004 0.6000000000000001 0 0 1 0 16.8 12 0 0.4 0 0 0 0.4 0 0 0.6000000000000001 0.6000000000000001 0.4 0 0.4 0 0 0 2.4000000000000004 1.8 0 1.4000000000000001 0.6000000000000001 0.4 0 0 0.4 0 0 0 0 0 0 0 1.8 0.6000000000000001 0 0 0 0.6000000000000001 0.4 1.2000000000000002 0 2.4000000000000004 13.200000000000001 9 0 2 0.4 0 3.6 2.4000000000000004 2.2 0 3.2 0 3.6 0 2.2 3.4000000000000004 2.4000000000000004 0 1.8 0.2 0 0 0 0 0 0 0 0 0 0 3 0 0 0 0 0 0 3.2 0.2 0 0 0 0 0 0 0 0 0 0 0 0 0 0 0 0 0.2 0 0 2 0 0 0 0 0 0 0.4 0 0 0 0 0 0 0 0 0 0 0 0 2 0.6000000000000001 0.2 4.800000000000001 2.4000000000000004 1.4000000000000001 0 3 0.4 3 0 0 2 9 6.4 2.6 1.8 3.4000000000000004 1.6 0 0 0 0 0 0 0 0.4 0 0 0 0 2 0 0 0 0 0 0 0 2.6 0 0 0 0 0 0 0 0 0 0 0 0 0 0 0.2 0 0 0 0 2 0 0 0 0 0 0 0 0 0 0 0 0 0 0 0 0 0 0 0 0 0 1.6 0 0 0 0 0 0 0 1 0.2 1.8 0 0 0 0 0 0 0 0 0 0 0 0 0 0 0 0 0 0 0 0 0 0 0 2 0 0 0 0 0 0 0 0 0 0 0 0 0 0 
 13.4 68.2 28 44.6 18.2 32.6 6 26.6 118.4 21.8 36.4 6.4 51.400000000000006 87.4 33.2 0 31.8 66.60000000000001 5.6000000000000005 28.8 0 0 0 0 0 0.2 1.2000000000000002 0 0 0 0 0 0 0.6000000000000001 0 0 0.2 14.600000000000001 0 0 0 0 0 0 0 0 3.4000000000000004 10 0.6000000000000001 0 0 0 0 0 12.4 0 0.4 0.6000000000000001 0 0.2 0 0 0 0 0.4 0 0 0 0 0 0 0 0 0.6000000000000001 0 0 0.4 1 0.4 0.6000000000000001 2.2 9 8 2.4000000000000004 5.2 4.800000000000001 3 3.8000000000000003 0.8 0 0 0 0 3.6 2.8000000000000003 7.6000000000000005 2 0.6000000000000001 3 5.6000000000000005 0 0 0 0 0 0 0 0 0 0 0 0 0 0 0 0 0 0 0 2 0 0 0 0 0 0 0 0 0 0 0 0 0 0 0 0 0 0 0 0 0 0 0 0 0 1.6 0.6000000000000001 0 0 0 0 0 0 0 0 0 0 0 0 0 0.2 0.2 2.8000000000000003 0.2 3.2 0 3 0 3.4000000000000004 4.6000000000000005 4.6000000000000005 2.6 2 1.2000000000000002 2.4000000000000004 3 0 0 0 0 0 0 0 0 0 0 0 0 0 0 0 0 0 0 0 0 0 0 0 0.4 0 0.4 0 0 0 0 0 0.2 0 0 0 0 0 0 0 0 0 0 0 0 0 0 0 3.8000000000000003 0 0 0 0 0 0 0 0 0 0 0 0 0 0 0 0 0 0.2 0 0 0.4 0 19 0 17.6 0.6000000000000001 3.2 2.2 0 0 0 0 0 0 0 0 0 0 2.8000000000000003 0 0 0 0 0 0 0 0 0 0 0 0 0 0 2.6 0 0 0 0 0 0 0 0 0 0 0 0 
 3.4000000000000004 51.400000000000006 16.400000000000002 39.800000000000004 8.200000000000001 72.4 3.4000000000000004 5 67.4 23.6 54 46.800000000000004 65.4 52.6 21.200000000000003 31.8 0 71.2 24.200000000000003 5.4 0 0 0 0 0.2 0 0.2 0 0 0.2 0 0 2.2 0.6000000000000001 0 0 0.8 0 14.8 11.200000000000001 0 0 0 0 0 0 0 0 0.6000000000000001 0 0 0 0 0 0 0 1 1.8 0 1.4000000000000001 0 0 0 0 0.6000000000000001 0 0 0 0 0 0.4 0 0.2 0.6000000000000001 0 0 0.4 0.6000000000000001 0.4 0.6000000000000001 0 2.2 1.8 0.2 3.6 2.2 0 2.4000000000000004 3.4000000000000004 7.6000000000000005 2.4000000000000004 0.8 1.8 1.8 3.6 0 2.2 3.8000000000000003 3.2 0 1.8 0 0 0 0 0 0 0 0.2 0 0 0 4.800000000000001 0 0.8 0 0 1.6 6.6000000000000005 3.2 0 0 0 0 0 0 0 0 0 0 1.2000000000000002 0 0 0 0 0 0 0 0 0 1.4000000000000001 0 0 0 0 0 0.2 0 0 0 0 0 0 0 0 0 0 0 3 0 3 0 0 11 5 6 2 0 3.6 4.800000000000001 4.4 2.6 3.6 0 4.4 0.2 9.4 4.6000000000000005 0 0.4 0 0 0 0 0 0 2.4000000000000004 0 0 0 0 0 0.4 1.8 0 0 0 0 2.2 0 0 0 0 0 0 0 0 0 0 0 0 0 0 0 0 0 0 0 0 0 0 0 0 0 0 0 0 0 0 0 0 0 0 0 0 0 0 0 0 0 0 5 0 0 0 0.2 0.4 0 0.8 26.200000000000003 0.2 0.6000000000000001 0 0 0 0 0 0 0 0 0 0 0 0 0 0 0 0 0 0 0 0 0 0 0 1.8 0 2.6 0 0 0 0 0 0 0 0 0 0 0 0 
 5.800000000000001 47.2 23 12.600000000000001 5 9.4 7.2 49.6 51.400000000000006 23.6 14 34 90.2 47 28 66.60000000000001 71.2 0 6 47.400000000000006 0 0 0 0 0.2 0 0 0 0 0.4 0 0 15.200000000000001 0.6000000000000001 0 0.2 0 0 15.200000000000001 11.200000000000001 0 5.2 0 0 0 0.4 0 0 0.6000000000000001 0 0 0 0 0 0 0 0 11.600000000000001 0 1.8 0 10.200000000000001 0 0 0.4 0 0 0 0 0 9.600000000000001 0.2 0 0.6000000000000001 0 0 0.2 0.6000000000000001 0.4 0.6000000000000001 3 7 0 0 2.2 1 0 0 2.8000000000000003 4.4 2 3.4000000000000004 0.2 5.4 2.8000000000000003 2.6 0 2 0 0.2 1.6 0 0 0 0 0 0 0 0.2 0 0 0 5.800000000000001 0 0 0 0 0 0 5.800000000000001 0 0 0 0.4 0 0 0 0 0 0 0 0 0 0 0 0 0 0 0 0 0 0 0 0 0 0 0 0 0 0.8 0 0 0 0 0 0 0 0.4 0 0.4 1.2000000000000002 2.8000000000000003 2 6.2 0 2 0 0 2.6 4.6000000000000005 2.2 0.2 0 0 0 0 0 2 0 0 0 0 0 0 0 0 0 0.4 0.4 0 0.2 0 1.2000000000000002 2 0 0 0 0 0 0 1.6 0 0 0 0.4 0 0 0 0 0 0 0 0 0 0 0 0 0 0 0 0 0 0 0 0 0.2 0 0.2 0 0 4.6000000000000005 0 0 0 0 0 0 0 0 0 0 2.2 0 0 0 1.2000000000000002 0 0 0.6000000000000001 9 2.8000000000000003 3.8000000000000003 0 0 0 0 0 0 0 0 0 0 0 0 0 0 0 0 0 0 0 0 0 0 0 0 0 0 0 0 0 0 0 0 0 0 0 0 0 0 
 54.6 33.6 65.4 63.800000000000004 19 10.4 11 41.2 40.6 40 8.200000000000001 6.6000000000000005 35.2 52.400000000000006 37.6 5.6000000000000005 24.200000000000003 6 0 39.6 0 0.4 0.2 0 0 0 0.2 0 0 0 0 0 0 0.6000000000000001 0 0 0 0 0 0 0 0 0 0 0 0.2 0 0 0.6000000000000001 0 0 0.4 0.4 0 0 0 0 0.6000000000000001 0.6000000000000001 0 0 0 0 0 0.4 0 0 0 0 0 0 0 0 0.6000000000000001 0 0 0.4 0.6000000000000001 0.4 0.6000000000000001 0.2 3.8000000000000003 0 3.2 6.800000000000001 0 3.2 0 0 0 1.4000000000000001 0.2 1.8 5.2 4.6000000000000005 0 0 4.6000000000000005 7.2 3.4000000000000004 0 0 0 0 0.2 0 0 0 0 0 0 0 0 0 0.4 0 0 0 0 0 0 0 0 0 0 0 0 0 0 0 0.2 0 0 0 0.4 0 0 0 0 0 0 0 0 0 0 0 0 0.8 0 0 0 0 0.4 0 0.2 0 0 0 0 0 0 3.8000000000000003 4 0 0 0 2.8000000000000003 0 5.4 2 3.4000000000000004 0 2.4000000000000004 3.2 7.2 2.2 4.800000000000001 0 0 5.4 0 0 0 0 0 0 0 0 0 0 0 0 0 0 0 0 0 0 0 0 0 0 0 0 0 0 0 0 0 0 0 0 0 0 0 0 0.4 0 0 0 0 0 0 0 0 0 0 0 0 0.4 0 0 0 0 0 0.2 0 0 0 0 0 0 0 0 0 0.8 0.4 0 0.4 8.200000000000001 0 4.2 0 0 0 0 0 0 0 0 0 0 0 0 0 0 0 0 0 0 0 0 0 0 0 0 0 0 0 0 0 0 0 0 0 0 0 0 0 0 
 46.400000000000006 6.6000000000000005 25.8 12 54.2 10 37 8.8 9.600000000000001 17.6 31.400000000000002 9 9 26.400000000000002 22.8 28.8 5.4 47.400000000000006 39.6 0 0 0 0 0 0 0 0 0.2 0 0 6.6000000000000005 0 0 0.6000000000000001 0 0 0 0 0.4 0 0 0 0 0 0 0.2 0 0 0.6000000000000001 0 0 0 0 0 0 0 0 0.6000000000000001 0 0 0 8.4 0 0 0.4 0 0 0 0 0 0 0 15.8 0.6000000000000001 0 0 0.6000000000000001 0.6000000000000001 0.4 0.6000000000000001 1.6 0 0 0 0 3.4000000000000004 2.2 0 0 0 0 0 0 0 2.2 0 2.2 3.6 0.6000000000000001 0 0 0 0.2 0 0 0 0 4.6000000000000005 0 0 0 0 0.2 0 0 3 0 0 0 2.8000000000000003 0 0 0 0 0 0 0 0 0 0 0 0 0 0 0 0.4 0 0 0 0 0 0 0 0 0 0 0 0 0 0 0 0 0 0 0 0 0 0 0 0 0 1.2000000000000002 0 0 0 0 3 5.4 0 0 0 0 0.2 2.6 0 0 0 0 0 2.8000000000000003 0 0 0 0 0.4 0 0 0 0 0 0 0 0 0 0 0 0 0 0 0 0 0 0 0 0 0 0 0 0 0 0 0 0 0 0 0 0 0 0 4.4 0 0 0 0 0 0 0 0 0 0 0 0 0 0 0 0 0 0 0 0 0 0 0 0 0 0 0 0.2 0.6000000000000001 0.4 0 0.6000000000000001 0 0 0 0 0 0 0 0 0 0 0 0 0 0 0 0 0 0 0 0 0 0 0 0 0 0 0 0 0 0 0 0 0 0 0 0 0 0 
 0 0 0 0 31 14.8 0 0.4 0 0 0 14.8 0 0 0.2 0 0 0 0 0 0 32.800000000000004 56.800000000000004 23.400000000000002 43.2 5.800000000000001 43.2 29.200000000000003 25.6 9 7.800000000000001 22.200000000000003 29.400000000000002 30.6 54.2 56.400000000000006 9 49.2 7.6000000000000005 8.4 0.4 2 0.6000000000000001 0 0 2.2 0.4 0 0.4 1 0.4 0.4 13 0.4 0 0 0.4 0.8 0.2 0 1.2000000000000002 0.4 0 0 0 0.6000000000000001 0 0 0.6000000000000001 0.4 0.6000000000000001 0.8 1.6 0 0 0.4 1 1.2000000000000002 0.6000000000000001 0.6000000000000001 0 0 0 0 0 4.6000000000000005 0 0 0 0 0 0 0 0 0 0 5.2 0 0 0 5.6000000000000005 6.6000000000000005 7.2 4.2 1.4000000000000001 1.6 0 1.2000000000000002 3.8000000000000003 9.4 5.800000000000001 0.2 0 0.2 3 4.2 4.4 7.800000000000001 0 0 2.6 0 0 0 0 0 0 0 0 0 0 0 1.8 3.6 0 0 0 0 6.2 0.2 0 0 0 0 0 1 0 0.2 0 0 0 2 0 0 0 0 0 0 0 1.8 0 0 0 0 4 1.2000000000000002 0 0 0 0.2 0 0.2 0 0 0 0 0 0 0 0 8.8 4 2.6 12 1.4000000000000001 1.2000000000000002 0 3.8000000000000003 5.4 2.8000000000000003 5.4 3.6 5.2 0.2 0.8 3.2 4.4 4.800000000000001 1.6 0 0 0 0 0 0 0 0 0 0 0 0 0 3 4.2 0 0 0 0.4 0.2 0 0 0 0.4 0 0 0 0 0 0 0 0 0 0 0 0 0 0 0 0 0 0 0 2.8000000000000003 0 0 13.600000000000001 0 0 0 0 0 0 0 0.4 0.8 0 0.4 0.2 15.4 0 0.8 0 0 0 0 0 0 0 0 0 0 0 0 0 0 0 0 0 0 0 0 3.8000000000000003 0 0 0 1.8 0 0.8 0 0 
 0 0 0 0 0.2 16.400000000000002 0 0.4 0 0 0 0 0 0 1 0 0 0 0.4 0 32.800000000000004 0 62.400000000000006 33.2 53.6 5.4 49.2 54.800000000000004 47.800000000000004 25.6 51.800000000000004 15.200000000000001 25.400000000000002 10.200000000000001 58.6 79.80000000000001 37.6 55 80.80000000000001 48.6 0 0.2 0 0 0 0.4 0.6000000000000001 0 0 11.600000000000001 0 0 4 0.2 0 0 0 0.4 0 5.2 0 1 0 0 0 0 0.4 0 0.6000000000000001 0.4 0 0 0.4 0 0 0.4 0 0 0.6000000000000001 0.6000000000000001 0 0 0 0 4.800000000000001 0 0 0 0 0 0 0 2.8000000000000003 0 0 0 0 0 0 0 2.4000000000000004 6 0 5.4 1.2000000000000002 0 2.2 5.6000000000000005 2 0.2 2.4000000000000004 0 0 4.4 5 8.6 1.2000000000000002 6.4 0.2 0 0 0 0 0 0 0 0 0 0 0 0 0 0 0 0 0 0 0 0 0 0 1.6 0 0 0 0 2.2 0 0 0 0 0 0 0 0 0 0 0 0 0 0 0 0 0 3 0 0.6000000000000001 1 0 0 0 0 0 0 0 0 0 0.2 0 0.6000000000000001 5 5.2 14 3 0 2.6 0 1.8 2 0 0.4 1.8 4.4 0.2 0 0 8.6 0 1.8 0.2 0 0 0 0 0 0 2.6 0 0 0 0 0 0 0 0 0 0 0 0 3.2 0 0 0 0 0 0 0 0 0 0 0 0 0 0 0 0 0 0 0 0 0 0 3.2 0 0 0 0 0 0 0 0 0 0 0 0.6000000000000001 0 0 0 15.200000000000001 0 0.8 0 0 0 0 0 0 0 0 0 0 0 0 0 0 0 0 0 0 0 0 1.6 0 0 0 0 0 0 0 0 
 0 0 0 0 14.600000000000001 0 0 0 0 0 4.4 0.6000000000000001 0 0 0 0 0 0 0.2 0 56.800000000000004 62.400000000000006 0 59.2 27.8 6.800000000000001 51 17.8 90 70.60000000000001 68.60000000000001 84.4 13 85 78 32 28.8 34.800000000000004 7 13.600000000000001 1.4000000000000001 0.4 0 0 0 1 0 0.2 0 0 0 0.2 0.2 0.2 0 0 0 0.4 0 0 0 0 0 0 0 0.2 8 0 0.6000000000000001 0.6000000000000001 0 0 0.4 8.200000000000001 0 0.4 0 0 0.6000000000000001 0.8 0 0 0 0 0 1.4000000000000001 0 0 0 0 0 0 0 0 0 0 0 0 0 0 0.4 2.2 5.2 0 2 6 0 1.6 1.8 4.2 2 2.4000000000000004 0 2 2.4000000000000004 10.600000000000001 0 4.800000000000001 0 5 3.8000000000000003 0 2 0 0 0 0 0 0 0 0 2.8000000000000003 1.8 0.2 0 0 0 0 3 4.2 0 0 0 0 0 2.6 0 0 0 0 0 0 0 0 0 0 0 0 0 0.2 0 0 0 0 0 0.6000000000000001 0 0 0 0 0 0 0 0 0 0 0 0 0 0 3.2 0 4.4 9 7 3 4.4 5.6000000000000005 3.8000000000000003 0.6000000000000001 6.2 4.2 0 0 8.8 3 4 4.4 0 0.8 3.4000000000000004 0 0 0 0 0 0 0 0 0 0 0 8.6 0 2.2 0 0 0 9.8 0 0 0 0 0 0 0 0 0 0 0 0 0 0 0 0 0 0 0 0 0 0 0 0.2 0 0 0 0 0 0 0 0 0 0 0 1.4000000000000001 0.2 0.4 15.200000000000001 0 0 0.4 0 0 0 0 0 1.2000000000000002 0 0 0 0 0 0 0 0 0 0 0 0 0 0 4.2 0 0 0 2.2 0 0 0 0 
 0 0 0 0 16.400000000000002 0.4 0 0 0 0 0 0 0 0 0 0 0 0 0 0 23.400000000000002 33.2 59.2 0 32.800000000000004 10.200000000000001 31.6 17.6 63.400000000000006 46.6 8 61.800000000000004 16.2 35.800000000000004 49.6 24 44 68.4 31 58.400000000000006 0 0.2 0 0 0 2 7.2 0 0 0 0 0 0.2 0.6000000000000001 0 0 0 0.4 0.2 0 0 0 0 1.6 0.2 0.6000000000000001 0 0 0.6000000000000001 0.4 0 0 0.4 5.800000000000001 0 0.4 0 0 0.6000000000000001 1.6 0 0 0 0.4 0 0 0 0 0 0 0 0 0 0 0 0 0 0 0 0 2.2 2.8000000000000003 4.800000000000001 0 0 1.4000000000000001 0 1.8 1.4000000000000001 5.2 2.6 0 0 1.2000000000000002 6 6.6000000000000005 0 0 0 3.4000000000000004 4.6000000000000005 2.2 0 0 0 0 0 0.2 0 0 0 0 0.2 0 0.6000000000000001 0 4 0 9.4 2.6 0 0 0 0 0 1 0 0 0 0 0 1.8 0 0 0 0 0 0 0 1.6 0 0 0 0 0 0 0 0 0 0 0 0 0 0 0 0 0 0 0 0 1.6 0 2.2 5.4 2.4000000000000004 0 3.8000000000000003 2.6 3.4000000000000004 7 7 5.2 0 0 3.4000000000000004 0.4 3.4000000000000004 8.200000000000001 0 2.6 3.2 2.2 0 0 3.6 0 0 0.4 0 0 0 0 4.800000000000001 6 0 0 0 0 0 0 0 0 0 0 6 0 0 0 0 0.4 0 0 0 0 0 0 0 0 0 0 0 0 0 0 0 0 0 0 0 0 0 0 0 0 2.6 0 0.4 0 14.8 0.2 0 0.4 0 0 0 0 0 0 0 0 0 0 0 0 0 0 0 0 0 2.4000000000000004 0 6.4 0 0 0 0 1.8 0 0 0 
 0 0 0 0 0 0 0 0 0.4 0 0 0 0 0 0 0 0.2 0.2 0 0 43.2 53.6 27.8 32.800000000000004 0 41.800000000000004 16.2 12.8 37.4 99.2 16.2 27 17 13.200000000000001 36.4 14.8 72.60000000000001 10.200000000000001 14.600000000000001 10.4 25.200000000000003 0.2 0 0 0 0.2 14.4 13.200000000000001 12.600000000000001 12 0 0 14.600000000000001 12.200000000000001 6 0.4 0.2 7.2 19.400000000000002 0 0 0 0 0 0 0 0 0 0.6000000000000001 0.6000000000000001 0 0 0.4 0 0 0.4 0 0 0.6000000000000001 0.6000000000000001 0 0 0 0 0 0 0 0 0 0 0 0 0 0 0.2 0 0 0 0 0 0 0 0 0.2 4.800000000000001 1.6 0 0 2.6 1.8 0.4 0 0 0 0 2.8000000000000003 13.200000000000001 0 0 0 3 7.800000000000001 4.800000000000001 2.4000000000000004 0 0 4.2 3.6 3.8000000000000003 0 0 0 4 2 7.2 0 0 0.2 11.600000000000001 7.6000000000000005 0 0 0 0 0 0 0 0 0.6000000000000001 0 0 2.4000000000000004 0 0 0 0 0 0 0 2.4000000000000004 0 0.2 0 0.6000000000000001 0 0 0 0 0 0 0.6000000000000001 0 0 0 0 0 0 0 0 0 0 0 0 5.2 7.6000000000000005 1 0 0 3.6 3.2 0.2 8 0 0.2 0 5.6000000000000005 0 0 0 0 6 3.6 0.4 0 0 0 5.2 6 0 0 0 0 5.800000000000001 5 7 4.4 8.200000000000001 0 2.6 0 0 0 0 0 1.4000000000000001 0 0 0 0 0 0 0 0 0 0 0 0 0 0 0 0 0 0 0 0 0.4 0 0 0 0 0 0 0 0 1.6 0 0.4 15.200000000000001 0 0 0.4 2 0 0 0 0 1.8 0 0 0 0 0 0 0 0 0 0 0 0 0.6000000000000001 0 3.8000000000000003 0 0 0 0 0 12.200000000000001 0 0 
 0 0 0 0 0.2 0 0 0 0.4 0 0 0 0 0 0 0.2 0 0 0 0 5.800000000000001 5.4 6.800000000000001 10.200000000000001 41.800000000000004 0 9 6 11.8 41.6 37.2 28.8 6.800000000000001 13.4 20.6 15.8 36.2 10.8 20.6 12 23.200000000000003 0 0 0 0 0.2 0 4.800000000000001 0 1.8 0 0 4.2 12.8 0 0.2 0 0.6000000000000001 27.8 0 0 0 0 0 0 0 0 0 0.6000000000000001 0.6000000000000001 0 0 0.4 0 0 0.4 0 0 0.6000000000000001 0.6000000000000001 0 0 0 0 0 0 0 0 0 0 0 0 0 0 0 0 0 0 0 0 0 2.4000000000000004 0 0 0.8 0 0 2 0 0 2.8000000000000003 2.8000000000000003 0 0 1.8 0 0 0 0 0 0 2.6 4.2 2 0 0 2.4000000000000004 3.8000000000000003 4.2 0.4 1.8 2.2 3.4000000000000004 4.4 4.2 2 0 0 0.4 9.600000000000001 0 0 0 0 0 0 0 0 0.8 0 0 0 0 0 0 0 0 0 0 0 0 0 0 0 0 0 0.6000000000000001 0.6000000000000001 0.8 0 0 0 0 0 4.2 0 0 0 0 0.6000000000000001 0 2.6 9.8 3.2 8 2.4000000000000004 0 0 5.2 4.6000000000000005 0 0 0 0 0 2.8000000000000003 0 0 0 0 2.6 5.2 0 0 0.2 0 6.800000000000001 1.8 0.2 2.6 0 0 0 2.4000000000000004 0 0 6.2 0 4.4 4.4 0 0 0 0 0 0 0 0 0 0 0 0 0 0 0 0 0 0 0 0 0 0 0 0 0 0.2 0 0 0 0 0 0 0 0 2.8000000000000003 0 1 7 0 0 3.2 2.2 0 0 0 0 0 0 0 0 0 0 0 0 0 0 0 0 0 0 0 0 0 0 0 0 0 0 0 0 
 0 0 1.2000000000000002 0 0.6000000000000001 0 0 0 0 18.2 0 15.200000000000001 0.2 0.4 0.4 1.2000000000000002 0.2 0 0.2 0 43.2 49.2 51 31.6 16.2 9 0 52.6 36 72 80 20 35.6 26 63.6 11.600000000000001 22.8 34.800000000000004 42.400000000000006 12.8 0.4 0.2 0 0 0 0.6000000000000001 0 0 0 0 0 0 0.2 0 0 0 0 0.4 1.2000000000000002 0.6000000000000001 0 0.4 0 0 0 9.600000000000001 0.4 0.6000000000000001 0.6000000000000001 0.4 0 0.6000000000000001 0.4 0.8 0 0.4 0 0.8 1.2000000000000002 1.2000000000000002 0 0 0 0 0 0 0 0 0 0 0.4 0 0 0 0 0 0 0 0 0 0 0.2 6 2.6 0 1.4000000000000001 2 2.2 0 11.4 0 4.2 4.2 9.4 5.6000000000000005 9.4 7 3.2 0 3.6 0 0 0 0 0 0 1.4000000000000001 0 0 0 0 0 0.2 0 0 0 0 0 2.6 0 0 0 0 0 0 0 0 0.2 0 0 0 0 0 0 0 0 0 0.4 0 0 0 0 0 0 8.4 0 0 0 0 0 0 0 0 0 0 0 0 0 2.4000000000000004 0 0.8 4.4 2.2 2.8000000000000003 0 5.2 6.2 2.8000000000000003 0.2 5.2 4 0 0 3.8000000000000003 4.4 0 2.2 5.4 0.2 2.4000000000000004 0 0 0 0 0 0 0 0 0 0 0.2 0 0 0.2 0 0 0 0 2.6 0 0 0 0 0 0 0 0 0 0 0 0 0 0 0 0 0 0 0 0 0 0 0 0 0 0 0 0 0 0 0 0 0 0 0.4 0.6000000000000001 0.2 0 15 15 0.4 0.6000000000000001 0 0 0 0 0 0 0 0 0 0 0 0 9.600000000000001 0 0 0 0.2 0 0 0 3.2 0 0 0 2.2 0 0 0 0 
 0.6000000000000001 0 0 0 15.600000000000001 19.6 0 0 0 0 0 1.2000000000000002 13.600000000000001 0 0 0 0 0 0 0.2 29.200000000000003 54.800000000000004 17.8 17.6 12.8 6 52.6 0 31.200000000000003 25 36.2 5.2 50 34.6 75 23.8 8 62.6 99.80000000000001 26.8 0 0.2 0 0 0 0.4 0 0 0 0 0 0 0.2 0.2 0 0 0 0.4 0 0 0 0 0.6000000000000001 1 0 0.4 0 0 0.6000000000000001 0.4 0 0.2 0.4 1.8 0 0.4 0 0 0.6000000000000001 9.600000000000001 0 0 0 0 0 0 0 0 0 0 0 0 0 0 0 0 0 0 0 0 7 0 0 2.6 1 1.8 0 4.2 0.6000000000000001 0.2 0.4 2.8000000000000003 1 3.6 0.2 3 8.6 4.4 4.6000000000000005 0 0 0 0 0 0 0 1.2000000000000002 0 0 0 6.2 0 0.2 0 0 0 0 0 3 0 0 0 0 0 0 0 0 0 0 0 0 0 0 0 0 0 0 0 0 0.4 0 0 0 0 0.2 0 0 0.2 0 0 0 0 0 0 0 0 0 0 0 0 3.6 2.8000000000000003 3.4000000000000004 3.6 0 5.6000000000000005 5.800000000000001 6.2 0 0 0 2.8000000000000003 7 2.8000000000000003 5.4 0 6.4 6.4 4.2 1.4000000000000001 0 0 0 0 0 0 0.4 0 0 0 0 0 0 0 2.6 0 0 0 0 0.2 0 0 0 0 0 0 0 0.2 0 0 0 0 0 0 0 0 0 0.2 0.4 0 0 0 0 0 0 0 0 0 0 0 0 0 0 0 3 0 0 0 0 0 0.8 0 0 0 0 0 0 0 0 0 0 0 0 0 0 0 5 0 0 0 0 2.4000000000000004 0 0 0 0 2.6 0 0 0 
 0.2 41.2 0 41.800000000000004 0 0 0.4 0 0 0 0 0 0 0.2 0.6000000000000001 0 0 0 0 0 25.6 47.800000000000004 90 63.400000000000006 37.4 11.8 36 31.200000000000003 0 35 54.800000000000004 22.8 40.800000000000004 24.6 34.6 45.800000000000004 149.8 35.6 30.400000000000002 8 0.2 0 0 0 0 0.8 0 0 0 0 0 0 0.2 0.2 0 0 0.4 0.6000000000000001 12.8 0 0.8 0.4 0.6000000000000001 0 0 0.2 5.4 0 0.6000000000000001 0.6000000000000001 0.4 0.4 1.2000000000000002 0.6000000000000001 0 0.4 0 0.8 0.6000000000000001 1.2000000000000002 0 0 0 0 0 0 0 0 0 0 0 0 0 0 0 0 0 0.4 0 0 2.2 0 3.2 0 3.8000000000000003 1.8 0 4 2.2 3.8000000000000003 8.200000000000001 1 0.2 3 2.4000000000000004 8.6 0 0 0 2.4000000000000004 2.8000000000000003 0 0.2 0 0 0 0.2 0.4 0.2 0 0 0.4 0.2 1.4000000000000001 0 0 1 0 1.2000000000000002 0.2 0 0 0 0 0 0 0 0 1.6 0 0 1 0 0 0 0 0.4 0 0 0.8 0 0 0 0 0 0 0 0 0 0 3 0 0 0 0 0.4 0 0 0 0.2 1.6 2.4000000000000004 0.6000000000000001 2 2.2 0 2.4000000000000004 0 2.6 11 2.2 4.2 0 0 2 2.2 4 4 0 2 1.2000000000000002 0.2 0 0 0 0 6.800000000000001 0 0 0 0 0 1.8 2 1.6 0 0 0 0 2.8000000000000003 0 0 0 0 0 0 0 0 0 0.2 0 0 0 0 1.8 0 0 0 0 0 0 0 0 0 0 0 0 0 0 0 0 0 0 0 0.6000000000000001 0 0.4 0.2 8.200000000000001 0.2 0.2 3.4000000000000004 0 0 0 0 2.2 0 0 0 0 0 0 0 0 0 0 0 0 0 0 8.4 0 0 0 0 0 0 0 0 
 0.2 0 0 0 0 0 0.8 0.4 1 0 0 0.2 0 0 0.8 0 0.2 0.4 0 0 9 25.6 70.60000000000001 46.6 99.2 41.6 72 25 35 0 55.400000000000006 25.400000000000002 10.8 15.600000000000001 46.6 77.60000000000001 63.2 13 57.2 11.4 0 0 0 0 0 0.6000000000000001 0 12.600000000000001 0 0 0 0 13.600000000000001 0.4 1.4000000000000001 0 0 0.4 0 0 0 0 0 0.4 0 0.8 0 0 0.6000000000000001 0.6000000000000001 0.4 0 0.4 0 0 0.6000000000000001 0 0 0.6000000000000001 12.200000000000001 0 0 0 0 0 0 0 0 0 0 0 0 0.2 0 0.4 0 0 0 0 0 0 3 3.4000000000000004 1.8 3.6 3.4000000000000004 0 4 8.200000000000001 7.800000000000001 6.800000000000001 4 0 0 2.2 7.800000000000001 0 2.2 0 0 3.6 1.6 0 0 0 0 7.4 0 0.2 0 0.2 0 3.6 0.2 0 0 0 0.4 0 11.4 0 0 0 0 0 0 0 0 0.4 0 0 0.2 0 0 0 1.4000000000000001 0 0 0 0.2 0 0 0 0 0 0 1.2000000000000002 0.6000000000000001 2.6 0 0 2.6 0 0 0 0 0 0 0 0.4 0 4.4 3.6 4.4 12.8 14.8 0 4.800000000000001 2.8000000000000003 0.2 0 4.800000000000001 0 0.2 0 5 11 5 0 0 10 7 0.2 0 0 0 0 0.4 0 0 0 0 2.6 0.2 6.2 0 0 0 5.2 3 0 0 0 0 5 0 0 2.4000000000000004 0 1.8 0 0 0.4 0 0 0 0 0 0 0 0 0 0.2 0 0 0 0 0 0 0 0 0 0 0 1 0.4 0 15.4 0.4 0.6000000000000001 3.4000000000000004 0.4 0 0 0 0 2 0 0 0 0 0 0 0 0 0 0 0 0 0 0 0 0 0 0 1.8 0 0 0 0 
 0 0 14.8 0 0 0 0 0.6000000000000001 0.4 0 0 0.4 0.2 0 0.8 0 0 0 0 6.6000000000000005 7.800000000000001 51.800000000000004 68.60000000000001 8 16.2 37.2 80 36.2 54.800000000000004 55.400000000000006 0 102.60000000000001 7 65.8 37.4 33.2 41.400000000000006 42 39.6 78.60000000000001 0 0 0 0 0 1 0 0 0 0 0 0 14 0 0.6000000000000001 0 0 0.6000000000000001 0 0 0.2 3.8000000000000003 0.6000000000000001 0.4 1.2000000000000002 0 1.2000000000000002 0 0.6000000000000001 0.6000000000000001 0 0 0.4 0.4 0 0.4 0 0 0.6000000000000001 0.6000000000000001 0 0 0 0 0 4 0 0.4 2 0 0.4 0 0 0 0 0 0 0 0 0 0 15.8 0 6.6000000000000005 4.6000000000000005 4.6000000000000005 2.6 11 2.8000000000000003 5.6000000000000005 0 5.4 0 2 5.2 4 6 7 0 0 1.2000000000000002 0 0 0 0.2 0 0.4 0 0.2 0 0 0 0.2 0 0 0 0 0 0 4.6000000000000005 0 0 0 0 0 0.4 0 0.2 0 0 0.4 0 0 0 0 0 0 0.4 0 0 0 0 0 0 2.6 0 0.8 0.6000000000000001 1 0 0 0 0 0 0 0 0 0 0 0.4 1.2000000000000002 4 2.8000000000000003 10.8 8.200000000000001 6.2 4.6000000000000005 2.8000000000000003 3.2 0 0 3.2 0 0 2 4.4 1.4000000000000001 1.8 0 0 2.2 0 0 0 0 0 0 2 0 0 0.2 0 3.2 0.2 0 0 0 0 2.2 2.4000000000000004 0 0 0 0 0.2 0 0 0 0 0 0 0 0 0 0 0 0 0 0 0 0 0 4 0 0 0 0 0 0 0 0 0 0 0.4 3.8000000000000003 0.4 0.2 8 0.4 0.2 2.6 0.2 0 0 0 0 0 0 0 0 0 0 0 0 0 0 0 0.4 0 0 0 0 0 0 0 2 0 0 0 0.2 
 0 0 0 15.200000000000001 0 0 0 0 0 0 0.2 0.4 0 0 0.6000000000000001 0 0 0 0 0 22.200000000000003 15.200000000000001 84.4 61.800000000000004 27 28.8 20 5.2 22.8 25.400000000000002 102.60000000000001 0 9.200000000000001 8.200000000000001 9.600000000000001 39 55.800000000000004 14.600000000000001 7 24.400000000000002 0 0 0 0 0 1.2000000000000002 0 0 0 0 0 0 0.4 0.4 0 0 0 0.6000000000000001 4 0 0 0 0 2.8000000000000003 0 1.2000000000000002 0.4 0 0.6000000000000001 0.6000000000000001 0 0 0.4 0 0 0.4 0 0 0.6000000000000001 2 0 0 0 0 0 0 0 0 0 0 0 0 0 0 0 0 0 0 1.8 0 0 0 6.800000000000001 0 0 4 0 3.8000000000000003 0 4.2 10 4.6000000000000005 0 0 2.8000000000000003 4.4 2 0.2 0 3.2 0 0 0 0 0 0 4.2 0 0 0 0 0 0.6000000000000001 12.600000000000001 0 0 0 0 0 0 0 0 0 0 0 0 0 0 1 0 0 3.2 0 0 0 3 0 0 0 1.8 0 0 0 0 0 0 0 0 0 0 0 1.2000000000000002 0.2 0 1.4000000000000001 0 0 0 0 0 0 0.8 2.6 10.200000000000001 2.6 0 7.800000000000001 8 1.8 4.4 3.8000000000000003 1.2000000000000002 0 0 1.8 0.4 3.2 2 0 0 0.2 4.2 0 0 0 0 1.4000000000000001 0 0 0 0 0 0 3.8000000000000003 0 0 0 0 6.2 0 0 0 0 0 0 0 3.8000000000000003 0 0.6000000000000001 0 0 0 0 0 0 0 0 0 0 0 0 0 0 0 0 0 0 0 0 0 0 0 0 0 0.6000000000000001 0 0.4 8.6 1.2000000000000002 0 0 1 0 0 0 0 0 0 0 0 0 0 0 0 0 0 0 0 0 0 0 0 0 0 0 2 1.8 0 0 0 
 0.6000000000000001 0 0 0 15.200000000000001 14.8 0.2 0 0 0 0 32.4 0 0 2.4000000000000004 0 2.2 15.200000000000001 0 0 29.400000000000002 25.400000000000002 13 16.2 17 6.800000000000001 35.6 50 40.800000000000004 10.8 7 9.200000000000001 0 37.800000000000004 24.200000000000003 51 7.6000000000000005 63.400000000000006 37.800000000000004 45.800000000000004 0 0 14 0 0 0 0.8 0 1 0 0 0 12.4 0 0 0 0 1.4000000000000001 0 0 0 1.8 0 0 9.8 0 0.6000000000000001 0 0.6000000000000001 0.6000000000000001 1 0 0.4 0.4 0 0.6000000000000001 0 0.2 0.6000000000000001 0.4 0 2 0 1.8 4.4 9.4 0 0 2.4000000000000004 0 4.2 0 0 0 0 0 0 0.2 0 0 2 5.6000000000000005 4.6000000000000005 9 2.8000000000000003 0 4.2 0 6 2.6 0 1.4000000000000001 6.6000000000000005 0 8.8 2 5.6000000000000005 5.800000000000001 2.8000000000000003 0.4 0 0 0 0 0 0 0 0.2 0 0 0 0.2 2.4000000000000004 0 0 0 0 0 0 0 0.8 0 0 0 0 0 0 0 0 0 0 0 0 0 0 0 0.2 0 2.4000000000000004 0 0 0 3 3.2 7 4.2 0 0 0 0 4.2 3.4000000000000004 0 0 0 0 0 2.4000000000000004 0 0 2.4000000000000004 1.8 0 2.4000000000000004 0 2.4000000000000004 4 1.8 3 0 1.8 0 4.2 4.6000000000000005 2.6 0 1.8 0 4.2 2.2 0 0 0 0 0 0 0 0 0 0 0 0 0 0 0 0 0 2.4000000000000004 0 0 0 0 0 0 0 0 0 0 0 0.4 0 0 0 0 0 0 0 0 0 0 0 1 0 0 0 0 0 0 0 0 0 0 0 0 2.2 0 0.4 0 0 0 0.8 0 0 0 0 0 0 0 0 0 0 0 0 0 0 0.2 1.8 0 0 0 0 0 0 0 0 0.6000000000000001 0 0 0 0 
