 0 14.8 32.2 10.4 3.4000000000000004 9 74.2 8 26.6 57.6 34.4 4.800000000000001 30 10.600000000000001 67.60000000000001 50.400000000000006 30.8 24.200000000000003 41.6 79.4 0.6000000000000001 0 0 0 0 0.4 0 0 0.2 0.2 0.4 0.4 0 0.6000000000000001 0 0 0 0 0 0 0.6000000000000001 0 0.8 0 0 0 0.6000000000000001 1.6 0 0.4 0.8 0 0 0 0 0.6000000000000001 0.6000000000000001 0.4 0 0 0 6.800000000000001 0 0 0.4 0 0 0 0 0 0 0 0 1 0 0 0 0 0 0 2.4000000000000004 4.6000000000000005 2 9.8 0 0 6.4 0 4.2 10 3 0 1.8 10 11.600000000000001 5.4 7.6000000000000005 6.6000000000000005 0.2 3.8000000000000003 0 0 0 0 0 0.2 0 0 0.4 0 0 0 0 0 0 0 0.2 0 0 3.4000000000000004 0 0 3.4000000000000004 2.4000000000000004 0 0 0 0 0 0 0 0 0 0 0 0 0 0 0 0 0 0 0 0 0 0 0 0.4 0.4 0 0 0 0 0 0.2 0 0 0 0 0 4.6000000000000005 3 9.600000000000001 0 3.2 0.2 0.4 3.2 0 6.2 2.4000000000000004 2 7.2 4.4 0 4.800000000000001 0.2 0 5 4.800000000000001 0 0.2 0 0 0 0 0 0 1.8 0 0 0 9 0 0 0 0 0 0 0 3.4000000000000004 0 0 0 0 0 0 0 0 0.4 0 0 0 0 0 0 0 0 0 0 0 0 0.2 0 0 0 0 0 0 0 0 0 0 0 0.4 0 0 4 0 0 0 0 0 0 0 0 0.2 0.2 0 3.2 0 0 0 0 0 0 0 0 0 0 0 0 0 0 0 0 0 0 0 0 0 0 0 0 0 0 3.4000000000000004 0 0 0 0 0 0 0 0 0 0 0 0 0.2 
 14.8 0 25.400000000000002 36 70.60000000000001 6.2 51.2 74.4 46 57.800000000000004 17.6 33 32 99.4 47 11.4 61.2 9.4 25 14.600000000000001 0.6000000000000001 1 0 0.4 0 0.4 0 0 0.2 0 0.2 0 14.8 0.6000000000000001 0 0.4 0 0 1.8 0.4 0.6000000000000001 0 2.4000000000000004 0 0 0 0.6000000000000001 12.8 0.4 0 0.6000000000000001 0 0 0 0 0.6000000000000001 0.6000000000000001 0 0 0.4 0 0 0 0 0.4 0.6000000000000001 0 0 0 0 0 0 0 0.4 1.4000000000000001 0.2 0 0.4 0 0.2 0 2.4000000000000004 0 1 0.8 6 4 4.4 3.6 2 2.8000000000000003 0 0.2 6.6000000000000005 0 0 3.8000000000000003 3.6 6.2 0 0 0.4 0 2.2 0 0 0 15 0 0 0 0 0 0 0 0.2 0 0 6.800000000000001 11.8 0 0 0 0 0 0 0 0 0 0 0 0 0 0 0 0 5 0 0 0 0 0 0 0 0 0 0 0 0 0 0 1.2000000000000002 0 0 0 0 0 0 0 0 0.6000000000000001 2.8000000000000003 5.800000000000001 0 4.2 0 2.2 2 8.200000000000001 3.6 4 3.4000000000000004 2 0.2 0.4 0 3.6 6.2 0 0 2.6 0 0 0 0 0.2 2.4000000000000004 0 0 0 0 0 0 0.2 0 6.2 0 0 0 0.2 0 0 0 0 0 0 0 2.8000000000000003 0 0 0 0 0 0 0 0 0 0 0 0 0 0.4 0 0 0 0 0 0 0 0 0 0 0 0 0 0 0 0 0 0 0 0.4 0 0 0 0.2 0 0 0.4 0 0 0.6000000000000001 0 0 0 0 0 0 0 0 0 0 0 0 0 0 0 0 0 0.2 0 0 0 0 0 2.2 0 9.200000000000001 0 0 0 0 0 0 0 0 0 0 0 0 
 32.2 25.400000000000002 0 39.2 56.6 7 49.400000000000006 27 57.400000000000006 80.60000000000001 42.800000000000004 49.800000000000004 24.8 11.8 32.6 18.2 35.2 8.8 43 20.8 0.6000000000000001 0 0 0 0 0.8 0 0 0.6000000000000001 0.2 0 0 0.4 1.2000000000000002 0 0.4 0.2 0 0.2 0.2 0.6000000000000001 0 0.8 0 0 0 0.6000000000000001 0.4 13.600000000000001 0 0.4 0 0 0 0 0.6000000000000001 0.6000000000000001 0 0 0 0 9.600000000000001 0 0 0.4 0.2 0 0 0 0 0 0 0 0.6000000000000001 0 0 0 0 0 0 1.6 5.4 6.800000000000001 3.6 0 0 5 1.6 2 1.6 2 3 2 3.6 6.6000000000000005 1.8 3 4.6000000000000005 0 3.8000000000000003 0 0.2 0 0.4 0 0 0 0 1.2000000000000002 0 0 0 0 0 0 0 0 0 0 2 0 0 0 0 0 0 0 0 0 0 0 0 0 0 0.4 0 0.4 0 0 0 3.4000000000000004 0 0 0 0 0 0 0 0 0 0 0 0 0 0 0 0 0 0 0 0 5.2 2.8000000000000003 0 3 0 0 3 0 4.6000000000000005 2.6 2.6 0.2 2 3.4000000000000004 8.6 0 0.4 0 0 0 0 0 0 0 0 0 0 0 0 0 0 0 0 0 0 0 0 2.6 2 0 0 0 0 0 0 0 0 0 0 0 0 0 0 3.2 0 0 0 0 0 0 0 0 0.2 0 0 0 0 0 0 0 0 0 0 0 0 0 0 0 0 0 0 0 0 0 0.4 0.4 0.4 0 1.2000000000000002 0.2 5.6000000000000005 0 0 0 0 0 0 0 0 0 0 0 0 0 0 0 0 0 0 0 0 0 0 0 0 3.6 0 0 0 0 0 0 0 0 0 0 0 0 0.2 
 10.4 36 39.2 0 21.200000000000003 8.8 36.4 34.800000000000004 11.200000000000001 25.400000000000002 45.400000000000006 19.8 20.400000000000002 29.200000000000003 21.8 7.800000000000001 67 44.6 32.2 10.600000000000001 0.6000000000000001 0 0 0 0 0.2 18.8 0.4 0.2 0.4 0 0 0.2 0.6000000000000001 0 0 0 0 0 0 0.6000000000000001 0 1 0 0 0 0.6000000000000001 0.4 0 0 0.4 0 0 0 0 0.6000000000000001 0.6000000000000001 0 0 0 0 0.6000000000000001 0 0 0.4 0 10.200000000000001 0 0 0 0 0 0 0.6000000000000001 0 0 0 0 0 0 3 0 2.6 7.4 4.4 5.800000000000001 0 4.2 7.4 3.6 3.2 8 0 0 5.800000000000001 6 3.2 6.2 0 5.800000000000001 0 3 0.6000000000000001 0 0 0 0 0.4 0.2 0 0 0 0 3 1.8 0 0 0 0 2.4000000000000004 0 0 0 0 0 0 0 0 0 0 0 2.2 0 0 0 0.4 0 0 0 0 0 0 0 0 0 0 0 0 0 4.4 0 0 0 0 0 0 0 0 0 0 0 2.8000000000000003 5.6000000000000005 0 5.4 3.2 6.2 0 6.2 7.2 3.4000000000000004 7.2 0 0 2 2.8000000000000003 3.4000000000000004 6.6000000000000005 0 0 0 0 0 0 0 0 2.2 0 1.8 0 0 0 0 1.6 2 0.2 0 0 0 8.200000000000001 0 0 0 0 0 0 0 0 0 0 0 0 0 4.4 0 0 0 0 0 0 0.2 0 0 4.2 0 0 0 0.4 0 0 0 0.4 0 0 4 0 0 0 0 0 0 0 0 0 0 0.4 6.800000000000001 0.4 0.4 2 0 3 3.2 0 0 0 0 0 0 0 0 0 2.6 0 0 0 0 0 0 0 0 0 0 0 0 0.8 3.8000000000000003 0 0 0 0 0 0 0 0 0 0 0 0 0 
 3.4000000000000004 70.60000000000001 56.6 21.200000000000003 0 10.200000000000001 11.600000000000001 25.8 22.8 28.6 33.6 45 26 7.6000000000000005 14.8 47.6 11.200000000000001 14.8 14.200000000000001 16.2 15.4 0 0 0.4 0 0.4 3.6 0 0.4 0 0 0 19.8 0.8 15 0 0 3 14.8 0 0.6000000000000001 0.2 0.6000000000000001 0 0 0 0.6000000000000001 0.4 0 0 0.4 0 0.8 0 0 0.6000000000000001 0.6000000000000001 0 0 0 0 0 0 0 0.4 0 0 0 0 0 0 0 0 0.6000000000000001 0 0 0 0 0 0 0 0 2 0.2 0 2 0 0.4 1.4000000000000001 3 5.6000000000000005 0.4 0 0 3 2 5.2 5.4 0 0.2 3.6 0 2.4000000000000004 6 0 0 3.8000000000000003 3.2 2.4000000000000004 0 0.4 0 1.8 4.800000000000001 0 0 0 0 10 3.2 0 0 0.2 0 0 0 0 0 0 0 0 0 0 2.2 0 0 0 0 0 0 3.8000000000000003 0.6000000000000001 0 0.4 0 0 1.6 1.2000000000000002 0 0 0 0 0.6000000000000001 1 0 0 0 0 0 1.4000000000000001 0 3.8000000000000003 1.6 6 3 3.4000000000000004 0 0.4 12 0 2.4000000000000004 3.2 0 0 0 2.6 3.4000000000000004 2.6 0 0 10.8 3.4000000000000004 1.8 0 0 0 0 0.4 0 0 0 0 5 5.4 6.800000000000001 5.2 0 2.8000000000000003 2 2.2 0 0 0 0 0 0 1.6 0 0 0 0 0 0 0 0.2 0 0 0.4 0 0 0 0 0 0 0 0 0 0 0 0 0 0 0 0 0 0 0 0 0 0 0 9 0 0 0 1.2000000000000002 0.6000000000000001 0.2 1.8 3.4000000000000004 2.8000000000000003 1.6 0 0 0.4 0 0 0 0 0 0 0 0 0 0 0 0 0 0 0 0 0 0 0 0 2.6 2.2 2.6 0 0 0 0 0 0 0 0 0 0 0 0 
 9 6.2 7 8.8 10.200000000000001 0 48 7.2 7.4 11 15.600000000000001 38 12.600000000000001 10.4 52.400000000000006 55 50 33.800000000000004 66.4 52.800000000000004 16.2 5.6000000000000005 0.6000000000000001 0 0 0 31.400000000000002 0 0.2 20.200000000000003 0 0 0.2 29 0 0.2 5.6000000000000005 14.8 15 19.200000000000003 0.6000000000000001 1.4000000000000001 0.6000000000000001 0 0 0 0.6000000000000001 0.4 0 0 0.6000000000000001 0.4 0 0 0 0.6000000000000001 0.6000000000000001 0 0 0 0 0 0 0.2 0.4 0.4 0 1.2000000000000002 0 0.2 0 0 0 0.6000000000000001 0 0 0 0 0 0 0 0 2.6 0 6.2 1.2000000000000002 0.4 0.2 0 0 4.800000000000001 3.8000000000000003 0 0 0.2 0.2 0 0 0.4 0 2.2 4.800000000000001 0 0.2 0 0.2 2.2 1 4.4 0 3.4000000000000004 2.8000000000000003 5.2 3.8000000000000003 2 0 2.4000000000000004 3.2 2.6 9.4 0 0 0 0 0 0 0 0 0 0 0 0 0 0 0 0 0 0 0 0 0 0 0 0 0 0 0 0 0.2 0.4 0 0 0 0 0.4 0 0 0 0 0 0 0 0 0 0.4 0 4.800000000000001 0 3.8000000000000003 0 3 0 0 0 0 0 3.6 0 0 0 1.6 2.8000000000000003 1.8 8.8 0 0 7.6000000000000005 0.4 1.8 0 0 0 3.8000000000000003 1.8 2.4000000000000004 0.2 2.8000000000000003 2 4.800000000000001 3.8000000000000003 0 0 0 0 0 0 0 0 0 0.2 0 0 0 0 0 2.2 0 0 0 0 0 0 0 0 0 0 0 0 0 0.2 0 0 0 0 0 0 0 0 0 0 0 0 0 0 0 0.2 1.2000000000000002 0 0 0.4 0.2 1.2000000000000002 3.8000000000000003 0 0 0 0 0 0 0 0 0 0 0 0 0 0 0 0 0 0 0 0 0 0 4.4 0 0 0 0 0 5.2 0 0 0 0.2 0 0 0 0 
 74.2 51.2 49.400000000000006 36.4 11.600000000000001 48 0 55.400000000000006 36.6 39.6 9 7.2 34.4 96.80000000000001 33.4 13.200000000000001 34.800000000000004 8 10.600000000000001 59.800000000000004 1 0 0.2 0 0 0.6000000000000001 0 0 0.4 0 0 0 0.2 0.6000000000000001 1.2000000000000002 0 0 0 0 0 0.6000000000000001 0 1.4000000000000001 0 0 0 0.6000000000000001 1 0 0 7.2 0 0 0 0 0.6000000000000001 0.6000000000000001 0 0 0.2 0 0 0 0 0.6000000000000001 0.6000000000000001 0 0 0 0 0 0 0 0.8 0.8 0 8 0.2 0 0 4.800000000000001 1.8 0.2 4.800000000000001 0 3.4000000000000004 2 3 0 0 2.2 0 0.2 3.2 1.6 3.4000000000000004 4.6000000000000005 3 0 9.200000000000001 0 0.4 0 0 0 0 2.2 0 0 0 0 0 0 0 0 0 0 0 0 3 0 0 0 0 2.6 0 0 0 0 0 0 0 0 0 0 0 0 0 0 0 0 0 0 0 0 0 0 0 0 0 0 0 0 0 0 0 0 0 0 0.2 4.6000000000000005 0 2.8000000000000003 0 4.4 0 4.2 3.2 0 0.2 1.4000000000000001 3 3.2 7.2 4.4 7.6000000000000005 1.8 2 5.2 3 0 0 0 0 0 0 3.8000000000000003 0 0 0 0 0 0 0 0 0 0 0 0 0 0 0.4 0 0 0 0 0 0 0 0 0 0 0 0 0 0 0 0.2 0 0 0 0 0 0.4 0 0 0.4 0 0 0 0 0 0 0 0 0 0 0.2 0 0 0 0 0 0 0 0.2 0.4 0 0 17.6 0 2.4000000000000004 0 0 0 0 0 0 0 0 0 0 0 0 0 0 0.2 0 0 0 0 0 0 0 0 0 4.800000000000001 0 0 0 0 0 0 0 0 0 0 0 0 0 
 8 74.4 27 34.800000000000004 25.8 7.2 55.400000000000006 0 19.200000000000003 22.6 42.6 9.4 38.2 30 82 11 59 9.200000000000001 49.800000000000004 33 0.6000000000000001 0 0 0 0 0.4 0 0 0.4 0 0.4 0 0 0.6000000000000001 0 0 0.4 0 30.200000000000003 0 0.8 0 0.8 0 0.4 0.2 0.6000000000000001 0.4 0 0 0.4 0.2 0 0 0.4 6.6000000000000005 1.2000000000000002 0 0 0 0 0.4 0 1 0.4 0.6000000000000001 0 0 0.4 0.4 0 0.8 0 0.6000000000000001 1.8 0.6000000000000001 0 0 0 0 2 2 9.4 0 0 4.4 0 3.6 1.8 0 2.8000000000000003 3.4000000000000004 2.6 0 4.4 2.2 5.4 6.6000000000000005 1.2000000000000002 3.2 0 0 0 0 0 0 2 0 0 0 0 0 0 0 0.2 0 0 0 0.2 0.4 0 0 0 0 0 0 0 0 0 0 0 0 0 0.4 0 0 0 0 0 0 0.8 0 0 0 0 0 0 0 0 0 0 0 0 0 0 0 0 0 0 0 3.8000000000000003 5.800000000000001 3.2 1.8 5.800000000000001 1.6 0.2 4.800000000000001 6.800000000000001 0 0 0 0 10.4 2 3.6 14 9 0 0.6000000000000001 1.4000000000000001 0 0 0 0 0 4 0 0 3.6 0 0 0 0 0 0.4 0 0 0 2 0 0 0 0 0 0 0 0 0 0 0 0 0 0 0 0 0 0 0 0 3.2 0 0 0 0 0 0 0 0 0.2 0 0 0 0 0 0 0 0 0 0 0 0 0 0 0.4 0.4 0 0 0.2 0.2 2.6 1 0 0 0 0 0 0 0 0 0 0 0 0 0 0 0.2 0 0 0 0 0 0 0 0 2.2 1.8 0.6000000000000001 0 0 0 0 0 0 0 0 0 0 0 0 
 26.6 46 57.400000000000006 11.200000000000001 22.8 7.4 36.6 19.200000000000003 0 39.400000000000006 9.8 9.200000000000001 25.200000000000003 31.400000000000002 52.2 38.2 39.2 7.4 12.600000000000001 53.2 0.6000000000000001 0 0 0 0 0.2 0 0 0.4 0 0.2 0 15 0.6000000000000001 0 0 0 0.2 0 0 0.6000000000000001 0 1.8 0 0 0 0.6000000000000001 0.4 0 0 0.4 4 0 0 0 0.6000000000000001 0.6000000000000001 0 0 0 0 13.4 0 0 0.4 0 0 0 0 0 0 0 0 0.6000000000000001 0 0 0 0 0 0 4.4 2.2 4.4 6.6000000000000005 0 4.6000000000000005 13.4 0.2 11.200000000000001 6.800000000000001 0.4 2.8000000000000003 0 4.2 4.2 0 2.4000000000000004 2.4000000000000004 0 1.6 1 0 0 0 0 0 4.800000000000001 0 0 0 0 0 2.6 0.2 0.2 0 0 0 0 0 0 0 0 0 0 0 0.2 0 0 0 0 0 0 0 0 0 0 0 0 0 1 0 0 0 0 0 0 0 0 2.2 0 0 0 0 0 0 0 0 0 0 2.8000000000000003 6.4 4.6000000000000005 1.8 15.8 0.2 2 0 3.4000000000000004 5 10 8.4 0.2 0 6 19.6 3 5.2 0 0 0.8 3.2 0 0 0 0 2.2 0 0 0 0 0 0 0.2 4.6000000000000005 0 2.4000000000000004 0 0 0 0 0 0 0 0 0 0 0 0 0 0 0 0.4 0 0 0 0 2.8000000000000003 0 0 0 0 0 0 0 0 0 0 0 0 0 0 0 0 0 0 0 0 0 0 0 0 0 0 0 0 0.4 0 0 0 0 2 0 0 0 0 0 0 0 0 0 0 0 0 0 0 0 0 0 0 0 0 0 0 0 1.8 0 0.2 0 0 0 0 0 0 0 0.2 0 0 0 0 
 57.6 57.800000000000004 80.60000000000001 25.400000000000002 28.6 11 39.6 22.6 39.400000000000006 0 99.80000000000001 54.800000000000004 14.200000000000001 53.400000000000006 48.800000000000004 22 7.6000000000000005 26.400000000000002 31.8 43 1.4000000000000001 0 0 0 0.2 0.4 0 0 0.4 0 0 0 0 0.6000000000000001 0.2 0 0.8 0 0 0 0.8 0 2 0 0 0.4 0.8 0.4 0 0.4 1 0 0 0 0 0.6000000000000001 1 0 13.600000000000001 0.2 0 8.8 0 0 0.6000000000000001 0.6000000000000001 0 0 0 0 0 0.8 0 1 0.8 0 0 0.2 0.2 0 8 2 2.8000000000000003 6.4 4.6000000000000005 5 3 4.2 13.600000000000001 3 0 4.800000000000001 0 0 0.4 0 1.8 3 0 3.2 0 0 2.2 0 0 0 1.8 0 0 0 0 0 0 0 0.2 0 0 0 0.6000000000000001 1 0 0 0 0 0 0 0 0 0 0 0 0 0 0.4 0 0 0 0 0 0 0.8 0 0 0 0 0 0 0 0 0 0 0 0 0 0 0 0 0 0 0 2.6 9.4 1 2.2 9.4 2 2.6 0 14.600000000000001 5.6000000000000005 4.4 6.2 0 0 8.200000000000001 9 3.4000000000000004 9.8 0.2 0.2 6.6000000000000005 0 0 0 0 0 0.2 0 0 0 0 0 0 0 0 0.6000000000000001 0 0 0 0 0 0.2 0 0 0 0 0 0 0 0 0 0 0 0 0 0 0 2.8000000000000003 0 0 0 0 0 0.2 0 0 0 0 0 0 0 0 0 0 0 0 0 0 0 0 0 0 0 0 0 0 0 0 0 0.6000000000000001 0.4 0.8 0 0 0 0 0 0 0 0 0 0 2.2 0 0 0 0.2 0 0 0 0 0 0 0 0 3.6 0 1.2000000000000002 0 0 0 0 0 0 0 0 0 0 0 0 
 34.4 17.6 42.800000000000004 45.400000000000006 33.6 15.600000000000001 9 42.6 9.8 99.80000000000001 0 14.600000000000001 26.400000000000002 28.200000000000003 78.80000000000001 91 36 50.800000000000004 56.6 12.4 1.4000000000000001 0 0 0 0 1.8 0 0 15.8 0.2 0.4 0.4 16.400000000000002 0.8 15.4 0 0 0 10.8 0.4 0.6000000000000001 0 1 0 0.2 0 0.6000000000000001 0.4 0 0 0.6000000000000001 0 0 0 0 0.6000000000000001 0.6000000000000001 0 0 0 0 0.6000000000000001 0 0 0.4 0.6000000000000001 0 0 0 0 0 0 0 0.4 0 0 0 0.4 0 0 0 0 3 6.4 0.8 3 0.2 5.4 2.2 0 3.6 5 0 2.2 0.2 2.8000000000000003 0.2 0.2 0 4.4 0 0 0 0 0 0 3.6 0.2 0 0 0 0 0 3.2 0 0 0.4 0 4.4 6.800000000000001 0 0 0 0 0 0 0 0 0 0 0 0 0 0 0 0 0 0 0 0 0.2 0 0 0 0 0 0 0 0 3.6 0 0 0 0 0.4 1.2000000000000002 0 0 0 0 0 0 3.6 2.4000000000000004 0 5 0 0 7.6000000000000005 6.6000000000000005 2 2.8000000000000003 3.6 0 2.4000000000000004 0.2 0.2 6.2 0 0 3.8000000000000003 4.6000000000000005 0 0 4.4 0 0 2.6 0 0 0 0 7.6000000000000005 0.6000000000000001 4.800000000000001 0 0 4 0 0.4 0 0 0 0 0 0 0 0 0 0 0 0 0 0 0 0 0 0 0 0 0 0 0.4 0 0 0 0 0 0 0 0 0 0 0 0 0 0 0 0 0 0 0 0 0 0 0.8 0 0.2 19.6 28.200000000000003 2 0.6000000000000001 0 0 0 0 0 0 0 0 0 0 1 0 0 0 0 0 0 0 0 0 0 0 0 0.2 6.2 0 0 0 0 0 0 0 0 0 0 0 0 0 
 4.800000000000001 33 49.800000000000004 19.8 45 38 7.2 9.4 9.200000000000001 54.800000000000004 14.600000000000001 0 8.200000000000001 6.800000000000001 69.60000000000001 25.400000000000002 79 56.800000000000004 7.4 3.6 15 0.2 0 0.4 0 0.2 0.4 0 0.4 0 0.6000000000000001 0 23.6 15.600000000000001 0 0 0.6000000000000001 0.6000000000000001 0.4 0 0 0 0 0 0 0.6000000000000001 0.4 0 0 0.4 0 0 6.800000000000001 0 0 0 0.8 0 0 0.2 0 0 0 0 0 0 0 0 0 0 0 0.2 0 0 0.6000000000000001 0 0 0.2 0 0 0 0 3.4000000000000004 0 4.6000000000000005 3.4000000000000004 0 0 4.6000000000000005 6.6000000000000005 5.4 1.4000000000000001 0 0 0 0 7.6000000000000005 2 0 0.4 2.2 4.800000000000001 0 0 0 0 5.6000000000000005 13.4 0 0 0 0 0.2 4.6000000000000005 2 0 0 0 6.2 9.600000000000001 0 0 0 0 0 0 0 0 0 0 0 0 0 0 0 0 0 0 0 0 0 0 0 0 0 0 0 0 0 0 0 0 0 0 0 0 0 0 0 0 0 0.2 0 3 2.6 0.6000000000000001 0.4 0 3.2 0 9.600000000000001 0 0 0 0 0 5.6000000000000005 0 0 0 4 8.4 2.2 0 0 0 2 4 0 0 0 0 0 9 2.4000000000000004 5.800000000000001 0 0.2 2.4000000000000004 6.2 0 0.4 0 0 3.2 0 0 0 0 0 0 0 0 0 0 0 0 0 0 0 0 0 0 0.4 0 0 0.4 0 0 0 0 0 0 0 0 0 0 0 0 0 0 2 0 0 0 0 0 0 1 4.2 0 0.4 1.8 0 0 0 0 0 0 0 0 0 0 0 0 0 0.2 0 0 0 0 0 0 0 0 7.2 0 0.8 0 0 0 0 0 0 0 0 0 0 0 0 
 30 32 24.8 20.400000000000002 26 12.600000000000001 34.4 38.2 25.200000000000003 14.200000000000001 26.400000000000002 8.200000000000001 0 17.6 71.4 18.8 66.8 24 77 13.600000000000001 0.6000000000000001 0.4 0 0.4 0 0.4 0 0 0 0.8 0 0 11 0.6000000000000001 0 0 0 0 0.4 0 0.6000000000000001 0 0.6000000000000001 0 0.4 0 0.6000000000000001 0.4 0 0 0.6000000000000001 0 0 0 0 14.200000000000001 0.6000000000000001 0 0 0 0 0 0 0 0.4 1.8 0 0 0 0.4 0 0 6.6000000000000005 11.8 0 0 0 0 0 0 1.2000000000000002 5.800000000000001 2.8000000000000003 1.8 0 0 5.2 3.2 0 1.8 1.8 0 6.2 1.6 8.4 1.8 5.2 1.8 2.4000000000000004 12.200000000000001 0 0 0.4 0 0 0 0 0 0 0 0 0 0 0 0 0 0.2 0 0 2 0 0 0 0 0 0 1.2000000000000002 0 0 0 0 0 0 0 0 0 0 0 0 0 0 0 0 0 0 0 0 0 0 0 0 1.8 0 2.4000000000000004 0 0 0 0 0 0 6.4 2.2 1.8 0 0 0 6.2 8 0 2 0 0 5.4 3.6 2.2 0 4.4 0 1.6 4.4 0 0.4 0 0 0 0 0 0 0 0 0 0 0 0 0 0 0 0 0 0 1.8 0 0 0 0 0 0 0 0 0.2 0 0 0 0 0 0 0.4 0 0 0 0 0 0 0 0 0 0 0 0 0.8 0 0 0 0 0 0 0 0 0 0 0 0 0 0 0 0.8 0.4 0.2 0.4 0.6000000000000001 0.2 0 0 0 0 0 0 0 0 0 8.4 0 0 0 0 0 0 0 0 0 0 0 0 0 0 0 3.6 0 0 0 0 0 0 0 0 0 0 0 0 0 
 10.600000000000001 99.4 11.8 29.200000000000003 7.6000000000000005 10.4 96.80000000000001 30 31.400000000000002 53.400000000000006 28.200000000000003 6.800000000000001 17.6 0 80.80000000000001 24.400000000000002 27.200000000000003 24.400000000000002 101.4 46.400000000000006 0.6000000000000001 0.2 0 0.4 0 0.4 0 0 0.2 0 0.4 0 0 0.6000000000000001 0 0 0 0 14.8 0 0.6000000000000001 0 1.2000000000000002 0 0 0 0.6000000000000001 0.6000000000000001 6.4 0 0.6000000000000001 12 0 0 0 0.6000000000000001 0.6000000000000001 0 6 0 0 0 0 0 0.4 0.2 0 0 0 0 0 0 0 0.6000000000000001 1.8 0 0 0 0 0 0 3.8000000000000003 0.4 9.200000000000001 0 7.2 2.8000000000000003 5.2 4.6000000000000005 0 2 0.2 0 1.8 3 2 5.2 7.4 2.6 0.4 0 1.8 0 0 0 0 2.2 0 0 0 0 0 0 0 0 0 0 0 0 0 0 0 0 0 0 0 0 0.4 0 0 0 0 0 0 2 0 0 0 0 0 0 0 0 0 0 0 0 0 0 0 0 0 0 0 0 0 0 0 0 0 4 0.2 3.6 0.2 5.2 0 4.6000000000000005 1.6 0 6 0 4 8 10.8 4.800000000000001 0.2 0 3 5.4 5.800000000000001 0 0 0 0 0.4 0 3 0 0 0 0 0 0 0 0 0.2 0 0 0 0 0 0 0 0 0.2 0 0 0 0 0 0 0 0 0 0 0 0 0 0 0 0 0 0 0 0 0 0 0 0 0 0 0 0.4 0 0 0 0 0 0 0 0 0 0 0 0.4 0.2 0 0.2 0.6000000000000001 1 0 4 0 0 0 0 0 0 0 0 0 0 0 0 0 0 0 0 0 0 0 0 0 0 0 0 0.2 0 0 0 0 0 0 0 0 0 0 0 0 0 
 67.60000000000001 47 32.6 21.8 14.8 52.400000000000006 33.4 82 52.2 48.800000000000004 78.80000000000001 69.60000000000001 71.4 80.80000000000001 0 60.400000000000006 106.4 10.4 79 43.6 0.6000000000000001 0 0.4 0 0 0.2 0 0 0.4 0.2 0.6000000000000001 0 0 0.6000000000000001 0 0 0 0 0 0 0.4 0 1.8 0 0 0.2 0.6000000000000001 0.4 0 0 0.4 0 0 0 0 0.6000000000000001 0.6000000000000001 0 0 0 0 0.2 0 0 0.4 0 0 0 0 0 0 0 0 0.6000000000000001 0 0 0 0 0 0 2.2 0.2 6.2 8.200000000000001 0.2 0.4 8.6 1 3 0 0.6000000000000001 0 0 6.6000000000000005 3.8000000000000003 2.2 6.4 4.4 0 8 0 0 0 0 0.2 0 0.2 0 0 0 0 0 0 0 0 0 0 0 0 2 0 0 0 0 0 0 0 3.8000000000000003 2.2 0 0 0 0 0 0 0 0 0 0 0 1 0 0 0 0.2 0 0 0 0 0 0 0 0 0 0 0 0 0 0 0 3.2 4.2 8.4 1.8 11.600000000000001 0 8.4 2.4000000000000004 1.8 11.4 3.2 12.200000000000001 0 2 4.4 12.200000000000001 2.8000000000000003 2 0 0 1.8 0 0 0 0 0 0 0 0 0 0 0 0 0 0 0 0 0 0 0 0 0 0 0 0 0 0 0 0 0 0 0 0 7 0 0 0 2.2 0 0 0 0 0 0 0 0 0 0 0 0 0.2 0 0 0 0 3.6 0 0 0 0 0 0 0 0 0 0.4 0 0.4 0 0.6000000000000001 0.4 0 0 0 0 0 0 0 0 0 9.4 0 0 0 0 0 0 0 0 0 0 0 0 0 0 2 11.600000000000001 2.6 0 0 0 0 0 0 0 0 0 0 0 0 
 50.400000000000006 11.4 18.2 7.800000000000001 47.6 55 13.200000000000001 11 38.2 22 91 25.400000000000002 18.8 24.400000000000002 60.400000000000006 0 18.6 52 41.400000000000006 32 16.6 0.4 0.4 0.6000000000000001 0 0.2 0 0 0.4 0.4 0.2 0 17.2 0.6000000000000001 0 0 0 0 14.600000000000001 0 0.6000000000000001 0.2 0.6000000000000001 0.4 0 0 0.6000000000000001 0.4 0.6000000000000001 0 1 12.4 0 0.2 0 0.6000000000000001 0.6000000000000001 0 0 0 0 0.4 0 0 1 0.6000000000000001 0 0.4 0 0 0 0.4 0 0.4 0 0 0.6000000000000001 0.4 0 0 3.4000000000000004 1.4000000000000001 3 0 2.6 5 3 3 3.4000000000000004 3.8000000000000003 6.2 6.2 0 0.4 4.800000000000001 3.6 4.800000000000001 0.2 0 0 2.8000000000000003 0 0 0.2 0 0 10.4 0.2 0 0 0 0 2 2.8000000000000003 0 0 0 0 2.2 0 0 0 0 0 0 1.2000000000000002 0 0 0 0 0 0 0 0 0 0 0.2 0 0 0 0 0 0 0 0 0 0 0 0 0 0 0 2.2 0 0 0 0 0 0 0 5.2 0 6.4 5.800000000000001 0 1.6 2.6 2.4000000000000004 6 1.6 3 0 3 3.2 0 0 0 3.2 3.4000000000000004 1.6 0 3.2 2.2 0 0 0 0 0 0 0 0 0 3.2 5.6000000000000005 6.6000000000000005 3.2 0 0.4 2 0.2 0 0 0 0 0 0 0 0 0 0 0 0 0 0 0 0 0 0 0 0 0 0 0 0 0 0 0 0 0 0 0 0 0 0 0 0 0 0 0 0 0 0 0 0 0 0.2 0 0 10 0 3 2 0 0 0 0 0 0 0 0 0 0 8.6 0 0 0 0 0 0 0 0 0 0 0 0 0 2 0 0 0 0 0 0 0 0 0 0 0 0 0 
 30.8 61.2 35.2 67 11.200000000000001 50 34.800000000000004 59 39.2 7.6000000000000005 36 79 66.8 27.200000000000003 106.4 18.6 0 74 24.400000000000002 23 0.6000000000000001 0.4 0 0.4 0.4 0.6000000000000001 0 0 0.2 0.4 0.6000000000000001 0 14.4 0.6000000000000001 0 0 0.8 0 15.4 0.4 2 0.4 2 0 0 0 0.6000000000000001 1 0 0.6000000000000001 1.2000000000000002 0.2 0 0.2 0.4 1.2000000000000002 1 0 0 0 0 0 0 0.4 0.8 1 0 0 0.4 0.6000000000000001 0 0 0 0.6000000000000001 1.2000000000000002 0.2 0 0 0.6000000000000001 0 0 0 0 3.8000000000000003 2.8000000000000003 2.2 3.2 7.800000000000001 0.2 1.6 2.8000000000000003 4.4 0 7 2.8000000000000003 2.2 6.2 2.2 0 5.2 0 2.4000000000000004 0 0 0 0 0 2 0 0 0 0 0 0 2.8000000000000003 0 0 0 3.4000000000000004 5.6000000000000005 0 0 0 0 0 0 0 0 0 0 0 0 0 0 0 0 0 0 0 0 3.8000000000000003 0 0 0 0 0 0 0 0 0.2 0 0 0 0 0 0 0 0 0 0 3.2 0 3.8000000000000003 0 4.6000000000000005 0 4.6000000000000005 2.8000000000000003 3.6 0.2 2.6 4.4 2.8000000000000003 0 3.8000000000000003 3.6 6.6000000000000005 0 0 0.2 0 0 0 0 1.6 2.2 6.6000000000000005 0 2.8000000000000003 0 0 0 0.2 1.4000000000000001 0 3.8000000000000003 0 0 0 3.6 0 0 0 0 0 0 0 0 0 0 0 0 0 0 0 0 0 0 0 0 0 0 0 0 0 0 0 0 2 0 1 0 0 0 0 0 0 0 0 0 0 0 0 0 0 0.6000000000000001 16.8 0 0 8.6 0.4 1.4000000000000001 4 0 0 0 0 0 0 0 0 0 0.4 0 0 0 0 0 0 0 0.4 0 0 0 0 2.2 2.8000000000000003 0.2 0 0 0 0 0 0 0 0 0 0 0 0 
 24.200000000000003 9.4 8.8 44.6 14.8 33.800000000000004 8 9.200000000000001 7.4 26.400000000000002 50.800000000000004 56.800000000000004 24 24.400000000000002 10.4 52 74 0 10.8 29.8 1 0 0 0 0 0.8 0 0 0.4 0 0 0 0 0.6000000000000001 0 0 0 0 0 0 0.6000000000000001 0 0.6000000000000001 0 1.2000000000000002 0 0.6000000000000001 0.4 0 0 0.6000000000000001 0 0 0 0.4 0.6000000000000001 0.6000000000000001 0 0 0 0.4 0 0 0 0.4 0.4 0 0 0 0 0 0 0.4 0.6000000000000001 0 0 6.2 0 0 0 0 0 5 2.6 5.2 6.800000000000001 9.8 2.2 6.4 0 2.2 7.6000000000000005 0 5.2 3.6 6.2 10 4.4 3 0.4 0 0.4 0 0 0 0 0 2.4000000000000004 0 0 0 0 1.8 3 0 0 0 0 0 0 0 0 0 3 0 0 0 0 0 0 0 0 0 0 0 0 0 0 2.2 0 0 0 0 0 0 0 0 0 0 0 0 2 0 0 0 0 0 0 0 0 3 0 0 0 0 2.4000000000000004 1.2000000000000002 0 3 4.4 3 1.6 3.2 0 8 0 3.8000000000000003 1.8 0.2 0.2 0.2 0 0 0 0 0 0 3 0 0 0 0 0.2 3.4000000000000004 0 0 0 0 2.6 1.2000000000000002 0 0.4 0 0 0 0 0 0 0 0 0 0 0 0 2.6 0 2.4000000000000004 0 0 0 0 0 0 0.4 0 0 0.4 0 0 2 0 0 0 0 0.4 0 0 0 0 0 0 0 0 0 0 0.2 0.2 0 0.2 17.2 0 1 2.8000000000000003 0 0 0 0 0 0 0 0 0 5.6000000000000005 0 0 0 0.2 0 0 0 0 0 0 1 0 1.2000000000000002 0 0 0 0 0 0 0 0 0 0 0 0 0 0 
 41.6 25 43 32.2 14.200000000000001 66.4 10.600000000000001 49.800000000000004 12.600000000000001 31.8 56.6 7.4 77 101.4 79 41.400000000000006 24.400000000000002 10.8 0 32.4 0.6000000000000001 0.4 0 0.4 0 0.2 0 0 0.2 0.2 0.4 0 0 0.6000000000000001 0 0 0 0 0 0 0.6000000000000001 0 0.6000000000000001 0 0 0 0.6000000000000001 0.4 0 0 0.6000000000000001 0 0 0 0 0.6000000000000001 0.6000000000000001 0 0 0 0 0 0 0 0.4 0.4 0 0 0 0 0 0 0 0.6000000000000001 0 0 0 0 0 0 0 2.4000000000000004 6.2 2.8000000000000003 1.8 0 0.6000000000000001 0 0 2.2 0.4 0 14.200000000000001 4.4 6.4 0.6000000000000001 0 0 8.6 5.6000000000000005 0 0 0 0 0 0 0 0 0 0 0.4 0 0 0 0 0 0.2 0 0 3.2 0 0 0 0 0 0 0 0 0 0 0 0 0 0 0 0 0 0 0 0 0 0 0.4 0 1.8 0 0 0.4 0.4 0 0 0 0 0 0 0 0 0 2 3.6 0 2.8000000000000003 4 0 0 0 0.4 7.6000000000000005 1 1.8 0 0 3 4.2 0 4.800000000000001 0 0 5.6000000000000005 7.6000000000000005 0 0 0 0 0 0 0 0.4 0 0 0 0 0 0 0 0 0 0 5.800000000000001 0 0 0 0 0 0 0 0 0 0 0.2 0 0 0 0 0 0 0 0 0 0 0 0 0 0 0 0 0 0 0 0 0 0 0 0 0 0 0 0 0 0 0 0 0 0 0 0 0 0 0.4 17.8 0 2.8000000000000003 0 0 0.4 0 0 0 0 0 0 0 0 0 0 0 0 0 0 0 0 0 0 0 0 0 5.4 0 0 0 0 0 0 0 0 0 0 0 0 0 
 79.4 14.600000000000001 20.8 10.600000000000001 16.2 52.800000000000004 59.800000000000004 33 53.2 43 12.4 3.6 13.600000000000001 46.400000000000006 43.6 32 23 29.8 32.4 0 0.6000000000000001 0 0 0 0 0.4 0 0 0 0 0 0 0 0.6000000000000001 0 0 0 14.8 0 0 0.6000000000000001 0 1.6 0 0 0 0.6000000000000001 0.4 0 0 0.6000000000000001 0 0 0 0 0.6000000000000001 0.6000000000000001 0.6000000000000001 0 0 0 0 0 0 0.4 0.6000000000000001 0.4 0 0.4 0 0 0 0 1 1.8 0.4 0 0.2 0 0.4 4.4 4.2 0.2 2.4000000000000004 0 3.2 5.800000000000001 1.6 0 0 1.8 0 2.4000000000000004 6.4 1.8 4 2.6 8.4 0.6000000000000001 2.8000000000000003 0 0 0 0 0 0 0.6000000000000001 0 0 0 0 0 0 0 0 0 0.2 0 0 0 0 0 0 2.2 0 0 0 0 0 0 0 0 0 0 0 0 0 0 0 0 0 0 0.2 0 0 0 0 0.4 0.4 0 0 0 0 0 0.2 0 0 0 0 0 1.6 0 4 1 3 0 0 4 0 0 2.6 0.2 5.2 3.6 1.8 8 0.2 3 3.2 2.2 0 0.2 0 0 0 0 0 0 0 0 0 0 10 0 0 0 0 0 0 0 0 0 0 0 0 0 0 0 0 0.4 0 0 0 0 0 0 0 0 0 0 0 0 0.2 0 0 0 0 0 0 0 0 0 0 0 0.6000000000000001 0 0 0 0 0 0 0 0 0 0 0 0 0 0 0 0.4 2.2 0 0 0 0 0 0 0 0 0 0 0 0 0 0 0 0 0 0 0 0 0 0 0 0 0 0 0 0 0 0 0 0 0 0 0 0 0 0 
 0.6000000000000001 0.6000000000000001 0.6000000000000001 0.6000000000000001 15.4 16.2 1 0.6000000000000001 0.6000000000000001 1.4000000000000001 1.4000000000000001 15 0.6000000000000001 0.6000000000000001 0.6000000000000001 16.6 0.6000000000000001 1 0.6000000000000001 0.6000000000000001 0 18 59.400000000000006 43.6 20.200000000000003 7.2 45.2 21.6 39 7.6000000000000005 21.8 11.4 26.8 7.800000000000001 71 26.6 6 13.200000000000001 24 29.400000000000002 0.6000000000000001 0.4 0 0.6000000000000001 0 0 0 0.2 0.6000000000000001 0.6000000000000001 0.6000000000000001 0.2 0 0 0 0.2 0 0 0 0 0 0 0 0 16.6 0 0.8 0 0 0.6000000000000001 0 0 0 0 0 0 0 0.4 0.4 0.4 0 0 0 0 5.6000000000000005 0 0 0 0 0 0 0 0 0 0 0 0 0 0 0.2 3.8000000000000003 6.800000000000001 6.4 1.4000000000000001 2.2 0 2.8000000000000003 2.2 0.4 0 0 1.8 1.6 4 4 2 6.800000000000001 0.2 7.800000000000001 0 2.4000000000000004 0 0 0 0 0 0 0 0 0 1.8 0 0 0 0.4 0 0 0 2 1.8 0 0 0 0 0 0 0 0 0 0.8 0 0 0 0 0 0 0 0.2 0 0.4 0 0 0 0 1.6 3 0 0 0 0 0 0 0 0 0 0 0 0 0 0 0 8.4 9.4 3.8000000000000003 2.4000000000000004 0 2.8000000000000003 0.2 6 0 2.8000000000000003 3.8000000000000003 7.2 4 9.4 3.8000000000000003 1.6 0 5 0 0 0 0 0.2 0 0 0 0 0 0 0 0 0 0 0 0 0 0 1.8 2.4000000000000004 0 0 0 0 0 0 0 0 0 0.4 0 0 0 0 0 0 0 0 0 0 0 0 2.4000000000000004 0 0 0 0 0 15.4 0 0 0 0 0 1.8 0.2 0.4 0 0 0.2 0 0 0 0 0 0.4 2.8000000000000003 0 0.2 0 0 0 0 0 0 0 0 0 0 0 0 0.2 0 0 0 0 0 0 0 0 
 0 1 0 0 0 5.6000000000000005 0 0 0 0 0 0.2 0.4 0.2 0 0.4 0.4 0 0.4 0 18 0 87 12.8 73.8 9.4 29.400000000000002 68 38.400000000000006 41.400000000000006 30.400000000000002 7.4 62.6 31.8 29.8 26.6 74.60000000000001 26.6 19.8 29.400000000000002 0.6000000000000001 1.8 0.4 1.2000000000000002 0 0 0 0.2 1.6 1 0.6000000000000001 0 0.6000000000000001 0 0 0.6000000000000001 0.4 0 0 0.2 0 0 0 0 0.4 0.4 0.4 0 0 0.6000000000000001 0.6000000000000001 0.6000000000000001 0 0.4 0 0.4 0.2 1 0.4 0.4 0 0 0 0 0 0 0 0 0 0 0 0 0 0 0 0 0 0 0.4 0 2.8000000000000003 4 9.600000000000001 0 6.2 0 0 2.4000000000000004 5.800000000000001 2.4000000000000004 0 3.4000000000000004 3 2.6 1.2000000000000002 2.4000000000000004 0 5.800000000000001 0 3.8000000000000003 0 0 0 0 0 0 0 0 0 0 0 0 0 0 0 0 0 0 0.8 0 0 0 0 0 0 0 0 0 0 0 0 1.8 0 0 0 0 0.2 0 1.8 0 0 3 0.2 0 0 0 0 0 0 0 0.8 0 0 0.2 0.6000000000000001 0 0 0 0 0 0 0.6000000000000001 0 11.600000000000001 0 3.8000000000000003 3.6 0 7.6000000000000005 0.8 6.2 2.2 4 3.2 0 0 2.4000000000000004 6.4 9.4 0 0 0 0 0 0 0 0 0 0 0 0 0 0.2 0.2 0 0 0 0 5 4.800000000000001 0 0 0 0 0 0 0 0 0 0 0 0 0 0 0 0 0 0 0 0.4 0 0 0 0 0 0 0 0 0 0 0 0 0 0 1.8 0 0 9.200000000000001 0 0.8 0 4 0.4 0 0 0 0 0 0 0 0 0 0 0 0 0 0 0 0 0 0 4.800000000000001 0 0 0.4 0 0 0 0 0 
 0 0 0 0 0 0.6000000000000001 0.2 0 0 0 0 0 0 0 0.4 0.4 0 0 0 0 59.400000000000006 87 0 40.800000000000004 11.200000000000001 81 12.4 21.200000000000003 45.800000000000004 11.200000000000001 34.6 24.200000000000003 11.200000000000001 9.4 36.2 27.200000000000003 28.400000000000002 21.6 7.800000000000001 51.800000000000004 0.6000000000000001 0.4 0 1.4000000000000001 0 0 4.800000000000001 1.4000000000000001 0 1.4000000000000001 0.6000000000000001 12.600000000000001 3.2 0 0 0 0 0 13 0 6 0 0 0.2 0.6000000000000001 0 0 0 0.2 0.6000000000000001 0.2 0 0 0 0 0 0 0.4 0.6000000000000001 0.4 0 0 3 0 0 0 0 0 0 0 0 0 0 0 0 0 0 0.4 0 0 2.4000000000000004 0 6.4 3.6 4.2 0 1.8 2.8000000000000003 0 12 6.800000000000001 1 0 0 0 2.2 10.200000000000001 11.600000000000001 0 0 0.2 0 0 0 0.4 0 3.8000000000000003 1.6 0 0 0 0 2.8000000000000003 2.4000000000000004 0 0 0.2 0 3.6 5.4 0 0 0 0 0 0 0 0 0 0 0 0 0 0 0 0 0 0.2 0 0 0 1.8 1.4000000000000001 0 0 0 0 0 0 0 0 0 0 0 0.4 0 3.6 0 0 0 0 2.4000000000000004 0 0 1.8 5.6000000000000005 0 2.8000000000000003 0 16.6 6.4 0.4 0 0 0 0 1.2000000000000002 3.8000000000000003 0 0.4 1.2000000000000002 0 0 0 0 0 2.4000000000000004 0 0 0 0 0 1.8 3.2 0 0 0 0 9.8 0.2 0 0 0 0 0 0 0 0 0 0 0 0 0 8.4 0 0 0 0 0 0 0 0 0 0 0 0 0 0 0 0 0 0 0 0 2.8000000000000003 0.2 0 30.8 0.2 0.6000000000000001 0.2 2.2 0 0 0 0 0 0 0 0 0 0 0 0 0 0 0 0 0 0 0 0 0 0 0 0 2.6 0 0 0 
 0 0.4 0 0 0.4 0 0 0 0 0 0 0.4 0.4 0.4 0 0.6000000000000001 0.4 0 0.4 0 43.6 12.8 40.800000000000004 0 36 22.200000000000003 33.4 45.800000000000004 33.2 25.8 49.800000000000004 13.600000000000001 56.400000000000006 37.4 35.800000000000004 8.4 56.800000000000004 36 41 62.400000000000006 1.4000000000000001 0.8 0.4 0.6000000000000001 0 0 0.2 0 0.8 1.2000000000000002 1.6 0.6000000000000001 4.6000000000000005 13 0.4 0.4 0.6000000000000001 0 0 0 0.2 0 0 0 0.6000000000000001 0.6000000000000001 0 0 0.4 1.4000000000000001 0 0.4 0 0 0.6000000000000001 0 0 0.8 1.2000000000000002 0.4 0 0 2.8000000000000003 1.8 0 0 0.4 0 0 0 0 0 0 2.8000000000000003 0 0 0 0 0 0 3.4000000000000004 0 0 4.6000000000000005 0.2 6.2 1 0 6.2 5.2 9.200000000000001 3.4000000000000004 0 1.8 3.8000000000000003 0 4.4 0.2 0 0 2 0 0 0 0 0 1.6 0 0 0 0 0 2.4000000000000004 0 3.6 1.8 0 0 0.2 2.2 0 0 0.4 0 0 0 0 0.2 0.4 0 0 0 0 0 0 0 0 0 0 0 0 0 0 0 0 0 0 0 0 0 0 0.2 0 0.4 0.2 0.4 3.8000000000000003 0 0 0 2.8000000000000003 4.2 5.2 3.8000000000000003 5 2.8000000000000003 0 6.4 2 0 5.4 0.4 0.8 3.2 4.6000000000000005 0.8 4.2 1.8 3.6 2.4000000000000004 0 1.4000000000000001 0 0.4 0 0 3.2 0 0 3 0 0 0 0 0 0 0 0 13.600000000000001 0.2 0 0 0 0 0 0 0 0 0 0 0 0 0 0 0 0 0 0 0 0 0 0 0.8 0 0 0.4 0.4 0 0 0 0 0 0 0 2 0.4 0 19.200000000000003 0 0.8 2.6 2 0.4 0.4 0 0 2.4000000000000004 0 0 0 0 0 0 0 0 0 0 0 0 0 0 6 0 0 0 0 0 0 0 0 
 0 0 0 0 0 0 0 0 0 0.2 0 0 0 0 0 0 0.4 0 0 0 20.200000000000003 73.8 11.200000000000001 36 0 16.2 9.4 32.4 24.200000000000003 60.400000000000006 13.600000000000001 60 57.800000000000004 10.200000000000001 41.2 29 12.600000000000001 12.600000000000001 12 71.60000000000001 0.6000000000000001 12.8 0 0.6000000000000001 0 0 0.2 20.200000000000003 0.6000000000000001 13 0.6000000000000001 0 13.8 12.200000000000001 7.4 18 12.600000000000001 0 0 5.800000000000001 0.2 0 0 0 0.6000000000000001 0 9 0 0 0.6000000000000001 0 0 0 0 10.200000000000001 0 0 0.4 11.600000000000001 0.4 0 0 0 0 0 0 0 0 0 0 0 0 0 0.2 0 0 0 0 0 0 0 4.4 4 2 0.2 4.6000000000000005 0 0 0 0 3.8000000000000003 5.2 0 1.4000000000000001 0.6000000000000001 0 10.600000000000001 0 0 0 5.2 10 0 1.6 2.8000000000000003 0 3.2 3 2.4000000000000004 6.2 0.2 0.2 10.200000000000001 0 0.2 0 0 0 0.2 1.4000000000000001 0 0 0 0 0 0 0 0 0 0 0 0 0.2 0 0 0 0 3 0 4.6000000000000005 0 0 0 0 0.4 0 0 0 0 0 0 1.4000000000000001 0 0 0 0 0 1.4000000000000001 0 0 0 0.2 2 3.2 3.8000000000000003 0 0 0 0 4.2 4.2 0.2 0 2.2 3.8000000000000003 0 4 2.8000000000000003 0 0 0 0 0 6.800000000000001 0.2 0.6000000000000001 1.4000000000000001 6.4 0 11.200000000000001 2.2 0.2 3.4000000000000004 2.2 4.800000000000001 7.6000000000000005 1.4000000000000001 0 2.2 9.200000000000001 0 0 0 0 0 0 0 0 0 0 0 0 0 0 0 0 0 0 0 0 0 0 3 0 0 0 0 0 0 0 0 0 0 0 0.8 0.2 0 0.8 0.2 0 1.4000000000000001 0 0 0 0 0 2.2 0 0 0 0.2 0 0 0 0 0 0 0 0 0 0 0 0 0 0 0 0 0 0 0 
 0.4 0.4 0.8 0.2 0.4 0 0.6000000000000001 0.4 0.2 0.4 1.8 0.2 0.4 0.4 0.2 0.2 0.6000000000000001 0.8 0.2 0.4 7.2 9.4 81 22.200000000000003 16.2 0 5.4 10 5.2 27.8 35.6 106.2 57.400000000000006 11 36.2 13.8 72 26.400000000000002 8.8 59.6 0.8 13.4 0 0.6000000000000001 0 0 27.8 11.4 0 15.600000000000001 5.4 0 0 4.800000000000001 0 0 0 0 36.4 0 10 0 0 0 0.6000000000000001 0.6000000000000001 0 0 0.4 0.6000000000000001 0 0 0.4 0 0 0 0 0.6000000000000001 0.6000000000000001 0.4 0 0 0 0 0 0 0 1.8 0 0 0 0 0 0 0 0 0 0 0 0 0 0 2.8000000000000003 0 0.2 3.2 3.4000000000000004 0 4 2.2 0 5 0 0 0 0.4 3.4000000000000004 3.2 0 0 2.4000000000000004 0 0 0 0 0 2.2 2.4000000000000004 0.4 0 0.2 1.4000000000000001 2.2 0 1.4000000000000001 2.2 0.2 0 3.8000000000000003 2.4000000000000004 0 0 0 0 0 0 0 0 0 0 0 0 0.4 2.4000000000000004 0 0 0 0 0 0.4 0 0 0.4 0 0 1.6 0 0 0 0 0 0 0 0 0 0 1 0 0.6000000000000001 0 0 2 1.4000000000000001 0 10.8 4.4 0 3 0.2 1.2000000000000002 2 2.2 0 0 0 0 0 2 0 0 2.4000000000000004 1.2000000000000002 2 0 0 0 2 2.2 0 0 0 0 7.4 2.8000000000000003 0 0 2 0 2.8000000000000003 0.2 0 0 0 0 0 0 0 0 0 0.4 0 0 0.2 0 0 0 0 0 0 0 0 0 1.6 0 0 0.2 0 0 0 0 0 0 0 0 1.8 0.8 0.2 8.200000000000001 15.200000000000001 0.2 0.2 0 0 0 0 0 0 0 0 0 0 0 0 0 0 0 0 0 0 0 0 0 0 0 0 0 0 0 0 0 
 0 0 0 18.8 3.6 31.400000000000002 0 0 0 0 0 0.4 0 0 0 0 0 0 0 0 45.2 29.400000000000002 12.4 33.4 9.4 5.4 0 54.2 8.200000000000001 88.60000000000001 7.6000000000000005 6.4 16.2 9.4 25 11.4 63.400000000000006 17.6 32.4 53.800000000000004 0.8 1 0 0.6000000000000001 0 0 0 0.2 0 1 0.6000000000000001 0.2 0 0 0 0 0 0 0 0 0 0 0 0 0.8 0 0 0 0 0.6000000000000001 0 0 0.4 0 0 0 0 0.4 0.4 0.4 0 0 0 0 2.4000000000000004 0 0 0 0 0 0 0 0 0 0 0 0.2 0 0 0 0 4.2 10.4 0.2 1.6 0 0 0.2 8.200000000000001 0 7 2 10.600000000000001 2.8000000000000003 4.800000000000001 4.4 1.8 3.8000000000000003 3.8000000000000003 3.4000000000000004 0 0 0 0 0 0 0 0 0 0 0 0 0 0 0 0 0 0 0 0 0 0 0 0 0 0 0 0 0 2.4000000000000004 0 0.2 0 0 1.6 0 0 0 0 0 0 0 0 0 0.8 3 0 0 0 0 0 2.6 0 0 0 0 0 0 0 0 4.6000000000000005 0 7.2 8.200000000000001 0 0 6.2 6.4 3.6 0 0 0 6.800000000000001 1.8 0.2 4.800000000000001 2 3.2 9.4 6.800000000000001 0 0 0 0 0 0 0 0 0.2 0 0 0 0 0 0 0 0 0 0 3.6 0 0 0 1.4000000000000001 0 0 0 0 0 1.6 0 0 0 0 0 0 0 0 0 0 0 0 0 0 0 0 24.6 0 0 0.2 0 0 0 0 1.6 0 0.2 0.2 0 0.2 0.2 0 0 0 0 0 0 0 0 0 0 0 0 0 0 0.2 0 0 0 3.6 0 4 0 0 0 3.4000000000000004 0 0 0 0 
 0 0 0 0.4 0 0 0 0 0 0 0 0 0 0 0 0 0 0 0 0 21.6 68 21.200000000000003 45.800000000000004 32.4 10 54.2 0 31.6 8.8 6.800000000000001 9.8 21.400000000000002 76.60000000000001 21.6 63.6 8.4 23.6 39.2 19.6 0.6000000000000001 13 0.4 0.6000000000000001 0 0 0 1 1.8 0.6000000000000001 0.6000000000000001 0 0 0 0 0 0 0 0 0 0 0 0 0.6000000000000001 0.6000000000000001 0 0 0 0 0.6000000000000001 0 0 0 0 0 0 0 0.4 0.4 0.4 0 0 0 0 0.2 0 0 0 0 0 0 0 0 0 0 0 0 0 0 0 2.8000000000000003 2.8000000000000003 5.800000000000001 4.6000000000000005 4.4 1.2000000000000002 0 3.2 2.6 0 5.4 4.800000000000001 2.4000000000000004 4 7.2 8.200000000000001 8 0 0 0 3.8000000000000003 0 0 0 0 0 0 0 0 0 0 0 4.6000000000000005 0 0 0 0 0 3.8000000000000003 0 0 0 0 0 0 0 0 0 0 0 1 0 0 0 0 0 0 0 0 0 0 0 0 0 0.2 2 0 0 0 0 0 0 0 0 0 0 0 0 0 0 3 2.4000000000000004 2.8000000000000003 0 0 0.2 2.4000000000000004 6.800000000000001 3 5.800000000000001 5.2 8.4 8.200000000000001 0 3.6 0.2 8 0 6.6000000000000005 2.6 0 0 0 0 0 0 0 0 0 0 0 0 2.2 1.6 0 0 0 0 13.4 2.8000000000000003 0 0 0 0 0 0 0 0 0 0 0 0 0 0 0 0 0 0 0 0 0 0 2.8000000000000003 0 0 0 0 0 0 0 0 0 0 2.8000000000000003 1.2000000000000002 0 0 0 0 0.4 0.4 2.2 0 0 0 0 6.6000000000000005 0 0 0 0 0 0 0 0 0 0 0 0 1.8 0 3.6 0 0 0 2.6 0 0 0 0 
 0.2 0.2 0.6000000000000001 0.2 0.4 0.2 0.4 0.4 0.4 0.4 15.8 0.4 0 0.2 0.4 0.4 0.2 0.4 0.2 0 39 38.400000000000006 45.800000000000004 33.2 24.200000000000003 5.2 8.200000000000001 31.6 0 28 44.6 5.800000000000001 31.200000000000003 12.8 77.60000000000001 22.400000000000002 19 25.6 21 47.6 0.6000000000000001 0.4 0 0.6000000000000001 13 0 13 0 1.2000000000000002 0.4 0.6000000000000001 12.4 0.2 0 0 0 0 0 11 0 10.8 0.4 0 0 0.6000000000000001 0 0 0 0.8 1.4000000000000001 1 0.2 0 0 0 0 0 0.4 1.4000000000000001 1 0 0 0 0 0 0 0 0 0 0 0 0 0 0 0.4 0 0 0 0 0 0 4.6000000000000005 3.2 1.8 3.2 0 0 1.8 0 2.8000000000000003 0 2 0 2.6 2.2 1 9.8 0.2 0 0.4 4.4 0 0 0 0 0 0 0 0 0 0 0 0 0 0 3.2 0 0 5.4 3 0 0 0 0 0 0 0 0 0 0 0 0 0 0.6000000000000001 0 0 0 0 0 0 0 1.4000000000000001 1.4000000000000001 0 0 0 0 0 0 0 0.2 0 0 0 0.6000000000000001 0 0 0.2 0.2 0 0 0.2 5.4 3.8000000000000003 1 1.8 0 0 4.800000000000001 4 2 6.800000000000001 0 3 3.8000000000000003 1.8 3.6 5.4 0 0 3.4000000000000004 0 0 0 0 0 3.2 0 0 0 0 0 0.6000000000000001 0.6000000000000001 0 0 0 0 10.4 3.8000000000000003 0.4 0 0 0 0 0 0 0 0 0 0 0 0 1.6 0 0 0.4 0 0 0 0 0 3.2 0 0 0 0.2 0 0 0 0 0 0 0 1.6 0 0 7.6000000000000005 0 0 0 0 0 0 0 0 2.4000000000000004 0 0 0 0 0 0 0 0 0 0.2 0 0 0 0 0 0 0 0 0 0 0 0 0 
 0.2 0 0.2 0.4 0 20.200000000000003 0 0 0 0 0.2 0 0.8 0 0.2 0.4 0.4 0 0.2 0 7.6000000000000005 41.400000000000006 11.200000000000001 25.8 60.400000000000006 27.8 88.60000000000001 8.8 28 0 40.800000000000004 22.8 13 70.60000000000001 44.6 38.2 31.8 65.8 32.2 27.8 1.2000000000000002 2.2 0 0.8 0 0 0 0 0 1 1.2000000000000002 0 0 0.4 0 41.400000000000006 0 0 0 0 0 0 0 0 0.6000000000000001 0 0 0 0 1.2000000000000002 0 0 0 0 0 0 0 0.4 1 0.4 0 0 0 0 0 0 0 0 0 0 0 0 0 0 0 0.2 0 0 0 0 3.8000000000000003 0.2 0 6.2 5.800000000000001 2.8000000000000003 2 4.4 4 7.800000000000001 0 3.2 8.8 3.4000000000000004 2.4000000000000004 3 0 3.8000000000000003 0 4 0 0 0 0 0 0 0 0 0 0 0 0 0 0 0 0.2 0 0 2 0 1.8 0 0 0 0.2 0 0 0.4 0 0.2 0.2 0.2 0 0 0 0 0 0 4.4 0 0 0 0 0 0 0 0 0 0 0 1.2000000000000002 0 0 0 2.4000000000000004 0 0 0 0 0 4.2 2.4000000000000004 0 3 2.6 13.200000000000001 5.800000000000001 4.800000000000001 3.4000000000000004 2 4.2 0.2 4.2 0 0 0 5 5.2 7.6000000000000005 0 0 0 0 0 0 0 0 0 0 0 0 0 0 0 0 0 0 0 3.2 0.2 0 0 0 0.2 0 0 0 0 0 0.2 0 0 0.2 0 0 0 0 0 0 0 0 0 0 0 0 0 0 0 0 0 0 0 0 0 0.2 0 0.2 15.4 0 0 2.4000000000000004 2.4000000000000004 0 0 0 0 0 0 0 0 0 0 0 0 0 0 0 2 0 2.8000000000000003 0 5.2 0.2 0 0 3.4000000000000004 0 0 0 0 
 0.4 0.2 0 0 0 0 0 0.4 0.2 0 0.4 0.6000000000000001 0 0.4 0.6000000000000001 0.2 0.6000000000000001 0 0.4 0 21.8 30.400000000000002 34.6 49.800000000000004 13.600000000000001 35.6 7.6000000000000005 6.800000000000001 44.6 40.800000000000004 0 45.400000000000006 6.800000000000001 4.6000000000000005 44.2 20 51.6 12.4 5.2 45.2 1.4000000000000001 1 0.8 0.6000000000000001 13 1 1.2000000000000002 0 1.2000000000000002 1.2000000000000002 1.2000000000000002 0.4 11.4 0 0 0.4 0.8 0 13 0.4 0 0 0 0.6000000000000001 0.6000000000000001 0 11.200000000000001 0 0.8 1.2000000000000002 1.2000000000000002 0 0.4 0.2 1.6 0.6000000000000001 0 0.4 0.6000000000000001 0.4 0 0 0 0 0 0 0 0 0 0 0 3.8000000000000003 0 0 0 0 0 0 0 0 0 12 0 7.4 7.2 6.4 2 5.4 2 19 1.8 2.8000000000000003 0 0.2 2 0 10.8 6.4 0 0 4.6000000000000005 0 0 0 0 0 0 0 0 0 0 0 0 3.6 0 0 0.6000000000000001 0 3.2 5.6000000000000005 0 0 0 4.2 0 0 0 0.6000000000000001 0 0 0 0 1 0 0 0 0 0 0 0 0 0 0 0 0 0 0 0 0 0 0.6000000000000001 0 0 0 0.4 0 0 0 0 0 2.8000000000000003 3.6 6 0 5 5.4 0 2.6 3.4000000000000004 4.4 7.2 1.6 0 0 0 2 1.8 6 0 0.4 1.4000000000000001 0 0 0 0 0 0 0 0 0 0 0 2.6 1.6 0 0 0 0 2.2 5 0 0 0 0 0 0 0 0 0.2 0 0 0 0 0 0.4 0 0 0 0 0 0 0 3.4000000000000004 0 0 0.4 0 0 0 0 0 0 0 0 0.8 0 0 25.200000000000003 0 0 2.4000000000000004 0.2 0 0 0 0 0 0 0 0 0 0 0 0 0 0 0 0 0 0 0 0 0 0 0 0 3.6 0 0 0 
