 0 35.6 33.2 13.200000000000001 25.6 47.2 41 28.6 39.6 6.800000000000001 41 17.8 14.8 29 49.800000000000004 5.4 11.8 20 12.600000000000001 33 0 0.2 0.2 0 0 0 0 0 0 0 0 0 0.6000000000000001 0 0.4 0 0 0.6000000000000001 0 0 0.2 0 0 0 0 0 0 0 0.4 0 0 0 0.6000000000000001 0 0 0 0 0.4 0.4 12.600000000000001 0 0 0 0 0 0.4 0 0 0 0 0.6000000000000001 0 0 0.4 0.6000000000000001 0.4 0 0 0.4 0 1.8 0 4.4 2.8000000000000003 2 0 4.2 2.8000000000000003 1.8 0.6000000000000001 0 0 1.6 5.2 2.4000000000000004 0 1.2000000000000002 3.6 6.800000000000001 4.800000000000001 0 0 0 0 0 0 0 0 0 0 0 0 0 0 0 0 0 0 0 3.2 0 0 0 0 0 0 0 0 0 0 0 0 3 0 0 0 0 0 0 0 0 0 0 0 0 0 3.8000000000000003 0 0 0 0 0 0 0 0 0 2.8000000000000003 0 0 0 2.6 0 0.2 5.2 0 0 10.200000000000001 0 2.2 0.8 0 3.8000000000000003 4 2 8.200000000000001 4.2 2 3.6 4.2 0.2 0 0 0 0 0 0 0 0 0 0 0 0 0 0 0 0 0 0 2 0 0 0 0 0 0 0 0 0 0 0 0 0 0.4 0 0 0 0 0 0 0 0 0 0 1.8 0 0 0 0 0 0 0 0 0 0 0 0 0 0 0 0 0 0 0 0 0 0 0 0 17.6 0 0.4 0 0 0 0 0 0 0 0 0 0 0 3.6 0 0 0 0 0 0 0 0 0 0 0 0 0 3.6 0 0 0 0 0 0 0 0 0 0 0 0 0 
 35.6 0 18.2 76 10 65.60000000000001 31.6 38.800000000000004 14.200000000000001 27.6 20.6 7 8 11.4 24.200000000000003 158.20000000000002 7.4 25.6 7.4 23.8 0 0.4 1 0 0.2 0.4 14.8 0 0 0.4 0 0 0.6000000000000001 19.200000000000003 0 0 0 0.6000000000000001 0 0 0.2 0 0 0 0 0 0 0 0 0 0 0 0.6000000000000001 0 0 0 0 0.4 0.4 0 0 0 0 0 0 0.4 0 0 0 0 0.4 0 0 0.4 0.6000000000000001 0.4 0 0 0.4 0 4.2 4.800000000000001 0 0 3 0.2 2 5.4 0 6.6000000000000005 3.4000000000000004 0.4 0.4 4.800000000000001 5.2 6 0 9 0 2 0 0 0 0 0 0.4 0 0 0 0 0 0 2.8000000000000003 0 0 0 0 0 0.2 0 0 0 0 0 0 0 0 0 0 0 0 0 0 0 0 0 0 0.2 0.4 0 4.2 0 0.6000000000000001 0 0 0 0 0 0 0 0 0 0 0 0 0 0 0 0 0 3 0.4 11.200000000000001 0.4 0 2 0 0 4.4 0.2 0 3.2 3.2 3.6 2.4000000000000004 2 4.2 0.2 3.8000000000000003 5.2 0 0 0 0 0 0 2.4000000000000004 0 0 0 0 0 0 2 0 0 0 1.4000000000000001 21.8 0.6000000000000001 0 0 0 0 0.2 0 0 0 0 0 0 0 3.6 0 0.2 0 0 0 0.2 0 0 0 0 0 0 0 0 0 0 2.6 0 0 0 0.2 0 0 1.6 0 0 0 0 1.6 0 0 0 0.2 0 0.4 0.4 11.200000000000001 0.4 1.2000000000000002 0 0 0 0 0 0 0 0 0 0 2.4000000000000004 0 0 0 0 0 0 0 0 0 0 0 0 0 0 0 0 0 0 0 0 0 0 0 0 0 0 0 
 33.2 18.2 0 16.6 11 4.800000000000001 42.2 38 28.8 55.800000000000004 8.6 41 33 16 32.800000000000004 14.600000000000001 9.200000000000001 15.8 8.8 26.400000000000002 0 0 0.4 0 0 0 0 0 3.2 4.4 0 0 0.6000000000000001 6.2 3.4000000000000004 0 0 0.6000000000000001 0.4 0 0 0 0.4 0 0.2 0 0 5.6000000000000005 0 0 0 0 0.6000000000000001 0 0 0 0 0.2 0.4 0 0 0 0 0 0 0.6000000000000001 0 0 0 0 0.4 0 0 0 0.6000000000000001 0.6000000000000001 0 0 0.6000000000000001 0 2.4000000000000004 2.2 6.2 1.6 2.8000000000000003 0.2 3 2.2 1.4000000000000001 0 2.6 0 5.6000000000000005 11.8 3.4000000000000004 0 8.6 0 0 5.4 0 0 0 0.2 0 0 2 2.6 0 3.4000000000000004 0 0 3.8000000000000003 0 0 0 0.4 0 0.4 0 0 0 0 0 0 0 0 0 0 2.6 0 0 0 0 0 0 0 0 0 0 0 0 0.6000000000000001 0 0 0 0 0 0 0.2 0.6000000000000001 0 0 0 0 0 0 0 0 0 0.2 0 2 2.6 0 0 0 3.2 0 3.6 2 4.2 0.4 0 0 2.6 5.4 8.200000000000001 0 0 0 0 0 0.4 0 0 0 0 0 0 0 0 0 0 0 0 0.4 0 4.6000000000000005 0 0 0 0.4 0 0 0 0 0 0 0 0 0 0 0 0 0 0 0 0 0 0 0 0 0.4 0 2.6 0 0 0 0 0 0 0 0 0 0 0 0 0.2 0 0 0 0 0 0 0 0.6000000000000001 0 17.400000000000002 0.2 0.2 0.4 0 0 0 0 0 0 0 0 0 0 0 0 0 0 0 0 0 0 0 0 0 0 0 0 0 2 0 0 0 0 0 0 0 0 0 0 0 0 
 13.200000000000001 76 16.6 0 21.8 6.800000000000001 25.8 14.200000000000001 33.2 20.6 56.400000000000006 12 19 59 33 8.4 26 29 14 8.200000000000001 0 0.2 0.2 0 0 0 2.4000000000000004 0 0 0 0 0 16 0.4 0 0.2 0 0.6000000000000001 15 22 0.4 0 12.600000000000001 0 0 0 0 0.2 0 0 0 0 0.6000000000000001 0 12.8 0 0 0.6000000000000001 0.4 0 0 0 0 10.600000000000001 0 0.4 0 0 0 0 0.4 0 0 0.6000000000000001 0.6000000000000001 0.4 0 0 0.4 0 0 0.6000000000000001 0 1.4000000000000001 6 2.2 0 3.8000000000000003 0 2.4000000000000004 9.8 5.6000000000000005 0 5.6000000000000005 0 10.200000000000001 2.2 2 0 0 3.6 3.2 0 0 0 0 0 3.4000000000000004 0.4 0 0 0 8.4 2.6 5.800000000000001 0 3 0 2.4000000000000004 8.200000000000001 0 0 0 0.4 0 0 0 0 0 0 0 0 0 0 0 0 0 0 0 0 0 0 0 0 0.2 0 0 0 0 0 0 0 0 0 0 0.4 0 0 0 0 2 0.4 0 3 7.4 0 1.6 2.8000000000000003 0.4 9.8 8.6 2.2 1.6 0.2 0 0 3.8000000000000003 3 0.2 0 2.2 2.2 3 0.4 2.6 0 3.6 0.2 2.8000000000000003 0.2 0 0 2.2 0 0 0 0 0 5.4 5 0.2 0 0 0 0 0 0 0 0 0 0 0 0 0 0 0 0 0 0 3.8000000000000003 0 0 0 0 0 0 0.8 0 6.800000000000001 0 0 0 0 0 0 0 0 2.4000000000000004 0 0 0 0 3 0 0 0.6000000000000001 8.8 0 0.8 28 0 5 0.4 0 0 0 0 0 0 0 0 0 0 0 0 0 0 0 0 0 0 0 0 0 0 2.2 2.8000000000000003 0 0 0 0 0 0 0 0 0 0 0 0 0 
 25.6 10 11 21.8 0 55.2 26.400000000000002 17.400000000000002 19.200000000000003 33.6 21.6 14.4 16.8 32.2 52.400000000000006 21.400000000000002 28.200000000000003 27 11.4 12.600000000000001 0.2 5 0.4 0 0.4 0 0.2 15 2.4000000000000004 0.2 0.2 0.4 15.600000000000001 0.2 0 18 0 16 7.6000000000000005 0.2 0.2 0 0 0 0 0 0 6.2 0 0 0 0 0.6000000000000001 0 0 0 0 0.4 0.4 0.4 0 0 0 0 0 0.4 0 0 0 0 0.4 0 0 10.4 0.6000000000000001 0.4 0 0 0.4 0 0 2.2 2 1.4000000000000001 0 2 0 0 5.4 2 8.4 0.2 0 4.4 3 0 0 5.2 0 0 0 5.4 2 0 2.6 0 0 0 4.800000000000001 0 0 0.4 2.6 3.8000000000000003 1.8 0 1 0.4 2.2 4.6000000000000005 0 2 0 0 0 0 0 0 0 0 4 0 0 0 0 0 0 0 0 0 0 0 0 0 0 0 0 0 0 0 0 0 0 0 0 0 0 0 4 0 2 0 0 0 1.8 1.8 0 2.8000000000000003 0 0 5 3 1.8 0 0 2 2 3 0 0 2.4000000000000004 1.8 2.6 3.2 0 0 0 0.2 0 0.2 2 0 6.2 3.2 3 2.4000000000000004 4.6000000000000005 0 5.2 6.2 0 0 0 0 0 0 0 0 0.4 0 0 0 0 0 0 0 0 0 0 0 0 0 0.2 0 0 0 0.2 0 0 0 0 0 0 0 0 0 0 0 0 0 0 1.4000000000000001 0 0 0 0 1.6 0.6000000000000001 18.8 12.4 0 1.6 0 0 0 4.4 0 0 0 0 0 2.8000000000000003 2.2 0 0 0 0 0 0 0 0 0 0 0 0 0 3.2 0 0 0 0 0 0 0 0 0 0 0 0 0 
 47.2 65.60000000000001 4.800000000000001 6.800000000000001 55.2 0 25.8 6.6000000000000005 18.6 30.8 16 10 47.2 10.4 67.4 106.80000000000001 33.800000000000004 13.8 19.8 6 0.6000000000000001 0.4 16.400000000000002 0 0 0 12.4 14.600000000000001 0 0 0.2 0 30 0 0.6000000000000001 0 15.600000000000001 31.6 28.200000000000003 14.4 0 0 0 0 0 0 0 0 0 0 0 0.4 0.6000000000000001 0 1.2000000000000002 0 0 0.2 0.8 0 0 0 0 0 0 0.6000000000000001 0 0 0 0 0.4 0 0 0.2 6.6000000000000005 0.4 0 0 0.6000000000000001 0 0 0 2.8000000000000003 5.2 5.800000000000001 2.2 0 1.8 0 1.4000000000000001 0 2 0.2 0.4 2.8000000000000003 1.6 4.4 0 2.8000000000000003 1.4000000000000001 0 2.4000000000000004 6 0 2 0 1.8 2.4000000000000004 0 0 0 0 1.6 3.6 3.2 2.8000000000000003 0 0 5.6000000000000005 4 0 0 0 0 0 0 0 0 0 0 0 0 0 0 0 0 2.4000000000000004 0 0 0 0 0 0 0 0 0 0 0 0 0 0 0 0 0 0 0 0 0 2.4000000000000004 0 2 2.6 0 2 4.2 2.2 0 0 0 3.2 3.2 2.2 0.4 0 0 0 0 7 0 0 0 1.2000000000000002 0 7.4 0 0 2 3.4000000000000004 3 7.2 2 0 3.8000000000000003 4.800000000000001 2.8000000000000003 2.2 0 0 4.6000000000000005 7.2 0 0 0 0 0 0 0 0 0.2 0 0 0 0 0 0 0 0 0 0 0 0 0 0.4 0 0 0 0.4 0 0 0 0 0 0 0 0 0 0 0 0 0 0 0 0 0 0 0.2 0.2 0 0 23.400000000000002 0.2 1 0 0 0 0 0 0 0 0 0 3 0 0 0 12.600000000000001 0 0 0 0 0 0 0 0 0 3.8000000000000003 0 0 0 0 0 0 0 0 0 0 0 0 0 0 
 41 31.6 42.2 25.8 26.400000000000002 25.8 0 23.200000000000003 45 25.200000000000003 51.800000000000004 10.200000000000001 35 55.6 29.8 31.400000000000002 68.4 62 56.800000000000004 27.6 0 0.4 0.4 1.2000000000000002 0.6000000000000001 0.4 1.6 0 0.2 0.4 0 0.6000000000000001 4.4 40.6 0 0 0.2 0.6000000000000001 0.8 0 0.6000000000000001 0.4 0.4 0 0 0.6000000000000001 15.4 0.4 0 0 0 0.6000000000000001 0.6000000000000001 0 0 0.6000000000000001 1.2000000000000002 0.6000000000000001 0.4 0.6000000000000001 0 0.6000000000000001 0 1 1.2000000000000002 0.4 0.6000000000000001 0 0 0 0.6000000000000001 1.2000000000000002 0 0.6000000000000001 0.6000000000000001 0.4 0.4 0 1.4000000000000001 0 3 2 0.8 2 2.4000000000000004 0 0 2 6.800000000000001 5 4.2 2.4000000000000004 4.800000000000001 5 4.800000000000001 0 3.2 5 4.6000000000000005 6.6000000000000005 0 0 0 0 0 1.8 0 2 0 0 0 0 4.2 0.2 0 0 0 0 4.4 5.6000000000000005 0 0 0 0 0.2 0 0 0 0 0 0 0 0 0.6000000000000001 0 0 0 0 0 0 0 0 0 0 0 0.4 0 0 0 0 0 0 0 0 0 0 0 0 0 0 4.800000000000001 0 0 0.4 2.8000000000000003 0 0 0.2 0 0 2.2 9 4.6000000000000005 2 3.4000000000000004 1.8 0 0 4.4 0 0 0 0 0 0 0 0 0 0 0 0 0.2 0 0 0 0 0 0 3 2 0 0 0 0 0 0 0 0 0 0 0 0 0 0 0 0 0 0 0 0 0 0 0 0 0 0 0 0 0 0 0 0 0 0 0 0.4 0.4 0 0 0 0 2.6 0 0 0 0.4 0.4 0 0.2 0 0 0 0 0.2 0 0 0 0 0 0 0 0 2.8000000000000003 0 0 0 0 0 0 0 0 0 0 0 0 0 2.8000000000000003 0 0 0 0 0 0 0 0 0 0 0 0 0 
 28.6 38.800000000000004 38 14.200000000000001 17.400000000000002 6.6000000000000005 23.200000000000003 0 52 23.200000000000003 24.6 8.200000000000001 34.2 17 10.4 28.400000000000002 5.4 9.8 57.800000000000004 43 0 0.2 0.2 0 0 0 14.600000000000001 0.4 0 0 0 0 1 0 0 0 0 0.6000000000000001 0 0 0.4 0 0 0 0 0 0 0 0 0 0 1.2000000000000002 0.6000000000000001 0 0 0 0 0.6000000000000001 0.4 0 0 0 0 0 0 0.4 0 6.4 0 0 0.4 0 0 0.6000000000000001 0.6000000000000001 0.4 0.6000000000000001 0 0.4 0 5.6000000000000005 5.800000000000001 3.6 0 0 0 5 3 3.4000000000000004 4.2 0 0 10.200000000000001 5.4 0 0 2.2 4.4 2.2 1.4000000000000001 0 0 0 0 0 0 0 0 0 0 0 0 0 0 0 0 0 2.4000000000000004 0.2 0 0 0 0 0 0 0 0 0.4 0 0 0 0 0 0 0 0 0 0 0 1.6 0 0 0 0 0 0 0 0 0 0 0 0 0 0 0 0 0 0 0 0 0 6 8.4 0 0 0 7.4 12.200000000000001 9.200000000000001 0 0 0 3 5.800000000000001 9.200000000000001 0.2 5.4 0.2 11.200000000000001 0.6000000000000001 0 0 0 0 0 0 0 0.2 0 0 0 0 0 0 0 0 0 0 0 0 0 0 0 0 0 0 0 0 0 0 0 0 0 0 0 0 0 0 0 0 0 0 0 0 0 0 0 0 0 0 0 0 0 0 0 0 0 0 0 0 0 0 0 0 0 0 0 0 0 0 2 3.4000000000000004 0 0.2 0 0 0 0 0 0 0 0 5.2 0 0 0 0 0 0 0 0 0 0 0 0 0 0 0 0 0 0 0 0 0 0 0.4 0 0 0 0 
 39.6 14.200000000000001 28.8 33.2 19.200000000000003 18.6 45 52 0 75.4 27 23.8 57.2 17.8 34.4 15.600000000000001 62.2 23.6 18 29.400000000000002 0 0.8 0.2 0 0 0.6000000000000001 0.2 0 0.6000000000000001 0 0.2 0 0.6000000000000001 0.4 0 0.4 0 0.6000000000000001 0 0.2 0.4 12.4 0.4 0 0 0 13.4 1 0 0 0 0 1.2000000000000002 0 6.4 0 0 0.6000000000000001 0.4 0 0 0.6000000000000001 0.4 0 0 0.4 0 10 0 0.6000000000000001 0.4 0 0 0.6000000000000001 1.2000000000000002 0.4 1.4000000000000001 0 0.4 0 2.4000000000000004 4.6000000000000005 8.200000000000001 2.4000000000000004 2.6 0.2 4.6000000000000005 4.4 2.4000000000000004 2 2.2 3.6 6.2 3.4000000000000004 0 1.6 6.2 3.4000000000000004 0 3.8000000000000003 1.6 0 0 1 0 0 2 4.800000000000001 0 0 0 0 9 5.4 0 0 0 0 2.6 0 0 0 0 0 0 0 0 0 0 0 0 0 0 0 0 0 0 0 0 0 0 0 0 0 0 0 0 0 0 0 0 0 0 0 0 0 0 0.2 0 0 4 1.2000000000000002 0 2.2 4.4 0 0 3.2 0 2.4000000000000004 1.2000000000000002 10 4.4 0 0 2 0.2 0.2 0 1.4000000000000001 0 0 0 0 2.4000000000000004 0 0 0 0 0 0 0 2.4000000000000004 0.2 2.6 0 2 0 3 2.6 0 0 2 0 0 0 0 0 2.8000000000000003 0 0 0 0 0 0 0 0 0 0 0 0 0 0 0 0 0 0 0 0 0 0 0 0 0 0 0 0 0 0 0 0 1.4000000000000001 3 0 0 0 0 0.2 0.4 0.4 0 0.4 0 0 0 0 0 0 0 0.8 0 0 2 0 0 0 0 0 0 0 0 0 0 0 0 0 0 0 0 0 0 0 0 0 0 0 0 0 0 0 
 6.800000000000001 27.6 55.800000000000004 20.6 33.6 30.8 25.200000000000003 23.200000000000003 75.4 0 16.400000000000002 10.600000000000001 28.8 51 19.400000000000002 166.8 11 27.400000000000002 20.400000000000002 16 0 0.2 1.2000000000000002 0 0 0 16.400000000000002 0 1.2000000000000002 0.2 0 0 4.6000000000000005 0 0 1.2000000000000002 0.6000000000000001 0.6000000000000001 0 15.4 0 0 0 0 0.4 0.4 0 0.4 0 0 0 0.4 0.6000000000000001 0 0 0.2 0 1.4000000000000001 0.4 0 0 0.4 0 0.6000000000000001 0 0.6000000000000001 0 0 0 0.8 0.4 0.4 0 0 1.2000000000000002 1 0 0.4 0.6000000000000001 0 1.6 1 6 1.2000000000000002 5.4 9 2.4000000000000004 2.2 7.2 4.6000000000000005 1.6 6.6000000000000005 0 0.4 2.6 1.8 1.8 3 0 0 4.4 0 2 0 0 0 1 0 0 1.8 0 0 0 0 1 1.8 0 0 3.4000000000000004 0 0 0 0 0 0 0 0 0 0 0 0 0 0 0 0 0 0 0 0 0 0 0 0 0 0 0 0 0 0 5.4 0 0 0 0 0 0 0 0 0 0 0.8 3.8000000000000003 3.4000000000000004 6.2 0 0 4.6000000000000005 0 3.8000000000000003 0 0 0 9.200000000000001 1.6 0 5 6.4 0 3.6 6.6000000000000005 0 0 2 0 0 0 0 0.2 0 0 1.8 0 0 0 0 0 0 0 2.2 0 0 0 0 0 0 0 0 0 0 0 0 0 0 0 0 0 0 0 0 0 0 0 0 0 0 0 0 0 0 0 0 0 0 0 0 0 0 0 0 0 0 1.2000000000000002 0 0 0 0.4 0.4 0 0.2 0.2 1 0 0 0 0 0 0 0 0 0 0 0 2.8000000000000003 0 0 0 0 0 0 0 0 0 0 0 0 1.2000000000000002 3.8000000000000003 0 0 0 0 0 0 0 0 0 0 0 0 0 
 41 20.6 8.6 56.400000000000006 21.6 16 51.800000000000004 24.6 27 16.400000000000002 0 48.2 11.4 26.8 56.400000000000006 25.400000000000002 63.400000000000006 17.6 10.200000000000001 28.6 15 0.4 0.8 0 0 0 14.8 0 0 0.4 0 7.2 15.8 0 0 0 0.2 1 0.2 0.2 0 0 0 0 0 0 0 0.2 0 0 0 0 0.6000000000000001 0 0 0 0 0.2 0.4 0 0 0 0 0 0 0.6000000000000001 0 0 0 0 0.4 0 0 11.600000000000001 0.6000000000000001 0.4 0 0 0.6000000000000001 0 0 0 5.2 0.4 2 5.800000000000001 2.8000000000000003 4 13.4 4.4 2 7 0 0 9.4 7.2 0 11.200000000000001 0 0 2.4000000000000004 0 0 0 0 0 5 4.2 0 0 0 0 7.2 2.4000000000000004 4.2 0 4.4 2.6 1.8 0.2 0 0 0 2.2 0 0 0 0 0 0 0 2.8000000000000003 0 0.4 0 0 0 0 0 0 1 0 2 0 0 0 0 0 0 0 0 0 0 0 0 0 0 0 0 0 0.2 2 3.8000000000000003 3.6 4.2 2.2 0.2 0 4.2 0.8 6.6000000000000005 9 0.2 2.8000000000000003 0 0 0 5.4 0 0 0 0 2 0 0 0 4.2 0 0 0 0 0 2.2 9.200000000000001 3.4000000000000004 0 2.8000000000000003 0 2.6 5.2 0 0 0 0 0 0.2 0 0.4 0 0 0 0 0 0 1.4000000000000001 0 0 0 0 0 0.4 2.4000000000000004 7 0 0 0 0 0 0.4 3.4000000000000004 0 0 0 0 0 2.8000000000000003 0 0 0 0 0 0 0 0 0 0 0 0 0 1.2000000000000002 0.4 0.6000000000000001 2 0 0 0 0 0 0 0 0 0 0.4 0 0 0 0 0 0 0 0 0 0 0 0 2 0 0 0 0 0 0 0 0 0 0 0 0 0 0 
 17.8 7 41 12 14.4 10 10.200000000000001 8.200000000000001 23.8 10.600000000000001 48.2 0 5 9.8 27.8 5.2 79 18.400000000000002 8.4 38.800000000000004 16.6 0.2 15 0 0 0 20 0.4 0 0 0.2 0 15.8 0 0 0 0 0.6000000000000001 32.4 22.8 0.2 0 0 0 0 0 0 0 0.2 0 0 0 0.6000000000000001 0 0 0 0 0.4 0.4 0 0 0 0 0 0 0.4 0 0 0 0 0.4 0 0 1.2000000000000002 0.6000000000000001 0.4 0 0 0.4 0 2 0 6 0 0 13.8 2 2.2 4.2 1.2000000000000002 0 0 2.2 0 0 6.6000000000000005 0 2.4000000000000004 0 2.2 1.4000000000000001 0 0 0 0 0 5.4 2.8000000000000003 0 2.2 0 0 1.6 4.4 15.200000000000001 4 10.8 0 1.8 2.2 0 0 0.6000000000000001 0 0 0 0 0 0 0 0 0 0 0 0 0 0 0 0 0 0 0 0 0 0 0 0 0 0 0 1.4000000000000001 0 0 0 0 0 0 0 0 0 0 1 0 0 2 5.6000000000000005 0 0 0 3.4000000000000004 4.800000000000001 6 0 0 0 0 0 5.2 0 0 4.800000000000001 0.4 5 0.2 0 0 4.2 0 3.2 0.2 0 0 0 0.4 0 0 0 0 0 3.4000000000000004 0 0 0 0 0 0 0 0 0 0 0 0 0 0 0 0 0 0 0 0 0 0 0 0 0 0 0 0 0 0 0 0 0 0 0 0 0 0 0 0 0 0 3 0 0 1.2000000000000002 25.8 0.4 0.6000000000000001 1.4000000000000001 0.4 0 3.4000000000000004 0.4 0 0 0 0 0 0 0 0 0 0 0 0 0 0 0 0 0 0 0 0 0 2.2 0.2 2.6 0 0 0 0 0 0 0 0 0 0 0 0 
 14.8 8 33 19 16.8 47.2 35 34.2 57.2 28.8 11.4 5 0 17.8 50.6 11.4 8.200000000000001 8.200000000000001 73 13.4 0.4 1.4000000000000001 0.6000000000000001 0.4 0 0.4 0 0.4 0 0 0 0 1 0.4 0 0 0.2 1 0.4 0 0.4 12.8 0 0 0 0 0 0.6000000000000001 0 0 0 0.4 0.6000000000000001 0 0 0 0.8 0.6000000000000001 0.4 0 0 0 0 0 0 0.4 0 4 0 0 0.6000000000000001 0 0 0.6000000000000001 0.6000000000000001 0.4 0 0 0.4 0 7.2 0.6000000000000001 1.8 3.4000000000000004 0 0 4.6000000000000005 1.8 2.4000000000000004 2.8000000000000003 0 0 7.6000000000000005 0.2 0 0 2 0 1.8 4.800000000000001 0 0 0 0 0 0 0 0 0 0 0 0 0 0 0 0 0 0 0 1.6 0 0 0 0 0 0 0 0 0 0 0 0 0 0 0 0 0 0 0 0 0 0 0 0 0 0 0 0 0 0 0 0 0 0 0 0 0 0 0 0 0 0.2 0 0 0 0 0 3 0 0 0 0 2.2 3 0 5.6000000000000005 2 0 3.6 7.800000000000001 0 0 0 0 0 0 0 0 0 0 0 0 0 0 0 0 0 0 0 0 0 0 0 0 0 0 0 0 0 0 0 0 0 0 0 0 0 0 0 0 0 0 0 0 0 0 0 0 0 0 2 0 0 0 0 0 0 0 0 0 0 0 0 0 0 0 0.4 0.4 0.4 0 0 1 0 0 0 0 0 0 0 0 0 0 0 0 0 0 0 0 0 0 0 0 0 0 0 1.4000000000000001 0 0 0 0 0 0 0 0 0 0 0 0 0 0 
 29 11.4 16 59 32.2 10.4 55.6 17 17.8 51 26.8 9.8 17.8 0 68.2 7.2 60.800000000000004 44.800000000000004 37 30 0 0.2 0.2 0 0 0 0 0 0 0 0 0 0.6000000000000001 0 0 0 0 0.6000000000000001 0 0 0.2 0 0 0 0 0 0 0 0 0 0 0.2 0.6000000000000001 0 0 0 0 0.6000000000000001 0.4 0 0 0 0 0 0 0.4 0 0 0 0 0.4 0 0 0.4 0.6000000000000001 0.4 0 0 0.4 0 2.2 1.8 0.2 3.4000000000000004 5.2 0 4 1 0.2 3.8000000000000003 2.2 2.6 7.4 5.800000000000001 2.4000000000000004 0 6.4 0.2 0.2 2 0 0 0 0 1.4000000000000001 0 0.4 2.2 0 9.4 0 0 1.6 0 0 0 0 0 0 2 0 0 0 0 0 0 0 0 0.2 0.4 0 0.4 0 0 0.4 0 0 0 0 0 0 0 0 3.6 0 0 0 0 0 0 0 0 0 0 0 4.4 0 0 0 0 4.800000000000001 2.8000000000000003 4.6000000000000005 7.800000000000001 0 0.4 4.4 0 0 0.2 0.4 0.6000000000000001 2.8000000000000003 5.800000000000001 0 5 14.4 9.600000000000001 0 0 0 0 0 0 0 0 0 0 0 0 0 0 0 0 0 0.2 0 0 0 2.2 0 0.4 0 0 0 0 0.2 0 0 0 0 0 0 0 0 0 0 0 0 0 0 0 0 0 0 0 0 0 0 0 0 0 0 0 0 0 0 0 0 0 0 0 0 0 0 0.4 0 0.4 0.2 0.2 2.2 0.4 0 0 0 0 0 0 0 0 0 0 0 0 0 0 0 0 0 0 0 0 0 0.2 0 3 6.4 0 0 0 0 0 0 0 0 0 0 0 0 0 
 49.800000000000004 24.200000000000003 32.800000000000004 33 52.400000000000006 67.4 29.8 10.4 34.4 19.400000000000002 56.400000000000006 27.8 50.6 68.2 0 24.200000000000003 40 47.6 24 14.200000000000001 0 0 1.4000000000000001 0.6000000000000001 0.6000000000000001 0.6000000000000001 0.4 0.6000000000000001 0.4 0.2 0 0 0.6000000000000001 0.4 0.4 0 0.2 1 14.600000000000001 0.4 0.2 0.6000000000000001 0 0 0 0 0 14.600000000000001 0 0 0 0.4 0.6000000000000001 0.2 0 0 0 0.4 0.4 12.4 0 0 0 0 0 1 0 0.6000000000000001 0.2 0 0.4 0 0 6.4 0.6000000000000001 1 0.4 0 0.4 0 1.6 0 2.6 6.6000000000000005 2.4000000000000004 0 3 9.4 2.4000000000000004 2.6 4.4 2 0 2.4000000000000004 5.6000000000000005 5.800000000000001 0 10.200000000000001 2 0 0.2 0 0 0 0 0 14.200000000000001 0.6000000000000001 0 0 0 0.2 13 1.8 0 0 0 0 0 2.4000000000000004 0 0 0 0 0 0 0 0 0 0 0 0.4 0 0.4 0 0 0 0 0 0 1 0 1 0 0 0 0 0 0 0 0.4 0 0 0 0 0 0 0 0 0 2.6 3.8000000000000003 2 0 2.4000000000000004 1.4000000000000001 5.4 6.4 11.4 3.6 5.800000000000001 6.4 0 0 2.6 0 6.2 3 0 0.2 0 0 0 0 0 0 0.2 0 0 0 0 0 0 2 0 0 0 0 8.4 3.2 0 0 0 0 0 0 0 0.2 0 0 0 0 3.6 0 0 0 0 0 0 0.2 0.4 0.4 0 0 0 0 0 0 0.4 0 0 0 0 0 0 0 0 0 0 0 0 0 0 0 0 0.6000000000000001 0 0.4 0.2 0 0 2.4000000000000004 0 0 0 0 0 0 0 0 0 0 0 0 0 0 0 0 0 0 0 0 0 0 0 0 0 0.4 0 0 0 0 0 0 0 0 0 0 0 0 
 5.4 158.20000000000002 14.600000000000001 8.4 21.400000000000002 106.80000000000001 31.400000000000002 28.400000000000002 15.600000000000001 166.8 25.400000000000002 5.2 11.4 7.2 24.200000000000003 0 13.8 10.200000000000001 5.800000000000001 18.400000000000002 0 0.4 0 0.4 0.4 0 3.6 0 0 0.6000000000000001 0 0.2 15.4 0 0 0 0 0.6000000000000001 0.2 0.8 0.4 0 0 0.2 6.800000000000001 0 1.4000000000000001 0.2 0 0 0 0 1 0 0 0.8 0.4 1 0.4 0 0.4 0 0.4 0.8 0 0.4 0.4 0 0.4 0.6000000000000001 1.2000000000000002 0 11 0.6000000000000001 1 0.4 0 0.4 0.4 0 1.8 6.800000000000001 2.4000000000000004 1.4000000000000001 12.200000000000001 1.6 0.8 7 2.2 4.4 4 2.4000000000000004 0 0.2 12.200000000000001 6.800000000000001 3.2 6.4 0 0 0 0 0 0 0 0 1.4000000000000001 0 0 0 0.4 0 2.6 0 1.4000000000000001 0 0 0 2.8000000000000003 0 0 0 0 0 0 0 0 0 0 0 0 0 0 0 0 0 0 0.4 0 0 1 0 0.4 0 0 0 0 0 0 0 0 0 0 0 0 0 0 0 3 0 2.2 5 8.8 0 0 1.6 3.4000000000000004 0 5.2 3.4000000000000004 3 0 5.2 5 2.6 2 0 0 6.4 1.2000000000000002 0 0 0 0 0.4 0 2 0 0 0 0 0 0 0 0 0 0 0 2.6 3 0 0 0 0 0 0 0 0 0 0 0 0 0 0 0.4 0 0 0 0 1.6 0 0 0 0 0 0 0 0 0 0 0 0 0 0 0 0.2 0 0 0 0 0 1.4000000000000001 0 0 0 0.8 0.6000000000000001 0 0 17.400000000000002 2.8000000000000003 0.8 0 0 0 0 0.2 0 0 0 0 0 0 0 0 0 0 0 0 0 0.4 0 0 0 0 0.2 0 0 0 0 0 0 0 0 0 0 0 0 0 0 
 11.8 7.4 9.200000000000001 26 28.200000000000003 33.800000000000004 68.4 5.4 62.2 11 63.400000000000006 79 8.200000000000001 60.800000000000004 40 13.8 0 46.6 59.2 48.800000000000004 0 0.6000000000000001 0.2 0 0.4 0 0 0 0 0 0.2 0 0.6000000000000001 0.2 0 0.4 0 0.6000000000000001 0.4 0 0.4 0 0 0 0.2 0 0.4 0.4 0 0 0 0 0.6000000000000001 0 0.2 0 0 0.6000000000000001 0.8 0 0 0 0 0 0 0.4 0 0 0 0.2 0.4 0 0 2.2 0.6000000000000001 0.4 0 0.4 0.4 0 0 0 2.2 6 0.2 0.6000000000000001 0 4.6000000000000005 0.4 2 7 9.600000000000001 0.2 1.6 4.2 7.4 0 9 0 0 1.6 2.6 0 0 0 0 6.800000000000001 4.2 0 3 0 0 8 2.6 0 0 0 0 0.4 3 0 1.8 0 0 0 0 0 0 0 0 0 0 0 0 0 0 0 0 0 0 0 0 0.6000000000000001 0 0 0 0 0 0 0 0.6000000000000001 0 0 0 0 0 0 0 0 0 2.8000000000000003 2.6 3.2 10.4 2.6 0 0 3.2 0 6.4 6.6000000000000005 12.4 3.4000000000000004 2 0 0 2.8000000000000003 10.4 0 0 0 0 0 0 0 0 0.2 0 0 0 0 0 2 2 0 0 0 0 7.4 4.4 0 0 0 0 0 0 0 0 0 0 0 0 0 0 0 0 0 0 0 0 0 0 0 0 0 0 0 0 0 0 0 0 0 0 0 0 0 0 0 0 0 0 0 0 0 0.4 0 0 0.4 0.6000000000000001 0 0.4 0 0 0 0 0 0 0 0 0 0 0 0 0 0 1.8 0 0 0 0 0 0 0 0 0.4 2 2 0 0 0 0 0 0 0 0 0 0 0 0 
 20 25.6 15.8 29 27 13.8 62 9.8 23.6 27.400000000000002 17.6 18.400000000000002 8.200000000000001 44.800000000000004 47.6 10.200000000000001 46.6 0 25.8 11.600000000000001 0 0.4 0.2 0 0.2 0.4 14.600000000000001 14.4 0 0.2 0.4 0.2 12.600000000000001 0.4 0.4 0 0 0.6000000000000001 0.2 12.200000000000001 0.4 0 0 0 0 0 0 6.6000000000000005 0 0 0 1.2000000000000002 0.6000000000000001 0 0 0 0 0.6000000000000001 0.4 0 0 0 0 0 0 0.4 0 0 0 0 0.4 0 11.600000000000001 0.8 0.6000000000000001 0.4 0 0 0.4 0 2 0.4 12 6.6000000000000005 0.2 2.2 2.4000000000000004 0.4 14.4 5.6000000000000005 5 0 3.2 6.2 3.8000000000000003 0.2 0 4 0 0 4 0 0 0 0 0 0 0 0 0 0 0 3.8000000000000003 0 0.8 0 1.8 0 0 1.4000000000000001 0 0 0 0 0 0 0 0.2 0 0 0 0 0 0 0 0 0 0.2 0 0 0.2 0 0 0 0 0.2 0 0 0 0 0 0 0 0 0 0 0 0 0 0 0 0.6000000000000001 1.4000000000000001 1.6 0.2 0 0.2 5.800000000000001 0 0 8.8 4.4 3.2 4.2 0 3.2 2.8000000000000003 8.8 0 1.8 1.2000000000000002 3.8000000000000003 0 0 0 0 1.2000000000000002 0 0 0 0 0 0 0.2 0 0 0 0 4.4 2.8000000000000003 0 0 0 0 0 0 0 0 0 0 0 0 0 0 0.2 0 0 0 0 0 1.8 0 0 0 0 0 0 0 0 0 0 0 0 0 0 0.2 0.2 0 0 0 0 0 0 0 0 0 0.8 0 17.400000000000002 17.400000000000002 0 0 2.2 0.4 0 0 0 0 0 0 0 0 0 0 0 0 0 0 0 0 0 0 0 0 0 4 3.4000000000000004 0 0 0 0 0 0 0 0 0 0 0 0 0 
 12.600000000000001 7.4 8.8 14 11.4 19.8 56.800000000000004 57.800000000000004 18 20.400000000000002 10.200000000000001 8.4 73 37 24 5.800000000000001 59.2 25.8 0 17.2 0 0.8 0.2 0 0 0 1 0 0 0.4 14.8 0 0.8 0 0 0.4 0 0.6000000000000001 14.600000000000001 0 0 0 0 0 0 0 0 0.4 0 0 0 0 1.2000000000000002 0 0 0 0 0.4 0.4 0 0 0.2 0 0 0 0.6000000000000001 0 0 0 0.6000000000000001 0.4 0 0 0.2 1.2000000000000002 0.4 0 0 0.6000000000000001 0 15.200000000000001 2 0.2 1 0.2 0 7.2 0 2.6 9.8 0.2 0 3 4.800000000000001 0 0 4.800000000000001 0.2 3.4000000000000004 2.2 0 0 0 0 0 0 0 0 0 0 0 0 0 0 0 0 0 0 0 0 0 0 0 0 0 0 0 0 0 0 0 0 0 0 0 0 0 2 0 3.4000000000000004 0 0 0 0 0 0 0 0 0 0 0 0 0 0 0 0 0 0 0 0 0.4 0.4 0.2 2 0 0 4.4 5.6000000000000005 6.2 0 0 0 3.8000000000000003 3.6 8.4 6 8.200000000000001 3.2 0.2 2.6 0 0 0 2.6 0 0 0 0 0 0 0 0 0 0 0 0 0 0 0 0 0 0 5.6000000000000005 0 0 0 0 0 0 0 0 0 0 0 0 0 0 0 0 0 0 0 0 0 0 0 0 0 0 0 0 0 0 0 0 0 0 0 0 0 0 0 0 0 0 0.4 0 0.4 0 0.2 0 0.4 0 0 0 0 0.4 0 0 0 0 0 0 0 0.4 0 0 0 0 0 0 0 0 0 0 1 0 0 0 0 0 0 0 0 0 0 0 0 0 0 
 33 23.8 26.400000000000002 8.200000000000001 12.600000000000001 6 27.6 43 29.400000000000002 16 28.6 38.800000000000004 13.4 30 14.200000000000001 18.400000000000002 48.800000000000004 11.600000000000001 17.2 0 0 0.2 0.2 0 0 0 0.4 0 0.2 0.2 0 0 0.6000000000000001 0 0 0 0 0.6000000000000001 0 0 0.2 0 0 0 0 0 0 0 0 0 0 0 0.6000000000000001 0 0 0 4 0.4 1.4000000000000001 0 0 0 0 0 0 0.8 0 8.6 0 0 0.4 0 0 0.6000000000000001 0.6000000000000001 0.4 0 0 0.8 0 6.6000000000000005 2.2 5.6000000000000005 0 1.8 0 10.600000000000001 5.6000000000000005 1.4000000000000001 0 0 0 1.8 6.800000000000001 4.4 0 1.6 0.4 7 4.4 0 0 0 0 0 0 0 0 0 0 0 0 0 0 0 0 0 0 0 0 0 0 0 0 0 0 0 0 0 0 0 0 0 0 0 0 0 0 0 0 0 0 0 0 0 0 0 0 0 0 0 0 0 0 0 0 0 0 0 0 2 2.4000000000000004 1.6 1.8 0 0 3.8000000000000003 10 0.2 1 0 1.8 2 1.6 4.800000000000001 1.8 2 0 5 1.4000000000000001 0 0 0 0 0 0 0 0 0 0 0 0 0 0 0 0 0 0 0 0 0 0 0 0 0 0 0 0 0 0 0 0 0 0 0 0 0 0 0 0 0 0 0 0 0 0 0 0 0 0 0 0 0 0 0 0 0 0 0 0 0 0 0 0 0 0 0 0 17 0 0 0.8 0 8 0.2 0 0 0 0 0 0 0 0 0 0 0 0 0 0 0 0 0 0 0 0 0 2.8000000000000003 2.4000000000000004 0 0 0 0 0 0 0 0 0 0 0 0 
 0 0 0 0 0.2 0.6000000000000001 0 0 0 0 15 16.6 0.4 0 0 0 0 0 0 0 0 21.200000000000003 122.80000000000001 13 25.400000000000002 14 30.200000000000003 19 29.8 124.80000000000001 7.4 21.8 31.6 35.2 51.2 36.800000000000004 30.200000000000003 7.2 5.2 37.6 0 41.400000000000006 0 0 0.6000000000000001 0.4 0.8 0 0.4 81 0.8 40.400000000000006 3.8000000000000003 0 0.8 0.2 0.6000000000000001 0 0.4 0.4 0.4 0.4 0 0 0 0 0 0.2 0.6000000000000001 0.4 0.6000000000000001 0 0 0 0.6000000000000001 0 0 0.4 0.2 0.6000000000000001 0 0 0 0 0 3.2 0.2 0 0 0 0 0 0 0 0 0 0 0 0 0 2 7 2.2 6.2 2 2.2 4 3.2 9.600000000000001 0 4 4 1.8 0 1.4000000000000001 9.200000000000001 5 5.2 6.6000000000000005 2.2 0 0 0 0 0 0 0 0 0 0 0 0 0 0 0 0 0 0.4 4.6000000000000005 2.4000000000000004 0 0 0 0 0 0 0 0 0 0 0 0 0 0.8 0 0 0 0 0 0 0 0 0 0 2.4000000000000004 11.8 0 0 0 0 0 0 0 0 0 1.4000000000000001 0 0 2.4000000000000004 0 0.8 8.8 6.4 4 0 0 3.4000000000000004 5.6000000000000005 1.8 7.800000000000001 1.6 4.800000000000001 3 1.6 5 3.6 2.2 0 0 2.4000000000000004 0 1.8 0 0 0 0 0 0 0 0 0 0 0.4 0 0 0 0 0 0 0 0 0 0 0 0 0 0 0 0 0 0 0 0 0 0 0 0 0 4.2 0 0 0 0 0 0 0 0 0 0 0 0 0 0 0.6000000000000001 2.8000000000000003 0.2 0.4 0 15.4 0 0.2 0 0 0 0 0 0 0 0 0 0 0 0 0 0 0 0 0 0 0 0 3.2 0 0 0 0 0 0 0 0 
 0.2 0.4 0 0.2 5 0.4 0.4 0.2 0.8 0.2 0.4 0.2 1.4000000000000001 0.2 0 0.4 0.6000000000000001 0.4 0.8 0.2 21.200000000000003 0 32.4 11.8 5.4 13.8 15 101 33.4 9 7.6000000000000005 51.800000000000004 8.200000000000001 20.400000000000002 8.4 25.400000000000002 33 10.8 13.8 7.800000000000001 0 0.4 0 0 0 0.2 0 0 0 12.8 0.4 0 13.200000000000001 0.4 0.6000000000000001 0 0.6000000000000001 0 0 0.4 0.4 0.4 0.4 0 0 0 0.8 0.4 0.6000000000000001 0 0 0 0 0 1.2000000000000002 10.4 0.8 0 0 1.2000000000000002 0 0 0 0 0 0 0 3.8000000000000003 0 0 1.6 0 0 0 0 0 0.4 0 0 0 0 14 0 3 1.6 0 0 0.2 6.6000000000000005 2.4000000000000004 0.8 1.2000000000000002 0 4.2 0 0 3.6 0.2 3.2 0 0 0 0 0 0 0.4 0 3.2 0 0 0 0 10.4 2.4000000000000004 0 0 0 2.6 1.8 6.800000000000001 3.2 0 0 0.4 0 0 0 0 0 0 0 0 0 1.2000000000000002 0 0 0 0 0 0 0 0 0 0 0 1.6 1 0 0 0 0.4 1.6 0 0 0 0 0 0.8 0 0 4 2.6 6.4 0 5.2 0 0 0.4 0.8 0 3.8000000000000003 4.6000000000000005 0.2 2.8000000000000003 0 2 2 1.8 0 0 0 0.2 0 0 0 0 6.6000000000000005 0 0 0 0 0 0 1.6 4.2 0 0 0.4 3.4000000000000004 0.2 0 0 0 0 0 0 0 0 0 0 0 0 0 0 0 0 0 0.2 0 0 0 0 0 0 0 0 0.2 0 0 0 0 0 0 0 2.8000000000000003 0.4 0.4 1.4000000000000001 0.2 0 0 0 0 0 0 0 0 0 0 0 0 0 0 0 0 0 0 0 0 0 0 0 0 0 0 0 0 0 0 0 
 0.2 1 0.4 0.2 0.4 16.400000000000002 0.4 0.2 0.2 1.2000000000000002 0.8 15 0.6000000000000001 0.2 1.4000000000000001 0 0.2 0.2 0.2 0.2 122.80000000000001 32.4 0 37.6 11.8 44 30 38.2 34.2 59.2 14.4 9 13.8 86.60000000000001 11.8 67 42.2 43.6 58 16.2 0.2 0.4 0 0 0 0 0.2 1.6 0 0 1.2000000000000002 0 0 0 0.6000000000000001 0.8 0.6000000000000001 0 0 0.4 0.8 0.8 0 0 0 0 0 0.4 0.6000000000000001 1.4000000000000001 0 0.8 0 0 2.2 1.4000000000000001 0 1.4000000000000001 0 0.6000000000000001 0 0 0 0 0 0 0 0 0 0 0 0 0 0.4 0 0 0 0 0 0 0 5.2 0 2.8000000000000003 0 0.2 0.6000000000000001 3.8000000000000003 10.4 0 0.2 3.6 0.4 0.2 0 19.8 0 13 2.4000000000000004 2.8000000000000003 0.4 0 0 0 0 0 0 1.6 0 0 0 0 2 1 0 0 0 0 0 11.600000000000001 0 0.4 0 0 0 0 0 0 0.4 0 0 0 0 5.800000000000001 0 0 0 0 0 0 0 0 0 0 0 5.6000000000000005 0 0 0 0 0 0 0 0 0 3.4000000000000004 0 0 0 1.4000000000000001 1.2000000000000002 0.2 7.800000000000001 5.2 0.2 0 2 2 0.4 10.8 5.4 0.2 4.800000000000001 0 3.4000000000000004 6.6000000000000005 4.6000000000000005 4.6000000000000005 0 0 0 0 0 0 0 0 0.8 0 0 0 0 0 5.800000000000001 0 0 0 0 0 0 0 0 0 0 0 0 0 0 0 0 0 0 0 0 0 0 0 0 0 0 0 0 0 0 0 0 0 0 0 0 0 0 0 0 0 1.8 0 0.4 0 15.200000000000001 0 0.4 0 0 0 0 0 0 0 0 0 0 0 0 0 0 0 0 0 0 0 0 0 0 0 0 0 0 0 0 0 
 0 0 0 0 0 0 1.2000000000000002 0 0 0 0 0 0.4 0 0.6000000000000001 0.4 0 0 0 0 13 11.8 37.6 0 84.80000000000001 68 34.4 37.800000000000004 17.8 41 35.6 62.800000000000004 11.200000000000001 23.6 41.2 19.6 10 68.4 10 47.2 16.8 0.4 0 0 0 0 0.2 0 0 0 0.4 0.4 16.2 0 0.6000000000000001 0.4 0.6000000000000001 0 6.6000000000000005 12.8 0 0 0 9.4 0 10.4 0.4 0 0.6000000000000001 0 0 0 0 0 0.6000000000000001 1.2000000000000002 0 0 1 0.6000000000000001 0 0 0.2 0 0 0 0 0 0 0 0.2 0 0 0 0 0 0 0 0 0 0 2 0 0.2 0.8 0.2 0 1.8 0 6.2 1.8 0 0 2.6 0 2.8000000000000003 8 0.2 0 0 2.4000000000000004 0.4 0 0 0 6.4 1.8 7.2 0 0 0 0 3.6 4.6000000000000005 0 0 0 0 2.2 2.6 0 0 0 0 0 0 0 2.8000000000000003 0 0 0 0 0 0 0 0 0 0 0 0 0 0 0 0 0 0 0 0 0 0 0 0 0 0 0 3.4000000000000004 0 0 0 0 0 0 0 4 2.2 1.8 0 0 0 0 2.2 2.8000000000000003 0 0 2.8000000000000003 0.2 4.800000000000001 2.2 0 0 4.4 2.2 0 0 0 0 4.800000000000001 3.2 0 0 0 0 6.800000000000001 8 2.4000000000000004 0 0.6000000000000001 0 1 3.6 0 0 0 0 0 0 0 0 0 0 0 0 0 0 0 0.4 0 0 0 0.4 0 0 0 0 0 0 0 0 0 0 0 0 0 0 3.2 0 0.2 15.600000000000001 0 0.2 0.4 0 0 0 0 0 0 0 0 0 0 0 0 0 0 0 0 0 0 2 0 2.4000000000000004 0 0 0 0 4.4 0 0 0 
 0 0.2 0 0 0.4 0 0.6000000000000001 0 0 0 0 0 0 0 0.6000000000000001 0.4 0.4 0.2 0 0 25.400000000000002 5.4 11.8 84.80000000000001 0 54 10 30.6 15.8 66.4 55.400000000000006 16.2 14.4 27.8 18 33.800000000000004 53.6 38.800000000000004 11.200000000000001 9.600000000000001 4.2 0.4 0 0 0.2 0.4 0.4 0 0 0 0.4 0.4 5.800000000000001 0 1.6 1.6 13.4 0.4 25.200000000000003 14.200000000000001 5.800000000000001 0 0.4 0 0.6000000000000001 10.8 0 0.2 1 0 0.6000000000000001 0.6000000000000001 0 0 0.6000000000000001 0 0.6000000000000001 0.6000000000000001 0 1 0.2 0 0 0 0 0 0 0 0 0 0 0 0 0 0 0 3.8000000000000003 0 0 0 0 2.6 0 0 0.8 2.8000000000000003 0 2.2 0 3 4 0.6000000000000001 0 0 0 2.6 0.6000000000000001 2.4000000000000004 0 0 2.2 2.8000000000000003 0 0 0 0 7 2.2 3.2 0.6000000000000001 0.8 0 0.2 3 0.2 0.2 0 0 3.6 0 0 0 0 0 0 0 0 1.2000000000000002 0 1.6 0 0 0 0 0 0 0 0 0 0 0 0 0 0 0 0 0 0 0 0 0 0 0 0 0 2.4000000000000004 0 0 0 0 1.2000000000000002 0.2 0 4.2 0 4.800000000000001 0 0 0 0 2.4000000000000004 0 3 0 2.8000000000000003 1.6 2 0 3.8000000000000003 0 10.4 8 0 0.2 0 0 2.6 4 0.2 0.2 0 0 5.800000000000001 10 9.200000000000001 0 1.6 0 12.4 2 0 0 0 0 0 0 0 0.2 0 0 0 0 0 0 0 0 0 0 0 0 0 0 0 0 0 0.4 0 0 0 0 0.2 0 0 0 0.8 1.4000000000000001 0.6000000000000001 30.8 0 1 1 0 0 0 0 0 4.4 0 0 0 0 0 0 0 0 0 0 0 0 0.2 0 2.2 0.4 0 0 1.8 4.4 0 0 0 
 0 0.4 0 0 0 0 0.4 0 0.6000000000000001 0 0 0 0.4 0 0.6000000000000001 0 0 0.4 0 0 14 13.8 44 68 54 0 10 14.200000000000001 50.800000000000004 29 31 91.60000000000001 50.6 21 42.800000000000004 31.6 17.400000000000002 10 6 29.6 11.4 0.4 0 0.8 0.6000000000000001 0 12.8 12.4 0 0 0.4 0 0.2 11.200000000000001 1.6 0.6000000000000001 17.8 0 0 12.600000000000001 0 0 0 0 0 0 0 0 0.6000000000000001 0 0 1.2000000000000002 0.2 0 0.6000000000000001 0 0 0 0 0.6000000000000001 0 0 0 0 0 0 0 0 0 0.2 0 0 0 0 0.4 0 0 0 0 0 0 2.8000000000000003 0 5 0 3.8000000000000003 0 1.8 3.6 0 4.2 0 0 1.4000000000000001 0 4 2.8000000000000003 0 0.4 0 0 0.2 13.8 0 0 0 0 2 4.4 4 0.4 3.4000000000000004 1.8 0 1.4000000000000001 8.4 0 0 6.6000000000000005 4.2 0 0 0 0 0 0 0 0 0 0 0 0 0 1.8 0 0 0 0 0 0 0.2 0 0 0 0 0 0.2 0 0 0 0 0 0 0 0 1.4000000000000001 0 0 0 0 0 0 0 0 3.8000000000000003 0.2 0 0 0 0 0 4.800000000000001 0 0 1.8 0 2.4000000000000004 2.6 0 0 4.4 13.600000000000001 0 0 0 0 3.6 0 2.2 1.4000000000000001 2.2 1 0.4 0 7.6000000000000005 1.6 4.4 0 2.8000000000000003 3.6 0 0 0 0 0 0 0 0 0 0 0.4 0 1.4000000000000001 0 0 0 0 0 0 0 0 0 0 0 0 0 0 0 0 0 0 0 0 0 0.4 0 0 2 1 0 1 0 0 0 0 0 0 0 0 0 0 0 0 0 0 0 0 0 0 0.2 0 10.600000000000001 0 0 0 1.6 0 0 0 0 
 0 14.8 0 2.4000000000000004 0.2 12.4 1.6 14.600000000000001 0.2 16.400000000000002 14.8 20 0 0 0.4 3.6 0 14.600000000000001 1 0.4 30.200000000000003 15 30 34.4 10 10 0 38.800000000000004 8.6 6.2 6.2 12.8 85.80000000000001 8.8 62.2 22.400000000000002 5.2 27.8 26.200000000000003 54.800000000000004 0 0.4 0.4 0 0 0.6000000000000001 0 0 0.4 0 0.4 0 0 0 0.6000000000000001 0 0.6000000000000001 0 0 0.4 0 0 0 0.4 0.6000000000000001 0 1 0 0.6000000000000001 0 0 0.6000000000000001 0 0.4 0.6000000000000001 0 0 0 0.4 0.6000000000000001 0 0 0.2 2.6 3 5 0 0 1.4000000000000001 5 0 1.2000000000000002 0 0 3.2 3.8000000000000003 2 2.8000000000000003 0 0.2 0.2 0 0 0 0 1.4000000000000001 4 0.2 0.2 0 2.6 0 1.6 0.4 7.800000000000001 4 3.8000000000000003 0 3 9.600000000000001 0 0.4 0.2 0 0 0 0 0 0 0 0.2 0 4 0 0 0.4 0 0 2.4000000000000004 0 0 0 0 0 0 0 0 0 0 0 0 0 0 0 0 0 0 0 0 0 0 9.8 0 5.2 0 7 0.4 0 0 4.4 2 0.2 0.4 0 0 0 0 1.4000000000000001 0 0 0 0.2 1.8 0 0 0 10 2.4000000000000004 2 6.2 0 2.4000000000000004 0 2.2 0 0 0 5.2 1.2000000000000002 5.2 0 0 0 0 0 0 0 0 0 0 0 0 0 0 0 0 2.8000000000000003 0 0 0 0 0 0 0 0 0.2 0 0 0 0 0.2 0 0 0 0 0 0 0 0 0 0 0 0 0 0 0 0 0 0.2 15.200000000000001 0 0 2.2 0 1.8 0 0.4 0 0 0 0.6000000000000001 0 4.6000000000000005 0 0 0.4 0 0 0 0 0 0 0 0 0 2.2 0 0 0 0 0 3.2 0 0 0 0 0 0 0 0 
 0 0 0 0 15 14.600000000000001 0 0.4 0 0 0 0.4 0.4 0 0.6000000000000001 0 0 14.4 0 0 19 101 38.2 37.800000000000004 30.6 14.200000000000001 38.800000000000004 0 15.8 52.400000000000006 47.800000000000004 42.6 25 75.4 76.60000000000001 21 25.200000000000003 20.200000000000003 42.6 9 0 0.4 0 0 0 0 0 0 0 0.4 0.4 0 0 0 0.6000000000000001 1.6 0.6000000000000001 0 13 0.4 0 0 0 0 0 0 0.4 0 0.6000000000000001 0 0 0 0 0 0.6000000000000001 1.2000000000000002 0 0 1 0.6000000000000001 0 0 0 0 0 0 0 0 0 0 0 0 0 0 0 0 0 0 0 0 2.4000000000000004 5.4 2.4000000000000004 0.2 8.4 2 5.6000000000000005 3.4000000000000004 2.8000000000000003 0.2 3.2 2.4000000000000004 0 2.2 6.4 0 4 4 2 1.8 2.6 0 0 0 0 0 0 0.8 0 0 0 0 2.6 3.4000000000000004 0 0 0 0.2 3.2 6 0 0 0 0 0 0 0 0 0 0 0 0 0 0 0 0 0 0 0 0 0 0 0 0 0 0 0 0 0 0 0 0 0 0 0 1.4000000000000001 0 0 0 0 0.4 7 3.8000000000000003 3.8000000000000003 0.2 0.2 6.2 0 2 6 5.2 5.2 4.2 12.8 6.6000000000000005 3.4000000000000004 1.8 11.8 0.4 0 0 0 0 0 0 0 6 0 0 0 0 0 7 0 0.2 0 0 0 5.4 0 0 0 0 0 0 0 0 0 0 0 0 0 0 0 0 0 0 0 0 0 0 0 0.2 0 0 0 0 0 0 0 0 0 0 0 2.2 0 0.4 0.8 18.6 0.2 0.2 2.6 0 0 0 0 0 0 0 0 0 0 0 0 0 0 0 0 0 0 0 0 0 0 0 0 0.8 0 0 0 
 0 0 3.2 0 2.4000000000000004 0 0.2 0 0.6000000000000001 1.2000000000000002 0 0 0 0 0.4 0 0 0 0 0.2 29.8 33.4 34.2 17.8 15.8 50.800000000000004 8.6 15.8 0 42.400000000000006 8 16.400000000000002 16.6 56.400000000000006 34 59.800000000000004 23.8 38 15 27.200000000000003 0.6000000000000001 0.4 0 2.4000000000000004 0 0.6000000000000001 0.6000000000000001 0 0 0.8 0.4 0 0.4 0 0.6000000000000001 0 0.6000000000000001 1 0 0.4 0 0 0 0 0 0 11.200000000000001 9.200000000000001 0.6000000000000001 0 0.4 0 0.4 0 0.6000000000000001 0 0 0 0 0.6000000000000001 0 0 0 0 0 0 0 0 0 0 1.6 0 0 0 0 0 0 0 0 0 0 3.6 4.800000000000001 10 0 0 0 0.2 15 4.4 4.2 0 0 1.4000000000000001 0 3.6 3.8000000000000003 1.8 3 0 0.2 0.2 0 0 0 0 0 0 0 0 0.4 0 0 0 0 0 0 0 2.6 5 0 0 0 0 0 0 0 0 0 0 0 0 0 2.4000000000000004 0 0 0 0 0 0 0 0 0 0 0 1.4000000000000001 0.2 0 0 0 0 0.4 0 0 0 0 0 0 0 0 10.8 0.4 3 0.8 1.6 0.8 0 6.6000000000000005 2.8000000000000003 0.8 0 3.6 0.2 1.6 0 5.4 4.2 0 0 0 0 0 0 0 0 0 0.8 1.8 0 0 0 0 1.8 0 0 0 0.2 0 0 6 0 0 0 0 0 0.2 0 0 0 0 0.4 0 0 0 0 0 0 0 0 0 0 0 0 0 0 0 0 0 0 0 0 0 0 0 4.2 0 0.4 15.200000000000001 0 0 2.8000000000000003 0 0 0 0 0 0 0 0 0 0 0 0 0 0 0 0 0 0 0 0 2.8000000000000003 0 0 0 0 0 0 0 0 
 0 0.4 4.4 0 0.2 0 0.4 0 0 0.2 0.4 0 0 0 0.2 0.6000000000000001 0 0.2 0.4 0.2 124.80000000000001 9 59.2 41 66.4 29 6.2 52.400000000000006 42.400000000000006 0 20.8 22.8 8.6 57.6 48.2 30.6 73.2 25.8 9.600000000000001 14.200000000000001 5.4 0.4 0 0 0 0.2 0.8 0.6000000000000001 0 0.2 0.4 0.6000000000000001 0.4 0 0.6000000000000001 0.6000000000000001 0.8 0.8 0 0.4 0 0.4 0 0.6000000000000001 0 0.2 0 0.8 1.2000000000000002 0.6000000000000001 0 0.4 0 0 1.2000000000000002 0 0 0.4 0 0.6000000000000001 0 0 0 0 0 0 0 0 0 0 0 0 0 0 0 0 0 0 0 0 0 4.800000000000001 4 4.4 2.4000000000000004 1.6 0 2.2 3 3.2 2.6 0.6000000000000001 2 0 0 5.4 1.6 17.2 0 0 4.2 0.4 8.6 0 0 0 0.2 7.800000000000001 0 0 0 0 3.6 8.4 0 0 0 0 0 8.200000000000001 0 0 0 0 0 0 0 1 0 0 0 0 0 0.2 0 0 0 0 0 0 0 0 0 0 0 0 0.4 0 0 0 0 0.2 0 1.2000000000000002 0 2 0 0 0 0 1.2000000000000002 2.6 0 1 1.8 1.6 0 1.8 3.8000000000000003 3.4000000000000004 4.4 5.4 0 0 5.2 2.8000000000000003 5.6000000000000005 5.800000000000001 0 0 0 0 0 0 0 0 9.4 0 0 0 0 0 22.200000000000003 0.8 0.2 0 0.4 1.4000000000000001 10 8.6 0 0 0 0 0 0.4 0 0 0 0 0.2 0 0 0 0 0 0 0 0 0 0 0 0 0 0 0 0 0.2 0 0 0 0 0 0 2.6 0.2 0.4 17 0 0 0.8 0.6000000000000001 0 0 0 0 0 0 0 0 0 0 0.2 0 0 0 0 0 0 0 0 0 0 0 0 0 0 0 0 0 
 0 0 0 0 0.2 0.2 0 0 0.2 0 0 0.2 0 0 0 0 0.2 0.4 14.8 0 7.4 7.6000000000000005 14.4 35.6 55.400000000000006 31 6.2 47.800000000000004 8 20.8 0 24.200000000000003 7.2 13 47 49.2 41.2 40.2 7.6000000000000005 25.400000000000002 25 0.8 0 0.2 0 0 0 0 0 0.4 0.4 0 25.200000000000003 0 15.200000000000001 6.6000000000000005 0.6000000000000001 0 12.4 0.4 0 0 0 0 0 0 0.2 0 0.6000000000000001 0 0 0 0 0 0.6000000000000001 0.8 0 0 0.6000000000000001 0.6000000000000001 0 0 0 0 0 0.4 0 0 0 0.2 0 0 0 0 0 0 0 0 0 0 0 0.2 0.8 0.2 4.4 3.4000000000000004 0 0 0.2 2.8000000000000003 8.200000000000001 0.6000000000000001 0 0.2 0 0 0 1 0 0 4.800000000000001 0.2 0 0 0 0 2.8000000000000003 0 3.4000000000000004 0.4 0 0 6 5.6000000000000005 0 0 0 0 2.6 2.4000000000000004 0 0 0 0 0 0 0 0 0 0 0 0 0 0 3.6 0 0 0 0 0 0 0 0 0 0.2 0 0.8 0 0 0 0 0 0 0 0 0 0 0.6000000000000001 0 0.2 0 0 0 3.4000000000000004 0 4 2.6 2.6 1.2000000000000002 2.8000000000000003 15.4 6.4 0.2 0.6000000000000001 0 0 2.4000000000000004 2.4000000000000004 0 0.2 2.2 2 0 0 0 0 6.6000000000000005 2.4000000000000004 0 0 0 0 3.4000000000000004 5 10 0 0 0 5.2 1.6 5 0 0 0 0 0 0 0 0 0.4 0 0 0 0 0 0 0.4 2.4000000000000004 0 0 0 0 0 0 0 0 0 0 0 0 0 0 0 0 4 0.2 0 0 8.200000000000001 0 0 0.2 0 0 0 0 0 0 0 0 0 0 0 0 0 0 0 0 0 2.2 0 4.6000000000000005 0 0 0 2 6.2 0 0 0 
 0 0 0 0 0.4 0 0.6000000000000001 0 0 0 7.2 0 0 0 0 0.2 0 0.2 0 0 21.8 51.800000000000004 9 62.800000000000004 16.2 91.60000000000001 12.8 42.6 16.400000000000002 22.8 24.200000000000003 0 6 35 23.8 12 48.400000000000006 67.4 14.200000000000001 6 12.4 0.8 0 42 42 0 0 0 42 0.4 0.4 42 0 0 1.6 1.2000000000000002 0.6000000000000001 0 5.800000000000001 0.4 10.600000000000001 0 0 0 0 0 0 0 8.4 0 5.2 0 0 0 0.6000000000000001 4.2 0 0 1.2000000000000002 0.6000000000000001 0 1.2000000000000002 0 0 0 0 0 0 0 0 0 0 0 0 2.6 0 0 0 0 0 0 0.2 4 2.6 0.6000000000000001 0 0 0 0.2 6 2 1.6 0 3.2 0 0 4.4 1 0 0 3 0.6000000000000001 0 0 0 0 5.800000000000001 5.2 4.4 0.8 0 0 2.4000000000000004 1.8 0.2 0 0 0 2 3.4000000000000004 0 0 0 0 0 0 0 0 0 0.6000000000000001 0 0 0 0 0 0 0 0 0 0 0 0 0 0 0 0 0.2 0 0 0 0 0 0 0 0 1 0 0.6000000000000001 0 0 2 0 0 3.2 3.8000000000000003 0.4 0 3 5.4 0 3.2 2.4000000000000004 0 2 4.2 2.2 6.800000000000001 0.4 0 0 9 2.4000000000000004 1.2000000000000002 0.4 0 0 4.6000000000000005 2.6 0.2 0 0 0 4.800000000000001 7.2 4.2 0 0 0 2.6 0 0 0 0 0 0 0 0 0 0 0 0 0 0 0 0 0 0 1.2000000000000002 0 0 0 0 0 0 0 0 0 0 0 0 0 0 0 0 4 0 1.4000000000000001 16.400000000000002 0 0 1 0.4 0 0 0 0 0 0 0 0 0 0 0 0 0 0 0 0 0 0 0 3.2 0 0 0 0 3.2 0 0 0 
