 0 32 36.800000000000004 16.8 34.4 8 28.200000000000003 25.8 26.6 122.80000000000001 14.8 10.600000000000001 37.4 11.600000000000001 37.4 29.200000000000003 8.8 21.8 60.6 52 0 0 0 0 0 0 0 0.6000000000000001 0 0 0 0 0 0 0.4 0.4 0.2 0 0.4 0.6000000000000001 0 0.6000000000000001 0.4 0 0 0 0.4 0 0 0.2 0 0 0 0.2 0.4 0 0 0 0.6000000000000001 0 0 0 0 0.6000000000000001 0.6000000000000001 0 0 0 0.4 0 0 0 0 0.6000000000000001 0 0.4 0 0.6000000000000001 0 0.4 1 7.4 0 1.8 2.2 0 4 0 2 5 0 2.2 4.4 3.6 0 0 2 1.2000000000000002 5.6000000000000005 5.2 0 0 0 0 1.8 0 0 0 0 0 0 0 0 0 0 0 0 0 0 2.4000000000000004 0 0 0 0 0 0 0 0 0 0 0 0 0 0 0 0 0 0 0 0 0 0.2 0 0.4 0 0 0 0 0 0 0 0 0 0 0 0 0 0 0 0 8.200000000000001 0 2 0 0.4 0 15.200000000000001 0 7.4 0.8 2.2 0.2 2 0 5 3.2 0 0.2 0 0 0 0 0 0 0 0 0 0 0 0 0 0 0.2 0 0 0 0 0 2 0 0 0 0 0 0 0 0 0 0 0 0 0 0 0 0 0 0 0 0 0 0 0 0 0 0 0.4 0.4 0 0 0 0 0 0 0 0 0 0 0 0 0 0 2.8000000000000003 0 0 0 0 17.8 0.4 0.4 0 0 0.4 0 0 0 0 0 0.4 0 0 0 0 2 0 0 0 0 0 0 0 0 0 0 0 0 0 0 0 0 0 0 0 0 0 0 0 0 0 0 0 
 32 0 80.2 26.6 27.400000000000002 22.200000000000003 34.800000000000004 55.6 128.20000000000002 26.200000000000003 53.6 28 54.2 39.800000000000004 44.800000000000004 67 28.200000000000003 37 47.400000000000006 9.200000000000001 0.4 0.4 0 0 0 0 0 0 0.6000000000000001 0 0 0 0.6000000000000001 0 0 2.8000000000000003 0.2 0.4 16.2 16.6 0 0.6000000000000001 0.4 0 0 0 0.4 0 0.4 0.8 0 12.200000000000001 0 0.2 0.4 0 0 0 0.6000000000000001 0.8 0 0 0 1 0.6000000000000001 0 0 5.800000000000001 0 1.4000000000000001 0 6.2 0.2 0.6000000000000001 0.6000000000000001 0.4 0.4 8 0 0.4 0 2.6 3.8000000000000003 3.4000000000000004 5 0 0 7 10 2.8000000000000003 2.8000000000000003 3 0 0 3.4000000000000004 6.4 4.4 5.800000000000001 0 0 0 0 0 0 0 0 0 0 0 0 0 0 0 0 0 0 0 0 0 2.2 0 0 0 0 0 0 0 0 0 0 0 0 0 0 0 0 0 0 0 0 0.8 1.8 0 0 0 0 0 0 0 0 0 0 0.4 0 0 0 0 0 0 0 0.4 2.6 2.8000000000000003 2.4000000000000004 6.6000000000000005 3.8000000000000003 0 0.8 6 5.2 4.800000000000001 0.6000000000000001 0 0.8 7 3 2.8000000000000003 3.2 0 0 1.6 0 0 0 0 0 2.6 0 0 0 0 0 0.4 3.2 0 0 0 0 2 0 0 0 0 0 0 0 0 0 0 0 0 0 0 0 0 0 0 0 0 0 0 0 0 0 0 0 0 0 0 0 0 0 0 0 0 0 0 0 0 0 0 0 0 0 0 0.4 9.8 0 0.2 18 0.2 0.6000000000000001 2.2 0 0 0 0 0 0 0 0 0 0 0 0 0 0 0.2 0 0 0 0 0 0 0 0 0.2 0 0 0 0 0 0 0 0 0 0 0 0 0 
 36.800000000000004 80.2 0 81.2 26.6 10.8 105 73 32 11 23.6 44.800000000000004 16.2 55.6 47 102 25.400000000000002 53.6 22.400000000000002 22.8 0 0 0.4 0 0 0 0 0 0 0 0 0 1.2000000000000002 0 0.4 0.4 0.4 0 4.6000000000000005 19.8 0 0.6000000000000001 0.4 0 0 0 0.6000000000000001 0 0 0 0 0 0 0 0.4 0 0 0 0.6000000000000001 0 0 0 0 0.6000000000000001 0.6000000000000001 0 0 0 0 0 0 9.600000000000001 0.4 0.4 0 0.4 0 0.6000000000000001 0 0.4 0 1.8 5 0.2 3.6 0 3.8000000000000003 0 5.800000000000001 0.2 3.6 0 3 0 2 15.8 6.2 3 0 0.2 0 0.4 0 0 0 0 0 0.6000000000000001 0 0 0 0 0 0 0 2.6 0 0 0.2 11.200000000000001 0 0 0 0.4 0 0 0 0 0 0 0 0.2 0 2 0 0 0 0 0 0 1.6 0 0 0 0 0 0.6000000000000001 0 0 0 0 0 0 0 0 0 0 0 0 0 0 2.4000000000000004 8.6 3 0 3 2.6 0 2.4000000000000004 2.2 0 0.2 0 1.4000000000000001 0.6000000000000001 5.800000000000001 0 0 2.2 0 3.2 0 0 0 0 0 2 0.4 0 0 0 0 0.2 0 0 0 0 0 0.2 1 0 0 0 0 0 1.6 0 0.2 0 0.4 0 0 0 0.4 0 0 0 0 0 0 0 0 0 0 0 0 0 0 0 0 0 0 0 0 0 0 0 0 0 0 0 0 0 0 0 0 22.8 0 17.8 0.6000000000000001 0 3.2 0 0 0 0 0 0 0 0 0 0 0 0 0 0 0 0 0 0.4 0 0 0 0 0 2 0 1.6 0 0 0 0 0 0 0 0 0 0 0 0 
 16.8 26.6 81.2 0 58.800000000000004 13 43.2 81.60000000000001 73.60000000000001 57.2 26 11.200000000000001 20.400000000000002 57 63.800000000000004 50.2 11 30.6 13.200000000000001 10.200000000000001 0 0 0 0 0 0 4.800000000000001 0.4 0.4 0 13.8 0.2 15.8 0 0 0.4 0.2 0 0 0.6000000000000001 0 0.6000000000000001 0.4 1.2000000000000002 0 0 0.6000000000000001 0 0 0 1.2000000000000002 0 0.2 0.2 0.4 0 0.2 0 0.6000000000000001 0 0 0 0 0.6000000000000001 1.8 0 0 0 0 0.8 1.2000000000000002 1.6 0.4 0.8 0 0.4 0 0.6000000000000001 0 0.4 4.6000000000000005 1.6 1.2000000000000002 5.2 2.6 9.200000000000001 0.2 0 5 0.2 2.4000000000000004 0 0 0 3.6 0.4 2.2 2 0 0 0 6.6000000000000005 0 0 0 0 5.800000000000001 0 5.800000000000001 0 0 0 7 2.2 2 0 0 0.2 2.8000000000000003 6.800000000000001 1.8 0 0 0 0 0 0 0 0 0 0 0 0 0 0.2 0 0 0 0 0 0 0 0 0 0 0 0 0 0.4 0 0 0 0 0 0 1.6 0 0 0 0 0 0 2.2 3.6 4.4 0 0.4 0 1.4000000000000001 0 4.2 5.6000000000000005 0 4.800000000000001 2.2 7.6000000000000005 0 3 0.4 0 0.2 2.2 0 0 0 0.4 3.2 0 0 0 0 0 7.4 0 3.2 0 0 0.2 5 3.6 0 0 0 0 0 0 0 0 0 0 0 0 0 0 0 0.4 0 0 0 0 3.4000000000000004 0 0 0 0 0 0 0 2.8000000000000003 0 0 0 0.2 0 0 0 0 0 1.8 0 0 0 0 0 0 0.4 1 0 0.2 35.6 0 1.8 0 0 0 0 0 0 0 0 0 0 0 0 0.2 0 0 0 0 0 0 0 0 0 0 0 0 0 0 0 0 0 0 0 0 0 0 0 0 0 
 34.4 27.400000000000002 26.6 58.800000000000004 0 38.2 16.8 33.6 18 17.8 17.2 34.2 13.200000000000001 20.8 16.400000000000002 18.400000000000002 52 39 9.4 17 30 7 0 0 0 0.6000000000000001 0 17 0 0.6000000000000001 0.4 0 12.200000000000001 30.8 14.8 1.4000000000000001 0 0.4 24.6 16.6 0 1 1 0.6000000000000001 0 0.6000000000000001 1.2000000000000002 1 0.6000000000000001 0 0.2 0.2 0 0 0.4 0 0.4 0 1.6 0 0 0.8 0 0.8 0.6000000000000001 0 0 0 1.2000000000000002 0 0 0 0.6000000000000001 0.2 0 0.8 0.4 0.4 0.4 0.4 0.2 0 0 16 5 2 0 0 0 0 2.2 4.2 0 0 0 0.6000000000000001 2.2 3.6 0 0 2.2 0.2 0 0 0 0 1.8 11.4 2.2 0 2.6 0 0.4 0 5.4 0.2 3.4000000000000004 0 3.8000000000000003 1.6 0 0 0 0 0 0 0 0 0 0 0 0 0 0 0 0 0 0 0 0 0 0 0 0 0 0 0.8 0 0 0.4 0 0 0.4 0 0 0 0 0 0 0.2 0 0 0 2 4 1.8 0 0 0 0.2 2.6 2.2 0 0 0 0 0 3.4000000000000004 0 0 0 0.6000000000000001 5.800000000000001 0 0 0 3 4.2 1.8 0 0.2 0 6 5 0 2 0 1.8 0 9 0 0 0 0 0 0 0 0 0 0 0 0 0 0 0 0 0 0 7 0 0 0 0 0 0 0 0 0 0 0 0 0 0 0 0 0 0 0 0 0 0 2.6 6.2 0 0 0 18.400000000000002 0 0 1 0.2 3.4000000000000004 0 0 0 0 0 0 0 0 0 0 2.8000000000000003 0 0 0 0 0 0 0 0 0 0 0 0 0 0 2.2 0 0 0 0 0 0 0 0 0 0 0 0 
 8 22.200000000000003 10.8 13 38.2 0 50.6 67.4 54.2 30 46.400000000000006 32.4 49.6 8.6 8.8 15.4 10.4 19.6 8.200000000000001 8.200000000000001 15.4 0.4 0.2 0 0 0.2 0 7.800000000000001 14.8 0.6000000000000001 0 0 30.400000000000002 16.6 0.2 0.4 0.2 0.6000000000000001 4.800000000000001 15.600000000000001 0 0.6000000000000001 0.4 0 0 0 0.6000000000000001 0 0 12.200000000000001 13.8 0 0 0 0.4 0 0 0 0.6000000000000001 0 6.800000000000001 0.2 0 0.6000000000000001 0.6000000000000001 0 0 0 0 0 0 0 0.6000000000000001 0.4 0 0.4 0 0.6000000000000001 0 0.4 0 0 3.2 3.2 4.2 7.800000000000001 15.8 0.6000000000000001 2.8000000000000003 2.8000000000000003 0 9 0 0 0.2 4.6000000000000005 0.2 4.800000000000001 0 0 9.8 4.2 0 0.2 0 0.4 7.800000000000001 7 7.800000000000001 0 0 0.2 4.800000000000001 3.4000000000000004 4.4 0.2 7.6000000000000005 0.2 1.8 3.6 0 0 0.2 0 0 0 0 0 0 0 0 0 0.4 0 0 0 0 0 0 0 0 0 0 0 0 0 0.2 0 0 0 0.6000000000000001 0 0 0 0 0 0 0 0 1 0 2.8000000000000003 0 4.4 2.6 0 0 0 0 3.6 0.2 7 0 0 0 0 6.6000000000000005 3.4000000000000004 0 0.4 2.6 3.4000000000000004 5.6000000000000005 0 0.2 2.2 0.2 2.2 0 0.2 2.2 0.4 12 18.8 0 0.2 0 2 3 4.6000000000000005 0 0 0 0 0 0 0 0 0 0 0 0 0 0 0 0 0 0 0 0 0 0 0 0 0 0 0 0 0 0 0 0 0 0 0 0 0 0 0 3 0 0 0 0 0 0.2 0.8 0 0.2 0.2 0 1.6 4.4 0 0 0 0 0 0 0 0 0 0 5.6000000000000005 0 0 0 0.2 0 0 0 0 0 0 0 0 0 0.2 0 0 0 0 0 0 0 0 0 0 0 0 
 28.200000000000003 34.800000000000004 105 43.2 16.8 50.6 0 63.6 14.600000000000001 67.8 7.800000000000001 8.6 50.6 34.6 26 12.4 44.2 48.6 14 55.800000000000004 0 0 0 0.4 0 2.4000000000000004 0 0 0 0 0 0 0 0 0 1.8 0 0 0 0.4 0 0.6000000000000001 0.4 0 0 0 0.4 0 0 0 0 0 12.4 0.2 0.4 1.8 0 0 0.6000000000000001 0 0 0 0 0.6000000000000001 0.6000000000000001 0 0 0 0 0 0 0 0 0.6000000000000001 0 0.4 0 7.4 0 0.4 3 0.4 5.2 0 0 0 0 6.800000000000001 2.4000000000000004 0.2 0.6000000000000001 0 4.2 3.6 0.2 2.4000000000000004 0.4 0 5.2 4.2 0 0 0 2 0 0 0 0 0 0 0 0 0 0 0 0 0 0 2.2 0 0 0 0 0 0 0 0 0 0 0 0 0 0 0 0 0 0 0 0 0 0.4 0.4 0 0 0 0 0 0 0 0 0 0 0 0 0 0 0 0 0 0 4.4 7.6000000000000005 2.2 0 0 3.8000000000000003 7.6000000000000005 2 0 0 3 3 0 6 3.4000000000000004 4.2 3 2.6 1.4000000000000001 5.4 0 0 0 0 0 0 0 0 0 0 0 0 3.4000000000000004 0 0 0 0 0 0 0 0 0 0 0 0 0 0 0 0 0 0 0 0 0 0.2 0 0 0 0 0 0 0 0 2 0 0 0 3.2 0 0 0 0 0 0 0 0 0 0 0 0 0 0 0 0 0 0 17.6 0 0.6000000000000001 0 0 3.2 0 0 0 0 0 0 0 0 0 0 0 0 0 0 0 0 0 0 0 0 0 0.4 0 0 3.4000000000000004 0 0 0 0 0 0 0 0 0 0 0 0 0 
 25.8 55.6 73 81.60000000000001 33.6 67.4 63.6 0 53 13.4 8.200000000000001 60 27.8 68.60000000000001 7.800000000000001 25.6 46.6 27.400000000000002 9.8 48.2 0 0 0 0 0 0 0 0 0 0 0 0.8 0 0 0 0.4 0.2 0 0 15.8 0 0.6000000000000001 0.4 0 0 0 0.6000000000000001 0 0 0 0 5.800000000000001 0 0 0.4 0 0 0 8.4 0 0 0 0 0.6000000000000001 0.6000000000000001 0 6.800000000000001 0 0 0 0 11.8 0.2 0.6000000000000001 0 0.4 0 0.8 0 0.4 0.2 3.6 12.600000000000001 4.6000000000000005 4.4 0 0 4.6000000000000005 2 0 3.6 5.2 0 2.8000000000000003 3.4000000000000004 5.6000000000000005 6.4 5.6000000000000005 0 2.8000000000000003 0 0 0 0 0 0 0 0 0 0 0 0 0 0 0 0 0 0 3 4 0 0 0 0 0 0 0 0 0 0 0 0 0 0 0.4 0 0 0 0 0 0 0 0 0 0 0 0.4 0 0 0 0 0 0 0.2 0 0 0 0.2 0 0 0 10.4 3.8000000000000003 2.8000000000000003 2.6 0 0 10.200000000000001 4.800000000000001 4 3 4.4 0 4.2 0 7 4 1.6 0 3.4000000000000004 0 0 0 0 0 0 1.4000000000000001 0 0 0 0 0 6.6000000000000005 0 0 0 0 0.4 0 0 0 0 0 0 0 0 0 0 0 0 0 0 0 0 0 0.2 0 0 0 0 0 0 0 0 0 0 0 2.6 0 0 0 0 0.4 0 0 0 0 0 0 0 0 2.8000000000000003 0 0 0 0 18 0 0.4 9 0.4 1.6 5.4 0 0 0 0 0 0 0 0 0 4 0 0 0 0 0 0 0 0 0 0 0 0 0 0.6000000000000001 1 0 0 0 0 0 0 0 0 0 0 0 0 
 26.6 128.20000000000002 32 73.60000000000001 18 54.2 14.600000000000001 53 0 97.80000000000001 44 47.400000000000006 40 39.800000000000004 21.8 30.400000000000002 88.60000000000001 9.600000000000001 10.200000000000001 30.400000000000002 0 0 1 0.2 0 0 17.6 0 0.6000000000000001 0 0 0 0 0 0 1 0.2 14.600000000000001 0 4 0 0.6000000000000001 0.4 1.2000000000000002 0 0 1 0.8 0 13.8 0 0 0.8 0.2 1.2000000000000002 0 0 0 0.6000000000000001 0 0 0 0 0.6000000000000001 0.6000000000000001 0 0 0 0 0 0 8.200000000000001 0.2 0.6000000000000001 0 0.4 0 7.800000000000001 0 0.4 1 1.2000000000000002 7.4 2.4000000000000004 2.4000000000000004 2 0 5 5 6.4 10.600000000000001 8.4 3.8000000000000003 0 0.4 7 6.800000000000001 2 0 2 0 0 0 0 0 0 0 0.2 0 0 0 0 0 0.6000000000000001 0 0 0.2 0 2.8000000000000003 0.8 0 0 0 0 0 0 0 0 0 0 0 0 0 0 0.2 0 0 0 0 0 0.4 0.4 0 0 0 0 0 0 0 0 0 0 0 0.4 0 0 0 0 0 0 0 6.800000000000001 2.8000000000000003 0 4.4 3.8000000000000003 0 0 1.2000000000000002 0 0.2 2.2 2.8000000000000003 13 0 14.8 2.8000000000000003 6 0.4 0 5.800000000000001 1.6 0 0 0 0.4 2 0 0 0 0 0 3.6 2.6 0 2.4000000000000004 0 0.2 5.800000000000001 2 0 0 0 0 0 0 0 0 0 0 0 0 0 0 0 0.4 0 0 0 0 0 0 0 0 0 0 0 0 0 0 0 0 0.2 0 0 0 0 0 0 0 0 3.2 0 0 0 0 17.8 0 0 0.4 0.4 1.6 0 0 0 0 0 0 0 0 0 0 2 0 0 0 0 0 0 0 0 0 0 0 0 0 5.2 0 0 0 0 0 0 0 0 0 0 0 0 0 
 122.80000000000001 26.200000000000003 11 57.2 17.8 30 67.8 13.4 97.80000000000001 0 17 48.6 70.8 82.4 20.200000000000003 59 29.400000000000002 10.8 11.4 63.400000000000006 0 0 0 0 0 0 5 15.8 0 0 0 0.2 12 0 0 0.4 0 0 0 15.8 0 0.4 0.4 0 0 0 0.6000000000000001 0 0 0 0 1 0 0 0.4 0 0 0 0.6000000000000001 0 9.8 0 0 0.6000000000000001 0.6000000000000001 0 0 0 0 1 0 10.200000000000001 0.6000000000000001 0.2 0 0.4 5.800000000000001 0.4 0 0.4 6.4 2.4000000000000004 11 5.2 0 3.4000000000000004 0 3.6 0 4.6000000000000005 4 0 2.6 0 0.4 6 11 0 0.4 1.4000000000000001 0 6.6000000000000005 0 0.4 0 0 2.6 4.2 0.4 0 0 0 5.2 2.2 3.8000000000000003 0 2.2 0 6.800000000000001 4 0 0 0 0 0 0 2 0 0 0 0 0 0 0 0 0 0 0 0 0 0 0 0 0 0 0 0.4 0.4 0 0 0 0 0 0 0 0 0 0 0 0 0 9.8 6.800000000000001 0 8 3 1.8 0 0.2 0 4.2 4.2 2.6 4.4 2.8000000000000003 4 2.4000000000000004 4.6000000000000005 1.8 1.2000000000000002 0.6000000000000001 2.2 0 0 0 0 5.6000000000000005 0.6000000000000001 0 0 0 0 4.800000000000001 2.8000000000000003 3.2 2.4000000000000004 0.2 0 3.2 4.4 0 0 0 0 0 0 0 0 0 0 0 0 0.2 0 0 0 0 0 0 0 0 0 0 0 0 0 0 0 0 0 0 0 0 0 0 0 0 0 0 0 0 0 0 0 0 0 17.8 0 0 18 0.2 1.4000000000000001 0 0 0 0 0 0 0 0 0 0 0 0 0 0 0 0 0 0 0 0 0 0 0 0 4 1.2000000000000002 0 0 0 0 0 0 0 0 0 0 0 4.2 
 14.8 53.6 23.6 26 17.2 46.400000000000006 7.800000000000001 8.200000000000001 44 17 0 12.200000000000001 27 5.800000000000001 29.400000000000002 31.400000000000002 33.800000000000004 73.2 4.6000000000000005 57.6 0 0 0 0 0 0 0 0 0.4 2 0 0 14.600000000000001 0.4 0.4 1 15.4 0 0 1.4000000000000001 0 2.4000000000000004 0.4 0 0 0 1.2000000000000002 0 0.4 0 0 0 0 0 0.4 0 0 0.6000000000000001 0.6000000000000001 0 0 0 8 0.6000000000000001 0.8 0 0 0 0 0 0 0 0.4 0.4 0 0.8 0 11.200000000000001 0 0.4 1.4000000000000001 3.4000000000000004 9.4 11.8 8.6 5.4 1.6 7 4.6000000000000005 1.4000000000000001 0 1.6 0 3 0.2 0.2 2 3.2 0 0 0 0 0 0 0 0 2 0 2.8000000000000003 0 0 0.4 3.2 0 1.4000000000000001 0 0 0 1.4000000000000001 5 0.2 0 0 0 0 0 0 0 0 0.4 0 0 0 0 0 0 0 0 1.6 0 3.6 0.8 0 0 2.4000000000000004 0 0.4 0 0 0 0 0 12 0 0.4 0 0 0 0.2 0 0 2 2 3.8000000000000003 3.8000000000000003 3.4000000000000004 0.2 5 1.4000000000000001 3 2.4000000000000004 3 0 1.6 4.4 3.2 3.6 0 0.8 1.8 0 3.6 0 0 0 0 0 0 0.4 0 0 0 2.8000000000000003 6.2 2.4000000000000004 0 0 0 3.6 4 0 0.2 0 0 0 0 0 0 0 0 0.2 0 0 0 0 0 0 0 0 0 0 1.4000000000000001 0 0 0 0 0 0 0 0 0 3.8000000000000003 0 0 0 0 0 0 0 0 0 0 0 0 0 0.8 0 0 0.8 0 0 0.6000000000000001 3 0 0 0 0 0 0 0 14.600000000000001 0.4 0 0 0 0 0 0 0 0 0 0 0 0 0 8.8 0 0.4 0 0 0 0 0 0 0 0 0 0 0 0 
 10.600000000000001 28 44.800000000000004 11.200000000000001 34.2 32.4 8.6 60 47.400000000000006 48.6 12.200000000000001 0 23.400000000000002 21.200000000000003 71.8 7.800000000000001 37 54.800000000000004 8.200000000000001 56.6 14.8 15.200000000000001 0 0 0 0 0 4.800000000000001 1.4000000000000001 0 0.6000000000000001 0 16.400000000000002 0 0 1.6 0.2 0 0 27 0 0.4 0.4 0.6000000000000001 0 0 0.6000000000000001 0 9 1.2000000000000002 0.4 0.2 0 0.2 0.4 0 0 0 0.6000000000000001 0.4 0 0 0 0.6000000000000001 2 0 0 0 0 0.4 0.6000000000000001 0 0.6000000000000001 0.2 0 0.4 0 0.6000000000000001 0 0.4 1.4000000000000001 0 6 3.4000000000000004 8 0 0 2 0 2 5.4 4 3.8000000000000003 0 2 0.2 5 2.4000000000000004 0 2.2 2.6 0 0 0 0 0 0 4.4 0 0 0 0 0 0 1.6 0 3.2 0 7 1.8 0 0 0 0 0 0 0 0 0 0 0 0 0 0 0.4 0 0 0 0 0 0 0 0 0 0 0 2.4000000000000004 0 0 0 0 0 0 0.2 0 0 0 0 0 0 0 3.6 2 4.2 5.800000000000001 0 0 0 0 2.8000000000000003 0.2 0 2.8000000000000003 8.8 0 3.8000000000000003 2.8000000000000003 3.4000000000000004 0 0 0.4 4.6000000000000005 0 0 0 0 4.6000000000000005 6.2 0 0 0 0 2.8000000000000003 3.2 0 0 0 0.4 0 6.6000000000000005 0 0 0 0 0 0 0 0 0 0 0 0 0 0 0 0.2 0 0 0 0 0 0 0 0 0 0 0 0 0 0 0 0 0.4 0 0 0 0 0 0 0 0 3.2 0 0 0 0.8 0.2 0.4 0 18.6 2.6 8.4 3.6 0 0 0 0.4 0 0 0 0 0 2.6 0 0.4 0 0 0 0 0 0 0 0 1.8 0 0 0 1.4000000000000001 0 0 0 0 0 0 0 0 0 0 0 0 
 37.4 54.2 16.2 20.400000000000002 13.200000000000001 49.6 50.6 27.8 40 70.8 27 23.400000000000002 0 22.8 25.8 6.2 78 24.200000000000003 35.2 53.800000000000004 16.400000000000002 0.4 0.2 0 0 0.2 0.2 0 0 0 0.2 0 0 0 0 0.6000000000000001 0 0 0 1.2000000000000002 0 1.8 0.4 0 0 0 0.6000000000000001 0 0 0 0 0.2 0 0 0.4 0 0 0 0.6000000000000001 0 0 0 0 0.6000000000000001 0.6000000000000001 0 9 0 0 0 0 0 0.6000000000000001 0.2 0 0.4 0 0.4 0 0.4 6.6000000000000005 0.2 1.8 4.800000000000001 0 0 7.800000000000001 3 3.4000000000000004 2.8000000000000003 4.6000000000000005 0 1.8 0 0 0 2.2 0 2 4.6000000000000005 0 0.4 0 0 0 0 0 1 0 0 0 0 0 0 0 0 0 0 0 0 0 0 0.2 0 0 0 0 0 0 0 2.6 0.2 0 0 0 0 0 0 0 0 0 0 0 0 0 0 1.2000000000000002 0 0 0 0 0 0.2 3.2 0 0 0 0 0 0 9 2.6 0.2 0 0 0 10.200000000000001 0.2 3.4000000000000004 4.6000000000000005 2.8000000000000003 0 4.4 7 0.2 2.6 1.4000000000000001 2.2 1.2000000000000002 2.8000000000000003 0 0 0 0 0.2 0 0 0.2 0 3.8000000000000003 0 0.2 0 0 0 0 0 0 0 0 0 0 0 0 0 0 0 0.2 0 0.4 0 0 0 0.4 0 0 0 0 0 0 0 0 0 0 0 0 0 0 0 0 0 2.4000000000000004 0 0 0 0 0 0 0 0 0 0.2 0 0 0 0.2 0 0 0 0 0 1.4000000000000001 0 0 0 0 0 0 0 0 0 0 0 0 0 0 0 0 0 0.2 0 0 0 0 0 0 3.2 0 0 0 0 0 0 0 0 0 0 0 0 0.2 
 11.600000000000001 39.800000000000004 55.6 57 20.8 8.6 34.6 68.60000000000001 39.800000000000004 82.4 5.800000000000001 21.200000000000003 22.8 0 68.2 104.60000000000001 19.8 41.2 12.600000000000001 11.200000000000001 0.2 0 0 0 0.4 2 0.4 0 0 0.6000000000000001 2 0 0.2 0.4 0 0.8 0.4 3.2 0 0.6000000000000001 1.2000000000000002 0.6000000000000001 0.4 0 0 0 0.6000000000000001 0 0 1.4000000000000001 0 0 0 0 0.4 0 0 0.2 1 0 0 0 0 0.6000000000000001 0.6000000000000001 0 0 0 8.200000000000001 0 0 0 0.4 0.4 0 0.4 0 0.8 0.8 0.4 0 0 3.4000000000000004 2.4000000000000004 2.2 0 2 0.4 2.6 2 0 3.6 2.8000000000000003 0 6.800000000000001 13.200000000000001 2.4000000000000004 3.6 3.2 0 0 0 0 0 0 2.4000000000000004 0 0 0 0 0 0 0 0 0 0 0 0 3.4000000000000004 5.2 0 0 0 0 0 0.4 0 0 0 0 0 0 0 0 0 0 0 0.2 0 0 0 0 0 0 0 0 0 0 2 0 0 0 0 0 0 0 0 0 0 0 0 0 3 0 1 0 1.8 0.2 0.8 0 2.6 3.2 0 4.6000000000000005 3.8000000000000003 5.4 0 2.2 2.2 0 0 0.2 0 0 0 0 0 0 0 0 0 0 3.8000000000000003 0.4 0 0 0 0 0 0 0 0 0 0.4 0 0 0 0 0 0 0 0 0 0 0 0 0 0.4 0 0 0 0.2 0 0 0 0 0 0 2.2 0 0 0.4 0 0 0 0 0 0 0 0 0 3.4000000000000004 0 0 0 0 29 0 1 18.400000000000002 0.2 1.4000000000000001 8.6 0 0 0 0 0 0 0 0 0 3 0 0 0 0 0 0 0 0 0 0 0 0 2.8000000000000003 0.2 0 0 0 0 0 0 0 0 0 0 0 0 0 
 37.4 44.800000000000004 47 63.800000000000004 16.400000000000002 8.8 26 7.800000000000001 21.8 20.200000000000003 29.400000000000002 71.8 25.8 68.2 0 45.6 23.6 10.600000000000001 34 31.6 0.6000000000000001 0 0.8 0 0 0.6000000000000001 0 0 0.6000000000000001 0.4 0.4 0.4 0.6000000000000001 1.2000000000000002 0 1.2000000000000002 0.6000000000000001 0 0 0.6000000000000001 0 0.4 0.4 0 0 0.6000000000000001 0.8 0.2 0 0 0.6000000000000001 0.2 0 0 0.4 1.2000000000000002 0.2 18.6 0.6000000000000001 0 0.6000000000000001 4 0 0.6000000000000001 1 0 0 0 0.6000000000000001 0 0.6000000000000001 11 0.6000000000000001 0 0.4 0.4 0 0.2 0.4 0.6000000000000001 0 9 3 0 2 0 10.8 0 6.2 0.2 0.4 0 0 0 3 6.2 9.600000000000001 2.8000000000000003 7.6000000000000005 2 0 0 0 0 0 0 0 0 0 0 0 0 0 0 0 0 0 0 0 1.8 0 0 0 0.4 0 0 0 0 0 0 0 0.2 0 0 0 0 0 0 0 0 0 0 0 0 0 0 0 0 0 0 0 0 0 0 0 0 0 0 0 0 6.4 0 3.2 0 0 0 12.8 6.800000000000001 9.4 0 0 1.4000000000000001 1.6 1.6 2.6 0.2 0 0 0 0 0 0 0 0 0 0 0 0 0.6000000000000001 0 0 0 2.6 0 0 0 0 0 0 0 0 0 0 0.2 0 0 0 1.8 0 0 0 0 0 0 0 0 0 0 0 0 0 0 0 0 0 0 0 0 0 0 0 0 0 0 0 0 0 0 0 0 0 0 0 0 0 0 0 0.2 17.6 9.8 0 2.6 0 0 0 0 0 0 0 0 0.2 0 0 0 0 0 0 0 0 0.4 0 0 0 0 0 2.2 0 0 0 0 0 0 0 0 0 0 0 0 0 0 
 29.200000000000003 67 102 50.2 18.400000000000002 15.4 12.4 25.6 30.400000000000002 59 31.400000000000002 7.800000000000001 6.2 104.60000000000001 45.6 0 32 101.4 21.400000000000002 11.600000000000001 0 0 0 0 0 0 0 0 0 0 0 0 0 0 0 0.4 5 0.2 4.4 4.6000000000000005 0 0.6000000000000001 0.4 0 0 0 0.6000000000000001 0.8 0 0 0 0.2 0 0 0.4 0 0.6000000000000001 0 0.6000000000000001 0 0 0 0 0.6000000000000001 0.6000000000000001 0 0 0 1 0 0 6.2 5.800000000000001 0.4 0 0.4 0.4 6.6000000000000005 0 0.4 0 0.2 7 0 7.4 0.2 3.8000000000000003 3.6 12.600000000000001 4.800000000000001 2.8000000000000003 0.2 5.2 0 2.4000000000000004 12 1.8 0.4 0.4 0 0 0 0 0 0 0 0 0 0.2 0 0 0 0.4 0 0 0 0 0 1.8 1.6 0 0 0 0 0 0 0 0 0 0 0 0 0 0 0 0 0 0 0 0 0.4 0.4 0 0 0 0 0 0.2 0 0 0.6000000000000001 0 0 0 0 0 0 0 0 0 0 0 5.6000000000000005 0 0.2 9.200000000000001 2 0.2 4 2.6 1 1.8 0 2 0.6000000000000001 7.2 0 1 2 0.2 2.8000000000000003 0 0 0 0 0 2.8000000000000003 0 0 0 0 0.2 3 0 0 0 0 0 0 0 0 0 0 0 0 0 0 0 0 0 0 0 0.4 0 0 0 0 0 0 0.4 0 0 0 0 0 0 0 0 0 0 0 0 0 0 0 0 0 0 0.4 0 0 0 0 0 0 0.4 35.4 0.4 17.400000000000002 17.6 0 3.8000000000000003 0 0 0 0 0 0 0 0 0 0 0 0 0 0 0 0 0 0 0 0 0 0 0 0.2 0.2 0 0 0 0 0 0 0 0 0 0 0 0 0 
 8.8 28.200000000000003 25.400000000000002 11 52 10.4 44.2 46.6 88.60000000000001 29.400000000000002 33.800000000000004 37 78 19.8 23.6 32 0 11 49.2 22.200000000000003 0 0 0 0 0 0 3.6 0 16.400000000000002 0 0 0 14.8 0 0 0.4 0.2 0 0 0.6000000000000001 0 0.4 0.4 0 0 0 0.6000000000000001 0 0 0 0 0.2 0 0 0.4 0 0 0 0.6000000000000001 0 0 0 0 0.6000000000000001 0.6000000000000001 0 0 0 0 0 0 0 0.6000000000000001 0.2 0 0.4 0 10.4 0 0.4 2.2 0.2 3 4.4 0 5.6000000000000005 5.4 5.6000000000000005 4.4 1.8 14 0 3.6 3.2 7 3.6 0.6000000000000001 4.6000000000000005 8.200000000000001 1.2000000000000002 0 5.4 0 0 0 0 2.6 0 0 0 0 0 4.800000000000001 2 0 0 0 0 0.2 2 0 0.2 0 0 0 0 0 0 0 0 0 0 0 0 0 0 0 0 0 0 3 0.6000000000000001 0 0 0 0 0 5.4 0 0 0 0 0.8 0 0 0 0 0 0 0 0 0 0 0 3 4.4 4 1.6 0.2 0 12.4 0 2 6.6000000000000005 7.2 4.4 4.6000000000000005 1 2.8000000000000003 1.6 0.4 2 0 0.4 0 0 3.2 0 0 0 0 0 0 0 5.800000000000001 0 0 0 0.4 2.2 0 1.2000000000000002 0 0 0.4 0 0 0 0 0 0 0 0 2.6 0 0 0 0 0 0 0 0 0 0 0 0 0 0 0 0 0 0 0 0 0 0 0.4 0 0 0 0 0.2 0 0 0 0 0.2 0 8.8 17.8 0.4 2 0 0 0 0 0 0 0 0 0 0 0 0 0 12.8 0 0 0 0 0 0 0 0 0 2 0 0 0 0 0 0 0 0 0 0 0 0 0 0 
 21.8 37 53.6 30.6 39 19.6 48.6 27.400000000000002 9.600000000000001 10.8 73.2 54.800000000000004 24.200000000000003 41.2 10.600000000000001 101.4 11 0 6.6000000000000005 5.800000000000001 15 0 0 0 0 0.6000000000000001 0 0 0 0 0 0 0 14.8 15.600000000000001 0.8 0 16.6 15 15.4 0 0.4 0.4 0 0 0.2 0.6000000000000001 0 0 0 0 0.2 0 0.2 0.4 0 0 0 0.8 0 0 0 0 0.6000000000000001 0.6000000000000001 0 0 0 0 0 0 11.200000000000001 0.6000000000000001 0 0 0.4 0 9.4 0 0.4 3.8000000000000003 0 4.4 5 9.200000000000001 0 0 3.2 3.2 0 5 4.2 0 0 4.4 5.6000000000000005 5 5.4 3.2 0 0 0 0 0.2 0 0 0 0 0 0 0 0 0 0 0 0 0 0 0 0 0 0 0 0 0 0 0 0 0 0 0 0 0 0 0 0 0 0 0 0 0 0 0 0 0.4 0 0.4 0.2 0 0 0 0 0 0 0 0 0 0 0 0 1.8 2.8000000000000003 0 5.2 2.2 0 0 0.2 2.6 7.800000000000001 4.4 1.8 0 0 0 0.4 4.800000000000001 0 0 3 0 0 0 0 0 0 3 7.2 2.6 0 0 0 0 2 0 0 0.4 0 0 2.6 0 0 0 0 0 0 0 0 0 0 0 0 0.4 0 0 0 0 0 0 0 0 0 0 0 0 0 0 0 0 0 0 0 0 0 0 0 0 0 0.4 0 0 0 0 0 0 1.2000000000000002 0 0.6000000000000001 0.2 9.600000000000001 0.2 3.4000000000000004 2.2 0 0 0 0 0 0.4 0 0 0 0 0 0 0 0 0.4 0 0 0 0 0 0 0 0 2.8000000000000003 1.2000000000000002 0 0 0 0 0 0 0 0 0 0 0 0 
 60.6 47.400000000000006 22.400000000000002 13.200000000000001 9.4 8.200000000000001 14 9.8 10.200000000000001 11.4 4.6000000000000005 8.200000000000001 35.2 12.600000000000001 34 21.400000000000002 49.2 6.6000000000000005 0 29.400000000000002 0 0 0 0.4 0 0 0 0 0 0 0 0 0 0 0 0.4 0 0 0 0.6000000000000001 0 0.2 0.4 0 0 0 0.6000000000000001 0 0 0 0 0.4 0 0 0.6000000000000001 0 0 0 0.6000000000000001 0 0 0 0 6.4 0.6000000000000001 0 0 0 0 0 0 0 1.2000000000000002 0 0 0.4 0 0.2 0 0.4 2.6 4.4 0 0 0 0 4.4 0 0 0 0 0 5.4 3.4000000000000004 2.4000000000000004 3.6 0 0 2.8000000000000003 4.800000000000001 0 0 0 0 0 0 0 0 0.6000000000000001 0 0 0 0 0 0 0 0 0 0 0 0 0 0 0 0 0 0 0 0 0 0 0 0 0 0 0 0 0 0 0 0 0 0 2 0.6000000000000001 0 0 0 0.6000000000000001 0 0 0 0 0 0 0 0.4 0 0 0 6.2 0 3.6 0 0 0 1.8 0 3 0 0 0 1.4000000000000001 1.8 0 2 0 3 2.2 0 0 0 0 0 0 0 0 0 0 0 0 0 1.8 0 0 0 0 0 0 0 0 0 0 0 0 0 0 0 0 0 0 0 0 0 0 0 0 0 0 0 0 0 0 0 0 0 0 0 0 0 0 0 0 0 0 0 0 0 0 0 0 0 0 0 0 0 0 0 0 0 0 1.4000000000000001 0 0 0 0 0 0 0 0 0 0 0 0 0 0 0 0 0 0 0 0 0 0 0 1.8 0 0 0 0 0 0 0 0 0 0 0 0 0 0.2 
 52 9.200000000000001 22.8 10.200000000000001 17 8.200000000000001 55.800000000000004 48.2 30.400000000000002 63.400000000000006 57.6 56.6 53.800000000000004 11.200000000000001 31.6 11.600000000000001 22.200000000000003 5.800000000000001 29.400000000000002 0 0.4 0.2 0 0 0 0.2 0 0 0 0 0 0 0 0.4 0 0.4 0 0 0 0.8 0 0.6000000000000001 0.4 0 0 0 0.4 0.4 0 0 0 0 0 0.2 0.4 0 0 0 0.6000000000000001 0 0 0 0 0.6000000000000001 0.6000000000000001 0 0 0 0 0 0 0 0 0.6000000000000001 0 0.4 0 0.6000000000000001 0 11.200000000000001 0.2 4 3.6 0.6000000000000001 0 0 8 5.4 3.4000000000000004 2 2.4000000000000004 2.4000000000000004 4 4.2 0 0 2.6 0.2 0.2 7.2 0 0 0 0 0 0 0 0 0 0 0 0 1.8 0 0 0 0 0 0 0 0 0 0 0.2 0 0 0 0 0 0 0 0.4 0 0 0 0 0 0 0 0 0 0 0 0 0 0 0 0 0 0 0 0 0 0 0 0 0 0 0 0 6.6000000000000005 0 0 0.4 0 0 1.2000000000000002 2 5 0 0.4 0 13.4 3 0 2.2 0.4 3 1 4.800000000000001 2.2 0 5.2 0 0 0 0 0 0 0 0 0 0 0.4 0 0 0 0 0 0 0 0 0 0.4 0 0 0 0 0 0 0 0 0 0 0 0 0 0 0 0 0 0.2 0 0 0 0 0 0 0 0 0 0.4 0 0 0 0 0 0 0 3 0 3.6 0 0 0 0 0.2 0 0.2 0 0 2.4000000000000004 0 0 0.4 0 0 0 0 0 0.6000000000000001 0 1.8 0 0 0 0 0 0 0.4 0 0 0 0 0 0 0 0 0 0 0 0 0 0 0 0 0 0 0 0 
 0 0.4 0 0 30 15.4 0 0 0 0 0 14.8 16.400000000000002 0.2 0.6000000000000001 0 0 15 0 0.4 0 44.2 33 25.6 24.200000000000003 7.800000000000001 128.20000000000002 24.6 6 40.800000000000004 8.8 20.200000000000003 25.6 25.200000000000003 73.8 13.600000000000001 22.6 20.8 47.400000000000006 21.200000000000003 0 0 0 12.600000000000001 0.4 0 0 0.4 0 0 0 0 0 0 0 0 0 0 0 0 0.4 0 0 0 0 0 0 0 0 0.6000000000000001 0 0.8 0 0.6000000000000001 0 0 10.200000000000001 0.4 0.2 0.4 0 0 0 2.4000000000000004 2.2 4.4 0 0 0 0 4.2 1.6 0 0 0 0 0 0 4.2 0 13.4 1.6 0 1.8 2.8000000000000003 2.2 9.200000000000001 5 3 6.4 0 0 4 2 5.2 2.6 5.2 0 1.8 0 0.2 0 0 0 0 0 0 0 0 0 0 0 0 0 0 0 0 0 1.8 0 0 0 0 0 0 0 2.2 0 0 0 0 0.2 0 0 0 0 0 0 0 0 0 0 0 3 2.2 7.6000000000000005 0 0 0 0 0 0 0 0 0 0 0 0 0.4 0 3.2 7.800000000000001 5.4 6.4 4.4 0.2 6.6000000000000005 8 2.8000000000000003 7 0 0 2.4000000000000004 6.6000000000000005 4.4 0.8 5 3.2 0 0.4 0 0 0 0.2 0 0 0 0 0 0 0 0 0 0 0 0 0 0 0 1.2000000000000002 0 0 0 0 0 0 0 0 0 0 0 0 0 0 0 0 0 0 0 0 0 0 0 0 0 0 0 0 0 0 0.2 0 0 0.2 2.4000000000000004 0 0 0.6000000000000001 1.8 0.4 0.4 0 0 0 0 0 0 0 0 0 0 0 0 0 0 0 0.4 0 0 0 0 0 0 0 0 0 0 1.6 0 0 
 0 0.4 0 0 7 0.4 0 0 0 0 0 15.200000000000001 0.4 0 0 0 0 0 0 0.2 44.2 0 28.8 15.4 9.200000000000001 22 14.4 83.60000000000001 40.6 5.6000000000000005 31.8 51 26.8 8 17.400000000000002 13.4 24.6 13.8 40.400000000000006 37.6 0 0 0 0 0.6000000000000001 0 13.200000000000001 0.4 0 0 0 0 0 0 0 0 0.2 0 0 0 0.4 0 0 0 0 0 0 0 0 0.6000000000000001 10.600000000000001 1 0 0.6000000000000001 0 0 1.4000000000000001 0 0 0.4 0 0 0 0 0 1.8 0 0 0 0 0.2 0 0 0 0 0 0 0 0 0 7 0 0 4.4 5.6000000000000005 4.800000000000001 0 3.2 1.6 7 4.4 2.6 3.8000000000000003 0.6000000000000001 8.4 2.6 3.2 0.8 4 10.600000000000001 0 1.8 0 0 0 0 0 0 0 0 0 0 0 0 0 0 0 0 7 2 0 0 0 0 0 0 0 0 0 0 0 0 0 0 0 0 0 0 0 0.4 0 0 0 0.4 2.4000000000000004 6.800000000000001 0 0 0 0 0.2 0 0 0 0 0 0 0 0.2 0 3.2 10 1.6 10.8 5.2 0 12.200000000000001 4.6000000000000005 2.6 5.6000000000000005 0 0 0 0.2 8 3.8000000000000003 0 0 3.6 0.2 0 0 0 0.2 0 0 0 0 0 0 0 0 4.6000000000000005 0 0 0 0 0 2.4000000000000004 1.8 0 0 0 0 0 0 0 4 0 0 0 0 0 0 0 0 0 0 0 0 0 0 0 0 0 0 0 0 0 0.6000000000000001 0.2 0 0 0.2 2.4000000000000004 0 0.6000000000000001 15.8 19.8 0.4 3.2 0 0 0 0 0 0 0 0 0 0 0 0 0 0 0 0.4 0 0 0 0 0 0 0 0 0 0 0 0 0 
 0 0 0.4 0 0 0.2 0 0 1 0 0 0 0.2 0 0.8 0 0 0 0 0 33 28.8 0 66.2 46.800000000000004 83.80000000000001 10.4 65.2 64.60000000000001 60.400000000000006 14.8 5 57.2 122 25.400000000000002 88.4 13.4 29.8 4.6000000000000005 29.200000000000003 0 0 0 0 0.6000000000000001 0 0 0.8 0 0 0 0 16.2 0 0 0 0 0 0 3.6 11.4 0 0 0 0.2 0.2 0 0 0 0.6000000000000001 0 0.4 0 0.6000000000000001 0 0 0 0 0 0.4 0 0 0 0 0 0 0.4 0 0 0 0 0 0 0 0 0 0 0 0 0 3.6 2.8000000000000003 3 0.4 2.6 4.6000000000000005 0 1.6 3.8000000000000003 1.6 8 2 3.4000000000000004 2.6 0 7.4 2.4000000000000004 6 0.2 1.8 1.8 0 0 0.2 0 0 0 0 0 0.2 0 0 3 0 0 0 0 0 9.8 3.6 0 0 0 0 0 1.6 0 0 0 0 0 0 0.4 0.4 0 0.2 0 0 0 0 0 0 0 0 0 0 0 0.2 0 0 0.4 0 0.4 0 0 0 0 0 0 0 3 1.8 2.4000000000000004 6.6000000000000005 4 3.6 1.2000000000000002 5.4 0.2 2.6 6.2 0 0 0 10 0 7 7 0 0 3 0 0.2 0 0 0 2.8000000000000003 0.2 0 0.4 0 0 8.6 4.2 0 0 0.2 0 0 2.2 0.4 0 0 0 0 0 0 0 0 0 0 0 0 0.2 0 0 0 0 0 0 0 0 0 0 0 0 0 0 3 0 0 0 0 0 1.6 0 0 0 7.2 0.4 0.2 0 0 0 0 0 0 0 0 0 0 0 0 0 0 0 0 0 0 0 0 6.2 0 0 0 0 0 0 0 0 
 0 0 0 0 0 0 0.4 0 0.2 0 0 0 0 0 0 0 0 0 0.4 0 25.6 15.4 66.2 0 86.60000000000001 37.6 13.8 16.400000000000002 52.400000000000006 45.6 9 10 16 34 16.400000000000002 24.6 21.6 33 24.400000000000002 10.8 0 0 0 0 0.4 0 19.200000000000003 0.4 0.4 0 0 0 3.4000000000000004 0 0 12.200000000000001 0 0 12.4 18.6 0.4 0 0 5.6000000000000005 0 0.4 0 0 0 0.6000000000000001 0 0.8 0 0.6000000000000001 0 0 0 0 0 0.4 0 0 0 0 0 0 0 0 0 0 0 0 0 0 0 0 0 0 0 0 3 2 2.4000000000000004 1.2000000000000002 0.2 0.4 0 0 4.4 0 3.2 2.6 0 0 0 4 5.2 3.6 0 0 2 3 0 0 0 0 4.4 0 0 0 0 0 4 0 0 0.4 0 0 6.6000000000000005 4 0 0 0 0 0 0 0 0 0 0 0 0 0 0 0.2 0 0 0 0 0 1.2000000000000002 0 0 0 0 0 0 0 0 0 0 0 0 0 0 0 0 0 0 8.200000000000001 0.4 3.6 2.2 3.8000000000000003 7.6000000000000005 6.2 0 3.6 1.6 0 4.6000000000000005 1.8 0 0 0 1.8 16.2 6.4 0 0 3.6 0 0 0 0 0 0 2.2 0 0 0 0 0.2 5 2.2 0 0.2 0 0.2 2 0 0 0 0 0.2 0 0 0 0 0 0 0 0 0 0 0 0 0 0 0 0 0 0 0 0 0 0 0 0 0 0 0 0 0 3 0 0.4 0 0 0 2.6 0 0 0 0 0 0 0 0 0 0 0 0 0 0 0 0 0.2 0 0 0 2.4000000000000004 0 0 0 0 0 0 0 0 
 0 0 0 0 0 0 0 0 0 0 0 0 0 0.4 0 0 0 0 0 0 24.200000000000003 9.200000000000001 46.800000000000004 86.60000000000001 0 81.60000000000001 7.4 14.200000000000001 49.2 31.200000000000003 15.200000000000001 27.6 22.400000000000002 28.8 15.200000000000001 45.2 18.8 10.200000000000001 29.400000000000002 13 0 0 12.4 0 0.4 0 0 0.6000000000000001 0 0.2 0 0 26.200000000000003 0 12.200000000000001 4.800000000000001 0 0 0 12.8 0.4 0 0 0 0 0 0 0 0 0.6000000000000001 0 0.6000000000000001 0 0.6000000000000001 0 0 0 0 0 0.4 0 0 0 0 0 0 0 0 0 0 0 0.4 0 0 0 0.8 0 0 0 0 2 1.4000000000000001 2 1.8 0 3.4000000000000004 0 0.4 1.8 0 4.800000000000001 2.8000000000000003 0 0 0 1.8 4.6000000000000005 6 0 0 8 0 3.6 0 2 0 3 2 1.8 3.4000000000000004 0 0 5 0 0.8 10.8 0 4 11 3.8000000000000003 0 0 0 0 0 0.2 0 0 0 0 0 0 0 0 0 0 0.2 0 0 0.4 0.8 0 0 0 0 0 0 0.2 0 0 0 0 0 0 0 0 0 0 0 0 0 2.4000000000000004 0 0 4 5.6000000000000005 0 3.8000000000000003 0 0 6.800000000000001 0 0 0 0 1.2000000000000002 9.8 5.2 0 0 5.4 0 2.6 0.2 0 0 0.2 1.4000000000000001 0 2.6 2.2 7 2.4000000000000004 6.2 0 0 0.2 3.8000000000000003 0 2.2 0 0 0 0 0 0 0 0 0 0 0.4 0 0 0 0 0 0 0 0 0 0 0 0 0 0 0 0 0 0 0 0 0 0 0 2.2 0 0 0.4 0 0 0 0 0 0 0 0 0 0 0 0 0 0 0 0 0 0 0 0 0 2.2 0 3.2 0 0 0.4 0 0 0 0 0 
 0 0 0 0 0.6000000000000001 0.2 2.4000000000000004 0 0 0 0 0 0.2 2 0.6000000000000001 0 0 0.6000000000000001 0 0.2 7.800000000000001 22 83.80000000000001 37.6 81.60000000000001 0 8 6.2 70.2 50.400000000000006 36.4 10.600000000000001 51.800000000000004 10 9.4 30.8 115.4 94.60000000000001 8.8 17 0 12.200000000000001 0 0 0.6000000000000001 0.2 8.6 0.8 0 0 0 0 12.600000000000001 0 0 0 0 0 0.2 24.6 0.2 0 0 0 0 0 0 0 0 0.6000000000000001 0 6 0 0.6000000000000001 0 0 0 0.4 0 0.4 0 0 0 2.6 0 0 0 0 0 0 0 0 0 0 0 0 0 0 0 0 0.8 0 1.2000000000000002 0 2 2.8000000000000003 0 0 0 0 3.8000000000000003 0 0 0 1.4000000000000001 3.4000000000000004 2.6 6.2 0 0 0 6.2 0 1.6 0 0 5.800000000000001 5.800000000000001 0 5.6000000000000005 0 0 6.2 3 5 3.6 0 0 13 10.600000000000001 0 0 0 0 0 0 0 0 0 0 0 0 0 0.6000000000000001 0 0 0 0 0 0 0 0 0.4 0 0.4 0 0 0 0 0 0.2 0 0 0 0 0 0 0 0 0 0 0 0.2 3.2 3.6 2.4000000000000004 0 0 2.6 0 4 16.400000000000002 0 0 0 0 2.6 4 0 0 0 0 3.8000000000000003 0 0 0 3.6 6 0 0 0.4 0 12.8 8.200000000000001 0 0 2.8000000000000003 4.4 10.200000000000001 2.4000000000000004 0 0 0 0 0 0 0.4 0 0 0 0 0 0 0 0 0 0 0 0 0 0 0 0 0 0 0 0 0 0 0 0 0 0 0 1 0.2 0 0 0.4 0.2 3 2.4000000000000004 0 0 0 0 0 0 0 0 0 0 0 0 6.6000000000000005 0 0 0 0 1.8 0 6.6000000000000005 0 0 0 0 0.2 0 0 0 
 0 0 0 4.800000000000001 0 0 0 0 17.6 5 0 0 0.2 0.4 0 0 3.6 0 0 0 128.20000000000002 14.4 10.4 13.8 7.4 8 0 13.4 6.6000000000000005 17.400000000000002 19 13.200000000000001 22.8 42.2 11 73.4 24.400000000000002 6.6000000000000005 12.200000000000001 10 0 0 0 0 13.200000000000001 0 0 0.8 0 0 0 0 0 0 0 0 0 0 0 0 0 0 0 0 0 0 0 0 0 0.8 0 0.6000000000000001 0.4 0.6000000000000001 0.4 0 0 10.4 0.8 1.6 1.8 0 0 2.8000000000000003 0 11.600000000000001 0 0 0 0 2.4000000000000004 0 0 0 0 0 0 0 0 0 0 7.4 6.2 0.6000000000000001 0 0.2 5.800000000000001 0 3.8000000000000003 0 0 1.8 6.800000000000001 15.8 3 3.4000000000000004 0.8 7.800000000000001 2.2 1.8 0 0 0 0 0 0 0 0 0 0 0 0 0 0 0 0 0 0 0 3 0 0 0 0.4 0 2.2 0 0 0 0 0 0 0 0 0 0 0 0.4 0 0 0 0 3.2 1.8 2 0 0 0 0 0 3.4000000000000004 0 0 0 0 0 0.2 0.4 0 0 1.8 2.4000000000000004 2 0 0.2 0 3.4000000000000004 0 3.4000000000000004 0.2 1 0 1.4000000000000001 0 5.2 4.4 0.6000000000000001 1.8 2.6 7.6000000000000005 0 0 0 0 0 0 0 0 0 0 0 0 0 0 0 0 0 0 0 2.8000000000000003 0 0 0 0 0 0 0.4 0 0 0 0 0 2.2 0 0 0 0 0 0 0 0 0 3.6 0 0 0 0 0 0 17.400000000000002 0 0 0 0 1.8 0 0 1 0 0 0.6000000000000001 0 0 0 0 0 0 0 0 0 0 0 0 0 0 0 0 0 0 0 0 0 0 0 0 0 0 0 0 0 
 0.6000000000000001 0 0 0.4 17 7.800000000000001 0 0 0 15.8 0 4.800000000000001 0 0 0 0 0 0 0 0 24.6 83.60000000000001 65.2 16.400000000000002 14.200000000000001 6.2 13.4 0 84.2 3.8000000000000003 20.400000000000002 24.200000000000003 67 55.800000000000004 11.200000000000001 9 22.8 8 11.200000000000001 36.800000000000004 0 0.2 0 0 0.6000000000000001 0 0 0.8 0 0.2 0 0 0 0 0 1 0 0 0.4 0 0.4 0 0 0.6000000000000001 0 10.4 0.4 0 0 0.6000000000000001 0 0.6000000000000001 0 0.6000000000000001 0 0 0 0 1.4000000000000001 0.4 0 0 0 0 0 0 0 0 0 0 0 0.2 0 0.4 0.2 0 0 0 0 7.4 6.2 1.2000000000000002 2.6 3.6 3.2 2 3.6 7.2 0.8 5.4 3.8000000000000003 3.2 4 4.800000000000001 7.800000000000001 0 3.2 0 3.4000000000000004 0 0 0 0 0 0 0 0.4 0 0 0 0 0 0 0 0 0 0 0 2.6 0 0 0 0 0 0 0 0 0 0 0 0 0 0 0 0 0 0 0 0 1.2000000000000002 0.2 0 0 0 6.800000000000001 0.2 0 2 0 0 0.4 0.2 0 0 0 0.2 0 0.8 0 0 7.2 2.4000000000000004 4 2.6 2.4000000000000004 1.8 0 2.8000000000000003 3.4000000000000004 5.6000000000000005 2.8000000000000003 0 2.6 3.4000000000000004 2.6 0 0 0.2 0.4 1 2.2 0 0.4 0 0 0 2.4000000000000004 0 0 0 0 0 0 0 0 0 0.4 0 0 3.8000000000000003 0 0 0 0.2 0 0 0 0 0 0 0 0 0.4 0 0 0 0 0 0 0 0 0 0 0 0 0 0 0 0 0 2.2 0 0 0 0 0 0 9.4 16.8 0.4 0 0 0 0 0 0 0 0 0 0 0 0 0 0 0 0 0 0 0 0 0 0 0 0 0 0 0 0 0 0 
 0 0.6000000000000001 0 0.4 0 14.8 0 0 0.6000000000000001 0 0.4 1.4000000000000001 0 0 0.6000000000000001 0 16.400000000000002 0 0 0 6 40.6 64.60000000000001 52.400000000000006 49.2 70.2 6.6000000000000005 84.2 0 20.6 20 10.4 78.80000000000001 60 31.6 87.60000000000001 61.400000000000006 52.400000000000006 47 34.2 0 0.2 0 0 0.4 0 0.8 3.4000000000000004 0 0 0 0 0 0 0 0 0 0 0 5 0 0 0.4 0 0 0 0 0 0 0.6000000000000001 0 1 0 0.6000000000000001 0.4 0 0 0 1.2000000000000002 0.4 0 0 0 0 0 0 0 0 0 0 0 0.2 0 0.4 0 0 0 0 0 0 0.2 6.6000000000000005 3.8000000000000003 8 0.4 3 0.2 2.4000000000000004 3.8000000000000003 9.200000000000001 14.4 6.6000000000000005 7.4 0.2 6 0 0 2.4000000000000004 0 0 2 0 0 0 0 0 0 0 0 0.2 0 0 0 0 0 0.2 0 0 5.800000000000001 6.4 2.4000000000000004 0 0 0 0 0 0 2.4000000000000004 1.6 0 0 0 0 0 0 0 0 0 0.4 1 0 0 0 0 1.8 0 0 3.2 0 0 0.2 0 0 0 0 0 0 0 0 0 1.6 0 3.8000000000000003 5.6000000000000005 0 10.200000000000001 0 0 5.6000000000000005 5.2 9 0 0 3.2 0 0 0.6000000000000001 3.8000000000000003 2.8000000000000003 0 3.6 0 0 0 0 0 0.2 0 0 0 0 0 9.200000000000001 2 0 0 0 0 2.8000000000000003 4.800000000000001 0 0 0 0 0 0 0 0 0 0 0 0 0 0 0 0 0 0 0 0 0 0 0 0 0 0 0 0 0 0 0 0 0 0 0.6000000000000001 0.4 0.2 30.400000000000002 10.600000000000001 0.6000000000000001 0.4 0 0 0 0 0 0 0 0 0 0 0 0 0 0 0 0 0 0 0 0 0 0 0 0 0 0 0 0 0 
 0 0 0 0 0.6000000000000001 0.6000000000000001 0 0 0 0 2 0 0 0.6000000000000001 0.4 0 0 0 0 0 40.800000000000004 5.6000000000000005 60.400000000000006 45.6 31.200000000000003 50.400000000000006 17.400000000000002 3.8000000000000003 20.6 0 30.6 22.6 10.4 47 36.4 66.8 19.8 43.800000000000004 29 18.8 1 0 0 0.2 1 0.2 0 0.8 0 1.2000000000000002 0 0 3.8000000000000003 0 0.4 0.6000000000000001 0.6000000000000001 0 0 0 0 0 0.6000000000000001 0.6000000000000001 0 0 0 0 1 0.6000000000000001 0.6000000000000001 6.800000000000001 0 0.6000000000000001 0.4 0 0 0.2 0.4 0.8 0 0.4 0 0 0 2 0 0 0 0 0 0 0 0 0 0 0 0 0 0 3 2.8000000000000003 0 4 2.8000000000000003 0 1.4000000000000001 0 3.4000000000000004 4 0 4 6.2 0 0 1.4000000000000001 2.2 4 0.2 4.6000000000000005 0 1.6 0 3 0 0 2.4000000000000004 2.2 0 0 0 0 8.4 2.4000000000000004 2.4000000000000004 0 0 0 4.2 4.6000000000000005 0 0 0 0 0 0 0 0 0.4 0 1 0 0 1.8 0 2.6 0 0 0 0 0 0 0 0 0 3.6 0 0 0 0 0.2 0 0 0.2 0 0 0 0 0 0 2.8000000000000003 0 0 0 3.8000000000000003 2.6 2.8000000000000003 3.8000000000000003 0 3 2.4000000000000004 9 0 0 6 0 11.4 13.4 0 0 3 0 0.2 0 0 0 6.800000000000001 2 0 0 0 0 0 0 0 0 5.800000000000001 0 1.8 0 0 0 0 0 0 0 0 0 0 0.4 0 0 0 0 0 0 0 0 0 0 0 0 0 0 0 0 0 0 0 0 0 0 0 0 2.2 0 0 0.2 0 0 0.4 6.800000000000001 0 0 0 0 0 0 0 0 0.4 0 0 2.4000000000000004 0 0 0 0 0 0 0 1.2000000000000002 0 0 0 1.8 0 0 0 0 
 0 0 0 13.8 0.4 0 0 0 0 0 0 0.6000000000000001 0.2 2 0.4 0 0 0 0 0 8.8 31.8 14.8 9 15.200000000000001 36.4 19 20.400000000000002 20 30.6 0 33.4 65.2 21.6 12.8 65.2 56.400000000000006 56 22 12 0 0 0 0 0.6000000000000001 0 0 1 0 0 0 0 0 0 0 0 0 0 0 0 0 0 0 0 0 0 0 0 0 0.6000000000000001 0 0.8 0 0.4 0 0 0 1.4000000000000001 0 0.4 0 0 0 0 0 0 0 0 1.8 0 0 0 0 0 4 0 0.4 0 0 0 0 2 7.4 9.200000000000001 7.800000000000001 7.4 0 0 0.8 1.8 3.4000000000000004 4.800000000000001 0 2.4000000000000004 2 4.2 2.6 9.200000000000001 0 0 0 0 0 0 0 0 3.2 0.6000000000000001 0 0 0 0 4.800000000000001 0 4.4 0 0 1.6 5.2 2.4000000000000004 0 0 3.6 0 0 0 0 0 0 0 0 0 0 0 0 0 0 0 0.4 0 0 0 0 0 0 0 0 0.8 0 0 0.2 0 0 0 0.2 0 0 0 0 0.4 0 2.4000000000000004 0 1.6 4.4 3 2 0 4.6000000000000005 1.6 4 3.4000000000000004 0 0 1.4000000000000001 3.2 2.6 4.2 2.4000000000000004 0 0 0 1.4000000000000001 0 0 0 3.4000000000000004 4.4 0 0 0 0 2.4000000000000004 0 0 0 3.6 3.2 8.4 6.6000000000000005 2 0 0 0 0 0 0 0 0 0 0 0 0 0 0 0 0 0 0 0 0 0 0 0 0 0 0 0 0 0 0 0 0 0 1.8 0 0 23.8 1.2000000000000002 0 0.8 0 0 0 0 0 0.4 0 0 0 0 0 0 0 0 0 0 0 0 0 0 2.2 0 0 0 0.4 2 0 0 0 
 0 0 0 0.2 0 0 0 0.8 0 0.2 0 0 0 0 0.4 0 0 0 0 0 20.200000000000003 51 5 10 27.6 10.600000000000001 13.200000000000001 24.200000000000003 10.4 22.6 33.4 0 8 39.800000000000004 23.400000000000002 33.6 34.6 15.8 6.800000000000001 23 0 0 0 0 0.6000000000000001 0 0 1 0.2 0 0 1 11 0 4.2 12.4 0 0 12.4 0 0 0 0 0 0 0 0 0 0 0.6000000000000001 0 1.2000000000000002 0 0.6000000000000001 10.8 0 0 0.4 0.8 0.4 0 0 0 0 0 0 0 0 0 0 0 0.4 0 0 0 0 0 0 0 0 2.6 6.6000000000000005 2.6 0 0.6000000000000001 2.2 0 0.4 4.2 4 0 0 0 4.4 0 2 0.4 2.4000000000000004 0 0 2.6 0.2 2.8000000000000003 0 0 0 3.6 1.8 2.4000000000000004 3.6 0 0 4.4 3.8000000000000003 2.4000000000000004 2.4000000000000004 0 3.2 0 10 0 0 0 0 0 0 0 1.2000000000000002 0.4 0 0 0 0 0 0 0 0.2 0 0.4 0.4 1.4000000000000001 0 0 0 0 0 0.2 0.2 0 0 0 0 0 0 0 0 0 0 0 0 0 0 0 0 7.2 6 0 4.800000000000001 1.2000000000000002 0 0 6.6000000000000005 0 0 0 2 6.2 0 0 0 0 0 0.2 4.6000000000000005 0 0 5 1.2000000000000002 0 0.6000000000000001 0 0 3.8000000000000003 0 2.8000000000000003 2.6 1.2000000000000002 6.6000000000000005 2.4000000000000004 5.6000000000000005 0 0 0 0 0 0 0 0 0 0 0.4 0 0 0 0 0 0 0 0 0 0 0 0 0 0 0 0 0 0 0 0 0 0 0 1.6 0.8 0.2 23.400000000000002 0 0 0.8 0.6000000000000001 0.2 0 0 0 0 0 0 0 0 0 0 0 0 0 0 0 0 0 0 2.6 0 0 0.6000000000000001 0 0 0 0 0 
 0 0.6000000000000001 1.2000000000000002 15.8 12.200000000000001 30.400000000000002 0 0 0 12 14.600000000000001 16.400000000000002 0 0.2 0.6000000000000001 0 14.8 0 0 0 25.6 26.8 57.2 16 22.400000000000002 51.800000000000004 22.8 67 78.80000000000001 10.4 65.2 8 0 33 22.6 13.200000000000001 23.8 5.800000000000001 42.2 29.8 0 0 0 0.2 0.4 0 0 0.8 0 0.2 0 0 0 0 0 0 0.2 0 0 0 0 0 0 0 0 0 0 0 0 0.6000000000000001 0 4.6000000000000005 0 0.6000000000000001 0 0 0 0.2 1.2000000000000002 0.4 0 0 0 0.2 0 2.2 0 0 3 0 0 0 0 0 0 0.2 3 1.2000000000000002 0 0 0.2 2 0 7.800000000000001 0 0 2.6 2.2 4 6.6000000000000005 10.8 3 5 0 4.800000000000001 1.4000000000000001 3.4000000000000004 0 2 2.6 0 0 0 0 0 0 2.8000000000000003 0 0 0 0 0 0 0 0 0 0 0 0 0 0 0 0 0 0 0 0 0 0 0 0 0 0 0 0 0 0 0 0 0.6000000000000001 0 0 0 0 2.6 3 0 0 0 0 0.2 5 0 0 0 0 0 1.8 0 1.6 5.4 0.2 2 2.4000000000000004 1.4000000000000001 2 0 0.2 1.6 9.4 0 0 5.800000000000001 3 5.2 0 1.8 5.4 1.2000000000000002 3.6 0 0 0 0 0 5.6000000000000005 0 0 0 0 0 0 0 0 0 0 0 0 0 0 0.2 0 0 0 0 0 0 0 0 0 0 0 0 0 0 0 0 0 0 0 0 0 0 0 0 0 0 0 0 0 0 0 0 0 1.2000000000000002 0 0 23.6 0 0 0.6000000000000001 0 0 0 0 0 0 0 0 0 0 0 0 0 0 0 0 0 0 0 0 0 0 0 0 0 0 0 0 0 
