 0 17.8 34.4 8.6 49.6 5.800000000000001 34.6 31.200000000000003 72.8 24.8 16.2 5.4 28.6 35.2 9 9.8 16.8 6 11.600000000000001 51.800000000000004 0 0 0.2 0.2 0.6000000000000001 0.4 0.8 0.4 0.8 0.8 0.4 0.2 0.6000000000000001 0.2 0.6000000000000001 1 0.2 1 0 0.4 0.4 0.4 1 0.4 0.2 0 0 0 0.4 0.2 0.4 1 0.4 0.4 0.4 0.8 0 0 0.4 0 0.4 0 0.2 0.6000000000000001 1 9.8 0.4 0 0.4 0.8 0.4 0.4 0 0.4 0 0.4 0.4 1.2000000000000002 0 0.2 10.600000000000001 10.4 0 0 3 0 5.6000000000000005 10.8 0 2 0 2.4000000000000004 5 4 4 7.2 0 2.2 2.6 0 0 0 0 0 0.4 0 0 0 0 0 0 0 0 0 0 0 0 0 0 0 0 0 0 0 0 0.2 0 0 0 0 0 0 0 0 0 0 0 0.4 0 0 0 0 0 0 0 0 0 0 0 0 0.4 0 0 0 0 0 0 5.800000000000001 0 0 3.2 0 0 6.6000000000000005 0 0 2.2 2.2 0 0 3.6 2.2 2.4000000000000004 1.6 3.8000000000000003 5 0 5.4 2.2 0 2.4000000000000004 0 0 0 0.2 0 0 0 0 0 0 0 0 0 0 0.4 0 0 0 0 0 0 0 0 0 0 0 0 0 0 0 0 0 0.4 0 0 0 0 0 0 0.4 0 0 0 0 0 0 0 0 0 0.2 0 0 0 0 0 0 0 0 0 0 0 0 0 0 0.4 0 0 0.6000000000000001 18.400000000000002 0 3.8000000000000003 0 0 0 0 0 0.2 0 0 0 0 0 0 0.4 0 0 0 0 0 0 0 0 5.4 0 2.6 0 0 0 0 0 0 0 0 0 0 0 0 0 0 
 17.8 0 24.6 32.4 42.2 10.200000000000001 20.6 52.2 37 15.600000000000001 67.60000000000001 69.4 63.400000000000006 12.8 26 92.4 22 49.2 6.800000000000001 10.600000000000001 0.2 0.2 7.2 1.4000000000000001 1 3.2 0.8 0 0 0.6000000000000001 0.2 0 15 0 0.8 0.8 0 1.2000000000000002 0 15.4 0.4 0 0.6000000000000001 11 12.600000000000001 0 0 0 0.4 7.4 0.6000000000000001 0.6000000000000001 0 0.4 0 0 1.2000000000000002 0.6000000000000001 0.4 0 5.800000000000001 0.2 0 1.2000000000000002 0.6000000000000001 0 0.2 0 0 0.4 0 0 0 1.4000000000000001 0.2 0 0.2 0 0 0.6000000000000001 1.8 0 2.2 4.2 0 0 2.4000000000000004 3 4.800000000000001 10.4 5 2.8000000000000003 0 4.6000000000000005 0 4.4 6.800000000000001 1.4000000000000001 0 0 0 0 0 0 0.4 0 1.6 0 0 0 0 0 0 0 2.2 0 0 0 0 2.8000000000000003 0.2 0 0 0 0 0.2 0 0 0 0.2 0 0 0 0 0 0 1.4000000000000001 0.4 0 0 0 0 0 0 0 0 0 0 0 0 0 0 0 0 0 0 0 0 0 0 2.6 0 0.2 2.4000000000000004 5.800000000000001 2 0.4 0.2 3 5.2 2 6 0 1 1.6 0.4 2.8000000000000003 2 0.2 0.2 0.2 0 0 0 0 0 1 1.4000000000000001 0 0 0 0 6 1.8 0 0.4 0 0 3.6 3 0 0 0 0 0 0 0 0 2.8000000000000003 0 0 0 0 0.4 0 0 0 0 0 2 0 0 0 0 0 0 0 0 0 0 0 0 0 0 0 0 0 0 0 0.2 0 1.6 0 0 0 0.2 0.4 0 18 0 3 1.2000000000000002 0 0 0 0 0 0 0 0 6 0 5.800000000000001 0 0 0 0 0 0 0 0 0 0 0 0 0 2.2 0 0 0 0 0 0 0 0 0 0 0 0 0.4 
 34.4 24.6 0 33.6 9.8 25.400000000000002 20.8 57.400000000000006 21.400000000000002 36 23.400000000000002 20.200000000000003 13.4 28 12.200000000000001 10.8 27.8 47.800000000000004 20 19 0 0 0 0 0.6000000000000001 0 1 0 0 0.6000000000000001 0 0 0.2 0 0 1 0 0.8 15.8 0.4 0 12 1.8 0 0 0 0 0 0.4 0 0 12 12.4 0 11.200000000000001 0 0 0 0 0 0 8.6 0 0.4 0.4 0 0 0 0 0.4 0 0 0 0 0 0 0 0 0 0 7.4 5.2 2.2 6.4 2.8000000000000003 0 3.8000000000000003 3.4000000000000004 6 1 12 3.4000000000000004 0 6 2.8000000000000003 0.2 8.8 4 2.6 5.2 6 0 0 0 0 0 0.2 0 0 0 0 0.4 4.4 0 1 5.800000000000001 0 0 0 2.6 0 0 0 0 0 0 0 0 2.6 0 0 0 0 0 0 0 0.2 0 0 0 0.8 0 0 0 0 0 0 0 0 0 0 0 0 0 0 0 0 0 0 0 5.2 0.8 4 0.4 0 0 4.6000000000000005 9.8 7.4 4.800000000000001 6.2 4 2.2 0.8 0 5.4 0 0 6.2 2.6 0 0 0.4 0 0 0 0 0 0 1.8 0 0 0 0 0 0 0 0 1.4000000000000001 3.4000000000000004 0 0 0 0 0 0 0 0 0 0 0 0 0 0 0 0 0 0.4 0.4 0 0 0 0 0 0 0 0 0.4 0 0 0 0 0 0 0 0.2 0 0 0 0 0 0 0 0 0 0 6.2 0.2 0.4 0.2 0 2.6 0 0 0 0 0 0 0 0 0 0 0 0 0 0 0 0 0 0 0 0 0 0 0 0 0 0.2 0 0 0 0 0 0 0 0 0 0 0 0 
 8.6 32.4 33.6 0 39.400000000000006 6.800000000000001 22.400000000000002 16.8 40.2 23.8 19.8 43.6 73.8 15 39.2 62.2 54.400000000000006 11.4 19.8 72.4 0 16.8 0 0 0.6000000000000001 0 12.600000000000001 5 0.2 0.6000000000000001 0 0 30 0 14.8 0.6000000000000001 0 0.8 0 45.400000000000006 0 0.2 0.6000000000000001 0 0 0 0 0 0.4 0 0 0 0 0 0 0.2 0 0 0 0 0 0 0 0.6000000000000001 0.6000000000000001 0 0 0 0 0.4 0 0 0 4.6000000000000005 0 11.4 0 0 0 0 1.8 0 1.6 0 2.6 4.2 1.8 0 0 7.6000000000000005 0 4.6000000000000005 0 2.4000000000000004 3.6 2.6 5.4 3 0 0 4.2 0 0 0.4 0 0 5 0 0 0.4 0 0 1.4000000000000001 2.6 0 0 1.6 0 0 1.6 0 0 0 0 0 0 0 0 0 0 0 2 0 0 0 0 0 0 0 0 0 0 0 0 0 0 0 0 0 0 0 0 0 0 0 0 0 0 0 0 1.8 0 0 2.2 0.4 1.4000000000000001 3.8000000000000003 0 3.2 2.4000000000000004 0 2.8000000000000003 0 5.2 0 2 4.2 0 1 0 2.2 0.4 0 0 0 0 2.2 2 3.8000000000000003 0 0 0 0.2 2.6 5.4 5 3 0.2 4.6000000000000005 8.200000000000001 0.4 0 0 0 0 0 0 0 0 0 0 0 0 0 0 0 2.6 0 0 0 0 0 0 0 0 0 0 0 0 0 0 0 1.8 0.2 0 0 0 0 0 0 0 0 0.4 0 0 0.4 8.200000000000001 0 0.2 18.2 0 2 2.6 0 0 0 0 0 0 0 0 0 0 0 0 0 0 0 0 0 0 0 0 0 0 0.2 0 0 0 0 0 0 0 2.4000000000000004 0 0 0 0 0 0 
 49.6 42.2 9.8 39.400000000000006 0 16.6 10 14.600000000000001 32 40.6 34.6 29.6 14.200000000000001 37.2 8 20 28.6 30.400000000000002 16.6 15 0 15 7.800000000000001 0 0.6000000000000001 0 0.6000000000000001 0 0 1.2000000000000002 0 0 0 0.6000000000000001 0 0.6000000000000001 0 1.2000000000000002 4.2 12.600000000000001 1 0 0.6000000000000001 0.6000000000000001 0 0 0 0 0.4 0 0 0 0 12.4 0 0.2 0.8 0 0 0 0 0 0 0.4 0.4 0 0 0 0 0.4 0 8.200000000000001 0 0.4 0 0 0 0 0 0 0 2 2.2 0 3.6 1.8 0 0 3 4.4 1.8 0 0 2.6 0 5.4 0.4 2 0 0 5.2 0 0.2 0 0 0 1.8 0 3.8000000000000003 0 1.6 2.4000000000000004 8.200000000000001 9.8 7.800000000000001 0 3.8000000000000003 0 8.200000000000001 5.800000000000001 0 1.8 0 0 0 0 0 0 0 0 0 0 0 0 0 0 0 0 0 0 0 0 0 0 0 0 0 0 0.4 0 0 0.4 0 2.6 0 0 0 0.8 1.2000000000000002 0 2.2 2.8000000000000003 0 3.6 4.800000000000001 6.4 0 0 3 3.4000000000000004 0 2.2 0 0.2 2 0 0 2.2 0 0 0.4 7.2 0 0 0.6000000000000001 0 1 0.2 3.2 0 0 0 0 8 2.4000000000000004 2.2 4.6000000000000005 2.4000000000000004 0 0 0 0.4 0 0 0 0 0 0 0.4 0 0 0 0 0 0 0 0 0 0 0.2 0 0 0 0 0 0 0 0 0 0 0 0 0 0 0 0 0 0 0 0 0 0 0 0 0 0 0 0 0.4 3.2 0.4 2.8000000000000003 2 0 0 0 0 0 0 0 0.4 0 5 0 0 0 0.4 0 0 0 0 0 0 0 0 0 7.4 0 0 0 0 0 0 0 0 0 0 0 0 0 
 5.800000000000001 10.200000000000001 25.400000000000002 6.800000000000001 16.6 0 12.4 6.2 12.4 9.8 21.200000000000003 30.200000000000003 13.8 53.800000000000004 12.4 20.200000000000003 53.800000000000004 15 16 12.4 23.400000000000002 3.6 1.4000000000000001 0.4 1.2000000000000002 0 15.600000000000001 0.4 14.600000000000001 0.6000000000000001 14.8 0.2 14.600000000000001 15.8 15.4 0.6000000000000001 4 15.8 47.6 15.600000000000001 0 0 0.6000000000000001 0.4 0 0 0 0 0.4 0 0 0 0.6000000000000001 0.6000000000000001 0 0.2 0 0 0.6000000000000001 0 0 0 0 0.4 7 0 0 0 0.6000000000000001 0.4 0 0 0 0.2 0 0 0 0 0 0 0 0 2 1.8 6.2 8 0 0 0 0 0 4 0 0 0 0 0 0 0 0 3.6 0 1.6 1.4000000000000001 0 0 5 5 4.800000000000001 4.800000000000001 0 0 2.4000000000000004 0 3.2 0 6.4 5.6000000000000005 3 4.2 0 0 0 0 0 0 0 0 0 0 0 0 0 0 0 0 0 0 0 0 0 0 0 0 0 0 0 0 0 0 0 0 0.8 0 0 0 0 0 0 0 0 0.2 0 2.8000000000000003 0 0 0 0 1.8 0 2.8000000000000003 0 0 0 0.4 0 0 0 0.8 0 9.4 2.2 0.2 0 0.4 0 7.4 2.4000000000000004 7.800000000000001 2 6.2 0 2.2 0 11.8 2.6 0 5.800000000000001 4.800000000000001 4.2 0 0 0 0 0 0 0 0 0 0 0 0 0 0 0 0 0 0 0 0 0 0 0 0 0 0 0 0 0 0 0 0 0 0 0 0 0 0 0 0 0 0 3 0 0 0 1.2000000000000002 0.2 0 0 0 1.8 0 0 0 0 0 14.8 0 0 0 0 0 0 0 0 0 0 0 0 0 0 0 0 0 0 0 0 0 0 0 2 0 0 0 0 0 0 0 0 
 34.6 20.6 20.8 22.400000000000002 10 12.4 0 60.6 14.200000000000001 8.4 53.800000000000004 5.2 57.6 37.6 44.800000000000004 66.60000000000001 5.2 67.8 27.200000000000003 13.4 0.2 0 0.6000000000000001 0 1 0 1 0.6000000000000001 0.2 1.6 0 0 40.2 0 6.4 1.2000000000000002 0.2 0.6000000000000001 0 0.4 0 0 4.4 0.4 0 0 0 0 0.8 0 0 0.2 0 0.4 0 0 0 0 0 0 0 0 0 0.6000000000000001 0.6000000000000001 0 0 0 0 0.4 0 0 0 0.6000000000000001 0 0 0 0 2.8000000000000003 7.2 6.800000000000001 2 1.4000000000000001 4.2 4.4 0 5 6 8.8 0.8 2.2 0 4.4 0 11.4 0 0 2.6 5.4 4.4 0 0 0 0 0 0 0 0 0 0 0 0 2.8000000000000003 0 0 0 0 0 0 0 0 0 0 0 0 0 0 0 0 0 0 0 0 0 0 0 0 0 0 0 0.6000000000000001 0 0 0 0 0 0.2 3.4000000000000004 0 0 0 0 0 0 0 0 3.4000000000000004 0 0 0 0 3.2 2.6 0 0 0 0 4.4 0 0.2 1.2000000000000002 0 3.6 4.2 1.6 1.6 3.4000000000000004 0 2 0.4 0 0 0 0 0 0.4 0 0 0 0 0 0 0 0 0 0 0 0 0.2 0 0 0 0 0.4 0 0 0.2 0 0 0 0 0 0 0 0.4 0 0 0 0 0 0 0 0 0 0 0 0 0 0 0 0 0 0 0 0.2 0 0 0 0 0 0 0 0 0 0 0 17.400000000000002 0 0 0.4 0.4 3.6 0 0 0 0 0 0 0.4 0 0.2 0 0 0 0 0 0 0 0 0 0 0 0 0 0 1.8 0 3 0 0 0 0 0 0 0 0 0 0 0 0 
 31.200000000000003 52.2 57.400000000000006 16.8 14.600000000000001 6.2 60.6 0 16 7.2 24.200000000000003 6.4 66.8 36.800000000000004 80.4 23.8 7.2 60.800000000000004 56.400000000000006 26.8 0 0 0 0 1.2000000000000002 0 1 0 0 0.6000000000000001 0 0 0.2 0 0 0.6000000000000001 0.2 0.6000000000000001 0 0.2 0 1 0.6000000000000001 0 0 0 0.8 0 0.2 0.6000000000000001 0 0 0 0 0 0.4 0.2 0 0 0 0.8 2.8000000000000003 0 0.4 0.4 0 0 0 0 0.4 0 8 0 0.4 0 0 0 0 0 0 10.600000000000001 6.4 1.8 3.8000000000000003 12.8 0 8.6 6.800000000000001 9.4 3.6 3.4000000000000004 0 3.8000000000000003 2 6.4 0.2 4.4 3 3.2 6.6000000000000005 0.2 0 0.4 0 0 0 0 0 0 0 0 0 0 0 0 0.2 0 0 0 0 0 0 0.4 0 0 0 0 5.2 0 0 0 0 0 0 0 0 0 0 0 0 0 0 0 0 0.2 0 0 0 0 0 6.2 2.2 0 0 0 0 0 0 0 0 0.2 0 0.4 0 0 2.6 0.6000000000000001 8.6 0 9 1 2 3.6 6.2 0 2 0 0.2 3.4000000000000004 1.2000000000000002 0 0 0 0 0 0 0 0 0 0 0.2 0.4 0 0 0.2 0 0 0 0 0 0 0 0.2 0 0 3 0 0 0 0 0 0 0 0 0 0 0 0 0 0 0 0 0 0 0 0 0.2 0 0.4 0.4 0 0 0.6000000000000001 0 0 0 2.8000000000000003 0 0 0 0 0 0 0 0 0 0.6000000000000001 0 0 0 0 1.6 0 0 0 0 0 0 0 0 0 0 0 0 0 0 0 0 0 0 0 0 0 0 0 0.4 0 0 0 0 0 0 0 0 0 0 0 0 0 0 
 72.8 37 21.400000000000002 40.2 32 12.4 14.200000000000001 16 0 37.6 24.8 6.6000000000000005 18.8 47.6 109.60000000000001 52.800000000000004 28.8 42.400000000000006 69.8 57 0 0 0 0 0.6000000000000001 0 0.6000000000000001 0 0 0.6000000000000001 0 0 0.2 0.4 0 0.6000000000000001 0 0.6000000000000001 9.4 0.4 0.8 0 0.6000000000000001 0 0 0 1.4000000000000001 0 0.4 0 0 0 0 0 0 0.2 0.4 0 0 0 7.6000000000000005 0 0 0.4 0.4 0 1 0 0 0.4 0 0 0 0 0 0 0 1.4000000000000001 0 0 0 2.6 0.2 6.4 2.4000000000000004 2 0 0 2.4000000000000004 0 0 3.4000000000000004 3.8000000000000003 0.2 4.6000000000000005 8.6 4.6000000000000005 7.800000000000001 0 0 0 0 0 0 0 0 2.2 0 0 0 0 0 7.2 5.6000000000000005 0 0 0 0 2.6 3 0 2.2 0 0 0 0 0 0 0 0 0 0 0 0 0 0 0 0 0.2 0 0.4 0.2 0 0 0 0 0 0 0 0 0 0 0 0 2.4000000000000004 0 0 0 0 0 4 6.2 3.2 4 4.800000000000001 4 9.8 0 6 0 2.2 2.8000000000000003 0 6 2.6 0.4 10.600000000000001 4 2.4000000000000004 1.8 0 0 0 0 0 0 0 0 0 0 0 0 4 0 0 0 0 0 0 0 0 0 0 0 0 0 0 0 0 0 0 0 0 0 0 0 0 0 0 0 0 0 0 0 0 0 0 0 0 0 0 0 0 0 0 2.6 0 0 0 0 0 0 0 0 0 0.2 17.2 0 0 0.4 0.4 1 0 0 0 0 0 0 0 0 0 0 0 0 0 0 0 0 0 0.2 0 0 0 0 0 7.800000000000001 2.4000000000000004 2 0 0 0 0 0 0 0 0 0 0 0 0 
 24.8 15.600000000000001 36 23.8 40.6 9.8 8.4 7.2 37.6 0 41 69.2 51.800000000000004 33.800000000000004 45.2 52.400000000000006 33.2 72.60000000000001 21.6 75.60000000000001 14.4 0 0 0 0.6000000000000001 0 0.8 0 0 1 0 0 15.600000000000001 0 0 0.6000000000000001 0 0.6000000000000001 0.6000000000000001 15.4 1 0 0.6000000000000001 0 0 0 0.8 0 0.4 0 0 0 0 0 0 0.2 5.6000000000000005 0 0 0 0 0 0 0.4 0.4 0 0.4 0 0 0.4 0 0.2 0 0 0 0 0 1 0 0 0.4 2.4000000000000004 2.4000000000000004 6 0 4.2 0 0 2 13.8 2.8000000000000003 4.2 0 0 2.4000000000000004 5.6000000000000005 0 2.2 0 0 0.2 0.4 0 0 0 0 9.200000000000001 0 0 0 0 0 3 2.6 2.8000000000000003 0 0 0 0.4 7 0 4.6000000000000005 0 0 0 0 0 0 0 0 0 0 0 0 0 0 0 0 0 0.4 0 0 0.2 0 0 0 0 0 0 0 0 2.2 0 0 0 0 0 0.2 0 0 0.4 3.8000000000000003 2.6 12.8 3.6 5 1.6 0 5.2 3.2 13.4 5 0 2.8000000000000003 3.8000000000000003 0.2 4.4 3 0 2 0.2 0 0 0.2 0 0 4 0.6000000000000001 0 0 0 0 2.8000000000000003 0 2.2 0 0 0 0.4 5.4 0 0 0 0 0 0 0 0 2.8000000000000003 0 0 0 0.2 0 0 0 0 0 0 2 0 0 0 0 0 0 0 0 0 0 0 0 0 0 0 0 9.200000000000001 0 0 0 0 0 0 0 0.4 0.4 0.4 0.2 17.6 0.2 3 1.4000000000000001 0 0 0 0 0 0 0 0 0 0 0 0 0 0 0 0 0 0 0 0 0 0 0 2 5.6000000000000005 0 0 0 0 0 0 0 0 0 0 0 0 0 
 16.2 67.60000000000001 23.400000000000002 19.8 34.6 21.200000000000003 53.800000000000004 24.200000000000003 24.8 41 0 53.6 10.8 25 11.200000000000001 67.2 40.400000000000006 38.6 10 15 0 0 0 0.6000000000000001 1 0 1.2000000000000002 0 0 0.6000000000000001 0 0.2 0 0 0.6000000000000001 0.6000000000000001 0.6000000000000001 1.2000000000000002 4.4 31 4 8 0.6000000000000001 0.4 0 0 0 0 0.4 0 0 0.4 1.4000000000000001 0 0 0.2 1.4000000000000001 0 12.4 0 0.4 0 0 0.6000000000000001 0.6000000000000001 0 0 0 1.2000000000000002 0.4 0 0 0 0.6000000000000001 0 0 0 1.2000000000000002 0 0 0 3.6 2.2 1.8 0 0 0 0 2.6 8.8 3.4000000000000004 4.6000000000000005 0 0 2 5.4 0 0.8 0 0 3.6 0 0 0.4 0 0 4.2 0.2 0 0.4 0 0 0.2 0 2.8000000000000003 0 0 2 0 6 0 0 0 0 0 0 0 0 0 0 0 0 0 0 0 0 0 0 0 0 1 0 0 0 0 0 0 0 0 0 0 0 0 0 0 0 0 0 0 0 2.4000000000000004 6 2 10.4 1.8 6.2 0 0 3.4000000000000004 3 4.4 10.600000000000001 0 0 3.4000000000000004 3.2 0.2 4 3.6 0 0.8 0 0 0 0 0 15.600000000000001 3.8000000000000003 0 0 0.2 0 0 2.8000000000000003 2.4000000000000004 5.2 0.4 0 2.2 2.8000000000000003 0 0 0 0 0 0 0 0 0 0 0 0 0 0 0 0 0 0 0 2 0 0 0 0 0 0 0 0 0 0 0 0 2.2 0 0 0 0 0 0 0 0 0.2 0 0 0 0 18 0 17.8 0 2.2 2.2 0 0 0 0 0 0 0 0 0 0 2 0 0 0 0.2 0 0 0 0 0 0 0 0 2 13.600000000000001 3.4000000000000004 0 0 0 0 0 0 0 0 0 0 0 0 
 5.4 69.4 20.200000000000003 43.6 29.6 30.200000000000003 5.2 6.4 6.6000000000000005 69.2 53.6 0 7.4 8.8 6 8.4 44.400000000000006 13.8 4.800000000000001 18.400000000000002 14.600000000000001 0 0 0 0.6000000000000001 0 15.4 30 0 1 0 0 15.200000000000001 14.600000000000001 0 0.6000000000000001 0 4.4 9.4 22.8 0 0 0.6000000000000001 0 0 0 0 0 0 0 0 0 0 0.6000000000000001 0 0.4 0 1.2000000000000002 0 0 0 0 0 0.4 0.4 0 0 0 0 0.4 0 0 0 0.2 0 0 0 0 0 0 0 2 0.2 2 4.6000000000000005 1.6 0 0 3 10.600000000000001 6.6000000000000005 2.4000000000000004 0 2.6 0 0.2 0 0 0 0 10.200000000000001 0 0 0 0 0 2.2 0 0 3.4000000000000004 0.2 2.2 9.200000000000001 8.6 0 0 2 0 3.6 9.4 0 0 0 0 0 0 0 0 0 0 0 0 0 0 0 0 0 0 0 0 0.8 0 0 0 0 0 0 0 0 0 0 0 0 0 0 0 0 0 0 0 0 5.4 2.2 2.8000000000000003 8.6 4.800000000000001 0 0 7 2.2 0 0 0 0.2 2 3 0.2 2 1.2000000000000002 0 2.8000000000000003 0.2 0 0 0 0 0 2.8000000000000003 0.2 0 0 0 0 1.4000000000000001 0.6000000000000001 10.200000000000001 3 0 6.800000000000001 3.6 0 0 0 2.2 0 0 0 0 0 0 0 0 0 0 0 0 0 0 0 0.2 0 0 0 0 0 0 0 0 0 0 0 0 0 0 0 0 0 0 0 0 0 0 2.6 0 0 0.8 35 0 0.4 17.6 0 1.2000000000000002 4.800000000000001 0 0 0 0 0.2 0 0 0 0 0 0 0 0 0 0 0 0 0 0 0 0 0 0.8 3 2 0 0 0 0 0 0 0 0 0 0 0 0 
 28.6 63.400000000000006 13.4 73.8 14.200000000000001 13.8 57.6 66.8 18.8 51.800000000000004 10.8 7.4 0 19.400000000000002 7 10.8 4 10.8 23.200000000000003 48.2 0 0 0.2 0 0.6000000000000001 7.6000000000000005 0.6000000000000001 0 0 1 0 0 0 0.4 0 0.6000000000000001 0 0.6000000000000001 0 0.4 0 0 0.6000000000000001 0 19.400000000000002 0 0 0 0 7.800000000000001 0 0 0 0 0 0.4 0 0 0 0 0 0 0 0.6000000000000001 0.6000000000000001 0 0 0 0 0.4 0 0 0 0.4 0 0 0 0 0 0 8.200000000000001 0 3.6 0 0 0 0.6000000000000001 4.6000000000000005 0 0 0 1.2000000000000002 3 0 0 1.8 2.2 5.2 8 3.6 0 0 0 0 0 0 0 0 0 0 0 0 0 0.2 0 0 0 0 0.2 0 0 0 0 0 0 1.6 0 0 0 0 0 0 0 0 0 0.6000000000000001 0 0 0 0 0 0 0 0 0 0 0.8 0 0 0 4 0 0 0 0 0 0 0 0 0 3.6 0 0 0.2 0 0.6000000000000001 4.2 3.8000000000000003 4 0.6000000000000001 0 0 0.2 1.4000000000000001 0.6000000000000001 0.8 0 0 0 2.4000000000000004 0 0 0 0 0 0 0 0 0 0 0 0 0 0 0 0 0 0 0 0 0 0 0 0 0 0 0 0 0 0 0 0 0 0 0 0 0 0 0 0 0 3 0 0 0 0 0 0 0 0 0 0 0 0 0 0 0 0 0 0 0 0 0 0 0 20 0.2 0.4 0.2 0 0 3.8000000000000003 0 0 0 0 0 0 0 0 0 0 12.4 0 0 0 0 0 0 0 0 0 0 0 0 0 0 0 0 0 0 0 0 0 0 0 0 0 0 0 
 35.2 12.8 28 15 37.2 53.800000000000004 37.6 36.800000000000004 47.6 33.800000000000004 25 8.8 19.400000000000002 0 32.6 51.6 52.2 45.800000000000004 50.400000000000006 111.60000000000001 0 0 0 0 1.2000000000000002 0 0.6000000000000001 0 0.2 0.6000000000000001 0 0 0 0 0 0.6000000000000001 0.6000000000000001 1.2000000000000002 0 0.4 3.2 0.4 0.6000000000000001 0 0 0 0.6000000000000001 0 0.4 0 0 0 0 0 0 0 1.6 0 0 0 0.8 0 0.4 0.6000000000000001 0.6000000000000001 0.4 0 0 0 0.4 0 0 0 0.6000000000000001 0 0 0 0 0 0 2 2.6 4.2 3.8000000000000003 0.4 0 0.2 2.8000000000000003 0.6000000000000001 0 1.8 0 8.6 2.2 0.8 9.200000000000001 2 0 2.6 9.600000000000001 0 0 0 0 0 0 1.4000000000000001 0 0 0 0 0 0 0 0 0 0 0 3.6 0 0 0 0 0 5.4 0 0 0 0 0 0 0 0 0 0 0 0 0 0 0 0 0 2 0 0 0 0 0 0.4 0 0 0.4 0 0.2 0 0 0 0 0 0 7.6000000000000005 4 5.6000000000000005 0 1.4000000000000001 0 3.6 3.8000000000000003 5 0.8 0 0 4.6000000000000005 0.2 3.2 0.6000000000000001 3.2 0 6.2 3 0.4 0.2 0 3.4000000000000004 0 0 0 0.4 0 0 0 0 0 0 0 0 0 0 0 0 0 0.4 0 0 0 0 0 0 0.4 0 0 0 0 0 0 0 0 0 0 0 0 0 0 8.6 0 0 0 0 0 0 0 0 0 1 0 0 0 0 0 0 0 0 0 0 0 0.8 0 0 0 14.8 0.4 1.6 0 0 0 0 0 0 0 0 0 0 0 0.4 0 0 0.4 0 0 0 0 0 0 0 0 0 0 0 0 0 0 0 0 0 0 0 0 0 0 0 
 9 26 12.200000000000001 39.2 8 12.4 44.800000000000004 80.4 109.60000000000001 45.2 11.200000000000001 6 7 32.6 0 12.600000000000001 7.6000000000000005 28.400000000000002 26.6 21.200000000000003 0.6000000000000001 0 0 0 0.8 0.6000000000000001 0.6000000000000001 0 0.2 0.6000000000000001 0 0 0 0 0.4 0.6000000000000001 0 1.2000000000000002 0.8 0.4 0.6000000000000001 0 1 0 0 0 0.6000000000000001 0 0.4 0 0 0 0 15.8 0 0.8 0 0 0.4 0 0 0 0 0.6000000000000001 0.6000000000000001 0 0.6000000000000001 0.4 0 0.4 0 0 0 1.2000000000000002 0 0 0 0.2 0 0 4.4 2 0 11 2 0 0.2 3.6 6.800000000000001 0 2.2 0 3.4000000000000004 7.800000000000001 13.200000000000001 1.8 4.4 3.6 0 1.8 0 0 0 0 0 0 0 0 0 0 0 0 0 0 0 0 0 0 0 0 0 0 0 0 0 0.2 0 0 0 0 0 0 0 0 0 0 0 0.2 0 0 0 0 0 0 0 0 0 0 0 0 0 0 0 0 0 0 0 0 2 0.2 0 3 7.6000000000000005 2.8000000000000003 1.6 3.4000000000000004 3 2.8000000000000003 1 5.2 0 2.2 1.8 8.8 4.800000000000001 0 14 0 8 4.4 0 0 0 0 0.2 0 0 0 0 0 0 0 2 0 0 0 0 0 0.2 2.6 0 0 0 0 0 0 0 0 0 0 0 0 0 0 0 0 0 0 5.2 0 0.4 0 0 0 0 0 0 0 0 0 0 0 0 0 0 0 0 0 0 0 0 0 0 0 0 0.2 0.6000000000000001 0 0 0 0 2 0 0.4 0 0 0 0 0 0 0 0 0 0 0 0 0 0 0 0 0 0 0 0 0 4.2 0 0.6000000000000001 0 0 0 0 0 0 0 0 0 0 0 0 
 9.8 92.4 10.8 62.2 20 20.200000000000003 66.60000000000001 23.8 52.800000000000004 52.400000000000006 67.2 8.4 10.8 51.6 12.600000000000001 0 72 11.4 46.6 61.800000000000004 0 0 0 0 0.8 0 0.6000000000000001 0 0.6000000000000001 0.8 0 0.2 15.200000000000001 15.200000000000001 0 0.6000000000000001 0 0.6000000000000001 1.4000000000000001 16.8 0 0 0.6000000000000001 0 0 0 0 0 0.4 0 0 0 0 0 0 0.2 0 0 0 0 0 0.4 0 0.6000000000000001 0.6000000000000001 0 0.6000000000000001 0 0 0.4 0 0 0 1.2000000000000002 0 0 0 0 0 0 2 0 2 5 4.4 3 0 0 1.8 0 0 6.4 0 3.6 0.4 8.6 4.800000000000001 8.6 0 0.2 0.2 0 0 0 0 0 4.6000000000000005 0 0 0 0 0 4.6000000000000005 4.4 3 0 0 0 1.6 0 0 2.4000000000000004 0 0 0 0 0 0 0 0 0 0 0 0 0.2 0 0 0 0 0 0 0 0 0.4 0 0 0 0.2 0 0 0 3.4000000000000004 0 0 0 0 0.2 0 0 0 3.6 0 0 3.6 2 0 3.8000000000000003 3.8000000000000003 3.8000000000000003 2 0 5 0 4.4 2.8000000000000003 1.2000000000000002 4.4 0.2 1.8 0 0.8 0 0 0 0 0 2 1 4.4 0 0 0 1.6 4 10.4 0 0 0 0.4 10.4 0 0 0 0 0 0 0 0 0 0 0 0 0 0 0 0 0 0 0 0 0 0 0 0 0 0 0 0 0 0 0 0 0 0 0 0 0 0 0.6000000000000001 0 0 0.8 0 0 0 0.4 0.4 0.4 0 0.4 0 1.4000000000000001 0 0 0 0 0 0 0 0 0 0 2.2 0 0 0 0 0 0 0 0 0 0 0 0 8.200000000000001 3.8000000000000003 0 0 0 0 0 0 0 0 0 0 0 0 0 
 16.8 22 27.8 54.400000000000006 28.6 53.800000000000004 5.2 7.2 28.8 33.2 40.400000000000006 44.400000000000006 4 52.2 7.6000000000000005 72 0 25.6 11.8 6 0 0 0 0 0.6000000000000001 0 0.6000000000000001 0 0.2 0.6000000000000001 0 0 15.8 0 0 0.6000000000000001 0 0.6000000000000001 8.4 30.400000000000002 0 0 0.6000000000000001 0 0 0 0 0 0 0 0 0 0 0 0 0 0 0 0 0 0 0 0 0.6000000000000001 0.6000000000000001 0 0 0 0 0.4 0 0 1.6 0.6000000000000001 0 0 0 1.2000000000000002 0 0 0 3.6 0 2 0 0 0 0 2 10.200000000000001 4.800000000000001 5 0 0 1.8 2.2 0 0.2 0 0 0 0 0 0 0 0 0.2 0 0 0 0 0 2.4000000000000004 0 2.8000000000000003 0 0 0 0 5.6000000000000005 0 0 0 0 0 0 0 0.2 0 0 0 0 0 0 0 0 0 0 0 0 0.2 0 0 0 0 0 0 0.2 0 0 0 0 0.6000000000000001 0 0 0 0 0 0 0 0 2.6 2 8.8 0.8 2.4000000000000004 0 1.2000000000000002 0 3.4000000000000004 3.4000000000000004 6.800000000000001 0 0 7.4 1.8 0 3.4000000000000004 0 0 0.2 0 0 0 0 0 0.6000000000000001 1.2000000000000002 4 0 0 0 0 3.8000000000000003 0 0 0 0 1.6 0.2 0 0 0 0 0 0 0 0 0 0 0 0 0 0 0 0.2 0 0 0 2 0 0 0 0 0 0 0 0 0 0 0 0 0 0 0 0 0 0 0 4 0 1 0 0 0 0.4 16.8 0 17.8 0 2.8000000000000003 1.8 0 0 0 0 0.2 0 0 0 0 0 2 0 0 0 0 0 0 0 0 0 0 0 0 2.2 2.6 2.8000000000000003 0 0 0 0 0 0 0 0 0 0 0 0 
 6 49.2 47.800000000000004 11.4 30.400000000000002 15 67.8 60.800000000000004 42.400000000000006 72.60000000000001 38.6 13.8 10.8 45.800000000000004 28.400000000000002 11.4 25.6 0 63.2 26.400000000000002 0.4 0 0 1.4000000000000001 1.2000000000000002 0 7.6000000000000005 0 0.2 0.6000000000000001 0 0 0 0 0.6000000000000001 1 0.6000000000000001 1.4000000000000001 6.800000000000001 15 1 0.2 0.6000000000000001 0.8 0 0 1.4000000000000001 0 0.2 0 0 12.200000000000001 0.8 0 24.400000000000002 0.4 1 0 0 0 0 0 0 0.6000000000000001 1 0 0 5.800000000000001 1.2000000000000002 8.8 0 0 0 0.6000000000000001 0 0 0 0.6000000000000001 0 0 9.4 4.6000000000000005 0.8 4.2 7 0 3 3 1.4000000000000001 1.6 4.2 2 0 2.4000000000000004 4.2 5.800000000000001 0 0 0 0 3.4000000000000004 0 0 0 0 0 2.2 0.4 0.2 0 0 0 2.4000000000000004 0 3 0 2.8000000000000003 2.6 0 2.8000000000000003 0 0 0 0 7 0 0 0 0.4 0 0 0 0 0 0 0 0 0 0 0 0.2 0 0 0 0 0 0 0 0.4 0 0 0.2 0 0 0 0 0 0 0 0 1.4000000000000001 2.6 2 4.800000000000001 8.200000000000001 0 0 0 4.2 0 6 11.8 0 0.8 2.8000000000000003 1.8 0 1.8 0 0.2 4.6000000000000005 0.2 0 0 0 0 4.800000000000001 0.2 2.2 0.6000000000000001 0 0 1.8 4 2.2 0 0 0 1.6 0.2 0 0 0 0 0 0 0 0 0.4 0 0 0 0 0 0 0 0 0 0 1.2000000000000002 0 0 0 0 0 0.2 0 0 0 0 0.8 0 0 3.2 0 0 0 0 0 0 0 0 0 0 0 0.6000000000000001 17.2 0 18 1 2.6 2.6 0 0 0 0 0 0 0 0 0 0 1.8 0 0 0 0.4 0 0 0 0 0 0 0 0 1.6 0 4.800000000000001 0 0 0 0 0 0 0 0 0 0 0 0 
 11.600000000000001 6.800000000000001 20 19.8 16.6 16 27.200000000000003 56.400000000000006 69.8 21.6 10 4.800000000000001 23.200000000000003 50.400000000000006 26.6 46.6 11.8 63.2 0 20.8 0.6000000000000001 0 1.2000000000000002 0 0.6000000000000001 0.4 1.6 0 0 1.2000000000000002 0 0.6000000000000001 0 0 0 1.6 0 0.6000000000000001 0 0.4 0 0 0.6000000000000001 0.4 0 0 0 0 1 0 0 0.8 0 1 12.200000000000001 0.8 0 0 0 0 0 0 0 0.4 0.8 0 0 0 0 0.6000000000000001 0 0 0 0.2 0 0 0 0 0 0.8 2.4000000000000004 0 2 0 0 0 0 3 1.4000000000000001 0.8 3 0 4.2 6.2 0.8 0 3.2 0 8 8.200000000000001 0.4 0 0 0 0 0 0 0 3.2 0 0 0 0 0 0 0.4 0 0 0 0 0 0 0 1.8 0.2 0 0 0 0 0 0 0 0 0 0 0 0 0 0 0 0.4 0 0 0 0.4 0 0 0 0 0 0.2 0 0 0 0 0 0 0 0 0 2 1 3.6 0.8 0 0 0.2 4 0 0.8 0 0 5.4 0 1.4000000000000001 0 0 0 4 1.8 0 0 0 0 0 1 0 0 0 0 0 0.2 0 0 0.2 0 0 0 0 0 0 0 0.4 0 0 0 0 0 0 0 0 0 0 0 0 0 0 0 0 0.2 0 0 0 0.6000000000000001 0 0 0.4 0 0.2 0.2 0 0 0 0 0 0 0 0 0 0 0 0 0 0 0 0 0 0 0 0 0 3.4000000000000004 0 0 0 0 0 0 0 0 0 0 0 0 0 0 0 0 0 0 0 0 0 0 0 0 0 0 0 0 0 0 0 0 0 0 0 0 0 0 
 51.800000000000004 10.600000000000001 19 72.4 15 12.4 13.4 26.8 57 75.60000000000001 15 18.400000000000002 48.2 111.60000000000001 21.200000000000003 61.800000000000004 6 26.400000000000002 20.8 0 0 0 0 0 0.6000000000000001 0 0.6000000000000001 0 0.2 0.6000000000000001 0 0 0 0 0 0.8 0 0.6000000000000001 0 0.2 0 0 0.6000000000000001 0 0 0 0 0.4 0.4 0 0 0 0 0 0 13 0 0 0 0 0 0 0 0.6000000000000001 0.6000000000000001 0 0 0 0 0.4 0 0 0 0.6000000000000001 0 0 0 0 0 0 4.2 9.8 1.6 5.800000000000001 2 0 7.6000000000000005 12.600000000000001 0 0.8 2 2.6 2.4000000000000004 2.4000000000000004 2.4000000000000004 4 1.2000000000000002 6.6000000000000005 2.4000000000000004 0 0 0 0 0.2 0 0 0 0.4 0 1.6 0 0 0 0.2 0 0 0 0 0 0 0.2 0 0 0 0 0 0 0 0 0 0 0 0 0 0 0 0 0 0 0 0 0 0 0 0 0 0 0 0 0 0 0 0 0 0 0 0 0 0 0 8.6 2 0 0 0 0 6.6000000000000005 7.2 3 0 1.2000000000000002 0.2 1.4000000000000001 4.6000000000000005 1 5.2 0 2.6 2 0 0 0 0 0 0 0 0 0 0 0 0 0 0 0 0 0 0 0 0 0 0 0 0 0 0 0 0 0 0 0 0 0 0 0 0 0 0 0 0 0 0 0 0 0 0 0 0 0 0 0 0 0 0 0.4 0 0 0 0 0.4 0 0 0.4 0 0 0 0.6000000000000001 0.2 0 0 0.4 0.4 0.8 0 0 0 0 0 0 0 0 0 0 0 0 0 0 0 0 0 0 0 0 0 0 0 0 0 0 0 0 0 0 0 0 0 0 0 0 0 0 
 0 0.2 0 0 0 23.400000000000002 0.2 0 0 14.4 0 14.600000000000001 0 0 0.6000000000000001 0 0 0.4 0.6000000000000001 0 0 26.8 19.8 11.4 7.6000000000000005 8.200000000000001 40.2 29.400000000000002 31.200000000000003 7 22.400000000000002 10.200000000000001 26.200000000000003 41.2 38.800000000000004 7 23 24.200000000000003 40.800000000000004 9 0 0 0 0 0.6000000000000001 0 0 0 0.2 6.6000000000000005 0.4 0 1 0 0 1 0 0.6000000000000001 4.6000000000000005 0.6000000000000001 0.4 0 0.6000000000000001 0 0 0 0 0 0.6000000000000001 0 0 0.2 0 0 0.4 0.6000000000000001 0.4 0 0 0.2 0 0.4 2.4000000000000004 0 0 7 0 0 0 0 0 2.8000000000000003 0 0 0 0 0 0 0 0 2 6.2 2.6 6.2 0 0.2 7 2 6.2 4.800000000000001 3.2 0.2 0 0 2 3.4000000000000004 4 5.4 4.800000000000001 2 0 0 0 0 0 0 0 0 0 0.2 0 0 0 0 0 0 0 0 0 0 0 0 0 0 0 0 0 0 0 0 0 0 0 0.4 0 0 0 0 1.2000000000000002 0 0 0 0 1.6 2 1.4000000000000001 0.8 0 2.6 0 2.4000000000000004 0 0 0 0 0.4 0 0 0 0 13.8 2.6 8.6 2.6 2 0 2.2 0 4.800000000000001 3 10.4 4.2 5.2 0 5.6000000000000005 0.6000000000000001 1.6 6.4 4.6000000000000005 8.8 0 0 0 0 0 0 0.4 0 0 0 0 0 0.4 0 0 0 0 0 0 0 0 0 0 0 0 0 0 0 0 0 0 0 0 0 0 6.4 0.2 8.8 0 0 0 0 0 0 0 0 0 0 0 0 0 0 0 0 0.8 0.2 0.4 15.600000000000001 0 0 2.4000000000000004 0 0 0 0 0 0 0 0 0 0 0 0 0 0 0 0 0 0 0 0 1.8 0 0 0 0 0 0 0 0 
 0 0.2 0 16.8 15 3.6 0 0 0 0 0 0 0 0 0 0 0 0 0 0 26.8 0 57.6 8.4 50.2 21.400000000000002 35.6 21 36.6 4.6000000000000005 7.800000000000001 24.6 21.400000000000002 29.8 18.400000000000002 10.200000000000001 49.400000000000006 23 23.400000000000002 9 0.6000000000000001 0 0 0 0.6000000000000001 0 0 24.400000000000002 0.2 0 0.4 0.6000000000000001 1.2000000000000002 0 0 0.4 0.6000000000000001 0.6000000000000001 0 0.8 0.4 0 0 0 0 0.6000000000000001 0 0 0.6000000000000001 0 0 0 0.8 0.2 0.4 1 1 0 0 0 0 0 0 0 0 1.4000000000000001 0 0 0 0 0 0 0 0 0 0 0 0 0 0 4.6000000000000005 3.2 3.4000000000000004 4.6000000000000005 0 3 3.6 8 9 4.2 5.2 2 0 0.2 8.4 2 1.2000000000000002 2.8000000000000003 6.4 0 0 0 0 0 0 0 5.2 0 0 0 0 0 0 0 0 0 0 0 0 0.8 0 0 0 0 0 0 0 0 0 0 0 0 0 0 0 0 0 1.4000000000000001 0.8 0 0 0 0.2 0 1.8 4.2 0 0 0 0.8 0 0 0 0 0 0 0 3.8000000000000003 0 0 1.6 0.2 0.2 2.8000000000000003 0 0 0.2 0 4.2 3.2 2.2 5.2 0 3.2 1.6 1.8 1.4000000000000001 4 1.2000000000000002 0 0 0 0 0 0 0 2.8000000000000003 0 0 0 0 0 0.2 0 2.4000000000000004 0 0 0 0 0 0 0 0 0 0 0 0 0 0 0 0 0 0 0 0 0 0 0 0 0 0 0 0 0 0 0 0 0 0 0 0 0 0.2 0 2.6 0 0 15.600000000000001 17.2 0 0 0 0 0 0 0 0 0 0 0.2 0 0 0 0 0 0 0 0 0 2 0 0 0 0 0 0 0 0 0 0 
 0.2 7.2 0 0 7.800000000000001 1.4000000000000001 0.6000000000000001 0 0 0 0 0 0.2 0 0 0 0 0 1.2000000000000002 0 19.8 57.6 0 50.2 26.8 3.8000000000000003 17.2 22.6 16 12.4 25.400000000000002 26.400000000000002 56.400000000000006 37 11.4 117.80000000000001 11 27.200000000000003 9.8 6.800000000000001 1 0 0 0.6000000000000001 0.6000000000000001 0.8 0 1.4000000000000001 0.2 0.4 0.6000000000000001 0.4 0.6000000000000001 0.6000000000000001 1.2000000000000002 0 0 0.8 12.600000000000001 13 0.8 0 0 0.6000000000000001 0 0 0.8 0 0.8 0 0 0 0 0.8 1 0 0 0 0 0.8 0 0 0 0.4 0 0 0 0 0 0 0 0 0 0 0 0 0 0 0 0 6 4.4 1.2000000000000002 0 0.2 5.6000000000000005 2.4000000000000004 0 2.8000000000000003 2.6 9.4 0.6000000000000001 0 1.8 7 0.2 2.8000000000000003 1.4000000000000001 0 0 0 0 0 0 0 0 2.4000000000000004 0 5.4 0 0 0.4 0 0 0 0 0 0 3 6.2 0 3 0 0 2.8000000000000003 0.2 0 0 0 0 0 0.4 0 0 0 0.4 0 1.2000000000000002 0 0 0 0 0 0 0 2 0 0 0 0.6000000000000001 0 0 0 0 1.4000000000000001 0 0 0 0 0 0 0 0 2.4000000000000004 2 2.2 0 0 4.4 4.4 0 3.2 0 3.6 2 3.4000000000000004 2.8000000000000003 1.6 2.2 0 0 0 0 0 0 0 1.4000000000000001 0 0 0 0 0 0 0 5.2 0 0 0 0 1.4000000000000001 0 0 0 0 2 0 0 0 0 0 0 0 0 0 0 0 0 0 0 0 0 0 0 0 0 0 0 0 0 0 0 0 0 0 1 0 0 0 3.4000000000000004 0.4 0.2 0 0 0 0 0 0 0 0 0 0 0 0 0 0 0 0 0 0 2.2 0 0 0 0 0 0 0 0 0 0 
 0.2 1.4000000000000001 0 0 0 0.4 0 0 0 0 0.6000000000000001 0 0 0 0 0 0 1.4000000000000001 0 0 11.4 8.4 50.2 0 39.800000000000004 7.800000000000001 35.6 7.6000000000000005 107.4 38.400000000000006 36.4 24.400000000000002 14.8 29.8 28 26.400000000000002 57.800000000000004 41.400000000000006 61.2 34.4 0 0 0 0 0.6000000000000001 0 2.2 0 0.4 0 0.6000000000000001 0 0.6000000000000001 0.2 0 0 0 0.6000000000000001 21 6.800000000000001 0.8 0 0 0 0 0 0 0 0.6000000000000001 0 0 0 0 0 0.4 0 0.2 0 0 0.2 0 0 0 0.4 0 0 0 0 0 0 1.8 0 0 0 0.2 0 0.2 0 0 0 0 1.8 4 0 3.6 0.6000000000000001 0 0 0 1.6 1.6 7.6000000000000005 0 2 2.2 3 3.6 0 0 0.2 3.4000000000000004 0 0 0 0.4 0 2 0 0 0 0 0 6 4.2 4.2 0 2.8000000000000003 0 6 4.4 0 2.8000000000000003 0 0 0 0.2 0 0 0 0 0 0.4 0 0 0 0.4 0 0 0 0 0 0 0 0 0 0 0.2 0 0 0 0 0 1.8 0 0 0 0 4.6000000000000005 0 0 1.8 0 7.6000000000000005 4.4 8.200000000000001 2 0 0 4.800000000000001 4.2 0.4 0.8 4 2.4000000000000004 2 0.2 4.4 6.6000000000000005 0 0 2.2 0 2.4000000000000004 0 0 0 0 0 2.2 0 0 0 0 0 2.8000000000000003 0.2 0 0 0 1 0 0 0 0 0 0 0 0 1.6 0 0 0 0 0 0 0 0 0 0 0 0 0 0 0 0 0 0 0 0 0 0 0 0 0 0.6000000000000001 0.4 0.8 23.200000000000003 0 0.4 1 0.4 0 0 0 0 0 0 0 0 0 0 0 0 0 2 0 0 0 0 0 0 0 0 0 0 0 0 0 0 
 0.6000000000000001 1 0.6000000000000001 0.6000000000000001 0.6000000000000001 1.2000000000000002 1 1.2000000000000002 0.6000000000000001 0.6000000000000001 1 0.6000000000000001 0.6000000000000001 1.2000000000000002 0.8 0.8 0.6000000000000001 1.2000000000000002 0.6000000000000001 0.6000000000000001 7.6000000000000005 50.2 26.8 39.800000000000004 0 34.800000000000004 54 19 33 39.400000000000006 35 25.200000000000003 16.400000000000002 18 12.200000000000001 34.6 14.4 82.4 21 16.8 0.2 0 0 0 0.6000000000000001 0 55.2 1 0 25.8 0.6000000000000001 0 1 13.8 0.6000000000000001 0 0 0.6000000000000001 31.200000000000003 0.8 0.4 0 0 0.2 0 0 0 0 0.4 0.2 0 0 0 0 0.4 0 0 0 0 0.4 0 0 0 0 0 0 0 0 0 0.4 0 0 0 0 0 0 0 0 0 0 0 0.2 2.2 0 0.2 2.8000000000000003 0.2 3.6 0.2 0.2 0 2.4000000000000004 0 0 0 7.2 0 7 0.2 0 12.600000000000001 1.6 0 3.8000000000000003 0 0 2 7.4 0 0 0 0.2 3.6 4.2 2.4000000000000004 2.6 2.6 0 2.4000000000000004 1 0 0 0 0.2 0.2 0 0 0.8 0.8 0 0 0 0 0 0 0 0.4 0 0 0 0 0 0 0 0.2 0 0 0 0 0 0 0 0 0 0 0 0 0 0.4 0.6000000000000001 0 4.6000000000000005 0.2 3.4000000000000004 2.2 8.200000000000001 0.2 0.8 0 1.2000000000000002 2.6 0.2 0 0 0 0.2 0 0.2 0 0.2 4.6000000000000005 0 1.4000000000000001 0 0 0 1.8 2 2.2 0 0 4.800000000000001 6.2 0 2.4000000000000004 0 4.4 0 5.2 0 0 0 0 0 0 0 0 3 0 0 0 0 0.2 0 0 0 0 0 0 0 0 0 0 0 0 0 0 0 0 0 0 0.2 0 0 1.6 0 0.4 0.2 0.4 1.4000000000000001 0.4 0.4 0 0 0 5.4 0.2 0 0 0 0 0 0 0 0 0 0 0 0 0 0 5.800000000000001 0 0 0 2.6 0 0 0 0 
 0.4 3.2 0 0 0 0 0 0 0 0 0 0 7.6000000000000005 0 0.6000000000000001 0 0 0 0.4 0 8.200000000000001 21.400000000000002 3.8000000000000003 7.800000000000001 34.800000000000004 0 26.200000000000003 5.4 18.2 14.8 15.200000000000001 53.2 91.2 36.6 7.4 60.2 11.8 6.6000000000000005 14.200000000000001 9.600000000000001 13.8 12.600000000000001 5.800000000000001 1 1.6 0 13 25.400000000000002 5.4 0 0.4 1.4000000000000001 18.2 12.4 4.6000000000000005 13.200000000000001 0 0.6000000000000001 0 17.400000000000002 0.4 2.2 0 0.6000000000000001 0 11 4.2 0 0.6000000000000001 4 0.4 0 0 9.8 0.4 0 0.4 0 0 0 0 0 0 0 0 0 0 0 0 0 0 0 0 0.4 0 0 0 0 0 0 0 0 0 10.8 7.800000000000001 7.2 0 2.6 0 9 5 4.6000000000000005 0 0 0 2.4000000000000004 0 0 0 0 7.4 5.6000000000000005 5 1.4000000000000001 0 0 5.6000000000000005 11.4 0 7 0 0 5.6000000000000005 0.6000000000000001 1.4000000000000001 6.4 2.8000000000000003 0 7.4 0 0 0 0 1.4000000000000001 0 0 0 0 0 0 0.2 9.8 0 0 0 3.2 0 0 0 1.2000000000000002 0 0 0.6000000000000001 0 0 0 0 0 0 0 0 0 0 0 0 0 0 0 0 0 0.4 0 0 0 0 0.8 0 3 0 3.6 0 1.8 0 0 0 0 0 4.4 0 0.2 4.2 4.800000000000001 0 2.2 0 0 5 0 0 0 8.6 0.2 2 4.6000000000000005 0.2 4 2 2 7.2 14.4 0 0 0 0 0 0 0 0 0 0 0 0 0.4 0 0 0 0 0 0 0.2 0 0 0 0 0 0 0 0 15.200000000000001 0 0 0 0 0 0.6000000000000001 0.2 0 0.4 22.400000000000002 0.2 0.8 0 0 0 0 0 0 0 0 0 5.6000000000000005 0 0 0 0 0 0 0 0 0 0 0 2.6 0 6.6000000000000005 0 0 0 0 0 
 0.8 0.8 1 12.600000000000001 0.6000000000000001 15.600000000000001 1 1 0.6000000000000001 0.8 1.2000000000000002 15.4 0.6000000000000001 0.6000000000000001 0.6000000000000001 0.6000000000000001 0.6000000000000001 7.6000000000000005 1.6 0.6000000000000001 40.2 35.6 17.2 35.6 54 26.200000000000003 0 32.2 11.8 42.400000000000006 67.4 9 42.800000000000004 82 25 41.400000000000006 78 59.2 20 56.2 0 0 40.400000000000006 0 0.6000000000000001 0 0 0 0.2 0 0.6000000000000001 0 0.6000000000000001 0 0 0.2 0 1 0 0.6000000000000001 0.4 0 5.800000000000001 0 0 0 0 0 0.6000000000000001 0 0 7.6000000000000005 0 0.4 0.4 0 0.2 0 0 0.2 0 0 0 0 4.6000000000000005 3.8000000000000003 0.2 0 0 1.2000000000000002 0 0 0 0 5.2 0 0 0 0 0 0 15.4 1.8 12 0 0 0 1.8 3.6 6 0 0 0 3.2 3 0.6000000000000001 9.4 3.2 0 0 0 0 0 0 0 0 0 0 0 0 0 0 0.2 0 0 0 0 0 0.2 0 0 0 0 1 0 0 0 0 0 0 0 0 0 0 0 0 0 0 0 0 0 0.2 0.2 4.800000000000001 0 0 0 0 0 0 2.2 2 2.8000000000000003 0 0 0 0 1.8 0.2 0 7.800000000000001 11 9 4.800000000000001 3.6 0 3.8000000000000003 1.8 15.200000000000001 0 1.2000000000000002 8.6 4.2 5.6000000000000005 5 0 2 0 0 4.2 0 0 0 0 0 0 0 0 0 0 0 0 3.6 0 0 0 0 0 0 1.8 0 0 0 0 0 0.2 0.4 0 0 0 0 0 0 0 0 0 0.8 0 0.2 0 0 0 0 0 0 0 5.4 0 15.200000000000001 0 1.8 0 0 0 0 0 0.8 23.400000000000002 0 0.2 2.4000000000000004 6 0 0 0 0 0 0 0 0 0 0 0 0 0 0 0 0 0 0 0 2.2 0 0 0 0 1.8 0 0 0 
 0.4 0 0 5 0 0.4 0.6000000000000001 0 0 0 0 30 0 0 0 0 0 0 0 0 29.400000000000002 21 22.6 7.6000000000000005 19 5.4 32.2 0 12.200000000000001 45 24.400000000000002 4.6000000000000005 78.2 37.800000000000004 38.6 51.6 6.6000000000000005 38 38.400000000000006 40.800000000000004 0 0 0 0 0.6000000000000001 0 0 0 0.4 0 0.6000000000000001 0 0.6000000000000001 0 0 0.2 0 1 7 1 0.4 0 0 0 0 0 0 0 0.6000000000000001 0 0 0 0 0 0.4 0 0.2 0 0 0.2 0 0 0 0 0 11.200000000000001 0 0 0 3.6 0.2 1.8 0 0 0 0 0 0 0 0 6 2.8000000000000003 0.2 0 0 1.8 3.6 1.6 5.6000000000000005 0 7.2 0 0 0.4 3.6 0.8 1 3.6 0 1.8 2.8000000000000003 0 0 0 0 0 0 0 0 0 0 0 0 0 0 0 0 0 0 3 0 0 0 0.2 0 0 0 0.4 0.8 0 0 0 0 0 0 0 0 3 0 0 0 0 0 2.8000000000000003 0 2.4000000000000004 1.4000000000000001 0 0 0 0 0 0 0.4 0 0 0 0 0.4 0 0 0 3 7 4.2 2.6 2.2 8.200000000000001 4.6000000000000005 0 1.6 2 0 1 0 3.4000000000000004 0 2.8000000000000003 1.4000000000000001 4 0.2 0 0 0 0 0 0 0 0 0 0 0 1.4000000000000001 0 0 0.2 0 0 0 0.4 0 0 0 0 0 0 0 0 0 3.4000000000000004 0 0 0 0 0 0 2.4000000000000004 0 0 0 0 0 1 0 0 0 7 0 0 0 0 0 0 0 27.8 0 0.4 0.2 0 0 2.6 0.2 0.2 0 0 0 0 0 0 0 0 0 0 0 0 0 0 0 0 2 0 2.8000000000000003 0 0 0 0 2 0 0 0 
 0.8 0 0 0.2 0 14.600000000000001 0.2 0 0 0 0 0 0 0.2 0.2 0.6000000000000001 0.2 0.2 0 0.2 31.200000000000003 36.6 16 107.4 33 18.2 11.8 12.200000000000001 0 92.2 28.200000000000003 24.400000000000002 59.6 20.8 71.60000000000001 18 54.400000000000006 32.6 80 13 0.6000000000000001 0 0.6000000000000001 0.6000000000000001 1 0.4 0 0.2 0.4 0 0.4 0 13 0 0 0 0 0.6000000000000001 0 0.6000000000000001 0.4 0 0 0 0 0 0 0 0.6000000000000001 0 0 0 0.4 0 0.4 0.4 1 0 0 0 0 0 0 0 0.4 1.8 0 0 0 0 0 0 0 0 0 0 0 0 0 0 0 1.8 6.800000000000001 2.2 2 11.200000000000001 0 12.4 1.8 5.2 0 3.6 0 0 3 9.8 2.4000000000000004 5.800000000000001 1.2000000000000002 0 6.2 0 0 0 0 0 9.200000000000001 0 0 0 0 0.4 3.8000000000000003 4 0 0 0 0 3.6 0 0.2 0 0 0 0 0 0 0.8 3 0 0 0 0.2 0 0 0 0 0 0 0 0 0 1.4000000000000001 0.4 0 0 0 0 0 0 0 0 0 0.4 0 0 0 0.4 0 0 4 6 1.4000000000000001 2.8000000000000003 0 5.2 6 1.8 0 11.8 6.4 7.2 2.2 0 5 1.6 0 2.8000000000000003 2.8000000000000003 0 3.6 0 0 0 0 0 1.2000000000000002 0.2 0 0 0 0 0 0 0 0.4 0 0 2 0.2 0 5.6000000000000005 0 0 0 0 0 0 0 0 0 0 0 0 0.2 2.4000000000000004 0 0 0 0 0 0 0 0 0 0 0 0 0 0 0 13.200000000000001 0 0 1 0 0.4 1.6 0.2 0.4 0.6000000000000001 0 0.4 0 0 0 0 0 0 0 0 0 0 0 0 0 0 0 0 0 0 1.8 0 0 0 2 0 0 0 0 
 0.8 0.6000000000000001 0.6000000000000001 0.6000000000000001 1.2000000000000002 0.6000000000000001 1.6 0.6000000000000001 0.6000000000000001 1 0.6000000000000001 1 1 0.6000000000000001 0.6000000000000001 0.8 0.6000000000000001 0.6000000000000001 1.2000000000000002 0.6000000000000001 7 4.6000000000000005 12.4 38.400000000000006 39.400000000000006 14.8 42.400000000000006 45 92.2 0 41 52.2 29.200000000000003 79.80000000000001 48.6 51.800000000000004 27.8 65.2 33.2 24.200000000000003 0 0.6000000000000001 0 1.2000000000000002 1 0.4 0 0 0.6000000000000001 0 0.6000000000000001 0 1.6 0 0.4 0.2 0 1 25.8 0.6000000000000001 0.4 0 0 0 0 0 0 0.6000000000000001 0.6000000000000001 0 0 0.4 0 7.6000000000000005 0.4 0.2 0.2 0 0 8 0 0 0 2.6 0 0 0.4 0 0 0 0 0 0 0 0 0 0 0 0 0 0 2.6 1 2.8000000000000003 1.4000000000000001 0 0 4 4 0 2.6 3 0 0 3.2 10 2 6 0 0 7.800000000000001 2 0 0 0 0 1.4000000000000001 0 0 0 0 0 2.4000000000000004 4.4 0 0 0 0 6.6000000000000005 4 0 0 0 0 0 0 0 0.6000000000000001 0.8 0 0 0 0 0 0 0 0 0 0 0 0 0.2 0.2 0 0.4 0 0 0 0 0 0 0 0 0 0 0 0 1.6 0 0 0 6.800000000000001 10 14.200000000000001 7 2.6 2.2 8.200000000000001 3.2 4.6000000000000005 5.4 0 2.4000000000000004 3.8000000000000003 0 2 4.800000000000001 0 0 0 2.4000000000000004 0 0 0 0 0 0 2 0 0 0 0 4.800000000000001 0 0 0 0 0 2.8000000000000003 1.4000000000000001 0 0 0 2.2 0 0.4 0.2 0 0 0 0 0 0 0 0 0 0 0 0.4 0 0 0 0 0 0 0 0 0 0 0 0 0 0 0 1.6 0 0.6000000000000001 15.600000000000001 15 0 1.2000000000000002 0 0 0 0 5.6000000000000005 0 0 0 0 0 0 0 0 0 0 0 0 0 0 0 0.8 0 0 0 2.6 1.6 0 0 0 
 0.4 0.2 0 0 0 14.8 0 0 0 0 0 0 0 0 0 0 0 0 0 0 22.400000000000002 7.800000000000001 25.400000000000002 36.4 35 15.200000000000001 67.4 24.400000000000002 28.200000000000003 41 0 24.6 23.8 25.6 33.2 19.8 56.2 30.200000000000003 31.6 7.4 0 0 0 0 0.6000000000000001 0 0 4.4 0 0 0.6000000000000001 0 14.8 2 14.8 0 0 0.8 18.2 25.200000000000003 0.4 0 0 0 0 0 0 0 0.6000000000000001 0 0 0 0 0 0.4 0 0.2 0 0 0.2 0 0 0 0 0 0 0 0 0 0 0 0 0 0 0 0 0 0 0 0 0.2 2.2 2 3.6 4.2 2.6 0 3 2.6 1.8 0.2 0 2.8000000000000003 0 0 5.4 0.2 2.8000000000000003 1.6 3.8000000000000003 2.2 0 0 0.4 0 0 0.2 0 2.8000000000000003 0 0 0 2.2 0.4 0.2 0.2 0 0 0 4.800000000000001 0 0 0 0 0 0 0 0.4 0 0.6000000000000001 0 0 0 0 0 0 0 0 0 0 0 0 0 0.2 0 0 0 0 0.2 1 0 0 0 0 0 0 0 0 0 1.8 2 3.2 4.2 0 5 0 4.4 1.6 2.6 4.6000000000000005 7.800000000000001 2.4000000000000004 2.4000000000000004 0 2.2 1.4000000000000001 2.2 1.6 1.4000000000000001 0 1.8 0 0 0 0 0 2.4000000000000004 3.2 0 0 2.2 0 3.4000000000000004 0 2 0 0.4 2.8000000000000003 2 0.4 0 0 0 0 0 0 0 0 0 0 0 0 0 0 0 0 0 0 0 0 0 0 0.2 0 0 0 0 0 0 0 0 0 0 0 3.4000000000000004 0 0 30.6 0.2 0.6000000000000001 0.6000000000000001 0 0 0 0 0 0 0 0 0 0.2 0 0 0 0 0 0 0 0 0.2 0 3.6 0 0 0 0.2 1.8 0 0 0 
 0.2 0 0 0 0 0.2 0 0 0 0 0.2 0 0 0 0 0.2 0 0 0.6000000000000001 0 10.200000000000001 24.6 26.400000000000002 24.400000000000002 25.200000000000003 53.2 9 4.6000000000000005 24.400000000000002 52.2 24.6 0 29.8 13.4 6.6000000000000005 39.400000000000006 35.6 96.80000000000001 72 7.6000000000000005 11 0 0 0 0.6000000000000001 0 0 0.2 0.2 0 0.6000000000000001 0 0.6000000000000001 12.4 0 0 0 1 12.4 25.400000000000002 0.4 1.6 0 0 0 0 0 0 0.6000000000000001 3.2 0 0 0 0 0.4 0 8.4 0 0 0.2 0 0 0 0 0 0 0 0.4 0 0 0.4 0 0 0 0 0 0 0 0 0 0.2 0 4 0.4 1.6 5.6000000000000005 0 1.4000000000000001 0 3 3.8000000000000003 2.6 0.4 0 2.8000000000000003 2.4000000000000004 0 3 0 0 0 0 0 0 0 0 2.4000000000000004 0.2 2.6 0 0 0 4.2 8.200000000000001 0 0 0 0 0.2 6.800000000000001 0 0 0 0 0 0 0 1.2000000000000002 0 0 0 0 0 0 0 0 0.6000000000000001 0 0 0 0 0 0 0 0 0 0 0 0.4 3.6 0 0 0 0 0 0 0 0 0 0 0 3.8000000000000003 7 3.2 6.6000000000000005 1.4000000000000001 0 0.8 2.2 3.6 0 0.2 0 0 0 0 0 0 0 0 0 0 0 0 0 0 2.6 0 0 2.8000000000000003 0 0 0 1.8 0 0 0 0 0 0.2 0 0 0 0 0 0 0 0 0 0 0 0 0 0 0 0 0 0 0 0 0 0 0 0 0 0 0 0 0 0 0 0 0 0 0 0 0.4 0.4 2 0.2 0.4 0.8 0 0 0 0 2.2 0 0 0 0 0 0 0 0 0 0 0 0 1.8 0 0 0 0 0 3.8000000000000003 0 0 0 0 
