 0 19.400000000000002 57.800000000000004 30.400000000000002 47.2 49.6 26.200000000000003 8 4.2 4.4 7 41 27.6 79.60000000000001 8 34.2 5 6.6000000000000005 54.400000000000006 80 15 0 0 0.6000000000000001 0 0.2 0.4 0.6000000000000001 0 0 0 0 0 0 0.4 0 0 1 0 0 0 0.6000000000000001 0.4 0 0.2 0.4 0 0 0 13.4 0 0 0 0 0.4 0 0.6000000000000001 0 0.6000000000000001 0 0 0 0 0.6000000000000001 0 0 5.4 0 0 0.4 0 0.2 0 0.6000000000000001 0 7 0.6000000000000001 0 0 0 2.8000000000000003 5.4 1 3.4000000000000004 0.2 3.2 5.6000000000000005 1.4000000000000001 7 0.6000000000000001 3.2 2 5.2 6 7.800000000000001 1.2000000000000002 3.8000000000000003 0 2.6 0 0 0 0 0 0 0 0 0 0 0.4 0 0.4 0 0 0 0 0 0.2 0 0 0 0 0 0 0 0 0 0 0 0 0 0 0 0 0 0 0 0.2 0 0 0 0 0 0 0 0 0 0 0 0 0 0 0 0 0 0.2 0 0 0 0.2 0 0 3 2.6 0 1.6 3.8000000000000003 0 4.800000000000001 0.2 0 1.8 4.800000000000001 2.2 2.6 3.2 0 7.800000000000001 6.800000000000001 2.8000000000000003 0 0 0 0 0 0 0 0 0 0 0 2.8000000000000003 0.4 0 0 0 0 0 2 0 0 0 0 3 0 0 0 0 0 0 0 0 0 0 0 0 0 0 0 3.4000000000000004 0 0 0 0 0 0 0 0 0 0 3 4.2 0 0 0 0 0 0 0 0 0 0 0 0 0 0 0 0 0.4 0.2 0 1.8 0 0 0 0 0 0 0 0 0 0 0 0 0 0 0 0 0 0 0 0 0 0 0 0 0 3.4000000000000004 0 0 0 0 0 0 0 0 0 0 0 0 
 19.400000000000002 0 32.4 27 10.200000000000001 66.60000000000001 17.400000000000002 62 13.8 26 7.6000000000000005 6 11.600000000000001 7 14.200000000000001 25.400000000000002 23.200000000000003 23.200000000000003 6.800000000000001 17 0 0 0 0.2 0 0 0 0.6000000000000001 0 0 0 0.2 0 0 0 0.4 0 0.4 0 0 0 0.6000000000000001 1.2000000000000002 0 1.2000000000000002 0.4 0 0 0.4 0.6000000000000001 0.6000000000000001 0 0 0 0 0.2 0.6000000000000001 0 0.6000000000000001 0 0 0 0 0.4 0 0 0 0 0 0.4 0 0 0 10 0 0 0.2 0 0 0 3.8000000000000003 3.8000000000000003 4.6000000000000005 4.4 5.6000000000000005 3.6 2 6.6000000000000005 3.2 2.2 1.8 0.2 3.4000000000000004 0 3.6 5.6000000000000005 2.6 4.2 1.8 4.2 0 0 0 0 0 0 0 0 0 0 0 0 0 0 0 0 0 0 2.2 2.4000000000000004 0.4 0 0 0 0 0 0 0.2 0 0 0 0 0 0 0 0 0 0 0 0 0 0 0 0 0 0 0.4 0 0 0.4 0 3.4000000000000004 0 0 0 0 0 3.2 0 1.6 2.4000000000000004 0 7.6000000000000005 0 0 0 0 0.2 2.4000000000000004 0 0 0.2 2.4000000000000004 2.4000000000000004 5 1.6 5.4 2.6 2.8000000000000003 0 0.2 0 0 0 0.4 0 0 2.4000000000000004 0 0 0 0 2.8000000000000003 0.4 0 0 0 0 0 4 0 0 0 0 0 0 0 2.2 0 0 0 0 0 0 0 0 0 0 0 0 0 0 0 0 0 0 0 0 0 0 0 0 0 0 0 0 0 0 0 0 0 0 0 0 0 0 17.2 0 8.8 0 3.6 1.8 0 0 0 0 0 0 0 0 0 0 0 0 0 0 0 0 0 0 0 0 0 0 0 1.2000000000000002 0 0 0 0 0 0 0 0 0 0 0 0 0 0 
 57.800000000000004 32.4 0 42.6 15.200000000000001 9.600000000000001 14.8 23 26.200000000000003 47.6 5.800000000000001 25.8 12.8 72.4 27.8 45 7.800000000000001 8.6 40.400000000000006 23.200000000000003 0 1.2000000000000002 0.4 0.4 0.4 0.6000000000000001 0.8 0.6000000000000001 0.2 0.4 0.4 0 0 0 0 0 0.4 0.6000000000000001 0 0.4 0 0.6000000000000001 0.4 0.6000000000000001 0.8 0.4 0 0.6000000000000001 0.4 1.2000000000000002 1 0 0 0 0.2 0 0.6000000000000001 0 0.6000000000000001 0 0 0 0 0.6000000000000001 0 0.4 0 0.2 0.8 0.4 0 7 0 1.2000000000000002 1 11.200000000000001 0.8 0.2 0 0 0.4 12.8 3 0 2.6 3.4000000000000004 0 5 8.8 2.2 0 0 7.800000000000001 0.2 0 3.8000000000000003 2.8000000000000003 1.8 0 4.4 0 0 0 0 0 0 0 0 0 0 0 0 0 0 0 0 0 0.2 0 0 0 0 0 0 0 0 0 0 0 0 0 0 0 0 0 0 0 0 0 0 0 0 0 0 0 0 0.2 0.2 0 0 0 0 0 0 0 0 0 0 2.4000000000000004 0 5.2 0 3.2 3.4000000000000004 0 2.6 2.2 4 5.6000000000000005 0 0.4 0 3.8000000000000003 7.2 17 0 6.2 9 0.2 0.2 0 0 0 0 0 0 0 0 0 0 0 0 0 0 0 0 0 0 3.2 0 0 0 0 0 0 0 0 0 0 0 1.6 0 0 0 0 0 0 0 0 0 0.4 0 0 0 0 0 0 0 0 0 0 0 0 0 0 0 0 0 0 0 0 0 0 0 0 0.4 0 0 18.6 18.2 2 0.8 0.4 0 0 0 0.2 0 0 0 0 0 0 0 0 0 0 0 0 0 0 0 0 0 0 0 3.4000000000000004 3.4000000000000004 0 0 0 0 0 0 0 0 0 0 0 0 
 30.400000000000002 27 42.6 0 33.6 13 38.2 52 72.2 43.800000000000004 18.2 25 12.4 18.400000000000002 49.6 31.200000000000003 28.8 30.6 18.6 55.2 1.8 0 0 1 0 0 14.8 0.6000000000000001 0.6000000000000001 0 0.6000000000000001 0 17 34.800000000000004 0 14.8 0 1 14.8 25.6 0 0.6000000000000001 1.6 0 0.4 0.4 0 0 1.4000000000000001 0.6000000000000001 0.4 0 0.4 0 0 0 1 0.2 1.2000000000000002 0 0 0 0 0.6000000000000001 0 0 0 0 0 0.4 0 0 0 0.6000000000000001 0.2 0 0.6000000000000001 8.200000000000001 0 0 0 0 4.4 8.6 8.4 7 0 0 0 8.6 5.800000000000001 7.2 0 3 0 2.4000000000000004 2.4000000000000004 7.800000000000001 0 0 2.8000000000000003 0 0 0 0 0 0 0 0 4.4 0 0 0.8 0.8 2 3 0 0 5.6000000000000005 5.800000000000001 0 0.6000000000000001 0 0.4 0 0 0 0 0 0 0 0 0 0 0 0 0 0 0.4 0 0.4 0 0 6.4 1.6 0 0.2 0 0 0 0.4 0 0 0 0 0 0 0 0 0 0 1.2000000000000002 0 1.2000000000000002 4.2 0 0 7 0 0 8 1.8 0 4.2 0 3.4000000000000004 0 1.4000000000000001 0 0 0.2 0 0 0 0 0 4.800000000000001 0 3.4000000000000004 0 0 0 8 0.8 0 0 0 0 3.6 0.4 0 0 0 0 0 0 0 3.8000000000000003 0 0 0 0 0 0 3.8000000000000003 0.2 0 0 0 4 0 0 0 0 0 0 0 0 0 0 0 0 0 0 0 0 0 0 0 0 0 0 0 0 0 0 10.8 0 0.2 9.600000000000001 0.4 0.8 3.4000000000000004 0 0 0 0 0 0 0 0 0 0 0 0 0 0 0 0 0 0 0 0 0 0 1.8 0 0 0 0 0 0 0 0 0 0.4 0 0 0 0 
 47.2 10.200000000000001 15.200000000000001 33.6 0 24.400000000000002 9.200000000000001 56.2 21 23.8 46.400000000000006 46 57.6 16.6 34.800000000000004 24.200000000000003 20 53.2 16.400000000000002 13 14.600000000000001 21.8 0.4 0.4 0 0 14.600000000000001 23.8 0 0 0 0 14.8 15.8 0.2 14.600000000000001 0 0.4 72.4 0 0 0.6000000000000001 0.4 0 7.4 0.4 0 0 0.4 0.6000000000000001 0.4 0 0 0 0 0.4 0.6000000000000001 0 0.6000000000000001 0 0 0 0 0.6000000000000001 0 0 0 0 8.8 0.4 0 0 0 0.6000000000000001 0 0 0.6000000000000001 0 0 0 0 0 2.2 0 2 3.4000000000000004 0 0 1 6.4 0 6 0 0 0 2.2 0 0.8 0 0 0 2.2 0 0 0 0 4.6000000000000005 3 1.4000000000000001 8 2.2 0 2.4000000000000004 4.2 0.4 2.6 0 4.6000000000000005 2.8000000000000003 1.6 0 0 0 0 0 0 0 0.2 0.2 0 0 0 0 0 0 0 0 0 0 0 0 0 0 0 0 0 0 0 0 0 0 0 0 0 0 0 0 0 0 0 0.4 1.8 0 7.6000000000000005 0.4 3.2 0 2.2 0 3.6 2.8000000000000003 10.200000000000001 0 0.4 0 0.2 0.2 0 0 0 8 0 0 0 0 0.4 4.4 7 2.8000000000000003 0.2 0 0 6.800000000000001 0 7.2 2.4000000000000004 1.4000000000000001 4.800000000000001 3.4000000000000004 2.8000000000000003 0 0 0 0 0 0 0 0 0 0 0 0 0 0 0.4 0 0 0 0 0 0 0 0 0 0 0 0.4 0 0 0 0 0 0 0 0 0 0 0 0 0 0 2 0 0 0 0.8 0 0 0.4 19.200000000000003 0 2 0 0 0 0 0 0 0 0 0 0 0 0 0 0 0 0 0 0 0 0 0 0 0 4 2.6 0 0 0 0 0 0 0 0 0 0 0 0 0 
 49.6 66.60000000000001 9.600000000000001 13 24.400000000000002 0 18.6 8.200000000000001 10 43.400000000000006 25 46.800000000000004 48.2 51.6 25 12 13.8 34.6 14.4 57.400000000000006 0 14.600000000000001 0.2 0.4 0 0 30.200000000000003 0.6000000000000001 0 0 0.4 0 0 46 0.2 0.2 0 4 0 44.400000000000006 0 0.6000000000000001 0.6000000000000001 0 0 0.4 0 0 0.8 0.6000000000000001 0.6000000000000001 0 0 0 0 0.4 0.6000000000000001 0 0.6000000000000001 0 0 0 0 0.4 0 0.2 0 0 0 0.4 0 0 0 0.6000000000000001 0 1 0.4 0 0 0 0 3.8000000000000003 0 3.4000000000000004 4.6000000000000005 2.8000000000000003 0 0 0 8.8 6.800000000000001 0 0 0 0 4 0 6 0 0 3.6 0 4 2 0.2 0 4 4.2 7.2 5 0 0 4.2 4.2 10.200000000000001 3.2 0.8 4.2 5.2 0.2 0.2 0 0 0 0 0 0 0.2 6 0 0 0 0 0 0 0 0 0 0 0 1 0.2 0 1.6 2.2 0 0.2 0 0 0 0 0 0 0 0 0 0 0 0 0 0 0.2 3.6 3 5 2 0 0.2 2 4 4.2 3.2 0 0.4 0 0.4 6.800000000000001 0 0 0 0.6000000000000001 0 4.4 0 0 0.4 0.6000000000000001 0 2.4000000000000004 0 0 0 3.6 2.8000000000000003 1.4000000000000001 3 1.2000000000000002 3.8000000000000003 2.4000000000000004 0 0 2 0 0 0 0 0 0 0 3.2 0 0 0 0.8 0.4 0 0.2 0 0 0 0 0 0 0 0 0 0.4 0 0 0 0 0 0 0 0 0 0 0 0 0 0 0 0 0 0 0.2 0.4 0 0.6000000000000001 0.2 0.2 1.6 0.8 0 0 0 0 0 0 0 0.4 0 0 0 0 0 0 0 0 0 0 0 0 0 0 0 0 0 0 0 0 0 0 0 0 2 0 0 0 0 
 26.200000000000003 17.400000000000002 14.8 38.2 9.200000000000001 18.6 0 83.4 25.8 15 6.4 7.2 22 32.6 23.200000000000003 7.4 27.400000000000002 5.800000000000001 33 31.8 0.2 0 0 0.4 0 0 0 0.6000000000000001 0 0 0 0 0 0 0 0 0 16 0 0 0 0.6000000000000001 0.4 0 0.2 0.4 0 0 0.4 0.6000000000000001 0.4 0 0 0 0 0 0.6000000000000001 0 0.6000000000000001 0 0 0 0 0.6000000000000001 0 0 0 0 0 0.4 0 0 0 0.6000000000000001 0 0 0.6000000000000001 0.2 0 0 3.4000000000000004 2.2 0 0.2 0 0 4.800000000000001 0 0 1 0 0 2.6 3.2 3.8000000000000003 0 7.6000000000000005 0 2.8000000000000003 5 0.2 0 0 0 0 0 0 0 0 0 0 0 7.800000000000001 0 0 0 0 0 0 0 0 0 0 0 0 0 0 0 0 0 0 0 0 0 0 0 4.2 0 0 0 0 0 0 0 0 0 0.4 0 0 0 0 0 0.2 0 0 0 0 0 0 0 3 6 2.6 0 0 0 0.4 2.4000000000000004 0 4.4 1.8 0 0 1.6 0 2.6 0 0 0.2 1.6 0 0 0 0 0 0 0 0.2 0 0.4 0 0 0 0 0 0 0 0 0 0 0 0 0 0 0 0 0 0 0 0 0 0 0 0 0 0 0 0 0 0 0 0 0 0 0 0 0 0 0 0.4 0 0 0 0 0 0 0 0.2 0 0 0 0 0 0 0 0.4 17.8 0 0.2 0 0 0.8 0 0 0 0 0 0 0 0 0 0 2.8000000000000003 0 0 0 0 0 10.200000000000001 0 0 0 0 0 0 0 0 0 0 0 0 0 0 0 0 0 0 0 0 0 
 8 62 23 52 56.2 8.200000000000001 83.4 0 44.400000000000006 28.200000000000003 6.2 28.6 16.2 13.600000000000001 40.6 10.8 26.8 10.600000000000001 32.6 26.200000000000003 0 15.200000000000001 1.4000000000000001 1.2000000000000002 0.4 0.2 0 0.6000000000000001 0 0.2 0.8 0.2 0.4 0.6000000000000001 0 0 0.6000000000000001 0.4 0.6000000000000001 0 0 1.2000000000000002 1.4000000000000001 0 0.2 0.4 0 12.600000000000001 0.4 0.6000000000000001 0.4 0 0 0 0 0 0.6000000000000001 0.6000000000000001 0.6000000000000001 0.4 0 0.6000000000000001 0 0.6000000000000001 0 0 0.4 0.8 0 0.6000000000000001 9.4 0 0 0.6000000000000001 0.2 0.6000000000000001 2 6 0.8 0 0.4 2.8000000000000003 2.6 2.8000000000000003 0 1.6 0 1.8 0 4.4 2.8000000000000003 0 3.4000000000000004 1.8 4.2 2 6 3.6 0 2.2 0 0 0 0 0 0 0 0 0 0 0 3 0 0 0 0 0 0 0 1.6 0 0 0 0 0 0 0 0 0 0 0 0 0 0 2.8000000000000003 0 0 0 0 0 0 0.2 0 0 0 0 0 0 0 0 0 0.4 0 0 0 0 0 0 0 0.4 3.6 2.2 3.6 0.2 0 2.2 0 2.2 2 11.200000000000001 2 0 0 1.6 0 0 5.4 0 0 0 0.4 0 0 0 0 0 0.4 1.8 0 0 0 0 0 0 0 0 0 0 0.2 1.8 0 0 0 0 0 0 0 0 0 0 0 0 0 0 0 0 0 0 0 0 0 0 0 0 0 0 0 0 0 0 0 0 0 0 0 0 0 0 0 0 0 0 0 0 0 0 18.2 0 0.2 0 0 1.2000000000000002 0.4 0 0 0 0 0 0 0 0 0 2.8000000000000003 0 0 0 0 0 0 0 0 0 0 0 0 0 0 0 0 0 0 0 0 0 0 0 0 0 0 0 
 4.2 13.8 26.200000000000003 72.2 21 10 25.8 44.400000000000006 0 39.400000000000006 10 54.2 17 18.400000000000002 19.200000000000003 38.800000000000004 27.200000000000003 36.800000000000004 45.6 54.6 15.200000000000001 0.4 0 0.2 0 0.4 0 0.6000000000000001 0 0.2 1.4000000000000001 0 12.8 0 1.2000000000000002 0.2 0 0.6000000000000001 0.4 0.4 0 1 1.6 12.4 0 0.4 0.2 1.2000000000000002 0.6000000000000001 0.8 2.2 0 0.4 0.6000000000000001 0 0 0.4 0 0.6000000000000001 0.6000000000000001 0 0 0 0.4 0.2 0 0 0.2 0 0.4 0 0 0 0.6000000000000001 0.2 0 0.6000000000000001 0 0 0.6000000000000001 0 6.6000000000000005 3.6 0 4.4 5.800000000000001 0 7.4 0 2.8000000000000003 1 4.4 0 2.2 0.6000000000000001 1.8 1 3.2 0 0 0 0 0 0 2.2 0 0 0 1 0 0 0 0 4 0.2 0 0 0 0 4.4 0 0 0 0 0 0 6 0.2 0.2 0 3.4000000000000004 0 0 0 0 3.6 0 0 0 0 0 0 1.6 0 0 0 0.4 0 0 0 0 1.2000000000000002 0 0 0 0 0 0 0 1 5.4 2.4000000000000004 0.2 3 1.4000000000000001 9.600000000000001 8.8 4.6000000000000005 0 4.2 1.2000000000000002 0 0 6.2 3 2.4000000000000004 4.4 2.4000000000000004 0 0.4 0 0 0 0 0 0.4 3.4000000000000004 7.6000000000000005 0 0 0 0 0 0 2.6 0 0 0 3.6 5.6000000000000005 0 0 0 0 0 0 0 0 0 0 0 0 0 0 0.4 0 0 0 0 0 0 0 0 0 0 0 0.4 0 0 0 0 0 0 0 0 0 0 0 0 0 0 0 0 0 0 0 18 0 0.2 17.6 0.2 1 0 0 0 0 0 0 0 0 0 0 3.6 0 0 0 0 0 0 0 0 0 0 0 0 0 0 0 0 0 0 0 0 0 0 0 0 0 0 0 
 4.4 26 47.6 43.800000000000004 23.8 43.400000000000006 15 28.200000000000003 39.400000000000006 0 41.800000000000004 13 10.600000000000001 14.200000000000001 23.200000000000003 32.800000000000004 47.2 12.200000000000001 82.4 59 0.4 0 0 0.8 0.4 0 0 0.6000000000000001 0.4 0 0.4 0 14.8 0 0 0 0.4 0.4 15.200000000000001 4.4 0 0.6000000000000001 0.4 0 0 0.4 0 0 0.2 0.6000000000000001 0.4 0 0 0 0.4 0 0.6000000000000001 0 0.6000000000000001 0 0 0 0 0.6000000000000001 0 0 0 0 0 0.4 0 0 0 0.6000000000000001 0 0 0.6000000000000001 0 0 12.600000000000001 2 0.2 0 8.200000000000001 3.8000000000000003 3.2 0 4.2 0.4 4.6000000000000005 3.4000000000000004 0 0 0 0.2 4.4 3.6 4.800000000000001 0 0.2 0 0 0 0 0 0 0 0 0 0 0 0 2 0 9 0.6000000000000001 0 0 2.4000000000000004 0 0 0 0 0 0 0 0 0 0 0 0 0 0.4 0 0 0 0 0 0 0 0 0 0 1 0.6000000000000001 0 0 0.4 0 0 0 0.6000000000000001 0 0 0 0 0 0 0 0 4.2 0 3.8000000000000003 0 4.800000000000001 0 0 2.4000000000000004 1.6 0 3.4000000000000004 0 2.6 2.6 3 0 7 0.2 0 0.6000000000000001 0.8 0 0 0 0 0 0 0 0 0 4.4 0 2.8000000000000003 1.6 0 0 0 0 0 2.6 0 0.2 0 0 0 0 0 0 0 0 0 0 0 0 0 0 0 0 0 0 0 0.2 0 0 0 0 0 0 0 0 0 0 0 0 0 0 0 0 0 0 0 0 0 0 0.4 0 17.400000000000002 0 0.4 9.4 0 0.6000000000000001 0 0 0 0 0 0 0.4 0 0 0 0 0 0 0 0 0 0 0 0 0 0 0 0 7.800000000000001 2.2 0 0 0 0 0 0 0 0 0 0 0 0 0 
 7 7.6000000000000005 5.800000000000001 18.2 46.400000000000006 25 6.4 6.2 10 41.800000000000004 0 74.8 9.4 12.4 9.8 30.8 79 63.6 9.200000000000001 55.400000000000006 15 30 0 0.2 0 0.2 21 17.8 0 0 0 0.4 0.4 45.6 2.6 0 41.6 0.4 15.200000000000001 29.400000000000002 0.2 0.6000000000000001 0.6000000000000001 0 0 0.4 0 0 0.6000000000000001 0.6000000000000001 0.6000000000000001 0 0 0 0 0.4 0.4 0 0.6000000000000001 0 0 0 0 0.4 0 0 0 0 7.2 0.4 0 0.8 0 0.6000000000000001 0 0 0.4 0 0 0 0 2.6 1.2000000000000002 0 4.4 3.4000000000000004 0 0 0 3.6 3.6 8 0 0 0 2.2 0 2.8000000000000003 0 0 0.8 0 0 0 0 0 3.8000000000000003 4 2.2 12.600000000000001 0 0 11.4 13.200000000000001 7.800000000000001 4.2 0 1.8 7.4 2.4000000000000004 0 0 0 0 0 0 0 0 2.8000000000000003 0 0 0 0 0 0 0 0 0 0 0 0 0 0 1.2000000000000002 1.2000000000000002 0 0.2 0 0 0 0 0.2 0 0 0 0 0 0 0 0 0.8 0 0 6.4 15.600000000000001 0 0 0 0 0 3.8000000000000003 5.2 0 0 1.2000000000000002 0 0 0 0 0 5.6000000000000005 0 0 0 0 0 5.4 3.8000000000000003 2.6 0 8.4 0 3 1.6 11.4 1.8 1.6 0 1.4000000000000001 0.8 1.4000000000000001 0 0 0 0 0 0 0 0 0 0 3 0 0 2.4000000000000004 0 0 0 0 0 0.2 0 0 0 0 0 0 0 0 0 0 0 0 0 0 0 0 0 0 0 0 2 0.4 0 0 0 0.8 0.2 0.2 0 0.4 0.4 0 0 0.4 0 0 0 0 0 0 0 0 0 0 0 0 0 0 0 0 0 0 0 0 0.4 3 0 0 0 0 0 0 0 0 0 0 0 0 0 
 41 6 25.8 25 46 46.800000000000004 7.2 28.6 54.2 13 74.8 0 6.2 9.200000000000001 20.200000000000003 83.60000000000001 98.4 14.4 54.800000000000004 26.400000000000002 0.4 3.4000000000000004 0.8 0.4 0.6000000000000001 0.2 7.2 0.6000000000000001 0 1.6 0 0 14.8 8 14.600000000000001 0 0 3.8000000000000003 14.8 0 0 0.6000000000000001 0.4 0 0.4 0.4 0.4 0 0.4 0.6000000000000001 0.4 0 0 0.2 0 0.2 0.6000000000000001 0 14.8 0 0 0 0 0.6000000000000001 0.6000000000000001 0 0.2 0 0 1 1.2000000000000002 0.6000000000000001 0 0.6000000000000001 0 0 1.2000000000000002 0.6000000000000001 0 0 0.4 4 2.4000000000000004 7.6000000000000005 2.2 4.6000000000000005 0.2 2.2 0.2 5.6000000000000005 9.200000000000001 3 0 2.6 0.2 2 0 7.800000000000001 0.2 0 5 0 3.2 0.2 0 0 0 0 0 0 1.6 0 2.6 0.2 2.8000000000000003 0 0 8.8 3.8000000000000003 3.4000000000000004 0 0 0 0 0 0 0 0 3.4000000000000004 0.4 0 0 0.4 0 0 0 0 0 0 0 0 0 0.4 0 0 0 0 0 0 0 0 0 0 3.4000000000000004 0 0 0 0 0 1.8 0.4 1.4000000000000001 0.2 4.6000000000000005 6.2 4.6000000000000005 0 2.8000000000000003 0 2.4000000000000004 0.2 3.4000000000000004 2.8000000000000003 0 0 4.6000000000000005 0 1 0 0 0 0 0 0 0 0 7.2 0 0.2 0 0 0 2.6 0 0 0 0 0 4.4 3.4000000000000004 0 0 0 0 0 0 0 2.2 0 0 0 0 0 0 0 0 0 0 0 3 0 0 0.2 0 0 0 0 0 0 0 0 0 0 0 0 0 0 0 0 0 0 0 2.8000000000000003 0 0 0 0.4 0.4 1.4000000000000001 0 1.2000000000000002 2.8000000000000003 0 0 0 0 0 0 0 0 0 0 0 0 0 0 0 0 0 0 0 0 0 0 0 0 0 0 0 0 0 0 0 0 0 0 0 0 0 0 
 27.6 11.600000000000001 12.8 12.4 57.6 48.2 22 16.2 17 10.600000000000001 9.4 6.2 0 36.4 9.600000000000001 9.200000000000001 7.800000000000001 6.4 29.200000000000003 12.200000000000001 0.6000000000000001 0.4 0.2 0.4 0 0 0.4 0.6000000000000001 0 0.8 0 0.4 0 0.4 0 0 0 0.4 0.4 0 0 0.6000000000000001 0.4 0 0 1.6 0 0 0.2 0.6000000000000001 0.2 0 1.2000000000000002 0 0 0 0.6000000000000001 0 0.6000000000000001 0 0 0 0 0.6000000000000001 0 0 12.200000000000001 0 0 0.4 0 0 0 0.6000000000000001 0 0 0.6000000000000001 0 0 0 7 2 0 0 0 0.2 7.2 2.4000000000000004 4.6000000000000005 0 0 0 0.4 5.4 6.2 0 3.8000000000000003 0 4 0 0 0 0 0 0 0 0 0 0 0 0 3 0 0 0 0 0 0.4 0 0 0 0 0 0 0 0 0 1 0 0 0 0 0 0 0 0 0 0 0 0 0 0 0 0 0 0 0 0 0 0 0 0 0 0 0 0 0 0 0 0 0 0 0.6000000000000001 0 0 0 6.2 0 0.4 0 0 0 0 0 0 2.8000000000000003 0.8 0 16 5 0 0 0 0 0 0 0 0 0 0 0 0 0.2 0 0 0 0 0 0 0 0 0 0 0 0 0 0 0 0 0 0 0 0 0 0 0 0 0 0 0 0 0 0 0 0 0 0 0 0 0 0 0 4.4 0 0 0 0 0 0 0 0 0 0 0 0 0 0 0 0.8 0 0 2.6 0 0 0 0 0 0 0 0.2 0 0 0 0 0 0 0 0 0 0 0 0 0 0 0 0 0 0 0 0 0 0 0 0 0 0 0 0 0 0 
 79.60000000000001 7 72.4 18.400000000000002 16.6 51.6 32.6 13.600000000000001 18.400000000000002 14.200000000000001 12.4 9.200000000000001 36.4 0 14.200000000000001 50.2 11.8 5 66.60000000000001 35 0 0 0 0.2 0 0 0 0.6000000000000001 0 0 0 0 0 0 0 0 0 0.4 0 0 0 0.6000000000000001 0.6000000000000001 0 0 0.4 0 0 0.4 0.6000000000000001 0.6000000000000001 0 0 0 0 0 0.6000000000000001 0 0.6000000000000001 0 0 0 0 0.4 0 0.2 6.2 0 0 9.600000000000001 0 0 0 10.4 0 6 0.4 0 0 0 6.2 6.6000000000000005 0 2 0 0 12.8 2 2.4000000000000004 2.4000000000000004 2.2 0 0 5.800000000000001 12 0.2 2.8000000000000003 0 0 2 0 0 0 0 0 0.4 0 0 0 0 0 0 0 0 0 0 0 0 0 0 0 0 0 0 0 0 0 0 0 0 0 0 0 0 0 0 0 0 0 0 0 0 0 1 0 0 0 0 0.4 0 0 0 0 0 0 0 0.4 0 0 1 0 2.8000000000000003 2 2.8000000000000003 0 2.8000000000000003 0.2 0 0.6000000000000001 2 4 1.8 5.4 1.8 4 5.6000000000000005 0 0 0 4.4 0 0 0 0.4 0 0 0 0 0 0 0 0 0 0 0 0 0 0 2.6 0.4 9 0 0 0 0 0.2 0 0 0 0 0 0 0 0 0 0 0 0 0.2 0 0 0 0 0 0 0 0 0 0 0.2 0.2 0 1.2000000000000002 0 0 0 0 0 0.2 0 0 0 0 0 0 0 0 0 0 0.4 0.4 0.8 0 0 0 0 0 0 0 0 0 0 0 0 0 0 0 0 0 0.4 0 0 0 0 0 0 0 0 0 0 0 0 0 0 0 0 0 0 0 0 
 8 14.200000000000001 27.8 49.6 34.800000000000004 25 23.200000000000003 40.6 19.200000000000003 23.200000000000003 9.8 20.200000000000003 9.600000000000001 14.200000000000001 0 21.400000000000002 21.8 19.8 38.800000000000004 19.6 0 0 0 0.6000000000000001 0 0 0.2 0.8 0 0 0 0 0.4 14.8 0 5.800000000000001 0.4 0.8 16.2 0 0.4 0.6000000000000001 1.2000000000000002 0 2.8000000000000003 2.2 0 0 0 0.6000000000000001 0.6000000000000001 0.2 12.600000000000001 0 0.2 0.2 0.4 1.2000000000000002 0.6000000000000001 0 0 0 0 0.4 0 0 9.4 0.6000000000000001 0.2 0.4 0 0 0.4 0.6000000000000001 0 0 0 1 0 0 3.6 2.6 3 7.4 2 6.2 1.8 2.4000000000000004 1.6 4.800000000000001 0 0.2 1.6 1 0 0 5.6000000000000005 9.4 2.2 2.8000000000000003 0 0 0 0 0 0 0 0 0 0 0 0 0 0 0 0 0 0.4 0 0.2 0 0 0 0 0 0 0 0 0 0 0 0 0 0 0 0 0 0 0 0 0 0 0 0 0 0 0 0 0 0 0 0 0 0 2.6 0 0 0 0 0 6.6000000000000005 9.200000000000001 5.800000000000001 2 0 3.6 0.2 14.4 0.4 3.6 0.8 0.2 2.6 0.2 0 2.4000000000000004 3.4000000000000004 0 0 3.8000000000000003 0.2 0 0 0 0 0 5 0 0 0 0 0 0.2 0 0 0 0 1.6 0.2 0 0 0 0 0 0 0 0 0 0 0 0 0.8 0 0 0 0 0 0 0 0 0.2 0 0 0 0 0 1.6 0 0 0 0.8 0 0 1.2000000000000002 0 0 0 0 0 0 0 0 0 0 0 0.4 17.2 0.4 0.4 0.8 0.4 3.2 0 0 0 0 0 0 0 0 0 0 0 0 0 0 0 0 0 0 0 0 0 0 0 0 2.4000000000000004 0 0 0 0 0 0 0 0 0 0 0 0 0 
 34.2 25.400000000000002 45 31.200000000000003 24.200000000000003 12 7.4 10.8 38.800000000000004 32.800000000000004 30.8 83.60000000000001 9.200000000000001 50.2 21.400000000000002 0 26.6 80.4 67 15.600000000000001 15.200000000000001 0 0.2 0.2 0 0 15.200000000000001 0.6000000000000001 0 0 0 0 17.8 0 0.4 0.6000000000000001 0 0.4 14.600000000000001 0.6000000000000001 0.4 1 1 0 0 0.8 0 0.6000000000000001 0 1.2000000000000002 1.2000000000000002 0 0 0 0.4 0.4 0.6000000000000001 0 0.6000000000000001 0.6000000000000001 0 0 10 0.4 0 0.2 0 0 0 0.4 0 0.2 0 0.6000000000000001 0 8.4 0.6000000000000001 0 0 0.4 0.2 6.2 3.2 2 5 6 0 3 6.4 0.4 9.200000000000001 2.8000000000000003 6 0.2 0 9 0 1.8 0 4.4 0 0 0 0 0 0 4.6000000000000005 0 0 0 0.2 0 0.4 3.4000000000000004 0 0 0 0 5.2 4.2 0 0 0 0 0 0 0 0 0 0 0 0 0 0 0 0 0.4 0 0 0 0 0 0 0 0 0 0.2 0 0 0 0 0 0 0 0 0 0 0 0 0.6000000000000001 3.2 0 5.4 5.2 1.6 3.4000000000000004 2.6 0 13.600000000000001 0 0 3 9.8 3.2 5.6000000000000005 10 5.2 5.6000000000000005 0 0 1 0.2 0 0 0 0 4.6000000000000005 3.2 0.6000000000000001 0 0 0 2.6 0 0 0 0 0 7.800000000000001 5.6000000000000005 0 0 0 0 0 0 0 0 0 0 0 0 0.4 0 0 0 0 0 0 0 0 0 0 0 0 0 0 0 0 0 0 0 0.2 0 0 0 0 0 0 0 0 0 0 0 0 0 0 0 0.4 0.2 0.2 0.8 0 0 0 0 0 0 0 0 0.2 0 0 0 0 0 0 0 0 0 0 0 0 0 0 0 8.6 4.4 0 0 0 0 0 0 0 0 0 0 0 0.2 
 5 23.200000000000003 7.800000000000001 28.8 20 13.8 27.400000000000002 26.8 27.200000000000003 47.2 79 98.4 7.800000000000001 11.8 21.8 26.6 0 38 6.800000000000001 7.800000000000001 18.400000000000002 0 0 0 0 0.2 19.400000000000002 0 0.4 0.2 8 0 30.400000000000002 0 0.8 0 0 0 14.8 14.600000000000001 0 1 1 0 0 0 0.6000000000000001 0 0.4 0 0 0 0 0 0 0 0 0 0 0.8 0 0 0 0 0 0.6000000000000001 0 0 0 0 0 1.2000000000000002 0 0 0 0 0.4 0.8 0 0 3 0 4.2 3.2 1.6 5.4 0 0 0 8.200000000000001 3.8000000000000003 5.2 1 2.2 0 6.6000000000000005 4.4 11.200000000000001 0 0.4 0 0 0 0 0 0 0 1 0 0 0 0 0.4 5 2 0 0 0 7.800000000000001 5.6000000000000005 0 0 0 0 0 0 0 0 0 0 0 0 0 0 0 0 0 0 0.4 0 0 0 0 0 0 0 0 0 0 0 0.4 0.2 0 0 0 0 0 0 0.4 0 3.6 2.4000000000000004 3.6 1.8 3.6 7 1.2000000000000002 3.4000000000000004 2 8 4.2 0 0 2.8000000000000003 0 2.4000000000000004 6.4 0 0 0 2 0 0 0 0 0 3.4000000000000004 4.6000000000000005 2.8000000000000003 0 0 0 4 0 0 0 0 0 3.6 6.6000000000000005 0 0 0 0 0 0 0 0 0 0 0 0.2 0 0 0 0.4 0 0 0 0 0 0 0 0 0 0 0 0.2 0 0 0 0 0 0 0 0 0 0 0 0 0 0 0 0 0 0 9 0 0 0.2 0.2 3.2 0 0.4 0.4 0 0 0 0 0 0 0.4 1.8 0 0 0 0 0 0 0 0 0 0 0 0 2.2 4.2 0 0 0 0 0 0 0 0 0.4 0 0 0 0 
 6.6000000000000005 23.200000000000003 8.6 30.6 53.2 34.6 5.800000000000001 10.600000000000001 36.800000000000004 12.200000000000001 63.6 14.4 6.4 5 19.8 80.4 38 0 8.8 5.4 3.4000000000000004 0.4 0.4 0.4 0.2 0 24.8 0.6000000000000001 0 0.4 0 0 29.8 12.4 0 0 0 0.4 16.400000000000002 0 0 0.6000000000000001 0.4 0 0 0.4 0 0 13.200000000000001 0.6000000000000001 0.4 0 0 0 0 0.2 0.6000000000000001 0 0.6000000000000001 0.2 0 0.2 0 0.6000000000000001 0 0 0 0 0 0.4 0 0 0 0.6000000000000001 0 0 0.6000000000000001 0 0 0 0 3 0.8 0 1.2000000000000002 2 0 1.8 0 0 7 9 0 0 2.2 3.8000000000000003 0 4.4 0 0 1.8 0 0 0 0 0 4.4 0 5 0 0 0 0.2 2 8.200000000000001 0 0 5.4 3 15.4 0 0 0 0 0 0 0 0 5.4 0 0 0 0 0 0 0 0 0 0 0 0 0 0 0 0.2 0 0 0 0 0 0 0.4 0 0 0 0 0 0 0 0.4 0.4 4.6000000000000005 0 4.800000000000001 1.2000000000000002 3.2 0.2 1.2000000000000002 0 0 3.4000000000000004 4.4 0 0 0 0 2.6 0 0 0 6.6000000000000005 0 0 0 0 0 3.6 4.2 1.8 0 0 0.4 4 0 3.8000000000000003 2.2 2 0 2.6 7.6000000000000005 0 0 0 0.2 0 0 0 0 0 0 0 0 0 0 0 0 0 0 0 0 0 0 0 3.2 0 0 0 0 0 0 0 0 0 1.6 0 0 0 0 0 0 0 3.6 0 0 0 0 0 0 0.2 18 0.2 4.2 2.4000000000000004 0 0 0 0 0.4 0 0 0 0 0 0.2 0 0 0 0 0 0 0 0 0 0 0 1.4000000000000001 3 0 0 0 0 0 0 0 0 0 0 0 0 0 
 54.400000000000006 6.800000000000001 40.400000000000006 18.6 16.400000000000002 14.4 33 32.6 45.6 82.4 9.200000000000001 54.800000000000004 29.200000000000003 66.60000000000001 38.800000000000004 67 6.800000000000001 8.8 0 70.8 0.4 0 0 0.4 0 0 0 0.6000000000000001 0 0 0.2 0 0 0 0 0.4 0 0.4 0.2 0 0 0.6000000000000001 0.4 0 0 0.4 0 0 0 0.6000000000000001 0.4 0 0 0 0.4 0 0.6000000000000001 0 0.6000000000000001 0 0 0 0 0.6000000000000001 0 0 0 0 0 0.4 0 0 0 0.6000000000000001 0 0 0.6000000000000001 0 0 0 0 3.4000000000000004 1.6 3.4000000000000004 4.6000000000000005 2.8000000000000003 0 5 1.4000000000000001 0 0.2 0 3 0 2.6 0 1.6 10.8 0 9.4 0.4 0 0 0 0 0 0 0 0 0 0 0 0 0 0 0 1.6 0 1 0 0 0 0 0 0 0 0 0 0 0 0 0 0 0 0 0 0 0 0 0 0 0 0 0 0 0 0.2 0 0 0 0 0 0.4 0 0 0 0 0 0 0 13.4 0 0 0 0 1.4000000000000001 2 5.2 2.2 3.8000000000000003 4 0 0 4.800000000000001 7.4 0 0 2.6 3.2 4.2 0 0 0 0 0 0 0 0 0 0.2 0 0 0 0 0 0 0 0 0.2 0 0 0 0 0 0 0 0 0 0 0 0 0 0 0 0 0 0 0 0 0 0 0 0 0 0 0 0 0 0 0.2 0 0 0 0 0 0 0 0.4 2.2 0 0 0 0 0 0 0.2 0 0.4 0 0 0 1.2000000000000002 0 0 0 0 0 0 0 0 0 0 0 0 0 0 0 0 6.6000000000000005 0 0 0 0 0 0 0 9 2.8000000000000003 0 0 0 0 0 0 0 0 0 0 0 0 
 80 17 23.200000000000003 55.2 13 57.400000000000006 31.8 26.200000000000003 54.6 59 55.400000000000006 26.400000000000002 12.200000000000001 35 19.6 15.600000000000001 7.800000000000001 5.4 70.8 0 0 0 0.4 0.2 0.4 6.6000000000000005 0 0.6000000000000001 0.4 0 0 0 0.6000000000000001 0 0.2 0 0.4 0.4 0.8 0.4 0.2 0.6000000000000001 0.6000000000000001 0 1.4000000000000001 0.4 0 0 0.6000000000000001 0.6000000000000001 0.6000000000000001 0 0.6000000000000001 0 0.4 0 1.2000000000000002 0 0.6000000000000001 0.6000000000000001 0 0 0 1 0 0.6000000000000001 0 0 0 0.4 0 0 0 0.6000000000000001 0.4 0 0.4 0 0 0 0 3.4000000000000004 2.8000000000000003 1.8 0 2.8000000000000003 3.2 2 2.2 0 1.8 0 8 0.2 0 0 0 0 2 4 0 0 0 0 0 0 3 0 0 0 0 0 0 0 0 0 0 0 0 0 0 0 0 0 0 0 0 0 0 0 0 0 0 0 0 0 0 0 0 0 0 0 0 0 0 0 0.2 0 0 0 0 0 0 0 0 0 0 3.2 0 0.2 0 0.2 0.6000000000000001 3.6 0 3.8000000000000003 0 0 0 1.4000000000000001 0 2 19.8 2.2 0 5.4 0 5.4 5.800000000000001 1.4000000000000001 0 0 0 0 0 0 0 0 0 0 0 0 0 0 0 0 0 0 2 0 0 0 0 0 0 0 0 0 0 0 0 0 0 0 0 0 4 0 0 0 0 0 0 0 0 0 0 0 0 0 0 0 0 0 0 0 0 0 0 0 0 0 0 0 0 0 0 0 0.2 0 0 2.6 0 0 0 0 0 0 0 0 0 0 0 0 0 0 0 0 0 0 0 0 0 0 0 0.2 0 3.8000000000000003 0 0 0 0 0 0 0 0 0 0 0 0 
 15 0 0 1.8 14.600000000000001 0 0.2 0 15.200000000000001 0.4 15 0.4 0.6000000000000001 0 0 15.200000000000001 18.400000000000002 3.4000000000000004 0.4 0 0 105.60000000000001 28.6 39.2 5.800000000000001 9.600000000000001 64.4 102.2 26 7 6.4 5 71.4 14 44.2 67.60000000000001 4.6000000000000005 49.800000000000004 22.8 13 0.4 0.4 0.6000000000000001 0.8 0.6000000000000001 0.6000000000000001 0 0 0.8 0.8 0.2 0 1.2000000000000002 0.8 0.2 1 0.6000000000000001 0 0.6000000000000001 0.8 0.4 0 1.2000000000000002 0.4 0 0 0 0.2 0 0 0 0 0 0 0.4 0.4 0 0 0 0.6000000000000001 0 0 0 7 2 2.2 0 0 0 0 2.8000000000000003 3.6 0 0 0 2.2 0 3.6 0 0 0 9.4 7.2 0 1.4000000000000001 4.800000000000001 7 5 0 4 1.2000000000000002 1.8 4.6000000000000005 7.2 1.4000000000000001 0.6000000000000001 5.2 8.8 2 2.8000000000000003 0 0 0 0 0 0 0 0 0 0 0 0 0 0 0 0 0 0 0 0 0 0 0 0 0 0 0 0 0 0 0 0 0.4 0 0 0 0 0 0 0 0 0 0 1.6 1.4000000000000001 0 0 0 4 0 0 0 0 0 3 0 0 0 0 0 7.800000000000001 4 0 5.2 0 10.600000000000001 5.4 6.800000000000001 1.8 5.2 0 10.200000000000001 0.2 0 5 4 0.6000000000000001 1.6 2.2 0 0 0 0 0 0 0 0 0 0 0 0 0 0.2 0 0 0 0 0 0 0.2 0 0 0 0 0 0 0 0 0 0 0 0 0 0 0 0 0 0 0 0 0 0 0.6000000000000001 0 0 0 0 0 0 0 0 0 0 0 4 0 0 15.600000000000001 15.4 0 0.6000000000000001 0 0 0 0 0 4.2 0 0 0 0 0 0 0.4 0 0 0 0 0 0 0 0.4 0 0 0 0 1.4000000000000001 0 0 0 
 0 0 1.2000000000000002 0 21.8 14.600000000000001 0 15.200000000000001 0.4 0 30 3.4000000000000004 0.4 0 0 0 0 0.4 0 0 105.60000000000001 0 43 12.600000000000001 10.200000000000001 14.4 24.8 38.800000000000004 10.200000000000001 8 30.8 11.200000000000001 15.8 35.800000000000004 87.60000000000001 89.60000000000001 25.8 7.800000000000001 77.80000000000001 8.4 0.4 0 0 0 0 0 0 0.4 0.4 1 0.4 0 11.600000000000001 1.4000000000000001 0 0.4 0.2 0 18 0.6000000000000001 0.2 0 2.2 0.4 0 1.4000000000000001 0 0 0 0 0.4 0.2 0 0 0 0.4 0.4 0 0 0.4 0 0 0.2 0 2.2 0 0 0 0.4 0 2.8000000000000003 0 0 0 0 0 1.8 2.6 0 0 2.2 4.6000000000000005 2.2 1.4000000000000001 0 4.2 1.8 2.4000000000000004 4.2 13.8 2.2 1.6 1.8 0 2.6 6.800000000000001 0 9 1.6 0 2.4000000000000004 1.6 0 0 0 0 0 0 2.6 0 0 0 5.2 0 8.8 0.2 0 0 2.8000000000000003 0 0 0 0 0.6000000000000001 0 0 0 0 0 0 0 0 0 0 0 0.2 0 0 0 0 0 0 0 1.4000000000000001 1.6 0 0 0 0 0 0 2.8000000000000003 0 0 0 0 0.2 0 0 1.8 3.4000000000000004 0 5.4 2.4000000000000004 0.4 2.8000000000000003 4.800000000000001 10.200000000000001 10 3 11 0.8 2.8000000000000003 2 1.8 6.6000000000000005 0.6000000000000001 4 0 0 0 1.6 0 0 0 0 1.8 0 0 0 0 0 4.2 1.2000000000000002 0 0 0 0 0 0 0 0 0 0 0 3 0 0 0 0 0 0 0 0 0 0 0 0 0.4 0.4 0 0 2.2 0 0 0.2 0 0 0 0 0 0 0 0 2.2 0 0.2 0.2 0 0.4 0.2 0 0 0 0 0 0 0 0 0 0 0.2 0 0 0 0 0 0 0 0 0 0 0 0 0 2 0 0 0 0 
 0 0 0.4 0 0.4 0.2 0 1.4000000000000001 0 0 0 0.8 0.2 0 0 0.2 0 0.4 0 0.4 28.6 43 0 40 71.2 114.2 28.200000000000003 49.800000000000004 25 41 29.400000000000002 9.8 28.200000000000003 9 31.400000000000002 39.400000000000006 144.20000000000002 15.200000000000001 64.2 53.6 0.4 0 0 0.2 0 0 11.8 0 0.2 1 0 0.2 0.6000000000000001 0.2 0.2 0 0 0 13.8 11.8 0 0 0.8 0 0 0.4 0 0 0 0 0 1.8 0 0 0 0.4 0 0 0 0.6000000000000001 0 0 0 0 0 0.4 0.4 0 0 0 0 0 0 0 0 0 0 0 0.4 0 0 12.600000000000001 3 0 2.4000000000000004 0.2 1.8 2 2.6 5.4 6.800000000000001 0 0 0 0 2.4000000000000004 5.6000000000000005 2.6 0 0 2.6 2.8000000000000003 1.2000000000000002 0 0 0 3.8000000000000003 0 0 0 0 0.2 4.800000000000001 0 2.4000000000000004 0 0 0 0 5 0 0 0.4 0 0.2 0 0 0 0 0 0 0 0 0 0 0 0 0 0 0 0 0.6000000000000001 0 0.8 0 0 0 0 0 0 0 0 0.6000000000000001 0 0 0 0 0 2.2 0.6000000000000001 1.2000000000000002 0 3.8000000000000003 0.4 5.2 6.2 2.8000000000000003 4.800000000000001 2.6 10 2.2 2.6 2.4000000000000004 1.8 0 0 3.4000000000000004 2.6 0 0 0 0 0 0 0 0 0 0 5 0 0 0 8 3 1.4000000000000001 0 0 0 2.4000000000000004 0.8 0 0 0 0 0 0 0 0 0 0 0 0 0 0 0 0 0 0 0 0 0 0 0 0 0 0 0 0 0 0 0 0 0 0 1 0 0.4 15.200000000000001 0 0.4 0 0 0 0 0 0 0 0 0 0 0 0 0 0 0 0 0 0 0 6 0 2.8000000000000003 0 0 0 0 0 0 0 0 
 0.6000000000000001 0.2 0.4 1 0.4 0.4 0.4 1.2000000000000002 0.2 0.8 0.2 0.4 0.4 0.2 0.6000000000000001 0.2 0 0.4 0.4 0.2 39.2 12.600000000000001 40 0 73.2 10.8 21.400000000000002 44.400000000000006 38.800000000000004 18.2 14 95 47 14.600000000000001 28 15.8 25.8 57 58.800000000000004 13.200000000000001 0.4 0 0 0.8 0.4 0 3.4000000000000004 11.4 0.6000000000000001 1.4000000000000001 0.4 0 0.6000000000000001 0 0.2 0.4 0.4 0 21.6 4.2 0 0 0.4 0 0.2 0.4 0 0 0 0 0 0.4 0 0 0 0.4 0 0.4 0 0.4 0 0 0 0 0 0 0 0 0 0 0 0 0 0 0 0 0 0 0 0 0 6.2 3.4000000000000004 4.800000000000001 0 5 0 6.2 0.6000000000000001 0 7.4 3 0 3.8000000000000003 2 4 2.4000000000000004 0.2 2 0 0 4.800000000000001 6.800000000000001 0 0 0 4.4 0 2 0 0 0 5.800000000000001 0 2.4000000000000004 0 0 0 4 8.4 0 0 0 0 0 0.4 0 0 0 0 0 0 0 0 0 0 0 0 0 0 0 0 0 0 0 0 0 0 0.6000000000000001 0 0 0 0 0 0 0 0 0 0 0 0 1.4000000000000001 0 7.4 0 4.2 0 0 0 3.8000000000000003 2.4000000000000004 10.600000000000001 0 3.2 3 6 1.6 2.6 0 0 2.2 5.6000000000000005 4.6000000000000005 0 0 0 2.8000000000000003 3.8000000000000003 7 0 0 0 6 1.6 7.6000000000000005 0 0 0 6.4 1.8 0 0 0 0 0 0 0 0 0 0 0 0 0 0 0 0 0 0 0 0 0 0 0 0 0 0 0 0 0 0 0 0 0 0 3.4000000000000004 0.4 0.2 0.6000000000000001 0 0.4 0.4 0 0 0 0 0 0 0 0 0 0 0 0 0 0 0 0 0 0 3.4000000000000004 0 0 0 0 0 0 2 0 0 0 
 0 0 0.4 0 0 0 0 0.4 0 0.4 0 0.6000000000000001 0 0 0 0 0 0.2 0 0.4 5.800000000000001 10.200000000000001 71.2 73.2 0 11.600000000000001 16.400000000000002 22.200000000000003 28 14.8 40.400000000000006 22 56.400000000000006 13.8 13.8 33 40 13.8 12.200000000000001 35 4 0 0 0 0 0 0.2 0 0.4 0.6000000000000001 0 0 7.2 0.6000000000000001 12.4 0.4 28 0.2 26 0.6000000000000001 0 0 0.4 0 0 0 0 0 0 0 0 0 0 0 0 0.4 0 0 0 0.4 0 0 0 0 0 0 0 0 0 0 0 0 0 0 0.2 0 0 0 0 0 0 0.4 0.4 11.200000000000001 4.4 1.8 0 2 7.6000000000000005 0 0.6000000000000001 0 0 0 0 8 0 0 0.4 0 3 0 3 2.6 0 0 4.4 0 2 6.6000000000000005 0 2.2 4.4 1.4000000000000001 0.2 1.8 0.4 2.4000000000000004 5.800000000000001 2.6 0 0 0 0 0 0 0 0 0 0 0 0 0 0 0 0 0 0 0 0 0 1 0 0 0 0 0 0 0 0 0 0 2 0.2 0 0 0 0 0 3 0 2.4000000000000004 0 0 3.4000000000000004 0.6000000000000001 0 3.8000000000000003 0 2 3.2 0.4 0 2.8000000000000003 0 0.4 7.6000000000000005 0 0 0 1.4000000000000001 3.2 1.8 0 0 0 3.8000000000000003 0.2 5.6000000000000005 0 0 2.4000000000000004 0 3.2 0 0 2.4000000000000004 2.6 4.4 2.4000000000000004 0 0 0 0 0 0 0 0 0 0 0 0 0 0 0 0 0 0 0 0 0 0 0 0 0 0 0 0 0 0 0.8 0 0 0.2 0.2 0 0.6000000000000001 15 0.4 0.8 0 0.4 0 0 0 0 0 0 0 0 0 0 0 0 0 0 0 0.4 0 4.800000000000001 0 0 0 0 0 0 0 0 0 0 
 0.2 0 0.6000000000000001 0 0 0 0 0.2 0.4 0 0.2 0.2 0 0 0 0 0.2 0 0 6.6000000000000005 9.600000000000001 14.4 114.2 10.8 11.600000000000001 0 3.4000000000000004 3.2 24 18.400000000000002 33.800000000000004 23 4.2 11.8 11.600000000000001 64.4 88.80000000000001 10.600000000000001 14 14.8 4.4 0 0 0 0 0.4 1 6 0 8.8 0 0.4 0.8 0 12.8 0 0.8 0.2 21.8 0.8 0 0.2 0.6000000000000001 0 0 0 0 0 0 0 0.6000000000000001 0 0.4 0.2 0 0.6000000000000001 0 0 0.4 0.6000000000000001 0 0 0 0 0 0 0 0 0.4 0 0 0 0 0 0 0 0 0 0 0 0 0 0 2.8000000000000003 4.4 6.800000000000001 0 2.6 0 0.2 5.4 3.2 0 2.2 0 0 0.2 0 0 0.2 0 6.6000000000000005 5.6000000000000005 0 0 0 5.2 0 0 0.2 0 0 7.6000000000000005 0 4.6000000000000005 0 1.2000000000000002 1.8 7 3 0 0 0 0 0 0 0 0 0 0 0 0 2.8000000000000003 0 1 0 0 0 0 0 0 0 0 4.2 0 0 0.2 0 0.8 0 0 0 0 0 0 0 0 0 0 0 0 2 3.6 0 4.4 4.800000000000001 0 0 0 2 0.2 0 0 0 3.2 9.200000000000001 3.6 2.4000000000000004 0 0 3 0 0 0 0 0 1.2000000000000002 0.2 7.6000000000000005 0 0 0 4.800000000000001 4.4 6.6000000000000005 0 0 0.4 9 5.4 0 0 0 0 0 0 0 0 0 0 0 0 1.8 0 0 0 0 0 0.4 0 0 0 0 0 0 0 0 0 0 0 0 0 0 0 4.4 0 0.2 0.6000000000000001 15 0 1.4000000000000001 0 0 0 0 0 0 0 0 0 0 0 0 0 0 0 0 0 0 3.4000000000000004 0 5.4 0 0 0 0 0 0 0 0 
 0.4 0 0.8 14.8 14.600000000000001 30.200000000000003 0 0 0 0 21 7.2 0.4 0 0.2 15.200000000000001 19.400000000000002 24.8 0 0 64.4 24.8 28.200000000000003 21.400000000000002 16.400000000000002 3.4000000000000004 0 38.6 14.600000000000001 7 5.2 7.800000000000001 39.800000000000004 37.6 35.4 27 3.8000000000000003 7 27.400000000000002 22 0.8 0.4 0 0 1.2000000000000002 0.4 0 0 12.600000000000001 0.2 0.4 0 1.4000000000000001 0.4 0.2 0.2 0 0 0 0.4 0 0.8 0 0 0.6000000000000001 0 0 1.2000000000000002 0.4 0.6000000000000001 0 0.2 0.8 0 0 0 0 1.2000000000000002 0.6000000000000001 0 0 0 0 0 1.4000000000000001 0 0 0 0 0 7.800000000000001 2.2 0 0 0 0 0 2.6 0 0 6.2 15.600000000000001 9 0.2 0 0 4.6000000000000005 6.2 0.6000000000000001 0 0 0 8.8 2 11.600000000000001 1.6 0 5.2 5.4 9.600000000000001 0 0 0 0 0 0 0 0 3 0 0 0 0 0 0 2.8000000000000003 0 0 0 0 2 0.8 0 0 0 0 0 0 0 0 0 0 0.4 0 0 0 0 0 0 0 0.6000000000000001 0 0 0.4 1 0.2 0 0 0 0.2 3.6 4 0 0 0 0 0 0 0 0 3.4000000000000004 0 3.8000000000000003 0.2 0 4 9 4.2 0 5 0 0 0 2 0 2.2 0.4 4 0 1.8 0 0.2 0 0 0 0 0 0 0 0 0 0 0.2 0 0 0 0 0 0 0.2 0 0 0 0 0 0 0 0 0 0 0 0 0 0 0 0 0 0.2 0 0 0 0 5.4 0 0 0 0 0 0 14.8 0 0 2.2 0 0.4 0.4 0 30.8 0 0 0.4 0 0 0 0 0 0 0 0 0 0 0 0 0 0 1.8 1.6 0 0 0 0 0.4 0 0 0 0.2 0 0 0 0 
 0.6000000000000001 0.6000000000000001 0.6000000000000001 0.6000000000000001 23.8 0.6000000000000001 0.6000000000000001 0.6000000000000001 0.6000000000000001 0.6000000000000001 17.8 0.6000000000000001 0.6000000000000001 0.6000000000000001 0.8 0.6000000000000001 0 0.6000000000000001 0.6000000000000001 0.6000000000000001 102.2 38.800000000000004 49.800000000000004 44.400000000000006 22.200000000000003 3.2 38.6 0 29.400000000000002 8.6 8 10.200000000000001 22.6 11.200000000000001 27.8 33 35.2 13.4 22 26 0.4 0 0 0.6000000000000001 0 0 0 0 0.4 0.6000000000000001 0 0 13 0 0.4 0 0 0 2.2 0.4 0 0 0.4 0 0 0 0 0 0 0 0 0 0 0 0 0.4 0 0 0 0.6000000000000001 0 0 0 0 0 0 0 0 0 0 0 1.6 0 0 0 0 0 0 0 0 0 0.4 3 4 1.8 6 4.6000000000000005 8.200000000000001 5 6.6000000000000005 1.6 0 0 0 0 8 0.4 2.8000000000000003 0 0 0 0 0 0.2 0 0 0 0 0 0 0 0 0 0 0.6000000000000001 0 0 0 0 0 2.8000000000000003 0 0 0 0 0 0 0 0 0 0 0 4.2 0 0 0 0 0 1.8 0 0 0.8 0 1.6 0 0 0 0 0 0 0 0.4 1 0 0 0 2.2 0 0 1.4000000000000001 3 5.2 2.8000000000000003 3.8000000000000003 0 2.4000000000000004 3 5.2 5.800000000000001 6 10.200000000000001 6 0 4.2 5.6000000000000005 0 15 2 0 0 0 2 0 0 0 0 2 0 0 0 0 0 4 0 0.2 0 0 0 0 5.800000000000001 0 0 0 0 0 0 0 0 0 0 0 0 0 0 0 0.4 0 0 0 0 0 0 0 0 0 0 0 0 0 0 0 0 0 0 4.2 0 0 30.6 0 0 0.2 0 0 0 0 0 0 0 0 0 0 0 0 0 0 0 0 0 0 0 0 8 0 0 0 2.2 0 0 0 0 
 0 0 0.2 0.6000000000000001 0 0 0 0 0 0.4 0 0 0 0 0 0 0.4 0 0 0.4 26 10.200000000000001 25 38.800000000000004 28 24 14.600000000000001 29.400000000000002 0 41.2 56 19.200000000000003 73.4 20.200000000000003 33.2 44.400000000000006 22.6 44.800000000000004 18.8 67.2 0.4 0 2.8000000000000003 0.6000000000000001 0 0.6000000000000001 3.8000000000000003 0 0.4 0.6000000000000001 0 0 1.2000000000000002 0 0.2 0.4 0 0 12.4 4 0 0 0.4 0.4 0 0 0 0 0 0 0 0 0 0 0.2 0.4 0 0 0 0.2 0 0 0 0 0 0 0 0 0 0 0 0.2 0 0 0 0 0 0 0 0 0 1.8 5.4 2.2 2.2 0.4 4.800000000000001 2.6 2.6 2.8000000000000003 1.6 2.4000000000000004 0 2 3.8000000000000003 5.6000000000000005 2.2 0 3.8000000000000003 2.8000000000000003 0.4 0 0 0 0 0 3 0 0 0 0 0 2.4000000000000004 0 0 0 0 0 0 1.6 0 0 0 0 0 0 0 0 0 0 0 0 2 0 0.8 0 0 0 0.2 0 0 0.4 0 0 0.2 0 0 0 3.6 0 0 0 3 0 0.4 0 0 0 0 0 0.8 5.4 4.4 6.4 3 3.6 0.4 3.6 6.2 4.6000000000000005 1 5 4.6000000000000005 6 5 2.4000000000000004 3.4000000000000004 0 0.2 1.8 0 0 0 0 0 0.2 0 0 2.4000000000000004 0 0 0 8.4 0 0 0 0 0 1.4000000000000001 2.4000000000000004 3 0 0 0 0 0 0 0 0 0 0 0 0 0 0 0 0 0 0 0 0 0 0 0 0 0 0 0 0 0 0 0 0 0 3.2 0 0 15.8 15.8 0 0 0.6000000000000001 0 0 0 0 2 0 0 0 0 0 0 0 0 0 0 0 0 2.4000000000000004 0 4.4 0 0 0 0 6.4 0 0 0 
 0 0 0.4 0 0 0 0 0.2 0.2 0 0 1.6 0.8 0 0 0 0.2 0.4 0 0 7 8 41 18.2 14.8 18.400000000000002 7 8.6 41.2 0 65.2 16.2 8.200000000000001 63 23 18.8 56.400000000000006 14 19.8 15.8 0.4 0 0 0.4 1.2000000000000002 0 6.6000000000000005 0 0 0.8 0.8 0 0.6000000000000001 12.8 0.2 0 0.8 0 0 1 0 0 0.4 0 0.6000000000000001 1 0 0 0 0 0.8 0.8 0 0 0 0.6000000000000001 0 0.8 0 0.6000000000000001 0 0 0 0 0 0 0 0 0 0 0 0 0 0 0 0 0 0 0 0 0 0 0.4 3.4000000000000004 4.4 4.6000000000000005 0 0 4.6000000000000005 0 3.8000000000000003 2.2 0 1 0 0.2 2.6 0 0 0.4 0 5.4 2.4000000000000004 0 0 0 0 0 0.2 0 0 0 7 2.6 3 0.2 0 0.6000000000000001 2.4000000000000004 0.2 0 0 0 0 0 1.2000000000000002 0 0.2 0 0.8 0 0 0 0 0 0 0 0 0 0 0 1.2000000000000002 0 0.8 0 0 0 0 0 0 0 0 2.2 0 0 0 0 0 0 0 0 3.8000000000000003 0 2.2 10.4 2.6 0 3 0 4 5.6000000000000005 1.8 0 2.8000000000000003 0.2 2.6 6.800000000000001 2.4000000000000004 0 0 0 1.2000000000000002 2.8000000000000003 0 0 0 5 0 0 0 0 0 6.4 1.6 1.2000000000000002 0 0 0 3.2 3 0 0 0 0 0 0 0 0 0 0 0 0 0.4 0 0 0 0 0 0 0 0 0 0 0 0 0 0 0 0 0 0 0 0 0 2.4000000000000004 0 0.4 0 15 0.4 2 1.8 0 0 0 0 0 0 0 0 0 0 0 4.4 0 0 0 0 0 0.2 0 0 0 0 0 0 0 0 0 0 
 0 0 0.4 0.6000000000000001 0 0.4 0 0.8 1.4000000000000001 0.4 0 0 0 0 0 0 8 0 0.2 0 6.4 30.8 29.400000000000002 14 40.400000000000006 33.800000000000004 5.2 8 56 65.2 0 9 21 62.400000000000006 28 34.800000000000004 19.6 10.200000000000001 20.400000000000002 15 0.4 41.800000000000004 0 0 0 0 0.8 10.600000000000001 0.2 1.6 0 0 42.400000000000006 0 0.2 0.4 0 0 11 0.4 0 0 1.2000000000000002 0 0 0.8 0 0 0 0 0 0 0 0 0 0.4 0 0 0 0.6000000000000001 0 0 0 0 0 0 0 0 0 0 0 0 0 0 0 0 0 0 0 0 2.8000000000000003 3 0 0.2 7.6000000000000005 0 0 0 4.4 9.600000000000001 2.4000000000000004 3.2 0 0.2 0 0.6000000000000001 5.2 0.6000000000000001 3.2 0 3 6.800000000000001 1.8 0 0 0 0.2 0 3 0 0 0 0.4 0 5.4 1 0 0 8 12 0 0 0 0 0 0.4 0 0 0 0 0.4 0 0 0.2 0 0 0 0 0 0 0 0 0 0 0 0 0 0 0 0 0 0 1 0 0.4 0 0 0.4 0 0 0 8.200000000000001 3.8000000000000003 4.800000000000001 5.800000000000001 7.4 0 0.4 0 4.2 10.600000000000001 0.2 0 1.8 2 0.2 2 0 0 0 0 3.8000000000000003 2 0 0 0 3.4000000000000004 4.800000000000001 0 0 0 0.2 0 0 1.8 0 0 0 2.2 2.8000000000000003 0 0 0 0 0 0 0 0 0 0 0 0 0 0 0 0 0 0 0 0 0 0 0 0 0 0 0 0 0 0 0 0.2 0 0 2.4000000000000004 0 0.8 16.2 15.600000000000001 0 1.2000000000000002 0 0.8 0 0 0 0.4 0 0 0 0 0 0 0 0 0 0.4 0 0 0 0 0 0 0 0 0 0 0 0 0 
