 0 18.8 21.400000000000002 30 54.2 8 14 70.8 29 30.400000000000002 14.8 24.400000000000002 13.4 14.8 36 43 23 25.8 28.6 7.800000000000001 0 1.2000000000000002 0.4 0.2 0.4 0 0 0.4 0 0 0.4 0 0 0 0.6000000000000001 0 0.6000000000000001 0 0 0.6000000000000001 0 0 0.6000000000000001 10 0 0 0 0 0 0.4 0.2 0.2 0 0 0 0 0 0.6000000000000001 0.4 0 0.4 0 0.6000000000000001 0 0 0 0 0 0 0.4 0 0 0 0.6000000000000001 0 0.4 0.4 0 0.6000000000000001 0 0.4 1.6 6.6000000000000005 0 0 2 0 4.6000000000000005 6.800000000000001 1.8 6 0.2 0 2.2 2 2.4000000000000004 0 0.2 4 2.4000000000000004 0 0 0.2 0 0 0 0 0 0 0 0 0 0 0 0 0 0 0 0 0 0 0 0 0 0 0 0 0 0 0 0 0 0 0 0 0 0.2 0 0 0 0 0 0 4 0 0 0 0 0 0 0 0 0 2 0 0.4 0 2.2 0 0 2 7.6000000000000005 3.8000000000000003 4.2 0 0.2 2.6 0 4.6000000000000005 0 0 0 2.8000000000000003 2 4.6000000000000005 0 0 3.4000000000000004 3.6 0 0 0 0 0 0 0.4 0 0 0 0 0 0 1.8 0.4 0.2 0 0 0 0 0 0 0 0 0 0 0 0 0 0 0 0 0 0 0 0 0 0 0 0 0 0.4 0 0 0 0 0 0 0 0 0 0 0 0 0 0 0 0 0 0 0 0 0 0 0 0 0.4 0.2 0 0 0 0.4 0.6000000000000001 0 0 0 0 0 0 0 0 0 0 4.4 0 0 12.600000000000001 0 0 0 0 0 0 0 0 0 0 1 0 0 0 0 0 0 0 0 0 0 0 0 0 
 18.8 0 43.400000000000006 75 27.200000000000003 28.8 54.6 35.800000000000004 74.8 11 22 34.2 67.60000000000001 93 10.200000000000001 75.8 6.800000000000001 27.400000000000002 9.4 39 0 1 0 0 0.4 0 0 0.2 0 0 0.4 0 0 0.4 1 0 0.6000000000000001 0 0 0.6000000000000001 0 0 0.6000000000000001 0 0.4 0 0 0 0 17 0.6000000000000001 0 0 0 0 0 0 0.6000000000000001 0.4 0 0.4 0 0.6000000000000001 0 0 0 0 0 0 0.4 0 0 0 0.6000000000000001 0 0 0.4 0 0.6000000000000001 0 3.6 4.6000000000000005 16 10.4 0 9.600000000000001 4.2 0 0.8 5 0 4.800000000000001 0 8.200000000000001 4 2 8.4 10 0 2.2 0 0 0.2 0 0 0 2.2 1.8 0 0 0 0 7.6000000000000005 0 0 0 0 0 2.8000000000000003 4.800000000000001 0 0 0 0 0 0 0 0 0 0 0 0 0 0 0 0 2 0 0 0 0 0 0 0 0 0 0 0 0 0 0 0 0 5.6000000000000005 0 0.4 0.8 0 0 0 0 0 4.800000000000001 0 0 0.2 0.4 4.4 0 3.2 11 3.6 0.8 6.4 5.6000000000000005 0 7.4 0 0 0 0 0 0 2.4000000000000004 0 0.4 2.2 0 0 0 0 0 0 1.8 0.2 0 0 0 6.800000000000001 0.2 0 0 0 0 0 0 0 0 0 0 0 0 0 0 0 0 0 0 0 0 0.4 0 0 0 0 0 0 0 0 0 0 0 0 0 0 0 0 0 0 0 0 0 0 0 0 0.4 1 0 0.6000000000000001 17.8 0.4 3.8000000000000003 0 0 0 0 0 0 0 0 0 0 0 0 0 0 0 0 0 0 0 0 0 0 0 0 1.6 0 0 0 0 0 0 0 0 0 0 0 0 0 
 21.400000000000002 43.400000000000006 0 28.200000000000003 28.6 24.400000000000002 34 59.800000000000004 38.6 45.800000000000004 17.8 51.800000000000004 34.6 28.8 37.6 19.200000000000003 29.400000000000002 27.8 26.6 8.200000000000001 56.6 1 0 0.2 0.6000000000000001 0 0.4 0.4 0.2 0 0.4 12.200000000000001 14.8 0 0.6000000000000001 0.2 0.6000000000000001 0.2 0 0.6000000000000001 0 1.2000000000000002 0.6000000000000001 0 0 0 0 0 0.6000000000000001 0.4 0.4 0 0 0 0 0 0 0.6000000000000001 0.4 0.2 0.4 0 0.6000000000000001 0 0 0 0 0.4 0 0.4 0 0 0 0.6000000000000001 0 1.2000000000000002 0.4 0 0.6000000000000001 0 2.2 3 0.4 2.8000000000000003 3.8000000000000003 7.800000000000001 0.2 0.4 3.2 0 7.2 15 2 5.2 0 6.4 8.8 9.8 0 3.6 2.8000000000000003 0 0 0 0 0 0 0 0 0 0 0 0 0 3.8000000000000003 0 0 0 4.6000000000000005 0.2 0 0 0 0 0 0 0 0 0 0 0 0.4 0 0 0 0 0 0 0 0 0 0.4 0 0 0 0.4 0 0 0 0 0 0 0 0 0.2 0 0 0 0 3.6 1.6 3.8000000000000003 11 3.2 2.6 3.4000000000000004 0 2.4000000000000004 4.2 2.2 4 5.6000000000000005 0.2 1.2000000000000002 4.2 3 0 5.800000000000001 2.6 2.2 0 0 0 0 0 0 0 0 4.2 0 0 0 0 1.8 3.4000000000000004 0.4 0 0 5 6 0 0 0 0 0 0 0 0 0 0 0.4 0 0 0 0 0 1.8 0.4 0 0 0 0 0 0.2 0 0 0 0.2 0 0 0 0 0 0 0 0 0 0 1.6 0 0 0 0 0 0 0 0.4 0.4 18.2 0.4 0.4 3.6 3.4000000000000004 0 0 0 0 0 0 0 0 0 0 0 0 0 0 0 0 0 0 0 0 0 0 1.8 0 0 0 0 0 0 0 0 0 0 0 0 0 0 
 30 75 28.200000000000003 0 20.400000000000002 7.2 16.6 18 39.400000000000006 90.2 54 38.400000000000006 13.200000000000001 22.8 9.8 7.6000000000000005 13.200000000000001 12.8 13.600000000000001 32.2 0.2 0.6000000000000001 0.4 0 0.4 0 32.800000000000004 0 0.4 0 0 0.4 0.4 14.8 1 0 0.6000000000000001 0 14.8 3.6 0 0 0.6000000000000001 0 0.2 0 0 0 0 0.6000000000000001 0.6000000000000001 0 0 0 0 0 0 0.6000000000000001 0.4 0 0.4 0 0.6000000000000001 0 0 0 0 0 0 0.4 0 0.8 0 0.6000000000000001 0 0 0.4 0 0.6000000000000001 0 0 2.6 0 0 0 1 0 1.8 0 2 2 6 0 0 6.4 0 0 0 0 0 0 2.2 0 0 0 0 0 4.4 0 0 0.4 0.4 1.6 0 3.6 0.2 0.2 2.6 0 2 0 0 0 0 0 0 0 0 0 0 0 0 0 0 0 0 0 0 0 0 0 0 0 0 0 0 0 0.6000000000000001 0 0 0.4 0 0 0 0 0 0 0 0 0 0 0 0.6000000000000001 0 0 5.6000000000000005 0 0 2 2.4000000000000004 0 3.2 0.4 0 2 0 4.6000000000000005 2.8000000000000003 0 0 1.6 2.6 0 0 0 0 0 2 2.4000000000000004 0 0 0 4 3 7.800000000000001 5 0 0 3.4000000000000004 0 0.4 0 0 0 0.4 0.4 0 0 2 0 0 0 0 0 0 0 0 0 0 0 0 0 0 0 0 0.4 0 0 0.2 0 0.2 0 0 0 1.6 0 0 0 0 0 0 2 0 0 0 0.2 19.400000000000002 0 0.6000000000000001 0.4 0 1.8 0 0 0 0 0 0 0 0 0 0 3.6 0 0 0 0 0 0 0 0 0 0 0 0 3 2.8000000000000003 1.6 0 0 0 0 0 0 0 0 0 0 0 0 
 54.2 27.200000000000003 28.6 20.400000000000002 0 70 27.400000000000002 34.4 57.400000000000006 34.2 34.4 47.400000000000006 33.800000000000004 31.6 31.8 16.2 32.2 24 13.600000000000001 54.6 0 15.4 0 0 0.4 0.4 0.2 2.2 3.6 0 0.4 0.4 15 4.2 17.400000000000002 0 0.6000000000000001 0 1.8 0.8 8.200000000000001 0 0.6000000000000001 0 0.4 0 0 0 0 0.6000000000000001 0.6000000000000001 0 0 0 0 0 0 0.6000000000000001 0.4 0 0.4 0 0.6000000000000001 0 0 0 0 0 0 0.4 0 0 0 0.6000000000000001 0 0 0.4 0 0.8 0 2 7.6000000000000005 3.4000000000000004 10 2.4000000000000004 4.800000000000001 2 3.2 3.6 0 3 2.6 0 13.8 2.2 0 7.2 7.800000000000001 0 0 0 2.8000000000000003 1.8 0 0 0 2 0 0 2.6 0 0 4.2 1.8 0 0 0 4 6 2.8000000000000003 0 0 0 0 0 0 0 0 0 0 0 0 0 0 0 0 0 0 0 0 0 0 0 0.2 0 0 0 0 0 0 0 0 0 0 0 0 0 0 0 0 0 3.2 5 2 0 0 10 3 0 0 3.8000000000000003 3.8000000000000003 0.6000000000000001 7.2 5 0 6.6000000000000005 0 0 0 0.2 2.2 0 0 0 0 0 0 0 2 0 0 2.6 0 0 0 3.4000000000000004 0 2.2 0 0 0 0 0 0 0 0 0 0 0 0.2 0 0 0 0.4 0 0 0.2 0 0 0 0 0 0 0 0 0 0.2 0 0 0 0 0 0 0 0 0 0 0 0 0 0 0 0 0 0 0.4 0.2 1 27.400000000000002 0 1.4000000000000001 0 0 0 0 0 0 0 0 0 0 0 0 0 5.800000000000001 0 0 0 0 0 0 0 0 0 0 0 0 0 0 0 0 0 0 0 0 0 0 0 0 
 8 28.8 24.400000000000002 7.2 70 0 7.6000000000000005 4.4 10 31.200000000000003 46.800000000000004 20.8 6.2 10.200000000000001 26 26.200000000000003 28.400000000000002 21.400000000000002 7.4 13.200000000000001 0 30.200000000000003 0.2 0 0.4 0 17 15 8.200000000000001 0.4 0 0.2 23.400000000000002 26 15.200000000000001 14.8 0.6000000000000001 0 14.600000000000001 0.6000000000000001 0 0 0.6000000000000001 0 0.2 0 0 0 0 0.4 0 0 0 0 0 0 0 0.6000000000000001 0.4 0 0.4 0 1.4000000000000001 0 0 7.6000000000000005 0 0 0 1.6 0 0.2 10.200000000000001 0.6000000000000001 0 0 0.4 0 0.6000000000000001 3.6 0 4 2.6 7.2 7 2.4000000000000004 0 0 4.2 4.4 2 0 0 0 0 2.8000000000000003 9.200000000000001 9.600000000000001 0 3.4000000000000004 0 10.600000000000001 2.2 0 0 0 4.2 1.4000000000000001 0 2 0 0 9 6.6000000000000005 0.4 0 0 4.2 5.2 13.8 0 0 0 0 0 0 0 1.8 0 0 0 0 0.2 0 0 0 0 0 0 0 0 0 0 0 0 0 0 0 0 0 0 0 0 0 0 0.4 1.2000000000000002 0 0 0 0 0 0 1.8 1.6 5.6000000000000005 0 1.6 0 0.4 4.6000000000000005 1.8 0 0 0 0 0 0.2 0 0 1.2000000000000002 4.6000000000000005 0 0 0 0 0.8 2 2.2 5.2 0 1 4.2 0 3.6 2.8000000000000003 3 0 2 3.2 3.8000000000000003 0 0 0 0 0 0 0 0 0 0 0 0 0 0 0 0 0 0 0 0.4 0 0 0 0 0 0 0 0 0 0 0 0 0 0 0 0 0 0 0 0 0 0 0 0 1 17.8 0.2 0 17.8 0 4.6000000000000005 0 0 0 0 0 0 0 0 0 0 0 0 0 0 0 0 0 0 0 0 0 0 0 3.2 0 0 0 0 0 0 0 0 0 0 0 0 0 0 
 14 54.6 34 16.6 27.400000000000002 7.6000000000000005 0 27.6 9.600000000000001 21.200000000000003 10.4 26.200000000000003 13.8 73.8 53.6 8.4 5.800000000000001 23.6 46 82.80000000000001 0 2.2 0 0 0.6000000000000001 0.4 0 0 0 0.4 0.2 0 0 0 0.8 0.6000000000000001 0.6000000000000001 0 0 0.6000000000000001 0 1.4000000000000001 0.6000000000000001 0 0 0 0 0.4 0 0.6000000000000001 0.8 0.4 0 0.4 0 0 0 0.6000000000000001 0.4 0 1.2000000000000002 0.4 1.2000000000000002 0 0 0.4 0 0 0 0.8 0 6.6000000000000005 0.6000000000000001 0.6000000000000001 0.4 0 0.4 0 0.6000000000000001 0.6000000000000001 3.4000000000000004 0 0.2 2.6 0 0.8 6.6000000000000005 3.8000000000000003 2.2 0 0 2.4000000000000004 0 3.2 6.2 6.2 7.800000000000001 2 0 7.800000000000001 0 0 0 0 0.2 0 0 0 0 0 0 0 0 0 0 0.4 0 0 0.8 0 0 0 0 0 0 0 0 0 0 0 0 0 0 0 0 0 0 0 1.8 0 0 0 0 0 0 1.6 0 0 0 0 0 0 0 0.4 1 0 0 0.2 0 0 2.2 0.2 2.8000000000000003 0 0 0 0 8.4 2.8000000000000003 5 2.2 0 2 4.2 0.4 13.4 4.4 2.4000000000000004 2.6 2 0.4 0 0 0 0 0 0 0 0 0 0 0 0.4 0 0 0 0 0 0 0 0 0 0 0 0 0 0 0 0 0 0 0 0 0 0 0 0 1.4000000000000001 0 0 0 0 0 0 0 0 0.4 0 0 0 0 0 0 0 0 0 0 0 0 0 0 0 0 0 0 0 0 0 0 0.4 0 1.2000000000000002 0 0 0 0 0 0 0 0 0 0 0 0 0 0 0 0 0 0 0 0 0 0 0 5 0 0 0 0 0 0 0 0 0 0 0 0 0 0 
 70.8 35.800000000000004 59.800000000000004 18 34.4 4.4 27.6 0 25.400000000000002 30 6.4 5 29.200000000000003 55.400000000000006 25.6 93.2 23.8 22.8 44.400000000000006 26 0 0.6000000000000001 0.2 0 0.4 0.4 0 0 0 0 0.2 0.4 2.4000000000000004 0.4 1 0 0.8 0.6000000000000001 0 0.6000000000000001 0 0 0.6000000000000001 0 0 0 0 0 0 1.2000000000000002 0.4 0 0 0 16 0.4 12.200000000000001 0.6000000000000001 0.6000000000000001 0 0.4 0 0.6000000000000001 0 0 0 0 0 0 0.4 0 0 0 0.6000000000000001 0 3.2 0.4 0 0.6000000000000001 0 6.800000000000001 2.4000000000000004 0.4 0 0 0 3 0 5.6000000000000005 0.2 2.4000000000000004 2.8000000000000003 4 2.6 1.8 1.8 3 0 2.2 4 0 0 0 0 0 0 0 0 0 0 0 0 0 0 0 0 0 0 4 0.2 0 0 0 0 0 0 0 0 0 0 0 0 0 0 0 0 0 0 0 0 0 3 0 0 0 0 0 0 0 0 0 0 0 0 0.2 0 0 0 0 0 3.8000000000000003 5.4 3.2 1.8 0 0 5.6000000000000005 6 4.2 5.6000000000000005 11.600000000000001 0.2 5 0 0 5 2 0 7.800000000000001 0.2 0 0 0 0 0 0 0 0 0 0 0 0 2.8000000000000003 0 0 0 0 0 0 0 0 0 0 0 0 0 0 0 0 0 0 0 0 0 0 0 0 0 0 0 0 0 0 0 0 0 0 0 0 0 0 0 0 0 0 0 0 0 0 0 0 0 0 0 0 0 0.4 0 0 0 0.2 3.4000000000000004 4 0 0 0 0 0 0 0 0 0 0 0 0 0 0 0 0 0 0 0 0 0 0 8.200000000000001 0 0 0 0 0 0 0 0 0 0 0 0 0 0 
 29 74.8 38.6 39.400000000000006 57.400000000000006 10 9.600000000000001 25.400000000000002 0 64.4 28.200000000000003 17.8 15.8 54.400000000000006 32 75.4 44.800000000000004 27.8 11.8 34.800000000000004 0 0.6000000000000001 0 0 0.4 0 0 0 0 0.4 0.2 0 0.4 0.4 1 0 0.6000000000000001 0 0 0.6000000000000001 0 0.8 0.6000000000000001 0 0 0 0 0 0 0.6000000000000001 2.6 0 0 0 0 0 0 0.6000000000000001 0.6000000000000001 0 0.4 0 0.6000000000000001 0 0 0 10.600000000000001 0 0 0.4 0 0 0 0.8 0 0.4 0.4 0.4 0.6000000000000001 0 0 7.800000000000001 6 5.2 4 2 0 8.200000000000001 0 5 3.4000000000000004 6 1.6 4.4 2.2 2.6 9 11.200000000000001 0 3.2 0 0 0.4 0 0 0 0 0 0 0 0 0 4.2 0 0 0 0 0 0 2.6 0 0 0 0 0 0 0 0 0 0 0 0 0.4 0 0 3 0.4 0 0 0 0 0 0 0 0 0 0 0 0 0 0 0 0 0 0 0 0.2 0 0 0 0 2.8000000000000003 6.800000000000001 0 0 0.4 5.800000000000001 0 3.2 0 5.6000000000000005 6.6000000000000005 13.600000000000001 5 7.2 2.8000000000000003 0 0 0 0 0 0 0 0 0 0.2 0 0 0 0 0 0 3.6 0.2 0.4 0 0 0 1.4000000000000001 2 0 0 0 0 0 0 0 0 0 0 1.4000000000000001 0 0 0 0 0 0 0 0 0 0.2 0 0 0 0 0 0 0 0 0 0 0 0 0 0 0 0 0 0 0 0 0 0 0 0 0.2 0.2 0.2 17.6 1.8 0 1.6 3 0 0 0 0 0 0 0 0 0 3.4000000000000004 0 0 0 0 0 0 0 0 0 0 0 0 0 3.6 0 0 0 0 0 0 0 0 0 0 0 0 0 
 30.400000000000002 11 45.800000000000004 90.2 34.2 31.200000000000003 21.200000000000003 30 64.4 0 22.6 7.2 40 63 32 32.2 72.60000000000001 76.2 12 20.400000000000002 0.4 0.6000000000000001 0 0 0.4 5.6000000000000005 7 0.2 0 0 0 0 0.4 29.6 1.2000000000000002 0 0.6000000000000001 17.400000000000002 3.4000000000000004 1 0 1 0.6000000000000001 0 0.2 0 0 0 0.4 0.6000000000000001 0.2 0 0 0 0 0 12.8 0.6000000000000001 0.4 0 0.4 0.6000000000000001 1 1 0 0 0 0 0 2.6 0 2.8000000000000003 0.4 0.6000000000000001 0 0 0.4 0 0.6000000000000001 0.4 4 3 9.4 0 0 0 0 0 6.4 4.6000000000000005 2.6 4.800000000000001 0 7.4 2 2.8000000000000003 1.8 0 0.4 0.2 0 1.4000000000000001 0 0 0 0 0 1.8 0 0 0 0 0 0 0.4 0 0 0 2.2 12.200000000000001 0 0 0 0 0 0 0 0 0 0 0 0 0 0 0 0 0 0 0 0 0 0 0 0 0 0 0 0 0 0 0 0 0 0 0 0 0 0 0 0 1.6 5.800000000000001 8.8 8.4 2.6 3.2 4 7.800000000000001 2.2 13.4 2 1.6 0.6000000000000001 2 0 5 0 2.6 0 0 2.8000000000000003 0 0 0 0 0 0 2.2 1.8 0 0 0.2 15.600000000000001 4 4.6000000000000005 3.4000000000000004 0 0 3.8000000000000003 0 0 0 0 0.4 0 0 0 0 0 0 0 0 0 0 0 0 0 0 0 0 0 0 0 0 0 2.4000000000000004 0 0 0.4 0 0 0 0 0 0 0 0 0 0 0 0 0 0 0 0 0.4 0 0 0.4 0.6000000000000001 0 2 0 0 0 0 0 0 0 0 0 0 2.2 0 0 0 0 0 0 0 0 0 0 0 0 1.4000000000000001 1.2000000000000002 0 0 0 0 0 0 0 0 0 0 0 0 0 
 14.8 22 17.8 54 34.4 46.800000000000004 10.4 6.4 28.200000000000003 22.6 0 13.8 5.6000000000000005 7 13.200000000000001 13 41.6 47.6 6.6000000000000005 74.8 2 1.2000000000000002 0.4 0.4 0.8 0.4 15.600000000000001 5.4 0.2 0 0 2.8000000000000003 1.6 29.8 1.4000000000000001 0 0.6000000000000001 0 0.8 13.600000000000001 0.6000000000000001 0.2 0.6000000000000001 0 0.2 0 0 0.8 0.6000000000000001 0.6000000000000001 1.6 0 0 0 0 0 0 1 0.8 0.6000000000000001 0.4 0 1.6 0 0 6.2 0 0 0 0.8 0 0 0.6000000000000001 0.6000000000000001 0 0 1.4000000000000001 0 0.6000000000000001 0.6000000000000001 0.2 1.8 8.6 0 2.8000000000000003 1.4000000000000001 0 3.6 3 4 1.8 1.8 0 0 2.4000000000000004 0 0.2 0 0 0 0 5 0 0 0 0 0.2 2.8000000000000003 0 0 0 0 0 0 3 0 0 1.8 0 0 0 0 0 0 0 0 0 0 0 0 0 0 0 0 0 0 0.4 0 0 0 0 0 0 0 0 0 0 1 0 0 0 0 0 0 0 0.2 3.8000000000000003 0 0 0 0 2.8000000000000003 3.2 3 6.2 7.2 0 0 3.4000000000000004 0 0 0 1.8 1.8 2.4000000000000004 0 0.2 0 0 0 4 1.8 0 0 0 0 0.2 1.4000000000000001 2 0 0 0.2 5.6000000000000005 5.800000000000001 13.8 4 0 0 4.2 0 9.200000000000001 0 0 0 0 1 0 0 0 0 0 0 0 0 0 0 0 0 0 0 0.2 0 0 0 0 0 0 0 0 0 0 0 0 0 0 0 0 0 1.8 0 0 0 0 0 0 0 7.6000000000000005 0 0 0.2 0 3 0 0 0.4 0 0 0 0 0 0 0 2 0 0 0 0 0 0 0 0 0 0 0 0 0 3 2 0 0 0 0 0 0 0 0 0 0 0 0 
 24.400000000000002 34.2 51.800000000000004 38.400000000000006 47.400000000000006 20.8 26.200000000000003 5 17.8 7.2 13.8 0 5.2 13.4 8.4 10 23.200000000000003 34.4 6.6000000000000005 27.200000000000003 0.2 0.6000000000000001 0 0.2 0.4 0 15 0 0 0 0.4 0 0 0 0.6000000000000001 0 0.6000000000000001 1 0.2 13.8 0 0 0.8 0.2 0.2 0 0.4 0 1.4000000000000001 0.6000000000000001 0.4 0 0 0 0 0.4 0.2 0.6000000000000001 0.4 0 1.6 0 0.6000000000000001 6.800000000000001 0 0 0 0 0 0.4 0 0 0 2 0 0 0.4 0 0.6000000000000001 0 2.4000000000000004 4 3.8000000000000003 1.8 4.800000000000001 3.4000000000000004 2 4.2 0 0 2.2 5.2 0 5.2 2.2 2.2 5.4 16 0 0 0 2.6 0 0 0 0 0 0 0 0 0 0 0 0 1.6 0 0 2 5.800000000000001 0 0 0 0 0 0 0 0 0 0 0 0 0 0 0 0 0 0 0 0.2 0 0 0 0 0 0 0 0 1 0 0 0 0 0 0 0 0 0 0 0 0 0 0 8.8 0 4 0 0 1.8 0 0 0.4 2.8000000000000003 0 4.2 4 0 0.8 2.2 0 0 0 2 0 0 0 0 0 0 0 0.2 0 0 0 0 2 1 0 0 3.2 3.2 0 0 0 0 0 0 0 0 0 0 0 0 0 0 0.2 0 0 0 0 0 0 0 0 2.2 0 0 0 0 0 0 0 0 0 0 0 0.2 0 0 0 0 0 11 0 0 0 0.8 0.8 0 21.6 35 0.2 1.2000000000000002 0 0 0 0 0 0 0 0 0 0 0 0 0 0 0 0 0 0 0 0 0 0 0 8.6 0.4 2.2 0 0 0 0 0 0 0 0 0 0 0 2.4000000000000004 
 13.4 67.60000000000001 34.6 13.200000000000001 33.800000000000004 6.2 13.8 29.200000000000003 15.8 40 5.6000000000000005 5.2 0 16.400000000000002 23.200000000000003 26 33.2 25.400000000000002 16.8 28 0 0.6000000000000001 5 0 0.4 0 0 0.2 0 0.4 0.4 0 0.2 0 0.6000000000000001 0 0.6000000000000001 0 0 0.6000000000000001 0 0 0.6000000000000001 0 0 0 0 0 0 0.4 0 0 0.4 0 12.8 0 0 0.6000000000000001 0.4 0 0.4 0 0.6000000000000001 0 0 0.2 0 0 0 0.4 0 0 0 0.8 0 0 0.4 0 1.8 0 2 4.2 4.800000000000001 0 3.2 0 0 2.8000000000000003 13.4 4.4 9.8 8.200000000000001 0 7.800000000000001 3 0 4 0 6.2 2 0 0.4 0 0 0 0 0 0 0 0 0 0 0 0 0 0 0 0 0.4 0 0 0 0 0 0 0 0 0.2 0 0 0.4 0 0 0 0 0 0 0 0 0.4 0 0 0 0 0 0.4 0 0 0 0 0 0 0 0 0.6000000000000001 0 0.2 0 0 0 7.800000000000001 2.6 3.6 1.2000000000000002 2 0 17.400000000000002 4.4 3.6 7.6000000000000005 0 3.2 3.4000000000000004 0 0 5.2 0 3 2.4000000000000004 2.6 0 0 0 1.8 0 0 0 0 0 0 0 0 4.6000000000000005 0 0 0 0.4 0 0.2 2.8000000000000003 0 0 0.4 3.6 0 0 0 0 0 0 0 0 0.2 0.2 0 0.2 0 0 0 0.4 1.8 0 0 0 0 0 0 0 0 0 3 0 0 0 0 0 0 0 0 0 0 0 0 0 0 0.4 0 0 17.400000000000002 0 2.6 0.6000000000000001 0 0 0 0 0 0 0 0.2 0.4 0 0 0 0 7.800000000000001 0 0 0 0 0 0 0 0 0 0 5 0 0 0 0 0 0 0 0 0 0 0 0 0.2 
 14.8 93 28.8 22.8 31.6 10.200000000000001 73.8 55.400000000000006 54.400000000000006 63 7 13.4 16.400000000000002 0 38 11.8 48.400000000000006 24 95 81.4 0 1.4000000000000001 0 0.2 0.4 0 0 0 0 0 0.4 16.8 0 0 6.2 0.6000000000000001 0.6000000000000001 14.8 0 1 0 0 0.6000000000000001 0 0 0 0 0 0 0.6000000000000001 0.6000000000000001 0 0 1 0 0 0 0.6000000000000001 0.4 0 0.6000000000000001 0 0.6000000000000001 0 0 0 0 5 0 0.4 0 0 0 0.6000000000000001 0 1.2000000000000002 0.4 0 0.6000000000000001 0 6.6000000000000005 0.2 0 0.6000000000000001 2.8000000000000003 0.6000000000000001 4.4 0 2.4000000000000004 0 3 4.6000000000000005 1.8 3.4000000000000004 3.4000000000000004 7 4.6000000000000005 2.4000000000000004 0.2 9.200000000000001 0 0 0 0 0 0.2 0 0.2 0 0.8 0 0 0 0 0 0 0 0 0 0 0 0.4 0 0 0 0.2 0 0 3 0 0 0 0 0 0 0 0 0.4 0 0 0 0 0 0 0 0 0 0 0.4 0 0 0 0 0 0.4 0 2.6 1.2000000000000002 0 0 9.200000000000001 0 4 0 1.2000000000000002 0 0.4 3 2 0.2 4 2.8000000000000003 2.4000000000000004 0.2 4.800000000000001 0.2 5.4 5 4.4 12 0 0.8 0 0 0 0 0 0 0 0 0 0 0 0 0 0 0 0.4 0 2.2 0 0 4 0 0 0 0 0 0 0 0 0 0 0 3.2 0 0.4 0 0 0 0 0 0 0 0 0 0 0 0 0 0 0 0 0 0 0 0 0 0 0 0 0 0 0 0 0.4 0 0 18 0.4 0.6000000000000001 2.2 3.4000000000000004 0 0 0 0.2 0 0 0 0 0 0 0 0 0 0 0 0 0 0 0 0 0 0 2 0.2 0 0 0 0 0 0 0 0 0 0 0 0 0 
 36 10.200000000000001 37.6 9.8 31.8 26 53.6 25.6 32 32 13.200000000000001 8.4 23.200000000000003 38 0 47.800000000000004 50.800000000000004 62.6 52.6 34.4 0 0.6000000000000001 0.2 0.2 0.8 0.4 0 0.4 0 0 0.4 0.4 0 0 0.8 0.2 0.6000000000000001 0.6000000000000001 0.2 0.6000000000000001 0 0 0.6000000000000001 0 0.4 0.6000000000000001 0.6000000000000001 0 0 1 0.4 0 0.4 0 0 0 0 0.6000000000000001 0.8 0 0.4 0 0.6000000000000001 0 0.4 0.4 0 0.2 0 0.4 0 0 0 0.6000000000000001 0 0.6000000000000001 0.4 0 0.6000000000000001 0 0 0 3.8000000000000003 2.2 0 4.800000000000001 2.2 2.8000000000000003 7.2 4.800000000000001 4.2 0.2 0.2 0 0 3.2 3 2 2.4000000000000004 3.4000000000000004 0 0 0 0 0 0 1.6 0 0 0 0 3.2 2 0 0 0 0 0 0.2 1.6 0 0 0 0 0 0 0.4 0 2.6 0 0 0 0 0 0 0.2 0 0 3 0 0 0 0 0 0 0 0 0 0 0 0 0 0 0 0 0 1.2000000000000002 0 0 0 5.6000000000000005 0.8 2 3 2.8000000000000003 0 5.2 0.2 1.4000000000000001 1.4000000000000001 2.8000000000000003 2.6 2 5.6000000000000005 0 3 0 1.8 3 0 0 0 0 0 0.2 0 2.6 0 0 0 0 0 0 0 0 0 0 0 2.2 0.6000000000000001 0 0 0 0.2 0 0 0.2 0 0 0 0 0 0 0 0 0 0 0 0 0 0 0 0 0 0 0 0 0 0 0 0 0 0 0 0 0 0 0 0 0 0 0 0 0 0 0.2 0.4 0 0.6000000000000001 0 1.6 2.2 0 0 0 0 0 0 0 0 0 0 0 0 0 0 0 0 0 0 0 0 0 0 0 0 2 0 0 0 0 0 0 0 0 0 0 0 0 0 
 43 75.8 19.200000000000003 7.6000000000000005 16.2 26.200000000000003 8.4 93.2 75.4 32.2 13 10 26 11.8 47.800000000000004 0 11 14.4 45.6 10 14.8 0.6000000000000001 0 0 0.4 0 0 0 0 0 0.4 0 0 0 0.8 0 0.6000000000000001 0 0 0.6000000000000001 0 0 0.6000000000000001 0 0.4 0 0 0 0 0.6000000000000001 0.4 0 0 0 0 0 0 0.6000000000000001 0.6000000000000001 0 0.4 0 0.6000000000000001 0 0 0 0 0 0 0.4 0 0 0 0.6000000000000001 0 1.8 0.4 0 0.6000000000000001 0 0.2 0 4.4 0.2 6.6000000000000005 1.8 0.6000000000000001 1.6 2.2 5.2 3.4000000000000004 3.6 4.6000000000000005 3.2 4 3.2 0.2 3.4000000000000004 5 4.2 3 0.2 0 0 0 0 6.4 0 0 0 0 0 1.4000000000000001 0 0 0 0 0 2.2 2.6 0 0 0 0 0 0 0 0 0 0 0.4 0 1.6 0 0 0 0 0 0 0.4 0 0 0 0 0 1.4000000000000001 0 0.2 0 0 0 0 0 0 0 0 0.4 0 0 0 6.4 4.2 0 6.4 3.4000000000000004 1 0 0 2.2 0.2 6.2 2.6 0 0 0 1.8 0 2.2 16 0 0 0 0 0 0 0 2.4000000000000004 0.4 0 0 0 0 0 2 3.4000000000000004 1 0.4 0 1.6 3.8000000000000003 0 0 0 0 0 0 0 0 0 0 0 1.4000000000000001 0 0 0 0 0 0 0 0 0 0 0 0 0 0 0 0 0 0 0 0.2 0 0 0 0 0 0 0 0 0 0 0 0 0.2 0.2 17.400000000000002 0 0.2 0 0.4 2 3.4000000000000004 0 0 0 0 0 0 0 0 0 0 0 0 0 0 0 0 0.2 0 0 0 0 0 0 0.2 0.2 0 0 0 0 0 0 0 0 0 0 0 0 
 23 6.800000000000001 29.400000000000002 13.200000000000001 32.2 28.400000000000002 5.800000000000001 23.8 44.800000000000004 72.60000000000001 41.6 23.200000000000003 33.2 48.400000000000006 50.800000000000004 11 0 75 48.6 5.6000000000000005 0 0.6000000000000001 1 0.2 0.4 0 15 0 0.4 1.2000000000000002 0.4 0 0 0 0.6000000000000001 0 0.6000000000000001 0 14.8 0.6000000000000001 0 0 0.6000000000000001 0 0 0 1.4000000000000001 0 0.8 0.4 0.4 0 0 0.4 0 0 0 0.6000000000000001 0.4 11.200000000000001 0.4 0 0.6000000000000001 0 0 0 0 0 0 0.4 0 0.8 0 0.6000000000000001 0 0 0.4 0 0.6000000000000001 1.2000000000000002 6.800000000000001 14.600000000000001 7.4 10.4 7.4 0 0 5 8.200000000000001 12.200000000000001 12.200000000000001 0.6000000000000001 3.6 3.4000000000000004 3 2.2 15.4 1.2000000000000002 0 0 0 0 0 0 0 0 0 0 0 0 0 0 1.4000000000000001 0 0 0 0 0 5.800000000000001 2 0 0 0 0 0 0 0 0 0.6000000000000001 0 0 0 0 0 0 0 0 0 0 0 0 0 0 0 0 0 0 0 0 0 0 0 0 0 0 0 0 0 0 0 0 5.2 6.800000000000001 2 1.2000000000000002 0 8.4 3.6 3 3.4000000000000004 0 11 2.6 3.4000000000000004 2.8000000000000003 5.2 3.2 6.6000000000000005 0 0 0 0 0 0 0 0 0 2 0 0 0 0 4.2 0 7 0 0 0 0 3.4000000000000004 0 0 0 0 0 0 0 0 0 0 0 0 0 0 0 0 0 0 0 0 0 0 0 0 0 0 0 0 0 0 0 0 0 0 0 0 0 0 0 0 0 0 0 0 0 1 0.2 0.2 17.8 17.6 1.6 1.4000000000000001 0 0 0 0 0 0 0 0 0 0 4.6000000000000005 0 0 0.4 0 0 0 0 0 0 0 0 0 4.2 0.4 0 0 0 0 0 0 0 0 0 0 0 0 0 
 25.8 27.400000000000002 27.8 12.8 24 21.400000000000002 23.6 22.8 27.8 76.2 47.6 34.4 25.400000000000002 24 62.6 14.4 75 0 8.4 25.6 0 0.6000000000000001 0.4 0 0.8 0 14.8 14.600000000000001 0 0 0.2 0 0.6000000000000001 6.6000000000000005 0.6000000000000001 0 0.6000000000000001 0 15 0.6000000000000001 0.6000000000000001 0 0.6000000000000001 0 0.4 0 0 0.4 0.6000000000000001 0.4 0 0 0 0 0 0 0 0.6000000000000001 0.4 0.6000000000000001 0.4 0 1.2000000000000002 0 0 0.4 0 0 0 1.2000000000000002 0 0 0 0.6000000000000001 0 0 0.4 0 0.6000000000000001 0.6000000000000001 2 5.4 6.2 4.2 4 9.600000000000001 0 0 5.6000000000000005 10.200000000000001 0 2.6 0 5.4 3 1.2000000000000002 3 3.6 2.6 0 0 1.6 0 0 0 0 2 0 0 0 0.2 0.4 1.6 0 0 0 0 0 0 4.800000000000001 0 0.4 0 0 0 0 0 0 0.2 0 0 0 0 0 0 0 0 0.4 0 0 0 0 0 0 0 0 0 0.2 0 0 0 0 1.2000000000000002 0 0 0 0.6000000000000001 0 0 0 0 3.8000000000000003 5.4 2.2 2.4000000000000004 2.8000000000000003 0 0 0.2 2.8000000000000003 8 0.2 0 2.6 3.6 2.8000000000000003 0.6000000000000001 0.4 0 0 0 0 0 0 0 0 3 1.8 0 0 0 0 2.6 0 1.8 0 0 0.4 2.2 4.2 0 0 0 0 0.2 0 0 0 0 0 0 0 0 0 0 0 0 0 0 0 0 0 0 0 0 0.2 0 0 0 0 0 0 0 0 0 0 0 0 0 0 0 0 0 0 0 0.2 17 0 0.6000000000000001 1 0.2 1 0 0 0 0 0 0 0 0 0 0 0.2 0 0 0 0 0 0 0 0 0 0 0 0 0 0.4 0 0 0 0 0 0 0 0 0 0 0 0 0 
 28.6 9.4 26.6 13.600000000000001 13.600000000000001 7.4 46 44.400000000000006 11.8 12 6.6000000000000005 6.6000000000000005 16.8 95 52.6 45.6 48.6 8.4 0 11.200000000000001 0 0.6000000000000001 0 0.2 0.4 0.4 0 0.4 0 0 0.2 0.4 0 0 0.6000000000000001 0 0.6000000000000001 0.2 0 0.6000000000000001 0 0 0.6000000000000001 0 0 0 0 0 0 0.6000000000000001 0.8 0.2 0 0 0 0 0 0.6000000000000001 0.6000000000000001 0 0.4 0 0.6000000000000001 0 0 0.4 0 0 0 0.4 0 0 0 0.6000000000000001 0 0.8 0.4 0 0.6000000000000001 0 0 0 0.2 0 0 0.6000000000000001 6.800000000000001 0 0 1.8 0.2 0 1.8 0 5.6000000000000005 4.800000000000001 0 0 2.6 5.2 0 0 0 0 0 0 0 0 0 0 0 0 0 0 0 0 0 0 0 0 0 0 0 0 0 0 0 0 3.8000000000000003 0 0 0 0 0 0 0 0 0 0 0 0 2.8000000000000003 0 0 0 0 0 0 0 0 0 0 0 0 0.4 0 0 1 0 0 7.2 2.6 0.4 0 0 0 10.200000000000001 0.8 0.2 0 4.4 0 0 0 2.8000000000000003 0 3.6 6.4 6.800000000000001 9 0 0 0 0.4 0.2 0 0 0 0 0 0 0 0 0 0 0 0 0 0 0 0.2 0 0 0 0 0 0 0 0 0 0 0 0 0 0 0 0 0 0 0 0 0 0 0 0 0 0 0 0 0 0 0 0 0 0 0 0 0 0 0 0 0 0 0 0 0 0 0 0.4 0 0 1.6 2.6 0 0 0 0 0 0 0 0 0 0 0 0 0 0 0 0 0 0 0 0 0 0 2 0 0 0 0 0 0 0 0 0 0 0 0 0 0 
 7.800000000000001 39 8.200000000000001 32.2 54.6 13.200000000000001 82.80000000000001 26 34.800000000000004 20.400000000000002 74.8 27.200000000000003 28 81.4 34.4 10 5.6000000000000005 25.6 11.200000000000001 0 0.4 0.6000000000000001 0 0 0.4 0 0 0.4 0.4 0 0.2 0 0 0 0.6000000000000001 15 1 0 0 0.6000000000000001 0 0 0.6000000000000001 0 0.2 0 0 0 0 0.6000000000000001 0.6000000000000001 0 0 0 0 0 0 0.6000000000000001 0.6000000000000001 0 0.4 0 0.6000000000000001 0 0 0 0 0 0 0.4 0 0 0 0.6000000000000001 0 0 0.4 0 0.6000000000000001 0 5.4 0 3.2 2.6 0 0.8 3.6 5.6000000000000005 2.2 3.4000000000000004 0 0.6000000000000001 3.4000000000000004 6.2 7.6000000000000005 4 3.6 2 0 6 0 0.4 0 0 0 0 0 0 0 0 0 0 0 0 0 0 0 0 2.2 0 0 0 0 0 0 0 0 0 0 0 0.4 0 0 0 0 0 0 0 0 0.4 0 0 0 0 0 0 0 0 0 0 0 0 0 0 0 0 0 0 0 0 0 0 0 0 0 0 0 5.4 0 3.6 3 0 2 7.800000000000001 0.2 4.6000000000000005 5.6000000000000005 0 0 4.800000000000001 0 0 0 0 1.6 0 0 0 0 0 0 0 0 0 0 0 0.4 0 0 0 0 0 0 0 0 0 0 0 0 0 0 0 0 0.2 0 0 0 0 0 0 0 0 0 0 0 0 0 0 0 0 0 0 0 0 0 0 0 0 0 0 0 0 0 0 0.2 18 0 0 0.4 0.6000000000000001 0 2.6 0 0 0 0 0 0 0 0 0 0 0 0 0 0 0 0 0 0 0 0 0 0 0 0 3.4000000000000004 0 0 0 0 0 0 0 0 0 0 0 0 0 
 0 0 56.6 0.2 0 0 0 0 0 0.4 2 0.2 0 0 0 14.8 0 0 0 0.4 0 58.6 16.6 54.2 31.400000000000002 7.6000000000000005 77.4 57.6 22.8 30.400000000000002 53 32 21 9.4 56 18.8 8.200000000000001 41.6 19.200000000000003 27 0.8 0.6000000000000001 0 0 0 0 0 0 0 0.6000000000000001 0.4 0 1.2000000000000002 0 0 0.4 0.6000000000000001 0.4 0 0 0 0 0 2 0 0.6000000000000001 3 0 0 0 0 0 0.6000000000000001 0.6000000000000001 0 0.6000000000000001 0 0 0 0 0 0 0 2.2 2.2 0 0 0 0 0 0 0 0 0 0 0 0 3 0 0 6.6000000000000005 0.2 4.800000000000001 6.800000000000001 2.8000000000000003 2 2.6 0 0.2 2.6 4.2 0 0 2.2 0 0.2 9.8 2 4 0.2 0 0 0 0 0 0 2.2 0 0 0 0 0 0 0 0 0 0 0 0.4 3 0 0 0 0 0 0 0 0.2 0 0 0 0.4 0 0 0 0 0 0 0 0 0 0 0 0.6000000000000001 2.6 4.6000000000000005 0 0 0 0 0.2 0.2 0 0 0 0 0.4 0 0 0 1.8 6.800000000000001 2.2 3.8000000000000003 0 0.2 0 9.8 0.8 2 4.2 5.800000000000001 0 4 7.4 10.200000000000001 4.2 0 2.4000000000000004 4.800000000000001 0 0 0 0 0 0 0 0 0.2 0 0 0 5.4 0 0 0 0 0 1.8 8 0 0 0 0.2 0 0 0 0 0 0 0 0 0 0 0 0 0 0 0 0 0 0 0.2 0 0 0.2 0 0 0 0.4 0 0 0 0 4.2 0.4 0.8 15.8 6.800000000000001 0.2 2.2 0 0 0 0 0 0 0 0 0 0 0 0 0 0 0 0 0 0 0 0 0 0 0 0 0 0 0 0 0 
 1.2000000000000002 1 1 0.6000000000000001 15.4 30.200000000000003 2.2 0.6000000000000001 0.6000000000000001 0.6000000000000001 1.2000000000000002 0.6000000000000001 0.6000000000000001 1.4000000000000001 0.6000000000000001 0.6000000000000001 0.6000000000000001 0.6000000000000001 0.6000000000000001 0.6000000000000001 58.6 0 45.2 15 23.6 6.2 15.200000000000001 23.6 85.4 12.4 7.2 38 24 45.400000000000006 56.2 41 50.2 9.200000000000001 23.200000000000003 31 0.4 0 0 0 0.4 0 0 0 0 0.6000000000000001 1.8 0.8 1 0 0 0.4 0.6000000000000001 0.2 0 0 0 0 0 0.8 0 0.6000000000000001 3 0 0 0 0 0 1 0.6000000000000001 0 0.6000000000000001 0 0 0 0 0 0 0 0.2 0 0 0 0 0 0 0 0 0 0 0 0.2 0 0 3.2 0 2.8000000000000003 2.4000000000000004 0.4 0 1 1.6 0.4 9.600000000000001 0 4 3.8000000000000003 3.8000000000000003 4.800000000000001 8.4 0 10.200000000000001 3.2 6.2 2.2 1.2000000000000002 2.2 0 0 0 0 0 0 0 0 0 0 0 0 0 0 0 0 0 0 4.4 2.4000000000000004 0 0 0 0 0 0 0 0 0 0 0 0 0 0 0 0 0 1.6 0.2 0 0 0 0 1.4000000000000001 0 0.6000000000000001 0 0 0 0 0 0 0 0 0 0 0 0 0 2.8000000000000003 4.4 3 0.6000000000000001 2.4000000000000004 0 7 5.4 6.6000000000000005 9 3.2 2.8000000000000003 0.2 2.6 0 0 3 9.4 0 0 0 0 0 0 0 0 0 0 0 0 0 0.2 2.2 0 0 0 0 0 0.2 0 0 0 0 0 0 0 0 0 0 0 0 0.2 0 0 0 0 0 0 0.4 0 0 0 0 0 0 0.2 0 0 0 0 0 0 0 0 4 0 0 0.4 15.4 0.4 0.4 0.4 0 0 0 0 0 0 0 0 0 0 0 0 0 0 0 0.4 0 0.2 0 0 0 0 1.6 0 0 0 0 0 
 0.4 0 0 0.4 0 0.2 0 0.2 0 0 0.4 0 5 0 0.2 0 1 0.4 0 0 16.6 45.2 0 54 8.6 32.4 53.2 12.600000000000001 26.6 8.8 17.400000000000002 68.4 13.600000000000001 34.2 7.6000000000000005 36.6 15.8 61.2 43.400000000000006 23.8 0 0 0 0 0.4 0 0.6000000000000001 0 0 0.6000000000000001 13 0 13 13.4 0 0.4 1 0.2 0 12.200000000000001 11.200000000000001 0 0 0 0 0.6000000000000001 0.6000000000000001 0 0 0 0 0 1.2000000000000002 0.6000000000000001 0 0.6000000000000001 0 0 0 0 0 0 0 0 0 0 0 3.4000000000000004 0 0 0 0 0 0 0 0 0 0 0 0 5.800000000000001 7.6000000000000005 0 3 0 6.2 2 1.6 7.4 4.6000000000000005 5.800000000000001 0 2.8000000000000003 3.2 2.8000000000000003 2.6 0.8 1.8 0 4.4 0 0 0 0 0 0 0 3.4000000000000004 0 0 0 0 0 0.2 0 5 0 0 6 0.2 0 0 0 0 0 0 0 0 0 0 0 0 0 0 0 0 0 0 0 3 0 2.8000000000000003 0 2.6 0.2 0 3.4000000000000004 0 0 0 1.2000000000000002 0 0 2 0 0 0 0 0 0 3.4000000000000004 1.4000000000000001 6.2 7 0 2.6 2.6 0 1.8 2.4000000000000004 0 0 2.8000000000000003 2.6 0 2.8000000000000003 4.2 1.8 0 0 2 0 0 0 0 0 0.2 0 6.4 0 0 0 0.2 0 0 0 0 0 10.600000000000001 8.6 0 0.2 0 0 0 0 0 0 0 0 0 0 0 0 0 0 0 0 0 0 0 0 4.2 0 0 0 0 0 0 0 0 0 0 0 2.2 0 0 33 0.2 0 0 2.2 0 0 0 2.2 0 0 0 0 0 0 0 0 0 0 0 0 0 0 0 0 0 0 0 0 2.6 0 0 0 
 0.2 0 0.2 0 0 0 0 0 0 0 0.4 0.2 0 0.2 0.2 0 0.2 0 0.2 0 54.2 15 54 0 54.800000000000004 60.400000000000006 29.8 10.600000000000001 55.2 51.2 58.2 116 14.200000000000001 16 59 34 65.60000000000001 41.800000000000004 12.8 25.200000000000003 0 2.6 0.8 0 0 0 14 12.600000000000001 0 0.6000000000000001 0.2 0 13.200000000000001 0.2 12.8 0.4 0.6000000000000001 2 17 5 0 0 0 0 0 0.6000000000000001 0.6000000000000001 0 0 0 0 0 0.6000000000000001 0.6000000000000001 0 0.6000000000000001 0 0 0 0 0 0 0 0 0 0 0 0 0 0 0 0 0 0 0 0 0 0 0.4 0 1.6 0 1.6 7.2 7.2 8 0 2.8000000000000003 6 2.2 2 1.4000000000000001 0 1.6 2.8000000000000003 5.2 4.800000000000001 0 0 0 0 2 0 0 0 0 4 4.800000000000001 0 0 0 0 0 0 1.4000000000000001 0 0 0 0.2 0 0 0 0 0 0 0 0 0 0 0.4 0 0 0 0 0 0 0 0 0 0.8 0 0 0 0 0 0 0 0 1.4000000000000001 0 0 0 0 0 0 0 0 2.2 0.4 0 0 0 18.400000000000002 9.4 2.4000000000000004 6.800000000000001 0 0 2 2 2.4000000000000004 4 0.2 0 0 2.8000000000000003 2.4000000000000004 5.2 0 0 0 0 0 0 0 0 7.6000000000000005 0 0 0 0 0 0 0.4 0 0 0 0 7 0 0 0 0 0 0 0 0 0 0 1.2000000000000002 0 0 0 0 0 0 0.2 0 0 0 0 0 0 0 0 0 0 0 0 0 0 0 0 0 4.4 0.4 0.2 0.6000000000000001 15.4 0 0 0.4 0 0 0 0 0 0 0 0 0 0 0 0 0 0 0 0 0 0 0 0 0 0 0 0 0.2 0 0 0 
 0.4 0.4 0.6000000000000001 0.4 0.4 0.4 0.6000000000000001 0.4 0.4 0.4 0.8 0.4 0.4 0.4 0.8 0.4 0.4 0.8 0.4 0.4 31.400000000000002 23.6 8.6 54.800000000000004 0 17.2 10.8 25 20 15.600000000000001 22.8 10.200000000000001 21.8 25.200000000000003 56.6 38.400000000000006 12.8 24.200000000000003 10.4 56 13.200000000000001 0 0 0 0 0 6 23.400000000000002 0 0.6000000000000001 0 0.8 5.6000000000000005 0 4.800000000000001 1.2000000000000002 7.2 12.600000000000001 26.400000000000002 24.8 0 0 0 0 0 0.6000000000000001 0.4 0.2 0 0 0 0 0.8 0.2 0 4.800000000000001 1.4000000000000001 0 0 0 0 0 0 0 0 0 0 0 0 0 0 0 0 0 0 0 0 0 0 0 0 0 2.6 0 3.2 17.2 0 0 0 0.2 3.4000000000000004 1.8 0 0 2.6 0 2.2 0 0 0 2 0.4 3.8000000000000003 0 0 2.8000000000000003 14.600000000000001 0 5 0 0 1.6 3.8000000000000003 1.8 3 0 2 0 0.2 2.6 0 0 0 0 0 0 0 0 0 0 0 0 0 0 0 0 0 0 0 0 0 1.4000000000000001 0 0 0.2 0 0 3.6 0 0 0 0 0 0 0 0 0 0 0 0 0.2 2.8000000000000003 4 0.4 0 6 0.2 1 3.6 0 2.2 0 0 0 0 0 7.2 1.6 2.8000000000000003 0 0 0 0.2 3 0 0 2 0.2 0 4.6000000000000005 0.4 0 5.2 1.8 3 2.4000000000000004 2.2 4.800000000000001 6.2 7.4 0 0 0 1.4000000000000001 0 0 0 0 0 0 0 0 0 0 0 0 0 0 0 0 0 0 0 0 0 0 0 0 0 0 0 0 0 0 0.8 0.4 4 0 1.4000000000000001 0.4 2.2 0.4 0 0 0 0 0 0 0 0 0 0 0 0 0 0 0 0 0 0 0 0 0 0 0 0 0 0 0 0 
 0 0 0 0 0.4 0 0.4 0.4 0 5.6000000000000005 0.4 0 0 0 0.4 0 0 0 0.4 0 7.6000000000000005 6.2 32.4 60.400000000000006 17.2 0 8.6 50 69.2 53.2 66.4 12 48.2 9.4 12.4 16 30.6 63.2 6.800000000000001 14.4 24.8 5.800000000000001 0 0 0 0 1.2000000000000002 0.4 0 0.6000000000000001 0.2 0.2 13.200000000000001 23.200000000000003 0.6000000000000001 1.2000000000000002 0.6000000000000001 1 12.8 0 6.4 0.6000000000000001 0 0.4 0.4 0.6000000000000001 0.6000000000000001 0.2 11.200000000000001 0 0 0 1.2000000000000002 0.6000000000000001 0 0.6000000000000001 0.4 0 0 0 0 0 0 0 0 2.6 0 0 0 0 0 0 0 0 0 0 0 0 0 0 0 0 1 2.6 3.6 2.8000000000000003 0 0 0.2 0 0 3.6 0 0 0.2 0 5.4 0 0 0 2.2 6.6000000000000005 3.2 0 0 0 5.2 4.4 0 0 0 0 4.2 7.2 3.8000000000000003 6.4 0 0 3.4000000000000004 4.4 0 0 0.2 0 0 0 0 0 0 0 0 0 0 0 0 0 0 0 0.2 0 0 0 0 0 0 0 0 0 1 0 0 0 0 0 0 0 0 1.2000000000000002 0 0 0 0 0 3.6 2.2 3.2 0 0 0.2 2.2 2.6 2 0 0 0 3.6 3.6 3.6 0 0 2.2 1.4000000000000001 2 2.6 0 0 2.8000000000000003 3.4000000000000004 3.6 1.8 1.2000000000000002 0 0 1.4000000000000001 0 0 0.2 4 5.4 5 0 0 0 0 0 2.4000000000000004 0 0 0 0.2 0 0 0 0 0 0 0 0 0 0 0 0 0 0 0 0 0 0 0 0 0 0 0 0 0.6000000000000001 0 0.2 22.400000000000002 0 0.2 0 0.4 0 0 0 0 0 0 0 0 0 0 0 0 0 0 0 0 0 0 0 3.8000000000000003 0 0 0 0 0 0 0 0 
 0 0 0.4 32.800000000000004 0.2 17 0 0 0 7 15.600000000000001 15 0 0 0 0 15 14.8 0 0 77.4 15.200000000000001 53.2 29.8 10.8 8.6 0 33 59 8.6 8.4 6.800000000000001 50.2 25 43 30.6 10.8 9 18 32.6 2.4000000000000004 0 0 0 0.2 0 0 0.8 1.2000000000000002 0.6000000000000001 11.4 0 0.6000000000000001 0 0 0.4 0.6000000000000001 0.4 0 1.2000000000000002 0 0 2.4000000000000004 0 0 1.4000000000000001 0.6000000000000001 0 4.800000000000001 1.2000000000000002 0 1.2000000000000002 0.6000000000000001 0.6000000000000001 0 0.6000000000000001 0 0 0 1.6 0 0 0 2.4000000000000004 5.800000000000001 0 0 0 12.200000000000001 1.8 0 0 0 0 0 0 0 0 0 0 11.4 5.6000000000000005 8.6 3 2 0 4.6000000000000005 0 2.8000000000000003 0 0 0 2.6 5 3 6.4 2 6.2 0.2 6.4 0 0 0 0 0 0 0 0 0 0 0 0 0 0 0 0 0 0 0 0 0 0 0 0 0 0 0 0.6000000000000001 0 0.4 0 0 0 0 0 0 0 0 0 0 0 0 0 5.4 3.8000000000000003 3.8000000000000003 0.2 0 0 2.4000000000000004 1.2000000000000002 5.6000000000000005 0 0 0 0 0 7.800000000000001 0.4 0 1.6 9 1.6 2.4000000000000004 0 0 0.2 2.6 0 4.4 2 1.8 5.2 3.8000000000000003 5 2 8.200000000000001 0 0 0 0 0 0 0 0 0 0 4.2 0 0 0 0 2.4000000000000004 0 0 0 0 2 0 2.4000000000000004 0 0 0 1.4000000000000001 0 0 0 0 0 0 0.2 0 0 0 0 0 0 0 0 0 0 0 0 0 0 0 0 0 0.4 0 0 0 0 0 1.8 0 0 0 0 0 0.4 0 0 0 0 0 0 0 0 0 0 0 0 0 0 2.6 0 0 0 0.6000000000000001 0 0 0 0 0 0 0 0 0 0 
 0.4 0.2 0.4 0 2.2 15 0 0 0 0.2 5.4 0 0.2 0 0.4 0 0 14.600000000000001 0.4 0.4 57.6 23.6 12.600000000000001 10.600000000000001 25 50 33 0 50 8.8 25.6 10.600000000000001 39 79.60000000000001 52 7.6000000000000005 61.2 16.8 14.8 8.200000000000001 4.2 12.600000000000001 0.6000000000000001 0.6000000000000001 0.2 0 0 0 0 1.2000000000000002 0.2 0 14.200000000000001 0 0 1 1 0.4 13 0 6.4 0 2.2 0.6000000000000001 0.2 1.2000000000000002 0.6000000000000001 0 0.4 0.4 0.4 0.6000000000000001 0.6000000000000001 0.6000000000000001 0 0.6000000000000001 0 0.4 0 1 0 0 0 4 6.800000000000001 0 0 0 2.8000000000000003 2.2 0 0 0.4 0 0 0 0.2 0 0 0 8.6 4.800000000000001 3.6 3.2 8.200000000000001 0 4.4 2.4000000000000004 2.2 2.6 5.4 0 0 0.4 2.2 6 4.2 5 0 1.4000000000000001 0 0 0 0 0 0 0 0 0 0 0 0 0 0 0 0 0 0 0 0.2 0 0 0 0 0 0 0 0 0 0 0 0.6000000000000001 0 0 0 0 0 0 3.2 0.2 0 0 0 3.8000000000000003 2.2 3.2 0 0 0 0 0 6.6000000000000005 0 0 0 0 0 1.6 0 0 2.2 9.600000000000001 2.4000000000000004 4.800000000000001 2.2 0 0 4.6000000000000005 5.800000000000001 2.4000000000000004 4.800000000000001 0 2.2 4 2.6 3.8000000000000003 6.4 6 0 0 0 0 0 0 0 0 0 0 0 0 0 0 2.2 0 0 0 0 0 1 3 0 0 0 0 0 0 0 0 0.4 0 0 0 0 0 0 0 0 0 0 0 0 0 0 0 0 0 0 0 0 0 0 0 0 0 2 0 0 0 15 0.4 1.8 0 0 0 0 0 0 0 0 0 0 0 0 0.4 0 0 0 0.2 0 0.4 0 0 0 0 0 0 0 0 0 0 
 0 0 0.2 0.4 3.6 8.200000000000001 0 0 0 0 0.2 0 0 0 0 0 0.4 0 0 0.4 22.8 85.4 26.6 55.2 20 69.2 59 50 0 17.6 33.6 20.8 44.800000000000004 19.6 78.80000000000001 8.200000000000001 110.4 18.8 35.4 7.800000000000001 0 0 0 0 0 0 0 0 0 0.6000000000000001 0.4 0 17.400000000000002 0 0 0.4 0.6000000000000001 7.800000000000001 4.800000000000001 12.4 0 0 0 0 0 0.6000000000000001 0.6000000000000001 0 0 0 0 0 0.6000000000000001 0.6000000000000001 0 0.6000000000000001 0 10.8 0 0 0 0 0 3.6 0.4 0 0 0 0 0 0 0 0 0 0 0 0 0.4 0 0 0.4 10.600000000000001 8.200000000000001 3.6 7.2 4.800000000000001 3.2 2.2 4.4 4.4 6 4.6000000000000005 2.8000000000000003 6.4 2.6 4 2 3 0 3.2 0 0 0 0 0 0 3.8000000000000003 0.8 0 0 0 0 0 0 0 0 0 0 1.6 0 0 0 0 0 0 0 0 0.2 0 0 0 0.6000000000000001 0 0 0 0 0 0 2 0 0 0 0 0 3.6 0 0 0 0 0 0.2 0 0 0 0 0 0 1.2000000000000002 0 0 0 5.800000000000001 5 3.6 4.6000000000000005 3 0 4.4 4.800000000000001 6 6.800000000000001 1.4000000000000001 0 2.8000000000000003 0.2 5 10 5.6000000000000005 0 0 0 0 3.2 0 0 0 0 0 1.8 0 0 0 3.6 0.2 0 0 0 0 12.8 4 0 0 0 0.2 0 0 0 0 0 1.4000000000000001 0 0 0 0 0.2 0 0 0 0 0 0 0 0 0 0 0 0 0 0 0 0 0 0 0 5.2 0 0.4 0.2 0.2 0 2 0.2 0 0.2 0 0 0 0 0 0 0 0.4 0 0 0 0 0 0 0 0 0 0 0 0 0 0 1.8 0 0 0 
 0 0 0 0 0 0.4 0.4 0 0.4 0 0 0 0.4 0 0 0 1.2000000000000002 0 0 0 30.400000000000002 12.4 8.8 51.2 15.600000000000001 53.2 8.6 8.8 17.6 0 48.800000000000004 69 14.8 71.4 25.6 31.200000000000003 28.200000000000003 33 22.6 41.800000000000004 13.8 0.8 0.8 0 0.4 0.6000000000000001 0 0 0 0.6000000000000001 0.4 0.4 1 0 0 0.4 0.6000000000000001 0.4 1.2000000000000002 0 0 0 0 1.2000000000000002 0 0.6000000000000001 2.8000000000000003 0 0 0 0 0.8 0.6000000000000001 6.6000000000000005 0 1.6 0 0 0 0 0 0 0 0 0 0 4.2 0 0.4 0 0 0 0 0 0 0 0 0 0 0 2.6 0 2 4.800000000000001 0 0 0.2 1 2.4000000000000004 0 0 12.600000000000001 0 4.800000000000001 0.2 10 2.8000000000000003 8.6 0 0 0 2.4000000000000004 2.8000000000000003 0 0 0 0 0.2 0 0.2 0 0 0 0 0 3.8000000000000003 0 0 0 5.4 0 0 1.6 0 0 0 0 0 0 0 0.4 0 0 0 0 0 0 0 0 0 0 0 0 0 0 0 0 0 0.8 0 0 0 0 0 0 0 0 2.8000000000000003 0 0 2.6 1.6 4 4.800000000000001 1.4000000000000001 7.6000000000000005 1.4000000000000001 1.4000000000000001 0.2 8.6 3.2 5.4 0 1.4000000000000001 0 1.2000000000000002 2.4000000000000004 0 0 0 2.2 0 0 0 0 0 4 0 3.8000000000000003 0 0 0 2 1.4000000000000001 0 0 0 2.2 4 0 0 0 0 0 0 0 0 0 0 0 0 0 0 0 0 0 0 0 0 0 0 0 3.8000000000000003 0 0 0.2 0 0 0 0 0 0 0.2 0 0.6000000000000001 0 0 15.600000000000001 1 0 15.4 3 0 0 0 0.2 0 0.2 0 0 0 0 0 0 0 0 0 0 0 2 0 3.6 0 0 1.6 2.4000000000000004 0 0 0 0 
 0.4 0.4 0.4 0 0.4 0 0.2 0.2 0.2 0 0 0.4 0.4 0.4 0.4 0.4 0.4 0.2 0.2 0.2 53 7.2 17.400000000000002 58.2 22.8 66.4 8.4 25.6 33.6 48.800000000000004 0 64.8 66.8 31.8 114.4 34.800000000000004 43 40.6 51.400000000000006 17.400000000000002 6.4 12.600000000000001 0.8 0.6000000000000001 0 0 12.8 0 0 0.6000000000000001 0.4 0 6 12.4 0 0.4 0.6000000000000001 0.6000000000000001 6.2 0.2 10.600000000000001 0 0 0 0 0.6000000000000001 0.6000000000000001 0 0 0 0 0 0.6000000000000001 0.6000000000000001 0 0.4 0.2 0 0 0 0 0 0 0 0 0 0 0 0 0 0 0 2.2 0 0 0 0 0 0 0 7.6000000000000005 0 2 5.2 1.2000000000000002 1.8 0 2 0 0 0 0 0 0 0 0 4.4 0 2 0 0 3 0.2 0 0 0 0 0.2 0 0 0 0 0 2.6 0 2.6 0.2 0 2.8000000000000003 0 0 0 0 0 0 0 0 0 0 0 0 0 0 0 0 0 0 0 0 0.6000000000000001 0 0 0 0.2 0 0 0 0 0 0 0 0 0 0 0 0 0 0.4 0 0 2.4000000000000004 0 3.4000000000000004 6.800000000000001 1.8 2.6 0.4 0.2 9.8 2.6 2 0 3.8000000000000003 0 0 2 4.2 2.4000000000000004 0 0 1.4000000000000001 0 0 0 0 0 1.8 2.8000000000000003 2.2 0 0 0 0 0 0 2 0 0 2.6 3.8000000000000003 0.4 0 0 0 0 0 0 0 0 0 0 0 0.2 0.4 0 0 0 0 0 0 0 0 2.4000000000000004 0 0 0 0 0 0 0.2 0 0 0 0 3.4000000000000004 0.2 0 15.200000000000001 8.6 0.2 1.8 2 0 0 0 0 0 0 0 0 0 0 0 0 0 0 0 0 0 0 0 0 0 0 0 0 0 0 0 0 
