 0 56.800000000000004 65.8 26.6 9.200000000000001 28 57.2 44.800000000000004 7 17.400000000000002 7.2 30.8 13.8 23.400000000000002 40.800000000000004 23.400000000000002 29.200000000000003 43.6 12.200000000000001 22.8 0 0 0 0.4 0.2 0 0 0 0 0 0 0 0 0.4 0.6000000000000001 0.2 0 0 0.6000000000000001 0 0 0.2 0 0 0 0 0 0 0 0 0 0 0 0 0 0.8 0 0 0.4 0.6000000000000001 0 0.6000000000000001 0 0.4 1.2000000000000002 0.4 1 0 0.4 0 0 0 0 0.8 0 0.6000000000000001 0 0 0 0 0 6.800000000000001 1.8 4 5 3.4000000000000004 2.6 2.6 0 6.2 7.6000000000000005 2 0 0 7.4 5.2 12 2 0 0.2 0 0 0 3 0 0 0.4 0 0 0 0 0 0.2 0 0 0 0 0 4.6000000000000005 0 0 0 0 0 0 0 0 0 0 0 1.8 0 0.4 0 0 0 0 0 0 0 0 0 0 0 0 0 0 0 0 0 0 0 0 0 0 0 0 0 0 0 3.4000000000000004 5.6000000000000005 3 0.2 4.4 0.4 0.2 6.6000000000000005 3.4000000000000004 14.4 0.2 13.600000000000001 3.4000000000000004 4 3.6 2.8000000000000003 6.4 2.2 0 0 3 0 0 0 0 0 0 0 0 0 3.8000000000000003 0 0 0 0.4 0 0 0 0 0 0 0 0 0 0 0 0 0 0 0 0 0 0 0 0 0 0 0.4 0 0.2 0 0 0 0 0.4 0 0 4 0 0 0 0 0 0 0 0 0 0 0 0 0 3.2 0 0 0 0.4 17.8 0.2 0 0.4 0 0 0 0 0 0 0 0 0 0 0 0 2 0 0 0 0 0 0 0 0 0 0 0 0 2.2 4 0.4 0 0 0 0 0 0 0 0 0 0 0 0 
 56.800000000000004 0 48.2 12.8 52.6 4.4 64.60000000000001 18.2 55.6 7.2 7.4 7.800000000000001 15.4 31.8 34.800000000000004 9.4 54.6 7.2 32.2 47 1.4000000000000001 0 0 0.4 0 0 0.8 0 0 0 0 0 0 0.4 0.6000000000000001 0 0 0 16.8 0 0 0.8 0.2 0 0 0.4 0 0 0 0 0 0.6000000000000001 0.2 0 0 1 0 0.4 0.4 0.6000000000000001 0 0.6000000000000001 0 0.8 0 0.6000000000000001 0 0 0.8 11.200000000000001 0.2 0 0 9.4 0 0.8 10 0 0 0 6.6000000000000005 11 12.600000000000001 1.4000000000000001 5.2 6.800000000000001 3.2 3.2 1 3 6 0.6000000000000001 0 4 7 3.8000000000000003 17.2 4 3 6 0 0 0 0 0 0 0 0 0 0.2 0 0 0 0 0 0 0.2 0 0 0 0 0.4 0 0 0 0 0 0 0 0 0 0 0 0 0 0 0 0 0 0 0 0 0 0 0 0 0 0 0 0 0 3.8000000000000003 0 0 0 0 0 0 0 0 2.8000000000000003 9.200000000000001 0.4 4.2 1.2000000000000002 0 15 8.200000000000001 5.2 13 3.4000000000000004 5 0 10.200000000000001 7.4 1.4000000000000001 0.6000000000000001 3.2 0 4 0.2 0 0 0 0 0.4 0 0.2 0 0 0.2 0 0 0 0 0 0.4 0 0 1.8 0 0 0 1.2000000000000002 0 0 0 0 0 0 0 0 0 0.2 0 0 0 0 0 0 0 0.4 0 0.2 0 0 0 0 0 0 0 0 0 0 0 0 0 0 0 0 0 0 0 0 0 0 18 0 0.4 0.4 2 2 0 0 0 0 0 0 0 0 0 0 0 0 0 0 0 0 0 0 0 0 0 0 0 3 2.4000000000000004 3.6 0 0 0 0 0 0 0 0 0 0 0 0 
 65.8 48.2 0 20.200000000000003 28.8 25.8 75.8 18.2 17 28.6 24.400000000000002 35.800000000000004 12.200000000000001 7.6000000000000005 10.8 58.400000000000006 55.400000000000006 41.400000000000006 14.8 25.400000000000002 0 0 0 0.4 0 0 0 0 0 0.2 0 0 0 0.4 0.6000000000000001 0 0 18.400000000000002 0.6000000000000001 0 0 0.6000000000000001 0 0 0 0 0 0 0.2 0 0 0 0 0 0 0.8 0 0 0.4 0.6000000000000001 0 0.4 0.2 0.6000000000000001 0 0 0 0 0.6000000000000001 0.4 0 0 0 1 10.200000000000001 0.6000000000000001 0 0 0 0 3.6 4 10.200000000000001 3.8000000000000003 2.4000000000000004 3.6 2.8000000000000003 8.8 1 0 7 4.2 0 1 10.8 2 7.4 4 0 0 0 0 0 0 0 0 0 0 0 0 0 0 6.4 1 0 0 0 0 2.6 0 0 0 0 2.2 0 0 0 0 0 0 0 0 0 0 0 0 0 0 0 0 0 0 0 0 0 0 0 0 0 0.4 0 0 0 0 0 0 0 0 0 0 0 0 5.4 1.8 4.6000000000000005 2.2 0 3.2 5.4 7 0 5.6000000000000005 4 4.800000000000001 0 3.4000000000000004 2.8000000000000003 8 0 0 10.8 0 0 0 0 0 0 0.2 0 0 0 0 2.8000000000000003 0 3.2 0 0 0 0.2 3.4000000000000004 0 0 0 0 0.4 0 0 0 0 0 0 0 0 0 0 0 0 0 0 0 0 0 0 0 0 0 0 0 0 0 2.4000000000000004 0 0 0 0 0 0 0 0 0 0 1.2000000000000002 0 0 0 0 9.4 0.2 0.2 18.2 0.2 1 5.800000000000001 0.2 0 0 0 0 0 0 0 0 3.6 0 0 0 0 0 0 0.4 0 0 0 0 0 4.4 2.2 0.2 0 0 0 0 0 0 0 0 0 0 0 0 
 26.6 12.8 20.200000000000003 0 21.200000000000003 66 16.2 21 15.200000000000001 63.6 93.4 33.2 12.4 32.6 10 50.400000000000006 94.4 54.2 17.6 11.600000000000001 0 0.4 0 15.8 0 0 0.4 0 0.2 0 0 0 30.6 22 0.6000000000000001 15.4 0 0 27.6 15 0 0.6000000000000001 0 0 0 0 0 0 0.2 0 0 0 0 2 0 0 0 0 0.8 0.6000000000000001 0 0.2 1.6 0.6000000000000001 0 0 0 0 0.6000000000000001 0.6000000000000001 0 0 0 8.200000000000001 0 0.4 0 0 0 0 0 0.2 0.2 0 2.2 2.2 0 2.2 0 0 1.8 1.4000000000000001 0 2.4000000000000004 0.2 0 3.2 3.6 0 0.2 3.8000000000000003 0 5.2 0 0 0 6.4 0 0 0.2 0 1.8 2 1 3 1.6 0 0 3.4000000000000004 2 0 0 0 0 0 0 2.6 0 0 0 0 0 0 0 0 0 0 0 0 0 0 0 0 0 0 0 0 0 0 0 0.4 0 0 0 1.2000000000000002 0 0 0 0 0 0 7 0 2.8000000000000003 2.8000000000000003 6.800000000000001 1.4000000000000001 0 0 0.4 2.6 0 0 0 0.2 0 2.2 0 0 0 4.4 3.2 1 0 0 0 0.4 4.2 0 0 0 0 2 0.2 2.2 0 0 0 2.2 0 0 0 0 0 2.8000000000000003 0 0 0 0 2.4000000000000004 0 0 0 0 0 0 0 0 0 0 0 0 0 0 0 0 0 0 0 0 0 0 0 0 0 0 0 0 0 0 0 0 0 0 0 0 0 0 0.8 27.200000000000003 2.2 1.2000000000000002 3.8000000000000003 0 0 0 0 0 0 0 0.2 0 0 0 0 0 0 0 0 0 0 0 0 0 0 0 2 0 0 0 0 0 0 0 0 0 0 0 0 0 
 9.200000000000001 52.6 28.8 21.200000000000003 0 52.6 30.400000000000002 10.4 36 54.6 16 78.60000000000001 21.8 22.6 13.8 14.600000000000001 13.4 43.400000000000006 14 17.8 0.6000000000000001 0 0 0.4 0.2 0.8 25 14.8 0 0 0.4 0.4 15 20.200000000000003 0.6000000000000001 1.2000000000000002 0 0.2 30.400000000000002 26.6 0 0.6000000000000001 0.6000000000000001 0 0 0.4 0.4 0 12.200000000000001 0 0.4 1 0 1 0 0 0 0.6000000000000001 2.4000000000000004 0.6000000000000001 0.2 0.6000000000000001 0 0.6000000000000001 0.2 0.4 0.6000000000000001 0.6000000000000001 1.2000000000000002 0 0 0 1 0.6000000000000001 0 0.6000000000000001 0 0.6000000000000001 0 0 0 1.4000000000000001 0 2.2 2.4000000000000004 2.6 0 0 2 0 2.2 3 0 0 3.6 0 0 0 0 0 3.6 2 5.800000000000001 0 0 0.2 11.200000000000001 0 4.2 2.2 1.8 0 6 1.4000000000000001 0 1.6 0 0 5.4 4.2 0 0 0 0 0 0 0 0 0 0 0 0 0 0 0 0 0 0 0 0 0 0 0 0 0 0 0 0 0 0.2 0.4 0 0 0 3.6 2.4000000000000004 0 0 0 0 0.2 0 0 5 0.2 0.2 0 0 2.6 1.4000000000000001 2.8000000000000003 7.800000000000001 0.2 0 0 0 0 5.6000000000000005 2.2 0 2.4000000000000004 4.2 0.2 0 0 0 3.8000000000000003 1.2000000000000002 3 6.2 0 0 3 3.8000000000000003 3.4000000000000004 6 0 0 5.800000000000001 10.8 2 0 0 0 0.2 0 0 0 0 0 0 0 0 0 0.4 0 0 0 0 0 0 0 0 0 0 0 0 0 0 0 0 0 0 0 0 0 0 0 0 0 0 0 0 0 0.4 1.2000000000000002 0.4 0 0.8 1.2000000000000002 0 0.6000000000000001 0 0 0 0.2 0 0 0 0 0.8 0 0.4 0 0 0 0 0 0 0.2 0 0 0 0 0 2.8000000000000003 0 0 0 0 0 0 0 0 0 0 0 0 0 0 
 28 4.4 25.8 66 52.6 0 15.600000000000001 7.4 53.800000000000004 62.2 56 59.6 8.4 68 13.4 79.4 11.200000000000001 22.6 13.8 12.200000000000001 0.6000000000000001 31 0.2 0.4 0.6000000000000001 0.8 15 0 0.2 0 0.6000000000000001 0 16.6 4.800000000000001 30.8 0.4 0 0 19.8 0 0 0.6000000000000001 0 0.8 0 0.4 0 0.4 0 0 0 0 0.4 1.4000000000000001 0 0 0 0 1 1 0 0 8.8 0.6000000000000001 0 0 0 0 0.6000000000000001 0.6000000000000001 0 0 0 1 0 0.2 0 0 0.4 0 4 4 0 3.6 13 1.2000000000000002 0 0 0.2 0 0 5.6000000000000005 0 0 1.8 2.2 0 0 0 0 2.8000000000000003 0 3.2 0 0 0 13.4 6.4 3.4000000000000004 0 0 2 8.4 4.2 2 5.800000000000001 3 3 0 4.800000000000001 0 0 0 0 0 0 0 0 0 0 0 0 0 0 0 0 0 0 0 0 0 0 0 0 0 0 0 0 0 0 0 0 0 3.4000000000000004 0 0 0 0.4 3.4000000000000004 0 0 0 3.2 4.2 3.4000000000000004 9.8 0 0 3.6 0 2.2 0 0 0 0 0 0 3.4000000000000004 0 0 0 2 0 1.6 0 0 3 7.2 0 0 0 0 1.6 6.2 8.6 0.2 1.6 0 3 0.6000000000000001 0 0 0 0 3.2 0 0 0 0 0 0 0 0 0 0 0 0 0 0 0 0 0 0 0 0 0 0 0 0 0 0 0 0 0 0 0 0 0 0.4 0 0 0 0 0 0 0 0 0 0.8 2.6 0 1 0.6000000000000001 0.4 0 0 0 0 0 0 0 0 0.2 0 0 0 3.2 0 0 1.2000000000000002 0 0 0 0 0 0.2 0.2 0 0 0 0 0 0 0 0 0 0 0 0 0 
 57.2 64.60000000000001 75.8 16.2 30.400000000000002 15.600000000000001 0 71.8 28.6 8.4 11 25.8 56.400000000000006 68 48.6 16.8 41.400000000000006 9 16.6 73.8 0 0 0.4 0.4 0 0 0 0.2 0 0 0 0 0.4 0.4 0.6000000000000001 0 0.4 0 0.6000000000000001 0 0 0.4 0 0 0 0 0 0.4 0 1.2000000000000002 0 0 0 0 0 0 0 0 0.4 0.6000000000000001 0 0.6000000000000001 0 0.6000000000000001 0.4 0.4 0 0 0.6000000000000001 0 0 0 0 8.6 0 1 0 0 0 0 11.4 5 6.800000000000001 0 2.6 0 2.2 1.4000000000000001 2.6 3 0 0.4 2.8000000000000003 2.4000000000000004 2.8000000000000003 2.2 4 2 1.8 7.800000000000001 0 0 0 0 0 0 0 0 0 0 0 0 0 0 0 0.4 0 0 0 0.4 0 0 0 0 0 0.4 0 0 0.4 0 0 0 0 0 0 0 0 0 0 0 0 0.4 0 0 0 0 0 0 0 0 0 2.4000000000000004 0 0.2 0 0 0 0 0 0 3 8.4 1.6 0 0 0 4.6000000000000005 6 2.6 5.800000000000001 0.2 0 2 2.6 3.4000000000000004 1.4000000000000001 0.8 2.8000000000000003 0 10.600000000000001 0 0 0 2.4000000000000004 0 0 0 0 0 0 0 0 0 0 0 0 0 0 0 0 0 0 0 0 0 0 0 0.4 0 0.2 0 0 0 0 0 0 3 0 0 0 0 0 0.2 0 0 0 0 0 0.2 0 0 0 0 0 0.2 0 0 0 0 0 0 0 0 0 0 0.4 0.4 0 0.4 0 2.6 1 0 0 0 0 0 0 0 0 0 0 0 0 0 0 0.4 0 0 0 0 0 0 0 0 0 1 0 0 0 0 0 0 0 0 0 0 0 0 0 
 44.800000000000004 18.2 18.2 21 10.4 7.4 71.8 0 28.8 5.800000000000001 25.6 8.8 35 68.60000000000001 32.6 9.600000000000001 23.6 11.200000000000001 26.200000000000003 8 0.6000000000000001 0 0 7.800000000000001 0 0 0 0 0 0 0 0 0 0.4 0.6000000000000001 0.6000000000000001 0.4 0 0.6000000000000001 0 0 0.6000000000000001 0 0 0 0 0 0 0 0.8 0 0 0 0 0 0 0 0 0.4 0.6000000000000001 0 0.4 0 0.6000000000000001 0 0 0 0 0.6000000000000001 0.4 0 0 0 7.2 0 0.6000000000000001 10 0 0 0 4.800000000000001 3.2 3.2 0 5.2 2 2.4000000000000004 2 2.2 2.2 3.2 0 0 5.4 2.6 1.4000000000000001 5.4 11.600000000000001 0 5.800000000000001 0 0 0 0 0 0 0 0 0 0 0 0.6000000000000001 0.4 0 0 0 0 0 0 0 0 0 0 0 0 0 0 0 0 0 5.2 0 0 0 0 0 0 0 0 0 0 0 0 1.6 0 0 1.4000000000000001 0 0 0 0 2 0 0 0 0 0 0 0 0.2 0 8.200000000000001 0.4 0 0 2.2 4.4 3.8000000000000003 4.800000000000001 0 0 0 0.2 2.6 0 1.6 7.2 0.4 0 5.6000000000000005 0 0 0 0 0 0 0 0 1.8 0 0 0 0 0 0 0 0 0 0 0 0 3.4000000000000004 0 0 0 0 0 0 0 0 0 0 0 0 0 0 0 0 0 0 0 0 0 0 0 0 0 0 0 0.4 0 0 0 0 0 0 0 0 0 0 0 0 0 0 0 0 0 0 0.2 0 3 2.4000000000000004 0 0 0 0 0 0 0 0 0 0 0 0 0 0 0 0 0 0 0 0 0 0 0 0 13.4 0 0 0 0 0 0 0 0 0 0 0 0 0 
 7 55.6 17 15.200000000000001 36 53.800000000000004 28.6 28.8 0 33.800000000000004 13.8 24 13.200000000000001 15 37.800000000000004 9.200000000000001 26.200000000000003 26.400000000000002 35 26.400000000000002 0 0 0 0.4 0 0 0 0 0.4 0 0 0.4 14.600000000000001 0.4 0.6000000000000001 0 0 0 0.6000000000000001 0 0 0.4 0 0 0 0 0 0 12.8 0 3 0 0 0 0 0 0 0 0.4 0.6000000000000001 0 0.6000000000000001 0 0.6000000000000001 0.6000000000000001 0.2 0.4 0 0.6000000000000001 0 0 0 0 0.6000000000000001 0 11.4 0 0 0 0 0 0 2 0 0 2.2 5.6000000000000005 0 4.6000000000000005 3.2 5.2 3.2 1.6 2.8000000000000003 0 0 5 4.4 0 0 0 0 0 0 0 0 0 2.8000000000000003 0 0 0 0 4.6000000000000005 0 0 0 0 0 2.4000000000000004 5.2 0 0 0 0 0 0 0 0 0 0 0 0 0 0 0 0 0 0 0 0 0 0 0 0 0.2 0 0 0 0 0 1 2.4000000000000004 0 0 2.6 0 0 0 0 0 2.8000000000000003 0 0 0.4 0 0 0 1.8 0 0.4 0 4 0 0 0 2.6 6.4 2 2.8000000000000003 0 2.6 0 0 0 0 0 0 3.6 0 0 0 0 5.4 0 0 0 0 0 5 0 0 0 0 0 0 0 0 0 0 0 0 0 0 0 0 0 0 0 0 0 0 0 0 0 0 0 0 0 0 3 0 0 0 0 0 0 0 0 0 0 0 0 0 0 0 0.2 0.2 0.2 0.2 0 0.4 1 0 0 0 0 0 0 0 0 14.8 0 0 0 0 0 0 0 0 0 0 0 0 0 0 3.4000000000000004 0 0 0 0 0 0 0 0 0 0 0 0 0 0 
 17.400000000000002 7.2 28.6 63.6 54.6 62.2 8.4 5.800000000000001 33.800000000000004 0 54 11.200000000000001 8.6 16.6 76.80000000000001 29 9.4 50 21.400000000000002 20 0.2 0 0 0.4 0 0 14.8 5.2 0 0 0 0.4 4.800000000000001 13.200000000000001 0.6000000000000001 0.6000000000000001 0 0.2 13.4 0 0 0.4 0 0 0 0 0 0.6000000000000001 0 0.6000000000000001 2 0 0 1.6 0 0 0 0 1.2000000000000002 0.6000000000000001 0 0.6000000000000001 10.200000000000001 0.6000000000000001 1.2000000000000002 0.4 1 0 0.6000000000000001 0 0 0 0.4 1.2000000000000002 0 0.6000000000000001 9.8 0 0 0 0 12.200000000000001 0.2 6.2 7.6000000000000005 0 0 0 0 2.2 2.2 2 0 0.2 3.8000000000000003 5.2 4 2.8000000000000003 0 0 2 0 0 0 0 0 8.200000000000001 8.4 5.800000000000001 0 0 0 8.200000000000001 1.4000000000000001 2.2 0.2 0 0 2.4000000000000004 5.800000000000001 0 0 0 0 0 0.2 0 0 0 0 0 0 0 0 0 0 1.4000000000000001 0.4 0 0 0 0 0 0.4 0.4 0 0 0 0 0 1.2000000000000002 1.6 0 0 1.8 0 0 0 0 0 3.4000000000000004 2.2 1.8 3.6 4.2 0 0.2 4.2 3 0 4 4.4 3.4000000000000004 0.6000000000000001 0.4 2.2 1.8 2.4000000000000004 0 0 0.4 0 0 0 0 0 0.2 9.200000000000001 0.4 0 0 0 2 0 8.8 0.2 0 0 0.6000000000000001 0.2 0 0 0 0 0 0 0 0 0 0 0 0 0 0 0 0 0 1.4000000000000001 0 0 0 0 0 0 0 0 0 0 0.4 0 0 0 0 0 0 0 0.2 0 0 0 0 0 0 0 0 0 0 0.4 17 0.6000000000000001 0.2 1 0 0 0 0 0 0 0 0 0 0 0 0 0 0 0.2 0 0 0 0 0 0 0 0 0 0 0 0 0 0 0 0 0 0 0 0 0 0 0 
 7.2 7.4 24.400000000000002 93.4 16 56 11 25.6 13.8 54 0 33.2 8.6 8.4 34.6 13.8 38.6 69.60000000000001 16.6 57.2 0.2 15 0 0.6000000000000001 0 0 5.4 0.2 0 0 0 0 29.6 23.200000000000003 0.6000000000000001 0 0 0 20 0.2 0 0.4 0 0 0 0 0 0 0 0 0 0 0 1.6 0 0 0 0 3.4000000000000004 0.6000000000000001 0 0.6000000000000001 0 0.6000000000000001 0 0.2 0 0 0.6000000000000001 0.2 0 0 0 0.6000000000000001 0 0.6000000000000001 0.4 0 0 0 2 6.800000000000001 3.4000000000000004 4.4 9 0 0 0 3.2 0 6.6000000000000005 0 0 0.6000000000000001 10 4.6000000000000005 0 0 0 2.6 2.8000000000000003 0 0 0 0 0 3.2 2.6 0 0 0 0 2.4000000000000004 1.6 0 0 0 0 5.2 4.800000000000001 0 0 0 0 0 0 0 0 0 0 0 0 0 0 0 0 0 0 0 0 0 0 0 0 0 0 0 0 0 0 0.6000000000000001 3.8000000000000003 0 0 1 0 0 0 0 0 0 1.4000000000000001 2.4000000000000004 5 2.2 0.8 1.6 2.8000000000000003 7.800000000000001 0 4.800000000000001 0 0 1.8 0 2.8000000000000003 3 7.4 0 2.2 2.8000000000000003 0 1.6 0 0 0 0 2 0 0 0 0 0 0 3.6 0.2 0 0 2.6 2.2 0 0 0 0 0 0 0 0 0 0 0 0 0 0 0 0 0 0 0 0 0 0 0 0 0 0 0 0 0 0 0 0 0 0 0 0 0 0 0 0 0 0 0 0 0 0.4 0.4 0 0.4 1 0.4 2 0 0 0 0 0 0 0 0 0 0 0 0 0 0 0 0 0 0 0 0 0 0 0 0 4 0.2 0 0 0 0 0 0 0 0 0 0 0 0 
 30.8 7.800000000000001 35.800000000000004 33.2 78.60000000000001 59.6 25.8 8.8 24 11.200000000000001 33.2 0 51 14.600000000000001 26.400000000000002 7.6000000000000005 13.8 43.400000000000006 13 9.200000000000001 0 0 0 0.4 0 0 0.4 0 0 0 0.4 0 63.400000000000006 9.4 0.8 0 0 0 12.8 0.2 0 0.6000000000000001 0 0 0 0 0 0 0.2 0 0 0 0 0 0 0.2 0 0 0.4 0.6000000000000001 0 0.2 1.2000000000000002 0.6000000000000001 0 0 0 0 0.6000000000000001 0.6000000000000001 0 0 0 1 0 0.4 0 0 0 0 0 2.8000000000000003 0 4.2 4.6000000000000005 1.8 0 0 0 0 2.2 0.2 0 0 10.8 2.6 4.6000000000000005 1.8 0 0.2 6.6000000000000005 0 2.8000000000000003 0 0 0 3.4000000000000004 0.2 0 0.6000000000000001 0 2.2 4.4 4 0.4 0 0.4 0 12.4 4 0 0 0 0 0 0 0 0 0 0 0 0 0 0 0 0 0 0 0.2 0 0 0 0.4 0 0 0 0 0 0 3 1.2000000000000002 1.6 0 1.6 4.2 0 0 0 0 0 0 0 3.4000000000000004 2.8000000000000003 3.6 3.2 0 2.2 6.2 0 2 1.2000000000000002 0 0 0.2 4.6000000000000005 0 5.4 3.2 0 3.6 0 1 0 0 0.2 3.6 9.200000000000001 0 0.8 0 0 0 0 2.6 0 0 0 0.8 2 0 0 0 0 0 0 0 0 0 0 0 0 0 0.4 0 0 0 0 0 0 0 0 0 0 0 0 0 0.2 0 0 0 0 0 0 0 0 0 0 0 0 0 3.8000000000000003 0 0 0 0.4 0.4 0 16.8 26.8 0 3.4000000000000004 3 0 0 0 0 0 0 0 0.2 0 2.2 0 0 0 1.8 0 0 0 0 0 0 0.2 0 0 0 0 0 0 0 0 0 0 0 0 0 0 0 0 
 13.8 15.4 12.200000000000001 12.4 21.8 8.4 56.400000000000006 35 13.200000000000001 8.6 8.6 51 0 55.2 27.400000000000002 7.2 24 48.6 59.2 50.800000000000004 1 0 1.2000000000000002 0.4 0 0.6000000000000001 0 0 0 0 0 0.4 0 0.4 0.6000000000000001 0 0 0 0.6000000000000001 0.8 0 0.4 0 0 0 0 13.4 0 0 1 0 0 0 0 0 0 0 0 0.6000000000000001 0.6000000000000001 0 2 0 0.8 0 0.2 0 0 0.6000000000000001 0 0 0 0.4 0.6000000000000001 0 0.6000000000000001 0 0.6000000000000001 0 0 7.2 2 0 0 0 0 4.6000000000000005 7.4 4 1.2000000000000002 0 0 10.200000000000001 0.6000000000000001 0 1 0 0 8.4 1 0.6000000000000001 0.6000000000000001 0 0 0 0 0 0 0 0 0 0 0 0 0 0 0 0 0 0 0 0 0 0 0 0 0 0 0 0 0 0 0 0 0 0 0 0 0 0 0 0 0 0 0 0 0 0 0 0 0 0 0 0 0 0 0 0 0 0 0.2 1 1.8 0 0 0 0 0 1 0 0.6000000000000001 0 3.2 0 0 0 0 0 0 6.2 0 0 0 0 0 0 0 0 0 0 0 0 0 0 0 0 2.6 0 2.8000000000000003 0 0 0 0 0 0 0.2 0 0 0 0 0 0 0 0 0 0 0 0 0 0 0 0 0 0 0 0 0 0 0 0 0 0 0 0.4 0 0 0 0 0 0 0 0 0 0 0 0.4 0 0 0 0 0 1.2000000000000002 0 0 0 0 0 0 0 0 0 0 0 0 0 0 0 0 0 0 0 0 0 0 0 0 0 0 0 0 0 0 0 0 0 0 0 0 0 0 
 23.400000000000002 31.8 7.6000000000000005 32.6 22.6 68 68 68.60000000000001 15 16.6 8.4 14.600000000000001 55.2 0 37 25.8 96.60000000000001 49 40.400000000000006 15.8 0 0.2 14.600000000000001 0.4 0 0 0 0 0 0 0 0 0 0.4 0.6000000000000001 0 0 0.2 0.6000000000000001 0.4 0 0.4 0 0 0 0 0 0 0 0.8 0 0 0 0 0 0 0 0 0.4 0.6000000000000001 0 10.4 0 0.6000000000000001 0 0.2 0 0 0.6000000000000001 0.2 0 0 0 7.4 0 0.6000000000000001 0 0 0 0 4.4 2.2 4.2 0.2 0 0 3.4000000000000004 1.4000000000000001 3 0 6.800000000000001 0 4.800000000000001 4.800000000000001 0.4 2.6 14 1.6 1.6 6.2 0 0 0 0 0 0 0 0 0 0 0 0 0 0 0 0 0 0 0 0 0 0 0 0 0 0 0 0.4 0 0.2 1 0 0 0 0 0 0 0 0 0 0 0 0 0 0 0 0 0.4 0 0 0.2 0 0 0 0 0.4 0 0 0 0 1.6 1.6 0.4 0 0 0 4.6000000000000005 2.8000000000000003 2 2.6 2.2 0 5.4 2.4000000000000004 4.6000000000000005 0 2.6 0 0 0.2 0.4 0 0 0.4 0 0 0 0 0 0.2 0 0 0 0 0 0 0 0 0 0 0 0 0 0 0 0 0 0 0 0 0 0 0 0 0 0 0 0 0 0 0 0 0 0.4 0 0 0 0 0 0 0 0 0 0 0 0 0 0 0 0 0 0 0 0 0 0.6000000000000001 0 0.2 0 0.4 2 0.6000000000000001 0 0 0 0 0 0 0 0 0 0 0 0 0 0 0 0 0 0 0 0 0 3.8000000000000003 0 0 2.8000000000000003 0 0 0 0 0 0 0 0 0 0 0 0 0 
 40.800000000000004 34.800000000000004 10.8 10 13.8 13.4 48.6 32.6 37.800000000000004 76.80000000000001 34.6 26.400000000000002 27.400000000000002 37 0 49.800000000000004 11.600000000000001 49.6 18.400000000000002 43.400000000000006 0 0 0 0.4 0 0 0 0 0 0 0 0 0 0.4 0.6000000000000001 0 0 0 0.6000000000000001 0 0 0.4 0 0 0 5.800000000000001 0 0 0 0 1.6 0 0 0 0 0 0 0 0.4 0.6000000000000001 0 1.8 0 0.6000000000000001 0 0.2 0 0 0.6000000000000001 0.2 0 0 0 0.8 0 0.6000000000000001 0 0 0 0 0 3.8000000000000003 7.2 1.8 2.8000000000000003 0 2.4000000000000004 0 2.8000000000000003 0 2.8000000000000003 0 6 10.8 5 2.2 2 9.600000000000001 3.6 0 0 0 0 0 0 0 0 4 0 0.4 0 0 3 0 0.4 0 0 0 0 0 0 0 0 0 0 0 0 0 0 0 2 0 0 0 0 0 3.4000000000000004 0 0.2 3.6 0 0 0.4 0 0 0 0 0 0 0 0.2 0 0 0 2.2 0 0 0 0 0 2 0 12.600000000000001 3.2 12 2.2 0 0 6.800000000000001 3 3 0 0 0.2 0 2 3.6 12.600000000000001 3 0 0 0 0 0 0 0 0 0.4 0 0 0 0 0 0 2.2 0 0.2 7.2 0 1.6 0 0 0 5.6000000000000005 0 0 0 0 0 0 0 0 0 0.4 0 0 0 0 0 0 0 0 0 0 0 0 0.2 0 0 0 0 0 0 0 0.4 0 0 0 0 0 0 0 0 0 0 0.4 9.200000000000001 0 0.4 0 0 0.4 0 0 0 0 0 0 0 0 0 0 0 0 0 0 0 0 0 0 0 0 0 0.2 0 0 0.2 2 0 0 0 0 0 0 0 0 0 0 0 0 
 23.400000000000002 9.4 58.400000000000006 50.400000000000006 14.600000000000001 79.4 16.8 9.600000000000001 9.200000000000001 29 13.8 7.6000000000000005 7.2 25.8 49.800000000000004 0 77.60000000000001 70.60000000000001 8 31.200000000000003 0.2 0 0.2 1.2000000000000002 0.2 0.6000000000000001 0.4 0.4 0 0 0.2 0.4 0.2 0.4 1 0 0.2 15 0.6000000000000001 0.2 0 0.6000000000000001 0 0 0 0 0 0 0 0 0 0 0 0 0 0 0 0 0.4 0.6000000000000001 0 1.2000000000000002 0 0.6000000000000001 0.4 0.4 0 0.2 0.6000000000000001 0.8 0.4 0 0 1.4000000000000001 0.2 0.6000000000000001 0 0 0 0 0 5.2 4.2 3.2 3 1.8 0.2 3 0 0.2 0 7.4 2 1.6 2.4000000000000004 3 4 0 2 0.2 5.4 0 0 0 0 0 4.2 4 0 0 0 0 2.6 1.6 0 0 0 0 0 2.2 0 0 0 0 0 0 0 0 0 0 0 0 0 0 0 0 0 0 0 0 0 0 0 0 0 0 0 0 0.4 0 0 6.4 0 2.2 0 0 0 0 0 0 0 0.2 14.8 1.8 4.800000000000001 0.2 0 0.2 11.600000000000001 0 3.6 0.8 0 2.2 0 7 0.8 9.4 0 0 0 0 2 0 0 0 0 0 0 0 0 0 0 0 5.800000000000001 0 0 0 0 0.2 0 0 0 0 0 0 0 0 0 0 0 0 0 0 0 0 0 0 0 0 0 0 2.6 0 0 0 0 0 0 0.4 0 0 0 0 5 0 0 0 0 0 0 1 0 0 0 0 1 0 17.400000000000002 0 0 1 0 0 0 0 0 0 0.4 0 0 0 0 0 0 0 0 0 0 0 0 0 0 0 0 1.8 0 0 0 0 0 0 0 0 0 0 0 0 0 0 
 29.200000000000003 54.6 55.400000000000006 94.4 13.4 11.200000000000001 41.400000000000006 23.6 26.200000000000003 9.4 38.6 13.8 24 96.60000000000001 11.600000000000001 77.60000000000001 0 145.4 33.2 62.800000000000004 0 0 0 0.6000000000000001 0 0 0 0 0.2 0 0 0 0 0.4 15.200000000000001 0 0.4 0 0.6000000000000001 0.4 0 0.2 0 0 0 0 0 0 0 0 1.6 0 0 0 0 0 0 0 0.4 0.6000000000000001 0 0.6000000000000001 0 0.4 0 0.6000000000000001 0 0 0.4 0 0 0 0 4.2 0 0.6000000000000001 0 0 0 0 5.800000000000001 2.4000000000000004 13.200000000000001 3.8000000000000003 0 2.4000000000000004 2.6 6.800000000000001 0 4.6000000000000005 2.6 6 3 12.4 4.4 0.2 4.6000000000000005 7.6000000000000005 0.2 5.4 0 0 0 0 0 0 0 0 0 0 0 0 0 0 0 0 0 0 0 0 0 0 0 0 0 0 0 0 0 0 0 0 0 0 0 0 0 0 0 0 0 0 0 0 0 0 0 0 0 0 0 2.6 0 0 0 0 0 0 0 0 4.2 0 3.4000000000000004 0 0 0 1.4000000000000001 2.6 1.6 3.2 1.4000000000000001 1 0 3.2 4 16 6 0 3 2.6 0 0 0 0 0 0 0 0 3.2 0 0 0 2.6 0 0 0 0 0 0 0.2 0 0 0 0 0 0 0.2 0 0 0 0 0 0 0 0 0 0 0 0 0 0 0 0 0 0 0 0 0 0 0 0 0 0 0 0 0 0 0 0 0 0 0 0 0 0 0 0.2 0 0 0.2 0.2 2.6 0 0 0 0 0 0 0 0 0 0 0 0 0 0 0 0 0 0 0 0 0 0 0 11.200000000000001 2 0 0 0 0 0 0 0 0 0 0 0 0 0 
 43.6 7.2 41.400000000000006 54.2 43.400000000000006 22.6 9 11.200000000000001 26.400000000000002 50 69.60000000000001 43.400000000000006 48.6 49 49.6 70.60000000000001 145.4 0 7.6000000000000005 22.400000000000002 0 0 0 0.4 0 0.8 28 0 1.2000000000000002 0 0 0 16 16.2 0.6000000000000001 0 0 0 7 15.4 0 0.4 0 0 0 0 0 0 12.8 0 0 0 0 0.8 0.8 6.2 0 0 2.2 0.6000000000000001 0 0.6000000000000001 0 0.6000000000000001 1.2000000000000002 0.2 3.4000000000000004 0 0.6000000000000001 0.2 0 0 0.8 0.6000000000000001 0 0.6000000000000001 0 0 0 0 0.4 1.8 0 7.2 5 8.8 0 3.8000000000000003 0 2.2 0 6.2 0 0 4.6000000000000005 0 6.6000000000000005 0 0 0 3.8000000000000003 0 0 0 0 0 9.8 3 3.6 0 0 0 1.8 2.6 0 0 0 0 10.600000000000001 2 0 0.4 0 0 0 0 0 0 0.2 0 0 0 0 0 0 0 0 0 0 0 0 0 0 0 0 0 0 0 0 0 2 0 0 0.4 0 1.2000000000000002 0 0 4 0 9.8 0.2 3.6 0 2.8000000000000003 0 0 3.8000000000000003 1.8 0.6000000000000001 5.4 4.800000000000001 4 0 4 6.4 7 1.8 0 0 4 0 0 0 0 0 0.2 0 0 0 0 0 2 0 10.4 0 0 0 3.2 0.6000000000000001 0 0 0 0 0 0 0 0 0 0 0 0 0 0 0 0 0 0 0 0 0 0.4 0.4 0 0 0 0 0 0 0 0 0 0 0 0.4 0 0 0 0 0 0 3.6 0 0 0 1 18.2 0 17.2 2.2 0.2 2.6 0.6000000000000001 0 0 0 0 0 0 0.2 0 0 2.4000000000000004 0 0 0 0 0 0 0 0 0 0 0 0 6.6000000000000005 0 0 0 0 0 0 0 0 0 0 0 0 0 0 
 12.200000000000001 32.2 14.8 17.6 14 13.8 16.6 26.200000000000003 35 21.400000000000002 16.6 13 59.2 40.400000000000006 18.400000000000002 8 33.2 7.6000000000000005 0 52 0.4 0 0 1 0.4 0 0 0 0.4 0 0.2 0 0 0.4 0.6000000000000001 0.6000000000000001 0.4 0.6000000000000001 0.6000000000000001 0 0 0.4 0 0 0 0 0 0 0 0 1.4000000000000001 0 0 0 0 0 0 0 0.4 0.6000000000000001 0 0.6000000000000001 0 0.4 0.8 0.4 0 0 0.4 0 0 0 0 0.6000000000000001 0 0.6000000000000001 0 0 0 0 8 2.2 13 0.6000000000000001 2.2 0 6.800000000000001 0 0 0 2.8000000000000003 1.4000000000000001 3 4.4 4 11.600000000000001 0 0 8.8 1.6 0 0 0 0 1.2000000000000002 0.4 0 0 0 0 0 0 0 0 0 0 0 0 0 0 0 0 0 0 0 0 0.2 0 0 0.2 0 0 0 0 0 0 0 0 0 0 0 0 0 0 0 0 0 0.4 0 0 0 4.6000000000000005 0.4 0 0 0.4 0 0 0 0 0 2.6 0 0 0.6000000000000001 0 3.2 4.4 0 0 0 0 7.6000000000000005 3 0.6000000000000001 6.2 2.2 0 4.4 4.800000000000001 0.4 0 0 0.4 0 0 0 0 0 0 0 0 0 0 0 0 0 0 0 0 0 0 0 0 0 0 0 0 0 0 0 0 3.8000000000000003 0 0 0 0 0 0 0 0 0 0 0 0 0 0 0 0 0 0 0 0 0 0 0 0 0 0 0 0 0 0 0 0 0 0.2 0 0 0.4 0 1.2000000000000002 0 0 0 0 0 0 0 0 0 0 0 0 0 12.4 0 0 0 0 0 0 0 0 0 0 2.2 0 0 0 0 0 0 0 0 0 0 2.4000000000000004 0 0 
 22.8 47 25.400000000000002 11.600000000000001 17.8 12.200000000000001 73.8 8 26.400000000000002 20 57.2 9.200000000000001 50.800000000000004 15.8 43.400000000000006 31.200000000000003 62.800000000000004 22.400000000000002 52 0 0.4 0.2 0.6000000000000001 0.4 0 0.4 0.4 0 0.6000000000000001 0.4 0 0 1 0.4 1.2000000000000002 0.4 0 0.2 0.6000000000000001 0 0 0.6000000000000001 0.4 0.4 0 0 0 0 0 2.6 2.2 0 0 0 0 0.4 0.6000000000000001 0 0.4 1 0 1.2000000000000002 0 0.6000000000000001 0.6000000000000001 0.6000000000000001 0 0 0.6000000000000001 0.6000000000000001 0.4 0.6000000000000001 10.200000000000001 0.6000000000000001 0 0.6000000000000001 0 0.4 0 3 5.6000000000000005 0 9 2.2 0 0.2 9.200000000000001 4.4 2.4000000000000004 2.2 0.2 4.800000000000001 4 9.200000000000001 4.800000000000001 3.6 4 6.4 0 0 0 0 0 0 0 0 0 0 0 0 0 0 0 0 0 0 0 0 0 4 0 0 0 0 0 0 0 0 0 0 0 0 0 0 0 0 0 0.4 0 1.2000000000000002 0 0 0 0.4 0.4 0 0 0 0 0 0 0 0 2.8000000000000003 0 0 0 0 0 0 2.8000000000000003 0 2.8000000000000003 0 1.8 0 0.4 0 0 4 0 2 0 2.4000000000000004 0 4.6000000000000005 8.4 0 4.4 0 0 0 0 0 0 0 0 0 0.4 0 0 0 0 0 0 0 0 0 0 0 0 0 0 0 0 0 0 0 0 0 0 0 0 0 0 0 0 0 0 0 0 0 2.2 0 0 0 0 0 0.2 0 0 0 0 0 0 0 0.4 0 0 0 0 0 0 0 0 0.2 0.2 0.4 0 0 0.6000000000000001 1.4000000000000001 0 0 0 0 0 0 0 0 0 0 0 0 0 0.4 0.2 0 0 0 0 0 6.2 0 0 1 2.6 0.2 0 0 0 0 0 4.800000000000001 0 0 0 0 0 0 
 0 1.4000000000000001 0 0 0.6000000000000001 0.6000000000000001 0 0.6000000000000001 0 0.2 0.2 0 1 0 0 0.2 0 0 0.4 0.4 0 22.200000000000003 40.400000000000006 11.8 31 34.6 38.6 19.200000000000003 13.200000000000001 50.2 41 5.800000000000001 12.4 14 70.4 57.800000000000004 28.6 15.4 6 5.800000000000001 0.6000000000000001 0.4 0.6000000000000001 40.6 0 0 0.4 0.6000000000000001 0 0.6000000000000001 0.6000000000000001 0.6000000000000001 0 0 1 0 0.4 0.6000000000000001 13.4 0.2 0 10.600000000000001 0 0 0 0.6000000000000001 0.2 0.6000000000000001 1 0.2 0.6000000000000001 0 0.6000000000000001 0.2 0 0 0 0 0.2 0 0 0 0 2.6 0 0 0 0 0 2.6 0 0 0 0 2 0 0.2 0 0 0 0.4 0 2.2 3.8000000000000003 4 3.2 0 5 2.8000000000000003 2 2 5.4 0 4.2 0 5.4 6 3.8000000000000003 0 0 0 0 0 0 0 0 1.2000000000000002 0 0 0 0 2 2 0 0 0 0.2 0 2 8 0.4 0 0 0 0 0 0 0 0 0 0 0 0 0 0 0 0 0 0 1 0 1 0 0 0 0 0 0 0 0 0 0 0 0 0 0 0 0.2 0 0 0 0 4.6000000000000005 7.6000000000000005 2.4000000000000004 0 0 2.2 0 5.800000000000001 1.4000000000000001 6.2 0 1.6 0 5 7.4 4.800000000000001 0 0 0 0 0.2 0 0 0 0 0 0 0 0 0 0.2 0 0 0 0 0 8.4 1.4000000000000001 0 0 0 0 0 0 0 0.4 0 0 0 0 0 0 0.4 0 0 0 0 0 0 0 0.2 0 0 0 0 0 0 0 0 0 0 0 1.2000000000000002 0 0.4 16 15.200000000000001 0.2 0.2 0 0 0 0 0 0.4 0 0 0 0 0 0 0 0.4 0 0 0 0 0 0 0 0 0 0 2.8000000000000003 2.4000000000000004 0 0 0 
 0 0 0 0.4 0 31 0 0 0 0 15 0 0 0.2 0 0 0 0 0 0.2 22.200000000000003 0 45.6 76.80000000000001 6.6000000000000005 23.200000000000003 31.8 53.6 20.8 78.60000000000001 22.8 76.2 25.8 22.400000000000002 26 84 73.4 33.800000000000004 22.6 44.400000000000006 0 0.4 0.6000000000000001 0 0 0.4 0 0 0 0 0 0.6000000000000001 0 0 0.8 0 0 0.6000000000000001 0.6000000000000001 0 0 0 0.4 0 0 0.6000000000000001 0 0.6000000000000001 0 0 0.6000000000000001 0 0 0 0 0 0 0 0 0 0 0 0 0 3.2 0 0 0 0 0 0 5.2 0 0 0 0 0 0 0 0 2.2 0.8 5.6000000000000005 0.4 0.2 4.800000000000001 0 2.4000000000000004 1.6 5.4 5 1.4000000000000001 0 1.6 4.4 10.8 9.8 10 0 2 0 0 0 0 0 0 0 0 0 0 0 0 0 0 0 0 0 0 0 5.800000000000001 0 0.4 0 0 0 0 0 0 0 0 0 0 0 2.2 0 0 0 0 0 0 3.4000000000000004 0 0 0 0 2.6 0 0 0 0 0 0 0 0 0 0 0 0 0 0 1 14.4 0 4.4 2.8000000000000003 2 2 0.4 8.6 0 2 6 6.2 10.200000000000001 1.6 0 6 0 3.4000000000000004 3.8000000000000003 0 1.8 0 0 0 0 0 0 0 0 0 0 0 0 0 0 0 0 4.6000000000000005 0 0 0 0 0 0 0 0 0 0 0 0 0 0 0 0 0 0 0 0 0 0 0 0 0 0 0 0 0 0 0 0 0 0 0 4.2 0.2 0 0.4 15.200000000000001 0.4 4 0 0 0 0 0 2.2 0 0 0 0 0 0 0 0 0 0 0 0 0 0 0.4 0 0 2.2 0.2 0 0 0 0 
 0 0 0 0 0 0.2 0.4 0 0 0 0 0 1.2000000000000002 14.600000000000001 0 0.2 0 0 0 0.6000000000000001 40.400000000000006 45.6 0 40.800000000000004 14.200000000000001 6.2 39 115 72.4 50.2 26.400000000000002 32.4 58.400000000000006 31.6 61 39.2 9.8 17.2 36.6 72 0 0.2 0.6000000000000001 0.4 0 0.2 0 0 0 0.6000000000000001 5.800000000000001 0.6000000000000001 0 0 0 0.6000000000000001 0.6000000000000001 0.6000000000000001 1 0 0 0 0 0 0.6000000000000001 1.2000000000000002 1.2000000000000002 0.6000000000000001 0.2 0 1 0.8 0 1.4000000000000001 0 0 0 0.6000000000000001 0 0 0 0 0 0 0 11 0 0 0 1.2000000000000002 0 0 0 0 0 0 0 0 0 0 0 4.2 2.2 1.4000000000000001 13.4 3.2 0 0.2 8.4 3 1.4000000000000001 0 0 2.8000000000000003 6 3.4000000000000004 9.600000000000001 0.2 0 1.2000000000000002 0 0 0 0 0 0 0 0 0 0 0 0 1.6 0 1 0.4 0 0 0 1.6 0 0 0 0 0 0 0 0 0 0 0 0 0 0 0 0 0 0 0 0 0 0 0 0 0 0 0 0 0 0 0 0 0 0 0 0 0 1.4000000000000001 0 0 0 13 2.6 1.8 2.4000000000000004 2.8000000000000003 3.2 0 14.4 3.8000000000000003 3.2 5.6000000000000005 2 12.200000000000001 8 0 3 5.2 2.2 2.6 2 0 0 0 0 0 0 0 0 0 0 0 0 0.4 0 0 0 0 1.4000000000000001 0 0 0 0 0 0 0 0 0 0.2 0 0 0 0 0.4 0 0 0 0 0 0 0 0 0 0 0 0 0 0 0 0 0 0 0 0 0.8 0 0 9.600000000000001 16 0 0 0 0 0 0 0.2 0 0 0 0 0 0 0 0 0 0 0 0 0 0 0 0 0 0 0 0 2.4000000000000004 0 0 0 
 0.4 0.4 0.4 15.8 0.4 0.4 0.4 7.800000000000001 0.4 0.4 0.6000000000000001 0.4 0.4 0.4 0.4 1.2000000000000002 0.6000000000000001 0.4 1 0.4 11.8 76.80000000000001 40.800000000000004 0 18.8 20.200000000000003 16.8 26.6 50.800000000000004 16.400000000000002 26.6 33 27.8 17.400000000000002 31.6 11 69.8 37.6 19.6 11.4 1.2000000000000002 0.4 0.6000000000000001 0 0 2.6 23.6 0 0 0 5 0.6000000000000001 24.6 12.8 0 0.2 0 1.2000000000000002 13.4 8.200000000000001 0 0 0 0 0 0.6000000000000001 0 0.6000000000000001 9.8 0 0.6000000000000001 0 0.4 0 0 0 0 0 0 0 0 0 0 0 0 0.2 0 0 0 0 0 0 0 0 0 0 0 0 0 0 0 3.8000000000000003 3 0.6000000000000001 5.2 0.4 0 0.2 0 4.6000000000000005 2.8000000000000003 0 2.2 0 0.8 10.600000000000001 2.8000000000000003 0 0 0.2 4.2 0 0 0 0 0 0.4 0 0 0 0 0 0 0 2 0 0 3 3.2 5.6000000000000005 0 0 0 0 0 0 0 1.6 0 0.2 0 0 0 0 0 0 0 0 0 0 0 0.8 0 0 0 0 0 0 0 0 0 2.2 0 0 0.4 0 0 0 0 0 3.8000000000000003 4.4 3 0.2 4.800000000000001 0.2 0.4 0 4 0.2 1.8 0.2 0 1.8 0 0 7.2 5.800000000000001 0 0 0 3.6 4.4 0 0 0 0 2.4000000000000004 13.200000000000001 0 0 0 0 2.4000000000000004 0 0 2 0 5.6000000000000005 1.8 0 0 0 0 0 0 0 0 0 0 0 0 0 0 0 0 0 0.4 0 0 0 0 3 0 0 0 0 0 0 0 0 0 0 0 1.2000000000000002 0 0.2 16.6 17 0 0.2 4 0 0 0 0 0 0.4 0 0 2.6 0 0 0 0 0 0 0 0 0 0 2 0 0 0 0 0 0 0 0 
 0.2 0 0 0 0.2 0.6000000000000001 0 0 0 0 0 0 0 0 0 0.2 0 0 0.4 0 31 6.6000000000000005 14.200000000000001 18.8 0 88.4 9.8 10.8 24.8 13.4 67.4 28.6 55.6 25 34.2 31.8 24.8 69.60000000000001 13.600000000000001 16.400000000000002 18.8 0 0.4 0.2 0.4 0.4 12.8 25.400000000000002 14.8 0.2 0.6000000000000001 0.6000000000000001 12.4 0 0 0.8 13.8 1.2000000000000002 40.400000000000006 0 0 0 0 0.2 0.6000000000000001 0.6000000000000001 0.6000000000000001 0.6000000000000001 1 0 1.2000000000000002 0 0.8 0 0.6000000000000001 0 0.4 0.6000000000000001 0 0.4 0 0 0 0 0.2 0 0 0.4 0 0 0 0 0 0 0 0 0 0 0 0 0 0 0 6.4 3 1 0 0 0 5.4 2.2 1.6 0 0 0 0 0 0 0 0 10.8 6.4 0 3.2 0 0 4.4 0 0.2 0.2 0 0.2 0.4 1.4000000000000001 0 1.6 0 0 3.8000000000000003 0 0 0 0 0 0 0 0 0 0 0.2 0 0 0 0 0 0 0 0 0 0 0 3.8000000000000003 0 0 0 0 0.2 0 2.4000000000000004 1.2000000000000002 0 0 0 0 0 0 0 0 0 0 0 0 1.8 0 1.4000000000000001 10 0.4 0 3.4000000000000004 1.8 2.6 3 0 0.6000000000000001 0 3.6 3 3.4000000000000004 0 0 3.8000000000000003 0 0 0.6000000000000001 0 0 6 3.2 5.6000000000000005 3.6 0 0 14.8 2.2 0 0 4.4 1.6 2.4000000000000004 8.4 0 0 3.4000000000000004 0.2 0 0.2 0.4 0 0 0.2 0 6.2 0 0 0.6000000000000001 0 0 0 0 0.2 0 0 0 0 0 0 0 0 0 0 0 0 0 0.4 2.4000000000000004 0 0.4 0 0 0.4 0.6000000000000001 2.2 0 0 0 0 0 0 0 0 0 0 0.2 0 0 0 0 0 0 0 0 2 0.2 0 0 0 0 0 0 0 
 0 0 0 0 0.8 0.8 0 0 0 0 0 0 0.6000000000000001 0 0 0.6000000000000001 0 0.8 0 0.4 34.6 23.200000000000003 6.2 20.200000000000003 88.4 0 4.6000000000000005 2.4000000000000004 23.6 30.200000000000003 17.400000000000002 9.600000000000001 4.6000000000000005 26 21 28 45.2 9.4 10 9 0 0.2 0.4 0 0 0 3.6 0.2 0 0 0 0.6000000000000001 0 0.2 0 0 0 1.2000000000000002 0.6000000000000001 16.400000000000002 0 0 0 0 0 0.6000000000000001 0.6000000000000001 0.6000000000000001 1.2000000000000002 0.8 0.6000000000000001 0 0.4 0 0 0 0 0 0 0 0 0 0 0 0 0 0 0 0 0 0 0 0 0 0 0 0 0 0 1.4000000000000001 0.2 0 1.8 0 0 2.4000000000000004 0 0 0 6.800000000000001 0 0.2 0 0 0 1.6 7.800000000000001 0.4 0 0 0 0 2.2 0.2 0 0 8.4 0.8 1.8 0 2.4000000000000004 0 5.6000000000000005 3.4000000000000004 0 4 0 0.6000000000000001 1.6 8.4 0 0 0 0.4 0 0 0 0 0 0 0 0 0 0 0 0 0 0 0.4 0 0 0.8 0 0 0 0 0 0 0 0 0 0.8 0 0 0 0 0 0 0 0 0 0 0 0 8.6 7.800000000000001 0 0 1.8 0 2.2 0 0 0 0 2 2.6 3.8000000000000003 0 0 1.2000000000000002 0 2 0 0 0 4.4 1.8 4.6000000000000005 2.4000000000000004 0.4 0 8.6 0.2 2.2 0 7 0 3.4000000000000004 6.6000000000000005 0 0 0 2.4000000000000004 0 0 0 0 0 0 0 0 0 0 0 0 0 0 0 0 0 0 0 0 0 0 0 0 0 0 0 0 0 0 2.4000000000000004 0 0 0 0.4 0.2 0.2 3.8000000000000003 0 0 0 0 0 0 0 0 0 0 0 0 0 0 0 0 0 0 0 2 0 0 0 0 0 0 0 0 
 0 0.8 0 0.4 25 15 0 0 0 14.8 5.4 0.4 0 0 0 0.4 0 28 0 0.4 38.6 31.8 39 16.8 9.8 4.6000000000000005 0 52.6 23.6 18.8 7 15.200000000000001 25.200000000000003 87.2 24.8 34 15.200000000000001 13.8 35.4 37.6 0.4 0.4 1.8 0 0 0 0 1 0 0 0.4 0.6000000000000001 0.6000000000000001 1.2000000000000002 0.6000000000000001 0 0 0.8 3.8000000000000003 0 0 0.6000000000000001 0 0.6000000000000001 0 0.6000000000000001 0.2 1.2000000000000002 1.6 0 0.6000000000000001 0 0 0.4 0 0 0 0 0 0 0 0.8 0 2.2 2.2 0 0 0 0 0 0 5 0 0 4.4 0 0.4 0 0 0 8.8 2.6 0 7.800000000000001 3 2 7.800000000000001 4.6000000000000005 3.2 0 3.6 2.4000000000000004 0 1.4000000000000001 12 1.6 4 5.800000000000001 5.4 4.2 0 0 0 0 0 0 0.2 0 0 0 0 0 2.4000000000000004 0 0 0 0 0 0 0 0 0 0 0 3.8000000000000003 0 0 0 0 0 0 0 0 5.4 0 0 0 0 0 1.2000000000000002 0 0.2 0 3.6 0 0 0 1.2000000000000002 2.6 0 5.2 4.800000000000001 0 0 0 4 0.2 2.8000000000000003 0 0 1.4000000000000001 6.4 3.8000000000000003 6.800000000000001 0.2 0 0.2 1 7 4 2.2 5 4.800000000000001 6 9 0 2 0.2 6.800000000000001 5.6000000000000005 0 0 0.2 0 2 0 0 0 0 0 0 0.4 0 0 0 0 0 0 0.8 0 0 0 0 0 0 0 0 0.4 0 0 0 0 0 0 0.4 0 0 0 0 0 0 0 0 0 0 0 1.6 0 15 0 0 0 0 0 0.8 0 0 15.4 0 0 3.6 0 0 0 0 0 5.4 0 0 2.4000000000000004 0.6000000000000001 0 0 0 0 0 0 0 0 0 0 0 0 0 0 0 0 0 0 0 
 0 0 0 0 14.8 0 0.2 0 0 5.2 0.2 0 0 0 0 0.4 0 0 0 0 19.200000000000003 53.6 115 26.6 10.8 2.4000000000000004 52.6 0 64.4 23.6 41.400000000000006 12 35.2 46.400000000000006 31.6 10.600000000000001 40.400000000000006 53 12.600000000000001 64 0 0.2 0.6000000000000001 0 0 0.6000000000000001 0 0 0 0 0 0.6000000000000001 0 0 0 0 0 0.6000000000000001 0.6000000000000001 0 0 0 0 0 0 0.6000000000000001 0.2 0.6000000000000001 0.2 0 0.6000000000000001 0.2 0 2.2 0 0 0 0 0 0 0.4 0 0 0 0 1.6 0 0 0.4 0 0 0 0 0 0 0 0 0 0 0 0 9.600000000000001 1.8 7.800000000000001 3.8000000000000003 0.2 0 0.2 4.2 4.4 5 0 0 0 9.4 3.2 4 2.6 0 2.4000000000000004 0 0 0 0 0 0 0 0 0.2 0 0 0 0 0 0 0 2.6 0 0.2 3.8000000000000003 0 0 0 0 0 0 0 0 0 0 0 0 0 0 0 0 0 0 0 0 0 0 0 0 0.4 0 0 0 0 0 0 0 0 0 0 0 0 0 0 0 1.4000000000000001 3.4000000000000004 1.4000000000000001 6.6000000000000005 1.8 0 8.4 6.800000000000001 3.6 5.800000000000001 2.4000000000000004 2 5.6000000000000005 3.4000000000000004 5.2 2.4000000000000004 8 4 0.2 1.8 0 0 0 0 0 0 0 0 0 0 0 0 0 0.4 0 0 0 0 6.2 0 0 0 0 0 0 0 0 0 0 0 0 0 0 0 0 0 0 0 0 0 0 0 2.4000000000000004 0 0 0 0 0 0 0 0 0 0 0 0.6000000000000001 0 0.8 30.8 17.400000000000002 0 2.4000000000000004 0.4 0 0 0 0 0 0 0 0 0 0 0 0 0 0 0 0 0 0 0 0 0 0 0.4 0 4.2 0 0 0 
 0 0 0 0.2 0 0.2 0 0 0.4 0 0 0 0 0 0 0 0.2 1.2000000000000002 0.4 0.6000000000000001 13.200000000000001 20.8 72.4 50.800000000000004 24.8 23.6 23.6 64.4 0 17.400000000000002 25.6 22.200000000000003 37.800000000000004 35.6 16.6 77.60000000000001 18.6 19.200000000000003 31.8 69.2 1.2000000000000002 0.4 0.6000000000000001 0 0 0 0 0 0 0 0 0.6000000000000001 0 0 0 0 0 0.6000000000000001 13.4 0 0 0 0 0 0 0.6000000000000001 0.2 0.6000000000000001 0 0 0.6000000000000001 0.4 0.2 2.4000000000000004 0 0 0 0 0 0 0 0 0 0 0 0 0 0 0 0 0 0.2 0 0 0 0 0 0 0 0 0.4 4.4 0 4.6000000000000005 5.2 5.4 0 2 3.4000000000000004 5.800000000000001 3.8000000000000003 3.4000000000000004 0 0 13.200000000000001 10 4.4 6 0 0.8 0 0 0 0 0 0 4.4 0 0 0 0 0 0.6000000000000001 3.2 0 3 0 0 0 4.6000000000000005 0 0 0 0 0 0 0 0.6000000000000001 0 0 0 0 0 0.2 0 0 0 0 0.2 0 0 0 0 0 0 0 0 0 0 0 0 0 0 0 0 0.4 0 0 0 0 5.6000000000000005 11.200000000000001 2.8000000000000003 6.2 4.800000000000001 4.800000000000001 0.2 2.6 10.4 0 4.2 5.6000000000000005 13.200000000000001 4.2 1.6 7.6000000000000005 1 13.200000000000001 7.4 3.8000000000000003 0 0 0 0.2 0 0 2.6 0 0 0 0.2 0 1.4000000000000001 0 0 0 0 0 4.800000000000001 0 0 0 0 0 0 0 0 0 0 0 0 0 0 2 0 0 0 0 0 0 0 0 0 0 0 0 0 0 0 0 0 0 0 0 1.8 0 0 11.200000000000001 15.200000000000001 0 4 0.2 0 0 0 0 0.2 0 0 0 0 0 0 0 0 0 0 0 0 0 0 0 0 0 0 3.4000000000000004 0 0 0 0 
 0 0 0.2 0 0 0 0 0 0 0 0 0 0 0 0 0 0 0 0 0.4 50.2 78.60000000000001 50.2 16.400000000000002 13.4 30.200000000000003 18.8 23.6 17.400000000000002 0 14.8 10.600000000000001 28.6 51.6 39.800000000000004 41.800000000000004 31 25 31 26.400000000000002 12 0.2 1 0 0 0 0.2 0.6000000000000001 0 0 0 0.6000000000000001 1.2000000000000002 0 0 0.4 0 0.6000000000000001 13 0.6000000000000001 0 0 0 0 0 0.6000000000000001 0.6000000000000001 0.6000000000000001 0.4 0 0.6000000000000001 0 0 0 0 0 0 0 0 0 0 0 0 0 0 3 0 0 0 0 0 0 0 0 0 3.2 0 0 0 0 2.4000000000000004 3.2 1.6 0.2 2.8000000000000003 0 0 3 5 6.6000000000000005 0 0.2 0 2.8000000000000003 1.6 3 14.600000000000001 0.2 0 0 0 0 0 1 0 0 0 0 0 0 0 0.4 7.800000000000001 0 0 0 0.4 0 0 4 0 0.2 0 0 0 0 0 0 0 0 0 0 0 0 0 0 0 0 0 0 0 1.2000000000000002 0 0 0 0.2 0 0 0 0 0 0 0 0 0 0 0 0 0 0 0.2 0 8.200000000000001 0.2 3.4000000000000004 0 2.4000000000000004 0 0 5.4 5.2 8.4 1 0 3.4000000000000004 3.6 7.4 8.8 3 0 0 0 0 0 0 0 0.2 0 0 0 0 0 0 0 0 0 0 0 4.6000000000000005 4.6000000000000005 0 0.2 0 0 0.8 0 0 0.4 0 0 0 0 0 0 0.4 0 0 0 0 0 0 0 0 0 0 0 0 0 0 0 0 0 0 0 2.2 0.2 0 0.4 15.4 0.4 0 0 0 0 0 0 0 0 0 0 0 0 0 0 0 0 0 0 0 0 0 0 0 0 0 0 0.2 0 0 0 
 0 0 0 0 0.4 0.6000000000000001 0 0 0 0 0 0.4 0 0 0 0.2 0 0 0.2 0 41 22.8 26.400000000000002 26.6 67.4 17.400000000000002 7 41.400000000000006 25.6 14.8 0 25.400000000000002 50.6 5.4 26.200000000000003 16.2 66 12 3.8000000000000003 12.200000000000001 12.600000000000001 0.4 0.6000000000000001 0 0 0.8 12.200000000000001 13.200000000000001 0 0 0 0.6000000000000001 0.6000000000000001 4.6000000000000005 0 0 0 0.6000000000000001 14 0.2 0 0 0 0 0 0 0.4 0 0 0 0 0.4 0 1.2000000000000002 0 0 1.2000000000000002 0 0 0 0 0 0.2 0 0 0 0.4 0 0 0 0 0 0 0 0 0 0 0 2.6 0 12.200000000000001 3.8000000000000003 0 6.4 4.2 0 0.2 0 2 8.6 2.6 7.4 0 0 6.2 0 6.2 0.2 0 0 2 0 0 0.4 0 0 0 0 0 0 0 0 2.2 0 0 3.6 0 0 3.6 3.6 0 0 0 0 0 0 0 0 0 0 0 0 0.4 0 0 0 0 0 0 2.4000000000000004 0 0 0 0 0 0 0 0.2 0.6000000000000001 1.8 0 0 0 0 0 0 0 0 0 0 0 0 2.2 2.6 7 5.6000000000000005 0 0 2.2 4.2 3.6 4 0 0.2 5.800000000000001 0.4 3.4000000000000004 3 0 0 2.2 0 0 0 0 0 0.4 2.2 0 0 0 0 2.2 0 0 0 0 1.4000000000000001 3.8000000000000003 0 0 0 0 0 0 0 0 0 0 0 0 0 0 0 0 0 0 0 0 0 0 0 2.8000000000000003 0 0 0 0 0 0 0 0 0 0 0 1.2000000000000002 0 0 19.200000000000003 15 0.4 0 0 0 0 0 0 0 0 0 0 0 0 0 0 0 0 0 0 0 0 0 0 0 0 0 0 4.4 0 0 0 
 0 0 0 0 0.4 0 0 0 0.4 0.4 0 0 0.4 0 0 0.4 0 0 0 0 5.800000000000001 76.2 32.4 33 28.6 9.600000000000001 15.200000000000001 12 22.200000000000003 10.600000000000001 25.400000000000002 0 5 8.200000000000001 5.800000000000001 50.6 76.2 13.8 9.600000000000001 10 0.2 0.2 0.6000000000000001 0 0 12.200000000000001 10.200000000000001 3.2 0 0 0 0.6000000000000001 4 8.4 0 11.200000000000001 0 0.6000000000000001 5 20.8 0 0 0 0 0 0.8 0.4 0.6000000000000001 0.4 0 0.6000000000000001 0 0.4 0 0 0 0 0 0 0 0 0 0 0 0.4 0 0 0.2 0 4 0 0 0 0 0 0 0 0 0 0 0 1.8 0 0 3.2 5.4 0 0 0 0.2 6.800000000000001 1.4000000000000001 0 0 0 5.4 0 0 0 0 6.2 8.200000000000001 0 0 0 0 4.4 1.4000000000000001 2 0 0 0 7.6000000000000005 3 6.4 3.8000000000000003 5 2.8000000000000003 7.800000000000001 4.2 0 0 0 0 0 0 0 4.4 0 0.2 0 0 0 0 0 0 0.4 0 0 0 0 0 0 3.2 0 0 0.4 0 0 0.6000000000000001 0 0 0 0 0 0 0 0 0 0 0 4 0 2.6 1.4000000000000001 1.6 0.2 0 2.4000000000000004 0 5 6.2 0 0 0 0.2 0 0.2 0 0 2.2 0 3.8000000000000003 0 0 0 1.4000000000000001 1.6 4.800000000000001 0 0 0 3.4000000000000004 0.2 0 3.2 7.4 3.2 0 0.2 0 0 0 0 0 0.4 0.2 0 0 0.2 0 0 0 0 0 0 0 0 0 0.4 0 0 0 0 0 0 0 0 0 0 0 0 0 0 1.2000000000000002 0.8 0 0.6000000000000001 0.2 0 0.6000000000000001 3 0 0 0 0 0 0 0 0 2.4000000000000004 0 0 0 0 0 0 0 0 3 0 9.600000000000001 0 0 0 0 0 0 0 0 
