 0 17.2 25.200000000000003 13.4 9.200000000000001 5.2 52 9.8 29.200000000000003 13.8 26.400000000000002 10 23.200000000000003 39.6 30.400000000000002 16.2 35 7.2 11.8 19 0 0 0 0.4 0 0.8 0 0 11.8 0 0 0.2 0.8 0 0.8 0.6000000000000001 0.6000000000000001 0 0.4 0.6000000000000001 0 0.2 0 0 0.6000000000000001 12.200000000000001 0 0 0 0.2 0 0.4 0 0 0.6000000000000001 0 0 1.4000000000000001 1.4000000000000001 0 0 0 0.2 0.6000000000000001 0 0 8.4 0 0 0 0 0.6000000000000001 0 0.4 0 0.4 0 0 0.6000000000000001 0 3.4000000000000004 10.600000000000001 6.4 0.8 3.4000000000000004 0 2.6 2.8000000000000003 0 5.800000000000001 8.8 2 0 3.2 5 3.4000000000000004 2.2 5.800000000000001 0 7 0.4 0 0 0 0 0 0 0 0 0 0 0 0 1.8 0 0 0 0 0.2 0 0 0 0 0 0 0 0 0 0 0 0 0 0 0 0 0 0 0 0.4 0.2 0.2 0 0 0 0 0 0 0 0 0 0 0 0 0 0 0 0 0 0 0 2.4000000000000004 0.2 0.4 2.2 2.8000000000000003 0 4.800000000000001 3.6 2.4000000000000004 6.6000000000000005 0 4.800000000000001 2.2 10.200000000000001 3.8000000000000003 0 3.6 0 3.2 2.4000000000000004 0 0 0 0 0 0 0 0 0 0 0 0 1.8 1 0 0 0 0 7.2 7.4 0 0 0 0 0 0 0 0 0 0 0 0 0 0 0 0 0 0 0 0 0 0 0 0 0 0 0 0 0 0 0 0 0 0 0 0 0 0 0 0 0 0 0 0 0 0 0.4 0 0 0 0 1.2000000000000002 0 0 0 0 0 0 0 0 14.8 0 0 0 0 0 0 0 0 0 0 0 0 0 0 0 0.2 0 0 0 0 0 0 0 0 0 0 0 0 0 
 17.2 0 15.8 32.6 10 11 66.60000000000001 37 45 9.200000000000001 5.800000000000001 49.400000000000006 48.2 31.200000000000003 48.400000000000006 19.400000000000002 43.2 7.4 27.400000000000002 21 0 0 0 0 0 0.4 0 0.2 0.6000000000000001 0 46.6 1.6 0.2 0 1 0 0.4 0 0 0.6000000000000001 0 13 0 0 0.2 0 0 0 0 0 0 0.4 0 0 0.6000000000000001 0 0 0 0.6000000000000001 0 0 0 0 0 0 0.2 0.6000000000000001 0 0 1.8 0 0 0 0.4 0 0 0 0 0.6000000000000001 0.6000000000000001 7.4 0.2 4.800000000000001 3.2 0 0 3 3.8000000000000003 6.800000000000001 0 2.2 0 3 0.8 7 1.4000000000000001 4.6000000000000005 5.4 0 2.8000000000000003 0 0 0 0 0 0 0 0 0 0 0 0 0 0 0 0 0 0 0 0 0 0 0 0 0.2 0 0.2 0 0.4 0 0 0 0 0 0 0.2 0 2.4000000000000004 0 0 0 0 0 0 0 0 0 0 0 0 0 0 0 0 0.2 0 0.4 0 3.6 0 2.6 1.8 4.6000000000000005 0 0 0 9.600000000000001 1.8 0 1 0 0 0 13.600000000000001 0 6.4 3.6 2.4000000000000004 2.8000000000000003 1.8 0 0 0 0 0 0 0 0 0 0 0 0 0 0 0.2 0 0 0 3.4000000000000004 0 0 0 0 0 0 0 0 0 0 0 0 0.2 0 0 0 0 0 0.4 0 0 0 0 0 0 2 0 0 2.6 0 0 0 0 0 0 0 0 0 0.2 0 0 0 0 0 0 0 0.2 0.4 0 0.4 0 0 1.6 4.2 0 0 0 0 0 0 0 0 0 0 0 0 0 0 0 0 0 0 0 0 0 0 0 0 0 0 0 0 0 0 0 0 0 0 0 0 0 
 25.200000000000003 15.8 0 18.8 6.800000000000001 18 78.2 48.6 10.8 28.400000000000002 37.4 4.2 13.4 13.4 18.400000000000002 93.4 48.6 52.800000000000004 8.200000000000001 6.800000000000001 0 0 0.2 0.6000000000000001 0 0.4 15.200000000000001 0 0 0 0.6000000000000001 0 42.2 0 1 0 0.4 0 4.6000000000000005 15.600000000000001 0 0 0 0 0.6000000000000001 0 0 0 0.4 0 0 0 0 0 1.2000000000000002 0.6000000000000001 0 0.4 0.6000000000000001 0 0 0 0 0 0 0 0.6000000000000001 0 0.6000000000000001 0.4 0 1 0 0.4 0.6000000000000001 0 0 0 0.6000000000000001 0 1.4000000000000001 4.4 0 8.4 5 10.200000000000001 0 0 5.6000000000000005 6 3.6 8 0 2.4000000000000004 2.6 1.2000000000000002 6 0 0 3.4000000000000004 0 0 2.4000000000000004 0 0 0 6.4 0 0 0 0 0.2 0 0.2 0 0 0 0.2 6.800000000000001 4.2 0 0 0 0 0 0 0 0 0 0.4 0 0 0 0 0 0 0 0 0 0 0 0 0.2 1 0 1.2000000000000002 2.2 0 0 0.4 0 0 0 0 0 0.2 0 0 0 0 4.2 3.2 3.8000000000000003 8.4 2 2.2 3.4000000000000004 12 9.4 6 0 1.2000000000000002 0.4 2.8000000000000003 1.8 0 3.2 0 0 0 1.8 0.4 0 0 0 0.4 0 0 0 0 0 0 9.200000000000001 2.8000000000000003 1.4000000000000001 0 0 0 3.2 3.2 0 0 0 0 0 0 0 0 0 0 3.6 0 0.4 0 0 0 0 0 0 0 0 0 0.2 0 0 0 2 0 0 0 0 0 0 0 0 0 0 0 0 0 0 0 0 0 0 0 0.2 0 0.4 18.400000000000002 0 0.8 0 0 0 0 0 0 0 0 0 0 0 0 0 0 0 0 0 0 0 0 0 0 0.4 9.8 2.2 2 0 0 0 0 0 0 0 0 0 0 0 0 
 13.4 32.6 18.8 0 23.6 8.200000000000001 16.400000000000002 18.8 65.8 67.4 48.6 24 53.800000000000004 31.8 38 33.6 30.8 37.800000000000004 14.8 31.200000000000003 15 0 0 0 0 0.4 0 16 0 0 0 0 16.2 0 0.8 0 0.4 0 0.2 31 0 0 1 0 0.2 0.8 0 0 0.6000000000000001 0 0 0.4 0 0 0.6000000000000001 0 0 0 0.6000000000000001 0 0 0 0 0.2 0 0 0.6000000000000001 1.2000000000000002 0 0 0 0.2 0 0.4 0 0 0 0 0.6000000000000001 0 0 5.6000000000000005 0 4 3 2.8000000000000003 1.6 4.2 17.2 3.8000000000000003 1.4000000000000001 8.6 0 2.6 2.8000000000000003 0 0 3.4000000000000004 0 0.4 1.8 3 0 0 0 0 3 0.2 0 0 3.8000000000000003 0 6.6000000000000005 0 0.8 3.6 3.8000000000000003 1.4000000000000001 0 0 0 0 0 0 0 0 0 0 0 0 0 0 0 0 0 0 0 3 0 0 0 0 0 0 0 0 0 1.2000000000000002 0 0 0 0 0 0 0 0 0 0 0 0 2.6 0 7.2 2.4000000000000004 0.4 4.6000000000000005 0 4.2 0 7 0 2.2 0 0.2 0 0.4 2.6 1.2000000000000002 0 0 0 2.2 0 0 0 0 4.2 0 1.8 2 2.4000000000000004 0 1.2000000000000002 5.6000000000000005 5.6000000000000005 0 0 0 6.4 4 2.6 0 0 0 0 0 0 0 0 0 0 0 0 0 0 0 0 0 0 0 0 0 0 0 0 0 0 0 0 0 0 0 0 0 0 0 0 0 0 0 0 8.8 0 0 0 0 0.4 0 0 1.6 2.4000000000000004 0 0 0 0 0 0 0 0 0.2 0 0 1.8 0 0 0 0 0 0 0 0 0 0 0 0 3 2 0 0 0 0 0 0 0 0 0 0 0 0 0 
 9.200000000000001 10 6.800000000000001 23.6 0 17.8 7.4 41.400000000000006 35.6 36.800000000000004 40.2 29.400000000000002 15.8 13.4 15.200000000000001 16.8 9.8 126.2 12.200000000000001 64.60000000000001 17.6 14.8 1.6 0 0 0.4 14.8 14.600000000000001 0.2 0 0 0 15.200000000000001 0 0.8 0.8 0.6000000000000001 0 7.2 54.800000000000004 0 0 0 0 0.6000000000000001 0.8 0 0 0 12.600000000000001 0 12.8 0 0 0.6000000000000001 0 0 0 0.6000000000000001 0 0 0 0 0.8 0 0.6000000000000001 0 1 0 0 0 0.6000000000000001 10 0.4 0 0 0 0 0.6000000000000001 0 0.4 0 0 7.6000000000000005 0 2.2 0 0.2 0 1.4000000000000001 2.2 2.8000000000000003 0 0 0 1.4000000000000001 2.6 0 0 0 4.2 6.4 9.600000000000001 0 0.2 0 9.4 2 0 3.8000000000000003 8.4 2 4.800000000000001 4.6000000000000005 2.8000000000000003 5.6000000000000005 4.2 0 7.800000000000001 3.2 0 0 0 0 0 0 0 0 0 0 0 0 0 0 0 0 0 0 0 6.6000000000000005 0 0 0 0 0 0 0 0 0 0 0 0 0 0.2 0 0 0 2.2 0 0 0 0 0 2.8000000000000003 2.6 0 0 0 1 0 3.4000000000000004 0 0 1 0.4 0 0 4.800000000000001 0 0.4 1.4000000000000001 6.4 1.8 0 2.2 0 8.6 1.4000000000000001 6.800000000000001 0 1.8 0 0 3.6 9 3.6 0 6.800000000000001 1.8 1.8 0 0 0 0 0 0 0.4 0.4 0 0 0 0 0 0.2 0 0 0 0 0 0 0 0 0 0 0 0 0 0 0 0 0 0 0 0 0 0 0 0 0 0 0 0 0 0 0 2 2.2 0 18 19.400000000000002 8.200000000000001 0 0 0 0 0 0 0 0 0 0 0 0 0 0 0 0 0 0 0 0 0 0 3.2 0 0 2.2 0 0 0 0 0 0 0 0 0 0 0 0 0 
 5.2 11 18 8.200000000000001 17.8 0 6.800000000000001 8.4 11.8 35.6 32.2 10.200000000000001 7.4 52.800000000000004 12.200000000000001 35.800000000000004 33.6 39.800000000000004 8.8 51.800000000000004 15.8 59.800000000000004 15.600000000000001 16 0 0.4 0.2 13.4 19.6 13.600000000000001 14.600000000000001 0 31.200000000000003 15.8 0.4 0.2 16.8 0 22.6 15.600000000000001 0.2 0.2 0 0 0.4 0 0.2 0 0 0 0 0.2 0 0 0.6000000000000001 0.6000000000000001 0 5.2 0.6000000000000001 0.2 1 0 0 0.8 0 0 0.4 0 0.6000000000000001 0 0 1.4000000000000001 0 0.4 0 0 0 0 0.6000000000000001 0 0.2 0 0 4 1.6 12.200000000000001 0 0 2.8000000000000003 1.2000000000000002 2.6 3.6 0 0 0 0 3.8000000000000003 2.4000000000000004 0 0 2.2 3.4000000000000004 0 0 3.6 0 2.8000000000000003 2.4000000000000004 0 3.6 0.2 2.6 2.8000000000000003 0 4 3.2 4.6000000000000005 9.600000000000001 6.6000000000000005 5.2 0 0 0 0 0 0 3.6 0 5.800000000000001 0 0 0 0 0 0 0 0 0 2.4000000000000004 0 0 0 0 0.4 0 0.8 0 0 0 0 0 0 0 0 0 0 0 0 0 0.2 0 0 0 1.8 0 7.4 0.8 0 1.8 0 0 0 0 0.4 0 0 0 1.2000000000000002 0 0 7 5.800000000000001 2.6 0 0.2 0 5.6000000000000005 0.4 3.8000000000000003 0 2.8000000000000003 0 6.800000000000001 8.4 2.4000000000000004 2.2 0.4 0 0 6.4 0 0 0 0 0 0 0 0.2 0 0 8.200000000000001 0 0 0 0 0 0 0 0 0 0 0 0 0 0 0 0 0 0 0 0 0 0 0 0 0 0 0 0 0 0 0 0 0 0 1.2000000000000002 0.2 0 0.4 0 0.2 1 0.4 0 0 0 0 0 0 0 0 0 0 0.4 0 0 0.8 0 0 0.2 0 0 0 0 0 4 0.2 1.4000000000000001 0 0 0 3.6 0 0 0 0 0 0 0 0 
 52 66.60000000000001 78.2 16.400000000000002 7.4 6.800000000000001 0 15.200000000000001 58.6 25.400000000000002 8.6 8.8 34.4 45.6 66.2 7 6.6000000000000005 6 24.6 13.600000000000001 0 0 0 0 0 0.6000000000000001 0 0 0 0 0 0.2 0.4 0 0.6000000000000001 0.2 0.4 0 0 0.6000000000000001 0 0.4 0 0 0.6000000000000001 0 0 0 0 0 0 0 0 0 0.6000000000000001 0 0 1 0.6000000000000001 0 0 0 0 0.6000000000000001 0 0 0.2 0 0 4 0 0.6000000000000001 0 0.4 0 0 0 0 0.6000000000000001 0 2 9.600000000000001 4 3.8000000000000003 3.8000000000000003 0.4 2.4000000000000004 9 3 3.4000000000000004 2.8000000000000003 0 0 8.8 7.2 1 2.8000000000000003 0 2.6 10.600000000000001 0 0.2 0 0 0 0 0 0 0 0 0 0 0 0 0 0 0.2 0 0 0 0 0 0 0 0 0 0 0 0 0 2 0 0 0 0 0 0 2.6 0 0 0 0 0 0 0 0 0 0 0 0 0 0 0 0 0 0 0 0 0 0 1.2000000000000002 4 5.800000000000001 4.4 0 0 15 2.2 3 0 4 1 0 3 5.800000000000001 7.2 8.4 3.2 0 5.4 0 0 0 0 0 0 0 0.2 0 0 0 0 0 0 0 0.2 0 0 2.2 0 0 0 0 0 0 3.6 0 0.2 0 0 0 0 0 0 0 0 0 0 0 0 0 0 0 0 0 0 0 0 0 0 0 0 0 0 0 0 0 0 0 0 0 0 0 0 0 0 0 0 0.4 0 0 1.2000000000000002 1.4000000000000001 0 0 0 0 0 0 0 0 0 0 0 0 0 0 0 0 0 0 0 0 0 0 0 0 0 0 0 0 0 0 0 0 0 0 0 0 0 
 9.8 37 48.6 18.8 41.400000000000006 8.4 15.200000000000001 0 55.6 56 29 15.600000000000001 14 35.800000000000004 30.400000000000002 27 41 18.8 9.200000000000001 25.6 0.4 0.6000000000000001 0.4 0 0 0.4 0.6000000000000001 0.4 0.8 0.4 0.2 0.4 51.2 0.6000000000000001 1.2000000000000002 0.8 1.4000000000000001 0.2 0 0.6000000000000001 0.6000000000000001 0 0.6000000000000001 0.6000000000000001 1.2000000000000002 0 0.4 0.4 0.2 0.6000000000000001 0.6000000000000001 0.4 0 0 0.6000000000000001 0.2 1 0.4 0.6000000000000001 0.2 1 0.6000000000000001 10.4 1 0.6000000000000001 1.6 0.2 0.6000000000000001 1 0 0.2 1.4000000000000001 0 0.4 0 0 0 0.4 2 0 0 0.6000000000000001 0 0.6000000000000001 1.8 3.2 1.2000000000000002 6 6.6000000000000005 1.6 3.4000000000000004 6.4 0.2 2 10 0.2 0 0 0 0 0 0 0 0 0 0 3.6 1.8 0 0 0 0 2.2 0 0 0 0.4 0 4.2 3 0 0 0 0 0 0 0 0 0 0 0 0 0 0 0 0 0 2.8000000000000003 0 0 0 0 0 0 0 0 0 1.8 0.2 0 2 0 0 0 0 0 0 0 0 0.2 0 0 5.4 7.4 2.2 1.6 0.2 3.4000000000000004 2 5.4 0 5.2 0 0.2 3.2 0 2.4000000000000004 0.2 0 0.2 0 0 0 0 0 0 0 0 0 0 0 0 3.8000000000000003 0 0.8 0 0.2 0 4.4 2.2 0 0 0 0 0 0 0 0 0 0 2.8000000000000003 0 0 0 0 0 0 0 0 0 0 0 0 0 0 0.2 0 0 0 0 0 0 0 0 0 0 0 0 0 0 0 2.6 0 0 0 0 0.2 0 18.400000000000002 0 0 1.8 0 0 0 0.4 0 0.2 0 0 0 0 1.4000000000000001 0 0 0 0.4 0 0 0.4 0 0 0.2 0 0 6.2 0 0 0 0 0 0 0 0 0 0 0 0 0 0 
 29.200000000000003 45 10.8 65.8 35.6 11.8 58.6 55.6 0 54.400000000000006 6.800000000000001 11 14.200000000000001 19 46.6 53.400000000000006 42.400000000000006 10.8 20 32.6 0.4 0 0 0 0 1 0.6000000000000001 0 1 0 0 0.6000000000000001 15 0.6000000000000001 0.6000000000000001 0.4 0.6000000000000001 0 3.8000000000000003 0.6000000000000001 0 0.2 0 0 0.6000000000000001 0.8 0 0.4 0 0.6000000000000001 10.4 0.6000000000000001 0 0 13.4 0.6000000000000001 0.6000000000000001 0 0.6000000000000001 0 0 0 0.2 0.6000000000000001 0 0 0 0.4 0.4 1.6 0 0.6000000000000001 0 0.4 0.8 0 0.8 0.2 0.6000000000000001 0 3.8000000000000003 0.6000000000000001 1.8 4.2 2.6 2.4000000000000004 0.2 4.6000000000000005 6 0 0.6000000000000001 2.4000000000000004 0 2 3.8000000000000003 5 3.6 2.2 0.4 1.8 0 0 0.2 0 0 0 3.2 2.6 0 0 5.800000000000001 0 0 0 0 2.4000000000000004 0 0 0.2 2.2 0 0 0 0 0 0 0 4 0 0 0 0 0 0 0.2 0 0 2.8000000000000003 0 0 0 0 0 0 0.2 0 0 0.6000000000000001 0 0 2 0 0 0 0 0 0 0 0.2 0 4 0.8 4.800000000000001 2.4000000000000004 3 0 3.2 5.800000000000001 0.2 1.6 7.2 2.6 0 0 0 5.800000000000001 2.4000000000000004 4.2 0 10.8 0 0 0 0 0 0 1.8 0 0.2 0 0 0 0 0 0 0 0 0 14.200000000000001 2.8000000000000003 1.8 0 0 0 0 0 0 0 0 0 0 0 0 0 0 0 0 0 0 0 0 0 0 0 0 0 0 0 0 0 0 0 0 0 0 0 0 0 0 0 0 2.8000000000000003 0 0 0 0.2 2 0 10 0.2 0 2 3.6 0 0 0 0 0 0 0 0 0 1.4000000000000001 0 0 0 0 0 0 0 0 0 0 0 0 0 0 0 0 0 0 0 0 0 0 0 0 0 0 0 
 13.8 9.200000000000001 28.400000000000002 67.4 36.800000000000004 35.6 25.400000000000002 56 54.400000000000006 0 43.400000000000006 52.800000000000004 50.2 14.200000000000001 74.60000000000001 44.6 60.400000000000006 30 15.600000000000001 19.200000000000003 0 0 0 0 0 0.4 0 0 0 0 0 0 50.2 0 0.6000000000000001 0 0.4 0.4 16.8 6 0 0.4 1 5.800000000000001 0.2 0 0 0.4 0 1 0 13 0 0 0.6000000000000001 0 0 0 0.6000000000000001 0 0 0 0 0 0 0 0.6000000000000001 0 0 0 0 1 0 0.4 0 0 0 0 0.6000000000000001 0 0 5.800000000000001 1 4 9.200000000000001 4 0.2 1.8 2 3.8000000000000003 3 8.8 0 0 0 2 0 4.800000000000001 0 2.6 0 0 0 0 0 0 0.2 0 0 0 0.2 0 2 0 0 0 0.4 0 3.4000000000000004 2.2 0 0.4 0 0 0 0 0 0 0 0 0 0 0 0 0 0 0 0 0 0 0.4 0 0 0 0 0 0 1.2000000000000002 0 0 0 0 0 0 0 0 0 0 0 0 0 1.2000000000000002 3.8000000000000003 3.8000000000000003 0.6000000000000001 3.4000000000000004 0 2.2 0 8.200000000000001 3.8000000000000003 3.4000000000000004 0 0.4 0 1.8 3.6 4.4 0 0 0 0 2.8000000000000003 0 0 2.4000000000000004 2.4000000000000004 0 0 4.4 0 0 8.200000000000001 0 0.8 0.2 0 0 13.8 12 0 0 0 0 0 0.4 0 0 0 0 1.4000000000000001 0 0 0 0 0.4 0 0 0 0 0 0 0 0 0 0 0 0 0 0 0 0 0 0 0 0 0 0 0 0 0 5 0 0 0 0 0.2 0 1.2000000000000002 0.8 0.4 1.6 0 0 0.2 0 0 0 0 0 0 0 2 0 0 0 0 0 0 0 0 0 0 0 0 3 3.8000000000000003 0 0 0 0 0 0 0 0 0 0 0 0 0 
 26.400000000000002 5.800000000000001 37.4 48.6 40.2 32.2 8.6 29 6.800000000000001 43.400000000000006 0 74 10.4 28.8 59.6 34.4 27.400000000000002 74.60000000000001 12.600000000000001 12.4 0 0.2 0.2 0 0 0.4 14.600000000000001 0.4 0 0.2 0.4 0.2 24.6 0 0.6000000000000001 0 0.4 0 0.8 25.6 5.800000000000001 0 17.6 0 0.2 0 0 0.2 0 0.2 0 13.4 0 0 0.6000000000000001 1 0 0.4 0.6000000000000001 0 0 0 0 0 0 0 0.6000000000000001 0 1 0 0 0 0 0.6000000000000001 0 0 8.200000000000001 0 0.4 0 0 3.6 0 4.800000000000001 2 7.4 0 4.2 4.800000000000001 9.8 1.2000000000000002 2.4000000000000004 3.2 2.6 0 4.2 2.4000000000000004 4 0 2 0 0.2 2.4000000000000004 0 0 0 6 0 0 0 0 0 2 0 0 1.6 0 0 8.200000000000001 7.4 0 0 0 3.6 0 0 0 1.4000000000000001 0 0 0 0 0 0 0 0 0 0 0 0 0 0 0 0.4 0 1 0 0 0.4 4.4 0 0 0 0 0 3.8000000000000003 0 0 0 0 2.6 2.2 2.4000000000000004 5 1.8 1.2000000000000002 0 4.4 6 6.2 6 2.4000000000000004 0 0 3.6 0 0 3.2 0 0 2 0 0.2 0 0 0 1.2000000000000002 0 0 8.8 0.2 0 5.2 2.2 4 0 0 0 6.2 5.800000000000001 0 1.6 0 0 0 0 0 0 0 0 0 0 0 0 2.6 0 0 0 0 0 0 0 0 0 0 0 0.4 0 0 0 0 0 0 0 0 0 0 0 0 0.4 0 0 0 0 0 0.2 0.4 0 0.2 18.400000000000002 3.4000000000000004 0.6000000000000001 0.2 0 0 0 0 0 0 0 0 0 6.6000000000000005 0 0 0 0 0 0 0 0 0 0 0 0 4.2 8 1.4000000000000001 0 0 0 0 0 0 0 0 0 0 0 0.2 
 10 49.400000000000006 4.2 24 29.400000000000002 10.200000000000001 8.8 15.600000000000001 11 52.800000000000004 74 0 4.4 6.6000000000000005 39.2 24.8 32.4 80 6 5.4 39 14.8 14.8 0 0 0.4 0.4 14.8 0 0.2 0 0 15.600000000000001 15.200000000000001 0.6000000000000001 0 0.4 0.4 0.2 30.400000000000002 0 0 1 0 0.2 0 0 0 0 0 0 8.4 0 0 0.6000000000000001 0 0 0 0.6000000000000001 0 0 0 0 0 0 0 0.6000000000000001 1 0 0 0 0 0 0.4 0 0 0 0 0.6000000000000001 0 0 0 0 4.800000000000001 4.6000000000000005 4.2 0 0 7.2 11.8 1.8 10.8 0 0.2 0 0 0 0.4 0 0.4 2.8000000000000003 3.6 2.8000000000000003 0 0 0 4.4 2 2.4000000000000004 0 5.4 0 7.6000000000000005 0 5.4 5.4 4.2 0 3 1.6 0 0 0 0 0 0 0 0 0 0 0 0 0 0 0 0 0 0 0 0 0 0.4 0 0 0 0 0 1 0 0 0 0 0 0 0 0 0 0 0 0 0 0 4.6000000000000005 4.4 0.4 3.6 0.6000000000000001 5 0.2 14.8 0 3.6 1.2000000000000002 0 0 0 2.6 1.4000000000000001 0 0 0.2 2.2 6.2 0 0 0 4.4 0 3.2 2.2 5.6000000000000005 0 1.4000000000000001 5.2 4.800000000000001 0 0 0 8.6 5 0 0 0 0 0 0 0 0 0 0 0 0 0 0 0 0 0 0 0 0 0 0 2 0 0 0 0 0 1.6 0 0 0 0 0 0 0 0 0 0 0 0 5.2 0 0 0 0.4 1.2000000000000002 0 0 1.2000000000000002 4.6000000000000005 2 0 0 0 0 0 0 0 0 0 0 9.600000000000001 0 0 0 0 0 0.2 0 0 0 0 0 0 3.4000000000000004 2.8000000000000003 0 0 0 0 0 0 0 0 0 0 0 0 0 
 23.200000000000003 48.2 13.4 53.800000000000004 15.8 7.4 34.4 14 14.200000000000001 50.2 10.4 4.4 0 73 18.8 20.6 5.800000000000001 4.6000000000000005 54.2 37.2 0.4 0 0 0 0 0.4 0 0 0 0 0 0 0.2 0 0.8 0 0.4 0.6000000000000001 0 0.6000000000000001 0 0 0 7.6000000000000005 0.2 0 0 0 0 0 0 0 0 0 0.6000000000000001 0 0 0.4 0.6000000000000001 0 0 0 0 0 0 0 0.6000000000000001 0 0 0 0 0 0 0.4 0 0 0 0 0.6000000000000001 0 7.4 1.8 2.8000000000000003 0 0.2 0 2.4000000000000004 0 0 2.8000000000000003 0 3 0.4 3 4.4 3.8000000000000003 4 0 2.4000000000000004 1 0 0 0 0 0 0 0 0 0.2 0 0 0 0 0 0 0 0 0 0 0 0 0 0 0 0 0 0 0 0 0 0 0 0 0 0 0 0 0 0 0 0 0 0 0 0 0 0 0 0 0 0 0 0 0 0 0 0 0 0 0 1.8 2.2 2.4000000000000004 0.4 0 0 5.4 0 3.2 0 0 1.4000000000000001 5.4 0.2 3.6 0 5.2 2.8000000000000003 4.4 0 0 0 0 0 0 0 0 0 0 0 0 0 0 0 0 0 0 0 0 0 0 0 0 0 0 0 0 7 0 0 0 0 0 0 0 0 0 0 0 0 0 0 0 0 0 0 0 0 0 0 0 0 0 0 0 0 0 0 0 6.4 0 0 0 0 0 0 0 0 0.2 0.4 0 1.8 0 0 0 0 0 0 0 0 0 0 0 0 0 0 0 0 0 0 0 0 0 0 0 0 0 0 0 0 0 0 0 0 0 0 0 0 0 0 
 39.6 31.200000000000003 13.4 31.8 13.4 52.800000000000004 45.6 35.800000000000004 19 14.200000000000001 28.8 6.6000000000000005 73 0 134.6 8 11 51.800000000000004 67.2 88.4 0 0 0.8 0 0.2 0.4 0 1.2000000000000002 0 0 0 0 0.6000000000000001 0.4 0.6000000000000001 0.4 1.2000000000000002 0 0 1 1.2000000000000002 0.2 0 0 0.6000000000000001 0 0 0 0 0 2.2 0 0 0 0.6000000000000001 0 1.2000000000000002 0 0.6000000000000001 0 0.8 1.8 0 0.6000000000000001 0 0 0 0 0 0.6000000000000001 0 0.6000000000000001 0 0.4 0 0 11.600000000000001 0 1 0 6.6000000000000005 0 1.2000000000000002 0 0 0 7.800000000000001 2.4000000000000004 2.4000000000000004 2.6 0 0 4 2 0.6000000000000001 2.2 2.8000000000000003 0 0.2 11.4 0 0 0 0 0 0 0 0 0 0 0 0 0 0 0 0 0 0 0 0 0 0 0 0 0 0 0 0 0 0 0 0 0 0 0 0.2 0 2 0 0 0 0 0 0 0 0 0 0 0 0 0 0 0 0 0 0 0 0 0 0 0 0 0 0 0 0 2 0 0 3.4000000000000004 0 0 3.2 11.600000000000001 0 4 5.800000000000001 0 0.2 5 0 0 0 0 0 0 0 0 0 0 0 0 0 0 0 0 0 0 0 0 0 0 0 0 0 0 0 0 0 0 0 0 0 0 3 0 0 0 0 0 0 1.6 0 0 0 0 0 0 0 0 0 0 0 0 0 0 0 0 0 0 0 0 0 0 0 0 0.2 0.4 0 0 0 0.6000000000000001 3.2 0 0.2 0 0 0 0 0 0 0 0 0 0 0 0 0 0 0 0 0 0 0 0 0 0 0 0 0 0 0 0 0 0 0 0 0 0 0 
 30.400000000000002 48.400000000000006 18.400000000000002 38 15.200000000000001 12.200000000000001 66.2 30.400000000000002 46.6 74.60000000000001 59.6 39.2 18.8 134.6 0 34.800000000000004 6.800000000000001 6.4 15.600000000000001 61.400000000000006 0.4 0 0 0 0 0.8 0 0.2 0.6000000000000001 0 0 1 0.2 0.6000000000000001 1 0.2 0.4 0 0 0.6000000000000001 0 0.2 0 0 0.2 0 0 0.2 0 0.6000000000000001 6 0.6000000000000001 0 0 0.6000000000000001 0.6000000000000001 0.6000000000000001 0.6000000000000001 0.6000000000000001 0 0 0.2 2.6 0 0 0 0.6000000000000001 0.4 2 1.8 0 0 0 0.4 0 0.6000000000000001 0 0.4 0.6000000000000001 0 11 4.2 1.4000000000000001 0 5.2 1.6 4.800000000000001 2.6 4 7.6000000000000005 0 2 3.2 1 3.8000000000000003 11.200000000000001 7.6000000000000005 0 0 2.6 0 0 0 0 0 0 0 0 0 0 0 0 0 0 0 0 0 0 0 0 0 0 0 0 0 0 0 3.4000000000000004 0 0 0 0 0 0 0 0 0 0 0 0 0 0 0 0 0 0 0 1.4000000000000001 0.4 0 1.2000000000000002 0 0 0 0 0 0 0.8 0.8 0 5.4 3 13.200000000000001 0 0 0.4 6.800000000000001 13.4 2 11.600000000000001 0 6.2 0 3.8000000000000003 2.4000000000000004 12.600000000000001 13.4 0.6000000000000001 0 3.4000000000000004 0 0 0 0 0 0 0 0 0 0 0.2 0 0.2 0 0 0 0 0 1.2000000000000002 0 1 0 0 0 0 0 0 0 0 0 0 0 0 0 0 0 0 0 0 0 0 0 0 0 0 0 0 0 0 0 0 0 0 0 0 0 0 0 0 0 0 0 0 0 0 0.8 0.4 0.6000000000000001 0.4 0.6000000000000001 0.6000000000000001 0.8 3.8000000000000003 0 0 0 0 0 0 0 0 0 0 0 0 0 0 0 0 0 0 0 0 0.2 0 0 0 0 0 0 0 0 0 0 0.4 0 0 0 0 0 
 16.2 19.400000000000002 93.4 33.6 16.8 35.800000000000004 7 27 53.400000000000006 44.6 34.4 24.8 20.6 8 34.800000000000004 0 36.800000000000004 24 9.200000000000001 17.8 2 0 0 41.400000000000006 0.2 0.4 17.8 0 1 0 0.4 0 45 2.4000000000000004 0.8 0 0.4 2.2 15 30 0 0.4 0 0 0.8 0 0.4 0 0 0.6000000000000001 0 0 0 0 0.6000000000000001 0 0 0 0.6000000000000001 0 0 0 0.4 0 0 0 0.6000000000000001 0 0 0 0 0.4 0 0.4 0 0.8 0.8 0 0.6000000000000001 5.6000000000000005 2.2 0 0.2 6.2 6 1.2000000000000002 3 3.6 3.4000000000000004 1.4000000000000001 4.6000000000000005 9.200000000000001 0 0 2.6 0.4 3 5 0 0 0 0 0 0 4.4 0 4.800000000000001 0.2 0 0 0 0 0 0 0 2.8000000000000003 2.8000000000000003 0 4.800000000000001 5.4 0 0 0 0 0 0 0 0 0 0 0 0 0 0 0 0 0 0 0.2 0 0 0 0 0 0 0 0 3.6 0 0 0 0 0 0 0 0 0 0 0 0 0 2 2.6 0.6000000000000001 3.6 13 0 0 5 10.200000000000001 0 6.6000000000000005 0 2 2.6 0 3.4000000000000004 2 2.6 0 0 5 0 0 0 0 2.8000000000000003 0 0 0 0 0 0 1.8 1.6 0 0 0 0 2.4000000000000004 0 0 0 0 0 0 0 0 0 0 1.2000000000000002 0 0 0 0 0 0 0 0 0 0 0 0 0 0 0 0 0 0 0 0 0 0 0 0 0 3.6 0 2.8000000000000003 0 0 0 0 0 0 0.6000000000000001 0.2 0 0 19.6 0 2.4000000000000004 0 0 0 0 0 0 0 0 0 0 0 0 0 0 0 0 0 0 0 0 0 0 0 2.2 2.2 0 0 0 0 0 0 0 0 0 0 0 0 0 
 35 43.2 48.6 30.8 9.8 33.6 6.6000000000000005 41 42.400000000000006 60.400000000000006 27.400000000000002 32.4 5.800000000000001 11 6.800000000000001 36.800000000000004 0 47 12 49.800000000000004 0.6000000000000001 0.2 0 0 0 0.4 0.4 0 0.6000000000000001 0 0.4 0 23.8 0 0.6000000000000001 0.8 1.2000000000000002 0.4 31 1 0 0.4 0.6000000000000001 0 1.2000000000000002 0 0 0.4 0.4 12 0 1.6 0 0.4 0.6000000000000001 0 0 0.2 0.8 0 0 0 0 1 0.6000000000000001 0.6000000000000001 0 0 0 0.6000000000000001 0.2 2 0 0.4 0 0 6.6000000000000005 0 0.6000000000000001 0 2.2 0 4.6000000000000005 4 5.6000000000000005 2.2 2.2 9.4 2.2 0 6 2.8000000000000003 2 2.2 4.800000000000001 0 1.8 2.6 0.2 2 0 2.6 0 0 0 0 0.2 1.8 0 0 4 0 2.2 0 0 1.2000000000000002 0.4 0 11.4 2.2 0 0 0 0 0 0 0 0 0 0 0 0 0 0 0 0 0 2.6 0.4 0 0 0 0 0 0 0 0 0 0 0 0 0 0 0 0 0 0 0 0 0 4.2 2.8000000000000003 2.2 2.8000000000000003 6.800000000000001 2 0 0.8 0 0.2 1.8 0 0 2.4000000000000004 0 0 0 0 0 0 0 0.2 0 0 0 0 0.4 0 0 0 0 0 2.6 0 0.4 4.800000000000001 0 0 2.2 3.6 0 0 0 0 0 0 1.6 0 0 0 1.4000000000000001 0 0 0 0 0 0 0 0 0 0 0 0 0 0 0 0 0 0 0 0 0 3.6 0 0 0 0 0 3.6 0 0 2.2 0.6000000000000001 0 0 0 0 0 0.2 0.4 0 2.8000000000000003 0 0 0 0 0 0 0 0 2.6 0 1 0 0 0 0.2 0 0 0 0 0 0 0.4 0 2.8000000000000003 0 0 0 0 0 0 0 0 0 0 0 0 0 0 
 7.2 7.4 52.800000000000004 37.800000000000004 126.2 39.800000000000004 6 18.8 10.8 30 74.60000000000001 80 4.6000000000000005 51.800000000000004 6.4 24 47 0 6.6000000000000005 10.600000000000001 0 0 0.4 0 0 0.4 12.200000000000001 0 0.6000000000000001 0 0 0 58 0 16.400000000000002 0.8 0.4 0 22.200000000000003 52.2 0 0 5.2 0 1 0 0.4 0 0.4 0 0 0 0 0 13.600000000000001 0.6000000000000001 4 0 0.6000000000000001 0.2 0 0 0 7.800000000000001 0 0 0.2 0.6000000000000001 0 0 0.6000000000000001 1.4000000000000001 0 0.4 0 0 0 0.4 1 0 0 0 0 13.8 1.6 7.6000000000000005 0 0 2.8000000000000003 5.800000000000001 1.4000000000000001 3.4000000000000004 0 0 0 2.2 2.6 2.4000000000000004 0 0 0 2.8000000000000003 14 0 0 0 9 0 0 0 0.2 0 1.8 0.2 5.800000000000001 3 7.2 0 6.6000000000000005 7.6000000000000005 0 0 0 0 0 0 0 0 0 0 0 0 0 0 0 0 0 0 0 0 0 0 0 2.4000000000000004 0 1 0 0 0 0 0 0 0 0 0 0 0 0 0 0 0 0 0 0.2 0.2 2.6 0 0 4.4 4.2 3.8000000000000003 0 0 0.4 0 0 0 4.2 0 0 2.2 9.200000000000001 0 0 0 0 10.4 0 0 3.2 0 0 4.4 2 6.800000000000001 0.2 0 0 5.800000000000001 12.200000000000001 0 0 0 0 0 0 0 0 0 0 4.4 0 0 0 0 0 0 0 0 0 0 0 0 0 0 0 0 0 0 0 0 0 0 0 0 0 0 0 0 0 0 3.6 0 0 0 0 17.400000000000002 0 0.6000000000000001 0.8 0.8 0.2 0 0 0 0 0 0 0 0 0 0 3.8000000000000003 0 0 0 0 0 0 0 0 0 0 0 0 0.6000000000000001 2.8000000000000003 1.8 0 0 0 0 0 0 0 0 0 0 0 0 
 11.8 27.400000000000002 8.200000000000001 14.8 12.200000000000001 8.8 24.6 9.200000000000001 20 15.600000000000001 12.600000000000001 6 54.2 67.2 15.600000000000001 9.200000000000001 12 6.6000000000000005 0 61.400000000000006 0 0 1.2000000000000002 0 0 0.4 0 15 0 0 0 0.4 0.4 0 0.6000000000000001 0.2 0.4 0 0 0.6000000000000001 0.8 0.2 0 0 0.4 1 0 0 0 0 1.4000000000000001 0 0 0 0.6000000000000001 0 0.8 0 0.6000000000000001 0 0 0 0 1.6 0 0 1.2000000000000002 0.4 0 1.4000000000000001 0.8 0.4 0.4 0.4 0 0 0 0 1.8 0 6.800000000000001 0 0 0 0 0 1.8 0 2 0 0 0 2.2 3 0 4.4 4.2 2 2.6 7 0 0 3 0 0 0 0 0 0 0 0 0 0 0 0 0 0 0 0 0 0 0 0 0 0 0 0 0 0 0 0 0 0 0 0 0 0 0 0 0 0 0 0 0 0 0 0 0 0 0 0 0 0 0 0 0 0 0 0 0 2.8000000000000003 0 0.2 0 0 0 5.4 0 0.2 0 0.6000000000000001 1.8 3.8000000000000003 3.2 0 2.2 2.2 0 2.8000000000000003 5.6000000000000005 0 0 0 0 0 0 0 0 0 0 0 0 0 0 0 0 0 0 2.6 0 0 0 0 0 0 0 0 0 0 0 0 0 0 0 0 0 0 0 0 0 0 0 0 0 0 0 0 0 0 0 0 0 0 1.4000000000000001 0 0 0 0 0 0 0 0 0 0 0 0 0 0 0 0 0 1.4000000000000001 4.2 0.4 0 0 0 0 0.2 0 0 0 0 0 0 0 0 0 0 0 0 0 0 0 0 0 0 0 0 0 0 0 0 0 0 0 0 0 0 0 
 19 21 6.800000000000001 31.200000000000003 64.60000000000001 51.800000000000004 13.600000000000001 25.6 32.6 19.200000000000003 12.4 5.4 37.2 88.4 61.400000000000006 17.8 49.800000000000004 10.600000000000001 61.400000000000006 0 0 0.6000000000000001 0 14.8 0.2 1 0 0 0.6000000000000001 0 0 0 1 0 0.6000000000000001 0.8 0.4 0 0 1 0 0.4 0 0.6000000000000001 1 0.4 0 0 0 0 1.4000000000000001 0 0.4 0 0.6000000000000001 0.4 0 0.6000000000000001 0.6000000000000001 0 1 0 0 1.4000000000000001 0.2 0 0.4 1 0.6000000000000001 1 0 0.8 0.4 0.4 0 0 0 0 0.6000000000000001 0 10.4 0 5.4 0 0 0 11 3.6 5 2.6 3.6 0.2 2.2 4.4 0.6000000000000001 2.2 3.2 0.6000000000000001 0 4.6000000000000005 0 2 0 0 0 0 0.2 0 0 0 0 0 0 0.2 0 0 0 0.2 0 0 0 0 0 0 0 0 0 0 0 0 0 0 2.8000000000000003 0 0 0 0 0 0 0 0 0 0 0 0 0 0 0 0 0 0 0 0 0 0 0 0 0 0 0 0 0 0 0 0 0 4.6000000000000005 0 0 0.4 0 0 2.2 7.800000000000001 0 4.800000000000001 2.2 0 0.2 4.6000000000000005 0 0.4 0 0 0 0.2 0 0 0 0 0 0 0 0 0 0 0 0 0 0 3 0 0 0 0 0 0 0 0 0 0 0 2 0 0 0 0 0 0 0 0 0 0 0 0 0 0 0 0 0 0 0 0 0 0 2.8000000000000003 0 0 0 0 0 0 0 0 0 0 0.4 0 0.2 0 0.4 3 2.4000000000000004 1.8 0 0 0 0 0 0 0 0 0 0 0 0 0 0 0 0 0 0 0 0 0 0 0 0 0 0 0 0 0 0 0 0 0 0 0 0 
 0 0 0 15 17.6 15.8 0 0.4 0.4 0 0 39 0.4 0 0.4 2 0.6000000000000001 0 0 0 0 19.400000000000002 55 41.800000000000004 22.8 8 32 28.400000000000002 40.800000000000004 22.6 22.6 63.2 51 120 22.400000000000002 20.200000000000003 67.8 13 7.2 12.8 0.4 0.8 1 0.4 0.8 0 0.4 0 0.8 0 0.2 53.400000000000006 0 0 0 0 1 0 0.8 0 0 0.6000000000000001 1 1.2000000000000002 0 0.6000000000000001 0 1.6 0 0.2 0 0.6000000000000001 0 0 0 0 1 0 0 1.2000000000000002 0 0 0 0.6000000000000001 0 2.6 0 0 0 0 0 0 0 0 0 0 0 0 0 0 0 5.2 0.2 6.2 2.4000000000000004 3.6 3.8000000000000003 2.4000000000000004 1.4000000000000001 2.4000000000000004 3 2.6 2.6 4.800000000000001 9 3.6 2.6 2.4000000000000004 2.4000000000000004 0 0 0 0 0 0 0 0 0 0 0 0 0 0 0 0 0.2 0 0 5 0.4 0 0.6000000000000001 0 0 0 0 0 0 0 0 0 0 0 0 0 0 2.2 0 0 0 0 0 0 2.6 0.4 0 0.6000000000000001 0 0 0 0 0 0 0 0 0 0 2.2 0 0 6.4 6.800000000000001 1.6 0.6000000000000001 2.2 4 1.4000000000000001 5.800000000000001 6.6000000000000005 3.2 8 4.2 4 4.6000000000000005 3.8000000000000003 0 5.800000000000001 3.6 2.2 0 0 0 0.4 0.4 0 0 0 0 0 0 0 0 4.4 0 0 0 0 0 2.2 1.6 0 0 0 0 0 0 0 0 0 0 0 0 0 0 0 0 0 0 0 0 0 0 0 0 0 0 0 0 0 15 0 0 0 0 4.6000000000000005 0 0.4 0.6000000000000001 0.4 0.4 0 3.4000000000000004 0 0 0 0 0 0 0 0 0 0 0 0 0 0 0 0 0 0 0 0.2 0 0.4 0 2.2 0.2 0 0 0 
 0 0 0 0 14.8 59.800000000000004 0 0.6000000000000001 0 0 0.2 14.8 0 0 0 0 0.2 0 0 0.6000000000000001 19.400000000000002 0 21.400000000000002 14.4 12.8 8.4 30 33.2 57.800000000000004 25.8 63.400000000000006 8.6 26.6 20.400000000000002 73.4 20.8 53.2 15.200000000000001 38.800000000000004 29.200000000000003 0 0.8 0.6000000000000001 0 0.6000000000000001 0 0.8 0 0 1.2000000000000002 0 13.8 0 0 0 1.2000000000000002 1.6 0 0 0 0 0.6000000000000001 0.4 0.6000000000000001 0 0.6000000000000001 0 1.2000000000000002 0.8 0 0 0.6000000000000001 0 2.2 0 0 0 0.4 0 0.4 0 0 0 0 0 2 0 0 0 0.2 0 0 0 0 0 0 0 0 0 0 3.8000000000000003 2.8000000000000003 2.4000000000000004 0 5 0 0 2.4000000000000004 0.4 5.2 2 4.6000000000000005 1.6 1.6 9 5.6000000000000005 0 6 6.4 4.2 0 0 0 0 0 0 0 0 3.2 0 0 0 0 0.4 2.2 0 0 0 0.2 0 0 0 0 0 0 0 0 0 0 0 0 0 0 0 0 0 0 0 0 0 0 0 0.4 0 2.6 6.2 1.4000000000000001 0 0 0 0 0 0 0 0 0 0 1.2000000000000002 0 0 2.6 5 6.2 0 3 0 4.6000000000000005 0 5 0 2.6 0.2 4.6000000000000005 7.6000000000000005 3.4000000000000004 5.6000000000000005 13.200000000000001 4.6000000000000005 0 0 0 2.2 0 0 0 0 0 0 0 0 0 0 0 0 0 0 0 2.6 3.8000000000000003 0 0 0 0 0 0 0 0 0 0 0 0 3.8000000000000003 0 0 0 0 0 0 0 0 0 0 0 0 0 0 14.4 0 0 0 0 0 0 0 0.8 0 0 0 0 0.4 0 0 0 0 0 0 0 0 0 0 0 0 0 0 0 5.800000000000001 0 0 0 0 0 11.4 0 0 0 0 0 0 0 0.2 
 0 0 0.2 0 1.6 15.600000000000001 0 0.4 0 0 0.2 14.8 0 0.8 0 0 0 0.4 1.2000000000000002 0 55 21.400000000000002 0 58.400000000000006 28.6 7.6000000000000005 42.800000000000004 33.800000000000004 49.800000000000004 6.4 85.2 6 9.200000000000001 40 31.6 41.400000000000006 54.400000000000006 22 89.60000000000001 13 0.4 0.8 6.800000000000001 0 0.6000000000000001 0 0.4 0 0 0.2 0 12.4 0 0 0 0 0.4 0 0 0 0 0.6000000000000001 0 0.4 0.2 0.8 0 0.4 0 0 0 0.8 0 5.2 0 0 0 0 0 0.4 0 0 0 0 0 2.4000000000000004 0 0 0 0 0 0 0 0 0 0 0 0 0 0 0 2.6 0.6000000000000001 8 5 6.4 3.2 2.4000000000000004 4.6000000000000005 4.2 4.4 3 0 3.8000000000000003 3 3.2 3.2 0 3.4000000000000004 2.2 0 0 0 0.2 0 0 0 0 0 0 0 0.2 0 0 2 0 0 0 6.2 0 0 0.2 0 0 0 0 0 0 0 0 0 0 0 0 0.2 0 0 0 0 0 2.8000000000000003 0 0 0 0 0.4 0.6000000000000001 0 0 0 0 0 0.2 0 0 0.2 0.4 0.8 0 0 5.800000000000001 6.6000000000000005 2.2 0 1.4000000000000001 1.6 3.6 2.4000000000000004 2 3.2 4.2 5.4 10.200000000000001 2.8000000000000003 1.2000000000000002 1.6 10.600000000000001 5 0 0 0 2.2 0 0 0 0 0 0 0.2 0 0 0 2.2 0.4 0 1.2000000000000002 0 0 2.8000000000000003 0 0 0 0 0 0 0.2 0 0 0 0.4 0 0 0 0 0 0 0 0 0 0 0 0 0 0 0 0 0 0 0 0 0 0 0 0 3.8000000000000003 0 0.2 10.4 0.6000000000000001 0.4 0 2.8000000000000003 0 0 0 0 0 0 0 0 0 0 0 0 0 0 0 0 0 0 0 0 0 0 0 0.4 0 2 0 0.4 
 0.4 0 0.6000000000000001 0 0 16 0 0 0 0 0 0 0 0 0 41.400000000000006 0 0 0 14.8 41.800000000000004 14.4 58.400000000000006 0 11.8 10 15.8 30.8 62.6 33.800000000000004 12.600000000000001 35.800000000000004 13.4 63.6 48 42 42 6 12.200000000000001 19.6 1.6 0.8 0.6000000000000001 0 0.6000000000000001 0 0.4 0 0 0 0 0.2 0 0 0 0 0.4 0 0 0 0 0.6000000000000001 0 0.4 0 0.6000000000000001 0 0.4 0 0 0 0.6000000000000001 0 0.8 0 0 0 0 0 0.2 0 0 0 0 0 0 0 0 0 0 5.6000000000000005 0 0 0 0 0 0 0 0 0 3.2 7 0 4.2 8 1.6 2.2 0 5.6000000000000005 1.8 6 7 0 9.200000000000001 0 3.8000000000000003 1.2000000000000002 0 0 0 0 0 0 0 0 0 0 0 0 0 0 0 1.6 0 1.8 0 0 0 11.200000000000001 0 0 0 0 0 0 0 0 0 0 0 0 0 0 0 0 0 0 0 0 0 0 0 0 0 0 0 0 0 0 0 0 0 0 0 0 0 0 0.4 0 0 5.6000000000000005 5.800000000000001 0 2.4000000000000004 1.2000000000000002 2.4000000000000004 3.4000000000000004 4 0 1.2000000000000002 4.2 5.2 2.6 6.2 1.8 2.2 6.2 16.2 0 0 0.2 3.2 0 0 0 0 0 0 0 0 0 0 1.4000000000000001 0 0 0 0 0 10 1.6 0 0 0 0 0 0 0 0 0 0 0 0 0 0 0 0 0 0 0 0 0 0 0.2 0 0 0 0 0 0 0 0 0 0 0 1.6 0 0 15.4 1.2000000000000002 0.4 2.4000000000000004 0 0 0 0 0 0 0 0 0 0 0 0 0 0 0 0 0 0 0 0 0 0 0 0 2 0 0 0 0 
 0 0 0 0 0 0 0 0 0 0 0 0 0 0.2 0 0.2 0 0 0 0.2 22.8 12.8 28.6 11.8 0 23.400000000000002 8.6 15 13.600000000000001 24 15.4 38 12.200000000000001 45 14.200000000000001 30.400000000000002 15 8.6 12.4 14.200000000000001 26.6 0.4 0.6000000000000001 0 0.6000000000000001 0 13 12.600000000000001 13.600000000000001 0.2 0.2 0 0 0.2 0 0 0.4 0 0.2 13 0 0.6000000000000001 0 0.6000000000000001 0 0.8 0 0.4 0 0 0 0.6000000000000001 0 0 0 1 0.2 0 0 0.2 0 0 0 0 0 0 0 0 0 0 0 0 0 0 0 0 0 0.4 0 0 0 0 0 3.6 5 4.2 0 0 3.8000000000000003 0 0 0 0 0 3.2 0 7.2 1.6 0 0 4 5.4 0 0 0 0 2 0 14 1.6 2 0 3 0 4.800000000000001 2.6 8.8 0 1.6 11 0 0.6000000000000001 0 0 0 0 0 0 0 0 0 0 0.4 0 0 0.2 0 0 0.2 0 0 0 0 0 0 0.6000000000000001 0 0 0 0 0 0 0 0 0 0 0 0 0.4 9.4 0 0 2.6 0 0 4.800000000000001 0 2.8000000000000003 0 7.800000000000001 5.800000000000001 0 0 0 0 2.4000000000000004 0 0 0.2 0 4 0 4.2 2.4000000000000004 0 0 8.6 2.8000000000000003 3 2.2 0 0.8 1.8 2.8000000000000003 0 0 2.2 2 0 0 0 0.2 0 0 0 0 0 0 0 0 0 0 0 0 0 0 0 0 0 0 0 0 2.4000000000000004 0 0 0 0 0 0 0 0 0 0 0 3.6 0 0.6000000000000001 19.400000000000002 14.600000000000001 2.2 0.4 2 0 0 0 0 0 0 0 0 0 0 0 0 0 0 0 0 0 0 0 0 0 0 0 0 0 1 0 0 
 0.8 0.4 0.4 0.4 0.4 0.4 0.6000000000000001 0.4 1 0.4 0.4 0.4 0.4 0.4 0.8 0.4 0.4 0.4 0.4 1 8 8.4 7.6000000000000005 10 23.400000000000002 0 9.4 22 86.60000000000001 29.6 19 52.2 5 88.80000000000001 54.400000000000006 32 37.2 21.400000000000002 9.8 14.200000000000001 12.200000000000001 0.8 0.6000000000000001 0 0.6000000000000001 0 13 0 0.2 0 0.2 0 13.600000000000001 12.8 0 12.8 12.8 0 26 3.2 0 0.6000000000000001 0 0.6000000000000001 0 0.6000000000000001 0 0.4 0 0 0 0.6000000000000001 0 0.8 0 0 0 0 0 0.4 0 0 0 0 0 0 0 0 0 0 0 0 0 0 0 0 0 0 0 0 2.6 0 15.4 5.2 0 1.8 0.2 0 2.6 0.4 0 0 0 1.8 0 0 6.2 3.4000000000000004 0 0 2.6 0 0 2 0 0 5.800000000000001 8 0 0 0 0 1.8 1.8 9 2 0.2 0 2.4000000000000004 2.6 0 0 0 0 0 0.2 0.4 0 0 0 0 0 4 0 0 0 0 0 0 0 0 0 0.4 0 0 0 0 0 0 0 0 0 0 0 1.8 0 0 0 0.6000000000000001 1.8 0 0 2.6 4 2.2 1.8 0 1.2000000000000002 0 4 1.8 2.8000000000000003 0 0 0 5.6000000000000005 6.4 11.4 0 0 5.4 7 0.8 0.2 0 0 19.6 1.6 0 0 0 0 3.6 2.4000000000000004 0 0 0 0 5 1.2000000000000002 0 0 0 0.2 0 0 0 0 0 0 0 0 0 0 0 0 0 0 0 0 0 0 4.2 0 0 0 0 0 0 0 0 0 0 0 2.6 0.2 0 0.2 19.200000000000003 0 0.2 0 0 0 0 0.4 0 0 0 0 0 0 0 0 0 0 0 0 0 1.8 0 0 0 0 0 0 0 0 0 0 
 0 0 15.200000000000001 0 14.8 0.2 0 0.6000000000000001 0.6000000000000001 0 14.600000000000001 0.4 0 0 0 17.8 0.4 12.200000000000001 0 0 32 30 42.800000000000004 15.8 8.6 9.4 0 19.8 12.4 7 8.6 20.8 22 31.400000000000002 21.8 27.6 9.4 6.4 44 12.200000000000001 0 0.6000000000000001 0.6000000000000001 0 0.6000000000000001 0 0.4 0 0 0 0 0.2 0 0 0 0 0.4 0 0 0 0 0.6000000000000001 0 0.4 0 0.6000000000000001 0 0.6000000000000001 0 0 0 0.6000000000000001 1 0 0 0 0 0 0.8 0.2 0 0 0 0 0 0 0 0 0 1.4000000000000001 0 4.4 0 0 0 0 0 0 0 0 0.2 3.6 2.6 2.8000000000000003 0 1.8 4.6000000000000005 0.6000000000000001 4.6000000000000005 1.6 1.4000000000000001 0.6000000000000001 0 0 0 1.6 6 3.8000000000000003 0.2 1.8 0 0 0 0 0 0 0 0 0 0 0 0 0 0 0 0 0 0 5.800000000000001 0 0 0.6000000000000001 0 2 0 0 0 0 0 0 0 0 0 0 0 0 0 0 0 0 0 0 0 0 0 0 0 0 0.8 0 0 0 0 0 0 0 1.4000000000000001 0 0 0 3.4000000000000004 0 1.6 3.8000000000000003 2.4000000000000004 2.4000000000000004 0 3 0.2 1.4000000000000001 2 0 0.4 1.4000000000000001 1.8 0.2 5 3 0.2 0 0 0 0 0 0 1.8 0 0 0 0 0 0 0 0 0 0 0 0.4 0 0.2 0 0.8 0 0 0 0 0.8 0 0 0 0 0 0 0 0 0 0 0.2 0 0 0 0 0 0 0 0 0 0 0 14.200000000000001 0 0 0 0 1 0 0 17.8 0 0 0 2 0 0 0 0 0 0 0 0 0 0 5 0 0 0 1.8 0 0 0 0 0 0 0 0 1.8 2.8000000000000003 0 0 0 
 0 0.2 0 16 14.600000000000001 13.4 0 0.4 0 0 0.4 14.8 0 1.2000000000000002 0.2 0 0 0 15 0 28.400000000000002 33.2 33.800000000000004 30.8 15 22 19.8 0 22.400000000000002 32.6 9.200000000000001 18 22.6 34.6 19.6 24.6 8 3.4000000000000004 26.6 9.4 0 0.8 0.6000000000000001 0 0.6000000000000001 0 0.4 0 0 0 0.2 0.4 0 0 0 0 0.4 0 0 0 0 0.6000000000000001 0 0.6000000000000001 0 0.6000000000000001 0 6.6000000000000005 0 0 0 0.4 0 0 0 0 0 0 0 0.6000000000000001 0 0.2 0.4 0 0 3.6 0 0 1.6 0.2 0 2.8000000000000003 0 0 0 0 0 1.6 0 0 4 4.2 0 16 2.4000000000000004 0 2.6 0 1.6 0 8.6 0 5.4 0 3.6 2.8000000000000003 10.200000000000001 7 0 0 0 0 0 0 0 0 0.2 0.4 0 0 0 0 1.8 0 3.2 0 0 0 0 0 0.4 0.4 0 0 0 0 0.2 0 0 0 0.4 0 0 0 0 0 0 0 0 0 1.2000000000000002 0 0 0 0 1.4000000000000001 0 0 0 0 0 0.2 0 0.2 0 0 0 5.6000000000000005 0 0 0 0 1.6 4.6000000000000005 0.2 3.4000000000000004 5.800000000000001 3.2 2 11.8 2.6 3.2 0 4.6000000000000005 2.2 9.4 0.6000000000000001 0 2 0.2 0 0 0 0 0 0 0 0 0 0 1.6 0 2.2 0 0 0 0 0 1.4000000000000001 0.2 0 0 0 0 0 0 0.4 0 0 0 0 0.4 0 0 0 0 0 0 0 0 0 0 2.8000000000000003 0 0 0 0 0 0 16 0 2.6 0 0.4 2.6 0 0 16 15.4 0 1 0.2 0 0 0 0 0 0 0 0 0 0 0 0 0 0 0 0.4 0 0 0 0 0 0 0 0 0 0 0 0 
 11.8 0.6000000000000001 0 0 0.2 19.6 0 0.8 1 0 0 0 0 0 0.6000000000000001 1 0.6000000000000001 0.6000000000000001 0 0.6000000000000001 40.800000000000004 57.800000000000004 49.800000000000004 62.6 13.600000000000001 86.60000000000001 12.4 22.400000000000002 0 20.400000000000002 8.200000000000001 43 56.800000000000004 39 32.6 13.600000000000001 18.400000000000002 87 12.200000000000001 13 0 0.6000000000000001 0 0 0.6000000000000001 0 0.4 0 0 0 0 0.2 0 0 0.2 0 0 0 0 0 0 0 0.4 0 0 0.8 0 0 0 0 0 0 0 1.4000000000000001 0 1.4000000000000001 9.8 0 0 0.4 0 0 0 0 0 2.4000000000000004 0 0 0 0 1.8 0 0 0.2 0 0 0 0 0 0 0 7.2 5 4.2 2 2.6 0.4 3.8000000000000003 5.800000000000001 6.6000000000000005 0 2.4000000000000004 0.2 3.8000000000000003 3.6 4.2 1.8 0 3 0 0 0 0 0 0 0 0 0 0 0 0 0 0 0 1.8 0 0 0 0 2.4000000000000004 0 0 0 0 0 0 0 0 0 0 0 0 0 0 0 0 0 0 0 0 0 2.6 0 0 0 2 0.8 0 0 0 0 0 0 0.4 0 0 0 1.2000000000000002 0 0 4.4 11.600000000000001 4 0 2.6 0 3.2 3.6 6.4 0 5.2 0 7 0 0.6000000000000001 3.2 11.4 2.4000000000000004 0 0 0 0 0 0 0 0 0.4 0 0 0 0 0 0 0 0 0 0 0 2.8000000000000003 0.6000000000000001 0 0 0 0.2 0 0 0 0 0 0 0 0 0 0 0 0 0 0 0 1.6 0 0 0 0 0 0 0 0 0 0 0 0.4 0 0 1.4000000000000001 0.4 0.4 0 0 0.4 0.6000000000000001 0.4 0 0 0 0 0 0 0 0 0 0 0 0 0 0 0 0 0 0 0 5.800000000000001 0 0 0 0 0 0 0 0 
 0 0 0 0 0 13.600000000000001 0 0.4 0 0 0.2 0.2 0 0 0 0 0 0 0 0 22.6 25.8 6.4 33.800000000000004 24 29.6 7 32.6 20.400000000000002 0 23 53.2 6.800000000000001 66.8 34 59 24.400000000000002 47.6 11.200000000000001 28.400000000000002 0.4 0.8 0.4 0 0.6000000000000001 0 1.8 0 0 41.400000000000006 0.6000000000000001 13 17.8 0.6000000000000001 0 0.2 0.8 0 0.6000000000000001 21.400000000000002 0 0.6000000000000001 0 0.8 0 1.8 0 0.4 0 0 0.4 0.6000000000000001 0 0 0 0.2 0 0.4 0.6000000000000001 0 0 0 0 0 0.2 0 0 0 0 0 0 0 0 0 0 0 0 0 0 0 3 0 2.4000000000000004 7.4 2 2 0 0 12.8 2.6 6.2 0 0.8 6.6000000000000005 0 2.8000000000000003 8.200000000000001 10 0 0 0 0.4 3.4000000000000004 0 0 0.6000000000000001 2.6 0.8 9.8 0 0 0 2 0 14 0 0 0 0 2.8000000000000003 0 0 0 0 0.8 0 0 0 0 0 0 0 2.4000000000000004 0 0 0 0 0 0 0 1.6 0 0 0 0 0 0 0 0 0 0 0 0 0 0 0 0 0 0 0 0 9.8 2 4.6000000000000005 1.6 5 4.2 1.6 0 0.2 2.2 9.600000000000001 0 2 0 3.6 0 0 0 0 4.800000000000001 2.8000000000000003 2.8000000000000003 0 0 0 5.4 0 3.4000000000000004 0 0 0 0 0 0 0 0 0 12.8 4.4 0 0 0 0 0 0 0 0 0 0 0.2 0 0 0 0 0.4 0 0 0 0 0 0 4.2 0 0 0 0 0 0 0 0 0 0 0 1 0.4 0.6000000000000001 0 15 0.2 2 0.4 0 0 0 0 0.2 0 0 0 0 0 0 0 0 0 0 0 0 0.6000000000000001 0 0 0 0 0 0 0 0 0 0 
 0 46.6 0.6000000000000001 0 0 14.600000000000001 0 0.2 0 0 0.4 0 0 0 0 0.4 0.4 0 0 0 22.6 63.400000000000006 85.2 12.600000000000001 15.4 19 8.6 9.200000000000001 8.200000000000001 23 0 26.8 9.600000000000001 25.200000000000003 17.400000000000002 65 55.2 56.800000000000004 36 11.8 0 0.8 0.6000000000000001 0 0.6000000000000001 0 1.6 0 0 0 0.4 0 6.6000000000000005 0 42 4 0.4 12.4 12.600000000000001 0 0 0.6000000000000001 0 0.6000000000000001 0 3.2 0 0.4 0 0 5.800000000000001 0.6000000000000001 0 0 0 0 0 0 0 0.2 0 0 0 0 0 0 0 0 0 0 0 0 0 0 0 0 0 0 0 0 0 3.2 0 3.4000000000000004 0 8 0 0 2 3.8000000000000003 1.6 0.4 0 0 2.2 2.4000000000000004 1.8 3.8000000000000003 0 1.2000000000000002 0 0 2.6 0 0 0 0.2 0 0 0 0 0 4 2.2 0 3.8000000000000003 0 0 3.4000000000000004 0 0 0.8 0 0 0 0 0 0 0 0 0 0 0 0 0 3.2 0 0 0 0 0 0 0 0 0 0.4 0 0 0 0 0 0.6000000000000001 0 0 0 0 0 0 0 0 3.8000000000000003 0 0 2 3.2 9.4 0 5 6.4 4 3 4.2 1.6 0 0 1.4000000000000001 7 5.2 0 0 1.8 4.800000000000001 0 0 0 0 2.2 4 2.2 0 0 0 9 0 0 0 0 0 2.8000000000000003 6 0 0 0 0 0 0 0 0 0 0 0 0 0 0 0 0 0 0 0 0 0 0 0 0 0 0 0 0 0 0 0 0 0 0 1 0 0.4 16 0.2 0.4 0 3.6 0 0 0 0 3 0 0 0 0 0 0 0 0 0 0 0 0 0 0 0.4 0 0 0 2.6 0 0 0 0 
