 0 8 9 7.4 6.4 3.6 8.4 7 5.2 5 4.2 5.800000000000001 9.4 5.800000000000001 9.600000000000001 4.2 3.2 3.4000000000000004 8 5.2 0.2 0.8 0.4 0.8 0 0.2 0 0 0.4 0 0 0 0 1.2000000000000002 0.2 0.2 0.4 0.4 0 0.2 0.6000000000000001 0 0.2 0 0.4 0 0.6000000000000001 0 0 0.2 0.4 0.4 0 0.2 0 0.4 0 0 0 0 0 0.2 0 0 0.2 0.6000000000000001 0 0 0.2 0 0 0.4 0 0 0.2 0.4 0 0 0 0.4 0.4 1 0.2 0.4 1.2000000000000002 0.4 0.4 0 0 0.4 0 1 0.2 0.6000000000000001 0.6000000000000001 0.2 0.8 0.6000000000000001 0.2 0 0 0 0 0 0 0 0 0.2 0 0 0.2 0 0.4 0 0 0 0 0 0 0 0 0 0 0 0 0 0 0 0 0 0 0 0 0 0 0 0.2 0 0 0.2 0 0.2 0 0 0 0.2 0.2 0 0 0 0 0 0 0 0 0 0 0 0 0 0.4 0.2 0.2 0.6000000000000001 0.4 0 0.6000000000000001 0.8 0.2 0.4 0 0.4 0.4 0 0 0 0 0 0.2 0 0 0.2 0 0 0 0 0 0 0 0 0 0 0 0.6000000000000001 0 0 0 0 0.2 0 0 0 0 0 0 0 0 0 0 0.2 0 0 0 0 0 0 0.4 0 0 0 0 0.2 0 0 0 0 0 0 0 0 0 0 0 0 0 0 0 0 0 0 0 0 0 0 0 0.4 0.4 0 0 0.2 0 1 0 0 0 0 0 0 0 0 0 0 0.2 0 0 0 0 0 0 0 0 0 0 0 0 0 0 0 0 0 0 0 0 0 0 0 0 0 0 0.4 
 8 0 9.8 8.6 6 5.4 10.600000000000001 16.2 8.6 5 6 4.6000000000000005 4 7.2 7.6000000000000005 8.200000000000001 4.4 6.2 7.6000000000000005 5.2 0.2 0.4 0.4 0.2 0 0.2 0 0 0.4 0 0 0 0 0 0.2 0.2 0 0.2 0.2 1.4000000000000001 0.4 0.4 0 0 0.2 0 0.4 0 0 0.2 0.2 0 0 0 0 0.4 0 0 0 0 0 0 0 0 0 0.4 0 0 0.2 0 0 0 0 0 0.2 0.2 0 0 0 0.2 0.2 3 0 1 0 0.2 0 0 0.6000000000000001 0.6000000000000001 0.4 0.4 0.6000000000000001 0.4 1 0.4 0 0.4 0 0.6000000000000001 0 0 0 0 0 0 0 0.2 0 0 0.2 0 1.4000000000000001 0 0 0 0 0 0.6000000000000001 0 0 0 0 0 0 0 0 0 0 0 0 0 0.2 0 0 0 0.2 0 0 0.2 0 0.2 0 0 0 0 0.2 0 0 0 0 0 0 0 0 0 0 0 0 0 0.2 0.4 0.2 1 0.2 0.4 0.4 0.6000000000000001 0.6000000000000001 0.2 0.4 2 0.6000000000000001 0.2 0 0 1 0.6000000000000001 0 0 0 0.2 0 0 0 0 0 0 0.2 0 0 0 0.6000000000000001 0.2 0 0 0 0 2.2 0.2 0 0 0.2 0 0 0 0 0 0 0 0 0 0 0.2 0 0 0.4 0 0 0 0 0.2 0 0 0 0 0 0 0 0 0 0 0 0 0 0 0 0 0 0 0 0 0 0 0 0 0 0.2 0.2 0.2 0.2 0.2 0.4 0 0 0 0 0 0 0 0 0 0 0 0 0 0 0 0 0 0 0 0 0 0 0 1.4000000000000001 0.2 0 0 0 0 0 0 0 0 0 0 0 0 
 9 9.8 0 10.200000000000001 10.200000000000001 7 11.4 10.200000000000001 13 8.8 7.800000000000001 3.2 11.200000000000001 9.600000000000001 9 8.8 7 8.6 9.4 4.800000000000001 0.2 0.4 0.4 0.2 0 0.2 0.2 0 0.6000000000000001 0.2 0 0 0.4 0 0.2 0.2 0.2 0.2 1.8 0.6000000000000001 0.4 2.2 0 0 1 0 0.4 0 0 0.4 0 0 0 0 0 0.2 0.2 0 0.4 0 0 0 0.2 0 0.4 0.4 0 0 0.2 0.2 0 0 0 0 0.2 0.2 0 0 0 0.2 0.8 0.4 0.4 1.2000000000000002 0.6000000000000001 0 0.2 0 0.4 0.4 1 0.2 0.6000000000000001 0.2 0 1.2000000000000002 0.4 1 0.2 0.8 0 0 0.4 0 0 0 0 0.4 1 0 0 0 0.8 0.4 0 0.2 0 0.2 0.6000000000000001 1.2000000000000002 0 0 0 0 0 0 0 0 0 0 0 0 0.2 0 0.2 0 0 0 0 0 0 0 0 0 0.2 0 0 0 0 0 0 0 0 0 1.2000000000000002 0 0.2 0 0 1.6 0.2 0 0.2 0.4 0.2 0 0 0.6000000000000001 4.6000000000000005 0.2 0.8 0 1.2000000000000002 0.4 0 2.6 0.4 0.4 0 0 0 0 0 0 0 0 0 0 0.6000000000000001 0 0 0 1.4000000000000001 0 0 0.2 0.2 0 0.6000000000000001 0 0.4 0 0 0 0 0 0 0 0.2 0 0 0 0 0 0 0 0.2 0 0.2 0 0 0 0 0 0 0 0 0 0.2 0 0 0 0 0 0 0 0 0 0 0 0 0.2 0 0 0 0.6000000000000001 0.8 0 0 1.2000000000000002 0.4 0.2 0.2 0 0 0 0 0 0 0 0.2 0 0 0 0 0 0 0.2 0 0 0 0 0 0 0 0.4 0 0.4 0 0 0 0 0 0 0 0 0 0 0 0 
 7.4 8.6 10.200000000000001 0 8.200000000000001 6.6000000000000005 6.800000000000001 14.200000000000001 13.200000000000001 10.4 7.2 7.4 14 8.6 8.4 8.4 3.6 4.4 6.800000000000001 6.2 0.4 0.4 0.4 1.6 0 0.4 5 1 0.4 0.4 0.8 0.4 1 0.4 0 0.4 0 0.4 1 0.8 0.4 0.4 0 0 0.2 0 1 0.4 0 1 0.2 0 0.2 1 0.2 0.4 0 0.6000000000000001 0 1.2000000000000002 0 0 0.4 0 0 0.4 0 0 0.2 0 0.2 0 0.2 0 0.6000000000000001 0.2 0 0 0 0.4 0 0 0.2 0.8 0.2 0.2 0 0 0.4 0 0.2 0.4 0.2 0.2 0.2 0.2 0 0.6000000000000001 0 0.2 0 0 0.2 0 0 0 0 0.4 0 0 0 0.8 0.4 0.4 0 0 0 0 1 0.6000000000000001 0 0 0 0 0 0 0 0 0 0 0 0 0 0 0 0 0 0 0 0 0 0 0 0 0 0 0 0 0 0 0 0 0 0.4 0 0 0 0 0 0 0.2 0.4 0 0.4 0 0 0.2 0 0.2 0.4 0.2 0.4 0.2 0.2 0.8 0.2 0.6000000000000001 0 0 0.4 0 0.2 0 0 0 0 0.2 0.2 0 0 0 0 1.4000000000000001 0.2 0.2 0 0.4 0 0 0.6000000000000001 0 0 0 0 0 0 0 0 0 0 0 0 0 0 0 0 0 0 0 0 0 0 0 0 0 0 0 0 0 0 0 0 0 0 0 0 0 0 0 0 0 0.4 0 0 0 0.4 0.6000000000000001 0.2 1 0.4 0 0.2 0 0 0 0 0 0 0 0 0 0 0 0 0 0 0 0 0 0 0 0 0 0 0 0 0.6000000000000001 0 0 0 0 0 0 0 0 0 0 0 0 0 
 6.4 6 10.200000000000001 8.200000000000001 0 12.200000000000001 6.6000000000000005 7.800000000000001 9.4 7.6000000000000005 8.200000000000001 10.8 9.8 6.6000000000000005 11.8 7 6.6000000000000005 7.6000000000000005 9.4 9.8 0.8 0.2 0.4 0.2 0.2 0.2 1.2000000000000002 1 1.2000000000000002 0.2 0.2 0 0.2 0 0.8 0.8 1 0.4 1.6 0 0.4 0 0 0 0.2 0 0.4 0 0 0.4 0 0 0 0.2 0.2 0.2 0 0 0 0.2 1 0 0 0 0 0.4 0 0 0.4 0 0.2 0 0 0 0.2 0.2 0 0 0.2 0 0 0.4 0 0 1 1.2000000000000002 0 0 0.6000000000000001 0 1.2000000000000002 0 0 0 0 0.4 0.2 0 0 0 0.6000000000000001 0 0 0 0 0 0 2 0 0 0.4 0.2 0 0.6000000000000001 0 1.2000000000000002 0.2 0 0.8 0.4 0 0 0 0 0 0 0 0 0 0 0 0 0 0.2 0 0 0.4 0 0 0 0 0 0 0 0 0 0 0 0 0 0 0 0 0 0 0.2 0.2 0 0 0.2 0.4 0 0 0.4 0.4 0.2 0 0.4 0 0.4 0 0.4 0 0 0 0 0 0 0 0 0.8 0.4 0 0.2 0 0 0 0.2 0 0 0 0 0.4 2.2 1.4000000000000001 1.2000000000000002 0.4 1 0 1.4000000000000001 0 0 0 0 0 0 0.2 0 0 0 0 0 0 0 0 0.4 0 0 0 0 0 0 0 0 0 0 0 0 0 0.2 0 0 0 0 0 0 0 0 0 0 0 0.2 0 0 0 0.8 0.6000000000000001 0.2 0.6000000000000001 2.2 0 0.2 0 0 0 0 0 0 0 0 0 0 0 0 0 0 0 0 0 0 0 0 0 0 0 0.4 0 0 0 0.2 0 0 0 0 0 0 0 0 0 0 
 3.6 5.4 7 6.6000000000000005 12.200000000000001 0 5.2 3.8000000000000003 7 8.200000000000001 9 9.200000000000001 6.2 5.4 7.2 9 9 7.6000000000000005 7.4 7 0.2 0.6000000000000001 0.8 0.4 0 0.2 2.2 0.4 1.2000000000000002 0 0.2 0 1.4000000000000001 0 0.6000000000000001 0.4 0 1.4000000000000001 2.8000000000000003 0.4 0.4 0.2 1.2000000000000002 0 0.8 0 0.4 0.2 0 0.4 0 0 0 0.8 0 0.6000000000000001 0.4 0 0.4 1 0 0 0 0 0 0.4 0.6000000000000001 0.2 0.2 0 0.6000000000000001 0 0 0 0.2 0.2 0 0 0 0.2 0 0.8 0 0.2 0.4 0.6000000000000001 0 0 0 0 0.2 0.4 0 0 0.8 0 0 0 0 0 0.4 0 0.2 0.2 0.2 0 0 1.2000000000000002 0.4 0 0.4 0.4 0.6000000000000001 0 0.2 0.6000000000000001 0.6000000000000001 0.4 0.4 0.6000000000000001 0.2 0 0 0 0 0 0 0 0 0 0 0 0 0 0 0 0 0 0.2 0 0 0 0 0 0 0 0 0.2 0 0.4 0 0 0 0 0 0 0 0 0.2 0 0 0.4 0.2 0 0.8 1 0 0.2 0 0 0 0.6000000000000001 0 0.4 0 0 0.8 0 0 0 0.2 0.2 0.4 0.6000000000000001 0 0.2 0.4 0.4 0.4 0.4 0 0 0 0.4 1 0.4 0 0.8 0.8 2 0 0 0 0.2 0 0 0 0 0 0.2 0 0 0 0 0 0 0 0.2 0 0 0 0 0.2 0 0 0.8 0 0 0 0 0 0 0 0 0 0 0 0 0 0 0 0 0 0 0 0.4 0.6000000000000001 0.4 1 1.4000000000000001 0 0.4 0 0.2 0 0 0 0 0 0 0 0 0 0 0 0 0 0 0 0 0 0 0 0 0 0.2 0.2 0 0 0 0 0 0 0 0 0 0 0 0 0 
 8.4 10.600000000000001 11.4 6.800000000000001 6.6000000000000005 5.2 0 11.600000000000001 9.200000000000001 6 4.4 5.4 14.600000000000001 11.200000000000001 5.4 4.6000000000000005 4.2 5.2 8.4 8 0.2 0.4 0.4 0.2 0 0.2 0 0.2 0.4 0.6000000000000001 0.2 0.2 0 0 0 0.2 0.4 0.2 0.2 0 0.4 0 0 0 0.6000000000000001 0 0.4 0 0 0.6000000000000001 0.2 0 0 0 0 1 0 0 0.2 0.2 0.2 0 0 0 0 0.4 0 0 0.2 0 0 0 0.2 0 0.2 0.2 0 0 0 0.2 1.2000000000000002 0.4 0.6000000000000001 1 0 0 1.4000000000000001 0 0 0.4 0.2 0.2 0.2 0.2 0.2 2 0.6000000000000001 0.6000000000000001 0.4 0.4 0 0 0 0.2 0 0 0.4 0 0 0 0 0 0.8 0 0 0 0 0 0 0 0 0 0 0 0 0 0 0 0 0 0 0 0 0 0 0 0 0 0 0 0.4 0 0 0 0 0 0 0 0 0 0 0 0 0 0 0 0.4 0 0 0 0 0 0.6000000000000001 0.4 0.2 0 0 0.8 0.4 0.2 0.2 0.2 0.4 0.6000000000000001 0.2 0 0 0 0.4 0 0 0 0 0 0 0 0 0 0 0 0 0 0 0 0.6000000000000001 0 0 0 0.2 0 2 0 0 0 0.2 0 0.4 0 0 0 0 0 0 0 0 0 0 0 0 0 0 0 0 0 0 0 0 0 0 0 0 0 0 0 0 0 0 0 0.2 0 0 0 0 0 0 0.4 0.2 0 0 0 0.6000000000000001 0.6000000000000001 0.2 0 0 0 0.2 0 0 0 0 0 0 0 0 0 0.2 0 0 0 0 0 0 0.2 0 0 0 0 0 0 0 0 0 0 0 0 0 0.2 0 0 
 7 16.2 10.200000000000001 14.200000000000001 7.800000000000001 3.8000000000000003 11.600000000000001 0 11 5.2 6.6000000000000005 5.6000000000000005 11.600000000000001 10.8 10.600000000000001 6.6000000000000005 2.8000000000000003 4.6000000000000005 10.600000000000001 7.4 0.2 0.6000000000000001 0.4 0.2 0 0.2 0.2 0.4 0.8 0.2 0 0 0 0 0 0.2 0 0.4 0.2 0.4 0.4 0.4 0 0 0.2 0 0.4 0 0 1.4000000000000001 0 0 0 0 0 0.4 0 0 0.2 0 0.4 0 0.2 0.8 0 0.2 0 0 0.2 0 0 0 0 0.2 0.6000000000000001 0.2 0 0 0.4 0.2 0 0 1 1 0.2 0 0 0.2 1 0.6000000000000001 0.2 0.4 0.2 0.8 0.8 0 0 1 0 1.8 0 0 0 0 0 0 0.2 0 0 0 0 0 0.2 0 0 0 0 0 1.2000000000000002 0 0 0 0 0.2 0 0 0 0 0.2 0 0 0 0 0 0 0 0 0 0 0 0.6000000000000001 0 0 0 0 0.2 0 0 0.2 0 0 0 0.2 0 0 0 0 0 0 0 0 0 0 0.4 0.2 0 0.6000000000000001 0.2 0.6000000000000001 0.6000000000000001 0 0.6000000000000001 1 0.4 0.6000000000000001 0 0.4 0.4 0.6000000000000001 0 0 0 0 0 0 0 0 0 0 0.2 0 0 1 0.4 0 0 0 0 0.8 1 0 0 0 0 0 0.2 0 0.2 0 0 0 0 0 0 0 0 0 0 0 0 0 0 0 0 0 0 0 0.2 0 0 0 0 0 0 0 0 0 0 0 0 0 0 0 0 0 0.2 0 0 0 0 0.2 0.2 0.4 0 0 0 0 0 0 0 0 0 0 0 0 0.2 0 0 0 0 0 0 0 0 0 0 0.4 0 0 0 0 0 0 0 0 0 0 0 0 0 
 5.2 8.6 13 13.200000000000001 9.4 7 9.200000000000001 11 0 9.4 5 4.2 7.800000000000001 8.6 8.200000000000001 6.2 5.2 6.800000000000001 8.8 7.2 0.2 0.4 0.4 0.4 0 0.6000000000000001 0.2 0.2 0.4 0.2 0.4 0 0 0 0.2 0.4 0 0.4 1.2000000000000002 1.2000000000000002 0.4 0.6000000000000001 0.4 0.8 0.4 0.2 0.4 0 0 0.2 0.4 0 0 0 0 0.2 0.4 0 0 0.2 0 0 0 0 0.2 0.6000000000000001 0.2 0 0.2 1 0.4 0 0 0.4 0.4 0.4 0 0.2 0 0.2 0.2 0.8 1.2000000000000002 0.8 0 0.8 0 0 1 0.4 0.8 0 0.2 0.4 0.4 0.8 0.4 1 0 0.8 0 0.2 0 0 0 0 0.2 0 0 0.2 0 0 1 0.4 0 0 0 0 0.4 0.6000000000000001 0 0 0 0.2 0 0 0 0 0.2 0 0 0 0 0 0 0 0 0 0 0 0.2 0 0 0 0 0.2 0 0.4 0 0 0 0 0.2 0 0 0 0.4 0 0 1.2000000000000002 0 0 0.6000000000000001 0.2 0.6000000000000001 0.2 0.2 0.2 1.4000000000000001 0.6000000000000001 0.4 0.4 0.4 0.6000000000000001 0.4 0.6000000000000001 0.8 0.4 0 0 0 0 0 0 0 0 0 0 0 0.2 0 0 1.2000000000000002 0 0 0 0 0 0.8 0 0 0 0 0 0 0 0 0 0 0 0 0 0 0 0 0 0.2 0 0 0 0.2 0 0 0 0 0 0 0.2 0 0 0 0 0 0 0 0 0 0 0 0 0 0.2 0 0 0 0 1.4000000000000001 0 0 0.8 0.6000000000000001 0.4 0.4 0 0 0 0 0 0 0 0 0 0 0 0 0 0 0 0 0 0 0 0 0 0 0 0.2 1 0 0 0 0 0 0 0 0 0 0 0 0 
 5 5 8.8 10.4 7.6000000000000005 8.200000000000001 6 5.2 9.4 0 10.4 5.2 10.600000000000001 8.6 13.200000000000001 9.4 8 9.600000000000001 8 11.200000000000001 0.4 0.6000000000000001 0.4 0.2 0 0.4 0 0 0.6000000000000001 0 3.2 0.4 0 0 0.2 0.2 0.2 0.2 0 0 0.4 0.2 0 0 0.2 0 0.8 0 0 0 0 0 0.4 0.2 0 0.2 0 1.8 0.2 0 0 0.6000000000000001 0.4 0 0.4 0.4 0 0 0.2 0 0 0 0 0 0.6000000000000001 0.2 0 0.2 0 0.2 2 0.8 0.8 0 1 0.4 0.2 0 2 0.8 0.8 0.4 0 2.4000000000000004 0.8 1 0.4 1.4000000000000001 0 0 0 0 0 0 0 0 0.2 0.4 1.6 0 0 0 0.4 0.4 0 0.2 0 0 0.2 0.4 0 0 0 0 0 0 0 0 0 0 0.6000000000000001 0 0.2 0 0.2 0 0 0 0 0 0 0 0 0.4 0.2 0 0 0 0 0 0 0 0 0 2.2 0 0.6000000000000001 0 0 1.2000000000000002 0.4 0 0.8 0.2 0.4 0.2 0 0.8 1 0.4 0.8 0 0 0.2 0.4 1 0 1.2000000000000002 0 0.4 0 0 0 0 0 0 0 0 0 0 0 0 0.4 0.6000000000000001 0.6000000000000001 0 0.2 0 0.4 0.4 0 0 0 0 0 0 0 0 0.2 0 0 0 0 0 0 0 0.2 0 0.2 0 0 0 0 0 0 0 0 0 0.2 0 0 0 0 0 0 0 0 0 0 0 0 0 0 0 0 0 0.8 0.2 0 0.6000000000000001 0.2 0.8 0 0 0 0 0 0 0 0 0 0 0.8 0 0 0 0 0 0 0 0 0 0 0 0 0.8 0.2 0.6000000000000001 0 0 0 0 0 0 0 0 0 0 0 0 
 4.2 6 7.800000000000001 7.2 8.200000000000001 9 4.4 6.6000000000000005 5 10.4 0 10.4 4.800000000000001 3.4000000000000004 7.2 11.600000000000001 6.800000000000001 7.2 4.2 8.4 0.6000000000000001 0.4 0.4 0.2 0 0.2 0.6000000000000001 0.4 0.6000000000000001 0 0 0 0.2 0 1.4000000000000001 1.4000000000000001 0 0.2 0.6000000000000001 0 0.4 0.8 0 0 0 0 0.4 0 0 1 0 0 0 0.8 0 0.2 0 0 0 0 0 0 0.2 0 0 0.2 0 0 0.2 0 0 0 0 0 0.2 0 0 0 0 0.2 0.2 0.4 0 0.8 0.2 0.2 0 0 0.4 0 1 0.6000000000000001 0 0 0.4 0.4 0 0.2 0 0 0.2 0.4 0.4 0.4 0 0 0 0.6000000000000001 0.4 0 0 0 0.4 0.4 0 1.4000000000000001 0.4 0 0.2 0.4 0 0 0 0 0 0 0 0 0 0 0 0.2 0.2 0 0 0 0 0 0 0 0 0 0.2 0 0.2 0 0 0.2 0 0 0 0 0 0 0.4 0 0 0 0 0.2 0 1 1.2000000000000002 0 1 1.2000000000000002 0 0 0.4 0 0.4 0.6000000000000001 0 0 0 0.2 0.4 0.2 0 0 0.4 0.6000000000000001 0 0 0 0.2 0.2 0.8 0.6000000000000001 0 0 0 0.6000000000000001 0.4 0.4 0 0.2 0.4 1 1.2000000000000002 0 0 0 0 0 0 0 0 0 0 0 0 0 0 0 0 0.2 0 0.2 0 0 0 0 0 0 0 0 0 0.2 0 0 0 0 0 0 0 0 0 0 0 0 0 0 0 0 0.4 1 0 0 0.4 0.4 0.6000000000000001 0 0.4 0 0 0 0 0 0 0 0 0 0 0 0 0 0 0 0 0 0 0 0 0 1.4000000000000001 1 0.2 0 0 0 0 0 0 0 0 0 0 0 0 
 5.800000000000001 4.6000000000000005 3.2 7.4 10.8 9.200000000000001 5.4 5.6000000000000005 4.2 5.2 10.4 0 3.6 6.800000000000001 3.4000000000000004 3 7.6000000000000005 9.200000000000001 6 4.2 0.2 0.2 1.6 0.2 0 0.2 0.4 0.2 0.4 0.2 0.4 0 0.6000000000000001 0.2 1.4000000000000001 0.8 0.2 0.2 0.8 0 0.4 1 0 0 0.2 0 0.4 0 0 0.2 0.2 0 0.4 0 0 0.2 1.2000000000000002 0.4 0 0 0 0 0 0 0.4 0.6000000000000001 0 0.4 0.4 0 0.2 0 0 0 0.2 0.2 0 0 0 0 0.6000000000000001 0 0 0.2 0.8 0.6000000000000001 0 0 0 0.4 0.4 0.2 0 0.4 0.4 0.4 0 0 0 0 0.4 0 0 0 0 0 0.6000000000000001 1.6 1 0 0 0.2 0.4 1 0.4 0.6000000000000001 0.4 0 1.6 0.8 0 0 0 0 0 0 0 0 0 0.2 0 0 0 0 0 0 0 0 0 0 0 0 0 0 0 0 0 0 0 0 0 0 0 0 0.6000000000000001 0 0 0 0 0 0 0.2 2.6 0 0.6000000000000001 0 0.4 0 0 0 0.4 0 0 0 0 0 0.2 0 0 0.6000000000000001 0.4 0.2 0 0 0 0 0.2 0 0 0.2 0 0 0.2 1.2000000000000002 0.6000000000000001 0.4 0.4 0.2 0.4 0.4 0 0 0.2 0 0.2 0.4 0 0 0 0 0 0 0 0 0 0 0 0 0 0 0 0 0 0 0.4 0 0 0 0 0 0 0 0 0 0 0 0 0 0 0 0 0 0 0 0 1 0 0.2 0.4 2.4000000000000004 0 0.6000000000000001 0 0 0 0 0 0.2 0 0 0 0 1.2000000000000002 0 0 0.8 0.2 0 0 0 0 0 0 0.2 0 0.4 0 0 0 0 0 0 0 0.2 0 0 0 0 0 0 
 9.4 4 11.200000000000001 14 9.8 6.2 14.600000000000001 11.600000000000001 7.800000000000001 10.600000000000001 4.800000000000001 3.6 0 14 4.6000000000000005 4 4.4 3.8000000000000003 16 10.8 0 0.4 0.4 0.2 0 0.2 0 0 0.4 0 0.2 0 0 0 0 0.2 0.2 0.2 0 0.2 0.4 0 0 0 0.2 0.8 0.6000000000000001 0 0 0 0 0 0 0 0 0.2 0 0.4 0 0 0 0 0.4 0 0 0.2 0 0 0.2 0 0 0 0 0 0.2 0.4 0 0 0 0.2 0 0.4 0.8 0 0 0 0.2 2.8000000000000003 0.4 0.6000000000000001 0 0.2 0.2 0.4 0.4 0.4 0 0.2 0.4 0.2 0 0 0 0 0 0 0 0 0 0 0 0 0 0 0 0 0 0 0 0 0 0 0 0 0 0 0 0 0 0 0 0 0 0 0.2 0 0 0 0 0 0 0 0 0 0.2 0 0.2 0 0 0 0 0 0 0.2 0 0 0 0 0 0.2 0.4 0.4 0.2 0 0 0 1 0.6000000000000001 0.2 0 0 0 0.4 1.2000000000000002 0.2 0.4 0 0 0.4 0.8 0 0 0 0 0 0 0 0 0 0 0 0 0.2 0.2 0 0 0.2 0 0.2 0 0 0 0 0 0 0 0 0 0.2 0 0 0 0 0 0 0.4 0.2 0 0 0 0 0 0 0 0 0.2 0 0 0 0 0 0 0 0 0 0 0 0 0 0 0 0 0 0 0 0.4 0 0 0.2 0.2 0 0.2 0 0 0 0 0 0 0 0 0 0 0 0 0 0 0 0 0 0 0 0 0 0 0 0 0 0 0 0 0 0 0 0 0 0 0 0 0 0 
 5.800000000000001 7.2 9.600000000000001 8.6 6.6000000000000005 5.4 11.200000000000001 10.8 8.6 8.6 3.4000000000000004 6.800000000000001 14 0 7.800000000000001 6 3.2 7.2 13.600000000000001 7.2 0.2 0.4 0.4 0.2 0 0.2 0 0 0.4 0 0 0 0 0 0.2 0.4 0 0.4 0 0.2 0.4 0 0.4 0.4 0.2 0.2 0.4 0 0 0 0 0 0 0 0 0.6000000000000001 0 0.6000000000000001 0.2 0 0 0 0.4 0 0 0.2 0 0 0.4 0.4 0.4 0 0 0 0.4 0.4 0.6000000000000001 0 0.4 0.2 1 0.4 0.6000000000000001 0.6000000000000001 0 0 0 0.2 0.6000000000000001 1.4000000000000001 0 0.6000000000000001 0.8 0.6000000000000001 0.4 2.6 0.4 0.2 0.6000000000000001 0.8 0.2 0 0 0 0 0.2 0 0 0 0 0 0.2 0 0.2 0.2 0 0 0 0 0.2 0 0 0 0 0 0 0 0 0 0 0 0 0 0 0 0 0 0 0 0 0 0 0.2 0 0 0 0 0 0 0 0.2 0 0.2 0.2 0 0 0 0 0 0 1.8 0.4 1.8 0.4 0 0.2 0.2 2 0.4 0 0.4 0 0.6000000000000001 0.4 0.6000000000000001 0.2 0 0.4 0.6000000000000001 1.8 0.2 0 0 0 0 0 0 0 0 0 0.6000000000000001 0 0 0.4 0 0 0 0 0 0 0 0 0 0 0 0 0 0 0 0 0 0 0 0 0 0 0 0 0 0 0 0 0 0 0 0 0 0 0 0.2 0 0 0 0.2 0.2 0 0 0 0 0 0 0 0 0 0 0.4 0 0 0 0 0.4 0 0.2 0 0 0.2 0 0 0 0 0 0 2.4000000000000004 0 0 0 0 0 0 0 0 0 0 0 0 0 0.2 0 0 0 0 0 0 0 0 0 0 0 0 0.2 
 9.600000000000001 7.6000000000000005 9 8.4 11.8 7.2 5.4 10.600000000000001 8.200000000000001 13.200000000000001 7.2 3.4000000000000004 4.6000000000000005 7.800000000000001 0 9.8 3 4.800000000000001 7.800000000000001 17 0.2 0.4 0.4 0.2 0.2 0.2 0.4 0 0.6000000000000001 0 0 0 0 0 0 0.2 0 0.2 0 0.6000000000000001 0.4 0 0.2 0 0.2 0 0.4 0.2 0 0.2 0.2 0 0 0 0 1.2000000000000002 0 0.2 0 0 0 0.4 0 0 0 0.4 0.2 0 0.2 0.4 0 0 0 0 0.2 0.4 0 0 0 0.2 0.8 0 1 0 0.4 0.4 0.2 0.2 0.6000000000000001 2.2 1.4000000000000001 0.8 0.8 1.6 0.4 0 0 1 0 0.6000000000000001 0 0 0.2 0 0 0 0.4 0.2 0 0 0.2 0 0 0 0 0 0 0.2 0 0 0 0 0 0 0 0 0 0 0 0 0 0 0 0 0 0 0.2 0 0 0.2 0.6000000000000001 0 0 0 0 0 0.2 0 0 0 0.2 0 0 0 0 0 0 0 0 0 0.4 0.6000000000000001 0.4 0 0.4 0 0.4 0 0.6000000000000001 0.4 0 0.4 0.6000000000000001 0.4 1.4000000000000001 0 0.2 0.4 0.2 0.4 0 0.2 0.2 0 1 0 0 0 0 0 0 0 0.4 0.4 0 0 0 0 0.6000000000000001 0 0 0 0 0 0 0 0 0 0 0 0 0 0 0 0 0 0 0 0 0 0.2 0.6000000000000001 0 0 0 0 0 0 0 0 0 0 0 0 0 0 0.2 0 0 0 0 0 0 0 0 0.4 0 0 0 0 0.4 0.8 0.8 0 0 0 0 0 0 0 0 0 0 0 0 0 0 0 0 0.2 0 0 0 0 0 0 0 0 0 0 0 0 0 0 0 0 0 0 0 0 
 4.2 8.200000000000001 8.8 8.4 7 9 4.6000000000000005 6.6000000000000005 6.2 9.4 11.600000000000001 3 4 6 9.8 0 9 2.8000000000000003 3.6 6.800000000000001 0 1 0.4 0.2 0.6000000000000001 0.2 0 0 0.4 0.2 0 0.2 0 0 0 0.2 0 0.2 1.4000000000000001 0.6000000000000001 0.6000000000000001 1.2000000000000002 0 0 0.6000000000000001 0 0.4 0 0 0.2 0 0 0 0.2 0 0.4 0.2 0.2 0 0 0 0 0.2 0 0 0.4 0 0 0.2 0 0 0 0 0 0.2 0 0 0 0.6000000000000001 0.2 0.4 0.6000000000000001 0 0.6000000000000001 0 0 0 0 0.4 0 0.2 0.4 1.2000000000000002 0 1 0 0 0.4 0 1 0 0 0 0 0 0 0.2 0 0 0 0 0 1.4000000000000001 0.4 0 0 0 0 0.6000000000000001 0.6000000000000001 0 0 0 0.2 0 0 0 0 0.2 0 0 0 0 0 0 0 0 0 0 0 0.2 0 0 0 0 0.2 0 0.2 0 0 0 0 0.2 0 0 0 0 0 0 0 0.4 0.4 0.6000000000000001 1 0.4 0.2 0.4 0.8 0.4 0.8 0 0 0 2.4000000000000004 0.2 0.4 1.2000000000000002 0.2 0 0.6000000000000001 0 0 0 0 0 0 0 0.6000000000000001 0 0.2 0 0 0.8 0 0 0 0 0 0.4 0 0 0 0 0 0 0.2 0 0 0 0 0 0 0 0 0 0 0 0 0 0 0.2 0 0 0 0 0 0 0.2 0 0 0 0 0 0 0 0 0 0 0 0 0 0.2 0 0 0 0.2 0.2 0 0 0 0.4 0.4 0 0 0 0 0 0.2 0 0 0 0 0 0 0 0 0 0 0 0 0 0 0 0 0 0 0.2 0 0 0 0 0 0 0 0 0 0 0 0 0 
 3.2 4.4 7 3.6 6.6000000000000005 9 4.2 2.8000000000000003 5.2 8 6.800000000000001 7.6000000000000005 4.4 3.2 3 9 0 8.8 2.6 4.2 1 0.6000000000000001 0.4 0.2 0 1.2000000000000002 0 0 0.4 0 0 0.4 0 0 0.2 0.2 0 0.2 0.2 0.2 0.4 0.2 0 0 0.2 0 0.4 0 0 0 0 0 0 0 0 0.2 0 0 0 0 0 1.8 0.4 0 0.8 0.6000000000000001 0 0 0.2 0 0 0 0 0 0.2 0.2 0 0 0 0.2 0.2 1 0.4 0.4 0.2 0.6000000000000001 0 0 0.8 0.6000000000000001 1.6 0 0 0.2 0.4 0.6000000000000001 1 0.8 0 0 0 0 0 0 0 0 0.4 0 0 0 0 0 0.4 1.4000000000000001 0 0 0 0 0.2 0.2 0 0 0 0 0 0 0 0 0 0 0 0 0 0 0 0 0 0 0 0 0 0 0 0 0 0 0.2 0 0 0 0 0 0 0 0 0 0.2 0 0 0.4 0 0 0.4 1.4000000000000001 0 0.2 0 0.8 0.4 0.8 0 0.2 0 0.2 0 0.6000000000000001 1 1 0 0 0 0 0 0 0 0 0 0 0 0 0 0 0.4 0 1 0 0 0 1 0 0 0 0 0 0 0 0 0 0 0 0 0 0 0 0 0 0 0 0 0 0.4 0 0 0 0 0.2 0 0 0 0 0 0 0 0 0 0 0 0 0 0 0 0.8 0 0 0 0 0.8 0 0.2 0.2 0.6000000000000001 0.2 0 0 0 0.2 0 0 0 0 0 0 0 0.2 0 0 0 0 0 0 0 0 0 0 0 0 0.2 0 0 0 0 0 0 0 0 0 0 0.4 0 0 
 3.4000000000000004 6.2 8.6 4.4 7.6000000000000005 7.6000000000000005 5.2 4.6000000000000005 6.800000000000001 9.600000000000001 7.2 9.200000000000001 3.8000000000000003 7.2 4.800000000000001 2.8000000000000003 8.8 0 5 4.6000000000000005 0.4 0.4 0.4 0.2 0.2 0.2 0 0.4 0.4 0.2 0.2 0 0 0 0.2 0.2 0 0.2 0 0 0.4 0.4 0 0 0.2 0 0.4 0 0 0 0.2 0 0 0 0 0.2 0 0.4 0 0 0 0 0.2 0 0 0.4 0 0 0.2 0 0 0 0 0 0.2 0.2 0 0 0 0 0.8 0.8 0.4 0 0.4 0.2 0 0.4 1.4000000000000001 1.6 0.8 0 2 0.8 0.4 0.8 0.6000000000000001 1.2000000000000002 0.2 0.4 0 0 0 0 0 0 0.2 0.2 0.4 0 0 0 0.2 0 0 0 0 0 0 0.2 0 0 0 0.2 0 0 0 0 0.2 0 0 0 0 0 0 0 0 0 0 0 0 0 0 0 0 0.2 0 0.2 0 0 0 0 0.2 0 0.8 0 1 0 0 0.6000000000000001 0.6000000000000001 0 0.8 0 0 0 0.4 0.4 2.2 1.4000000000000001 1 0 0.2 0 1 1 0 0.4 0 0.4 0 0.4 0 0 0 0 0 0 0 0.2 0 0 0.8 0.6000000000000001 0 0 0 0 0 0 0 0 0 0 0 0 0 0 0 0 0 0 0 0 0 0 0 0 0 0 0.2 0 0 0 0 0 0 0.2 0 0 0 0 0 0 0 0 0 0 0 0 0 0 0 0 0 0 0.6000000000000001 0 0.8 0.2 0 0.2 0.6000000000000001 0 0 0 0 0 0 0 0 0 0.2 0 0 0 0 0 0 0 0 0 0 0 0 0.2 0 0.4 0 0 0 0 0 0 0 0 0 0 0 0 
 8 7.6000000000000005 9.4 6.800000000000001 9.4 7.4 8.4 10.600000000000001 8.8 8 4.2 6 16 13.600000000000001 7.800000000000001 3.6 2.6 5 0 11.600000000000001 0 0.2 0.4 0.2 0 0.2 0 0 0.4 0 0 0.2 0 0 0 0.4 0 0.4 0 0 0.2 0 0 0 0.2 0 0.4 0 0 0.2 0 0 0 0 0 0.2 0 0 0 0 0 0 0 0 0 0.4 0 0 0.4 0 0 0 0 0.2 0.2 0.2 0 0 0 0 0.8 0.4 0 0 0 0 0.2 0.2 0 0.8 0 0 0.6000000000000001 0.4 0 0.4 0 0 0.6000000000000001 0.6000000000000001 0 0 0 0 0 0 0 0 0 0 0 0 0 0 0 0 0 0 0 0 0 0 0 0 0 0 0 0 0 0 0 0 0 0 0 0 0 0 0 0 0 0 0 0 0 0 0 0 0 0 0 0 0 0 0 0 0 0 0 0 0.6000000000000001 0 0 0 0 0 0 0 0.2 0 0.4 0 0.8 0 0 0 0 0 0 0 0 0 0 0.2 0 0 0 0 0 0 0 0.2 0.2 0 0 0.2 0 0 0 0 0 0 0 0 0 0 0 0.2 0 0 0.2 0 0 0 0 0 0.6000000000000001 0 0 0 0 0 0 0 0 0 0 0 0 0 0 0 0 0 0 0 0 0 0 0 0 0 0 0 0.2 0.2 0 0.2 0.2 0 0 0.2 0.2 0 0 0 0 0 0 0 0 0 0 0 0 0 0 0 0 0 0 0 0 0 0 0 0 0 0 0 0 0 0 0 0 0 0 0 0 0 
 5.2 5.2 4.800000000000001 6.2 9.8 7 8 7.4 7.2 11.200000000000001 8.4 4.2 10.8 7.2 17 6.800000000000001 4.2 4.6000000000000005 11.600000000000001 0 0.2 0.2 0.4 0.2 0 0.2 0 0 0.4 0 0 0 0 0 0 0.2 0 0.2 0 0 1.8 0 0 0 0.2 0 0.4 0 0 0.2 0 0 0 0 0 0.4 0 0 0 0 0 0 0.2 0 0 0.4 0 0 0.4 0 0 0 0 0 0.2 0.2 0 0 0 0.2 1 0.8 1.4000000000000001 0 0 0 2 0.4 3 0.6000000000000001 0.4 0 3.4000000000000004 1.6 0.6000000000000001 0 0.6000000000000001 1.2000000000000002 0.2 0.6000000000000001 0 0 0 0 0 0 0.8 0 0 0 0 0 0 0 0 0 0 0 0.4 0 0 0 0 0.2 0 0 0 0 0.2 0 0 0 0 0 0 0 0 0 0 0 0.2 0 0 0 0 0.2 0 0.2 0 0 0.2 0 0.2 0 0 0 0 0 0 0 0 0 0.2 0.4 0 0 1 0 0 0 0 0.2 0.8 1 0.6000000000000001 0.2 0 0 0.8 0 0 0 0 0 0 0 0 0 0 0 0 0 0.2 0 0 0 0 0 0 0.2 0 0 0.2 0 0.4 0.2 0.6000000000000001 0 0 0 0 0 0 0 0 0 0 0 0 0 0.2 0 0 0 0 0 0 0.2 0 0 0 0 0 0 0 0 0 0 0 0 0 0 0 0 0 0 0 0.2 0.4 0.2 0 0.8 0.2 0 0 0 0 0 0 0 0 0 0 0 0 0 0 0 0 0 0 0 0 0 0 0 0 0 0 0 0 0 0 0 0 0 0 0 0 0.4 
 0.2 0.2 0.2 0.4 0.8 0.2 0.2 0.2 0.2 0.4 0.6000000000000001 0.2 0 0.2 0.2 0 1 0.4 0 0.2 0 7.800000000000001 7.2 5 5.800000000000001 4.6000000000000005 5.800000000000001 6.6000000000000005 7.6000000000000005 6 6.2 5.4 5.6000000000000005 7.2 7.800000000000001 5.800000000000001 3.4000000000000004 4.4 7.800000000000001 4.800000000000001 0.2 0.2 0 0 0.4 0 0.4 0.2 0.6000000000000001 0.2 0 0 0.4 0.2 0.2 0.4 0 0.4 0 0.4 0.2 0 0 0 0 0.2 0 0.2 0 0 0 0.6000000000000001 0 0.4 0.2 0 0.4 0 0 0 0 0 0 0 0 2.8000000000000003 0 0 0.2 0 0 0 0 0 0 0 0 0.2 0 0.2 0.4 0 0.2 0.4 0 0.6000000000000001 0 0.6000000000000001 0.2 0.4 0.2 0 0.2 0.4 3.4000000000000004 0 0.4 0 0.2 0.4 0 0 0 0 0 0 0 0 0 0 0 0 0 0.2 0 0 0 0 0 0 0 0 0.4 0 0 0 0 0 0 0 0 0.6000000000000001 0.2 0 0 0.2 0 0 0.2 0.2 0.2 0 0 0 0 0.4 0 0.2 0 0 0 0 0 0 0 0.2 0 0 0 0 0.6000000000000001 0.6000000000000001 0.4 0.4 0.4 0 0.8 0.4 0.6000000000000001 0 0.4 0 0.2 0.4 0 0.6000000000000001 0.2 0.2 0 0 0 0 0 0 0 0 0 0 0.2 0 0 0 0 0 0 0 0 0 0 0 0 0 0 0 0 0 0 0 0 0 0 0 0 0 0 0 0 0 0 0 0 0.8 0 0 0 0 1 0 0 0.2 0 0 0 0 1.4000000000000001 0 0.2 0 0 0 0 0 0 0 0.2 0 0 0 0 0 0 0 0 0 0 0 0 0.4 0 0 0 0 0 0 0 0 0 0 0 0 
 0.8 0.4 0.4 0.4 0.2 0.6000000000000001 0.4 0.6000000000000001 0.4 0.6000000000000001 0.4 0.2 0.4 0.4 0.4 1 0.6000000000000001 0.4 0.2 0.2 7.800000000000001 0 10.8 11.200000000000001 7.4 7.4 11.200000000000001 11.8 9.4 6 4.800000000000001 5.2 8.8 13.600000000000001 7.2 5 8.6 6.800000000000001 7.800000000000001 9.600000000000001 0.2 0.2 0 0.8 0.2 0 0 0.2 0.2 0 0 0 0.2 0 0 0 0 0 0.8 0 0.4 0 0 0 0 0 0.2 0 0 0.2 0 0.4 0.4 0.2 0.2 0 0.4 0 0 0 0 0 0 0 0.2 0 0 0 0 0 0 0 0 0 0 0 0 0 0 0 1.6 0.8 1 1.4000000000000001 1.4000000000000001 1 0.2 0 0.2 0.8 0.4 2.2 1.4000000000000001 0 1 0.4 1 0.2 0 0 0 0 0 0 0 0 0 0 0 0 0 0 0.6000000000000001 0 0 0 0 0 0.2 0 0 0 0 0 0 0 0 1.8 0 0 0 0 0.2 0 0 0.4 0 0 0 0 0 0 0 0 0 0 0 0 0.2 0 0 0 0 0 0 0 0 0 0 0 0.4 0.2 2.4000000000000004 0.2 0.2 0.2 0.2 0.2 0.4 0.8 1.2000000000000002 0 0 0.2 0 0.8 0.8 2.8000000000000003 0.2 0 0 0 0 0 0 0 0 0 0 0.2 0 0.2 0.8 0 0 0 0 0 0.2 0 0 0 0 0 0 0.2 0 0 0 0 0 0.2 0 0 0 0 0 0 0 0 0 0 0 0 0 0 0 0 0 0 0 0 0 0 0.8 0 0 1 1 0.4 0.8 0 0 0 0 0 0 0 0 0 0 0 0 0 0 0 0 0 0 0 0 0 0 0 0 0 0.2 0 0 0 
 0.4 0.4 0.4 0.4 0.4 0.8 0.4 0.4 0.4 0.4 0.4 1.6 0.4 0.4 0.4 0.4 0.4 0.4 0.4 0.4 7.2 10.8 0 7.800000000000001 8.8 3.4000000000000004 14 8.8 11.600000000000001 7.6000000000000005 5.800000000000001 3.6 12.8 11.4 6.6000000000000005 8.200000000000001 8.4 9.4 7 8.200000000000001 0 0.6000000000000001 0 0 0.2 0 0 0.2 0.2 0.2 0 0 0 0 0 0 0 0.2 0.4 0 0.2 0 0 0 0 0 0 0 0 0 0 0.4 0 0.4 0.2 0 0.4 0 0 0 0 0 0 0 0 0.4 0 0 0 0 0 0 0 0 0 0 0 0 0 0 2.6 0.4 0.8 1 0 0 0 0 0.4 0.8 0.2 0.2 0.2 0 0.6000000000000001 0.4 0.2 1.2000000000000002 0.8 0 0 0 0.2 0 0 0 0 0 0 0 0 0 0 0.2 0 0 0 0 0.4 0 0 0 0 0 0 0 0 0 0 0 0 0 0 0 0 0 0 0 0 0 0 0 0 0 0 0.6000000000000001 0.2 0.2 0.2 0 0 0 0 0 0 0 0.4 0 0 0 0.6000000000000001 1 0.4 1.8 0.4 0.8 0.4 0.4 0.2 0.4 0.6000000000000001 0.8 0 0.4 0.2 0.4 0.4 1.6 0.4 0.2 0.2 0 0 0 0 0 0.4 0.4 0 0 0 0 0.6000000000000001 0 0 0 0 0 0 0 0 0 0 3.4000000000000004 0 0 0 0 0.6000000000000001 0 0 0 0 0 0 0 0 0 0 0 0 0 0.2 0 0 0 0 0 0 0 0 0 0 0 1.2000000000000002 0 0.4 0.2 0.2 0 0.4 0 0 0 0 0 0 0 0 0 0 0 0 0 0 0 0 0 0 0 0 0.2 0 0 0 0 0 0 0 0 
 0.8 0.2 0.2 1.6 0.2 0.4 0.2 0.2 0.4 0.2 0.2 0.2 0.2 0.2 0.2 0.2 0.2 0.2 0.2 0.2 5 11.200000000000001 7.800000000000001 0 10.600000000000001 6.2 7.4 9.600000000000001 11 11.8 6.800000000000001 7 8 9.200000000000001 8.6 7.4 8.200000000000001 8.6 6.4 8.8 0 0.2 0 0 0.4 0 0 0.4 0.2 0 0 0 0 0 0 0 0 0.2 1.2000000000000002 0.6000000000000001 0.2 0 0 0 0 0 0 0 0 0.2 0 0.4 0 0.4 0.2 0 0.4 0 0 0 0 0 0 0 0 0 0 0 0 0 0 0.2 0 0 0 0 0 0 0 0 0.4 0.6000000000000001 0.2 0.6000000000000001 0.6000000000000001 0.4 0 0 0 0 0.4 2 0.6000000000000001 0 0.2 1.6 0.4 0 0 0 0 0 0 0.2 0 0 0.2 0 0 0 0 0 0.2 0 0.2 0.6000000000000001 0 0 0.4 0.2 0 0 0 0 0 0 0 1.4000000000000001 0 0 0 0 0 0 0 0.4 0 0 0 0 0.2 0 0 0 0.4 0 0 0 0 0.2 0.4 0 0 0.4 0 0 0 0 0 0 0.4 0 1 0.4 0.6000000000000001 0 0.2 0.2 0 0 0.2 2 0 0.2 0 0 1.2000000000000002 0.8 0 0 0.4 0.8 0.4 0.2 0 0 0 0.2 0.4 0.6000000000000001 0 0 0.8 0 0.2 0 0.8 0 1.4000000000000001 2.8000000000000003 0 0 0 0 0 0 0 0 0 0 0 0 0 0 0 0 0 0 0 0 0 0 0.2 0 0 0 0 0 0 0 0 0 0 0 0 0 0.4 0 0 0.4 0.2 0 0 0 0 0 0 0 0 0 0 0 0 0 0 0 0 0 0 0 0 0.2 0 0 0 0 0.2 0 0 0.2 
 0 0 0 0 0.2 0 0 0 0 0 0 0 0 0 0.2 0.6000000000000001 0 0.2 0 0 5.800000000000001 7.4 8.8 10.600000000000001 0 9.8 7.2 9.600000000000001 10.600000000000001 14.600000000000001 13.4 7.2 8.4 13.600000000000001 15 7.4 9.600000000000001 6.4 11 16 0 0.4 0 0 0.4 0 0 1.2000000000000002 0.2 0.4 0 0 0 0 0.2 0 0.8 0.4 1.2000000000000002 0 0.2 0 0 0 0 0 0 0 0 0.2 0 0.4 0 0.4 0.2 0 0.6000000000000001 0.2 0 0 0 0 0 0.2 0.4 0.4 0 0 0 0 0 0 0 0 0 0 0 0 0 0 0.6000000000000001 0.6000000000000001 0.4 0.8 0.2 0.4 0 0 0.2 1 0.8 0.6000000000000001 0.2 0 0.8 0.2 0.6000000000000001 0.4 0 0 1.6 0.2 0 0 0 0 0 0 0.4 0 0 0 0 0.4 0 0.4 0 0 0.4 0.2 0 0 0 0.6000000000000001 0.2 0 0 0.4 0 0 0 0.2 0 0 0 0.4 0 0 0 0.2 0.4 0 0 0 0 0.2 0 0 0 0 0 0 0 0.2 0 0.2 0 0 0 0 0.2 0 0 0.8 0.8 0.2 0.6000000000000001 0.4 0.6000000000000001 0 0.2 1 0 0.4 0 0.4 0.4 1 0 0 0.2 0 0 0 0 0 0.8 0.4 0.2 0 0.2 0 0.6000000000000001 0 0 0.4 0 0 0 0.4 0 0 0 0 0 0 0 0 0 0 0 0 0 0 0 0 0 0 0 0 0 0 0.2 0 0 0 0 0 0 0 0 0 0 0 0.6000000000000001 0 0 0.2 0.6000000000000001 0 1 0 0 0 0 0 0 0 0 0 0 0 0 0 0 0.2 0 0 0 0 0 0.2 0 0 0 0 0.2 0 0 0 
 0.2 0.2 0.2 0.4 0.2 0.2 0.2 0.2 0.6000000000000001 0.4 0.2 0.2 0.2 0.2 0.2 0.2 1.2000000000000002 0.2 0.2 0.2 4.6000000000000005 7.4 3.4000000000000004 6.2 9.8 0 3 5.4 7.6000000000000005 11 9.200000000000001 11.4 7 7.6000000000000005 8.200000000000001 8.4 11.8 8.4 5.6000000000000005 9.4 0 0.4 0.6000000000000001 0 0 0 0 0.4 0.8 0 0 0 0.8 1 0.2 0 0.8 0.2 0 0.8 0.8 0 0 0 0.2 0 0 0 0 0.6000000000000001 0 0.4 0 0.2 1 0 0.4 0 0 0 0 0 0 0 0 0 0 0 0.2 0 0 0 0 0 0 0 0 0.2 0 0.2 0.2 0 0.6000000000000001 0.8 0.8 0.6000000000000001 0.6000000000000001 0 0.2 0.4 0.4 0.8 0 0 0.2 0 0.2 0 0.2 0 0.6000000000000001 0.2 0.2 0 0 0 0.4 0.2 0.2 0 0.4 0 0.8 0 0 1.4000000000000001 0 0.4 1 0.4 0.2 0 0 0 0 0 0 0 0.2 0 0.2 0 0.2 0 0 0 0 0 0.2 0.2 0.2 0 0 0 0 0 0 0.2 0 0 0 0 0 0 0 0 0 0 0 0 0 0 0.4 0 0.6000000000000001 0.8 0 0 2.6 0.8 0.4 0 0.4 0 0 0 0.4 0 0 0 0.4 0.2 0.2 0 0 0 0.6000000000000001 0 0 1.2000000000000002 0.2 0 0.2 0.8 0.2 0.6000000000000001 0 0 0.2 0.6000000000000001 0 0 0 0 0 0 0 0 0 0 0 0 0 0.2 0 0 0 0 0 0 0 0 0 0 0 0 0 0 0 0 0 0 0 0.4 0.2 0.4 0.8 0.2 0.2 0 0.6000000000000001 0 0 0 0 0 0.2 0 0 0 0.6000000000000001 0 0 0 0 0 0 0 0 0 0 0 0 0 0.6000000000000001 0 0 0 0 0 
 0 0 0.2 5 1.2000000000000002 2.2 0 0.2 0.2 0 0.6000000000000001 0.4 0 0 0.4 0 0 0 0 0 5.800000000000001 11.200000000000001 14 7.4 7.2 3 0 11 8.6 4.800000000000001 5.800000000000001 4.800000000000001 11 7.4 6.800000000000001 4.800000000000001 6.2 4.6000000000000005 9.200000000000001 7.4 0 0.2 0 0 0.2 0 0 0.2 0.2 0.2 0 0 0 0 0 0 0 0 0 0.4 0.4 0 0 0 0 0 0 0 0 0 0 0.4 0 0.2 0.2 0 0.4 0.2 0 0 0 0 0 0 1.2000000000000002 0.2 0 0 0 0 0 0 0 0 0 0.4 0 0 0 0 0.2 0 1.2000000000000002 0.4 0.2 0 0 0.2 0.4 0 0.4 1.2000000000000002 0.4 0.6000000000000001 0.2 0.8 0 0.6000000000000001 0.6000000000000001 1.6 0 0 0 0 0 0 0.6000000000000001 0 0 0 0 0 0 0 0 0 0 0.2 0 0 0 0 0 0 0 0 0 0.8 0 0 0 0 0 0 0 0 0 0 0 0 0 0.2 0 0 0 0.6000000000000001 0 0 0 0 0 0 0 0 0 0 0.2 0 0 0 0.8 0.8 0.8 1.4000000000000001 0 0 0.6000000000000001 0.6000000000000001 0.2 0.2 0 0 0.6000000000000001 0.2 0.8 2 0.8 0.6000000000000001 0 1.2000000000000002 0 0 0.2 0 0 0 0 0 0 0.2 0 0 0 0 0 0 0 0.2 0 0 0 0 0 0 0 0 0 0 0 0 0 0 0 0 0 0 0 0 0 0 0 0.4 0 0 0 0 1 0 0.4 0.2 0 0 0 0 0.4 0.2 0.2 0 0 0 0.4 0.2 0 0 0 0 0 0 0 0 0 0 0 0 0 0 0 0 0 0.2 0 0 0 0 0 0 0 0 0 0 
 0 0 0 1 1 0.4 0.2 0.4 0.2 0 0.4 0.2 0 0 0 0 0 0.4 0 0 6.6000000000000005 11.8 8.8 9.600000000000001 9.600000000000001 5.4 11 0 12 7.6000000000000005 5.2 3.4000000000000004 9.8 13.8 6.2 5.6000000000000005 6.800000000000001 6 7.4 7 0 0.2 0 0.2 0.4 0.2 0 0.4 0.2 0 0 0 0.6000000000000001 0.4 0.2 0 0 0.2 1 0.4 1.2000000000000002 0 0 0 0.2 0 0 0.2 0 0.4 0 0.2 0.2 0.2 0.4 0 0.6000000000000001 0 0.2 0 0.2 0 0 0 0 0 0 0 0 0 0 0.2 0 0 0 0 0 0 0 0 1 0.2 0.2 1.4000000000000001 0.2 0.8 0 0.6000000000000001 0 0.8 0.2 0.4 0 0.2 0.6000000000000001 0.4 1 0.6000000000000001 0 0 0 0.2 0 0 0 0 0.4 0 0 0 0 0 0.2 0.2 0 0 0 0 0.2 0 0 0 0.4 0 0 0 0.2 0 0 0 0 0.6000000000000001 0 0 0 0.2 0 0.2 0 0 0 0 0 0 0 0.4 0.4 0.4 0.2 0 0 0 0 0 0 0 0.6000000000000001 0 0 0 1 0.2 0.8 0.8 0.4 0 0.6000000000000001 0.6000000000000001 0.6000000000000001 1 0.8 0.6000000000000001 0 0.8 0.4 0.4 0 1 0.4 0.4 0 0.2 0 0 0 0 0 0 0 0 0 0 0.4 0.2 0 0 0 0 0 0 0 0 0 0 0 0 0 0 0 0 0 0 0 0 0 0 0 0 0 0 0 0 0 0 0 0 0 0 0 0 0 0 0 0 0.2 0 0 1.2000000000000002 0 0 0.6000000000000001 0 0 0 0 0 0 0 0 0 0 0 0 0 0 0 0 0 0 0 0 0 0 0 0 0 0.2 0 0 0 
 0.4 0.4 0.6000000000000001 0.4 1.2000000000000002 1.2000000000000002 0.4 0.8 0.4 0.6000000000000001 0.6000000000000001 0.4 0.4 0.4 0.6000000000000001 0.4 0.4 0.4 0.4 0.4 7.6000000000000005 9.4 11.600000000000001 11 10.600000000000001 7.6000000000000005 8.6 12 0 9.200000000000001 8.8 5 7.4 12.200000000000001 9.600000000000001 7.800000000000001 7.4 5.4 7.4 12.8 0 0.2 0.4 0 0 0.4 0 0.2 0.2 0 0 0 0 0.2 0 0 0 0.2 0 0.4 0.2 0 0 0 0 0 0 0 0 0 0 0.4 0 0.4 0.2 0 0.4 0.2 0 0 0 0 0 0 0 0 0 0 0 0 0 0 0 0 0 0 0 0 0 0 0.2 0 0.2 0.8 0 1.4000000000000001 0.8 0 0.6000000000000001 0.4 0.6000000000000001 1.6 0 0.8 0.4 0.2 0.2 0 0 0 0 0 0 0 0 0 0 0.2 0 0 0 0 0 0 0 0 0 0 0 0 0 0 0.2 0 0 0 0 0 0 0 0.2 0.4 0 0.2 0 0.4 0 0 0 0 0 0 0 0 0 0.2 0.2 0.2 0.2 0 0 0 0 0 0 0 0.2 0 0.2 0 0.2 0 0.4 0.8 0.4 0.8 1.6 0.6000000000000001 1 1 0.2 0.2 0 0.6000000000000001 0.2 1.6 0.4 0 0.4 1.4000000000000001 0 0 0 0.2 0 0 0 0 0 0 0 0 0 0 0 0 0 0 0 0 0 0 0 0 0 0 0 0 0 0 0 0 0 0 0 0 0 0 0 0 0 0 0 0 0 0.2 0 0 0 0 0 0 0 0 1.2000000000000002 0.4 0.2 0 0 0 0.2 0.4 0.2 0 0 0 0 0 0 0 0 0 0 0 0 0 0 0 0 0.4 0 0 0 0 0 0.2 0 0 0 0 
 0 0 0.2 0.4 0.2 0 0.6000000000000001 0.2 0.2 0 0 0.2 0 0 0 0.2 0 0.2 0 0 6 6 7.6000000000000005 11.8 14.600000000000001 11 4.800000000000001 7.6000000000000005 9.200000000000001 0 10.8 6.2 8 8.8 11.600000000000001 10.4 11.8 5.800000000000001 5.4 12.4 0 0.2 0.2 0 0 0 0 0.4 0.2 0 0 0 0.2 0.2 0.4 0.2 0 0.2 1.6 0.2 0.6000000000000001 0 0.2 0 0 0 0.4 0 0 0.2 0 0.4 0 0.6000000000000001 0.6000000000000001 0 0.4 0 0 0 0 0 0 0.2 0 0 0 0 0 0 0 0 0 0 0 0 0 0 0 0 0 1 0 0.6000000000000001 0 0.6000000000000001 0 0.2 0 1.6 0.2 0 0 0 0.2 0.4 0.8 0.2 0 0 0 0.4 0 0.2 0 0 0.6000000000000001 0 0 0 0 0 0.4 0.8 0.2 0 0 0 0.6000000000000001 0 0 0 0.6000000000000001 0 0 0 0 0 0 0 0 0.4 0 0 0 0.6000000000000001 0.2 0 0 0 0 0 0 0.4 0.4 0 0 0 0 0 0 0 0 0.2 0 0 0 0 0 0 0 0 0.2 0.2 0.6000000000000001 0.4 0 0 0.2 0.4 0.8 0.2 0 0.2 0 0.4 0.2 0 0 0 0.8 0.4 0 0 0 0 0.4 0.6000000000000001 0.2 0 0 0 1.8 0.2 0 0 0.8 0 0.4 0.4 0 0 0.2 0 0 0 0.2 0 0 0 0 0 0 0 0 0 0 0 0 0 0 0 0.2 0 0 0 0 0 0 0 0 0 0.2 0 1.8 0 0.6000000000000001 0.6000000000000001 0.6000000000000001 0 0 0.2 0 0 0 0 0 0 0 0.2 0 0 0 0 0 0 0 0 0 0 0 0.2 0 0 0 0 0 0 0 0 
 0 0 0 0.8 0.2 0.2 0.2 0 0.4 3.2 0 0.4 0.2 0 0 0 0 0.2 0 0 6.2 4.800000000000001 5.800000000000001 6.800000000000001 13.4 9.200000000000001 5.800000000000001 5.2 8.8 10.8 0 11.4 5.4 7.2 10.600000000000001 9.600000000000001 10.4 8.200000000000001 7 12.200000000000001 0 0.2 0.6000000000000001 0 0 0.6000000000000001 0.8 1.4000000000000001 0.2 0.2 0 0 0 0.4 0.8 0.2 0 0.2 0 0.6000000000000001 0.2 0 0 0 0.2 0 0.6000000000000001 0.2 0 0.2 0.2 0.4 0 0.6000000000000001 0.4 0 0.4 0 0 0 0 0 0 0 0 0 0 0 0 0 0 0 0 0 0 0 0 0 0 0 0.8 0.4 1.2000000000000002 1 0.6000000000000001 0.4 2.4000000000000004 0 0.8 0.2 1.4000000000000001 2.6 0.2 0.4 0.4 0.2 0 0.2 0 0 0.2 0.6000000000000001 0 0 0 0 0 0.4 0 0 0.2 0 0 0 0.4 0 0.2 0 0.4 0.4 0.2 0 0 0 0 0 0 0 0 0 0 0 0 0 0 0 0 0 0 0 0 0 0.2 0 0 0 0.2 0.2 0.2 0 0 0 0 0 0 0 0.2 0 0 0 0 0 1.2000000000000002 1 1.4000000000000001 0.4 0.8 1.6 1.2000000000000002 0.8 0.6000000000000001 0.4 0 0.4 0 0.6000000000000001 1 0.4 0.6000000000000001 0 0.2 2 0 0 0 0.2 1.2000000000000002 1.4000000000000001 0 0 0 0.2 1 0 0 0 0 0 0.2 0.4 0 0 0 0 0 0 0 0 0 0 0 0 0 0 0 0 0.2 0 0 0 0 0 0 0 0 0 0 0 0 0 0 0 0 0.2 0.6000000000000001 0 0.2 1.2000000000000002 0 0 0.2 1.6 0 0 0 0 0 0 0 0 0.2 0 0 0 0 0 0 0 0 0 0 0.2 0 0 0 0 1.6 0 0 0 
 0 0 0 0.4 0 0 0.2 0 0 0.4 0 0 0 0 0 0.2 0.4 0 0.2 0 5.4 5.2 3.6 7 7.2 11.4 4.800000000000001 3.4000000000000004 5 6.2 11.4 0 7 7 4.6000000000000005 6.4 11.4 10.4 5.6000000000000005 6 0 0.2 0 0 0.4 0 0 1 0.2 0 0 0 0.8 0 0.2 0 0.2 0 1 0.2 0.6000000000000001 0 0 0 0 0 0 0 0 0.2 0 0.4 0 0.2 0.6000000000000001 0 0.4 0 0 0 0 0 0 0 0.2 0 0 0 0 0 0 0 0 0 0 0 0 0 0 0 0 0 0.6000000000000001 0.2 0 0 0.2 0 0.2 0.6000000000000001 0.4 0 0 0 0 0 0 0 0 0 0.2 0.4 0 0.4 0 0 0.2 0 0.4 0 0 0.8 0.4 0.4 0.2 0.4 0.2 0 0.8 0.8 0 0 0.4 0 0 0 0 0 0 0 0 0.2 0.2 0 0 0 0 0 0 0 0.4 0 0 0 0 0 0 0 0.2 0 0 0 0 0.2 0 0 0 0 0 0 0 0 0.2 0.6000000000000001 1 0.6000000000000001 0 0.2 0 0.2 0.6000000000000001 1.2000000000000002 0 0 0 0.2 0 0.4 0 0 0.4 0.4 0.2 0.2 0 0 0.4 0.2 0 1 0.2 0 0.4 0.2 0.2 0.6000000000000001 0.2 0 0.2 0.4 0 0 0 0 0 0.2 0 0.2 0 0 0.2 0 0 0 0 0 0 0 0 0 0 0 0 0 0 0 0 0 0 0 0 0 0 0 0.8 0.4 0.6000000000000001 0 0 0.2 0.6000000000000001 0.4 0 0 0 0 0.2 0 0 0 0 0 0 0 0 0 0 0 0 0 0 0.2 0 0 0 0.2 0 0 0 0 
 0 0 0.4 1 0.2 1.4000000000000001 0 0 0 0 0.2 0.6000000000000001 0 0 0 0 0 0 0 0 5.6000000000000005 8.8 12.8 8 8.4 7 11 9.8 7.4 8 5.4 7 0 8 9.200000000000001 6.6000000000000005 3 7.2 10.200000000000001 9.200000000000001 0 0.4 0.2 0 0.8 0.2 0 0.2 0.2 0.2 0 0 0.6000000000000001 0.2 0.6000000000000001 0 0 0.2 0 0.2 0.2 0 0.2 0 1 0.2 0 0 0.2 0 0.4 0.4 0 0.4 0.2 0.2 0.4 0.2 0 0 0 0 0 0.2 0.8 0.8 0 0 0 0 0 0 0 0 0 0.4 0 0.2 0 0 2 0 0.2 0.2 0 0 0.4 1.4000000000000001 1.2000000000000002 0 0.6000000000000001 0.4 0.4 0.4 0.2 0.2 0 0.4 0.8 0.4 0 0 0.2 0 0 0 0 0 0 0 0 0 0 0 0.4 0 0 0 0 0 0 0 0 0 0 0 0 0.2 0 0 0 0 0 0 0.6000000000000001 0 0 0 0 0 0 0 1.2000000000000002 0 0.4 0.4 0.2 0.4 0.2 0 0.2 0 0 0 0 0.2 0 0 0 0 0.6000000000000001 0.8 0.2 1.4000000000000001 0.2 0.2 0.8 0 0.2 0.4 0 0 0 0.2 0.8 1.2000000000000002 0.2 0.4 0.6000000000000001 0.4 0 0 0 0 0 0 0 0 0 0 0 0 0.2 0 0 0 0 0 0 0 0 0.2 0 0 0 0 0 0 0 0 0 0 0 0.2 0 0 0 0 0 0 0 0 0 0 0 0 0 0 0.8 0 0 0 0 0.2 0.8 0 0 0 0 0.6000000000000001 0.6000000000000001 0 0 0 0 0 0 0 0 0 0 0 0 0 0 0.2 0 0 0 0 0 0 0 0 0 0 0 0 0 0 
 1.2000000000000002 0 0 0.4 0 0 0 0 0 0 0 0.2 0 0 0 0 0 0 0 0 7.2 13.600000000000001 11.4 9.200000000000001 13.600000000000001 7.6000000000000005 7.4 13.8 12.200000000000001 8.8 7.2 7 8 0 10.600000000000001 3.4000000000000004 5.800000000000001 5.2 13.200000000000001 15.4 0.2 0.2 0.2 0 0 0.4 0 0.4 0.2 0 0 0 0 0 0 0 0 0 0 0.2 0.4 0.2 0 0 0 0 0 0 0 0 0 0.6000000000000001 0 0.2 0.2 0 0.4 0 0 0.2 0 0 0 0 0 0 0 0 0 0 0 0.2 0 0 0 0 0 0 0.2 0 0.6000000000000001 0 0.6000000000000001 2.8000000000000003 0 1.8 0.6000000000000001 0 0.4 0.2 0.4 1.2000000000000002 1 0.2 0.4 0.2 0.2 0 0 0 0 0 0 0 0 0 0 0 0 0 0 0 0 0 0 0 0 0 0 0 0 0.2 0 0 0 0 0 0.4 0 0 0 0.2 0 0 0 0.4 0 0 0 0 0 0 0 0 0 0 0.6000000000000001 0.4 0.2 0.2 0.2 0 0.2 0 0 0 0.4 0 0 0 0.2 0 0 1 0.4 0.6000000000000001 1.4000000000000001 0.4 0.8 0.6000000000000001 0.2 0.4 0 2.4000000000000004 0 1.2000000000000002 0.4 1 0.2 0 0 0 0 0.4 0 0 0 0 0 0 0 0 0.4 0 0 0 0 0 0 0 0 0 0 0 0 0 0 0 0 0 0 0 0 0 0 0 0 0 0 0 0 0 0 0 0 0.2 0 0 0 0 0 0 0 0 1.4000000000000001 0 0.2 0 0 0.2 0.8 0 0 0 0 0 0 0 0 0 0 0 0 0 0 0 0 0 0 0 0 0 0 0 0 0.2 0.2 0 0 0.2 
 0.2 0.2 0.2 0 0.8 0.6000000000000001 0 0 0.2 0.2 1.4000000000000001 1.4000000000000001 0 0.2 0 0 0.2 0.2 0 0 7.800000000000001 7.2 6.6000000000000005 8.6 15 8.200000000000001 6.800000000000001 6.2 9.600000000000001 11.600000000000001 10.600000000000001 4.6000000000000005 9.200000000000001 10.600000000000001 0 8.4 8.8 6.6000000000000005 10.600000000000001 18.2 0.6000000000000001 0.4 0.2 0.8 0.4 0 0.4 0.6000000000000001 0.4 0.2 0.6000000000000001 0.6000000000000001 0.2 0.6000000000000001 0 0 0 0.4 0.4 0.4 0.4 0.2 0.2 0 0.4 0.6000000000000001 0.6000000000000001 0 0 0.2 0.2 0.4 0 0.4 0.4 0 1.2000000000000002 0 0.2 0.4 0 0 0 0.2 0 0.4 0 0.2 0.2 0 0.4 0 0.2 0 0 0 0 0.2 0 0.2 2 0 1.2000000000000002 0.2 1.2000000000000002 0.4 0.8 1 0.4 0 0.2 0 0.2 1.6 0.4 0.2 0.8 0 0.6000000000000001 0.6000000000000001 0 0 0 0 0 0 0 0 0 0 0 0 0 0 0 0 0 0.4 0.2 0 0 0 0 0 0 0 0 0 0 0 0 0 0 0 0.2 0 0 0 0.2 0.2 0.2 0 0 0 1 0.8 0 0.2 0 0 0 0.2 0.4 0 0 0 0 0 0 0 0.6000000000000001 1.2000000000000002 0.4 0.2 0.2 0.6000000000000001 0.2 1.4000000000000001 0.4 0 0 0.2 0 0.8 0.2 0 0.4 0.4 0.2 0.2 0 0.2 0 0 0 0 0 0 0 0 0 0 0 0 0 0 0 0 0.2 0 0 0 0 0 0 0 0 0 0 0 0 0 0 0 0 0.4 0 0 0 0 0 0 0 0 0 0 0.2 0.2 0 0.2 0 0 0 0 0.6000000000000001 0 0.6000000000000001 0.2 0.6000000000000001 0.6000000000000001 0.2 0.4 0 0 0.2 0 0 0 0 0 0 0 0 0 0 0.2 0 0 0 0.8 0 0 0 0 0 0.2 0 0 0 0 
 0.2 0.2 0.2 0.4 0.8 0.4 0.2 0.2 0.4 0.2 1.4000000000000001 0.8 0.2 0.4 0.2 0.2 0.2 0.2 0.4 0.2 5.800000000000001 5 8.200000000000001 7.4 7.4 8.4 4.800000000000001 5.6000000000000005 7.800000000000001 10.4 9.600000000000001 6.4 6.6000000000000005 3.4000000000000004 8.4 0 11.200000000000001 4.800000000000001 4.800000000000001 9.200000000000001 0 0.2 0 0 0.2 0 0 0.4 0.2 0 0 0 0.2 0 0 0 0 0 0.8 0.2 1 0 0 0 0 0 0 0 0 0.4 0 0.4 0 0.2 0.6000000000000001 0 0.4 0 0 0 0 0.2 0 0 0.6000000000000001 0 0 0 0 0 0 0 0 0 0 0 0 0 0 0 0.2 0.8 0.2 0.2 0.8 0.8 0 0 0 1 0.4 0.6000000000000001 0 0.8 0.8 1 0.4 0.4 0.4 0 0 0 0 0 0 0 0.4 0.4 0 0 0.2 0 0.2 0.4 0 0 0.2 0 1.2000000000000002 0 0 0 0.2 0 0 0 0 0 0 0 0 0.2 0 0 0 0 0 0 0 0 0 0 0 0 0 0 0.2 0.2 0.2 0 0 0 0.4 0 0 0 0 0 0 0 0.2 1.4000000000000001 0 0.4 0 0.2 0.8 0.6000000000000001 0.4 0.4 0.2 0.2 0.2 0.2 1 0.2 0.2 0 0.4 0 0.4 0.2 0 0 0 0 0.4 0.4 0 0 0 0 0.2 0.2 0 0 0 0.4 0 0.2 0.2 0 0 0 0 0 0 0 0 0.2 0 0 0 0 0 0 0 0 0 0 0 0 0.2 0 0 0 0 0 0.4 0 0 0 0 0 0.8 0.2 0.2 0.2 0.6000000000000001 0 0.2 0.4 0 0 0 0 0 0 0 0 0 0 0 0 0 0 0 0 0 0 0 0.2 0 0 0 0 0.4 0 0 0 
