 0 5.4 7.6000000000000005 6 4 4 7.4 3.8000000000000003 3.6 3.8000000000000003 4.800000000000001 2.8000000000000003 6 7.4 6.800000000000001 3.2 3.8000000000000003 3.4000000000000004 7 6.6000000000000005 0.6000000000000001 0.2 0 0.6000000000000001 0.2 0.2 0.2 0 0 0 0.8 0.4 0.4 0.2 0 0.2 0.2 0.4 0 0 0.2 0.2 0.4 0.2 0.4 0.4 0.6000000000000001 0 0 0.4 0.2 0 0.2 0.6000000000000001 0 0 0 0.2 0.2 0.2 0.6000000000000001 0.4 0 0 0.2 0.2 0.4 0.2 0.4 0 0 1.2000000000000002 0.2 0.6000000000000001 0 0 0 0.6000000000000001 0 0 1.2000000000000002 0.6000000000000001 0.4 0 0 1 0 0.2 0.6000000000000001 0.4 0 0 1.4000000000000001 0.6000000000000001 0.6000000000000001 0 0.2 0 1.2000000000000002 1.6 0 0 0.2 0 0 0 0 0 0 0 0 0 0 0 0 0 0 0 0 0 0 0 0 0 0 0 0 0 0 0 0 0 0 0 0 0 0 0 0 0 0 0 0.2 0 0 0 0 0 0 0 0 0 0 0 0 0 0 0 0 0 1 0 0.2 0.6000000000000001 0 0 0.6000000000000001 1 0.4 0.4 0.2 0.6000000000000001 0.2 0.2 0 0.6000000000000001 0.4 0.8 0 0 0 0 0 0.2 0.2 0 0 0 0 0 0.2 0 0 0 0.2 0 0 0 0 0 0 0 0 0 0 0 0 0 0 0 0 0 0 0 0.2 0 0 0 0.4 0 0 0 0 0 0 0 0 0 0 0 0 0 0 0 0 0 0 0 0 0 0 0 0 0 0 0.2 0 0 0 0 0 0.4 0 0.2 0 0 0 0 0 0.2 0 0 0 0 0 0.2 0 0 0 0 0 0 0 0 0 0.6000000000000001 0 0 0 0 0 0 0 0 0 0 0 0 0 0 
 5.4 0 8.6 6.800000000000001 4.2 6.4 8.6 12.600000000000001 5.800000000000001 7.4 4.4 3.8000000000000003 7.2 8.6 8.6 3.8000000000000003 7 5.4 5.2 6.2 0 0.2 0 0.2 0.6000000000000001 0 0 0 0 0 0.4 0.2 0 0 0 0.2 0 0.4 0 0 0 0 0 0 0 0.2 0.4 0 0 0.4 0.2 0 0 0 0.4 0 0.2 0 0 0.2 0 0.2 0 0.6000000000000001 0.4 0 0.2 0 0.2 0 0 0.4 0.4 0 0 0 0 0.2 0 0 0.4 0.4 0.8 1.2000000000000002 0.2 0.4 0.4 1.2000000000000002 0.2 0.8 1 0 0.2 0.6000000000000001 0.2 1 0.4 0.8 0.6000000000000001 0 0 0 0 0 0 0 0 0 0 0 0 0 0 0 0.2 0 0 0 0.2 0.2 0 0 0 0 0 0 0 0 0 0 0 0 0 0 0 0 0 0 0 0 0 0 0 0.4 0 0 0 0 0 0 0 0 0 0 0 0 0.6000000000000001 0 0 0 0 0.8 0 0 0.4 0.4 0 0 0.2 0 0.6000000000000001 0.4 0.2 1.4000000000000001 0 0.4 0.8 0.4 0.6000000000000001 0.2 0.2 0 0.4 0 0 0 0.2 0 0 0 0 0 0.2 0.2 0 0 0 0 0.2 0.6000000000000001 0 0 0 0 0 0 0 0 0 0 0 0 0 0 0 0 0 0 0 0 0 0 0 0 0 0 0 0 0 0 0 0 0 0 0 0 0 0 0 0 0 0.2 0 0 0 0 1.4000000000000001 0 0.4 1.2000000000000002 0 0.8 0 0 0.2 0 0 0 0 0 0 0 0 0 0 0 0.2 0 0 0 0 0 0 0 0 0 0.8 0 0 0 0 0 0 0 0 0 0 0 0 0 
 7.6000000000000005 8.6 0 9.4 7.800000000000001 4 12.4 11 10.4 6 6.2 5.2 10.4 10 8.200000000000001 7.2 6.4 5.6000000000000005 6.4 3 0 0.2 0.2 0 0.2 0 0 0 0 0 0.4 0.2 0 0 0 0.4 0 0.4 0.2 0 0 0 0 0 0 0.2 0 0 0 0.4 0 0 0 0 0 0 0 0 0 0 0 0.4 0 0 0.4 0 0.2 0 0.4 0 0 0.4 0.4 0 0 0 0 0 0 0 0.4 1 0.8 0 0.6000000000000001 0.4 0.4 1.2000000000000002 0.4 0.6000000000000001 0 0.2 0.6000000000000001 2 0.8 1 0.6000000000000001 0.2 0.2 0.6000000000000001 0 0 0.2 0 0 0.2 0 0 0 0 0 0 0 0 0 0 0 0 0 0 0 0 0 0 0 0 0 0 0 0 0 0 0 0 0 0 0.2 0 0 0 0 0 0 0 0 0 0 0 0 0 0 0 0 0 0.2 0 0 0 0 0 0 0.6000000000000001 0 0.4 0.4 0 1.2000000000000002 0 0.6000000000000001 0.4 1.6 0.4 0 2 0.2 0.4 1.6 0.2 1.4000000000000001 0.6000000000000001 0 0 0 0 0.2 0.2 0 0 0 0 0.2 0 0.4 0 0.2 0 0 0 0.6000000000000001 0 0 0 0 0 0 0 0 0 0 0 0.2 0 0 0 0 0.2 0 0 0 0 0 0 0 0 0 0 0 0 0 0 0 0 0 0 0 0 0 0 0 0 0 0 0 0 0 0.4 0.2 0 0.4 0.8 0.2 1.8 0 0.2 0 0 0 0 0 0 0 0 0.2 0 0 0 0 0 0 0 0 0 0 0 0 0.2 0.6000000000000001 0.2 0 0 0 0 0 0 0 0 0 0 0 0 
 6 6.800000000000001 9.4 0 9 6.4 9.200000000000001 11 8.6 14.4 11.4 4.800000000000001 8.200000000000001 7.800000000000001 8.8 6.6000000000000005 5.800000000000001 5.4 6.6000000000000005 7 0.8 0.2 0.4 0 0.2 0 0.2 0.2 0 0 0.4 0 0.6000000000000001 0 0.2 0.2 0 0.6000000000000001 0.6000000000000001 0.8 0 0 0 0 0 0.2 0 0 0 0.4 0.2 0 0 0.4 0 0 0 0 0 0.2 0 0.4 0 0 0.4 0 0.2 0 0.4 1.6 0 0.4 0.8 0 1 2.8000000000000003 0 0.4 0 0 0 0 0.8 1.6 1.2000000000000002 1.4000000000000001 0 0.2 0.4 1.6 1.4000000000000001 0.4 0 0 0 0.4 0.6000000000000001 0.2 0 0 0 0 0 0.2 0 0 0.4 0 0.2 0.2 0 0 0.8 0.2 0.2 0 0 0 0.2 0.4 0 0 0.2 0 0 0 0.2 0 0 0 0 0 0 0 0 0 0 0 0 0 0 0 0 0 0 0 0 0 0 0 0 0 0 0 0 0 0 0 0 0.2 0 0 0 0.6000000000000001 1.6 0.6000000000000001 0.2 0 0 0.8 0.2 0.2 0.2 0 0.4 0 0.4 0 0.4 0.6000000000000001 0.2 0 0 0 0 0 1 0 0 0.4 0 0 0.6000000000000001 0.4 0.4 0 0 0 0 1.8 0 0 0 0 0.4 0 0 0 0 0 0.2 0 0 0.2 0 0 0 0 0 0.2 0 0 0.6000000000000001 0 0 0 0.2 0 0 0 0 0 0 0 0 0 0.4 0 0 0 0 0 0 0 0 0.4 2.2 0 0.4 0.4 0.2 0.8 0 0 0 0 0.2 0 0 0 0 0 0 0 0 0 0 0 0 0 0 0 0 0.2 0 0 0 0 0 0 0 0 0 0 0 0.2 0 0 0 0 
 4 4.2 7.800000000000001 9 0 9.600000000000001 7.4 8 7.4 14.8 9 7.800000000000001 8 6.6000000000000005 15 6.4 6 5 11.4 10 0.8 0.2 0 0.2 0.4 0 1.4000000000000001 1.4000000000000001 0.4 0.2 0.6000000000000001 0.2 0.4 0.8 0 0.2 1.6 1.4000000000000001 0 0 0 0 0 0 0 0.2 0 0 0 0.4 0 0 0 0.2 0 0 0 0 0 0.2 0.2 0.2 0.2 0 0.4 0 0.2 0 0.2 0 0 0.4 0.4 0.6000000000000001 0 0 0 0 0 0 0 0 0 0.4 0 0 0 0 0.8 0 0.6000000000000001 0.6000000000000001 0 0 0.6000000000000001 0.4 0.2 0 0 0 0.4 1 0.4 0 0.4 0 1.2000000000000002 0.4 0.6000000000000001 1.2000000000000002 0.2 0 0.6000000000000001 0.2 0 0 0.4 0.2 1.4000000000000001 1.2000000000000002 0 0 0 0 0 0 0 0 0 0 0 0 0 0 0 0 0 0 0 0 0 0.2 0 0 0 0 0 0.2 0.2 0 0 0 0 0 0 0 0 0.6000000000000001 0.6000000000000001 0 0 0 1.2000000000000002 0 0 0.8 0 0 0.2 0.2 0.2 0.4 0 0 0 0 0 0.4 0.4 0 0.6000000000000001 0.6000000000000001 1 0 0 0 0 1.6 0 0 0 0 0.8 0 1.4000000000000001 1.8 0 0 0.2 0.8 0.2 0 0 0 0 0 0 0 0 0 0 0 0 0 0 0 0 0 0 0 0 0.2 0 0 0 0.2 0 0 0.2 0 0 0.2 0 0 0 0 0 0 0 0 0 0.4 0 0 0 0 0.4 0.2 0.4 0.2 0.2 1.2000000000000002 0.2 0 0 0 0 0.4 0 0 0 0 0 0 0.2 0 0 0 0 0 0 0 0 0 0.2 0 0 0 0 0 0 0.2 0 0 0 0 0 0 0 0 
 4 6.4 4 6.4 9.600000000000001 0 4.4 4 5.4 10.600000000000001 7 8.6 4.800000000000001 7.4 8.6 8.8 11.4 9.200000000000001 8 6 0.4 0.8 0 0 0.4 0 0 0.2 0 0 0.4 0 0 0.6000000000000001 0.4 0.2 0 0.6000000000000001 0 0 0.8 0.4 0 0.2 0 1 0 0.4 0 0.4 0 0 0.8 0 0 0 0 0 0 0 0.4 0.4 0.2 0 0.2 0 0.2 0.2 0.4 0 0 0.8 0.4 0 0 0 0 0 0 0 0 0.4 0 0.8 0.8 0.4 0 0.4 0 0.4 3.2 0.4 0 0 0.2 0.6000000000000001 0.6000000000000001 0.4 0.2 0 1 0 0 0 0 0 0.6000000000000001 0.2 0 0 0 0 0.4 0 2 0 0 0 0 0.8 0 0 0 0 0 0 0 0 0 0 0 0 0 0 0 0 0 0 0 0 0 0 0 0.4 0.8 0 0 0 0 0 0 0 0 0 0 0 0.2 0 0 0 0 0.2 0.2 0.6000000000000001 0.6000000000000001 1.2000000000000002 0 0.2 0 0 0 0.6000000000000001 0 0 0 0 1.4000000000000001 1 0 0 1.2000000000000002 0 0.2 0 0 0 0.6000000000000001 0 0 0 0 0 0 1.8 0.2 0 0 0.2 0.2 0.6000000000000001 0 0 0.2 0 0 0 0 0 0 0 0.2 0 0 0 0 0 0 0 0.4 0 0.2 0 0 0 0 0 0.2 0 0 0 0 0 0 0 0 0 0 0 0 0 0 0 0 0 0 0.4 1.8 0 0.2 1.2000000000000002 0.2 1 0.2 0 0 0 0 0 0 0 0 0 0 0 0 0 0 0 0 0 0 0 0 0 0 0 1 0.2 0 0 0 0 0 0 0 0 0 0 0 0 
 7.4 8.6 12.4 9.200000000000001 7.4 4.4 0 9.600000000000001 8 5.2 5 3 14 7.800000000000001 6.2 3.8000000000000003 2.8000000000000003 5.6000000000000005 7 6 0 0.2 0 0 0.2 0.2 0 0.4 0.2 0 0.4 0.6000000000000001 0 0 0.2 0.2 0.2 1 0.4 0 0.2 0 0 0.2 0 0.2 0 0.2 0 0.4 0.4 0.2 0 0.4 0 0.2 0 0 0 0 0 0.4 0 0.2 0.2 0 0.2 0 1.2000000000000002 0 0 0.8 0.2 0 0.4 0 0 0.6000000000000001 0 0 0.4 0.8 0.4 0.2 0 0.6000000000000001 0.4 0 0.8 0.6000000000000001 0 0 0.6000000000000001 0.6000000000000001 0.4 0.2 0 0 1.2000000000000002 1 0 0 0 0 0 0.2 0 0 0 0 0 0 0 0 0 0 0 0 0 0 0 0 0 0 0 0 0 0.4 0 0 0 0 0 0 0 0 0 0 0 0 0 0 0 0 0 0 0.2 0 0 0 0 0 0.2 0.2 0 0 0.2 0 0 0 0.2 0.2 0 0 0.2 0 0 0.4 0.4 0.2 0.8 0.2 0 1.4000000000000001 0 0 0.2 0.2 0.6000000000000001 0.4 0 0 0 0 0 0.2 0.2 0 0 0.2 0 0 0.6000000000000001 0 0 0.4 0 0 0 0 0 0 0 0 0 0 0 0 0.2 0 0 0 0 0 0 0 0 0 0 0 0 0 0 0 0 0 0 0 0 0 0 0 0 0 0 1 0 0 0 0 0 0 0 0 0 0.4 0 0 0.4 0 0.4 0.8 0 0 0 0 0 0 0 0 0 0 0.2 0 0 0 0 0 0 0 0 0 0 0 0 0 0 0 0 0 0 0 0 0 0 0 0 0 0 0 
 3.8000000000000003 12.600000000000001 11 11 8 4 9.600000000000001 0 7.6000000000000005 6.2 5.800000000000001 5.800000000000001 9.600000000000001 14 8.8 6.4 4.800000000000001 5 9.200000000000001 6 0.2 0.2 0.2 0.4 0.6000000000000001 0 0 0 0.2 0 0.4 0 0.2 0.2 0 0.4 0.4 0.8 0 0 0 0.4 0 0 0.2 0.6000000000000001 0 0 0 0.8 0.2 0 0 0 0.2 0 0.4 0.4 0 0.4 0.2 0.4 0.2 0 0.2 0 0.8 0.2 0.4 0.2 0 0.4 0.4 0 0 0 0.4 0 0.8 0 0.4 0.6000000000000001 0.2 1.8 0.6000000000000001 0 0.4 1.8 1.8 0.4 1.8 0 0 0.4 0.4 0.6000000000000001 1.6 1.4000000000000001 0 0 0.2 0 0 0 0 0.4 0.4 0 0.2 0 0 0 0 0 0.2 0 0 0 0.6000000000000001 0 0 0 0 0 0 0 0 0.2 0 0 0 0 0 0 0 0 0 0.2 0 0 0 0.2 0 0.6000000000000001 0.2 0 0 0.2 0 0 0 0.2 0 0 0.6000000000000001 0 0.2 0 0 0 0.4 0.6000000000000001 1.2000000000000002 0.2 0 0.8 0 0.4 0.4 0.2 0.4 0.8 1 0 0.2 0.4 1 0.8 0.2 0.2 0.4 0 0.2 0 0 0 0 0 0 0 0 0 0.6000000000000001 0.4 0 0 0 0 1.8 1 0.2 0 0 0 0 0 0 0 0 0.6000000000000001 0 0 0 0 0 0 0 0 0 0 0 0 0.2 0 0.2 0.2 0 0 0.2 0 0 0 0 0 0 0 0 0 0 0 0 0.2 0 0 0 0.2 0.6000000000000001 0 0.6000000000000001 2.2 0.6000000000000001 0.8 0 0 0 0 0 0 0 0 0 0 0 0.2 0 0 0 0 0 0.2 0 0 0 0 0 0 0.4 0 0 0 0 0 0 0 0 0 0 0 0 0 
 3.6 5.800000000000001 10.4 8.6 7.4 5.4 8 7.6000000000000005 0 8 5.6000000000000005 3.8000000000000003 7.4 9.200000000000001 14 7.2 7 5.2 4.800000000000001 5.4 0 0.2 0 0.2 0.2 0 0 0 0 0 0.6000000000000001 0 0 0.2 0 0.2 0 0.4 0 0 0 0 0 0 0 0.2 0 0 0 0.4 0.2 0 0 0 0 0 0 0 0 0.2 0.2 0.4 0 0 0.4 0 0.2 0 0.2 0 0 0.4 0.2 0 0 0 0 0 0 0 0.8 1 0 1 0.6000000000000001 0.8 0.2 1 0.2 0.2 0.8 0.2 0.4 0.2 0 0.6000000000000001 0 0.8 0 0.8 0.6000000000000001 0 0 0 0 0 0.4 0 0 0 0 0.2 0.2 0.2 0 0 0 0 0.2 0 0 0.2 0 0 0 0 0 0 0 0 0 0 0 0 0 0 0 0 0 0 0 0 0 0 0 0 0 0 0 0 0 0 0 0 0.8 0 0 0 0 0 0.4 0.4 0 0 0 1 0 0.6000000000000001 0.8 0.4 0.4 0.4 0 0.2 1 0.6000000000000001 0.2 1.2000000000000002 0 0 0 0 0 0 0 0 0 0 0 0 0 0 0 0.2 0 0 0 0 0.2 0 0 0 0 0 0 0 0 0.2 0 0 0 0 0 0 0 0 0 0 0 0 0 0 0 0 0.2 0 0 0.4 0 0 0 0 0 0 0 0 0 0 0 0 0 0 0 0 0 0.2 0 0 0.2 1 0.2 1.2000000000000002 0 0 0 0 0 0 0 0 0 0 0 0 0 0 0 0 0 0 0 0 0 0 0 0.4 0.2 0.4 0 0 0 0 0 0 0 0 0 0 0 0 
 3.8000000000000003 7.4 6 14.4 14.8 10.600000000000001 5.2 6.2 8 0 12.8 8 7.6000000000000005 9 12.200000000000001 6.2 6.6000000000000005 6.6000000000000005 5.800000000000001 8.4 0.2 0.4 0 0.4 0.4 0.2 1.8 0 0 0 0.4 0 0.2 0 0.2 0.4 0.2 0.4 0 1.2000000000000002 0.4 0.2 0 0 0 1 0 0.2 0 0.6000000000000001 0 0 0.8 0.4 0 0 0 0.2 0 0.4 0 0.4 0 0 0.2 0 0.6000000000000001 0 0.4 0 0 0.6000000000000001 0.4 0.2 0.8 0 0 0 0.4 0 0 0.2 0.4 2.2 0.6000000000000001 0.4 0.4 0.6000000000000001 0.2 1.4000000000000001 1.8 0.8 0 0 0.2 0.2 0.6000000000000001 0.4 0 0 0.2 0 0 0 0 0 0 0 0.6000000000000001 0 0 0 0 0 0.4 0 0 0 1 0 0 0 0 0 0 0.4 0 0 0 0 0 0 0 0 0 0 0 0 0 0 0 0 0 0 0 0 0 0 0 0 0 0 0 0 0 0 0 0 0 0 0.2 0.4 0.4 0.2 0.2 1 0 0 0.6000000000000001 0 0 0.4 0.2 0 0 0 0.2 0.2 0 0 0.2 0 0 0 0 0 0.6000000000000001 0 0.2 0.6000000000000001 0 0 0.6000000000000001 0 0.6000000000000001 0 0 0 0 0.6000000000000001 0 0 0 0 0.2 0 0 0.2 0 0 0 0 0 0 0 0.6000000000000001 0 0 0 0 0.4 0 0 0 0 0 0 0 0 0 0 0 0 0 0.2 0 0 0 0 0 0 0 0 0 0 0.2 0.2 0 0 0.8 0 1.2000000000000002 0 0 0 0 0 0 0 0 0 0 0 0 0 0 0 0 0 0 0 0 0 0 0 0 0.4 0 0 0 0 0 0 0 0 0 0 0 0 0 
 4.800000000000001 4.4 6.2 11.4 9 7 5 5.800000000000001 5.6000000000000005 12.8 0 8.6 5.6000000000000005 3.6 9.8 10.4 7 8 6.4 7.4 1 0.2 0 0 0.2 0.2 1.2000000000000002 1.4000000000000001 0 0.6000000000000001 0.4 0 1.4000000000000001 0.2 0 0.2 0 0.6000000000000001 0.8 0.6000000000000001 0 0 0 0 0 0.2 0.2 0 0 0.4 0 0 0 1.4000000000000001 0 0 0.8 0 0 0.2 0 0.4 0.6000000000000001 0 0.2 0.4 0.2 0 0.2 0 0 0.4 0.4 0 0 0 0 0 0 0 0 0 0.6000000000000001 1.4000000000000001 1.6 0.8 0.2 0 0 0.8 0.8 0.2 0 0 0.2 0 0.4 0.2 0.2 0 0 0 0.6000000000000001 0 0 0 0.4 0.4 0.4 0 0.4 0 0.6000000000000001 0.2 0.2 0 0 0 0 0 0 0 0 0 0 0 0 0 0 0.2 0.2 0 0 0 0.2 0 0 0 0 0 0.2 0 0 0 0 0 0 0 0 0 0 0 0 0 0 0 0.2 0 0 0 0 0 0 0.4 0.6000000000000001 0 0 0 0 0.4 0 0 0.4 0 0 0 0 0.2 0 0 0.4 0 0.4 0 0 0 2.4000000000000004 0.4 0.2 0.4 0 0 1 0.4 0.2 0 0 0 0.2 0.6000000000000001 0 0 0 0.2 0.4 0 0 0 0 0 0 0 0 0 0 0 0 0 0 0 0 0 0 0 0 0 0 0.2 0 0 0 0.4 0 0 0 0 0 0 0 0 0 0 0 0 0.2 0.2 1.6 0.2 0.2 0.4 0.4 0.4 0.6000000000000001 0 0 0 0 0 0 0 0 0 0 0 0 0 0 0 0 0 0 0 0 0 0 0 0.2 0 0 0 0 0 0 0 0 0.6000000000000001 0 0 0 0.2 
 2.8000000000000003 3.8000000000000003 5.2 4.800000000000001 7.800000000000001 8.6 3 5.800000000000001 3.8000000000000003 8 8.6 0 3.2 6 3.6 4.800000000000001 6.800000000000001 9.600000000000001 2.6 4.2 0.2 0.2 0.2 0.4 0.2 0 0.2 0.2 1 0 0.4 0.4 1.6 0.2 0 0.2 0 0.6000000000000001 0 0.2 0 0 0 0 0 0.2 0 0 0 0.4 0 0 0 0.2 0 0 0 0 0.4 0.4 0.6000000000000001 0.4 0.4 0 0.2 0.4 0.2 0 0.8 0 0 0.6000000000000001 0.2 0.4 0 0 0.8 0 0 0 0 0 0 0.2 0.4 0.2 0 0.4 0 0.8 2 0.6000000000000001 0 0.4 0.4 0.6000000000000001 1 0 0 0.2 1 0 0.2 0 0.2 0 0.4 0 0 0 0 0 1.2000000000000002 0 0.4 0 0 0.2 0.6000000000000001 0.4 0 0 0 0 0 0 0 0.2 0 0 0 0 0 0 0 0 0 0.2 0 0 0 0.2 0 0 0 0 0.2 0.2 0.2 0 0 0.2 0 0 0 0 0 0.4 0 0 0 0.2 1.4000000000000001 0 0 0.6000000000000001 0 0.6000000000000001 0 0.4 0.8 2.4000000000000004 0 0.6000000000000001 0.2 0 0.4 0.8 0 0 1 0.4 0.4 0 0 0 0 0 0 0 0 0 0.4 0 0.4 0 0 0 1.6 0.4 0.2 0 0 0 0 0 0 0 0 0 0 0 0 0 0 0 0 0 0 0 0 0 0.2 0.2 0.2 0.2 0 0 0 0 0 0 1.4000000000000001 0 0 0 0 0 0 0 0 0.2 0 0 0 0.8 0.4 0 0.2 2.6 0 1.2000000000000002 0.4 0 0 0 0.2 0 0 0 0 0 0 0 0 0 0 0 0 0 0 0 0 0 0 0 0.8 0 0 0 0 0.2 0 0 0 0 0 0 0 0 
 6 7.2 10.4 8.200000000000001 8 4.800000000000001 14 9.600000000000001 7.4 7.6000000000000005 5.6000000000000005 3.2 0 12 3.2 5.4 6.6000000000000005 6 15.8 8.8 0.2 0.2 0 0 0.2 0 0.6000000000000001 0 0 0 0.4 0 0 0 0 0.2 0 0.6000000000000001 0 0 0 0 0 0 0 0.2 0 0 0 0.4 0 0 0 0 0 0 0.2 0 0 0 0 0.4 0 0 0.2 0 0.2 0 0.4 0 0 0.4 0.2 0 0 0 0 0.2 0 0 1.4000000000000001 0.8 0.8 0 0 0 0 1.8 1.2000000000000002 0.2 0 0 0.8 0.6000000000000001 0.2 0.2 0.4 0.4 1.4000000000000001 3 0 0 0 0 0 0 0 0 0 0 0 0 0.6000000000000001 0 0 0 0 0.2 0 0 0 0 0 0.2 0 0 0 0 0 0 0 0 0 0 0 0 0 0 0 0 0 0 0 0.4 0.2 0 0 0 0 0.2 0 0 0 0 0.6000000000000001 1.8 0 0 0 0.4 0.8 0.2 0.6000000000000001 0.6000000000000001 0 0 0 1.4000000000000001 0.6000000000000001 0 0 0 0.8 0.2 1.2000000000000002 1.2000000000000002 0 0.2 0 0 0 0 0 0 0 0 0 0 0 0 0 0 0.2 0.2 0 0 0 0 0 0 0 0 0 0 0 0 0 0 0 0 0 0 0.4 0 0 0 0 0 0 0 0 0 0 0 0 0 0 0 0 0 0 0 0 0 0 0.2 0 0 0 0 0 0 0 0 0.2 0 0.2 0 0.4 0 0.2 1.6 0 0 0 0 0 0 0 0 0.2 0 0 0 0 0 0 0 0 0 0 0 0 0 0 0.8 0 0.2 0 0 0 0 0 0 0 0 0 0 0 0 
 7.4 8.6 10 7.800000000000001 6.6000000000000005 7.4 7.800000000000001 14 9.200000000000001 9 3.6 6 12 0 9.4 5.2 6 4.2 15.200000000000001 8.8 0 0.4 0 0 0.2 0 0 0 0 0 0.4 0 0 0 0.4 0.4 0 0.4 0.6000000000000001 0 0 0 0 0 0 0.2 0 0 0 0.6000000000000001 0 0 0 0 0 0 0 0 0 0.2 0 0.4 0 0 0.2 0.6000000000000001 0.2 0 0.2 0 0.6000000000000001 0.4 0.2 0 0 0 0 0 0 0 0.6000000000000001 0 0.4 0.4 0 0 0.6000000000000001 0.8 0.8 0 0.2 1 0.6000000000000001 0.6000000000000001 0.4 0.4 0.2 0.4 0 1.6 0 0.4 0 0 0 0.2 0 0 0 0 0 0.4 0 0 0 0 0 0 0.8 0 0 0 0 0 0 0 0 0.2 0 0 0.2 0 0 0 0 0 0 0.2 0 0 0 0 0 0 0.2 0 0 0.2 0 0 0 0 0 0 0.4 0 0 0 0 0 0.4 0.4 1.2000000000000002 0.2 0 0.6000000000000001 0.4 0 1.4000000000000001 0.6000000000000001 0.4 0.6000000000000001 0.4 0 2 1 0.2 1.8 0.2 0.2 0 0 0.2 0 0 0 0 0 0 0 0 0 0.6000000000000001 0 0 0 0 0 0.2 0 0 0 0 0 0 0 0 0 0 0 0 0 0 0 0 0 0 0 0 0 0 0 0.2 0 0.2 0.6000000000000001 0 0 0.2 0 0 0 0 0 0 0 0 0.4 0 0 0 0.6000000000000001 0 0 0 0.4 0.2 0 0.4 0.6000000000000001 0.8 0.6000000000000001 0 0 0 0 0 0 0 0 0 0 0 0 0 0 0 0 0 0.2 0 0 0 0 0 0.6000000000000001 0 0.4 0 0 0 0 0 0 0 0 0 0 0 0 
 6.800000000000001 8.6 8.200000000000001 8.8 15 8.6 6.2 8.8 14 12.200000000000001 9.8 3.6 3.2 9.4 0 10.4 5 5.4 6.4 11.200000000000001 0.2 0.4 0.2 0 0.4 0.8 0 0 0 0.2 0.4 0.2 0 0.2 0 0.4 0 0.4 0 0 0 0 0.2 0 0 0.6000000000000001 0 0 0 0.6000000000000001 0 0 0 0.2 0.2 0 0 0 0 0.2 0 0.6000000000000001 0.2 0 0.6000000000000001 0 0.4 0.2 0.2 0.2 0 0.6000000000000001 1 0 1.4000000000000001 0 0.2 0.2 0 0 0 1 0.2 0.4 1 0 0 0.2 0.2 0 0.2 0 0 0 0 2 0.2 0.4 0 0.2 0.2 0 0 0 0 0 0 0 0.2 0 0 0 0 0 0 0.4 0 0 0.2 0 0 0 0 0 0 0.2 0 0 0.2 0 0 0 0 0 0 0 0 0 0 0 0 0 0 1 0 0 0 0 0 0 0 0 0 0.8 0 0 0.2 0 0 0.2 0.2 0 0.6000000000000001 0.2 0.6000000000000001 0.2 1 1.2000000000000002 0.2 0.4 0.8 0.2 0 0 0.4 0 1 0.4 0.6000000000000001 0.4 0 0 0 0 0 0 0 0.2 0 0 0 0 0.2 0.4 0 0 0 0 0.4 0.4 0 0 0 0 0 0 0 0 0 0 0 0 0 0 0 0 0 0 0 0 0 0 0 0 0 0 0 0 0 0.6000000000000001 0.2 0 0 0 0 0 0 0 0 1.4000000000000001 0 0.2 0 0 0 0.2 1.2000000000000002 0.2 0.2 0 0 1 0 0 0 0 0 0 0 0 0.2 0 0 0 0 0 0 0 0 0 0 0 0 0 0 0 0 0 0 0 0 0 0 0 0 0 0 0 0 0 
 3.2 3.8000000000000003 7.2 6.6000000000000005 6.4 8.8 3.8000000000000003 6.4 7.2 6.2 10.4 4.800000000000001 5.4 5.2 10.4 0 6 4 4.4 8.200000000000001 0.2 0.2 0 0.4 0.4 0 0.4 0 0 0 0.4 0.6000000000000001 0.2 0 0.2 0.2 0 0.4 0 0 0 0.2 0 0 0 0.2 0 0 0 0.4 0.2 0 1.2000000000000002 0 0 0 0 0.2 0.2 0.2 0 0.4 0 0 0.2 0 0.2 0 0.4 0 0 0.4 0.4 0.4 0 0 0 0 0.2 0 0 0.2 0 0.4 0 0.4 0.2 0 0.4 0.4 0 0 0 0 0 0.4 0.2 0.8 0 0.8 0 0 0 0 0 0 0 0 0 0 0 0.2 0 0 0 0 0 0 0 0.2 0.4 0.2 0 0.4 0 0 0 0 0 0 0 0 0 0 0.2 0.4 0.2 0 0.2 0.2 0 0 0 0.4 0.2 0 0 0 0 0 0 0 0 0 0.4 0 0.2 0 0 0 0.8 0.4 0.4 1.2000000000000002 0.2 0 0 0.8 0 0 0.2 0.6000000000000001 0 0 0.4 0 0.6000000000000001 0 0.2 0 0 0 0 1.2000000000000002 0 0 0.2 0 0 0 0 0 0 0 0 0 0 0 0.2 0.2 0.4 0.2 0.2 0 0 0 0 0.2 0.4 0 0 0 0.8 0 0.2 0.2 0 0 0 0 0 0 0.6000000000000001 0 0.2 0 0 0.2 0 0 0 0 0 0 0 0 0 0 0 0 0 0 0 0 0 0.4 0.2 0 0 0 0.4 1 0 0 0.2 0 0 0 0 0 0 0 0 0 0 0 0 0 0 0 0 0 0 0 0 0 0 0 0 0 0 0 0 0 0 0 0 0 0 0 
 3.8000000000000003 7 6.4 5.800000000000001 6 11.4 2.8000000000000003 4.800000000000001 7 6.6000000000000005 7 6.800000000000001 6.6000000000000005 6 5 6 0 7.6000000000000005 4 3.4000000000000004 0 0.2 0 0 0.2 0 0.2 0 0 0 0.4 0 0 0 0 0.2 0 0.4 0 0 0 0 0.2 0 0 0.2 0 0 0 0.4 0 0 0 0 0 0 0 0 0 0.2 0 0.2 0 0 0.4 0 0.2 0 0.2 0 0 0.4 0.4 0 0 0 0 0 0 0 1.6 0 0.6000000000000001 0.8 0 0.4 1 1 0 0.2 1.6 0.4 1.2000000000000002 1.8 0.2 0.2 0.2 0.8 0.6000000000000001 1 0.8 0 0.2 0 0 0 0.4 0 0.4 0 0 0 0.2 0 0.4 0 0 0 0.4 0 0 0 0 0 0 0 0 0 0 0 0 0 0 0 0 0 0 0 0 0 0 0 0 0 0 0 0 0 0 0 0 0 0 0 0.4 0 0 0 0 0 0.2 0.8 0.2 0 0 0.6000000000000001 0.2 0 1.4000000000000001 0.4 0.2 0.6000000000000001 0.8 0.6000000000000001 2.4000000000000004 2 0.2 1.8 0.8 0 0.4 0 0 0 0 0 0.6000000000000001 0 0.2 0 0 0 0 2.2 0 0.2 0 0 0 0.2 0 0 0 0 0 0 0 0 0 0 0 0 0 0 0 0 0 0 0 0 0 0 0 0 0 0 0 0 0 0 0 0 0 0 0 0.6000000000000001 0 0 0 0 0 0 0 0 0 0 0 0.2 0 0.8 0.2 0.6000000000000001 0 0 0 0 0 0 0 0 0 0 0.6000000000000001 0 0 0 0 0 0 0.2 0 0 0 0 0 0.6000000000000001 0.4 0.2 0 0 0 0 0 0 0 0 0 0 0 0 
 3.4000000000000004 5.4 5.6000000000000005 5.4 5 9.200000000000001 5.6000000000000005 5 5.2 6.6000000000000005 8 9.600000000000001 6 4.2 5.4 4 7.6000000000000005 0 5.2 3.8000000000000003 0 0.4 0 0 0.2 0 0.6000000000000001 0.4 0 0 0.4 0.4 0.4 0.2 0 0.2 0.2 0.4 0.8 0 0 0.4 0 0 0 0.2 0 0 0 0.4 0 0 0 0.2 0.4 0 0 0 0 0 0.4 0.4 0 0 0.2 0 0.6000000000000001 0 0.2 0 0 0.4 1 0 0 0 0 0 0 0 0 0.2 0.8 0.8 1 0.6000000000000001 0 0.2 0.2 0.2 1.4000000000000001 0.4 0 0 0 0 0 0.2 0 0.8 0.2 0 0.2 0 0 0 0.8 0 0.2 0 0.2 0 0.6000000000000001 0.4 0 0 0 0 0 0.8 0 0 0 0 0 0 0.4 0 0.4 0 0 0 0 0 0 0 0 0 0 0 0 0 0 0.2 0.2 0 0 0 0 0 0 0 0 0 0 0 0.4 0 0 0 0 0.2 0.2 0.6000000000000001 1 0.4 0 0 0 0.2 0.2 0.6000000000000001 0 0 0 0 0 1 0 0 0.4 0 0 0 0 0 1 0.2 0 0.2 0 0 0.2 1.4000000000000001 0.4 0 0 0 0.4 2.2 0 0 0 0 0.2 0 0 0 0 0 0 0 0 0 0 0 0 0 0 0 0 0 0 0 0 0 0 0 0 0 0 0 0 0 0 0 0 0.4 0 0.4 0 0 0 0 0 0 1 0 0.2 0.6000000000000001 0 1.4000000000000001 0 0 0 0 0 0 0 0 0 0 0 0 0 0 0 0 0 0 0 0 0 0 0 0 0 0 0 0 0 0 0 0 0 0 0 0 0 0 
 7 5.2 6.4 6.6000000000000005 11.4 8 7 9.200000000000001 4.800000000000001 5.800000000000001 6.4 2.6 15.8 15.200000000000001 6.4 4.4 4 5.2 0 14.600000000000001 0 0.2 0.2 0 0.4 0 0 0.2 0 0.2 0.6000000000000001 0 0.2 0.2 0 0.2 0 0.4 0 0 0 1.2000000000000002 0 0 0 0.2 0 0 0 0.4 0 0 0 0 0 0 0 0 0 0 0 0.4 0 0 0.2 0.2 0.2 0 0.4 0 0 0.4 0.4 0 0 0 0 0 0 0 0.6000000000000001 0.2 0.6000000000000001 0 0 0 0 0.6000000000000001 0.8 0.2 0 0 0.2 0.2 0.6000000000000001 0.6000000000000001 0 0 0.8 0 0 0 0 0 0 0 0 0 0 0.2 0 0 0 0 0 0 0 0 0 0 0 0 0.2 0 0 0 0 0 0 0 0 0 0 0 0 0 0 0 0 0 0 0 0 0 0 0.2 0 0 0 0 0 0 0 0 0 0 0 0 0 0 0.6000000000000001 0 0.8 0.6000000000000001 0 0 0.4 0.4 0.4 0 0 0.4 0.8 0 0.4 0.8 0 0.2 0.4 0 0 0 0 0 0 0 0 0 0 0 0 0 0 0 0 0 0 0 0 0.8 0.4 0 0 0 0 0 0 0.2 0 0 0.2 0 0 0.2 0 0 0 0 0 0.2 0 0 0 0 0 0 0 0 0 0 0.2 0 0 0 0 0 0 0 0 0 0 0 0 0 0 0 0.2 0 0.4 0.2 0 1.8 0 0 0 0 0 0 0 0 0 0 0 0 0 0 0 0 0 0 0 0 0 0.2 0 0.2 0 0 0 0 0 0 0 0 0 0 0 0 0 0 
 6.6000000000000005 6.2 3 7 10 6 6 6 5.4 8.4 7.4 4.2 8.8 8.8 11.200000000000001 8.200000000000001 3.4000000000000004 3.8000000000000003 14.600000000000001 0 0 0.4 0 0 0.2 0.2 0 0 0 0.2 0.6000000000000001 1.2000000000000002 0 0.6000000000000001 0.4 0.2 0 0.4 0 0.2 0.2 0 0 0.2 0.2 0.2 0 0.2 0 0.6000000000000001 0.2 0.2 0 0 0 0.2 0.2 0 0 0.4 0 0.4 0.2 0 0.6000000000000001 0 0.4 0 0.2 0 0 0.4 0.6000000000000001 0.2 0 0 0.2 0 0 0 0.8 0.8 0.8 0 0 0 1 0.2 0.6000000000000001 0 0 0.2 0.6000000000000001 0 0.2 0.2 0 0.2 1 0.2 0 0 0 0 0 0 0 0 0 0 0.4 0 0.2 0 0 0 0 0 0 0 0 0.4 0 0 0 0 0 0 0 0 0 0 0 0 0 0 0 0 0.2 0 0 0 0 0 0 0 0 0 0 0 0 0 0 0 0 0.2 0 0 0 0 0 0 0.2 0.2 0.2 0 0 0.6000000000000001 0 0 0 0 2 0.6000000000000001 0.6000000000000001 0.8 0 0.2 0.8 0.2 0 0 0 0 0 0 0 0 0 0 0 0 0 0 0 0 0 0 0 0 0 0 0 0 0 0 0 0 0 0 0 0 0 0 0 0 0.2 0 0 0 0 0 0.4 0 0 0 0 0 0 0 0 0 0 0 0 0 0.2 0 0.2 0 0 0 0 0 0 0.2 0 0 0 0 0 0.4 0 0 0 0 0 0 0 0 0 0 0.2 0 0 0 0 0 0 0 0 0 0 0 0 0.6000000000000001 0 0 0 0 0 0 0 0 0 0 0 0 0 0 
 0.6000000000000001 0 0 0.8 0.8 0.4 0 0.2 0 0.2 1 0.2 0.2 0 0.2 0.2 0 0 0 0 0 11.200000000000001 7.800000000000001 7.4 7 4 9 8.8 6.6000000000000005 4.800000000000001 8 5.6000000000000005 10.8 9.200000000000001 5.2 4.800000000000001 6.800000000000001 4.800000000000001 7.4 7.6000000000000005 0 0 0.2 0 0 0 0 0.4 0 0 0 0.2 0.4 0 0 0.2 0.2 0 0 0 0 0 0.6000000000000001 0 0 0 0 0 0.2 0 0 0.4 0.4 0 0 0.4 0 0 0 0.4 0 0 0 0 0 0 0 0 0 0 0 1 0.4 0 0 0 0 0.2 0 0 0.6000000000000001 0.2 1.4000000000000001 0.8 0.6000000000000001 0 0.2 0.8 0.2 1.6 0.4 0 0.4 1 0.8 0.4 0 0.4 0.2 0.6000000000000001 0 0 0 0 0 0 0 0 0 0 0 0 0 0 0.2 0 0 0.2 0 0 0.2 0 0 0 0 0 0 0 0 0.4 0.2 0 0.4 0 0 0 0 0 0 0 0 0 0 0.4 0.2 0 0 0 0 0.2 0 0 0.2 0.2 0.2 0 0 0 0.2 0 0.6000000000000001 1.2000000000000002 0.8 0 0 0 0.4 0.6000000000000001 0.2 0 0 0 0.4 1 1.4000000000000001 0.6000000000000001 0.6000000000000001 0 0 0.6000000000000001 0 0 0 0 0.4 0 0 0 0 0 0 0 0.4 0 0 0 0 0 0 0 0 0 0 0 0 0 0 0 0 0 0 0 0 0 0 0.4 0 0 0 0 0 0 0.4 0 0 0 0 0 0 0 0 0 0.4 0 1 0 0 0 0 0.2 0.2 0 0.2 0 0 0 0 0 0 0 0 0 0 0 0 0 0 0 0 0 0 0.6000000000000001 0 0 0 0.4 0 0 0 0 
 0.2 0.2 0.2 0.2 0.2 0.8 0.2 0.2 0.2 0.4 0.2 0.2 0.2 0.4 0.4 0.2 0.2 0.4 0.2 0.4 11.200000000000001 0 8 5 6.6000000000000005 4.4 11.4 7.800000000000001 6.2 6 7 4.2 8.6 10.200000000000001 8.200000000000001 6.6000000000000005 3.6 6.2 10 8.4 0.4 0 0 0.2 0 0 0.2 0.4 0 0 0 0 0.2 0.2 0 0.2 0.2 0 0 1.8 0 0 0.2 0 0 0 0 0 0.2 0 0 0.4 0.4 0.2 0 0.4 0 0 0 0.4 0 0 0 0 0 0.4 0 0 0 0.2 0 0.4 0 0 0 0 0.2 0 0 0 0.4 0.2 1.6 0.4 0.6000000000000001 0.2 0.4 1.2000000000000002 0 0.6000000000000001 0.2 0 1.2000000000000002 0.8 2.4000000000000004 0.8 0.6000000000000001 0.8 0.2 0.2 0.2 0 0 0.2 0 0 0.6000000000000001 0 0 0 0 0 0 0.4 0 0 0 0 0.6000000000000001 0.2 0.2 0 0 0 0 0 0 0 0 0.4 0 0 0.6000000000000001 0 0 0.2 0 0.2 0 0 0 0 0 1.8 0.6000000000000001 0 0 0 0.4 0 0 0 0.2 0 0 0 0 0 0 0 0 0.6000000000000001 0 0.6000000000000001 0.2 0.2 0.4 0.2 0 0 0.2 0.4 0.2 1 1 0.2 1 0 0.6000000000000001 0 0 0 0.2 0 0 0 0 0 0 0 0 0 0.2 0 0 0 0 0 0 0 0 0 0 0 0 0 0 0 0 0 0 0 0 0 0 0 0 0 0 0 0 0 0 0 0 0 0.4 0 0 0 0 0 0 0 0.8 0 0 0 0 0.6000000000000001 0 0.2 0 0 0 0 0 0 0 0 0 0 0 1.2000000000000002 0 0 0 0 0 0 0 2 0 0 0 0 0 0 0 0 
 0 0 0.2 0.4 0 0 0 0.2 0 0 0 0.2 0 0 0.2 0 0 0 0.2 0 7.800000000000001 8 0 8.6 9.8 5.4 14.8 8.4 12 8.4 6.4 6.4 8.4 6.6000000000000005 7 6.4 4.800000000000001 6.2 4.4 5 0 0 0 0 0 0.2 1 0.4 0 0.8 0.4 0 1 0 0 0.2 0.4 0.2 0 0 0 0.4 0.2 0 0 0 0 0 0.2 0 0 0.8 0.4 0.2 0.4 0.4 0 0 0 0.4 0 0 0 0 0 0 0 0 0 0 0 0 0 0 0 0 0 0 0 0 0.4 0.2 1.6 0 0.6000000000000001 0.6000000000000001 0 0.4 1.4000000000000001 0.2 0.2 0.4 0 0 0.4 0.4 0 0.4 0.2 0 0.2 0 0 0 0 0 0 0 0 0 0 0 0.2 0 0.2 0.4 0 0 0.4 0.8 0 0 0 0 0 0.2 0 0 0 0 0 0 0 0 0 0 0.2 0 0.2 0 0 0 0 0 0.2 0 0 0 0 0 0 0 0 0.2 0 0 0 0 0 0 0.6000000000000001 0.8 0.6000000000000001 0.4 0.6000000000000001 0.4 0.6000000000000001 0.6000000000000001 0.4 0.4 0.8 0.8 0 0.4 0.2 0 0.2 0.8 0.6000000000000001 0 0.2 0 0 0 0 0 0 0 0 0 0 0 0.4 0 0 0.2 0 0 1.6 0.2 0 0 0 0.4 0 0 0 0 0 0 0 0 0 0 0 0 0 0 0 0 0 0 0.6000000000000001 0 0 0.2 0 0 0 0 0 0 0 0 0.6000000000000001 0 0.2 1.2000000000000002 0.2 0.2 0.8 0.2 0 0 0 0 0 0 0 0 0 0 0 0 0 0 0 0 0 0 0 0.6000000000000001 0 0 0 0 0 0 0 0 
 0.6000000000000001 0.2 0 0 0.2 0 0 0.4 0.2 0.4 0 0.4 0 0 0 0.4 0 0 0 0 7.4 5 8.6 0 12 4.4 10.4 7.4 10.600000000000001 10.200000000000001 6.4 6.800000000000001 8.4 7.2 8.4 6.800000000000001 6.4 5.4 5.800000000000001 5.2 0 0 0 0.6000000000000001 0.4 0 0.4 1.2000000000000002 0 0 0.4 0 1.2000000000000002 0.2 0.2 0.2 0.6000000000000001 0.2 0.2 0 0 0 1 0 0.2 0.4 0 0 0.2 0 0 0.8 0.4 0.8 0.2 0.4 0 0.8 0 0.4 0 0 0 0 0 0 0 0 0 0 0 0 0 0 0 0 0 0 0 0 0.6000000000000001 0 0.4 2.8000000000000003 0.2 0.8 0 0 1.4000000000000001 0 0 0.4 0 0 0 0.2 0 0.6000000000000001 0 0 0 0 0.4 0 0 0 0.6000000000000001 0.4 0 0 0 0 0 0.6000000000000001 0 0 0 0.4 0 1 0 0 0 0 0 0 0 0 0 0 0 0 0 0 0 0 0.4 0 0.4 0 0 0 0 0 0.2 0 0 0 0 0 0 0 0 0 0 0 0 0 0 0 0 0 0.2 0.4 1.4000000000000001 0.2 0 0.6000000000000001 0.8 0.6000000000000001 0.2 1 0 0.4 0 0.6000000000000001 2 1 0 0 0.8 0.2 0 0 0 0 0.6000000000000001 0 0.2 0 0 0 0.6000000000000001 0 0 0 0 0.2 0.6000000000000001 0 0 0 0 0 0 0 0 0 0 0 0 0 0 0 0 0 0 0 0 0 0 0 0 0 0 0.2 0 0 0 0 0 0 0 0 0.4 0.4 0 0 0.4 0 0.4 0.4 0 0 0 0 0 0 0 0 0 0 0 0 0 0 0 0 0 0.2 0 0 0 0 0.2 0 0.2 0 0 0 
 0.2 0.6000000000000001 0.2 0.2 0.4 0.4 0.2 0.6000000000000001 0.2 0.4 0.2 0.2 0.2 0.2 0.4 0.4 0.2 0.2 0.4 0.2 7 6.6000000000000005 9.8 12 0 8.6 8.8 5.4 10.8 10.8 10.600000000000001 8.4 8 7 13 7.2 5.4 7.4 8.4 10 0.6000000000000001 0 0 0.2 0 0 0.2 0.8 0 0 0 0 0.6000000000000001 0.2 0 0.2 0.2 0 2.2 0 0 0 0.2 0 0 0 0 0 0.2 0 0 0.2 0.4 0.4 0 0.4 0 0 0 0.4 0 0 0 0 0 0 0.2 0 0 0.2 0 0 0 0 0 0 0.2 0 0 0 0 0 0 0.2 0 1 0 0 0 0.2 0.2 0.8 0.2 0 0 0.4 1.6 0.6000000000000001 0.2 0 0.2 0 0 0.2 0 0 0.6000000000000001 0 0 0 0 0 0 0.6000000000000001 1 0 0 0 0.2 0 0 0 0 0 0 0 0 0 0 0 0 0 0 0 0 0.2 0 0 0 0 0 0 0 0 0.4 0 0 0 0.4 0 0 0 0 0 0 0 0 0 0 0 0 0 0.2 3 0.6000000000000001 0.8 0 0 0.4 0.4 2 0.6000000000000001 0 0.4 0.2 0.6000000000000001 0.6000000000000001 0.6000000000000001 0.2 0 0.4 0.2 0 0 0 0 0.4 0.4 0.2 0 0.4 0.4 1.2000000000000002 0 0 0 0 0 0.6000000000000001 0.6000000000000001 0 0 0 0 0 0 0 0 0.2 0 0 0 0 0 0 0 0 0 0 0 0 0 0 0 0 0 0 0 0 0 0 0 0 0 0.6000000000000001 0 0 0.4 0.6000000000000001 0 0.4 0 0 0 0 0 0 0.2 0 0 0 0 0 0 0 0 0 0 0 0.2 0 0 0 0 0 0 0.2 0 0 0 
 0.2 0 0 0 0 0 0.2 0 0 0.2 0.2 0 0 0 0.8 0 0 0 0 0.2 4 4.4 5.4 4.4 8.6 0 4.2 3 10.8 7.4 5.4 7.800000000000001 4.4 7 9 7.6000000000000005 7.800000000000001 8 5.6000000000000005 5 0.6000000000000001 0.4 0.2 0 0 0 0.2 2.8000000000000003 1 0 0.2 0 0.2 0 0 0.4 0.6000000000000001 1 2.4000000000000004 0.2 0 0 0.2 0 0 0 0 0 0.2 0 0 0.8 0.4 0.8 0.4 0.4 0 0 0 0.4 0 0 0 0 0 0.4 0 0 0 0.2 0 0 0 0 0 0 0.6000000000000001 0 0 0 0.4 0.8 0 0 0.2 1.4000000000000001 0 0.4 0.4 0.4 0.4 1.4000000000000001 0.8 0 0.4 0.2 0.2 1.2000000000000002 0.2 0 0.6000000000000001 0.2 0.6000000000000001 0.6000000000000001 0 0 0.6000000000000001 1.4000000000000001 0 0.8 0 0.4 0.2 0.4 0.6000000000000001 0.2 0.2 0 0.2 0.2 0 0 0 0 0 0 0 0 0.2 0 0 0 0 0 0 0.2 0 0 0 0 0 0 0 0 0 0 0 0 0 0 0 0 0 0 0.4 0 0 0 0 0 0 0.2 0 3.2 0.6000000000000001 1.2000000000000002 0 0 0 0.2 1 0.2 0 0.4 0 3 0.6000000000000001 0.4 0.2 0 0.6000000000000001 0 0 0 0 0 0.2 0.4 0 0 1 0.2 0.4 0.2 0.2 0.6000000000000001 0.4 0.6000000000000001 0.6000000000000001 0.8 0.4 0 0.2 0 0 0 0 0 0 0 0 2 0 0 0 0 0 0 0 0 0 0 0 0 0 0 0 0 0 0 0 0 0 0 1.2000000000000002 0.2 0.4 1 0.4 0.4 0.4 0 0 0 0 0 0 0 0 0 0 0 0 0 0 0 0 0 0 0 0 0 0 0 0 0 0 0.4 0 0 
 0.2 0 0 0.2 1.4000000000000001 0 0 0 0 1.8 1.2000000000000002 0.2 0.6000000000000001 0 0 0.4 0.2 0.6000000000000001 0 0 9 11.4 14.8 10.4 8.8 4.2 0 13 9.200000000000001 4.6000000000000005 4.4 5.800000000000001 13 12 5.800000000000001 6 5.4 5 6.2 8.6 0 0.8 0 0 0 0 0 0.4 0.2 0 0 0 0.6000000000000001 0 0 0.2 0.2 0.2 0 0 0 0.4 0.2 0.4 0 0 0.8 0 0.2 0 0 0.4 0.4 0 0 0.4 0 0 0 0.8 0 0 0.4 0.4 0.2 0.4 0 0 0 0.2 0.2 0.4 1 0 0 0 0 0 0 0 0.4 1 0.6000000000000001 0.4 0.2 0 0.4 1.2000000000000002 1.8 0.6000000000000001 0.6000000000000001 0 0 2.4000000000000004 0.6000000000000001 0 0 0.2 0 0.2 0 0 0 0 0 0 0.4 0 0 0 0 0 0.2 0 0 0.2 0 0 0 0.8 0 0 0 0 0 0 0 0 0 0 0 0 0 0 0 0 0.2 0 0 0 0 0 0.2 6.4 0.8 0.6000000000000001 0 0 0 0 0 0 0 0.2 0 0 0 0 0.4 0 0.8 0.6000000000000001 0 0 0.6000000000000001 0 0.8 3.4000000000000004 0 1.6 0.2 0.2 0.2 0.8 1.8 1 0.8 0.6000000000000001 1.2000000000000002 0 0 0 0 0 0.4 0 0 0 0 0 0 0 0 0.2 0 0 0 0 0.4 0 0 0.2 0 0 0 0 0 0 0 0.4 0 0 0 0 0 0 0 0 0 0 0 0 0 0 0 0 0.4 0 0 0 0 0 0 0 1.2000000000000002 0 0.2 0.4 0 0 0 0.2 0 0 0 0 0 0 0 0 0 0 0 0 0 0 0 0 0 0 0 0 0 0 0 0 0 0 0 0 
 0 0 0 0.2 1.4000000000000001 0.2 0.4 0 0 0 1.4000000000000001 0.2 0 0 0 0 0 0.4 0.2 0 8.8 7.800000000000001 8.4 7.4 5.4 3 13 0 7.4 4.4 3.8000000000000003 5.2 13.4 12.200000000000001 7.4 5.2 6.2 4 9.600000000000001 9.600000000000001 0.2 0 0.4 0.4 0.6000000000000001 0.2 0.4 0.6000000000000001 0 0 0 0 0.4 0.4 0 0.8 0.4 0 0 0.4 0 0 0.4 0.4 0 0 0 0 0.2 0 0 0.4 1 0 0 1 0.2 0.4 0 0.4 0 0 0 0 0 0 0 0 0 0 0 0 0 0 0 0 0 0.4 0 0 0 1 0.8 2 0.6000000000000001 0 0.4 0.4 0.6000000000000001 1.4000000000000001 0.4 0.2 0 0 0.6000000000000001 0 0.4 0 0 0.8 0 0.2 0 0 0 0 0 0 0.2 0 0 0 0 0 0 0 0 0 0.6000000000000001 0.8 0 0 0 0 0 0 0 0 0 0 0 0 0 0 0 0.6000000000000001 0 0 0.4 0 0 0 0.2 0 0.8 0 0 0 0 0.2 0 0 0 0 0 0.6000000000000001 0 0.4 0.2 0 0.2 0 0.2 0.6000000000000001 0 0.4 0.2 0.4 0.2 0.2 0 1 0 0 1 2.2 0.6000000000000001 0.6000000000000001 0 1.8 0.2 0 0 0 0 0 0.2 0 0 0 0 0 0 0 0 0 0.6000000000000001 0 0 0 0.2 0.6000000000000001 0 0 0 0 0 0 0 0 0 0 0 0 0 0.8 0 0 0 0 0 0 0.4 0 0 0 0 0 0 0 0 0 0.6000000000000001 0 0.6000000000000001 0 0.2 0 0 0 0 0.2 0 0 0 0 0 0 0 0 0 0 0 0 0 0 0 0.2 0 0 0 0.2 0 0 0 0.2 0 0 0 0 
 0 0 0 0 0.4 0 0.2 0.2 0 0 0 1 0 0 0 0 0 0 0 0 6.6000000000000005 6.2 12 10.600000000000001 10.8 10.8 9.200000000000001 7.4 0 12.600000000000001 5 6.2 10.8 7.800000000000001 13.8 11.200000000000001 5.800000000000001 6 7.800000000000001 6.800000000000001 0 0.2 1.4000000000000001 0 0 0 0.2 1.6 0 0 0 0 0.2 0 0 0.2 0.8 0 0.2 0 0 0 0.2 0 0.2 0 0 0 0 0 0 0.6000000000000001 0.4 2.8000000000000003 0.4 0.4 0 0.2 0 0.4 0 0 0 0 0 0.4 0 0 0 0 0 0.4 0 0 0 0 0 0 0 0 0.8 0.8 0.6000000000000001 0.2 0.4 2 0 1.2000000000000002 1 0.4 1.2000000000000002 1 1.6 0 1.2000000000000002 0.6000000000000001 1 0.8 0.6000000000000001 0 0.2 0 0 0 0 0 0 0 0 0 0 0 0 0 0 0.4 0 0 0.6000000000000001 0.4 0.4 0 0 0 0 0 0 0.2 0 0.2 0 0 0 0 0 0 0 0.4 0 0 0 0 0 0 0.6000000000000001 0 0 0 0 0.4 0 0 0 0 0 0 0 0 0 0 0.6000000000000001 0.4 1 1.6 0.2 2 0.6000000000000001 0 0 3.2 0.8 0 0.2 0.2 0 1.4000000000000001 1.8 1.4000000000000001 0.8 0 0 0 0 0 0 0 0 0 0 0 0 0 0.2 0 0 0 0 0 0 0.2 0 0 0 0 0 0 0 0 0 0 0 0 0 0 0 0 0 0 0 0 0 0 0 0 0 0 0 0 0 0 0 0 0 0 1.6 0.2 0 1.4000000000000001 0.2 0 0.4 0.4 0.8 0 0 0 0 0 0 0 0 0 0 0 0 0 0 0 0 0 0 0.4 0 0 0 0 0 0 0 0 
 0 0 0 0 0.2 0 0 0 0 0 0.6000000000000001 0 0 0 0.2 0 0 0 0.2 0.2 4.800000000000001 6 8.4 10.200000000000001 10.8 7.4 4.6000000000000005 4.4 12.600000000000001 0 11.600000000000001 5.6000000000000005 5.6000000000000005 6.800000000000001 13.600000000000001 12.4 7.2 5.800000000000001 8.200000000000001 10 0 0 0 0 0.2 0 0 0.4 0 0 0 0 1.8 0 0 0.2 0.2 0.2 1 0 0 0 0 0 0 0 0 0 0.2 0 0 0.4 0.2 0 0 0.4 0 0 0 0.2 0 0 0 0 0 0.8 0 0 0 0 0 0 0 0 0 0 0 0 0 0 0.4 1 0.4 0 0.2 1 0 1.8 1.4000000000000001 0.2 0.2 0 0.6000000000000001 0.2 0.8 0 2.2 0.2 0.4 0.2 0 1.2000000000000002 0 0 0 0 0.4 0 0 0 0 0 0.2 0 0 0.4 0 0 0.4 1.2000000000000002 0 0 0 0 0 0.2 0 0 0 0 0 0 0 0 0 0.4 0.2 0 0.4 0.2 0 0 0 0 0 0 0 0 0.4 0 0 0 0 0 0 0 0 0 0 0 0.6000000000000001 0.4 1.6 1 0 0.6000000000000001 0.8 0 0.8 0.2 0 0.2 0.4 0 0 1.4000000000000001 1 1.6 2 0 0.6000000000000001 0 0 0.2 0 0 0.2 0 0 0 0 0 0 0 0 0 0 0 0 0.2 0 0 0 0 0 0 0.2 0 0 0 0 0 0 0 0 0 0 0 0 0 0 0 0 0 0 0 0 0 0 0 0 0 0 0 1.8 0 0.2 1.4000000000000001 0.2 0 0 0.2 0 0 0 0 0 0 0 0 0 0 0 0 0 0 0 0 0 0 0 0 0 0 0 0 0 0 0 0 
 0.8 0.4 0.4 0.4 0.6000000000000001 0.4 0.4 0.4 0.6000000000000001 0.4 0.4 0.4 0.4 0.4 0.4 0.4 0.4 0.4 0.6000000000000001 0.6000000000000001 8 7 6.4 6.4 10.600000000000001 5.4 4.4 3.8000000000000003 5 11.600000000000001 0 7.2 6 6.6000000000000005 11.8 12.200000000000001 7.800000000000001 4.6000000000000005 4.2 7 0 0.2 0 0 0.6000000000000001 0 0 0.4 0 0 0 0 0.2 0.2 0 0.6000000000000001 0.2 0 0.2 0.2 0.2 0 0.2 0 0 0 0 0 0 0 0 0.8 0.4 0.8 0.4 0.4 0 0 0 0.4 0 0 0 0 0 0.4 0 0 0 0 0 0 0 0 0 0.4 0 0 0.2 0 0.6000000000000001 0.2 0.2 1 0.4 0.6000000000000001 0.2 0.4 0.2 0.2 0.6000000000000001 0 0.4 0.8 0.4 0.6000000000000001 0.6000000000000001 0.4 0 0 0.2 0.2 0 0 0 0 0.6000000000000001 0 0 0 0 0 0.2 0.2 0 0 0 0 0.4 0.6000000000000001 0.2 0 0 0 0 0 0 0 0 0.2 0 0.2 0 0 0 0.2 0 0.4 0 0 0 0 0 0 0.4 0 0 0 0.6000000000000001 0 0 0 0 0 0 0 0 0 0 0 0.2 0.4 0.2 0.4 0 0.4 0 0.6000000000000001 0.2 0 0.2 0.2 0.4 0 0 0.2 0.4 0.4 0 0 0 0 0 0 0 0 0 0 0.2 0 0 0 0.4 0.4 0 0 0 0 0 0.4 0 0 0 0 0 0 0 0 0 0 0 0 0 0 0 0 0 0 0 0 0 0 0 0 0 0 0 0 0 0 0 0.2 0 0 2.4000000000000004 0 0 0 0.4 0.4 0.4 0 0 0 0 0 0 0 0 0 0 0.2 0 0 0 0 0 0 0 0 0 0.4 0 0 0 0 0 0 0 0 
 0.4 0.2 0.2 0 0.2 0 0.6000000000000001 0 0 0 0 0.4 0 0 0.2 0.6000000000000001 0 0.4 0 1.2000000000000002 5.6000000000000005 4.2 6.4 6.800000000000001 8.4 7.800000000000001 5.800000000000001 5.2 6.2 5.6000000000000005 7.2 0 4 4.2 4.4 4.2 7 11.8 2.2 5.4 0.2 0 0 0.2 0 0 1 0.6000000000000001 0 0 0 0 0.4 0 0 0.4 0.2 0 1.6 0 0 0 0.6000000000000001 0 0 0 0 0.6000000000000001 0.2 0 0 0.2 0.4 0 0 0.4 0 0 0 0.4 0 0 0 0 0 0 0 0 0 0 0 0 0 0 0 0 0 0 0 0 0.4 0.8 0.4 0.6000000000000001 0.8 0 0 0.8 1 0 0.4 0.6000000000000001 0 0 0.8 0.2 1 0.8 0.4 0 0.2 0 0.4 0 0 0 0.4 0 0 0.2 0 0 1 0.2 0.6000000000000001 0.4 0 0 0.2 0 0 0 0 0 0 0.2 0 0 0.4 0 0 0 0 0 0 0 0.2 0 0 0 0 0 0 0 0 0 0 0 0 0 0.2 0 0 0 0 0 0 0 0 0 1.2000000000000002 0.2 2.2 0 2.6 0.2 0.8 1.4000000000000001 0.2 2.2 1.2000000000000002 0.8 0 0 0 0 0.4 2 1.8 0 0.4 0 0 0.2 0 0 0 0.2 0 0 0 0 0.4 0.4 0 0 0 0 0.6000000000000001 0.4 0 0 0 0 0.6000000000000001 0 0 0.2 0 0 0 0 0 0 0 0 0 0 0 0 0 0 0 0 0 0 0 0 0 0 0 0 0.2 0 1.2000000000000002 0 0.4 2 0.2 0.4 0.4 0.2 0 0 0 0 0 0 0 0 0 0 0 0 0 0 0 0 0 0 0 0.4 0 0 0 0 0 0 0 0 
 0.4 0 0 0.6000000000000001 0.4 0 0 0.2 0 0.2 1.4000000000000001 1.6 0 0 0 0.2 0 0.4 0.2 0 10.8 8.6 8.4 8.4 8 4.4 13 13.4 10.8 5.6000000000000005 6 4 0 10.4 4.2 7.4 3.6 3 15.600000000000001 10.8 0 0 0 0 0.4 0 0 0.2 0 0 0 0 0.2 0 0.8 0.2 0.2 0 0 0 0 0 0.4 0 0 0 0 0 0.2 0.4 0 0.8 0.2 0 0 0.4 0 0 0 0.2 0 0 0 0 0.2 0.8 0 0 0 0 0 1 0 0 0 0 0 0.2 0 0 0.2 0.4 1.8 0.2 1 0 0.4 0.4 0.4 0.6000000000000001 0.2 0.2 1.2000000000000002 1.4000000000000001 1 1.4000000000000001 0 0.4 0.4 0.4 0 0 0 0 0 0 0 0 0 0 0 0 0 0 0 0 0 0 0.4 0.2 0.2 0 0 0 0 0 0 0 0 0.4 0 0 0 0 0 0 0 0.2 0 0 0 0 0 0 0.4 0 0 0 0 0.4 0 0 0.4 0 0 0 0 0 0 0 0.6000000000000001 0.4 1.2000000000000002 0 0 0 0.4 0.4 0.8 0 0 0.4 0.2 0.4 0.6000000000000001 0.6000000000000001 0.4 0 0 0.8 0 0 0 0 0 0 0 0 0 0 0 0 0 0 0 0.4 0 0 0 0 0 0 0 0 0 0 0 0 0 0 0 0 0 0 0 0 0 0 0 0 0 0 0 0 0 0 0 0 0 0 0 0 0.4 0 1.2000000000000002 0 0.6000000000000001 0 0 0.2 0.4 0.2 0 0 0 0 0 0 0 0 0 0 0 0 0 0 0 0 0 0 0 0.6000000000000001 0 0 0 0.4 0 0 0 0 
 0.2 0 0 0 0.8 0.6000000000000001 0 0.2 0.2 0 0.2 0.2 0 0 0.2 0 0 0.2 0.2 0.6000000000000001 9.200000000000001 10.200000000000001 6.6000000000000005 7.2 7 7 12 12.200000000000001 7.800000000000001 6.800000000000001 6.6000000000000005 4.2 10.4 0 10.200000000000001 5.4 5.800000000000001 5.800000000000001 13 12.200000000000001 0 0 0 0.4 0 0.2 0 0.2 0.2 0 0 0 0.2 0.2 0 0.2 0.2 0.2 0 0 0.2 0 0.6000000000000001 0 0 0 0 0 0.2 0 0 0.4 0.4 0 0 0.4 0 0 0 1.2000000000000002 0 0 0 0 0 0 0 0 0 0 0 0.4 0 0 0 0 0 0 0 0 1.4000000000000001 0 0.2 0.4 0.4 0.2 0.6000000000000001 0.6000000000000001 0.6000000000000001 0.2 0.4 0 0 0.4 0.2 0.2 0.8 0.6000000000000001 0 1 0 0 0 0 0 0 0 0 0 0 0 0 0.6000000000000001 0 0 0 0 0 0.2 0.8 0.4 0 0 0 0 0.2 0 0 0 0 0 0 0 0 0 0.4 0.2 0 0 0 0 0 0.2 0.6000000000000001 0.4 0 0 0 0.2 0 0.2 0.2 0 0 0.6000000000000001 0 0 0 0 0 0.6000000000000001 0.6000000000000001 1.2000000000000002 0.2 1.2000000000000002 0.6000000000000001 0 1.4000000000000001 0 0.6000000000000001 0 1.2000000000000002 0 0.4 0.8 0 1 0.4 0 0.2 0 0 0.2 0.2 0 0 0.2 0 0 0 0 0 0 0.4 0 0 0 0 0.2 0 0 0 0.2 0 0.6000000000000001 0 0 0.2 0 0 0 0 0 0 0 0 0 0 0 0 0 0 0 0 0 0 0.8 0 0 0 0 0 0.4 0 0.4 0 0.2 0 0 0.4 0 0.2 0 0 0 0 0 0 0 0 0.2 0 0 0 0 0 0 0 0 0 0 0 0 0 0 0 0 0 0 0 
 0 0 0 0.2 0 0.4 0.2 0 0 0.2 0 0 0 0.4 0 0.2 0 0 0 0.4 5.2 8.200000000000001 7 8.4 13 9 5.800000000000001 7.4 13.8 13.600000000000001 11.8 4.4 4.2 10.200000000000001 0 10.200000000000001 7.6000000000000005 5.4 6.800000000000001 12.600000000000001 0 0 0.2 0.4 0.4 0 0 0.2 0.2 0.4 0.4 0 0.4 0 0 0.2 0.4 0 0 0.2 0.6000000000000001 0 0 0.2 0 0 0 0 0.4 0.2 0.6000000000000001 0.8 0.4 0.2 0.6000000000000001 0.4 0.4 0 0 0.4 0 0 0 0 0 0.4 0 0 0 0 0 0.2 0 0 0 0 0 0 0 0 0.4 0.2 0 0 0.2 0.8 0.2 0.2 0.6000000000000001 0.2 0.2 0.6000000000000001 0.4 0 0.4 0.6000000000000001 1.4000000000000001 0.8 0 0 0 0 0 0 0 0 0.2 0.2 0 0 0 0 0.4 0 0 0 0 0 0.6000000000000001 0.6000000000000001 0 0 0 0 0 0 0 0 0 0 0 0 0 0 0 0.8 0 0 0.2 0 0 0 0 0 0 0 0 0 0.6000000000000001 0 0 0 0 0 0 0.2 0 0 0 0 0 0.6000000000000001 0.2 0.4 1.2000000000000002 1 0 0.2 0.4 0.4 0.4 0.4 0.4 0 0 1.4000000000000001 0.6000000000000001 1.4000000000000001 0 0 0.8 0 0 0 0.2 0 0.2 0 0 0 0 0 0 0.4 0 0 0 0 0.2 0 0 0 0 0 0 0.6000000000000001 0 0 0 0 0.2 0 0 0 0 0 0 0 0 0 0 0 0 0 0 0.2 0 0 0 0 0 0 0 0.2 1.4000000000000001 0 0 0 0 0 0.4 0.6000000000000001 0.2 0 0 0 0 0 0 0 0.2 0 0 0 0 0 0 0 0 0 0 0.2 0 0 0 0 0 0 0 0 
 0.2 0.2 0.4 0.2 0.2 0.2 0.2 0.4 0.2 0.4 0.2 0.2 0.2 0.4 0.4 0.2 0.2 0.2 0.2 0.2 4.800000000000001 6.6000000000000005 6.4 6.800000000000001 7.2 7.6000000000000005 6 5.2 11.200000000000001 12.4 12.200000000000001 4.2 7.4 5.4 10.200000000000001 0 9 6.4 6.6000000000000005 6.800000000000001 0 0 0 0 0.2 0 0 0.8 0 0 0 0.2 0.2 0 0 0.2 0.2 0 0.8 0 0 0 0.2 0 0 0 0 0 0.2 0 0 0.6000000000000001 0.4 0.4 0.2 0.4 0.6000000000000001 0 0 0.4 0 0 0 0 0 0.8 0 0 0 0.6000000000000001 0 0 0 0 0 0 0 0 0 0 0.4 0.8 0.2 0.6000000000000001 0.8 0.4 0.4 0.8 0.6000000000000001 0 0.8 0 0.4 0.2 0.6000000000000001 0 1.2000000000000002 0.2 0.4 0 0.2 1 0 0 0 0 0 0 0 0 0 0 0 0 0 0.2 0 0 0 0.2 0.4 0 0 0 0 0 0 0 0 0.6000000000000001 0 0 0.2 0 0 0 0 0 0.2 0 0 0.2 0 0 0.6000000000000001 0 0 0 0.4 0 0 0 0 0 0 0 0 0 0 0 0.6000000000000001 0.8 0.8 1.6 0.2 0.2 0.8 0 0.6000000000000001 0.2 0 0 0.2 0 0 0.6000000000000001 0.2 0.8 0.2 0 0 0 0 0 0 0 0 0 0 0 0.2 0 0.4 0 0 0 0 0 0.2 0.2 0 0 0 0 0 0 0 0 0 0.2 0 0 0 0 0 0 0 0 0 0 0 0 0 0 0 0 0 0 0 0 0 0 0 0 0.8 0.2 0 0.6000000000000001 0.2 0 0.4 0.4 0 0 0 0 0 0 0 0 0 0 0 0 0 0 0 0 0 0 0 0.4 0 0 0 0 0 0 0 0 
 0.2 0 0 0 1.6 0 0.2 0.4 0 0.2 0 0 0 0 0 0 0 0.2 0 0 6.800000000000001 3.6 4.800000000000001 6.4 5.4 7.800000000000001 5.4 6.2 5.800000000000001 7.2 7.800000000000001 7 3.6 5.800000000000001 7.6000000000000005 9 0 4.800000000000001 4.4 4.2 0 0 0 0 0 0 0.2 0.4 0 0 0 0 0.4 0.2 0.2 0.2 0.2 0 0.4 0.2 0 0 0.2 0.2 0 0.2 0 0 0 0 0 0.4 0.4 0.4 0.2 0.4 0 0.2 0 0.4 0 0 0 0 0 0.4 0.2 0 0 0 0 0 0 0 0 0 0 0 0 0.6000000000000001 0.4 1.4000000000000001 0.2 0.2 0.2 0.2 0.4 0.4 1.6 0.6000000000000001 0.2 0 0.4 1.2000000000000002 0.2 0 0.4 0 0.4 0.4 0 0 0 0 0 0 0 0 0 0 0 0 0 0 0 0 0 0 0 0.4 0 0 0 0 0 0 0 0 0 0 0 0 0 0 0 0.2 0 0 0.4 0 0 0 0.2 0.2 0 0 0 0 0 0 0 0 0.2 0 0 0 0 0 0.6000000000000001 0 0.8 1 1 0.6000000000000001 0.2 0.2 0.2 0.2 0.4 0 0 0.2 0.4 0.6000000000000001 1 2.4000000000000004 0.8 0.6000000000000001 0.6000000000000001 0.6000000000000001 1 0.8 0 0 0 0 0.4 0 0 0 0 0 0 0 0 0 0 0 0 0 0 0 0 0 0 0 0 0 0 0 0 0 0 0 0 0 0 0 0 0 0 0 0.2 0 0 0 0 0 0 0 0 0.2 0 0 0.8 0 0 1.6 0 0.4 0 0 0 0 0 0 0 0 0 0 0 0 0 0 0 0 0 0 0 0 0 0 0 0 0 0 0 0 0 0 
