 0 305 61 52 42 107 471 437 138 30 36 33 67 132 409 36 43 26 36 227 0 81 0 6 4 4 7 0 2 0 2 0 0 6 2 2 2 0 2 0 0 6 4 2 3 0 0 0 6 0 4 0 14 0 0 0 63 0 0 0 2 2 7 0 0 3 4 0 0 0 2 6 3 0 0 3 4 2 0 0 40 55 17 12 0 11 10 25 3 8 0 0 14 11 19 27 14 10 2 33 0 0 5 0 0 0 0 0 0 0 0 0 0 0 0 0 0 0 0 0 2 7 0 0 0 0 0 0 0 0 0 0 0 0 0 0 0 0 0 0 0 0 0 0 0 0 1 0 1 0 0 0 0 0 0 0 0 0 0 0 21 17 24 0 0 0 1 31 16 1 2 0 34 37 28 20 4 0 0 4 0 0 0 0 0 0 0 0 0 0 0 0 0 38 0 0 0 0 0 0 0 0 0 0 0 1 0 0 0 0 0 0 0 0 1 0 0 0 0 2 0 0 0 0 0 0 0 17 0 0 0 0 0 0 0 0 1 0 0 20 0 0 0 0 0 2 0 0 0 0 0 8 0 0 0 0 0 0 0 0 0 0 0 0 1 0 0 0 0 0 0 0 0 0 0 0 0 0 0 0 12 0 0 0 0 0 0 0 0 0 
 305 0 480 108 57 24 76 471 619 40 85 47 40 78 393 225 212 43 65 43 0 0 0 0 0 0 3 0 1 2 2 0 0 0 0 0 2 0 2 0 0 0 4 0 2 0 0 0 2 0 0 3 3 0 2 0 0 0 64 0 2 0 0 0 0 3 0 0 0 0 0 0 53 0 0 3 0 0 0 0 1 10 45 20 0 0 0 22 38 67 26 22 0 0 5 13 29 23 0 0 0 0 0 0 0 0 0 0 0 0 0 0 0 0 0 0 0 0 0 0 0 0 0 0 18 0 2 0 13 0 0 0 0 2 0 0 0 17 0 0 0 0 0 0 1 0 0 14 0 0 0 0 0 0 0 0 0 0 0 0 1 33 33 0 0 0 0 0 16 9 9 0 5 1 11 16 21 45 2 0 2 0 0 0 0 0 1 0 0 0 0 0 0 4 2 0 0 0 0 0 0 0 0 0 0 0 0 1 1 0 0 0 0 0 0 0 1 0 2 0 0 1 2 0 0 0 0 0 0 0 0 0 0 0 0 0 0 0 0 0 0 0 0 0 0 0 0 0 0 0 0 9 13 0 0 0 0 0 0 0 0 0 0 0 0 0 0 0 0 0 0 0 0 0 0 8 0 0 0 0 0 0 0 0 0 0 0 0 0 0 
 61 480 0 112 45 28 74 117 225 462 64 53 46 387 61 768 276 405 30 36 0 0 0 0 0 1 3 1 0 0 2 0 0 0 2 0 3 0 2 0 0 0 3 0 3 0 0 0 65 0 0 0 3 0 0 0 76 0 0 0 57 0 0 0 0 3 0 0 0 0 0 0 3 0 0 3 0 1 0 0 14 0 39 40 0 0 0 1 55 66 52 27 0 0 11 42 24 20 0 0 11 0 0 0 0 16 0 0 0 1 0 0 0 0 0 0 0 0 0 0 0 1 0 0 0 0 0 0 0 0 0 0 0 0 0 0 0 0 0 0 11 15 0 0 0 0 0 1 0 0 0 0 0 0 0 0 0 0 0 0 0 10 9 10 0 0 1 0 34 4 6 0 1 0 11 13 44 33 0 2 0 0 0 0 0 0 0 0 0 0 0 1 0 6 0 0 0 0 0 0 39 0 0 0 1 0 0 0 0 0 0 0 0 0 0 0 0 0 11 0 0 0 0 1 9 0 0 2 0 1 0 0 0 0 0 0 0 0 0 0 0 0 0 0 0 0 5 0 3 8 0 5 10 12 0 0 0 0 0 0 0 0 0 0 0 0 0 0 0 0 0 0 0 2 0 16 11 1 0 0 0 0 0 0 0 0 0 0 0 0 
 52 108 112 0 119 257 69 270 89 511 285 407 42 95 57 53 246 598 62 76 0 0 1 2 0 0 3 13 77 1 2 5 0 0 2 2 2 0 2 0 0 0 2 33 2 0 0 74 2 0 0 0 3 0 0 0 0 0 2 0 2 0 0 0 0 3 0 0 0 0 0 0 3 2 1 3 0 0 0 0 0 0 0 66 84 47 0 0 0 0 10 17 0 0 0 38 14 13 1 0 0 0 0 0 0 0 0 0 0 0 0 0 49 0 0 0 0 0 39 0 0 0 0 0 0 0 0 0 0 0 0 0 0 0 1 0 0 0 0 0 8 0 0 0 2 0 1 0 0 0 0 0 0 0 0 0 0 0 2 0 0 0 2 44 10 25 10 0 0 27 17 40 0 0 0 0 30 27 0 21 0 1 0 0 0 0 0 0 6 0 0 0 20 0 0 0 0 0 0 0 0 0 0 0 0 0 0 0 0 0 0 0 0 0 1 19 0 60 0 0 0 0 0 0 0 0 2 0 0 0 1 0 0 0 0 0 1 0 0 0 0 16 0 0 0 0 17 0 0 51 0 12 0 0 0 0 0 0 0 0 0 0 10 0 0 0 0 0 0 0 0 0 0 0 0 30 27 9 0 0 0 0 0 0 0 0 0 0 0 0 
 42 57 45 119 0 421 38 95 46 79 91 382 52 89 87 305 54 42 300 90 0 0 0 0 0 71 4 0 0 1 3 0 0 1 2 0 26 0 3 0 0 0 2 63 4 0 0 0 2 0 0 0 3 0 0 62 0 0 0 0 2 0 0 0 0 3 0 0 46 0 0 0 3 0 14 3 0 0 0 0 0 0 0 2 74 37 0 0 0 0 0 14 0 0 0 1 0 0 12 0 0 0 0 0 0 0 24 0 0 1 0 0 24 0 1 1 0 0 35 0 0 0 0 0 0 0 0 0 0 0 0 0 2 0 0 0 1 0 0 0 1 2 0 0 0 0 0 0 0 0 0 0 0 0 0 1 0 0 0 0 0 0 0 3 30 19 4 0 2 0 10 13 0 0 0 0 9 0 0 0 0 0 0 0 0 0 4 0 0 0 2 0 56 11 1 0 0 0 21 22 0 0 0 0 0 0 0 0 0 0 2 0 0 0 0 0 0 0 0 0 0 0 0 0 2 2 0 0 0 0 0 0 0 0 0 0 0 1 0 0 0 0 0 0 0 2 5 0 5 2 2 0 0 0 0 0 0 0 0 0 0 0 0 0 0 0 0 0 0 1 0 0 0 0 0 0 0 40 0 0 0 0 0 0 0 0 0 0 0 0 
 107 24 28 257 421 0 237 37 122 61 64 53 46 276 62 71 77 287 31 344 0 0 0 0 0 0 3 0 0 0 2 0 1 0 0 211 2 0 319 0 0 0 4 1 10 1 0 0 2 0 0 0 2 0 0 0 0 0 0 0 2 0 0 0 0 3 0 0 0 0 0 0 2 0 1 3 0 0 0 0 0 0 0 0 8 69 0 0 0 0 0 0 0 0 0 0 0 0 0 0 11 1 0 0 0 0 18 15 0 0 0 0 21 56 0 1 0 0 17 52 0 0 0 0 0 0 0 0 0 0 0 0 0 0 0 0 0 0 0 0 0 0 0 1 0 0 0 0 0 4 9 0 0 0 0 0 0 0 0 0 0 0 0 0 63 10 0 12 0 10 0 0 0 0 0 0 0 0 0 0 0 7 0 0 0 0 52 2 0 0 0 0 35 29 11 1 0 0 42 60 0 0 0 0 0 9 0 0 0 0 0 0 0 0 0 0 0 0 0 0 0 0 0 0 0 0 0 0 0 0 0 0 0 0 0 0 0 0 0 0 0 0 0 0 0 5 0 2 1 0 0 10 0 0 0 0 0 0 0 0 0 0 0 0 0 0 0 0 0 0 0 0 0 0 0 0 0 0 0 0 0 0 0 0 0 0 0 0 0 0 
 471 76 74 69 38 237 0 69 49 24 30 241 457 425 52 36 119 37 92 788 3 7 4 3 0 3 3 0 2 0 3 2 3 0 0 2 5 2 4 0 0 3 5 0 5 0 0 0 4 0 3 6 3 0 0 3 3 3 2 3 2 0 3 0 3 5 0 0 2 0 0 0 3 0 2 5 5 6 0 0 32 31 0 1 0 0 45 50 0 0 0 20 11 16 27 0 0 0 0 39 0 0 0 22 0 0 0 0 0 0 0 0 0 0 0 0 0 0 0 0 0 0 0 0 0 0 0 0 0 0 0 13 0 0 9 0 0 0 0 0 0 0 0 0 0 0 0 0 1 0 0 0 0 0 1 3 0 0 0 0 67 11 0 0 0 0 15 37 15 1 1 0 17 35 22 0 0 0 1 13 1 0 0 0 0 0 0 0 0 0 0 0 0 0 0 0 0 0 0 0 0 0 0 1 0 0 0 0 0 0 0 0 0 2 0 0 0 0 0 5 0 0 0 0 0 0 0 0 0 0 0 2 0 0 0 0 0 0 0 0 0 0 0 0 0 2 0 2 0 1 0 4 0 0 0 0 0 0 0 0 0 0 0 0 0 0 0 0 0 0 0 0 0 0 0 0 0 0 0 0 0 0 0 0 0 0 0 0 0 0 
 437 471 117 270 95 37 69 0 79 47 43 42 67 499 416 241 39 52 281 40 0 0 0 1 0 1 3 0 2 0 2 0 0 0 10 0 2 0 4 0 0 0 2 0 3 58 0 0 2 0 0 0 3 0 0 0 0 0 0 0 3 0 0 0 0 3 0 0 0 0 0 0 3 0 0 3 0 1 0 0 3 2 69 29 0 0 13 9 43 47 22 11 1 0 27 15 31 12 0 6 0 0 0 0 1 0 0 0 0 0 0 0 0 0 0 0 0 0 0 0 0 0 0 0 0 0 0 0 0 0 0 14 0 0 0 0 0 0 0 0 0 0 0 0 0 0 0 0 2 0 0 0 0 2 0 0 0 0 0 0 0 39 43 0 0 0 0 11 96 0 1 0 6 13 10 25 34 0 0 13 0 0 0 0 0 0 0 0 0 0 0 0 0 9 0 0 0 0 0 19 0 0 0 2 0 0 0 0 0 0 0 0 0 0 0 0 0 0 0 0 0 0 0 0 0 0 0 0 0 0 0 1 0 0 0 0 8 0 0 0 0 0 0 0 0 1 0 1 0 2 0 4 0 0 3 0 0 0 0 0 71 0 0 0 0 0 0 0 0 0 0 0 0 0 0 16 0 0 0 0 0 0 0 0 0 0 0 0 0 0 
 138 619 225 89 46 122 49 79 0 457 277 59 62 112 350 293 696 440 76 346 0 0 0 0 0 1 3 1 0 0 2 0 0 0 0 1 2 0 4 2 0 0 2 0 3 0 0 0 2 0 0 0 3 0 0 0 0 0 0 0 3 0 0 0 0 6 0 0 0 0 0 0 3 0 54 3 0 0 0 0 0 0 45 35 0 0 0 0 77 28 53 11 0 0 15 39 27 21 0 0 0 0 0 0 0 0 0 0 0 0 0 0 0 0 0 0 0 0 0 0 37 2 0 0 0 0 0 0 0 0 0 0 0 0 0 0 0 0 0 0 7 0 0 0 0 0 0 2 0 1 0 0 0 0 0 32 0 0 0 0 0 12 18 11 9 0 1 0 22 11 8 0 1 0 12 13 50 26 0 0 0 0 0 0 0 0 0 0 0 0 0 1 0 2 0 0 0 0 0 0 2 0 0 0 2 0 0 0 0 0 0 0 2 0 0 0 0 0 0 19 0 0 0 2 0 0 0 1 0 1 0 0 0 0 0 1 0 0 0 0 0 0 0 0 0 0 2 2 1 2 0 5 10 0 0 0 0 0 0 0 0 0 0 0 0 0 0 0 0 0 0 0 0 0 0 7 10 0 0 0 0 0 0 0 0 0 0 0 0 0 
 30 40 462 511 79 61 24 47 457 0 523 62 256 81 184 564 352 103 75 91 0 2 0 0 3 0 5 0 0 1 2 0 0 0 0 1 2 31 2 207 0 0 4 0 3 0 0 0 2 0 0 0 3 0 0 0 0 0 0 0 3 0 0 0 0 3 0 0 0 0 0 0 3 0 0 3 0 0 0 0 0 0 0 39 0 11 0 0 10 0 16 23 62 0 0 20 68 19 0 0 0 0 0 0 2 0 0 0 0 0 0 0 0 0 34 0 0 0 0 0 1 0 0 0 0 0 0 0 0 0 0 0 0 0 0 0 0 0 0 0 32 0 0 0 0 0 2 0 2 0 0 0 0 0 0 0 0 0 0 0 0 15 0 35 0 7 0 0 0 37 7 18 0 0 0 0 9 36 0 1 0 0 0 0 0 0 0 0 0 0 10 0 2 0 0 0 0 0 0 0 0 0 0 1 6 0 0 0 0 0 0 0 0 1 0 0 0 0 0 1 0 0 2 0 0 0 0 0 0 0 0 0 0 0 0 0 2 0 0 0 0 13 0 0 0 91 180 0 3 175 1 18 15 0 0 0 0 0 0 0 0 0 13 0 0 0 0 0 0 0 0 0 0 0 0 36 5 0 0 0 0 0 0 0 0 0 0 0 0 0 
 36 85 64 285 91 64 30 43 277 523 0 403 33 60 269 114 528 403 56 66 0 0 3 0 0 1 5 0 0 0 75 0 0 0 0 0 2 0 2 2 62 0 2 0 3 4 0 0 2 0 0 0 3 0 0 0 0 0 0 0 3 0 0 4 0 3 0 0 0 49 0 0 4 0 3 31 0 0 0 0 0 0 0 38 45 35 0 21 0 2 10 35 0 0 0 32 19 25 0 0 0 0 0 0 0 0 0 0 0 0 0 0 26 0 0 0 0 0 30 0 0 0 0 0 0 0 0 0 0 0 0 0 0 0 0 0 0 0 0 0 6 0 28 9 0 0 0 0 0 0 0 0 0 0 2 0 0 0 12 0 0 0 0 30 10 25 2 0 0 24 10 39 0 1 0 0 43 27 0 0 2 0 0 0 0 0 0 0 0 0 0 0 16 0 0 0 0 0 0 0 0 0 0 8 0 0 0 0 1 0 0 0 0 2 0 0 1 0 0 0 0 0 0 0 0 0 0 0 0 0 0 4 0 0 0 0 0 0 0 0 0 8 0 0 0 0 101 0 2 75 2 19 0 3 0 0 0 0 2 0 0 0 10 0 0 0 0 0 0 0 0 0 0 0 0 17 11 10 0 0 0 0 1 0 0 0 0 0 0 0 
 33 47 53 407 382 53 241 42 59 62 403 0 46 336 28 57 103 83 256 252 0 0 2 0 0 55 3 2 0 0 2 3 0 0 0 0 2 0 3 0 0 0 4 0 3 0 0 0 2 0 0 0 3 0 0 0 0 0 0 0 2 25 0 0 0 6 0 0 0 0 0 0 3 0 5 3 0 0 0 0 0 0 0 12 32 43 0 0 0 0 6 21 0 0 0 1 10 0 0 0 0 0 0 6 19 0 0 0 0 0 0 0 13 0 0 0 0 0 41 0 1 0 0 0 0 0 0 0 0 0 0 0 0 0 0 0 0 0 0 0 0 0 8 0 0 0 2 0 2 0 0 0 0 0 0 0 0 0 0 0 0 0 0 29 28 28 6 0 0 34 12 28 0 0 0 0 5 10 2 0 0 0 0 0 0 0 0 0 0 0 0 15 23 0 0 0 0 0 7 22 14 0 35 2 0 0 0 0 0 0 0 0 0 1 0 12 0 0 0 1 0 0 2 0 0 0 0 0 0 0 0 0 0 0 0 0 2 0 0 0 0 18 0 0 0 4 173 0 0 175 0 8 0 0 0 0 0 0 0 1 0 0 14 0 0 0 0 0 0 0 0 0 0 0 0 17 0 11 0 0 0 0 0 0 0 0 0 0 0 0 
 67 40 46 42 52 46 457 67 62 256 33 46 0 76 95 41 49 47 455 201 0 0 0 0 0 0 3 0 1 117 2 0 0 0 2 0 3 0 2 0 0 0 4 0 3 0 0 0 2 0 0 0 3 0 0 1 0 0 0 0 2 0 8 0 0 3 0 0 0 0 0 0 3 0 0 7 0 0 0 0 61 22 0 1 0 0 43 30 0 0 0 0 32 44 18 0 0 0 0 32 0 0 0 0 0 0 1 0 0 0 0 0 0 0 0 0 0 0 2 0 0 0 20 0 0 0 0 2 0 0 0 0 1 0 0 0 0 0 0 0 0 0 0 0 0 0 0 0 0 2 0 0 1 0 1 19 0 0 0 0 67 0 2 0 0 0 20 24 1 0 0 0 24 24 30 1 1 0 26 16 0 0 0 0 0 0 1 0 0 0 0 0 2 0 0 0 0 20 0 0 0 0 0 0 0 0 0 0 0 2 0 0 0 0 0 0 13 0 0 0 0 0 0 0 0 0 0 0 0 0 0 0 0 0 2 0 0 0 0 1 0 0 0 0 0 2 0 0 0 2 0 9 0 0 0 0 0 0 0 0 0 0 0 0 0 0 0 0 0 0 0 0 0 0 0 0 0 0 0 0 0 0 0 0 0 2 0 0 0 2 
 132 78 387 95 89 276 425 499 112 81 60 336 76 0 681 51 31 54 76 210 1 0 0 2 0 0 3 3 0 0 2 2 0 0 0 0 2 3 4 0 0 2 4 1 2 0 0 33 2 0 0 0 29 0 0 0 0 0 1 0 5 2 0 0 0 3 0 1 51 4 0 2 2 0 0 3 0 0 0 4 43 48 23 26 0 0 9 39 5 46 0 2 15 12 51 13 20 10 0 34 0 0 0 0 1 0 0 20 12 0 0 0 0 0 0 0 0 0 0 0 0 0 0 0 0 0 0 0 0 0 0 0 0 0 0 0 0 0 0 0 0 0 0 0 0 0 0 1 1 0 0 1 0 0 0 1 0 0 0 0 27 21 31 0 0 0 9 16 16 0 2 0 51 86 27 24 4 0 1 3 0 0 0 0 0 0 0 0 0 0 0 7 0 0 0 0 0 3 0 0 8 0 13 0 0 0 0 0 0 0 0 0 0 2 0 0 0 0 0 0 14 0 0 0 0 0 0 0 0 0 0 2 0 0 0 0 0 0 0 0 0 0 0 0 0 0 2 1 0 0 0 0 0 0 0 1 0 1 0 0 0 0 0 0 0 0 0 0 0 0 0 0 0 14 0 0 0 0 0 0 0 0 0 0 0 0 0 0 0 0 
 409 393 61 57 87 62 52 416 350 184 269 28 95 681 0 271 265 40 74 111 0 0 0 0 0 0 3 0 0 2 2 0 0 2 0 204 2 2 2 0 0 0 2 0 3 0 0 0 2 0 0 0 3 0 0 0 0 31 0 0 2 0 0 0 0 3 0 0 0 0 0 0 3 0 0 3 0 0 0 0 0 38 91 13 0 0 13 8 54 38 30 10 1 28 53 15 30 7 0 1 0 0 0 0 0 0 0 0 0 0 0 0 0 0 0 0 0 1 0 6 0 0 0 0 2 0 0 0 0 0 1 0 0 0 0 0 0 0 1 0 0 0 0 0 0 0 0 0 0 0 2 2 0 0 0 0 0 0 0 1 0 22 30 0 0 0 1 12 49 1 0 0 7 16 19 22 41 0 0 12 0 0 0 2 0 1 0 0 0 0 0 0 0 4 0 1 0 0 0 0 0 0 0 0 0 0 0 0 0 0 0 0 0 0 50 0 0 0 0 0 0 0 0 0 0 0 0 0 0 0 0 0 0 1 0 0 0 0 0 0 0 0 0 0 0 0 0 2 1 0 0 20 3 0 0 0 0 0 0 0 0 0 0 0 0 0 0 0 0 0 0 0 0 0 0 13 0 0 0 0 0 0 0 0 0 0 0 0 0 0 
 36 225 768 53 305 71 36 241 293 564 114 57 41 51 271 0 489 235 132 307 0 2 0 3 0 58 5 0 0 0 2 0 0 4 0 0 2 1 2 0 0 5 4 0 1 3 1 1 9 5 0 0 4 1 0 1 3 0 0 9 2 0 9 0 0 3 5 0 0 0 0 2 2 0 0 4 2 0 0 0 0 13 51 49 0 1 0 10 46 24 32 50 0 0 7 43 14 16 1 0 0 0 0 0 0 0 0 0 0 0 0 0 0 0 0 0 0 0 0 0 0 0 0 0 0 0 0 0 0 0 0 0 0 0 0 14 0 0 0 0 41 0 0 0 2 0 1 0 0 0 0 0 0 0 0 0 0 12 2 0 0 14 11 7 1 0 0 0 15 13 8 1 7 0 11 10 26 24 0 0 0 0 0 0 0 0 0 0 0 0 0 0 0 2 0 0 8 0 0 0 0 16 0 0 0 1 0 0 0 0 0 0 15 0 1 0 0 0 0 0 0 0 0 0 0 14 2 0 0 0 1 0 0 0 0 0 0 0 0 0 0 0 0 0 0 1 6 0 0 1 2 13 18 0 0 0 0 0 0 0 1 0 0 0 0 0 1 0 0 0 0 0 0 0 0 9 0 0 0 0 0 0 0 0 0 0 0 0 0 0 
 43 212 276 246 54 77 119 39 696 352 528 103 49 31 265 489 0 321 35 38 9 0 1 2 0 0 3 1 0 0 2 5 0 0 0 0 2 0 2 4 0 0 6 0 3 1 0 0 2 0 0 0 3 0 0 0 0 0 0 0 2 0 0 0 0 3 0 0 0 0 0 0 3 0 15 3 0 0 0 2 0 0 44 28 0 10 0 0 53 13 12 30 0 0 1 27 46 31 49 0 0 0 0 0 0 0 0 0 0 0 0 0 0 0 0 0 0 0 2 0 0 0 0 0 0 0 0 0 0 0 0 0 0 0 0 0 0 0 0 0 5 0 0 1 0 0 0 0 0 0 0 19 0 0 0 0 0 9 0 0 0 18 10 6 1 0 0 0 15 25 11 12 0 0 9 14 45 38 0 0 0 0 0 0 12 0 0 0 0 0 0 0 0 4 0 0 0 0 0 0 0 0 0 0 0 0 0 0 0 0 0 0 0 0 7 0 0 0 0 0 0 0 0 0 0 0 0 0 0 0 0 0 0 0 0 0 0 0 14 0 0 0 0 0 0 0 88 0 0 88 0 12 9 0 0 0 0 1 0 0 0 0 0 0 0 0 0 0 0 0 0 0 0 0 0 25 38 0 0 0 0 0 0 0 0 0 0 0 0 0 
 26 43 405 598 42 287 37 52 440 103 403 83 47 54 40 235 321 0 39 21 0 0 0 0 0 1 3 23 75 4 3 0 0 2 0 0 2 2 2 0 0 0 4 0 3 0 0 0 2 0 0 0 3 0 3 0 0 2 0 0 3 0 0 0 0 3 0 0 0 0 0 1 3 37 0 3 0 0 0 0 0 0 0 39 0 11 0 0 14 1 19 22 0 0 0 21 40 30 0 0 1 0 0 0 0 0 13 0 0 1 0 0 0 0 0 1 0 2 0 0 0 0 0 1 0 0 0 0 0 0 0 0 0 0 0 0 1 0 0 0 8 0 0 0 0 0 0 0 0 0 0 0 0 0 0 1 0 0 0 0 0 13 2 39 0 7 0 0 2 37 6 30 0 0 0 0 13 40 0 1 0 0 0 0 0 0 0 0 0 0 0 0 3 0 0 2 0 0 0 1 0 0 0 0 0 0 0 0 0 0 0 0 0 0 0 0 0 0 0 0 2 0 0 0 2 0 0 0 0 0 0 0 0 7 0 2 7 2 0 0 0 13 0 0 2 0 173 0 0 172 3 6 16 1 0 0 0 0 0 0 0 0 13 0 0 0 1 0 0 0 0 0 0 0 0 19 5 0 0 0 0 0 0 0 0 0 0 0 0 0 
 36 65 30 62 300 31 92 281 76 75 56 256 455 76 74 132 35 39 0 385 0 0 0 0 0 0 3 0 0 0 3 0 0 0 0 0 3 0 2 0 0 0 3 0 3 0 0 0 2 0 0 0 3 0 0 3 0 2 0 3 2 0 5 0 0 3 0 0 0 0 0 0 3 0 0 14 0 25 0 0 11 14 0 0 2 0 73 39 0 0 0 0 31 35 0 0 0 0 25 17 0 0 0 0 0 0 0 0 0 0 0 0 0 0 0 0 0 0 2 0 0 0 0 0 0 5 0 0 0 0 0 0 0 0 0 0 0 0 0 0 0 0 0 0 0 0 0 0 0 0 0 0 0 0 0 9 0 0 0 0 52 0 0 0 0 0 72 18 0 0 0 0 24 0 6 0 0 0 47 37 0 0 0 0 0 0 0 0 0 1 0 0 2 0 0 0 0 0 0 0 0 0 0 0 0 0 0 0 0 1 12 0 0 0 0 0 0 0 0 0 0 0 0 0 0 0 0 0 0 0 0 0 0 0 2 0 0 0 0 0 0 0 0 0 0 1 1 2 0 1 0 4 0 0 0 0 0 0 0 0 0 0 0 0 0 0 0 0 0 0 0 0 0 0 0 0 0 0 0 0 0 0 0 0 0 0 0 0 0 0 
 227 43 36 76 90 344 788 40 346 91 66 252 201 210 111 307 38 21 385 0 0 2 0 1 3 0 205 0 0 0 2 0 0 0 0 0 2 0 2 0 0 0 4 0 4 0 2 3 2 0 0 0 6 0 0 2 0 0 0 0 2 0 65 1 0 3 0 1 0 0 0 57 3 0 0 10 0 0 0 0 49 28 0 0 0 0 52 39 0 0 0 0 29 116 12 0 0 0 13 42 0 0 0 0 1 0 0 0 0 0 0 0 0 0 0 0 0 0 0 0 0 0 0 0 0 0 0 0 0 0 0 0 0 0 0 0 0 0 0 0 0 0 0 0 0 0 0 0 15 0 0 0 0 0 0 5 0 0 0 0 57 15 0 0 0 0 12 15 20 0 0 0 13 15 27 1 0 0 24 34 0 0 0 0 0 0 0 0 0 0 0 10 0 0 0 0 0 0 0 0 0 17 0 0 0 0 0 0 0 0 8 0 0 0 0 0 0 0 0 0 0 0 14 0 0 0 0 0 0 0 0 0 0 0 0 0 0 0 0 0 0 0 0 0 0 0 0 2 2 0 0 11 0 0 0 0 0 0 0 0 0 0 0 0 0 0 0 0 0 0 0 0 0 0 0 0 0 0 0 0 0 0 0 12 0 0 0 0 0 1 
 0 0 0 0 0 0 3 0 0 0 0 0 0 1 0 0 9 0 0 0 0 184 94 136 45 253 398 361 251 42 28 55 61 172 561 79 40 47 37 178 1 0 7 6 0 5 2 2 3 3 0 2 7 0 0 0 2 3 2 0 2 0 3 0 5 0 2 2 0 2 0 3 0 3 0 12 3 6 5 1 0 0 0 0 0 0 0 0 0 0 16 0 0 0 0 0 0 0 0 0 48 26 33 0 0 0 0 22 65 13 10 0 14 31 36 45 16 0 0 23 0 0 0 0 0 0 0 0 0 0 0 0 0 0 0 0 0 0 0 0 0 8 0 0 0 0 0 0 0 0 0 0 20 0 0 0 3 0 0 0 0 0 0 0 0 0 0 0 0 0 0 0 0 0 0 0 0 0 0 0 17 47 49 0 0 0 1 23 84 0 33 0 0 1 23 26 22 23 0 0 0 0 0 0 0 0 0 0 0 0 0 0 13 0 0 0 0 8 0 0 0 0 0 0 0 0 0 0 0 0 0 0 0 0 0 0 0 0 0 0 0 0 0 0 0 0 0 0 0 2 0 0 0 30 18 0 1 0 0 2 2 0 0 0 0 1 0 0 0 0 45 1 0 0 0 0 0 0 0 0 0 0 0 0 0 0 0 0 0 0 
 81 0 0 0 0 0 7 0 0 2 0 0 0 0 0 2 0 0 0 2 184 0 260 49 34 41 91 282 251 37 51 38 51 178 274 211 178 95 35 71 0 1 68 3 0 3 2 0 3 1 0 0 3 0 0 0 0 1 1 0 2 0 2 0 2 0 2 0 0 0 0 2 0 0 0 3 0 0 6 0 0 0 0 0 0 10 0 0 0 0 0 0 0 0 0 0 0 0 1 0 9 33 25 12 0 1 0 0 20 13 23 0 0 3 0 35 30 14 2 0 0 0 0 0 0 2 0 0 0 0 0 0 0 0 0 10 0 0 0 0 0 0 0 29 0 0 0 0 0 0 0 0 0 0 0 0 0 2 0 0 0 0 0 0 0 0 0 0 0 0 0 0 0 0 0 13 0 0 0 0 0 32 3 25 0 0 44 0 23 49 21 12 0 5 21 75 11 38 0 2 17 0 0 0 0 0 0 0 0 0 0 0 0 0 0 1 0 0 0 0 0 0 0 0 0 0 0 0 0 0 0 0 0 0 0 0 0 0 0 0 0 0 21 0 0 0 0 0 0 0 0 0 0 0 14 0 2 0 0 2 15 0 0 0 0 0 10 0 0 0 0 0 0 0 0 0 0 0 0 0 0 19 0 0 0 0 0 0 0 0 
 0 0 0 1 0 0 4 0 0 0 3 2 0 0 0 0 1 0 0 0 94 260 0 123 61 38 82 123 357 340 71 48 62 49 291 89 190 742 65 44 3 60 4 2 1 3 6 0 2 6 2 9 3 0 0 5 0 33 0 0 2 2 0 0 9 0 3 1 0 0 0 2 0 0 4 6 0 0 2 0 0 0 0 0 0 0 0 0 0 0 0 0 0 0 0 0 0 0 0 0 0 28 13 48 16 0 0 0 0 22 44 17 0 1 1 10 16 33 0 0 0 0 0 0 0 0 0 0 0 0 0 0 0 0 0 2 0 0 1 0 0 0 0 0 0 0 0 0 0 1 0 0 0 0 0 0 1 0 0 0 1 0 0 0 0 0 1 0 0 0 0 0 0 0 0 0 0 0 0 1 0 15 25 43 0 1 0 0 0 57 13 31 0 0 39 8 35 51 0 0 0 0 0 0 0 0 0 0 0 0 0 0 0 0 0 0 0 0 0 0 0 0 0 0 2 0 0 0 2 0 0 0 0 0 0 0 0 0 0 0 0 0 18 0 0 0 0 0 0 0 0 0 0 0 15 0 0 4 2 4 1 10 0 0 0 0 9 0 0 0 0 0 0 0 0 0 0 0 0 0 0 28 0 0 0 0 11 0 0 0 
 6 0 0 2 0 0 3 1 0 0 0 0 0 2 0 3 2 0 0 1 136 49 123 0 171 49 109 299 127 494 193 416 79 94 53 355 364 801 287 283 0 0 1 3 1 3 3 0 3 4 0 0 3 0 0 0 0 0 0 0 2 0 1 0 6 0 2 0 0 0 0 2 0 0 0 3 0 1 0 0 0 0 0 0 0 0 0 0 0 0 0 0 0 0 0 0 0 0 0 0 0 0 17 29 47 12 0 0 0 25 35 32 0 0 0 0 3 20 0 0 0 0 0 0 0 0 0 0 0 0 0 0 1 0 0 1 0 0 1 1 0 0 0 0 0 0 0 0 0 0 0 0 7 0 0 0 0 5 0 0 1 0 7 0 0 0 2 0 0 0 0 0 0 0 0 0 0 0 6 2 0 0 2 15 26 37 0 0 3 0 14 23 0 0 16 0 1 13 0 8 0 0 0 0 0 0 0 0 0 0 0 0 8 0 0 0 0 0 29 14 0 0 0 0 0 0 0 0 0 0 0 2 0 0 0 0 0 0 0 0 0 0 0 0 0 0 0 0 0 0 0 0 0 1 5 0 1 91 9 2 4 12 0 0 0 0 0 0 0 0 0 0 0 0 0 0 0 0 0 0 0 0 0 0 0 0 7 0 0 0 
 4 0 0 0 0 0 0 0 0 3 0 0 0 0 0 0 0 0 0 3 45 34 61 171 0 407 63 59 96 76 359 375 50 82 56 45 58 274 200 100 0 7 0 3 0 3 5 0 5 5 0 0 3 0 0 0 4 0 1 0 51 0 2 0 7 0 4 0 0 0 0 2 0 0 0 3 0 4 0 3 0 0 14 1 1 0 0 0 0 0 1 0 0 0 2 0 0 0 0 0 0 0 0 0 24 37 0 0 0 6 0 15 0 0 2 0 0 0 0 0 12 0 1 0 2 0 35 0 0 1 0 0 48 0 0 0 1 0 44 23 0 0 0 0 0 0 0 0 0 0 0 0 0 0 0 0 0 0 0 0 0 0 1 0 0 0 0 0 14 0 0 22 0 0 0 0 0 0 0 0 0 0 0 13 35 55 0 0 0 0 15 2 0 0 0 0 0 0 0 0 12 0 0 0 0 0 54 0 0 0 0 0 11 8 2 0 0 0 20 6 0 0 0 0 0 0 0 0 0 2 0 0 0 0 0 0 0 0 0 1 0 0 0 0 0 0 0 0 0 0 0 0 0 0 15 0 2 2 5 6 8 0 0 0 0 0 0 0 0 0 0 0 0 0 0 0 0 0 0 0 0 0 0 0 0 0 0 0 0 0 
 4 0 1 0 71 0 3 1 1 0 1 55 0 0 0 58 0 1 0 0 253 41 38 49 407 0 48 33 55 33 48 47 36 46 44 66 96 81 43 57 0 27 0 3 0 3 78 0 6 0 0 0 3 0 0 64 0 0 191 3 2 0 1 0 2 0 4 0 52 0 0 4 0 0 0 3 0 0 0 0 0 0 0 0 0 0 0 0 0 0 0 0 0 0 0 0 0 0 0 0 0 0 0 0 2 35 1 0 0 0 0 0 0 0 0 0 0 2 0 0 8 0 0 0 0 0 41 10 0 0 0 0 49 20 13 1 0 0 67 55 0 0 0 0 0 0 0 1 0 0 0 0 0 0 0 0 0 0 0 0 0 0 0 0 0 1 0 0 0 0 0 0 0 0 0 1 0 0 0 0 0 0 0 0 36 46 2 0 1 16 0 13 0 0 2 0 0 0 0 0 75 15 9 0 0 0 58 19 0 0 0 0 33 9 2 0 0 0 9 81 0 0 0 0 0 0 0 0 0 0 0 0 0 0 0 0 0 0 0 11 0 0 0 0 0 0 0 0 0 0 0 0 0 0 9 8 2 4 0 2 4 0 0 0 0 0 0 0 0 0 0 0 0 0 0 0 0 0 0 0 0 0 0 2 0 0 0 0 0 0 
 7 3 3 3 4 3 3 3 3 5 5 3 3 3 3 5 3 3 3 205 398 91 82 109 63 48 0 331 69 41 56 25 425 622 69 29 29 18 42 372 0 61 1 2 1 34 3 0 2 0 0 0 3 2 0 0 0 1 0 0 2 20 0 0 53 0 2 0 0 0 0 2 0 0 3 2 2 0 1 0 0 0 0 0 0 0 0 0 0 11 0 1 0 16 0 0 0 0 0 0 40 24 25 0 0 0 26 26 41 2 19 0 9 23 40 38 14 0 0 35 0 0 0 0 17 0 0 2 0 0 0 0 0 0 0 0 19 2 0 0 0 0 0 0 0 0 0 0 0 0 4 0 0 0 0 2 6 0 0 0 0 0 0 0 0 0 0 0 0 0 0 2 0 0 0 0 0 0 0 0 55 14 35 0 0 0 9 90 23 0 1 0 2 12 78 18 14 0 4 1 0 0 0 0 0 0 0 0 0 0 0 0 0 0 0 0 0 0 0 0 0 0 0 0 0 0 0 0 0 7 0 0 0 0 0 0 0 0 0 0 0 0 0 0 0 0 0 0 0 0 0 0 0 0 13 0 0 0 0 0 4 0 1 0 0 0 0 0 0 0 0 0 0 51 0 0 0 0 0 0 0 0 0 0 0 0 0 0 0 0 
 0 0 1 13 0 0 0 0 1 0 0 2 0 3 0 0 1 23 0 0 361 282 123 299 59 33 331 0 207 48 38 41 81 417 145 59 60 35 70 37 0 0 1 2 1 3 3 0 2 0 0 0 3 0 0 0 3 0 0 0 2 0 1 0 2 0 2 0 0 0 0 2 0 52 0 3 0 0 7 0 0 7 0 0 0 0 0 0 0 0 0 0 0 0 0 0 0 0 0 0 50 56 36 0 0 0 0 12 24 9 24 0 0 60 25 24 36 30 0 8 0 0 0 0 0 0 0 46 0 0 0 0 0 0 0 2 0 0 0 0 0 0 0 0 0 0 0 0 0 49 0 0 0 0 0 0 0 0 0 0 1 0 26 0 0 0 0 0 0 0 0 0 0 4 0 0 0 0 0 0 28 30 39 20 0 0 0 0 33 50 35 1 0 0 18 22 34 45 0 0 0 0 0 0 0 0 0 0 0 0 0 0 0 0 0 0 0 0 0 0 0 0 0 0 2 0 0 0 2 0 0 1 18 0 0 0 10 0 0 0 0 0 3 0 0 0 0 0 0 0 0 0 0 0 1 2 0 0 0 0 9 0 0 0 0 0 9 0 0 0 0 0 0 0 0 0 0 0 0 0 0 3 0 0 0 0 0 0 0 0 
 2 1 0 77 0 0 2 2 0 0 0 0 1 0 0 0 0 75 0 0 251 251 357 127 96 55 69 207 0 319 32 39 79 106 206 461 131 571 89 67 0 0 4 2 1 4 3 4 2 22 0 0 3 0 0 0 23 0 0 0 2 0 0 0 3 0 2 0 0 0 0 2 0 0 1 2 0 3 1 0 0 0 0 0 0 0 0 0 0 0 0 0 0 0 0 15 0 0 0 0 1 48 23 55 14 0 1 0 0 33 48 45 0 0 0 9 43 30 0 0 0 0 0 0 0 0 0 0 0 0 4 0 0 0 0 0 0 0 1 0 0 0 0 0 0 0 0 1 0 0 9 0 0 0 0 0 0 0 0 0 0 0 0 0 0 1 0 0 0 0 0 0 0 0 0 1 0 0 0 8 0 16 38 37 0 0 2 0 28 67 16 56 0 0 0 6 46 56 0 0 0 0 0 0 0 0 0 0 0 0 0 0 0 0 0 0 0 0 1 1 0 0 0 0 0 0 0 0 0 0 0 0 0 9 0 0 0 0 0 26 0 0 5 0 0 0 0 0 0 0 0 0 0 0 10 0 0 1 9 2 2 2 0 15 0 0 11 0 0 0 0 0 0 0 0 0 0 0 0 0 0 21 0 2 0 0 21 0 0 0 
 0 2 0 1 1 0 0 0 0 1 0 0 117 0 2 0 0 4 0 0 42 37 340 494 76 33 41 48 319 0 288 50 36 85 183 372 271 144 76 113 0 0 2 3 1 3 27 5 3 4 0 0 3 0 0 0 0 0 0 0 2 0 1 0 5 0 2 0 0 0 0 2 0 2 4 3 0 0 0 0 0 0 0 0 0 2 0 0 0 0 0 0 0 1 0 0 0 0 0 0 0 14 9 56 29 0 0 0 0 37 44 48 0 0 0 20 10 17 0 0 0 0 0 0 0 0 0 0 0 2 0 0 1 0 0 0 5 0 0 0 0 0 0 0 0 2 0 0 0 0 2 0 0 0 0 0 0 0 0 0 0 0 6 0 0 0 0 0 0 0 0 0 0 0 11 0 0 0 0 0 0 0 7 42 0 0 0 0 0 2 0 45 0 1 0 0 0 43 0 0 0 0 0 0 1 0 0 0 0 0 0 0 0 0 0 0 0 0 9 12 0 0 0 0 0 0 0 0 0 0 0 0 1 0 0 0 0 0 0 0 0 0 12 0 0 0 0 0 0 0 0 0 0 0 15 0 0 152 149 0 9 10 0 0 0 0 4 0 0 0 0 0 0 4 1 0 0 0 0 0 0 28 0 0 0 0 14 0 0 0 
 2 2 2 2 3 2 3 2 2 2 75 2 2 2 2 2 2 3 3 2 28 51 71 193 359 48 56 38 32 288 0 321 51 236 54 157 167 350 41 278 1 0 212 3 0 4 2 0 212 2 0 2 5 0 0 2 1 2 0 0 2 0 2 0 8 0 57 0 0 0 0 2 0 0 2 3 0 0 0 0 0 0 1 0 0 0 0 11 18 0 0 0 0 0 0 2 6 0 0 0 2 1 81 23 52 11 0 0 0 12 17 41 0 0 0 0 0 30 0 0 0 0 0 0 0 0 0 0 0 0 0 0 0 0 0 0 0 0 22 0 0 0 0 0 0 0 0 0 0 8 0 0 0 0 0 0 0 0 2 0 0 0 2 0 0 0 0 0 0 0 0 0 0 0 1 0 0 0 0 0 0 0 4 15 20 34 0 0 0 0 10 31 0 0 0 0 0 17 0 0 0 0 0 0 0 0 1 0 0 0 0 0 1 0 0 0 0 0 29 44 0 0 0 0 0 0 0 2 0 0 0 0 0 0 2 0 0 0 0 0 0 0 0 0 0 0 0 0 0 0 0 0 0 0 0 0 0 53 77 0 6 10 0 0 0 5 0 0 0 0 0 0 0 0 0 0 0 0 0 0 0 4 0 0 0 0 1 0 0 0 
 0 0 0 5 0 0 2 0 0 0 0 3 0 2 0 0 5 0 0 0 55 38 48 416 375 47 25 41 39 50 321 0 38 49 237 60 62 304 254 17 7 0 2 5 3 3 3 0 7 1 0 1 5 0 1 1 1 2 2 1 2 0 3 0 4 0 27 0 0 1 0 2 0 2 0 3 0 0 0 0 0 15 0 0 0 0 0 0 0 0 0 0 0 0 0 0 0 0 1 0 0 0 0 0 38 21 0 0 0 8 0 21 0 0 0 0 0 11 0 0 0 0 0 0 0 0 0 0 0 0 0 0 11 0 0 0 0 0 75 34 10 0 0 0 0 0 0 0 0 1 0 0 0 0 0 0 0 0 0 0 0 0 6 0 0 0 0 0 0 0 0 0 0 6 0 0 0 0 0 0 0 0 0 21 39 52 0 0 0 0 3 10 0 0 0 0 1 0 0 0 0 0 0 0 0 0 23 0 0 0 0 0 16 1 0 0 0 0 30 33 0 2 0 0 2 0 0 0 2 0 0 0 0 0 1 0 0 0 4 0 0 0 0 0 0 2 0 0 34 0 0 0 0 0 5 1 3 150 162 1 2 0 2 0 0 0 0 0 0 1 0 0 0 0 0 0 0 0 0 0 0 0 0 0 0 0 0 0 0 0 
 0 0 0 0 0 1 3 0 0 0 0 0 0 0 0 0 0 0 0 0 61 51 62 79 50 36 425 81 79 36 51 38 0 299 44 46 61 34 640 232 0 0 3 3 2 9 2 1 3 0 0 0 3 1 0 0 0 0 0 0 2 0 2 0 2 0 2 0 0 0 0 2 0 0 0 3 0 0 0 0 0 0 0 0 0 1 0 0 0 0 0 0 0 0 0 0 0 0 0 0 17 15 1 0 0 0 23 61 39 0 1 0 31 23 25 17 1 1 0 39 0 0 0 0 0 0 0 0 0 0 0 0 0 0 0 0 0 0 0 0 11 0 0 0 0 0 0 0 0 40 8 0 0 0 0 0 18 0 0 0 0 22 0 10 0 6 0 0 0 0 0 0 0 0 0 0 0 0 0 0 30 55 4 0 0 0 45 41 2 0 0 0 6 63 43 7 11 0 19 15 0 0 0 0 1 0 0 0 0 0 0 0 0 0 0 0 0 0 0 0 0 0 0 0 0 0 0 0 0 0 0 0 0 0 0 0 0 4 0 0 0 0 0 0 0 0 0 0 0 0 0 0 0 0 16 0 2 0 0 1 0 2 0 0 0 14 0 0 0 0 0 0 0 0 0 0 0 0 0 0 0 0 0 0 0 0 0 0 0 0 
 6 0 0 0 1 0 0 0 0 0 0 0 0 0 2 4 0 2 0 0 172 178 49 94 82 46 622 417 106 85 236 49 299 0 435 43 40 97 103 457 2 0 2 1 203 7 3 0 1 0 0 0 26 0 0 3 0 2 0 2 2 0 2 0 2 0 3 0 0 0 0 2 0 0 5 2 0 1 4 0 0 0 0 0 0 2 0 0 0 0 12 0 0 0 0 0 0 0 0 0 40 22 68 0 0 0 0 33 59 28 20 0 21 61 49 15 13 1 0 16 0 0 0 0 0 0 0 0 0 0 0 0 0 0 0 0 0 0 0 0 0 0 0 0 0 0 0 0 0 0 2 0 0 0 0 0 6 0 0 0 0 0 0 0 0 0 0 0 0 0 0 0 0 0 0 0 0 0 0 0 23 37 48 0 0 0 1 58 36 5 26 0 0 0 40 30 23 3 0 0 0 0 0 0 0 0 0 0 1 0 0 0 0 0 0 0 0 8 0 0 0 0 0 0 0 0 0 0 0 0 0 0 0 0 0 0 0 0 0 34 0 0 0 0 0 0 1 0 0 0 0 0 0 0 18 0 1 0 0 2 7 0 0 0 0 0 0 0 0 0 0 0 0 0 0 0 0 0 0 0 0 0 0 0 2 0 0 0 0 1 
 2 0 2 2 2 0 0 10 0 0 0 0 2 0 0 0 0 0 0 0 561 274 291 53 56 44 69 145 206 183 54 237 44 435 0 78 146 243 107 115 50 0 1 3 6 4 0 0 3 2 4 2 4 0 0 0 0 0 4 0 0 0 2 0 0 0 0 4 0 1 3 0 0 0 0 0 0 0 7 0 0 1 0 0 0 0 1 2 2 0 0 0 13 0 0 0 0 14 0 0 75 38 33 0 0 0 0 13 18 13 25 0 0 57 60 27 35 33 0 1 0 0 0 2 0 0 0 0 0 0 0 0 1 0 0 0 3 0 0 0 0 0 0 8 0 0 0 0 0 0 0 0 0 0 0 0 1 0 0 0 0 0 0 0 1 0 0 0 0 0 0 0 0 0 0 0 0 0 0 0 13 28 72 21 0 0 0 0 49 81 33 3 0 0 38 24 38 39 0 0 0 0 0 0 2 0 0 0 0 0 0 0 0 0 0 0 2 0 0 1 0 0 0 1 0 0 0 0 0 0 0 0 0 0 0 0 1 0 0 0 0 0 0 0 0 0 0 0 0 0 0 0 0 0 7 0 0 0 3 0 5 1 0 0 0 0 9 0 0 0 0 0 0 0 0 0 0 0 0 0 0 0 0 0 0 0 0 0 0 0 
 2 0 0 2 0 211 2 0 1 1 0 0 0 0 204 0 0 0 0 0 79 211 89 355 45 66 29 59 461 372 157 60 46 43 78 0 259 356 44 69 0 0 1 3 0 3 2 0 3 15 0 0 3 0 0 0 0 0 0 0 2 49 1 0 5 0 2 0 0 0 0 2 0 0 54 3 0 0 0 0 0 0 0 0 0 0 0 0 0 0 0 0 0 0 0 0 14 0 0 0 0 12 11 56 10 0 0 0 15 24 38 25 0 1 1 10 13 42 0 0 0 0 0 0 0 0 0 0 0 0 0 0 0 0 0 0 0 0 1 0 0 21 0 0 0 0 0 0 0 47 0 0 0 0 0 0 1 0 0 0 0 0 0 0 0 0 0 0 0 0 0 0 0 0 0 0 0 0 0 0 0 1 11 36 0 1 0 0 1 50 13 33 0 0 0 12 36 49 0 0 0 0 0 0 0 0 0 0 0 0 0 0 0 0 0 0 0 7 0 0 0 0 0 0 0 0 0 0 0 0 0 0 0 0 1 0 0 0 0 0 0 0 17 0 0 0 0 0 0 0 0 0 0 0 1 2 1 2 4 0 5 10 0 0 0 0 9 0 0 0 0 0 0 0 0 0 0 0 0 0 0 26 0 0 0 0 11 0 0 0 
 2 2 3 2 26 2 5 2 2 2 2 2 3 2 2 2 2 2 3 2 40 178 190 364 58 96 29 60 131 271 167 62 61 40 146 259 0 578 47 42 0 0 1 3 1 3 3 0 3 14 0 0 3 0 0 64 0 0 0 0 2 0 1 0 17 0 2 0 80 0 0 2 0 0 0 3 0 0 1 0 0 0 0 0 0 0 2 1 1 0 0 0 0 0 0 0 0 0 0 0 0 16 23 72 52 0 0 0 1 33 66 33 0 0 0 13 20 38 0 0 0 0 0 0 0 0 0 0 0 0 0 0 3 0 0 0 0 0 1 0 0 0 0 0 0 0 0 0 0 0 0 0 0 0 0 0 0 0 0 0 0 0 0 0 2 0 0 0 0 0 0 0 0 0 0 0 0 0 0 0 0 0 7 51 0 1 0 0 4 65 1 47 0 0 0 2 34 82 0 15 0 0 0 0 1 0 0 0 0 0 0 0 0 0 0 0 1 0 0 2 21 0 2 0 0 0 0 0 0 0 0 0 0 0 0 0 2 0 0 0 0 0 17 0 0 0 0 0 0 0 0 0 0 0 7 0 0 76 0 0 2 3 0 0 0 0 9 0 0 0 0 0 0 0 0 0 0 0 0 0 0 32 0 2 0 0 2 0 0 0 
 0 0 0 0 0 0 2 0 0 31 0 0 0 3 2 1 0 2 0 0 47 95 742 801 274 81 18 35 571 144 350 304 34 97 243 356 578 0 263 78 2 0 3 3 1 3 3 48 3 12 0 0 3 0 0 3 0 2 0 2 2 0 1 0 9 0 2 0 9 0 0 2 0 0 3 3 0 0 0 0 0 0 0 0 20 0 19 0 0 0 18 0 2 0 0 0 0 2 0 0 0 18 21 45 17 0 0 0 0 66 48 57 0 0 7 13 11 31 0 0 0 0 0 0 10 0 0 0 0 0 0 0 0 0 0 0 12 0 0 0 0 0 0 0 0 0 0 0 0 0 0 0 0 0 0 0 0 0 0 0 0 0 19 0 0 0 0 0 0 0 0 0 0 0 0 0 0 0 0 0 0 0 25 31 0 0 0 22 0 1 0 40 0 0 0 0 10 26 0 0 0 0 0 0 3 2 0 0 0 0 0 0 0 8 0 0 0 0 9 25 0 0 0 0 0 0 0 0 0 11 0 0 0 0 0 0 0 0 0 0 0 0 12 0 0 2 0 0 0 0 0 0 0 0 9 1 3 166 152 1 12 12 0 0 0 0 0 0 0 0 0 0 0 0 0 0 1 0 0 0 0 30 0 0 0 0 10 0 0 0 
 2 2 2 2 3 319 4 4 4 2 2 3 2 4 2 2 2 2 2 2 37 35 65 287 200 43 42 70 89 76 41 254 640 103 107 44 47 263 0 271 0 0 4 3 5 58 203 18 3 0 0 4 3 0 0 1 8 0 0 0 2 0 2 0 2 0 2 0 0 0 0 2 0 0 3 3 0 0 0 4 0 0 0 0 6 10 0 0 0 0 0 0 0 0 0 12 0 0 0 0 17 21 0 0 0 0 43 29 0 0 0 14 18 21 16 16 0 0 0 18 0 0 0 0 0 0 0 0 0 0 0 0 0 0 6 0 0 0 0 0 0 0 0 0 0 0 0 0 0 12 12 1 0 0 0 0 0 0 0 0 0 5 0 0 10 10 0 0 0 0 0 0 7 0 0 0 0 0 0 0 31 13 0 0 0 0 34 29 0 0 0 0 20 57 57 22 0 0 53 20 0 0 0 0 28 0 0 0 0 0 0 0 0 0 0 0 0 0 0 0 0 0 0 0 0 0 0 0 0 0 0 0 0 0 0 0 0 11 0 0 0 0 0 0 0 0 0 0 0 0 0 0 0 0 3 1 4 0 0 0 4 2 0 0 0 0 0 0 0 0 0 0 0 0 0 0 0 0 0 0 0 0 0 0 0 0 0 0 0 0 
 0 0 0 0 0 0 0 0 2 207 2 0 0 0 0 0 4 0 0 0 178 71 44 283 100 57 372 37 67 113 278 17 232 457 115 69 42 78 271 0 0 0 2 3 1 6 3 47 3 0 2 2 3 5 0 0 0 1 0 0 2 0 4 0 5 0 3 0 3 0 0 2 0 0 3 6 0 0 0 0 0 0 0 2 0 0 22 9 0 0 0 0 0 0 0 0 0 0 0 0 12 26 13 0 0 0 26 32 32 0 10 0 54 72 35 12 1 0 0 44 0 0 0 0 0 0 0 1 0 2 0 0 0 1 0 0 0 2 0 0 0 0 1 0 0 0 0 0 0 0 2 0 0 0 0 0 5 0 0 0 0 0 0 0 0 0 0 0 0 0 0 2 0 7 0 1 0 0 0 0 43 20 14 0 0 0 66 68 0 0 0 0 11 14 40 6 11 0 11 0 0 0 0 0 0 0 0 0 0 0 0 0 0 0 0 0 0 0 0 0 0 0 0 0 0 0 0 0 0 0 0 0 0 0 0 1 0 0 0 0 0 0 0 0 0 0 0 0 0 0 0 0 0 0 15 0 3 2 0 2 0 0 0 0 0 0 0 0 0 0 0 0 0 0 0 0 0 0 0 0 0 0 0 0 0 0 0 0 0 0 
 0 0 0 0 0 0 0 0 0 0 62 0 0 0 0 0 0 0 0 0 1 0 3 0 0 0 0 0 0 0 1 7 0 2 50 0 0 2 0 0 0 74 81 242 24 26 317 271 62 251 240 49 56 124 259 439 38 28 282 330 0 0 1 0 0 2 4 0 0 0 4 2 0 0 0 51 2 0 1 0 0 0 0 0 0 0 0 0 0 0 0 0 0 0 0 0 0 0 12 21 0 0 0 0 0 0 0 0 0 0 0 0 0 0 0 0 0 0 0 0 47 81 36 0 0 0 0 67 23 23 5 2 0 13 29 19 19 11 0 0 0 0 0 0 0 0 0 0 0 0 0 0 0 0 0 0 0 0 0 0 0 3 0 0 0 0 0 0 0 0 0 7 0 4 0 0 0 0 0 22 0 0 0 0 0 0 0 0 0 0 0 0 0 0 0 0 0 0 0 0 0 31 20 12 0 0 0 15 31 3 0 18 0 46 25 38 33 10 0 0 0 0 0 0 0 0 0 0 0 0 19 26 0 0 0 0 0 0 0 0 0 0 0 0 0 0 0 0 0 17 0 2 0 1 0 0 0 0 0 0 0 0 0 0 0 4 2 0 0 0 0 0 0 0 0 0 0 0 0 0 0 0 0 0 2 0 0 0 0 8 
 6 0 0 0 0 0 3 0 0 0 0 0 0 2 0 5 0 0 0 0 0 1 60 0 7 27 61 0 0 0 0 0 0 0 0 0 0 0 0 0 74 0 240 78 246 27 103 284 332 43 36 255 65 78 297 253 177 102 71 46 0 53 0 0 0 4 0 0 0 0 5 0 7 4 7 0 0 0 0 0 0 0 0 0 0 0 0 0 0 0 0 9 0 0 0 0 0 0 0 0 0 0 0 0 0 4 0 0 0 0 0 0 0 0 0 0 0 0 0 0 0 0 31 33 32 0 21 18 11 46 29 8 3 0 0 18 26 41 3 7 0 0 0 0 0 0 0 9 0 0 0 0 0 0 0 0 2 0 7 3 0 8 0 0 0 0 0 0 0 0 0 0 12 0 0 0 0 0 0 0 0 0 0 0 0 0 0 0 0 0 0 8 0 0 0 0 0 0 0 0 2 21 30 13 1 0 3 3 23 73 22 13 5 0 0 30 19 30 0 22 0 0 0 0 0 0 0 0 0 0 0 0 3 0 0 0 0 0 0 0 0 0 23 0 0 0 0 0 0 0 0 13 0 0 0 0 0 0 0 1 0 0 0 0 0 25 0 0 0 0 13 0 0 43 0 0 0 0 0 0 0 0 0 0 5 8 0 0 0 0 
 4 4 3 2 2 4 5 2 2 4 2 4 4 4 2 4 6 4 3 4 7 68 4 1 0 0 1 1 4 2 212 2 3 2 1 1 1 3 4 2 81 240 0 134 278 52 85 92 200 475 55 48 309 77 52 380 348 167 42 259 0 0 0 6 0 0 0 0 0 3 0 0 23 0 0 0 0 0 0 0 0 0 0 0 0 0 0 0 0 0 0 0 59 0 0 0 0 0 0 0 0 0 0 0 0 0 0 0 0 0 0 0 0 0 0 0 10 17 0 0 0 0 17 18 3 0 0 0 7 8 26 0 0 0 0 4 16 21 0 0 0 0 0 0 0 6 0 4 0 0 0 0 0 0 0 0 0 0 6 5 0 0 0 0 0 0 0 0 0 2 0 11 0 0 0 18 0 0 0 0 0 16 0 0 0 0 11 1 0 0 0 0 0 0 0 0 0 0 0 0 0 0 7 27 0 1 0 1 1 22 23 26 0 0 0 13 22 8 0 0 0 0 0 0 0 0 0 0 0 0 0 0 0 0 0 0 0 0 0 0 0 0 21 0 0 0 0 0 0 0 0 9 0 0 0 0 0 0 2 2 0 0 1 0 0 1 2 2 2 0 3 0 0 0 0 0 0 0 0 0 0 3 0 0 18 22 0 0 1 2 
 2 0 0 33 63 1 0 0 0 0 0 0 0 1 0 0 0 0 0 0 6 3 2 3 3 3 2 2 2 3 3 5 3 1 3 3 3 3 3 3 242 78 134 0 96 45 293 77 118 283 162 278 90 81 45 57 186 295 67 78 2 0 0 9 0 0 8 0 0 0 0 0 3 0 0 0 0 0 7 6 0 0 0 0 0 0 0 0 0 0 0 0 0 0 0 0 0 0 0 0 0 0 0 0 0 0 0 0 0 0 0 0 0 11 0 0 0 0 0 0 0 0 0 3 9 22 0 0 0 1 13 23 0 0 0 0 0 4 0 0 0 39 0 0 0 34 9 17 0 0 0 0 0 5 6 0 11 0 31 0 0 0 0 0 0 0 0 0 0 0 0 0 0 0 0 0 2 0 0 0 0 0 0 0 0 0 0 0 0 0 0 0 0 0 0 0 0 0 4 0 0 0 0 25 15 23 0 0 0 3 12 11 0 0 0 22 0 0 0 0 6 8 0 0 0 0 6 4 1 0 0 0 9 0 7 0 0 1 7 6 0 0 0 0 0 0 0 0 0 0 0 1 0 0 0 0 0 0 0 16 0 0 8 9 0 0 1 45 0 0 0 0 0 0 0 0 0 0 0 0 0 0 0 0 0 12 0 0 0 0 
 3 2 3 2 4 10 5 3 3 3 3 3 3 2 3 1 3 3 3 4 0 0 1 1 0 0 1 1 1 1 0 3 2 203 6 0 1 1 5 1 24 246 278 96 0 292 140 65 301 322 99 462 302 80 156 82 40 31 66 127 0 0 0 0 0 0 3 0 0 0 0 1 1 0 0 0 18 0 8 0 0 0 0 0 0 0 0 0 0 0 0 0 0 0 0 0 0 0 0 0 4 0 0 8 0 0 14 0 0 0 0 0 14 0 0 0 0 0 0 0 0 0 0 0 0 29 38 0 0 0 0 0 12 0 7 0 0 0 0 0 11 2 5 0 0 0 3 0 0 0 0 0 29 7 0 0 0 0 28 3 0 0 0 0 0 17 0 7 0 0 0 0 0 0 3 0 0 0 0 0 0 0 0 0 12 0 5 3 0 0 0 0 2 0 2 0 0 0 17 9 0 0 0 0 5 16 0 0 0 0 0 0 0 0 0 0 0 0 0 0 18 1 0 0 0 0 10 0 0 0 0 0 13 37 0 0 0 0 24 21 0 0 0 0 0 0 0 0 0 0 0 8 0 0 0 0 0 0 0 2 0 0 3 3 0 2 2 1 2 0 0 0 0 0 0 0 0 0 0 0 0 0 0 0 0 0 0 0 0 0 
 0 0 0 0 0 1 0 58 0 0 4 0 0 0 0 3 1 0 0 0 5 3 3 3 3 3 34 3 4 3 4 3 9 7 4 3 3 3 58 6 26 27 52 45 292 0 56 42 59 51 93 42 44 43 30 271 49 45 38 58 0 0 0 1 0 0 4 0 1 0 0 0 0 0 0 0 5 0 116 1 0 0 0 0 0 0 0 0 0 0 0 0 0 0 0 0 0 1 0 0 0 6 0 0 0 0 1 0 0 0 10 0 1 1 8 0 0 0 0 9 0 0 0 0 1 19 0 0 0 0 0 1 0 0 0 0 0 0 4 0 25 0 33 0 0 0 8 16 0 0 0 0 31 9 0 0 0 0 0 29 0 0 0 0 0 9 0 7 0 0 0 0 0 0 10 0 0 0 0 0 8 0 2 0 0 0 0 2 0 1 0 0 0 6 14 0 0 0 0 0 0 0 0 0 18 0 0 0 0 0 1 0 0 0 0 0 0 0 0 0 3 0 0 0 0 0 44 1 4 0 0 0 9 72 16 0 0 0 27 24 0 0 1 0 0 0 0 0 0 0 0 7 0 0 1 0 0 0 0 0 0 0 1 0 7 1 0 1 0 0 0 0 0 0 0 0 0 0 0 0 0 1 0 0 0 0 0 0 0 0 
 0 0 0 0 0 0 0 0 0 0 0 0 0 0 0 1 0 0 0 2 2 2 6 3 5 78 3 3 3 27 2 3 2 3 0 2 3 3 203 3 317 103 85 293 140 56 0 122 67 39 33 24 376 595 58 34 47 30 75 258 0 0 0 0 7 17 0 0 0 0 1 8 0 0 15 0 0 0 0 61 0 0 0 0 0 0 0 0 0 0 0 0 0 0 0 0 0 0 0 0 0 0 0 0 0 0 0 0 0 0 0 0 0 0 0 0 0 0 0 0 26 26 0 0 0 0 19 8 48 0 0 0 1 20 37 14 8 0 0 19 0 0 0 0 0 0 0 0 0 0 0 0 0 0 0 0 15 0 0 0 0 0 0 0 0 0 0 0 0 0 0 9 0 8 0 0 0 0 0 8 0 0 0 0 0 0 0 0 0 16 0 0 0 0 0 0 0 0 0 0 0 14 9 1 0 0 0 20 17 0 1 0 42 29 38 21 77 21 0 0 0 0 0 0 6 0 0 0 0 0 0 52 0 0 0 0 0 0 0 0 0 0 0 0 0 0 0 0 0 0 0 12 0 0 0 0 0 0 0 0 0 0 2 0 0 2 0 0 0 0 0 0 0 1 0 0 0 0 0 0 0 0 0 0 0 0 0 0 0 0 
 0 0 0 74 0 0 0 0 0 0 0 0 0 33 0 1 0 0 0 3 2 0 0 0 0 0 0 0 4 5 0 0 1 0 0 0 0 48 18 47 271 284 92 77 65 42 122 0 91 22 43 246 104 336 156 118 31 33 47 64 0 0 0 0 0 27 0 0 203 0 6 0 3 0 3 0 0 0 0 0 0 0 0 0 0 0 15 0 0 0 0 0 0 0 0 0 0 0 0 0 0 0 2 0 0 0 0 19 12 0 0 0 21 0 0 0 0 0 0 0 74 38 41 29 0 0 0 25 61 5 11 1 0 9 0 6 34 0 0 0 0 0 0 0 0 0 0 5 0 0 0 0 0 0 0 0 0 0 31 4 0 18 0 0 0 0 0 0 0 0 0 15 0 3 0 0 0 0 0 11 0 0 0 0 0 0 0 14 0 0 0 0 0 0 0 0 0 0 0 0 0 35 18 36 1 0 0 18 16 19 1 12 0 9 7 24 98 41 0 0 14 0 0 0 0 0 0 0 0 0 0 0 0 0 0 0 0 0 0 0 0 0 7 0 0 0 0 0 0 17 0 5 0 1 3 0 0 1 0 0 0 0 1 0 1 22 0 0 2 0 0 0 0 0 0 0 0 0 0 0 0 0 0 0 19 0 0 0 0 0 
 6 2 65 2 2 2 4 2 2 2 2 2 2 2 2 9 2 2 2 2 3 3 2 3 5 6 2 2 2 3 212 7 3 1 3 3 3 3 3 3 62 332 200 118 301 59 67 91 0 306 42 44 130 75 70 156 229 275 78 304 0 0 0 1 0 0 0 0 0 0 0 0 21 0 0 0 0 0 0 0 0 0 0 0 0 0 0 0 0 0 0 0 0 0 0 0 0 0 0 0 0 0 0 0 0 0 10 0 0 0 0 0 0 0 0 0 0 0 0 0 0 2 22 38 7 0 0 19 18 27 32 13 0 0 0 22 19 112 0 0 0 0 0 0 0 0 0 3 0 0 0 0 0 0 0 0 0 0 6 5 0 4 0 0 0 13 0 0 12 0 0 0 0 0 0 0 0 0 2 0 0 0 0 0 0 0 0 7 12 0 0 0 0 0 0 0 0 0 0 0 0 0 9 52 9 1 0 1 2 42 40 52 0 2 0 25 13 28 0 0 0 0 0 0 0 0 0 0 0 0 0 0 1 0 0 0 0 0 0 0 0 0 5 0 0 0 0 0 0 0 0 7 0 0 0 0 0 0 0 16 0 0 3 1 2 32 3 1 2 0 3 0 0 0 0 0 0 0 0 0 0 0 3 0 26 42 0 0 0 0 
 0 0 0 0 0 0 0 0 0 0 0 0 0 0 0 5 0 0 0 0 3 1 6 4 5 0 0 0 22 4 2 1 0 0 2 15 14 12 0 0 251 43 475 283 322 51 39 22 306 0 295 48 437 158 98 220 233 70 64 63 0 0 0 2 0 0 4 0 0 0 0 5 2 0 0 0 0 0 0 0 0 0 0 0 0 0 0 0 0 0 0 0 0 0 0 0 0 0 0 0 0 0 0 17 0 0 0 0 0 4 11 20 0 0 0 3 1 0 0 0 0 1 0 19 31 9 0 0 1 18 22 26 0 0 0 9 0 32 0 0 0 14 0 0 0 0 0 3 0 0 0 0 0 0 0 0 0 0 0 1 0 0 0 0 0 0 0 0 0 0 0 0 0 0 0 0 0 0 0 0 0 0 0 0 0 0 0 0 0 0 0 0 0 0 0 0 0 1 0 0 0 0 0 18 23 10 1 0 0 14 38 22 0 0 0 4 1 0 7 2 0 0 0 0 0 0 0 0 0 0 0 0 10 0 0 0 0 0 11 0 0 0 12 0 0 0 0 0 0 0 0 7 0 0 0 0 0 0 23 11 0 0 68 63 0 1 0 64 1 0 11 0 0 0 0 0 0 0 0 0 0 5 0 0 0 11 0 0 2 0 
 4 0 0 0 0 0 3 0 0 0 0 0 0 0 0 0 0 0 0 0 0 0 2 0 0 0 0 0 0 0 0 0 0 0 4 0 0 0 0 2 240 36 55 162 99 93 33 43 42 295 0 280 41 36 66 148 169 227 46 58 0 0 0 57 209 0 1 0 0 0 1 0 0 0 0 0 0 0 58 0 0 0 0 0 0 0 0 0 0 0 0 0 0 0 0 0 0 0 0 0 0 0 0 0 0 0 0 0 0 0 0 9 0 0 0 0 0 0 0 0 0 0 0 0 6 45 0 0 0 3 15 8 0 0 0 1 0 1 0 0 0 4 0 0 0 0 6 0 0 0 0 0 0 0 0 0 0 0 39 0 0 1 0 0 0 1 0 0 0 0 0 0 0 0 0 0 0 0 0 0 0 0 0 0 0 0 0 0 0 0 0 0 0 0 16 0 0 0 0 0 0 0 1 11 14 43 0 0 0 1 5 13 0 0 0 1 0 1 0 0 0 0 0 0 0 0 8 0 0 0 0 0 17 2 4 0 0 1 47 10 0 0 0 0 0 0 0 0 0 0 0 0 0 2 0 0 0 0 0 7 0 0 5 34 0 0 2 2 2 0 0 0 0 0 0 0 0 0 0 0 0 0 0 0 0 11 0 0 2 0 
 0 3 0 0 0 0 6 0 0 0 0 0 0 0 0 0 0 0 0 0 2 0 9 0 0 0 0 0 0 0 2 1 0 0 2 0 0 0 4 2 49 255 48 278 462 42 24 246 44 48 280 0 35 54 29 48 137 48 255 28 0 0 1 11 1 0 5 0 0 7 28 19 0 0 0 0 8 7 0 0 0 0 0 0 0 0 0 0 0 0 0 0 0 0 0 0 0 0 0 0 0 0 0 0 0 0 0 0 0 0 0 0 0 0 0 0 0 0 0 0 0 0 0 0 16 38 0 0 0 0 0 24 0 0 0 0 0 24 0 0 1 11 0 11 7 9 9 0 0 10 0 0 8 0 0 0 0 10 39 31 0 0 0 0 0 27 0 4 0 0 17 0 0 0 0 0 0 0 0 0 0 0 0 0 0 0 0 0 0 0 9 23 0 0 0 0 0 0 0 0 0 0 0 8 32 72 0 0 0 1 16 0 0 0 0 0 0 0 0 0 0 0 0 5 0 4 0 0 0 12 14 2 14 1 0 0 0 0 29 0 0 0 0 0 0 0 0 0 63 0 0 7 0 0 0 0 0 0 0 12 0 0 64 63 2 1 0 65 1 0 0 0 0 0 0 7 0 0 0 0 0 0 0 0 0 0 0 0 0 0 
 14 3 3 3 3 2 3 3 3 3 3 3 3 29 3 4 3 3 3 6 7 3 3 3 3 3 3 3 3 3 5 5 3 26 4 3 3 3 3 3 56 65 309 90 302 44 376 104 130 437 41 35 0 303 54 247 46 27 326 219 0 0 4 0 8 4 0 6 62 0 0 0 0 0 0 0 0 0 0 0 0 0 0 0 0 0 0 0 0 0 0 0 0 0 0 0 0 0 0 0 0 0 0 0 0 1 0 0 0 0 0 0 0 0 0 0 0 0 0 0 0 24 0 4 10 0 22 15 0 0 0 6 0 33 57 15 4 0 0 4 0 0 0 0 0 0 0 0 0 0 6 0 1 0 0 0 0 0 2 0 0 0 0 0 0 0 0 0 0 0 0 0 0 3 0 0 0 0 1 4 0 0 0 0 0 0 0 0 0 0 0 0 0 0 0 0 0 0 0 0 28 11 12 2 15 0 10 22 8 7 10 1 21 11 23 17 1 15 7 8 0 0 0 0 0 0 0 0 0 0 0 37 0 0 0 0 0 0 0 11 0 0 0 0 0 1 0 0 0 0 0 12 0 0 0 0 0 0 0 0 0 0 2 0 0 0 2 0 1 0 0 0 0 0 0 0 0 0 0 0 0 0 8 0 6 0 0 0 0 0 
 0 0 0 0 0 0 0 0 0 0 0 0 0 0 0 1 0 0 0 0 0 0 0 0 0 0 2 0 0 0 0 0 1 0 0 0 0 0 0 5 124 78 77 81 80 43 595 336 75 158 36 54 303 0 578 59 34 35 90 228 2 0 2 0 4 6 6 0 0 2 45 4 4 0 53 0 0 0 11 9 0 0 0 0 0 0 0 0 23 0 0 0 0 0 0 0 0 0 0 0 0 0 0 0 0 0 0 0 0 0 0 0 0 0 0 0 0 0 0 0 18 68 35 4 0 0 10 29 39 11 1 0 0 12 33 41 28 0 0 0 2 1 0 0 0 0 6 6 0 0 0 0 0 5 21 0 0 0 8 0 0 1 0 0 0 0 0 0 0 0 0 18 0 24 0 0 0 0 0 5 0 0 0 0 0 0 0 0 0 0 0 0 0 0 0 0 0 0 0 0 0 37 12 12 0 0 0 9 15 1 0 0 0 19 15 18 42 23 0 0 7 12 0 0 0 0 10 4 1 0 0 19 0 0 9 9 0 1 0 3 0 0 0 0 0 0 0 0 0 0 0 7 0 0 0 0 0 0 0 0 0 0 0 0 2 4 0 0 0 0 0 0 0 0 0 0 0 0 0 0 0 0 0 0 0 0 0 0 0 0 
 0 2 0 0 0 0 0 0 0 0 0 0 0 0 0 0 0 3 0 0 0 0 0 0 0 0 0 0 0 0 0 1 0 0 0 0 0 0 0 0 259 297 52 45 156 30 58 156 70 98 66 29 54 578 0 175 23 82 81 102 0 0 0 0 0 6 0 0 1 0 5 0 3 0 0 0 0 0 6 0 0 0 0 0 0 0 0 0 0 0 0 0 0 0 0 0 0 0 0 0 0 0 0 0 0 0 0 0 0 0 0 0 0 0 0 0 0 0 0 0 21 31 21 22 0 15 12 22 41 12 1 0 0 8 0 5 27 0 0 0 0 0 0 0 0 0 0 8 0 0 0 0 0 0 0 0 0 0 7 5 0 3 0 0 0 0 0 0 0 0 0 12 0 3 0 0 0 0 0 1 0 0 0 0 0 0 0 0 0 0 10 0 0 0 0 0 0 0 0 0 0 16 18 13 0 0 0 8 18 19 1 10 1 8 7 33 41 35 0 0 0 0 0 0 0 0 3 0 0 0 0 0 0 0 0 0 0 0 0 0 0 0 2 0 0 0 0 0 0 0 0 12 0 0 0 0 0 0 0 0 0 0 2 0 0 10 0 0 0 0 0 0 0 0 0 14 0 0 0 0 0 0 0 0 9 18 0 0 0 0 
 0 0 0 0 62 0 3 0 0 0 0 0 1 0 0 1 0 0 3 2 0 0 5 0 0 64 0 0 0 0 2 1 0 3 0 0 64 3 1 0 439 253 380 57 82 271 34 118 156 220 148 48 247 59 175 0 110 374 35 263 3 0 0 7 0 2 1 0 206 0 0 0 37 0 0 0 0 0 0 0 0 2 0 0 0 0 0 2 0 0 0 0 0 5 0 0 0 0 0 2 0 0 0 0 0 0 0 0 0 0 0 0 0 0 0 0 0 0 0 0 0 0 34 47 22 0 0 0 2 21 68 1 12 0 0 16 11 55 0 0 0 0 0 0 0 0 0 5 0 0 0 0 0 0 0 0 0 0 14 7 1 4 0 0 0 0 4 2 0 0 0 0 4 2 0 0 0 0 2 0 0 0 0 0 0 0 0 0 0 0 0 0 0 0 0 7 0 0 0 0 0 14 30 58 6 0 0 0 0 37 41 23 0 0 0 17 0 38 0 0 0 0 0 0 0 0 0 0 0 0 0 2 1 0 0 0 0 0 0 0 0 0 6 0 0 0 0 0 1 0 0 72 0 1 0 0 0 0 0 7 0 0 0 1 1 66 3 1 0 0 11 0 0 0 0 0 0 0 0 0 0 0 0 0 19 38 0 0 0 0 
 63 0 76 0 0 0 3 0 0 0 0 0 0 0 0 3 0 0 0 0 2 0 0 0 4 0 0 3 23 0 1 1 0 0 0 0 0 0 8 0 38 177 348 186 40 49 47 31 229 233 169 137 46 34 23 110 0 416 34 42 0 4 7 4 0 0 0 0 9 5 0 0 16 0 0 8 3 23 0 0 28 0 0 0 0 0 0 0 0 0 0 0 0 0 0 0 0 0 0 0 6 0 0 0 0 0 0 0 0 0 0 0 0 0 0 0 0 0 0 0 0 0 23 31 42 0 0 0 0 15 42 16 0 0 0 8 8 56 0 0 0 45 0 10 4 6 0 3 0 6 5 4 0 0 0 0 0 6 0 3 0 8 0 0 0 0 0 0 0 0 9 0 0 0 0 0 0 0 0 0 0 0 0 0 0 0 0 0 0 0 0 0 0 2 0 0 0 0 0 0 0 0 13 11 25 0 0 0 2 30 47 36 0 0 0 21 0 19 9 0 0 0 0 1 0 3 0 0 0 6 13 0 0 0 0 0 8 0 17 0 0 0 21 0 0 0 0 0 0 0 0 2 0 0 0 0 0 0 0 17 0 0 65 0 0 21 0 2 0 0 28 0 0 0 0 0 0 0 0 0 18 0 0 0 0 37 0 0 0 0 
 0 0 0 0 0 0 3 0 0 0 0 0 0 0 31 0 0 2 2 0 3 1 33 0 0 0 1 0 0 0 2 2 0 2 0 0 0 2 0 1 28 102 167 295 31 45 30 33 275 70 227 48 27 35 82 374 416 0 47 44 0 0 0 5 0 1 0 0 0 0 0 0 2 0 0 0 0 60 0 0 0 0 0 0 0 0 0 0 0 0 0 0 0 0 0 0 0 0 0 3 0 0 0 0 0 0 0 0 0 0 0 0 0 0 0 0 0 0 0 10 0 0 0 15 29 31 0 0 0 22 34 31 0 0 0 8 2 36 0 0 0 16 0 0 0 0 0 3 0 0 0 0 0 0 22 0 0 0 1 18 0 0 0 0 0 0 0 0 0 0 0 8 12 0 0 0 1 0 0 0 0 0 0 0 0 1 0 0 0 0 0 20 0 0 0 0 0 0 0 0 19 0 0 24 27 10 0 0 0 16 36 32 0 0 0 0 0 16 0 0 0 0 0 0 0 0 0 0 0 0 0 0 18 0 0 0 0 0 22 0 0 0 18 0 0 0 0 0 0 0 0 14 0 0 0 0 0 0 0 17 0 0 81 63 0 4 1 63 0 0 9 0 0 0 0 0 0 0 0 0 0 0 0 0 0 12 0 0 0 0 
 0 64 0 2 0 0 2 0 0 0 0 0 0 1 0 0 0 0 0 0 2 1 0 0 1 191 0 0 0 0 0 2 0 0 4 0 0 0 0 0 282 71 42 67 66 38 75 47 78 64 46 255 326 90 81 35 34 47 0 256 0 0 0 0 1 0 0 0 0 0 0 0 0 0 0 0 0 0 0 0 0 0 0 6 0 0 0 0 0 0 0 0 0 8 0 0 0 0 0 0 0 0 0 0 0 0 1 0 0 1 0 0 0 0 0 0 0 0 0 0 30 0 1 0 0 0 85 31 0 0 0 0 21 40 19 16 0 0 12 31 0 0 0 0 0 15 0 42 0 0 0 0 0 0 0 0 0 0 0 0 0 0 0 0 0 0 0 0 0 0 0 0 0 1 0 0 0 0 0 0 0 0 0 0 1 24 0 0 0 0 0 0 0 0 0 0 0 0 0 0 35 7 1 0 0 0 15 27 7 0 0 0 16 9 20 0 0 0 8 3 0 0 18 0 0 0 0 0 0 0 0 0 0 0 0 0 0 0 0 4 0 0 0 0 0 0 0 0 0 0 0 28 0 0 0 0 0 1 0 0 0 0 0 0 0 1 2 0 0 0 0 0 0 0 0 0 0 0 0 0 0 0 0 0 0 0 0 0 1 0 
 0 0 0 0 0 0 3 0 0 0 0 0 0 0 0 9 0 0 3 0 0 0 0 0 0 3 0 0 0 0 0 1 0 2 0 0 0 2 0 0 330 46 259 78 127 58 258 64 304 63 58 28 219 228 102 263 42 44 256 0 0 0 0 0 0 0 0 0 54 0 0 0 0 0 0 0 0 0 0 0 0 0 0 0 0 0 0 0 0 0 0 0 0 0 0 0 0 0 0 0 0 0 0 0 0 0 0 0 0 0 0 0 0 0 0 0 0 0 0 12 11 64 0 5 3 0 15 8 16 0 0 3 0 14 63 10 4 11 0 4 0 0 0 0 0 0 0 0 0 0 0 0 3 0 0 0 11 0 4 0 0 0 0 0 0 0 0 0 0 0 0 12 0 24 0 0 0 0 0 5 0 0 0 0 0 0 0 0 0 0 0 0 0 0 1 0 0 0 0 0 11 12 15 0 10 0 30 8 8 31 14 0 21 11 10 27 11 8 7 0 0 0 0 0 0 0 0 0 0 0 0 8 0 0 0 0 0 0 0 11 0 0 16 0 0 0 0 0 0 0 0 4 0 0 0 0 0 0 0 0 0 0 0 0 0 0 1 0 2 0 0 0 0 0 0 0 0 0 0 0 0 0 8 0 3 0 0 0 0 0 
 2 2 57 2 2 2 2 3 3 3 3 2 2 5 2 2 2 3 2 2 2 2 2 2 51 2 2 2 2 2 2 2 2 2 0 2 2 2 2 2 0 0 0 2 0 0 0 0 0 0 0 0 0 2 0 3 0 0 0 0 0 107 79 55 45 32 515 293 270 39 26 30 62 135 214 42 27 28 57 167 0 0 0 0 0 0 0 0 0 0 0 0 0 0 0 0 0 0 0 0 0 0 0 3 0 0 0 0 0 0 0 0 0 0 0 0 0 0 0 0 0 0 0 0 0 0 0 0 0 0 0 0 0 0 0 0 0 0 0 0 16 20 23 1 0 0 0 0 36 0 1 1 0 5 4 27 17 24 0 0 0 0 0 0 0 0 0 0 0 0 0 0 0 0 0 0 0 0 0 0 0 0 3 0 0 0 3 3 0 3 3 0 0 0 3 0 3 0 3 0 0 0 0 0 0 0 0 0 0 0 0 0 0 0 0 0 0 0 0 0 18 21 11 5 0 0 0 38 33 54 1 0 7 0 1 29 68 31 0 0 0 0 0 0 0 0 2 0 0 0 0 0 0 0 8 0 0 0 0 0 0 0 0 2 0 0 34 0 0 0 0 1 0 2 0 0 0 0 0 0 0 0 0 0 15 0 0 0 0 0 
 2 0 0 0 0 0 0 0 0 0 0 25 0 2 0 0 0 0 0 0 0 0 2 0 0 0 20 0 0 0 0 0 0 0 0 49 0 0 0 0 0 53 0 0 0 0 0 0 0 0 0 0 0 0 0 0 4 0 0 0 107 0 281 52 44 37 106 314 237 50 60 53 61 96 219 158 176 45 268 264 0 0 0 0 0 0 0 0 0 0 0 1 0 0 0 0 0 0 0 0 0 0 1 0 10 0 0 0 0 0 0 0 0 0 0 0 0 0 0 0 0 0 0 0 0 0 0 0 0 0 0 0 0 0 0 0 0 0 0 2 0 0 19 22 4 1 0 0 22 10 14 22 0 0 0 18 15 19 0 0 0 0 0 0 0 0 0 0 0 0 0 0 0 0 0 0 0 0 2 0 0 0 0 0 0 0 0 0 0 0 0 0 0 0 0 0 0 0 0 0 0 0 0 0 0 0 0 1 0 0 0 0 0 0 0 0 0 0 0 0 1 1 41 0 22 2 0 1 1 50 23 1 3 3 1 0 37 28 0 2 8 0 0 0 0 0 0 0 0 0 0 0 0 0 5 0 0 0 0 0 0 0 0 0 0 0 18 0 0 0 7 2 1 106 3 0 0 0 0 0 0 0 0 0 0 0 0 3 0 0 
