 0 64 40 61 138 58 799 405 38 37 47 130 86 83 402 42 52 50 45 228 3 0 2 0 0 0 0 3 2 0 1 8 0 0 0 4 76 0 1 2 4 8 0 0 0 0 4 8 0 0 6 0 2 5 6 3 0 0 0 1 0 0 6 3 0 0 0 2 0 0 0 0 0 0 0 0 0 0 0 5 10 38 11 0 0 0 22 27 22 31 0 7 0 44 70 15 1 5 0 0 0 0 0 0 0 0 0 2 0 0 0 0 0 0 2 0 0 0 0 0 0 0 1 0 0 0 0 0 0 0 1 0 0 0 0 0 0 0 0 0 0 0 2 0 0 0 0 0 0 0 1 0 0 0 0 0 0 0 2 0 17 10 23 0 0 0 12 25 29 0 0 0 13 14 27 15 13 0 0 11 0 0 0 0 0 0 0 0 0 0 0 0 0 0 0 0 0 0 0 8 0 0 0 1 1 0 0 0 18 1 0 0 0 0 0 0 0 0 0 0 0 0 0 0 0 0 0 0 0 1 0 0 28 0 0 0 1 0 0 0 0 0 0 0 0 2 0 0 0 0 0 23 0 2 0 15 0 0 0 0 0 0 0 0 0 10 0 0 0 0 0 0 0 0 0 0 0 0 0 0 0 0 0 0 0 0 0 4 0 0 
 64 0 359 65 50 26 55 481 433 42 25 114 274 77 435 534 204 39 52 66 2 0 4 0 0 0 0 3 0 0 0 1 0 0 8 0 0 0 1 2 0 0 0 0 0 0 0 2 0 0 0 0 67 0 0 3 0 0 0 0 0 0 2 3 0 0 0 9 0 0 0 3 0 0 0 0 0 0 0 0 0 28 82 20 1 0 1 23 55 24 11 0 0 41 39 7 26 28 0 0 0 8 0 0 0 1 0 0 0 0 0 0 0 0 0 0 26 0 0 1 0 0 0 0 0 1 0 2 0 0 0 0 0 0 0 0 0 0 0 0 0 0 3 0 0 0 0 0 0 0 0 0 0 0 0 0 0 0 0 0 0 11 33 7 0 0 1 11 26 52 0 16 0 0 21 41 17 23 0 0 0 0 0 0 0 0 0 0 0 0 0 0 0 0 0 0 0 0 0 0 22 2 0 0 0 0 0 0 0 0 0 0 0 0 0 0 0 0 1 0 0 0 0 0 2 0 0 0 0 0 0 0 0 0 0 0 0 7 0 0 0 4 0 0 0 2 0 0 0 0 0 0 16 0 0 0 0 0 0 0 0 0 0 0 0 0 0 0 0 0 0 0 0 0 0 0 0 0 0 0 0 0 0 0 0 0 0 0 0 0 
 40 359 0 328 86 25 37 85 247 441 124 29 34 39 56 301 234 569 37 21 4 287 3 1 0 2 2 3 2 0 1 0 2 0 0 2 208 0 1 12 0 0 0 0 1 0 0 72 0 0 0 0 0 0 0 3 0 0 3 0 1 0 2 9 0 0 43 5 0 0 0 0 0 0 0 0 0 0 0 0 0 13 29 56 25 12 0 11 55 37 59 27 0 0 0 24 46 110 0 0 0 0 0 0 0 0 0 0 0 0 0 0 0 0 0 0 0 0 77 0 0 0 0 0 0 0 0 0 0 0 0 0 0 0 0 0 0 0 0 0 0 0 0 0 0 0 0 0 0 0 0 0 0 0 0 0 0 0 0 0 0 13 0 26 0 0 15 17 17 51 22 14 0 0 0 11 3 44 0 0 0 0 0 0 0 0 0 0 0 0 0 0 0 0 0 0 0 0 0 0 0 0 0 0 0 0 0 0 0 0 0 0 0 0 0 0 0 0 0 0 0 0 0 0 0 0 0 0 0 0 0 0 0 0 0 0 0 0 0 0 0 12 0 0 0 0 96 2 4 4 2 3 10 0 0 0 0 0 0 0 0 0 10 0 0 0 0 0 0 0 0 0 0 0 0 26 1 13 0 0 0 0 0 0 0 0 0 0 0 0 
 61 65 328 0 133 255 57 69 316 503 400 629 489 498 51 49 430 618 381 60 34 1 2 0 0 0 0 3 1 0 1 2 1 0 0 0 0 0 4 2 0 0 0 0 0 0 0 2 0 0 0 0 3 0 0 3 0 3 59 0 0 2 2 9 0 0 0 54 0 0 0 0 0 0 0 0 0 0 2 0 0 0 2 45 47 25 0 3 15 32 33 46 0 6 0 6 9 36 0 0 0 0 0 0 0 0 0 0 0 0 0 0 1 0 0 0 0 0 16 22 0 0 0 0 0 0 0 0 0 3 0 0 21 0 0 0 0 0 0 0 0 0 0 0 0 0 0 0 0 0 0 0 0 0 0 0 0 0 0 0 0 2 0 20 1 22 0 0 0 16 50 15 0 0 0 0 0 14 0 0 0 0 0 0 0 0 0 0 0 0 0 0 0 0 0 0 0 0 0 1 0 0 0 0 0 0 0 0 0 0 0 0 0 0 0 0 0 0 0 0 0 14 0 0 0 0 0 0 0 0 0 0 0 0 0 0 0 0 0 0 0 11 0 0 0 4 48 0 2 94 0 0 0 0 0 0 2 0 0 0 0 0 33 0 0 0 0 0 0 0 0 0 0 0 0 27 9 14 0 0 0 0 0 0 0 0 0 0 0 0 
 138 50 86 133 0 397 40 48 101 124 332 888 58 87 87 83 46 36 66 91 2 1 3 0 0 0 0 4 0 0 0 0 0 0 1 0 57 0 0 4 0 0 0 0 1 0 0 33 0 0 0 0 2 0 0 3 0 2 0 0 0 0 2 12 0 0 0 3 37 0 0 0 0 0 0 0 0 0 0 0 0 0 0 0 40 37 8 0 0 0 23 22 0 2 0 0 0 7 0 0 0 0 0 0 0 0 12 0 0 0 0 0 22 0 2 0 0 0 86 47 0 0 2 12 0 0 0 0 0 0 2 0 0 0 0 0 0 10 0 0 0 7 1 0 0 0 0 0 0 0 0 0 0 0 0 0 0 0 0 0 2 0 0 0 41 9 0 0 0 11 46 9 1 0 11 0 0 0 0 0 5 0 0 0 0 0 0 0 0 0 0 0 15 1 0 0 0 0 67 1 0 0 0 2 2 0 0 0 0 2 0 0 0 0 0 0 0 0 0 0 0 14 0 0 0 0 0 8 0 2 0 0 0 0 0 0 2 0 0 0 0 0 0 0 0 3 3 0 3 6 2 3 0 2 0 0 0 0 0 0 0 0 1 0 0 0 0 0 0 0 0 0 0 0 0 1 1 0 0 0 0 0 0 0 0 0 0 0 0 0 
 58 26 25 255 397 0 28 29 47 58 63 282 148 254 37 77 48 61 45 74 2 74 2 0 0 0 0 3 1 2 2 0 8 0 0 0 1 0 276 2 0 0 0 0 1 0 0 2 0 0 0 0 0 0 0 3 0 0 0 0 0 0 2 5 1 0 0 2 0 0 0 0 0 0 0 0 0 0 0 0 0 0 0 1 22 20 0 0 0 0 0 1 0 0 0 0 0 0 0 0 0 0 0 0 0 2 11 0 0 0 0 0 79 7 1 0 0 0 30 47 0 0 0 10 2 0 0 1 0 0 0 0 0 0 0 0 0 0 0 0 0 4 0 25 0 0 0 0 8 0 0 0 0 0 0 0 0 0 0 0 0 0 0 0 28 4 0 0 0 0 2 16 0 0 0 0 0 1 0 0 0 28 0 2 0 0 7 0 0 0 0 0 31 34 0 0 1 0 57 32 0 0 0 0 0 0 0 0 0 0 0 0 0 0 0 0 0 0 2 0 0 0 0 2 0 0 0 4 0 0 0 0 0 0 0 0 0 0 0 0 0 0 0 0 0 3 0 0 1 0 0 4 0 0 0 0 0 0 0 0 0 0 0 0 0 0 0 0 0 0 0 0 0 0 0 0 0 0 0 0 0 0 0 0 0 0 0 0 0 0 
 799 55 37 57 40 28 0 312 37 39 26 30 688 351 249 42 67 27 83 352 2 0 2 0 0 0 89 3 0 0 2 1 0 0 0 0 1 0 2 2 0 0 3 0 1 0 0 2 0 0 0 1 0 0 0 3 0 0 0 0 0 0 2 3 0 0 0 2 0 0 0 0 0 0 0 0 0 0 0 0 24 25 1 0 0 0 55 14 0 23 0 0 0 29 34 20 0 0 10 11 0 0 0 0 0 0 0 0 0 0 0 0 0 0 0 0 0 0 1 0 0 0 0 0 0 0 0 0 0 0 0 0 0 0 0 0 0 1 10 0 0 10 0 0 0 0 0 0 0 0 4 0 0 0 0 0 0 0 0 0 36 12 9 0 0 0 13 36 15 2 2 0 5 30 13 1 5 0 0 61 1 0 2 0 0 0 0 0 0 0 0 0 0 0 0 0 0 0 0 0 0 2 0 0 0 0 0 0 11 0 0 0 1 0 0 0 0 0 0 0 0 0 0 0 0 0 0 0 0 0 0 0 1 0 0 0 0 0 2 0 0 0 0 0 0 1 2 0 0 2 2 0 1 0 0 0 0 0 0 0 2 0 0 0 0 0 0 0 0 0 0 0 0 0 0 0 0 0 0 0 0 0 0 0 0 0 0 0 0 0 
 405 481 85 69 48 29 312 0 305 64 31 44 70 366 73 136 348 39 58 55 2 0 4 0 0 0 0 5 0 23 0 1 0 0 2 0 0 0 2 10 0 0 0 0 1 0 0 2 0 0 0 0 0 0 0 3 1 60 0 0 0 0 44 3 0 0 0 10 0 0 0 0 0 32 0 0 0 0 0 0 0 60 17 17 1 0 14 46 34 44 0 0 0 26 69 40 29 49 0 0 0 0 0 0 0 0 0 0 0 0 0 0 0 0 0 2 0 0 0 0 0 0 0 0 0 14 0 19 0 0 0 0 0 0 0 0 0 0 0 0 2 17 0 0 0 2 0 0 0 0 0 0 0 0 0 0 0 0 0 0 18 25 30 19 0 0 1 37 25 23 1 4 20 15 9 26 34 12 0 0 0 0 0 0 0 0 0 0 0 2 0 0 0 0 0 0 0 0 0 0 0 0 0 0 0 0 0 0 0 0 0 0 1 0 0 0 0 0 0 0 0 0 0 0 0 0 0 0 0 0 1 0 1 0 0 0 0 0 0 0 0 0 0 0 0 0 2 2 2 0 2 0 1 0 0 0 0 0 0 0 0 0 1 0 0 0 0 0 0 0 0 0 0 0 0 0 0 0 0 0 0 0 0 0 0 0 0 0 0 12 
 38 433 247 316 101 47 37 305 0 487 31 248 293 134 146 305 296 637 73 51 109 0 2 2 2 0 0 110 0 0 0 0 0 0 1 0 0 0 2 5 0 0 0 0 0 0 0 2 0 0 0 0 17 0 0 3 0 0 0 0 0 1 3 3 0 0 0 4 0 0 0 0 0 0 0 0 2 0 0 0 0 13 36 33 10 1 1 11 39 14 27 19 0 4 1 27 35 65 0 0 0 0 0 0 0 0 0 0 0 0 0 0 0 0 0 0 1 0 0 0 0 1 0 0 0 0 0 0 0 0 0 0 0 0 0 0 2 0 0 0 0 0 0 0 0 0 7 0 0 10 0 0 0 0 0 0 0 0 0 0 0 24 15 31 2 1 0 14 11 31 20 11 0 1 15 69 25 39 0 0 0 0 0 0 0 0 0 0 0 0 0 0 0 0 0 0 0 0 0 0 0 0 0 0 0 0 0 0 0 0 1 0 0 0 0 0 0 0 0 0 0 0 2 0 0 0 0 0 18 0 0 0 0 0 0 0 0 0 0 11 0 10 0 0 0 1 5 1 2 4 0 0 10 0 0 0 0 0 0 0 0 0 9 0 0 0 0 0 0 0 0 0 0 0 0 7 1 17 0 0 0 0 0 21 0 0 0 0 0 0 
 37 42 441 503 124 58 39 64 487 0 602 276 47 102 310 848 285 112 69 310 2 2 2 0 0 0 0 3 0 0 74 0 0 0 0 0 0 0 1 2 0 0 0 0 0 2 0 2 0 0 0 0 9 0 0 3 0 4 0 0 0 0 3 3 0 15 0 2 0 0 0 0 0 0 0 0 0 0 0 0 0 0 24 23 22 14 0 0 39 25 27 39 0 0 0 10 23 79 0 16 0 0 0 0 0 0 0 0 0 0 0 0 0 0 0 0 0 0 95 0 0 0 0 0 0 0 0 0 0 0 0 0 19 0 0 0 0 0 0 0 0 0 0 0 1 0 0 0 0 1 0 0 0 0 0 0 0 0 0 0 16 0 0 19 1 44 0 0 9 38 9 37 0 0 0 11 0 31 0 0 0 0 0 0 0 0 0 0 0 0 0 0 11 0 0 0 0 0 0 0 16 0 0 0 0 0 0 0 0 0 0 0 0 0 1 0 0 0 0 0 0 0 0 0 0 1 1 0 1 0 0 0 0 0 0 0 0 0 0 0 0 5 0 0 0 0 176 0 0 173 3 10 13 0 0 0 0 0 0 0 0 0 2 0 0 0 0 0 0 0 0 0 0 0 0 35 17 13 0 0 0 0 0 0 0 1 0 0 0 0 
 47 25 124 400 332 63 26 31 31 602 0 352 39 32 74 112 276 310 28 67 4 4 3 1 2 4 1 4 1 2 1 2 2 2 2 2 3 4 2 3 2 2 1 1 0 1 0 2 1 2 1 1 9 2 0 5 0 5 0 2 2 3 4 8 0 2 0 4 0 2 31 2 2 2 0 0 0 2 0 0 0 0 0 58 35 53 0 1 10 33 24 31 0 0 2 0 0 11 0 0 0 0 0 0 0 0 0 0 0 1 1 0 6 0 0 0 0 0 26 1 0 7 0 0 0 0 0 0 0 0 0 0 32 0 0 0 0 0 0 0 0 0 0 0 15 0 0 0 0 0 0 0 0 3 0 0 0 0 0 0 0 2 2 19 1 11 0 1 0 17 45 14 0 0 0 0 0 18 1 0 0 0 0 0 0 0 0 2 0 0 9 0 0 0 0 0 0 0 0 0 0 0 0 0 0 0 0 0 0 0 0 0 0 0 0 0 0 0 0 0 0 15 0 0 0 1 0 0 0 0 0 0 0 0 0 0 0 0 0 0 0 12 0 0 0 2 59 0 0 48 0 0 0 0 0 0 0 2 1 0 0 0 19 1 0 0 3 0 0 0 0 0 0 0 2 31 0 15 0 0 0 0 0 0 0 0 0 0 0 0 
 130 114 29 629 888 282 30 44 248 276 352 0 232 39 18 47 98 92 33 36 2 0 2 0 0 0 0 3 1 0 2 86 0 0 0 0 41 0 0 2 0 0 0 0 0 62 0 2 0 0 0 5 3 0 0 3 2 4 0 0 0 0 2 26 0 0 0 2 0 0 0 0 0 0 0 0 0 0 0 0 0 0 0 17 57 62 1 0 0 21 16 42 0 0 0 0 0 11 2 0 1 0 0 0 0 0 19 0 0 0 17 0 16 0 0 1 0 0 34 26 0 0 0 10 0 0 0 0 2 0 0 1 19 0 0 0 0 0 0 0 0 0 0 0 0 0 0 0 0 0 0 0 0 0 0 0 0 0 0 0 0 1 10 11 33 12 0 0 0 20 37 27 0 0 6 0 0 1 1 0 0 0 0 0 21 0 0 2 0 0 0 0 1 0 0 0 0 0 3 0 0 0 0 0 1 0 0 0 0 0 0 0 0 0 0 9 0 0 0 0 0 10 0 0 0 0 0 0 0 0 0 0 0 0 0 0 0 0 0 0 0 5 0 0 0 5 190 0 21 195 0 0 0 0 0 0 0 0 0 0 0 0 19 0 0 0 0 0 0 0 0 0 0 0 0 13 14 0 0 0 0 0 0 0 0 0 0 0 0 0 
 86 274 34 489 58 148 688 70 293 47 39 232 0 72 33 22 21 33 494 159 2 1 3 0 0 0 0 3 0 0 0 0 0 0 1 1 0 0 1 3 0 0 0 0 1 0 0 2 69 0 0 0 0 0 0 3 0 0 0 0 0 0 2 3 0 0 0 3 45 0 0 0 0 0 0 0 0 0 0 0 39 11 2 0 0 9 33 8 0 0 0 0 43 15 23 20 0 1 8 5 0 0 0 0 0 0 0 0 0 0 0 0 0 0 0 1 0 0 0 0 0 0 0 0 0 0 0 0 0 0 0 0 0 0 0 0 0 0 0 0 1 0 0 0 0 0 0 0 0 0 11 0 0 0 0 0 0 0 0 0 14 10 0 0 0 0 20 7 9 0 0 0 56 21 22 1 10 0 9 32 0 0 0 0 0 2 0 0 2 1 0 0 0 0 0 0 0 0 0 0 0 0 0 0 0 0 0 0 47 0 0 0 0 0 0 1 0 0 0 0 0 0 0 0 0 0 0 0 0 0 2 0 0 0 0 0 0 0 0 0 0 0 0 0 0 2 2 0 3 0 0 0 0 0 0 0 0 0 0 0 0 0 0 0 0 0 0 0 0 0 0 0 0 0 0 0 0 0 0 0 0 0 0 0 0 0 0 0 0 0 
 83 77 39 498 87 254 351 366 134 102 32 39 72 0 367 57 19 28 98 177 2 0 2 0 2 0 0 3 0 0 0 0 1 0 2 0 0 0 1 2 0 0 0 0 0 0 30 2 0 0 0 0 0 0 0 3 0 0 0 0 0 0 3 3 0 0 50 2 0 0 0 0 0 0 0 0 0 0 5 0 12 28 22 0 0 0 12 17 23 15 0 0 0 32 53 0 0 1 0 0 0 0 0 0 0 0 0 0 0 0 0 0 0 6 0 0 0 0 0 0 0 0 0 0 0 0 0 0 0 0 0 0 14 0 0 0 0 0 0 0 0 0 0 0 0 0 0 0 0 0 1 0 0 0 0 0 0 0 1 0 6 10 10 0 7 0 10 23 16 3 0 0 12 13 12 10 12 0 0 1 0 0 0 0 0 0 0 0 0 0 0 0 15 0 0 0 0 0 0 0 0 0 0 0 0 0 0 0 18 0 0 0 0 0 0 0 0 0 0 0 0 0 0 0 0 0 0 0 0 0 0 0 0 5 0 0 0 0 0 0 0 0 0 0 0 0 0 0 1 0 0 2 0 0 0 0 0 0 0 0 0 0 0 1 0 0 0 0 0 0 0 0 0 16 0 0 0 0 0 0 0 0 0 0 0 0 0 0 0 0 
 402 435 56 51 87 37 249 73 146 310 74 18 33 367 0 424 59 26 52 105 2 0 2 1 205 3 0 3 1 3 0 77 0 0 1 0 0 3 2 3 2 2 0 3 62 0 2 2 0 0 2 2 0 0 0 6 0 2 0 0 0 1 4 3 6 3 3 9 0 0 4 4 1 1 0 0 43 0 2 0 0 58 18 28 1 1 29 31 53 33 0 0 0 44 54 20 41 41 0 0 0 0 0 0 0 0 0 0 0 0 0 0 20 0 0 0 1 0 0 0 0 0 0 0 0 0 24 0 0 0 0 0 0 0 0 12 2 0 0 0 0 0 0 10 0 0 0 0 0 0 0 0 0 0 0 0 0 0 0 0 16 30 30 10 2 19 1 37 28 24 1 0 0 28 9 26 22 21 0 0 0 0 0 0 0 0 0 0 0 0 0 0 0 0 0 0 0 0 0 0 0 0 0 0 0 0 0 0 0 0 1 0 0 0 0 0 0 0 0 0 0 0 2 0 0 0 0 0 0 0 0 0 0 0 0 0 0 0 0 0 0 0 0 0 0 2 1 0 0 0 1 20 1 0 0 0 0 0 0 0 2 0 1 0 0 0 0 0 1 0 0 0 0 0 0 0 0 0 0 0 0 0 0 0 0 0 0 0 0 0 
 42 534 301 49 83 77 42 136 305 848 112 47 22 57 424 0 169 307 19 68 4 0 7 0 0 0 0 6 1 0 2 2 0 0 3 2 1 0 2 2 0 4 0 0 1 0 0 2 0 5 0 0 0 2 4 8 1 0 0 0 4 2 2 3 0 0 8 7 0 0 0 0 0 0 0 4 0 0 0 0 0 15 32 44 17 0 0 20 43 13 26 0 0 68 18 45 30 41 0 0 0 0 0 0 0 0 0 0 0 0 0 0 0 0 0 0 0 0 0 0 0 2 0 0 0 0 0 0 0 0 0 0 0 0 0 0 1 0 0 0 0 0 0 4 0 0 0 0 0 0 0 0 0 0 0 0 2 0 0 0 1 34 9 23 0 0 0 10 14 24 17 12 0 1 6 44 30 31 0 0 0 0 0 10 0 2 0 0 2 0 0 0 0 0 0 0 0 0 0 0 0 0 0 0 0 0 0 0 0 0 0 0 0 0 0 2 0 0 0 0 0 0 0 0 0 0 0 0 0 0 0 0 0 0 0 0 14 0 0 0 0 7 0 0 0 2 2 0 0 1 0 3 14 0 0 0 0 0 0 0 2 0 10 0 0 0 0 0 0 0 0 0 0 0 0 9 0 13 0 0 0 0 0 0 0 0 0 0 0 0 
 52 204 234 430 46 48 67 348 296 285 276 98 21 19 59 169 0 538 42 32 2 1 3 1 0 0 3 3 0 0 0 0 0 0 1 4 0 2 1 1 0 2 0 0 0 6 2 2 0 0 6 0 0 0 2 3 0 0 0 0 0 4 3 3 0 0 0 6 8 1 4 0 2 6 0 4 0 0 0 0 0 12 20 10 15 0 1 6 30 27 28 17 0 0 1 20 48 33 0 0 0 0 1 0 0 0 0 0 0 0 0 1 0 2 0 0 0 2 21 0 0 0 0 0 0 0 0 0 0 0 0 0 0 2 0 0 0 0 0 0 0 0 0 0 0 0 0 0 0 0 0 1 0 0 1 0 0 0 0 8 0 16 0 14 2 0 0 9 12 45 14 14 0 1 0 26 2 36 0 0 0 2 0 0 2 0 0 0 0 0 0 0 0 0 1 12 0 0 0 0 0 0 0 0 0 0 0 0 0 0 0 0 0 0 0 0 0 1 0 0 0 0 0 0 0 0 0 0 0 0 0 2 0 0 0 0 0 0 9 0 0 14 0 0 0 0 87 1 1 137 1 2 10 0 0 0 0 0 0 0 0 0 10 0 0 0 1 0 0 0 0 0 0 0 0 17 13 12 0 0 0 0 0 0 0 0 0 0 0 0 
 50 39 569 618 36 61 27 39 637 112 310 92 33 28 26 307 538 0 238 446 2 0 3 0 0 0 0 3 0 0 0 0 74 0 0 0 2 0 1 3 0 0 0 0 2 0 0 2 0 0 0 0 11 0 0 3 0 2 0 0 0 0 2 4 0 0 0 4 0 0 0 2 0 0 31 0 0 0 0 0 0 0 30 20 16 27 1 0 40 31 30 40 0 0 0 11 24 14 2 0 1 0 0 0 0 0 0 0 0 1 0 0 0 0 0 0 0 0 21 0 0 0 0 0 0 0 1 0 2 0 0 0 20 0 0 0 0 15 0 1 0 0 0 0 0 0 0 0 0 0 0 0 1 0 0 0 0 0 0 0 0 3 1 24 1 19 0 1 33 37 7 30 0 0 1 10 2 42 1 1 0 0 0 0 0 0 0 2 25 0 17 0 0 0 0 0 0 0 1 0 0 0 0 0 0 0 0 0 0 0 0 0 0 0 0 0 0 0 0 0 0 0 0 0 0 0 0 0 0 0 0 1 0 0 0 0 0 0 0 1 0 6 0 0 0 2 174 2 3 175 3 2 14 0 0 0 0 0 0 0 0 0 2 0 0 0 0 0 0 0 0 0 0 0 51 14 19 10 0 0 0 0 0 0 0 0 0 0 0 0 
 45 52 37 381 66 45 83 58 73 69 28 33 494 98 52 19 42 238 0 371 2 0 3 0 0 1 0 3 2 0 1 0 2 0 0 0 2 0 2 3 0 0 0 0 44 0 0 10 0 0 0 0 0 0 0 3 0 0 0 0 0 0 2 3 0 0 0 3 0 0 0 0 0 0 0 0 0 0 0 0 30 0 0 0 0 0 27 0 0 0 0 0 23 1 13 1 0 0 11 40 0 0 0 0 0 0 0 0 0 0 0 0 0 0 0 0 0 0 0 0 0 0 0 0 0 0 0 0 0 0 17 0 0 0 15 0 0 0 0 0 0 0 0 0 0 0 0 0 0 0 11 0 0 0 0 0 0 10 0 21 13 0 0 0 0 0 24 0 0 0 10 0 39 25 0 1 0 0 1 63 0 0 0 0 0 0 0 0 0 9 0 0 0 0 0 0 0 0 0 0 0 3 0 0 0 0 0 0 0 0 0 0 0 0 0 0 0 0 0 0 0 0 0 0 0 0 0 14 0 18 0 0 0 13 0 0 0 0 0 0 0 0 0 0 0 1 2 0 0 0 1 2 0 0 0 0 0 0 0 0 0 0 0 0 0 0 0 0 0 0 0 0 0 0 0 0 0 0 0 0 0 0 0 0 0 0 0 0 0 0 
 228 66 21 60 91 74 352 55 51 310 67 36 159 177 105 68 32 446 371 0 2 0 4 0 0 0 0 7 0 4 0 0 0 0 2 0 0 0 1 3 0 0 0 0 2 0 0 2 0 0 0 0 0 0 0 3 0 2 0 0 0 0 2 3 0 0 0 3 0 0 0 0 0 0 0 4 0 0 0 0 41 9 1 0 0 9 26 6 0 13 0 1 45 14 16 30 0 0 5 3 0 0 0 0 0 0 0 0 0 0 0 0 0 0 0 0 0 0 1 0 0 0 0 0 0 1 0 0 0 0 0 0 0 0 0 0 0 1 0 0 0 1 0 0 0 0 0 0 0 0 6 0 0 0 0 0 0 0 0 0 11 10 19 0 0 0 21 1 4 1 2 0 42 22 19 1 10 0 9 28 0 0 2 0 0 0 0 0 0 0 0 6 0 0 0 0 0 0 0 0 0 0 0 0 0 0 0 0 18 0 0 0 1 0 0 0 0 0 0 0 0 0 0 0 0 0 0 0 0 0 0 0 1 0 0 1 0 0 2 0 0 0 0 0 0 2 0 1 0 0 2 0 89 0 0 0 1 0 0 0 0 0 0 0 0 0 0 0 0 0 0 0 0 0 0 0 0 0 0 0 0 0 0 0 0 0 0 0 0 0 
 3 2 4 34 2 2 2 2 109 2 4 2 2 2 2 4 2 2 2 2 0 82 56 266 27 109 390 581 241 237 49 32 83 108 342 47 40 42 38 337 3 0 0 0 0 2 3 2 0 5 3 0 0 0 40 0 0 0 62 0 0 0 0 0 89 1 0 3 0 0 0 2 0 0 0 0 0 0 0 0 0 0 0 0 0 0 0 0 0 0 0 0 0 1 0 0 0 0 0 0 48 18 53 0 0 0 40 24 40 0 13 0 0 20 34 11 37 10 0 12 0 0 0 0 0 0 0 0 0 0 0 0 0 0 0 0 0 0 0 0 0 0 0 0 0 6 0 0 0 0 0 0 0 0 0 0 11 0 0 0 2 0 0 2 0 0 0 0 0 0 0 0 0 0 0 2 0 0 0 0 45 34 35 0 0 0 1 35 21 10 1 0 0 43 39 49 38 98 0 0 0 0 14 0 0 0 0 0 0 0 0 0 0 0 0 0 0 0 0 0 0 0 0 0 0 0 0 0 0 0 58 0 0 0 0 0 0 0 0 0 0 0 0 0 0 0 0 0 0 0 0 0 0 0 5 0 2 0 0 0 5 0 0 0 0 0 1 0 0 0 0 0 0 0 0 0 0 0 0 0 0 0 0 0 0 0 0 0 0 0 
 0 0 287 1 1 74 0 0 0 2 4 0 1 0 0 0 1 0 0 0 82 0 414 115 59 34 272 423 348 131 243 205 62 119 377 627 346 59 34 242 7 0 0 0 0 3 3 1 0 4 3 63 0 0 3 0 0 0 0 0 0 0 0 0 0 1 0 3 0 0 0 2 0 0 0 0 0 0 0 2 0 0 0 0 0 0 0 0 0 0 0 0 0 0 2 0 0 0 0 0 1 1 35 11 23 0 1 11 78 14 39 0 0 0 8 47 31 23 0 0 0 0 0 0 0 0 1 0 0 0 0 0 0 0 0 0 0 0 0 0 0 0 0 0 0 0 0 0 0 0 0 4 0 0 0 0 0 0 0 0 5 0 0 0 2 0 0 0 0 0 0 0 0 0 0 0 0 0 0 0 8 21 20 42 11 0 0 2 24 21 10 9 0 4 9 40 31 23 0 0 0 0 0 0 0 15 0 0 0 0 0 0 0 0 0 0 0 0 0 0 0 0 0 0 0 0 0 0 0 0 0 0 0 0 0 0 0 0 0 0 0 0 11 0 0 0 0 0 0 0 0 0 0 0 25 2 0 0 0 0 2 16 0 0 0 0 11 0 0 0 0 0 0 0 0 0 0 2 0 0 0 19 0 0 0 0 11 0 0 0 
 2 4 3 2 3 2 2 4 2 2 3 2 3 2 2 7 3 3 3 4 56 414 0 128 149 39 57 78 458 369 266 44 72 54 63 255 184 346 25 55 9 2 0 0 0 2 3 2 0 3 3 10 0 62 0 0 0 0 0 0 0 0 3 0 0 0 0 4 0 0 0 2 0 0 0 0 0 0 0 9 0 1 0 0 0 2 0 0 0 0 0 0 0 0 0 0 0 0 0 0 0 0 58 24 26 0 0 0 5 41 50 27 0 0 0 50 24 53 1 0 0 0 0 0 0 0 0 0 0 12 0 0 0 1 0 2 0 0 0 0 0 0 0 0 0 0 0 2 0 13 0 4 0 0 0 0 0 0 0 0 7 0 0 0 2 5 0 7 0 0 0 0 0 0 0 0 0 0 0 1 0 30 8 33 46 0 0 0 8 35 20 59 1 0 0 14 11 21 2 0 0 0 0 0 0 0 0 0 0 0 0 0 0 10 0 0 0 0 0 0 0 0 0 0 0 0 0 0 0 0 0 0 0 0 12 0 0 1 0 0 0 0 4 0 0 0 0 0 0 0 0 0 0 0 2 0 0 5 8 0 36 12 0 0 0 0 19 0 0 0 0 0 0 48 0 0 0 0 0 0 0 14 0 0 0 0 26 0 0 0 
 0 0 1 0 0 0 0 0 2 0 1 0 0 0 1 0 1 0 0 0 266 115 128 0 84 46 65 359 313 620 198 339 84 83 304 45 56 376 307 65 2 0 0 0 0 3 4 6 0 3 3 0 0 0 0 0 0 0 0 0 0 0 0 0 29 2 0 3 0 0 0 2 0 0 0 0 0 0 0 46 0 0 0 0 0 0 0 0 0 0 0 0 0 0 0 0 0 0 0 0 0 2 0 31 27 24 0 0 0 29 20 52 0 0 0 1 1 25 0 0 0 0 0 0 0 0 0 0 0 0 0 0 20 0 0 0 0 0 25 0 0 0 0 0 0 23 0 3 5 0 0 0 0 0 2 3 0 0 0 0 0 0 1 1 0 0 0 0 0 0 2 0 0 2 1 2 0 0 0 1 0 0 0 20 18 12 0 0 0 8 26 24 0 0 0 1 0 19 0 0 0 0 0 0 0 0 0 0 0 0 8 0 11 0 0 0 0 0 22 0 0 0 0 0 0 9 0 0 0 2 2 0 0 0 14 0 0 0 0 9 0 0 0 0 0 0 0 0 0 0 0 0 0 0 9 0 2 44 82 0 15 1 0 0 0 0 1 0 0 0 0 0 0 0 0 0 0 10 0 0 0 0 0 0 0 0 0 0 0 0 
 0 0 0 0 0 0 0 0 2 0 2 0 0 2 205 0 0 0 0 0 27 59 149 84 0 344 252 60 57 73 81 346 69 47 84 113 78 52 93 303 2 1 0 0 0 3 3 1 0 3 4 0 0 0 0 0 0 0 0 1 0 0 0 0 1 4 3 3 0 0 0 3 0 0 0 0 8 0 0 0 0 0 0 0 0 0 0 0 0 0 0 0 0 0 0 0 0 0 0 0 0 0 0 0 10 22 0 0 0 0 1 14 0 0 12 0 0 0 0 0 0 0 2 0 0 0 0 0 0 0 0 0 49 12 0 0 0 0 51 34 0 0 0 0 0 0 0 3 2 0 0 0 0 0 0 5 0 1 0 0 0 0 13 2 0 0 0 0 0 0 2 0 4 2 1 0 0 2 0 0 0 0 0 0 3 49 0 0 0 1 1 19 0 0 0 0 0 0 0 0 29 0 0 2 0 0 25 1 0 7 0 0 34 1 0 0 0 0 31 16 0 0 0 0 0 0 0 0 0 10 0 0 0 0 0 0 0 0 0 0 0 0 0 0 0 0 0 0 0 0 0 0 0 0 0 0 7 5 2 1 2 0 0 0 0 0 0 0 0 0 0 0 0 0 0 0 0 0 0 0 0 0 0 0 0 0 0 0 0 0 
 0 0 2 0 0 0 0 0 0 0 4 0 0 0 3 0 0 0 1 0 109 34 39 46 344 0 54 42 39 277 158 275 26 51 52 292 279 43 58 265 2 25 0 0 0 3 3 2 0 3 3 0 2 0 0 0 0 62 124 2 52 0 0 0 1 3 7 3 0 0 0 4 0 0 0 0 16 0 0 0 0 0 0 0 0 0 0 0 0 0 4 0 0 0 0 0 0 0 0 0 9 0 0 0 0 28 0 0 0 0 0 0 0 0 0 0 0 0 0 0 13 0 0 0 0 0 21 1 7 0 0 0 11 28 0 0 0 0 27 41 0 0 0 0 0 0 0 2 0 0 0 14 0 0 0 3 2 0 0 0 0 1 0 0 0 0 0 0 0 0 0 0 0 0 0 0 9 1 0 0 0 0 0 0 0 29 0 0 0 0 0 13 13 0 0 0 0 0 0 0 10 0 0 0 0 0 34 0 0 0 0 0 18 114 12 0 0 0 18 68 0 0 0 0 0 0 0 16 0 0 0 0 0 0 0 0 0 0 0 0 0 0 0 0 0 0 0 0 0 0 0 0 0 0 4 0 4 5 0 4 5 0 0 0 0 0 0 0 0 0 0 0 0 0 0 0 0 0 0 0 0 0 0 0 0 0 0 0 0 0 
 0 0 2 0 0 0 89 0 0 0 1 0 0 0 0 0 3 0 0 0 390 272 57 65 252 54 0 107 59 29 54 35 415 291 38 472 34 27 45 326 2 4 0 0 0 4 3 2 0 3 3 0 0 0 0 0 0 0 0 0 0 0 6 0 3 58 0 3 0 1 0 2 0 51 0 0 0 0 0 6 0 0 0 0 0 0 0 0 0 0 0 0 0 0 0 0 0 0 0 0 86 42 2 0 0 7 31 26 1 0 0 0 2 23 45 0 50 1 1 0 0 0 0 0 0 0 0 0 0 0 0 0 0 0 0 0 0 0 0 0 0 0 0 0 0 2 0 0 0 0 0 0 0 0 0 0 0 0 0 0 0 0 0 4 0 0 0 0 0 0 0 0 0 0 0 4 0 0 0 0 21 35 31 0 0 0 24 44 15 22 0 0 12 26 33 13 24 13 1 17 0 0 0 0 0 0 0 0 0 0 0 0 0 0 0 0 0 0 0 0 0 0 0 0 0 0 0 0 0 0 0 0 0 0 0 0 0 0 0 0 0 0 0 0 0 0 0 0 0 0 0 0 0 0 0 0 2 0 0 0 2 2 14 0 0 0 0 0 0 0 0 0 0 0 0 0 0 0 0 0 0 0 0 0 0 0 0 0 0 0 
 3 3 3 3 4 3 3 5 110 3 4 3 3 3 3 6 3 3 3 7 581 423 78 359 60 42 107 0 79 47 46 28 81 526 247 408 19 16 268 51 7 0 0 0 0 2 3 2 0 6 3 0 0 0 4 1 0 0 0 0 0 0 0 0 0 1 0 3 0 0 0 2 0 0 0 0 0 0 0 0 0 0 0 0 0 12 0 0 0 0 0 0 0 0 1 0 0 0 0 0 44 33 11 1 1 0 17 33 58 10 22 0 0 14 10 49 59 21 0 0 0 0 0 0 0 0 0 0 0 0 0 0 15 0 0 0 0 0 0 0 0 0 0 0 0 0 0 0 0 0 0 3 0 0 0 0 0 0 0 0 2 0 0 0 0 0 0 0 0 0 0 0 0 0 0 0 0 0 0 2 9 32 26 10 0 0 0 25 28 26 0 0 0 24 45 32 26 32 1 0 0 0 0 0 0 0 0 0 0 0 1 0 0 0 0 0 0 0 0 15 1 0 0 0 0 0 0 0 0 0 0 0 0 0 0 0 0 0 0 0 0 0 1 0 0 0 0 0 0 0 0 0 0 0 2 0 0 0 0 2 1 2 0 0 0 0 19 0 0 0 0 0 0 0 0 0 0 1 0 0 0 0 0 0 0 0 2 0 0 0 
 2 0 2 1 0 1 0 0 0 0 1 1 0 0 1 1 0 0 2 0 241 348 458 313 57 39 59 79 0 402 56 44 91 108 89 273 203 334 106 73 11 2 1 1 0 3 3 1 0 3 3 3 0 0 0 3 0 0 0 62 0 0 0 1 2 3 0 3 0 0 8 2 0 1 2 0 0 0 0 13 0 0 0 0 0 0 0 0 0 0 0 0 0 0 0 0 0 2 0 0 0 0 28 30 37 0 0 1 5 59 44 18 0 0 0 51 14 66 0 0 0 0 0 0 0 0 0 0 21 0 0 0 0 0 0 0 0 0 0 0 12 0 0 0 0 0 0 0 1 0 19 6 0 0 0 0 0 0 0 0 5 0 0 0 0 0 0 0 0 1 0 0 0 0 0 0 0 0 0 0 0 13 20 40 39 0 0 0 8 42 25 48 0 1 1 14 10 16 0 0 0 0 0 0 0 0 0 10 0 0 0 0 0 0 0 0 0 0 0 0 14 0 0 0 0 1 0 0 0 0 0 0 0 0 0 0 0 0 0 0 0 0 2 0 0 0 0 0 1 0 0 0 0 0 9 0 0 13 3 2 13 11 0 1 0 0 14 0 0 0 0 0 0 0 0 0 0 0 0 0 0 10 0 0 0 0 6 0 0 0 
 0 0 0 0 0 2 0 23 0 0 2 0 0 0 3 0 0 0 0 4 237 131 369 620 73 277 29 47 402 0 428 63 262 141 113 339 594 87 94 136 5 0 0 0 0 1 4 8 0 3 2 0 0 63 0 1 0 0 0 0 0 0 1 1 50 51 0 2 0 0 0 2 0 0 0 0 0 0 0 3 0 0 0 0 2 1 0 0 0 0 0 0 0 2 0 0 0 0 0 8 0 0 25 32 51 27 0 0 17 26 22 52 0 2 0 0 0 16 0 0 0 2 0 0 0 0 0 0 0 0 0 0 0 0 2 1 0 0 21 0 0 0 0 0 0 1 0 0 1 0 0 1 0 0 0 0 0 0 0 1 5 0 0 0 0 0 0 0 2 0 0 0 0 0 0 0 0 0 0 12 0 0 12 43 31 0 0 0 6 18 37 26 2 0 0 0 0 10 6 0 0 0 0 0 0 0 0 0 0 0 0 0 1 0 0 0 0 0 0 1 0 0 0 0 0 1 1 0 0 0 0 0 0 0 0 0 1 0 0 0 0 0 10 0 0 1 0 0 0 0 0 0 0 0 8 0 2 151 155 0 18 23 0 0 0 0 0 0 0 0 0 0 0 0 0 0 1 0 0 0 0 18 0 0 0 0 11 0 0 0 
 1 0 1 1 0 2 2 0 0 74 1 2 0 0 0 2 0 0 1 0 49 243 266 198 81 158 54 46 56 428 0 393 38 17 71 109 319 364 250 74 2 0 0 2 0 3 3 5 0 5 3 0 0 0 0 0 0 0 0 0 0 0 0 0 45 1 0 3 0 0 0 2 0 0 0 82 0 0 0 0 0 0 0 0 0 0 0 0 0 0 0 0 0 0 0 0 0 0 0 11 0 0 0 37 31 27 1 0 0 23 28 66 0 0 0 0 0 34 0 0 0 0 0 0 0 0 0 0 0 0 0 0 22 0 0 0 0 0 35 0 0 0 0 0 0 0 0 5 38 0 0 0 0 0 0 1 0 0 0 0 0 0 0 0 0 0 0 0 0 0 0 0 0 0 0 0 0 0 0 0 0 0 0 24 23 22 0 0 2 11 35 25 0 0 0 0 0 13 0 0 0 0 0 0 0 0 3 1 0 0 0 1 10 0 0 0 0 0 24 0 0 0 0 0 0 0 0 0 0 0 0 2 0 0 0 0 0 0 0 0 0 0 1 0 0 0 0 0 0 0 0 0 0 0 16 1 2 56 45 4 18 0 0 0 0 0 0 0 0 0 0 0 0 0 0 0 0 0 0 0 0 0 0 0 0 0 0 0 0 0 
 8 1 0 2 0 0 1 1 0 0 2 86 0 0 77 2 0 0 0 0 32 205 44 339 346 275 35 28 44 63 393 0 36 244 45 481 60 84 42 35 4 2 0 2 4 69 6 7 0 4 38 3 0 2 3 0 0 3 3 0 0 0 0 1 58 1 2 4 0 3 0 3 3 0 52 0 7 0 0 3 0 0 0 0 0 0 0 0 0 0 0 0 0 0 0 0 0 0 0 0 0 0 13 8 76 17 0 0 0 13 0 46 6 8 0 12 0 0 12 0 0 0 0 0 0 0 13 0 0 0 0 0 33 0 0 7 0 0 82 0 0 0 0 0 0 0 0 2 10 0 0 0 0 0 0 5 0 0 0 0 0 0 1 0 0 0 0 0 0 0 0 0 0 0 0 0 0 0 0 0 0 0 0 13 8 45 0 0 14 2 28 14 0 0 0 0 0 0 0 0 0 0 0 0 0 0 4 1 0 0 0 0 47 0 0 0 0 0 9 11 0 0 0 0 0 0 0 0 0 0 14 1 0 0 0 0 0 0 0 0 0 0 0 0 0 0 0 0 0 0 0 0 0 0 13 0 3 155 175 2 1 0 2 0 0 0 0 0 0 0 0 0 0 0 0 0 0 0 0 0 0 0 0 0 0 0 0 0 0 0 
 0 0 2 1 0 8 0 0 0 0 2 0 0 1 0 0 0 74 2 0 83 62 72 84 69 26 415 81 91 262 38 36 0 137 36 31 32 53 585 291 2 0 0 0 0 2 3 2 0 3 3 0 0 0 0 0 0 0 0 0 7 0 0 0 3 32 0 3 0 0 0 2 0 0 0 0 0 0 0 0 0 1 0 0 0 2 0 0 0 0 0 0 0 0 0 0 0 0 0 0 12 1 13 0 0 0 58 26 0 0 0 2 32 15 55 0 21 1 11 1 0 0 0 1 0 0 0 0 0 0 0 0 0 0 1 2 0 0 9 0 0 0 0 0 0 5 0 2 0 0 0 0 0 0 0 0 0 0 0 0 1 0 0 4 0 0 0 0 0 0 0 0 0 0 0 3 0 0 0 1 45 12 0 0 0 0 24 33 0 0 0 0 54 46 0 0 33 0 1 46 0 1 0 0 0 0 0 0 0 0 0 0 0 0 0 0 0 0 0 0 0 0 0 0 0 0 1 0 0 0 0 0 0 0 0 0 2 0 0 0 0 0 0 0 0 0 0 0 0 0 0 34 0 0 12 0 1 0 0 0 1 0 0 0 0 0 0 0 0 0 0 12 35 0 0 0 0 0 0 0 0 0 0 0 0 0 0 0 0 0 
 0 0 0 0 0 0 0 0 0 0 2 0 0 0 0 0 0 0 0 0 108 119 54 83 47 51 291 526 108 141 17 244 137 0 329 245 90 112 107 209 3 0 0 0 0 3 3 2 0 8 32 0 0 0 7 0 0 0 0 0 0 0 0 0 0 1 0 3 0 0 0 2 48 0 0 0 0 0 0 0 0 0 0 0 0 0 0 0 0 0 2 2 0 0 0 0 0 0 7 0 42 21 21 0 0 0 12 29 42 7 39 1 0 22 40 35 21 22 0 2 0 0 0 0 0 0 0 0 0 0 0 0 0 0 7 0 2 0 0 0 1 0 0 2 0 0 1 0 0 0 0 3 0 0 0 0 0 0 0 0 0 0 0 17 0 0 0 0 0 0 0 1 0 0 0 17 0 0 0 0 70 12 57 10 11 0 1 23 50 20 1 8 0 24 29 41 42 41 0 2 0 0 0 0 0 0 0 0 0 0 0 0 0 0 0 0 0 0 0 0 0 0 0 8 0 0 0 1 0 0 0 0 0 0 0 0 0 0 0 0 0 0 0 0 0 0 0 0 0 0 0 0 0 9 14 3 0 1 0 0 2 8 0 0 0 0 1 0 0 0 0 0 0 0 0 0 0 0 0 0 0 12 0 0 0 0 0 0 0 0 
 0 8 0 0 1 0 0 2 1 0 2 0 1 2 1 3 1 0 0 2 342 377 63 304 84 52 38 247 89 113 71 45 36 329 0 172 45 35 66 121 10 0 3 0 0 2 8 2 0 8 3 0 0 0 4 1 0 0 0 0 0 0 0 0 39 1 0 6 0 0 0 4 0 0 0 0 0 0 0 0 0 0 0 0 0 0 0 0 0 0 0 0 0 0 1 0 0 0 0 0 47 41 15 0 4 0 13 46 46 13 30 0 0 16 20 53 62 11 0 0 0 0 0 0 0 0 0 0 0 0 0 0 12 0 0 0 0 0 0 0 0 0 0 0 1 0 0 0 0 0 0 4 0 0 0 0 0 0 0 0 4 5 0 0 0 0 0 0 0 2 0 0 0 0 0 1 0 0 0 2 4 71 29 11 0 0 0 38 19 27 0 0 0 42 43 63 22 23 1 0 0 0 0 0 0 0 0 0 0 0 1 0 0 0 0 0 0 0 0 14 0 0 0 0 0 0 0 0 0 3 0 0 0 0 0 0 0 7 0 0 0 0 0 0 0 0 1 0 0 0 0 0 0 0 2 0 0 0 0 0 2 1 0 0 0 0 25 0 0 0 0 0 0 0 0 0 0 1 0 0 0 0 0 0 0 0 0 0 0 0 
 4 0 2 0 0 0 0 0 0 0 2 0 1 0 0 2 4 0 0 0 47 627 255 45 113 292 472 408 273 339 109 481 31 245 172 0 206 279 259 295 5 2 0 0 0 3 3 2 0 6 3 0 0 0 2 0 0 0 0 0 2 0 0 2 0 0 0 3 3 1 0 2 0 0 0 2 0 0 0 6 0 0 0 0 0 0 0 0 0 0 0 0 0 0 0 0 0 0 0 0 0 0 55 27 16 0 0 4 24 82 28 13 0 12 0 57 11 42 0 0 0 0 0 0 0 0 0 0 0 0 0 0 0 0 0 0 0 0 0 0 0 0 0 36 0 0 0 0 0 0 0 4 0 0 0 0 0 0 0 0 9 0 0 0 0 0 0 19 0 0 0 0 0 0 0 0 0 0 0 0 0 12 6 47 42 0 0 0 41 28 10 27 0 0 0 34 17 56 0 0 0 0 0 0 0 0 0 0 0 0 0 0 0 0 0 0 0 0 0 0 0 0 0 0 0 0 0 0 0 0 0 0 0 0 0 0 0 0 0 0 0 0 12 0 0 0 0 0 0 0 2 0 0 0 10 0 1 5 7 1 2 12 0 0 0 0 12 0 1 0 0 0 0 0 0 0 0 0 0 0 0 23 0 0 10 0 8 0 0 0 
 76 0 208 0 57 1 1 0 0 0 3 41 0 0 0 1 0 2 2 0 40 346 184 56 78 279 34 19 203 594 319 60 32 90 45 206 0 360 62 31 7 0 0 1 62 3 3 2 0 3 3 0 0 0 0 207 0 0 0 0 0 0 0 0 0 0 1 3 0 0 0 2 0 0 0 0 51 0 0 19 0 0 0 0 0 0 0 0 0 0 0 0 0 0 0 0 0 2 0 0 1 1 19 22 28 0 0 23 9 35 42 12 0 0 0 48 15 60 0 0 0 0 8 0 0 0 0 0 0 0 0 0 0 0 0 0 0 0 0 0 0 0 0 9 0 0 0 0 0 0 0 4 0 0 0 0 0 0 0 0 6 0 0 0 0 0 0 0 0 1 0 0 0 0 27 0 0 0 0 0 3 12 29 27 66 0 0 1 7 100 17 30 0 1 1 13 7 14 0 0 0 0 0 0 0 0 0 0 0 3 0 2 0 0 0 0 0 0 0 0 0 0 0 0 0 0 0 0 0 0 0 0 0 0 0 0 0 0 0 0 0 0 13 0 0 0 0 0 0 0 0 0 0 0 5 0 1 0 0 2 100 11 0 0 0 0 13 0 0 0 0 0 0 0 0 0 0 0 0 0 0 12 0 0 0 0 11 0 0 0 
 0 0 0 0 0 0 0 0 0 0 4 0 0 0 3 0 2 0 0 0 42 59 346 376 52 43 27 16 334 87 364 84 53 112 35 279 360 0 34 43 11 63 0 0 0 3 28 7 0 4 4 2 0 0 0 2 0 0 64 0 0 0 0 0 51 4 0 3 0 0 0 2 0 0 0 0 0 0 0 3 0 0 0 0 0 0 0 0 0 0 0 9 0 0 0 0 0 0 0 0 0 0 28 26 59 15 0 0 31 68 29 47 0 0 0 0 0 17 0 0 0 12 0 0 0 0 0 0 0 0 0 0 0 0 0 0 0 0 8 0 1 0 0 0 0 0 0 0 1 0 0 1 0 0 0 0 0 0 0 0 2 0 0 0 0 0 0 0 0 0 0 0 0 0 1 0 0 0 0 0 0 0 12 47 28 0 0 0 6 26 46 20 0 0 1 0 0 11 0 0 0 0 0 0 0 0 0 0 0 0 0 0 1 0 0 0 0 0 0 0 0 0 0 0 0 0 0 0 0 0 0 0 0 0 0 0 0 0 0 0 0 0 10 0 0 0 0 0 0 0 0 0 0 0 0 0 1 149 154 3 8 12 61 0 0 0 0 0 0 0 0 0 0 0 0 0 0 0 0 0 0 18 0 0 0 0 11 0 0 0 
 1 1 1 4 0 276 2 2 2 1 2 0 1 1 2 2 1 1 2 1 38 34 25 307 93 58 45 268 106 94 250 42 585 107 66 259 62 34 0 303 2 0 0 0 0 3 3 2 0 7 3 0 0 0 0 0 0 0 0 0 0 0 0 0 3 59 0 3 0 6 0 3 0 0 0 0 0 0 0 0 0 0 0 0 0 19 0 0 0 20 0 0 0 0 0 0 0 0 0 0 0 0 0 0 0 0 7 0 0 0 0 0 58 0 12 0 1 0 14 17 0 0 0 0 10 0 0 0 0 0 0 0 0 0 0 0 0 0 0 0 0 0 0 1 0 0 18 0 14 0 0 0 0 0 0 0 0 0 0 0 0 0 0 0 0 0 0 11 0 0 0 0 0 0 0 0 0 0 0 0 2 18 0 0 18 0 35 23 0 0 0 0 16 32 0 1 0 0 56 33 0 0 0 0 0 0 0 0 0 0 0 0 0 0 0 0 0 0 0 0 0 0 0 0 0 0 0 0 0 0 0 0 0 0 0 0 0 0 0 0 0 0 0 0 22 0 1 0 0 0 0 0 0 0 2 0 2 0 0 4 4 0 0 0 0 0 0 0 0 13 0 0 0 0 0 0 0 0 0 0 0 0 0 0 0 0 0 0 0 0 
 2 2 12 2 4 2 2 10 5 2 3 2 3 2 3 2 1 3 3 3 337 242 55 65 303 265 326 51 73 136 74 35 291 209 121 295 31 43 303 0 2 0 0 1 0 3 3 2 3 6 10 0 0 0 1 2 0 0 1 63 0 0 0 0 3 28 0 6 0 0 3 3 0 0 0 32 2 4 0 0 0 0 0 0 0 7 0 0 0 13 0 0 0 0 0 0 0 0 0 0 17 1 13 1 0 0 29 11 0 0 0 0 46 28 37 0 12 0 9 0 0 0 0 1 0 0 0 7 0 0 0 0 0 0 0 0 0 0 0 0 0 1 12 0 0 5 0 0 0 0 0 0 0 0 0 9 1 1 0 0 0 0 0 4 0 0 0 0 0 0 2 0 0 2 1 2 0 0 0 0 28 8 14 0 0 2 25 29 12 12 0 0 21 50 10 0 22 8 20 35 0 0 0 11 0 0 0 0 0 0 0 0 1 0 0 0 0 0 0 0 0 0 0 0 0 0 0 0 0 2 2 0 0 0 0 0 0 0 0 0 0 0 0 0 0 0 0 0 0 0 0 0 0 0 18 2 0 0 0 2 1 3 0 0 0 0 0 0 0 0 0 0 0 0 0 0 0 11 0 0 0 0 0 0 0 0 0 0 0 0 
 4 0 0 0 0 0 0 0 0 0 2 0 0 0 2 0 0 0 0 0 3 7 9 2 2 2 2 7 11 5 2 4 2 3 10 5 7 11 2 2 0 307 292 110 264 242 519 203 241 271 19 43 78 616 266 21 31 252 42 50 0 0 0 0 0 0 0 0 0 0 0 0 8 0 0 0 0 0 0 0 0 0 0 0 15 0 0 0 0 0 0 0 0 0 0 0 0 0 0 0 1 1 13 5 0 0 1 1 17 21 6 0 0 0 10 4 0 4 0 0 18 20 20 0 30 0 9 24 24 0 35 0 0 6 34 15 36 9 0 0 6 0 0 0 0 0 0 0 0 0 0 0 0 0 0 0 0 0 5 0 0 0 0 0 0 0 0 0 0 0 0 0 0 0 0 0 0 0 0 0 0 10 1 0 0 0 0 0 0 7 0 0 0 0 0 1 0 7 0 0 33 81 34 2 0 0 0 28 6 1 20 0 0 14 17 12 20 1 0 0 0 0 1 0 0 0 0 0 4 0 0 0 0 0 0 0 0 0 0 0 0 0 7 0 0 1 0 0 0 0 0 5 0 2 0 0 0 0 2 2 0 0 2 0 0 1 0 1 0 0 0 0 0 0 0 0 0 0 0 0 0 7 0 0 20 0 0 0 0 0 
 8 0 0 0 0 0 0 0 0 0 2 0 0 0 2 4 2 0 0 0 0 0 2 0 1 25 4 0 2 0 0 2 0 0 0 2 0 63 0 0 307 0 334 70 64 251 332 290 417 54 89 21 59 80 696 227 176 73 46 104 0 0 0 0 0 0 0 0 0 0 0 0 1 0 0 0 0 1 0 0 0 0 0 0 0 0 0 0 19 0 0 0 0 0 0 0 0 0 0 0 7 0 0 0 0 0 0 0 0 0 0 0 0 0 0 3 0 0 0 0 6 1 38 10 0 1 9 9 38 29 29 0 0 29 9 43 11 24 11 10 7 0 0 0 0 0 0 0 0 0 0 0 0 0 0 0 0 0 2 1 0 0 0 0 0 0 0 4 0 0 5 0 0 3 0 0 0 0 0 0 0 0 0 0 0 12 0 0 0 0 0 2 0 0 0 0 0 0 0 0 6 12 20 27 10 0 13 19 25 25 8 18 0 5 0 1 25 6 0 6 0 0 0 0 0 0 0 0 0 0 0 0 14 0 0 0 0 1 0 0 0 0 10 0 0 0 0 0 0 0 0 3 0 1 0 0 0 0 0 3 0 0 0 0 2 8 0 0 0 0 0 0 0 0 0 0 0 0 0 0 0 0 0 0 6 11 0 0 0 0 
 0 0 0 0 0 0 3 0 0 0 1 0 0 0 0 0 0 0 0 0 0 0 0 0 0 0 0 0 1 0 0 0 0 0 3 0 0 0 0 0 292 334 0 85 278 41 85 120 146 274 34 50 32 253 37 166 151 184 28 26 0 23 1 1 0 3 0 2 0 0 0 0 0 0 2 0 0 0 0 0 0 0 0 0 0 0 0 0 0 0 0 0 0 0 0 0 0 0 0 0 0 0 0 3 0 0 4 21 0 0 0 0 0 0 0 0 0 0 0 0 0 0 27 2 0 10 0 0 13 17 7 34 0 0 0 26 1 28 0 0 1 0 0 0 0 0 0 0 0 0 0 0 0 0 0 0 0 0 13 0 0 10 0 0 0 0 0 6 0 0 6 0 0 6 17 0 0 0 0 0 0 0 0 0 0 12 0 0 0 0 0 0 0 0 0 0 0 0 0 0 0 0 2 17 25 15 0 1 14 15 26 15 0 0 19 7 36 33 0 0 0 0 0 0 0 0 0 0 0 0 16 0 0 17 0 13 0 0 0 0 0 0 11 0 0 0 0 0 0 0 0 23 0 1 0 0 0 0 0 24 0 0 11 1 2 22 0 1 0 0 0 0 0 0 0 0 0 0 0 0 0 0 0 0 14 9 0 0 0 18 
 0 0 0 0 0 0 0 0 0 0 1 0 0 0 3 0 0 0 0 0 0 0 0 0 0 0 0 0 1 0 2 2 0 0 0 0 1 0 0 1 110 70 85 0 99 33 129 52 71 332 311 320 78 113 73 115 322 164 73 51 0 0 5 0 0 9 0 0 12 6 0 0 0 0 3 7 14 11 0 0 0 0 6 0 0 0 0 0 0 0 0 0 0 0 0 0 0 0 0 0 0 0 0 0 0 0 0 0 0 0 0 0 0 0 0 0 0 0 0 0 0 0 0 21 20 34 0 0 0 1 0 40 0 0 0 0 0 7 0 0 0 0 0 6 6 0 0 43 0 0 0 3 0 0 0 0 4 0 26 10 0 0 0 0 0 0 0 0 0 0 0 0 0 0 0 0 0 0 0 3 0 0 14 0 0 0 0 0 0 0 0 0 0 1 0 0 0 0 0 0 0 23 0 2 31 35 0 0 0 15 31 6 0 0 0 6 1 28 0 0 0 0 37 10 1 0 25 0 0 0 0 7 59 13 0 0 0 0 0 10 0 0 1 0 0 0 0 0 0 0 0 17 0 0 0 0 0 0 0 24 0 0 36 38 0 1 11 39 0 0 23 0 0 0 0 0 0 0 0 0 0 0 0 0 0 1 0 0 0 0 
 0 0 1 0 1 1 1 1 0 0 0 0 1 0 62 1 0 2 44 2 0 0 0 0 0 0 0 0 0 0 0 4 0 0 0 0 62 0 0 0 264 64 278 99 0 267 272 290 86 95 83 221 59 91 56 77 274 97 62 47 0 0 7 4 0 0 0 0 1 4 4 5 0 0 0 1 27 9 4 29 0 0 0 0 0 0 0 0 0 0 0 0 0 0 0 0 0 0 0 0 0 0 0 0 0 0 0 0 0 0 0 0 0 0 0 0 0 0 0 0 0 0 0 0 33 46 0 0 0 0 0 0 0 0 0 0 0 0 0 0 10 0 10 37 33 0 13 0 12 6 0 1 36 0 0 0 22 0 54 30 0 0 0 0 0 0 0 0 0 0 0 0 0 0 0 0 0 0 0 0 0 0 0 0 0 0 0 0 0 0 0 0 0 0 0 0 0 0 0 0 0 0 0 0 10 33 0 0 0 0 0 0 0 0 0 0 0 0 0 0 0 0 0 0 4 3 70 7 0 0 0 1 42 0 0 0 0 0 50 21 0 0 0 0 0 0 0 0 0 0 0 12 0 1 0 0 0 0 0 2 0 0 1 1 7 0 3 1 3 0 0 0 0 0 0 4 0 0 0 0 0 3 0 0 0 0 0 0 0 0 
 0 0 0 0 0 0 0 0 0 2 1 62 0 0 0 0 6 0 0 0 2 3 2 3 3 3 4 2 3 1 3 69 2 3 2 3 3 3 3 3 242 251 41 33 267 0 26 262 44 41 293 49 39 54 37 71 75 56 44 258 0 5 0 50 0 1 0 0 1 0 0 0 0 0 0 0 0 0 111 0 0 0 0 0 0 0 0 0 0 0 0 0 0 0 0 0 0 0 0 0 0 0 0 0 0 0 0 0 0 0 0 0 0 0 0 0 0 0 0 0 0 0 0 0 7 12 0 0 0 0 0 0 1 1 0 0 0 0 0 0 3 2 4 0 4 0 16 0 0 4 0 0 19 15 13 0 0 1 3 9 0 0 0 0 0 0 0 0 0 5 0 0 0 0 0 0 0 0 0 0 0 3 0 0 0 0 0 0 0 0 0 0 0 0 20 0 0 0 0 0 0 0 0 9 5 28 0 0 0 0 0 1 0 0 0 0 0 0 0 0 31 0 0 0 0 0 30 11 1 0 0 0 13 7 0 0 0 0 23 50 0 0 0 0 0 2 0 0 0 0 0 2 0 0 0 0 0 0 0 0 0 0 2 4 0 6 0 0 0 0 0 0 0 2 0 0 0 0 0 0 0 0 0 0 0 0 0 0 0 0 
 4 0 0 0 0 0 0 0 0 0 0 0 0 30 2 0 2 0 0 0 3 3 3 4 3 3 3 3 3 4 3 6 3 3 8 3 3 28 3 3 519 332 85 129 272 26 0 325 59 43 31 40 306 338 42 38 37 32 62 239 0 7 4 0 1 0 1 2 2 0 0 0 8 0 55 1 4 3 0 0 0 0 0 0 0 0 0 0 0 0 0 0 0 0 0 0 0 0 0 0 0 0 0 0 4 0 0 0 0 0 0 0 0 0 0 0 0 0 0 0 25 35 0 2 0 0 24 30 11 0 0 0 0 20 36 1 63 0 0 1 4 0 0 3 5 0 0 1 0 9 2 14 0 0 0 0 1 0 0 0 0 0 0 0 0 0 0 0 0 0 0 0 0 0 0 0 0 0 0 0 0 0 0 0 0 0 0 0 0 0 7 0 0 0 0 0 0 0 0 0 32 12 9 0 0 7 0 24 0 0 0 0 0 13 71 29 0 7 0 0 0 0 2 7 0 0 0 0 0 0 2 2 0 48 0 0 0 0 0 0 0 0 0 0 0 0 0 0 0 0 0 8 0 0 0 0 0 0 0 0 0 0 1 0 0 0 3 0 0 0 12 0 0 17 0 0 0 0 0 0 0 0 0 0 0 0 0 0 0 0 
 8 2 72 2 33 2 2 2 2 2 2 2 2 2 2 2 2 2 10 2 2 1 2 6 1 2 2 2 1 8 5 7 2 2 2 2 2 7 2 2 203 290 120 52 290 262 325 0 213 109 50 49 85 448 73 109 63 102 70 85 0 1 0 205 0 1 0 0 22 0 0 0 6 0 0 0 0 0 0 0 0 0 0 0 0 0 7 0 0 0 0 0 0 0 0 0 0 0 0 0 0 0 0 9 4 3 0 0 0 13 0 4 0 0 0 0 0 4 0 0 0 12 43 17 0 1 4 1 36 30 7 9 1 1 5 18 28 30 0 0 2 0 0 0 0 0 0 0 0 0 0 0 0 0 0 0 0 0 0 1 0 0 0 0 0 0 0 3 0 0 4 0 0 3 0 0 0 0 0 0 0 0 0 5 2 0 0 0 0 0 19 0 0 0 0 0 9 0 0 0 0 0 24 12 7 11 0 1 10 19 9 8 0 0 8 16 43 17 3 0 0 0 0 0 0 0 0 15 0 0 0 0 0 0 0 0 0 0 0 0 0 0 0 0 0 0 0 16 0 0 0 6 0 1 0 0 0 0 5 13 0 0 0 1 0 11 0 0 2 0 0 0 5 0 0 0 0 0 0 0 0 0 0 0 11 17 0 0 0 0 
 0 0 0 0 0 0 0 0 0 0 1 0 69 0 0 0 0 0 0 0 0 0 0 0 0 0 0 0 0 0 0 0 0 0 0 0 0 0 0 3 241 417 146 71 86 44 59 213 0 448 275 21 81 88 144 318 158 337 300 38 0 6 0 0 4 1 10 0 0 79 2 0 1 0 0 1 1 3 1 0 0 0 0 0 0 0 0 0 0 0 0 0 0 0 0 0 0 0 0 0 0 0 0 0 0 0 0 0 0 0 0 3 0 0 0 0 0 0 0 0 0 0 83 7 0 1 0 0 17 21 9 24 0 0 0 14 0 36 0 0 0 0 0 0 0 7 0 0 0 0 0 0 0 0 0 0 0 0 0 1 0 0 0 0 0 0 0 7 0 0 14 0 0 5 0 0 0 0 0 0 0 0 0 0 0 0 0 0 0 0 0 0 0 0 0 0 0 0 0 0 0 0 12 14 69 16 0 1 13 26 33 16 0 0 0 9 46 34 0 0 0 0 0 0 0 0 0 0 0 0 0 0 0 2 0 0 0 0 0 4 0 0 10 0 0 0 0 0 0 0 0 6 0 0 0 0 0 0 0 21 0 0 4 1 0 21 4 0 0 0 1 0 0 0 0 0 0 0 0 0 0 0 0 0 15 28 0 0 0 0 
 0 0 0 0 0 0 0 0 0 0 2 0 0 0 0 5 0 0 0 0 5 4 3 3 3 3 3 6 3 3 5 4 3 8 8 6 3 4 7 6 271 54 274 332 95 41 43 109 448 0 529 261 49 68 121 226 207 388 77 65 0 0 0 0 0 9 0 0 7 0 0 0 0 0 0 0 0 0 0 0 0 0 0 0 0 0 0 0 0 0 0 0 0 0 0 0 0 0 0 0 2 3 2 34 0 0 3 3 28 0 4 1 0 0 5 1 4 0 0 0 0 0 5 36 0 24 0 0 10 11 14 57 0 0 0 0 0 0 0 0 0 6 0 0 0 0 0 0 0 0 0 0 0 0 0 0 0 0 21 2 0 0 0 0 0 0 0 0 0 0 1 0 0 0 0 0 0 0 0 2 0 3 2 0 0 0 0 0 0 0 0 0 0 6 6 5 0 4 0 0 0 0 10 25 28 16 0 0 0 25 37 83 0 0 0 18 1 7 0 0 0 0 0 0 0 0 0 0 0 0 0 0 0 13 0 0 0 0 0 0 0 0 14 0 0 0 0 0 0 0 0 7 0 1 0 0 0 0 0 9 0 0 66 70 0 0 2 64 2 0 11 0 0 0 0 0 0 0 0 0 0 2 0 0 0 0 0 0 0 0 
 6 0 0 0 0 0 0 0 0 0 1 0 0 0 2 0 6 0 0 0 3 3 3 3 4 3 3 3 3 2 3 38 3 32 3 3 3 4 3 10 19 89 34 311 83 293 31 50 275 529 0 561 49 37 61 333 178 181 36 93 0 0 0 0 0 4 0 0 7 0 0 0 45 0 50 0 0 0 0 0 0 0 0 0 0 0 0 0 7 0 0 0 0 0 0 0 0 0 0 0 23 0 12 0 0 0 0 0 0 0 0 0 1 9 0 0 0 0 0 0 0 0 0 9 17 29 0 0 0 0 0 52 0 0 0 0 0 0 0 0 0 0 0 0 0 0 4 0 0 0 0 0 4 0 5 0 0 0 19 15 0 0 0 0 0 0 0 0 0 0 0 0 0 0 0 0 0 0 0 3 0 0 0 0 0 0 0 0 0 0 0 0 0 0 0 0 0 0 0 0 0 0 0 6 37 17 0 0 0 9 35 31 0 0 0 6 0 18 0 0 0 0 0 0 0 0 22 0 0 0 0 0 38 11 0 0 0 0 9 15 0 0 2 0 0 0 0 0 0 0 0 6 0 0 0 0 0 0 0 20 0 0 37 42 2 1 4 2 0 0 13 0 0 0 0 0 0 0 0 0 0 0 0 0 0 0 0 0 0 0 
 0 0 0 0 0 0 1 0 0 0 1 5 0 0 2 0 0 0 0 0 0 63 10 0 0 0 0 0 3 0 0 3 0 0 0 0 0 2 0 0 43 21 50 320 221 49 40 49 21 261 561 0 29 51 34 455 85 47 35 42 0 30 0 0 0 3 0 0 13 0 0 0 0 0 0 0 0 0 1 0 0 0 0 0 0 0 17 0 0 0 0 0 0 0 0 0 0 0 0 0 0 0 0 0 0 0 0 0 0 0 0 0 0 0 0 0 0 0 0 0 13 0 0 20 32 12 0 0 0 0 0 0 0 0 0 0 0 0 0 0 0 0 0 0 0 0 11 0 0 8 0 0 1 0 0 0 0 0 2 3 0 0 0 0 0 0 12 0 0 0 0 0 0 0 0 0 0 0 0 4 9 0 0 0 0 0 0 0 0 0 0 0 0 0 0 0 0 0 0 0 0 0 0 7 3 33 0 0 0 4 8 11 0 0 0 0 0 22 0 0 0 0 0 0 0 0 65 0 0 0 0 0 72 0 0 0 0 0 0 3 0 0 0 0 0 0 0 0 0 0 0 12 0 0 0 2 0 0 0 16 0 0 63 66 4 0 2 64 0 0 23 0 0 0 0 0 0 0 0 0 0 0 0 0 0 0 0 0 0 0 
 2 67 0 3 2 0 0 0 17 9 9 3 0 0 0 0 0 11 0 0 0 0 0 0 0 2 0 0 0 0 0 0 0 0 0 0 0 0 0 0 78 59 32 78 59 39 306 85 81 49 49 29 0 158 47 255 38 344 334 175 0 0 0 0 1 0 10 0 0 0 0 4 0 0 0 0 0 0 4 0 0 0 0 3 4 0 0 12 11 0 6 10 0 0 0 0 0 64 0 0 0 0 0 0 0 0 0 0 0 0 0 0 0 0 0 0 0 0 0 4 29 13 0 0 0 14 22 34 2 0 0 0 3 5 35 0 1 0 0 58 0 0 0 0 0 0 0 0 0 0 0 0 0 0 0 0 38 0 0 0 0 0 3 3 4 12 4 0 0 0 3 3 1 0 0 0 0 11 0 0 0 0 0 0 0 1 0 0 0 0 0 0 0 0 0 0 0 0 0 0 22 26 0 0 0 0 62 27 0 0 0 0 1 57 41 18 0 0 8 24 0 4 0 0 0 0 0 0 0 0 0 0 0 0 0 18 0 0 0 0 0 4 0 0 0 0 9 0 0 0 0 4 0 2 0 0 0 0 0 0 0 0 4 0 1 0 2 0 0 0 0 0 0 0 0 0 0 0 0 0 0 0 0 0 0 0 0 0 0 0 
 5 0 0 0 0 0 0 0 0 0 2 0 0 0 0 2 0 0 0 0 0 0 62 0 0 0 0 0 0 63 0 2 0 0 0 0 0 0 0 0 616 80 253 113 91 54 338 448 88 68 37 51 158 0 564 54 42 238 84 130 0 0 1 1 0 2 0 0 3 0 2 3 12 3 1 54 8 1 0 0 0 0 0 0 0 0 0 0 0 0 0 0 0 0 0 0 0 0 0 0 0 0 0 0 0 0 0 10 0 0 0 0 0 0 0 0 0 0 0 0 19 21 17 0 0 0 16 30 25 0 30 0 0 13 32 17 27 9 6 0 5 0 0 0 0 0 0 0 0 0 0 0 0 0 0 0 0 0 0 0 0 0 1 0 0 8 0 1 0 0 1 0 0 0 0 0 0 0 0 0 0 0 0 0 0 0 0 0 0 0 0 0 0 0 0 0 0 0 0 0 31 45 26 0 0 0 0 30 11 1 0 0 0 13 30 19 45 2 0 0 0 0 0 0 0 0 0 0 0 0 0 0 0 0 0 0 0 18 0 0 0 0 0 0 0 0 0 0 2 0 0 10 0 1 0 0 0 0 0 2 0 0 0 0 2 0 2 0 0 0 0 2 0 0 0 0 0 0 0 0 0 0 0 0 3 0 0 0 0 0 
 6 0 0 0 0 0 0 0 0 0 0 0 0 0 0 4 2 0 0 0 40 3 0 0 0 0 0 4 0 0 0 3 0 7 4 2 0 0 0 1 266 696 37 73 56 37 42 73 144 121 61 34 47 564 0 358 58 36 67 84 0 0 48 0 0 0 0 0 0 0 0 0 9 0 0 0 0 0 0 0 0 0 0 0 0 0 17 0 0 0 0 0 0 0 0 0 0 0 0 0 21 4 0 0 0 0 34 4 3 0 9 1 0 0 9 29 11 0 0 0 0 12 32 0 0 0 0 12 43 16 12 0 0 15 10 24 27 22 0 0 1 0 0 0 0 0 0 0 0 0 0 0 0 0 0 0 0 0 0 0 0 0 0 0 0 0 2 6 17 0 6 0 0 3 0 0 0 0 0 0 3 4 5 0 0 0 0 0 0 0 0 0 0 0 8 7 3 34 0 0 22 31 32 0 0 0 0 17 29 0 6 1 0 0 9 7 27 20 0 0 9 0 0 0 0 0 0 0 0 0 0 0 0 0 0 0 0 0 0 0 0 0 0 0 0 0 0 0 0 0 0 7 0 6 0 0 0 0 0 3 0 0 0 0 0 10 1 0 2 0 0 0 0 0 0 0 0 0 0 0 0 0 0 0 10 9 0 0 0 0 
 3 3 3 3 3 3 3 3 3 3 5 3 3 3 6 8 3 3 3 3 0 0 0 0 0 0 0 1 3 1 0 0 0 0 1 0 207 2 0 2 21 227 166 115 77 71 38 109 318 226 333 455 255 54 358 0 287 124 49 70 0 0 0 0 0 3 2 0 0 0 0 0 0 0 0 0 0 0 0 0 0 0 0 0 0 0 0 0 0 0 0 0 0 0 0 0 0 0 0 0 0 0 0 0 0 0 10 0 0 0 0 0 0 1 0 0 0 0 0 0 0 0 46 10 0 10 0 13 14 30 26 26 0 0 13 17 30 13 0 0 0 0 0 0 0 0 0 27 0 0 0 0 0 0 0 0 0 0 22 0 0 0 0 0 0 0 0 6 0 0 7 0 0 14 0 0 0 0 0 22 0 0 0 0 0 0 0 0 0 0 0 0 0 0 0 0 0 0 6 0 0 18 14 21 26 0 0 8 18 24 22 34 0 0 0 0 103 24 0 0 0 0 0 0 0 0 0 0 0 0 0 0 0 26 0 0 0 0 24 0 0 0 21 0 0 0 0 0 0 0 0 11 0 0 0 0 0 0 0 3 0 0 3 0 1 23 0 8 0 0 0 0 0 0 0 0 14 0 0 0 0 0 0 0 12 19 0 0 0 0 
 0 0 0 0 0 0 0 1 0 0 0 2 0 0 0 1 0 0 0 0 0 0 0 0 0 0 0 0 0 0 0 0 0 0 0 0 0 0 0 0 31 176 151 322 274 75 37 63 158 207 178 85 38 42 58 287 0 161 45 25 3 0 0 57 0 7 12 0 7 0 0 52 7 1 0 0 0 0 7 7 0 2 0 0 0 0 0 0 0 0 0 0 0 0 0 0 0 0 0 0 0 0 0 0 0 0 0 0 0 0 0 0 0 0 0 0 0 0 0 0 0 0 29 44 0 22 0 0 9 20 14 75 0 0 0 9 0 28 0 0 1 39 1 0 0 0 0 6 14 0 0 1 0 27 0 11 0 12 23 1 0 0 0 0 0 0 0 2 0 0 13 0 0 3 0 0 0 0 0 0 0 0 0 0 0 0 0 0 0 0 0 0 0 0 0 0 0 0 0 0 0 0 2 30 45 12 0 0 27 24 40 21 0 0 0 7 28 29 0 0 5 0 0 0 0 0 7 1 1 45 0 0 0 19 3 1 15 0 0 0 0 0 10 0 0 0 0 0 0 0 0 6 0 0 0 0 0 0 0 10 0 0 1 2 0 16 1 62 1 0 0 0 0 0 0 0 0 0 0 0 0 0 0 0 16 8 0 0 0 0 
 0 0 0 3 2 0 0 60 0 4 5 4 0 0 2 0 0 2 0 2 0 0 0 0 0 62 0 0 0 0 0 3 0 0 0 0 0 0 0 0 252 73 184 164 97 56 32 102 337 388 181 47 344 238 36 124 161 0 79 328 0 0 0 0 2 3 0 0 10 0 0 0 0 0 0 0 0 0 0 0 0 0 0 0 3 0 0 0 2 20 1 4 0 0 29 0 0 1 0 0 0 0 0 0 0 31 0 0 0 0 0 0 0 0 0 0 0 0 15 3 7 0 0 21 0 4 2 15 10 8 10 47 0 8 8 0 0 0 0 36 0 0 0 0 0 0 0 0 0 0 11 0 0 0 0 3 12 0 8 1 0 0 0 1 2 7 0 0 0 0 1 4 10 0 0 0 0 3 0 2 0 0 0 0 0 0 0 0 0 0 0 0 0 0 0 0 0 0 0 0 0 0 0 21 10 13 11 13 0 31 10 29 0 0 0 8 0 0 3 13 0 4 0 0 0 0 0 0 0 0 0 0 0 7 0 0 0 0 0 0 0 1 9 0 0 0 5 0 0 0 0 17 0 0 0 0 0 0 0 4 0 29 0 67 0 3 4 63 0 0 0 0 0 0 0 0 0 0 0 0 0 4 0 0 0 0 0 0 0 0 
 0 0 3 59 0 0 0 0 0 0 0 0 0 0 0 0 0 0 0 0 62 0 0 0 0 124 0 0 0 0 0 3 0 0 0 0 0 64 0 1 42 46 28 73 62 44 62 70 300 77 36 35 334 84 67 49 45 79 0 331 0 0 0 6 31 0 3 0 0 0 0 10 0 0 0 0 1 0 0 0 0 0 0 0 0 0 0 0 0 0 0 13 0 9 0 0 0 0 0 0 15 0 0 0 0 38 0 0 0 0 0 0 0 0 0 0 0 0 0 1 15 20 0 17 0 0 29 11 0 0 0 0 22 20 17 0 0 0 0 49 9 0 0 0 0 8 0 0 0 0 0 0 0 0 0 1 25 0 0 0 0 2 6 0 0 0 0 0 0 0 0 0 4 0 0 0 0 0 0 0 0 0 0 0 0 30 0 0 0 0 0 0 0 0 0 0 0 0 0 0 10 0 0 0 0 0 54 13 0 0 0 0 18 26 8 0 0 0 22 16 0 0 0 0 3 2 0 0 0 19 0 0 0 0 0 0 0 0 0 0 0 0 0 0 0 0 0 0 0 0 0 1 0 0 0 0 0 0 0 0 0 0 1 0 0 2 1 0 0 0 0 0 0 0 0 0 0 0 0 0 0 0 0 0 0 0 0 0 0 0 
 1 0 0 0 0 0 0 0 0 0 2 0 0 0 0 0 0 0 0 0 0 0 0 0 1 2 0 0 62 0 0 0 0 0 0 0 0 0 0 63 50 104 26 51 47 258 239 85 38 65 93 42 175 130 84 70 25 328 331 0 8 0 0 0 1 0 4 0 0 0 0 4 54 0 0 50 0 0 0 0 0 0 0 0 0 0 0 0 11 0 0 0 0 0 0 0 0 0 0 0 4 0 0 0 0 0 0 0 0 0 0 0 0 0 0 1 0 0 0 0 29 27 0 0 0 0 40 17 1 0 0 0 0 13 22 1 0 0 0 20 0 0 0 0 0 0 0 0 0 0 0 0 0 0 0 0 3 0 0 0 0 0 10 0 0 0 0 0 0 0 0 0 0 0 0 0 0 0 0 0 0 0 0 0 1 1 0 0 0 0 0 0 0 0 0 0 0 0 0 0 15 21 0 0 0 0 19 22 1 0 0 0 1 42 19 10 0 1 15 12 0 0 0 0 0 0 0 0 0 0 0 0 0 0 0 0 0 0 0 0 0 0 0 0 0 0 0 0 0 31 0 8 0 2 0 0 0 0 0 2 1 0 0 0 0 2 0 0 0 0 0 0 0 0 0 11 0 0 0 0 0 0 0 0 0 0 0 0 0 0 
 0 0 1 0 0 0 0 0 0 0 2 0 0 0 0 4 0 0 0 0 0 0 0 0 0 52 0 0 0 0 0 0 7 0 0 2 0 0 0 0 0 0 0 0 0 0 0 0 0 0 0 0 0 0 0 0 3 0 0 8 0 198 145 40 26 42 243 224 48 42 35 44 48 157 227 78 51 71 41 212 0 0 0 0 0 0 0 0 0 0 0 0 0 0 0 0 0 0 0 0 0 0 0 0 0 0 0 0 0 0 0 0 0 0 0 0 0 0 0 0 0 0 0 0 0 0 0 0 0 0 0 0 0 0 0 0 0 0 0 0 2 18 18 1 0 0 0 34 15 18 20 0 0 69 17 18 13 27 0 0 0 0 0 0 0 6 0 0 0 0 0 0 0 0 0 0 0 0 0 0 0 0 0 0 0 0 0 27 0 0 0 0 11 0 0 0 0 0 0 0 14 0 17 0 0 0 0 0 0 0 0 0 0 0 9 0 0 0 0 0 18 26 49 9 0 0 0 15 56 66 22 2 10 0 29 36 10 16 0 0 0 0 0 0 0 0 0 0 0 0 0 0 0 0 12 0 0 0 0 0 0 0 0 0 0 0 0 0 0 0 0 0 0 0 0 0 0 0 0 0 0 0 0 0 0 0 0 5 0 0 
 0 0 0 2 0 0 0 0 1 0 3 0 0 0 1 2 4 0 0 0 0 0 0 0 0 0 0 0 0 0 0 0 0 0 0 0 0 0 0 0 0 0 23 0 0 5 7 1 6 0 0 30 0 0 0 0 0 0 0 0 198 0 252 68 28 24 104 249 130 41 36 29 50 148 407 166 143 241 49 51 0 0 0 0 0 0 0 0 0 0 0 0 0 0 0 0 0 0 0 0 0 0 0 5 0 0 0 3 0 0 0 0 0 0 0 0 0 0 0 0 0 0 0 0 4 0 0 0 0 0 0 0 0 0 0 0 0 0 0 0 19 3 15 1 0 0 0 3 17 19 34 7 6 0 0 24 13 6 0 0 0 0 0 0 0 5 3 0 0 0 0 0 0 0 0 0 0 0 0 0 0 0 0 0 10 5 0 0 0 0 0 0 0 0 0 0 0 0 0 0 0 0 0 0 0 0 0 0 0 0 0 0 0 14 0 0 0 0 0 0 8 0 15 49 1 0 7 18 28 23 100 24 9 0 3 6 27 0 26 9 8 0 0 0 0 0 0 0 0 0 0 0 0 0 8 0 0 0 0 0 0 0 0 0 0 0 0 0 0 0 28 0 0 59 0 0 0 0 0 0 0 0 0 0 0 0 0 10 0 0 
