 0 83 75 51 17 34 582 677 39 43 28 470 85 125 405 268 49 249 39 337 0 0 2 1 3 0 2 0 0 0 3 0 0 0 0 3 0 0 1 0 3 0 0 0 5 0 0 0 13 0 0 0 0 3 0 0 61 0 0 64 0 2 5 0 0 19 0 0 25 3 0 0 2 0 2 0 0 0 0 0 28 15 14 21 0 0 27 39 15 12 1 0 1 42 24 20 47 21 0 14 0 0 0 0 0 0 0 0 0 0 0 0 0 0 0 0 0 0 18 0 0 0 0 0 0 0 0 0 0 0 0 0 0 0 0 0 0 0 0 0 0 0 0 0 0 2 0 0 0 0 0 0 0 0 0 0 0 0 0 10 34 49 2 9 0 0 2 28 1 15 0 2 0 32 19 10 29 0 0 0 0 0 0 0 0 0 0 0 0 0 0 0 0 0 0 0 0 0 0 0 0 2 0 0 0 0 0 1 0 0 0 0 0 0 0 0 1 0 0 0 0 0 0 0 0 11 0 0 0 0 0 0 1 0 0 0 0 0 0 0 0 0 0 0 0 2 0 0 1 2 0 5 0 0 0 0 0 0 0 0 0 0 0 0 0 14 0 0 0 0 2 0 0 0 0 0 0 0 0 0 0 0 0 0 0 2 0 0 0 0 
 83 0 375 130 251 255 50 489 380 37 33 38 67 43 636 513 335 66 75 59 0 0 0 1 4 0 0 0 2 0 3 0 1 0 0 6 1 75 0 0 3 0 2 0 2 0 0 0 0 0 0 0 0 3 1 0 1 0 0 77 0 3 2 0 0 8 0 0 0 3 0 0 13 1 4 0 0 0 0 0 0 32 41 37 0 0 2 18 44 31 23 0 0 21 18 25 37 61 0 0 0 0 0 0 0 0 0 0 0 0 0 0 0 0 0 0 0 2 0 0 0 0 0 0 0 2 0 0 0 0 1 0 0 6 2 0 0 0 2 0 18 0 1 0 7 0 0 0 0 0 0 0 0 0 0 0 0 0 0 0 28 27 41 34 0 0 13 7 32 61 33 52 0 0 15 26 54 37 2 0 0 0 0 0 0 0 0 0 0 0 1 0 0 0 0 0 0 0 0 0 0 0 0 0 0 0 0 0 0 0 1 0 0 0 0 0 0 0 0 0 1 0 1 0 0 0 2 2 0 0 0 0 0 1 0 0 0 0 0 1 0 3 0 0 0 0 33 0 2 0 0 5 14 0 1 0 0 0 0 0 0 0 0 0 0 0 0 0 0 0 0 0 0 0 0 8 0 0 0 0 0 0 0 0 0 0 0 0 0 0 
 75 375 0 176 293 34 282 105 332 573 140 47 68 34 71 236 557 322 22 25 0 0 0 2 3 2 0 1 0 0 3 0 0 1 0 3 1 85 0 0 3 0 0 0 6 0 0 0 0 0 0 0 0 3 0 0 0 0 0 0 3 2 2 4 0 0 0 0 3 3 0 0 2 0 2 0 0 0 0 0 0 19 29 41 12 0 0 1 30 73 30 26 0 0 1 24 10 28 0 0 0 0 0 0 0 0 0 0 0 0 0 0 0 0 0 0 0 0 0 0 0 0 0 0 0 0 0 4 0 0 0 0 0 0 0 0 0 0 0 0 10 0 0 1 8 0 0 0 0 0 0 0 19 0 0 2 0 0 2 0 0 7 36 35 2 0 4 0 76 28 24 44 3 0 0 17 29 49 0 1 0 0 0 0 0 0 0 0 0 0 0 0 0 0 0 13 0 0 0 20 0 0 0 0 0 0 0 0 0 0 0 0 0 0 0 0 0 0 0 0 0 0 0 0 0 0 0 0 0 0 0 0 0 0 0 0 0 0 0 0 0 14 0 0 0 0 121 2 2 5 0 2 16 0 0 0 0 0 0 0 0 0 10 0 0 0 0 0 0 2 0 0 0 0 0 29 0 43 0 0 0 0 0 0 0 0 0 0 0 0 
 51 130 176 0 322 40 98 297 280 421 126 334 61 62 70 280 63 380 57 53 0 0 2 1 3 0 0 0 0 3 5 0 0 0 3 3 2 0 0 0 6 0 0 0 64 3 1 0 0 2 0 0 0 8 0 0 0 0 0 0 0 2 4 3 0 0 0 0 0 3 0 2 2 0 2 3 0 0 46 3 0 30 3 41 25 0 0 0 1 10 21 43 0 0 0 49 0 12 0 0 0 0 0 0 0 0 0 0 0 1 0 0 0 0 0 0 0 0 9 0 0 0 0 0 0 0 19 0 0 0 0 0 0 0 0 0 0 1 0 0 0 0 0 0 0 0 0 0 0 0 0 0 0 0 0 0 0 0 0 0 0 14 2 19 30 7 6 0 14 0 18 1 5 0 0 0 1 0 0 0 0 0 0 0 0 0 0 0 0 0 0 0 18 0 0 1 0 0 15 0 0 0 0 0 0 0 0 0 0 0 0 0 0 0 0 0 0 0 0 10 0 0 0 0 0 0 0 0 0 0 0 0 0 0 0 0 0 19 4 0 0 15 0 0 0 0 51 0 1 7 0 0 0 0 0 0 0 0 0 0 0 0 11 0 0 0 0 0 0 0 0 0 0 0 0 0 17 13 0 0 0 2 0 0 0 16 0 1 0 0 
 17 251 293 322 0 422 54 50 45 66 81 412 267 59 285 78 279 42 51 76 0 0 0 1 2 0 0 0 0 0 5 0 0 0 2 5 0 0 1 1 3 0 0 0 4 0 0 0 0 0 0 0 0 5 0 0 0 0 0 0 0 3 2 0 0 0 0 0 0 3 0 0 3 2 3 0 0 0 0 0 0 0 0 1 25 27 0 0 0 0 0 10 0 0 0 0 0 1 0 0 0 0 0 0 0 0 39 0 0 0 6 0 9 1 0 0 0 0 66 0 0 0 0 0 0 0 0 0 0 0 0 0 0 0 0 0 0 7 0 0 0 0 0 0 0 0 0 0 0 0 0 0 0 0 0 0 0 0 0 0 0 0 0 0 31 41 1 0 0 0 0 0 4 0 0 0 1 0 0 0 1 0 0 0 0 0 1 0 0 1 0 0 21 17 0 0 0 0 10 38 0 0 0 0 0 0 0 0 0 0 0 0 0 0 0 0 0 0 0 0 0 0 0 0 0 0 0 0 0 0 0 13 0 0 0 0 0 0 0 0 0 0 0 0 0 1 2 2 0 5 1 4 0 0 0 0 0 0 0 0 0 0 0 0 0 0 0 0 0 0 0 0 0 0 0 0 0 1 0 0 0 0 0 0 0 0 0 0 0 0 
 34 255 34 40 422 0 29 30 365 53 80 152 47 45 56 70 294 65 79 59 0 0 0 1 4 73 0 0 1 63 4 0 11 0 0 3 0 0 294 2 3 26 0 0 2 0 0 63 0 0 0 0 0 3 0 0 0 0 0 0 0 53 4 0 0 0 0 0 0 3 1 0 2 0 2 0 0 0 0 0 0 0 0 1 24 47 0 0 0 0 0 1 0 0 0 0 0 8 0 0 31 0 2 0 0 0 47 0 0 0 0 1 43 21 1 0 0 0 64 28 0 0 0 0 0 2 0 2 2 0 1 0 0 0 0 0 0 0 0 0 0 0 0 0 0 0 0 0 2 0 0 1 0 0 0 0 0 0 0 0 0 0 0 0 7 19 1 0 2 0 0 0 0 0 0 0 4 0 0 0 13 0 0 0 0 0 22 1 0 0 0 14 20 21 13 0 0 0 74 56 2 0 0 0 0 0 2 0 0 0 0 15 0 0 0 0 0 2 0 0 0 0 1 0 0 0 0 0 0 0 0 0 0 0 0 0 0 0 0 0 0 0 0 0 0 6 0 1 5 1 0 3 0 2 2 0 0 0 0 0 0 0 0 0 0 0 0 0 0 0 0 0 0 0 0 0 0 0 0 0 0 0 0 0 0 0 0 0 0 0 
 582 50 282 98 54 29 0 306 54 43 18 48 472 407 62 29 50 32 57 499 0 0 0 1 3 0 0 0 0 1 3 0 2 0 2 6 0 2 0 0 3 0 0 0 2 0 0 0 0 61 0 0 0 3 0 0 0 0 0 0 0 3 2 0 0 10 0 2 2 3 0 2 3 2 3 0 0 4 0 0 68 23 25 0 0 0 46 67 15 0 0 0 28 40 21 8 15 5 0 42 0 1 0 0 0 0 0 0 0 0 0 0 0 7 0 0 0 0 2 0 0 0 0 0 0 0 0 0 0 0 0 0 0 0 0 0 0 0 0 0 0 0 0 0 0 0 0 0 0 0 0 0 0 0 0 0 0 1 0 0 1 16 0 0 27 0 41 27 0 0 0 4 0 31 17 14 1 1 5 16 0 0 0 0 0 0 14 0 0 0 0 0 0 45 0 0 0 0 0 0 0 0 0 0 0 0 0 0 0 0 0 0 0 0 0 0 0 0 0 0 0 0 0 0 0 0 0 0 0 0 0 2 0 0 2 2 2 0 0 0 0 0 0 0 0 3 0 0 0 0 0 5 0 0 0 0 0 0 0 0 0 0 0 0 0 0 0 0 0 0 0 0 0 0 0 0 0 0 0 0 0 0 0 0 0 0 0 0 0 0 
 677 489 105 297 50 30 306 0 387 37 73 109 106 448 141 259 83 81 63 53 2 0 1 1 2 0 0 0 0 0 4 0 0 0 0 3 0 0 0 0 3 0 0 0 2 0 0 0 0 0 0 0 0 3 0 0 0 0 0 47 0 50 2 0 0 5 0 0 0 3 0 0 3 2 3 0 0 0 0 0 4 45 44 11 1 0 18 26 52 51 41 1 0 30 40 29 46 12 0 0 0 0 0 0 0 0 0 0 0 0 0 0 0 0 2 0 1 0 0 0 0 0 0 0 1 0 0 0 0 0 0 0 0 0 0 0 18 0 0 0 3 0 0 0 0 2 0 0 0 0 0 0 0 0 0 0 0 0 0 0 31 34 12 21 0 0 0 29 24 17 15 1 0 1 16 16 44 2 0 0 0 0 0 0 0 0 0 0 0 0 0 0 0 0 12 0 0 1 0 0 0 1 0 0 0 0 0 0 1 0 0 0 0 0 0 0 0 0 0 0 0 0 0 0 0 0 0 0 1 0 0 0 0 0 0 0 0 0 0 0 0 0 0 0 0 2 0 0 1 2 0 14 0 0 0 0 0 0 0 0 0 0 0 0 0 0 0 0 0 0 0 0 0 0 0 1 0 1 0 0 0 0 0 0 0 0 0 0 0 0 
 39 380 332 280 45 365 54 387 0 172 78 50 191 85 460 368 274 116 159 57 2 0 0 0 2 0 0 0 0 74 3 2 0 0 0 3 0 0 0 0 3 0 0 0 2 0 0 0 0 0 0 0 0 37 0 0 1 0 64 62 0 3 2 0 0 2 0 0 0 2 0 0 3 3 3 0 0 0 0 0 0 17 30 42 5 0 0 0 40 29 11 9 0 21 25 24 25 34 0 0 0 0 7 0 0 1 0 0 0 0 0 0 0 0 0 0 0 0 0 0 1 1 0 0 0 0 0 0 0 0 0 0 0 0 0 1 0 0 0 0 15 0 0 0 2 0 0 0 0 0 1 0 0 0 0 0 0 0 0 0 31 26 70 47 2 1 5 6 51 52 41 41 8 0 18 14 53 40 0 0 0 0 0 0 0 2 0 0 0 0 0 14 0 0 0 0 0 0 0 0 0 0 0 0 0 0 0 0 0 0 0 0 0 0 0 0 0 0 2 0 0 0 0 0 0 0 0 0 0 0 0 0 0 0 0 0 0 0 0 0 0 4 0 0 0 0 0 0 4 3 2 3 38 14 0 0 0 0 0 0 0 0 12 0 0 0 0 0 0 0 0 0 0 0 0 12 0 0 0 0 0 0 0 0 0 0 0 0 0 0 
 43 37 573 421 66 53 43 37 172 0 479 310 37 53 97 437 339 121 52 311 0 0 1 1 3 0 0 0 0 2 4 0 0 0 0 113 1 0 2 1 3 0 0 3 2 0 0 0 0 0 0 0 0 6 0 0 0 0 0 0 4 2 2 12 0 3 0 0 0 3 0 0 2 1 3 0 2 0 0 0 0 10 10 45 15 1 0 0 14 19 31 67 0 0 0 22 0 27 0 0 0 0 2 0 0 0 0 0 0 0 0 1 0 0 0 0 0 0 0 2 0 0 0 0 0 2 0 2 2 0 1 0 0 10 0 0 0 0 0 0 14 0 0 0 0 0 0 0 2 0 0 1 0 0 0 0 0 17 0 0 0 2 38 34 18 5 7 0 15 38 28 54 2 0 0 21 13 43 0 0 0 0 0 0 0 0 2 0 0 0 0 2 0 0 0 0 0 0 0 0 14 0 0 0 0 0 2 0 0 0 0 0 0 0 0 0 0 2 0 0 0 0 1 0 0 0 0 0 0 0 0 0 0 0 0 0 0 0 0 0 0 16 0 0 0 3 176 0 0 176 0 5 18 2 0 0 0 0 0 0 0 0 4 0 0 0 0 0 0 0 0 0 0 0 0 72 24 6 0 0 0 0 0 0 0 0 0 0 0 0 
 28 33 140 126 81 80 18 73 78 479 0 413 70 25 54 93 205 394 33 61 4 4 0 1 3 0 0 0 0 0 7 0 30 0 0 3 2 0 0 8 3 0 0 0 2 0 6 6 6 0 0 4 6 5 0 0 0 0 44 0 0 46 2 12 0 40 0 0 2 3 0 0 3 1 3 0 0 6 0 0 0 1 0 28 33 0 0 0 1 11 23 58 0 0 0 12 1 11 0 0 0 0 0 0 0 0 0 0 0 0 0 0 0 0 0 0 0 0 14 0 0 0 0 0 2 0 0 0 0 0 0 0 0 0 0 0 0 0 0 0 0 0 0 0 0 1 0 0 0 0 0 0 0 0 0 0 0 0 0 0 0 1 1 15 25 37 2 0 0 0 0 18 19 0 0 0 0 0 0 0 0 0 0 0 0 0 0 0 0 0 0 0 0 0 0 0 0 2 10 4 0 1 0 0 0 0 0 2 0 0 0 0 0 0 2 0 2 0 0 0 0 0 0 1 0 1 0 0 0 0 0 19 1 0 0 0 8 0 0 0 0 14 0 0 0 0 47 0 0 49 1 7 0 0 0 0 0 0 0 0 0 0 9 0 0 0 0 0 0 0 0 0 0 0 0 36 9 7 0 0 0 0 0 0 0 0 0 0 0 0 
 470 38 47 334 412 152 48 109 50 310 413 0 32 42 102 271 81 274 135 48 0 0 76 0 2 0 2 0 0 1 6 0 0 0 0 3 2 0 0 2 3 0 3 59 2 0 0 0 0 0 0 0 0 7 0 0 0 0 0 0 0 3 2 3 1 0 0 0 7 3 0 0 3 2 3 0 2 0 0 0 0 0 0 2 47 48 0 0 0 0 11 80 0 0 0 0 0 0 0 0 1 0 0 0 0 0 4 0 0 0 0 2 1 0 0 0 0 0 45 0 0 0 0 0 0 1 0 1 0 2 2 0 0 16 0 0 0 0 0 2 0 16 0 0 0 0 0 0 1 0 0 0 0 0 0 0 0 5 0 0 0 0 0 0 23 51 2 0 2 0 0 30 4 0 0 0 0 0 0 0 0 0 0 0 0 0 0 0 0 0 1 1 23 4 1 0 0 0 14 35 41 0 0 0 0 0 0 0 0 0 0 2 0 0 0 0 0 1 0 0 0 0 2 0 0 1 0 0 0 0 0 0 0 0 0 0 0 0 0 0 0 0 0 0 0 6 185 0 2 181 1 2 0 1 0 0 0 0 2 0 0 0 0 0 0 0 0 0 0 0 0 0 0 0 0 0 16 0 0 0 0 0 0 0 0 0 0 0 0 0 
 85 67 68 61 267 47 472 106 191 37 70 32 0 65 40 43 269 67 459 361 0 1 2 1 3 0 2 0 0 0 3 0 0 0 0 4 0 0 0 0 4 0 0 0 2 0 0 0 0 0 0 3 0 3 0 0 1 1 0 0 0 3 2 0 0 0 0 0 0 4 0 0 3 1 3 0 0 0 0 0 50 1 1 0 1 0 33 29 1 0 0 0 42 27 14 1 1 0 0 65 0 0 0 0 0 0 0 0 0 0 0 7 0 0 0 0 1 0 0 0 0 0 0 0 0 0 0 0 0 0 0 2 0 0 0 0 2 0 0 0 0 0 0 0 0 3 0 0 0 0 0 9 0 0 0 0 0 2 0 1 13 0 0 2 0 0 30 0 0 0 0 9 28 31 20 0 0 0 15 25 2 0 0 1 0 0 0 0 0 0 0 0 0 0 0 2 0 0 0 0 0 0 0 0 0 0 0 1 0 0 0 0 0 0 0 0 0 0 0 0 0 2 0 0 0 0 0 0 0 0 0 0 0 0 0 0 0 0 2 57 0 0 0 0 1 1 0 0 2 0 0 13 0 0 0 0 0 0 0 0 0 0 0 0 0 0 0 0 0 0 0 0 33 0 0 0 0 0 0 0 0 0 0 0 0 0 0 0 0 0 
 125 43 34 62 59 45 407 448 85 53 25 42 65 0 444 20 26 32 86 354 0 0 72 0 2 2 0 0 0 1 3 2 0 0 0 3 69 3 85 0 3 0 0 0 5 5 0 0 0 0 3 3 0 3 1 0 3 2 0 63 0 3 2 0 2 52 0 0 3 2 2 0 3 3 3 0 2 0 0 0 57 26 12 29 0 0 18 53 11 9 0 1 0 75 38 26 51 15 0 19 0 0 0 0 0 0 1 0 0 0 0 0 0 0 0 0 0 0 0 0 0 0 0 7 0 0 0 0 0 0 0 0 0 0 0 0 0 0 2 0 0 0 0 0 0 0 0 0 0 0 0 0 0 0 0 0 0 0 0 0 36 11 0 0 0 0 0 23 0 54 1 0 0 52 27 12 2 0 0 0 0 0 0 0 0 0 0 9 0 2 0 0 0 0 0 0 0 0 1 0 0 0 0 0 0 0 0 0 0 0 0 0 0 0 0 0 1 0 0 0 0 0 0 0 0 2 0 0 0 0 0 0 0 0 0 0 0 0 0 0 0 0 0 0 0 0 0 0 0 0 0 11 0 0 0 0 0 0 0 0 1 0 0 0 0 0 0 0 0 0 0 0 0 0 0 4 0 0 0 0 0 0 0 0 0 2 0 0 0 0 
 405 636 71 70 285 56 62 141 460 97 54 102 40 444 0 111 283 316 88 327 0 0 0 0 4 0 0 1 8 0 3 207 1 0 0 4 0 0 0 0 3 0 0 71 2 0 0 0 0 4 0 0 0 3 0 0 0 0 0 36 0 3 2 0 0 11 0 0 0 2 0 0 3 3 3 0 0 0 0 0 0 44 57 12 0 0 19 26 51 29 20 0 0 30 71 40 61 15 0 0 0 0 0 0 0 14 0 0 0 0 0 0 0 0 11 0 0 0 0 0 0 0 0 0 0 0 0 0 0 0 0 0 0 0 2 0 0 0 0 0 4 0 0 0 0 0 2 28 0 0 0 0 0 0 0 11 0 0 0 0 26 33 10 20 2 0 2 31 24 20 19 1 0 0 22 14 40 0 2 0 0 0 0 0 0 0 0 0 0 0 0 0 0 1 0 0 0 0 0 0 0 0 0 0 0 0 0 0 0 0 0 0 0 0 0 0 0 0 0 27 0 0 0 0 0 0 0 0 0 0 0 0 0 1 0 0 0 0 0 1 0 0 0 0 0 3 0 0 0 2 2 6 0 0 0 0 0 0 0 0 0 0 0 0 0 0 0 0 0 0 0 0 0 0 0 0 0 1 0 0 0 0 0 0 0 0 0 0 0 0 
 268 513 236 280 78 70 29 259 368 437 93 271 43 20 111 0 306 436 253 146 1 2 1 2 2 0 1 0 0 0 3 0 0 0 1 4 0 2 0 0 3 0 0 0 2 0 0 0 0 0 82 1 0 3 0 0 0 0 0 0 0 3 2 9 0 1 0 0 0 2 0 0 3 3 3 0 0 0 0 0 0 25 39 33 2 0 0 0 52 31 32 27 0 2 15 25 23 30 0 0 0 0 0 0 0 0 0 0 0 0 0 0 0 0 0 1 1 0 0 0 0 0 0 1 0 0 0 0 0 0 0 20 0 0 0 0 2 0 0 0 38 0 0 0 0 0 0 0 0 0 2 0 0 0 0 0 0 2 0 0 0 12 25 43 1 0 5 0 33 26 33 23 1 0 1 11 39 28 0 0 2 0 0 0 0 0 0 0 0 0 0 0 0 0 0 2 0 0 0 0 0 0 0 0 0 0 0 0 0 0 0 0 0 0 0 0 0 0 0 0 0 2 0 0 0 0 0 0 0 0 0 0 0 18 0 0 2 0 2 0 0 14 0 0 1 2 2 0 2 2 2 6 11 0 0 0 0 0 0 0 0 0 10 0 0 0 0 0 0 0 0 0 0 0 0 21 0 7 0 0 0 0 0 0 0 0 0 0 0 0 
 49 335 557 63 279 294 50 83 274 339 205 81 269 26 283 306 0 332 48 130 1 0 3 2 7 0 0 0 0 3 7 7 0 2 49 3 0 0 0 0 3 0 0 0 2 0 1 0 0 0 0 0 2 3 0 0 0 0 1 1 0 3 2 6 0 0 0 0 0 3 0 0 3 2 3 0 0 0 0 0 0 21 34 39 21 0 0 0 20 20 35 63 0 0 13 29 1 26 0 0 0 0 0 0 0 0 1 0 0 0 0 0 0 0 0 0 0 0 0 0 0 0 0 0 0 0 0 0 0 0 0 0 0 0 0 0 0 0 0 0 14 0 0 0 0 0 0 0 0 0 0 0 1 0 0 0 1 0 0 0 0 29 47 38 2 0 5 1 41 47 38 49 0 0 0 18 27 35 0 0 0 0 0 19 8 0 0 0 0 0 0 0 0 0 0 0 0 0 0 1 0 0 0 0 0 2 0 0 0 0 0 0 0 1 0 2 0 0 0 0 0 0 0 0 1 0 0 0 0 2 0 0 0 0 0 0 0 0 0 0 0 20 0 0 0 0 2 0 1 86 1 10 18 0 0 0 0 0 0 0 0 0 12 0 0 0 0 0 0 0 0 0 0 0 0 49 0 17 0 0 0 0 0 0 0 0 0 0 0 0 
 249 66 322 380 42 65 32 81 116 121 394 274 67 32 316 436 332 0 125 261 0 0 1 0 2 0 0 1 0 0 3 0 0 0 0 3 1 2 0 0 3 2 0 0 2 0 0 2 0 3 1 0 0 3 0 0 54 0 0 0 0 3 2 11 0 5 1 2 2 36 11 2 3 5 3 51 0 0 44 0 0 0 12 30 22 0 0 0 19 11 33 49 0 0 0 18 0 38 0 0 0 0 0 0 0 0 1 0 0 0 0 0 0 0 0 0 0 0 0 0 0 0 0 0 0 0 0 0 0 0 0 0 3 0 1 0 0 0 0 0 16 0 1 0 9 0 2 0 0 0 0 0 0 0 0 0 0 19 0 0 0 0 44 22 20 0 7 0 17 27 36 72 6 0 0 19 11 47 2 0 0 0 0 0 0 0 0 0 0 0 0 0 0 2 0 0 0 0 0 0 0 0 0 0 0 0 0 15 0 0 0 0 0 0 0 0 0 0 0 13 0 0 0 0 0 0 0 0 0 0 0 0 0 0 0 0 0 0 0 1 0 11 0 0 0 2 174 3 0 195 0 5 44 0 0 0 0 0 0 2 0 0 3 0 0 0 0 0 0 0 0 0 0 0 0 16 14 57 0 0 0 0 0 0 0 0 0 0 0 0 
 39 75 22 57 51 79 57 63 159 52 33 135 459 86 88 253 48 125 0 413 0 0 0 1 3 0 4 0 0 0 3 3 0 0 0 3 0 0 0 1 3 0 0 0 2 0 0 0 0 0 67 0 0 3 0 0 0 0 0 0 0 3 2 0 0 0 0 0 0 3 0 0 3 1 3 0 0 0 0 0 27 0 0 0 0 0 50 5 0 2 0 0 38 2 5 0 0 0 13 48 0 0 0 0 0 0 0 0 0 0 0 0 0 0 0 0 0 0 1 0 0 0 0 0 0 0 0 0 0 0 0 0 0 0 0 0 0 0 0 0 0 0 0 0 0 4 0 0 0 0 0 0 0 0 1 1 0 0 0 0 10 0 0 0 0 0 58 0 0 0 0 6 46 1 19 0 0 0 9 58 0 0 0 0 0 0 0 0 0 0 19 0 0 0 0 0 0 0 0 0 0 9 0 0 0 0 0 0 0 0 0 0 0 0 0 0 0 0 0 0 0 0 0 0 0 0 0 0 0 0 0 0 0 7 2 2 27 0 0 0 0 0 0 0 0 0 0 0 0 1 1 5 0 0 0 0 0 0 0 0 0 0 0 0 0 0 0 0 0 0 0 0 0 0 0 0 0 0 0 0 0 0 0 0 0 0 0 0 0 0 
 337 59 25 53 76 59 499 53 57 311 61 48 361 354 327 146 130 261 413 0 3 0 203 1 5 0 0 0 0 203 5 0 0 2 0 3 3 0 0 0 3 0 0 1 2 0 0 0 0 0 0 0 18 3 0 1 0 2 0 1 2 3 2 0 1 25 1 0 0 5 0 0 3 1 3 0 0 2 0 1 47 9 15 2 0 0 33 21 13 0 0 0 37 40 29 13 13 42 0 44 0 0 0 0 0 0 0 0 0 0 2 0 0 0 0 0 0 0 0 0 0 0 0 0 0 0 0 0 0 0 0 0 0 0 0 0 0 0 2 0 0 0 0 12 0 15 0 0 0 0 0 0 0 0 0 0 0 0 0 0 2 20 0 0 0 0 40 20 0 0 0 6 14 41 10 41 0 2 0 20 0 0 0 0 0 0 0 0 0 2 0 0 0 0 0 0 0 0 0 0 0 0 0 0 0 0 0 0 0 0 0 0 0 0 0 13 0 0 0 6 8 0 0 0 0 1 0 0 0 0 0 14 0 0 0 0 0 0 0 0 0 0 0 0 0 1 0 0 3 0 0 1 0 0 0 0 0 0 0 0 0 0 0 0 0 0 0 0 0 0 0 0 0 0 0 0 0 0 0 0 0 0 0 0 0 1 0 0 0 0 
 0 0 0 0 0 0 0 2 2 0 4 0 0 0 0 1 1 0 0 3 0 108 89 263 27 40 437 596 53 34 261 37 95 281 308 250 33 38 50 254 0 2 2 0 0 0 0 3 3 0 0 0 0 0 3 0 4 0 4 0 0 0 0 0 3 2 0 2 0 0 0 0 3 0 0 0 4 0 0 0 2 0 0 0 0 0 0 0 0 0 0 0 0 0 0 0 0 0 0 0 27 59 19 0 0 0 0 17 33 0 13 0 0 12 39 25 40 16 0 0 2 0 6 0 0 0 0 0 1 2 0 0 0 0 0 0 15 0 0 0 0 1 0 0 9 0 0 0 0 0 0 0 9 0 0 0 0 0 0 0 0 0 0 0 0 0 0 0 0 0 0 0 0 0 0 3 0 0 0 0 11 26 2 11 0 0 14 42 26 7 18 0 0 37 61 40 12 12 0 0 0 0 0 0 0 0 0 0 0 2 0 0 0 0 0 0 0 10 0 0 0 0 0 0 0 0 0 0 0 0 0 0 0 0 0 0 0 2 0 0 0 0 0 0 0 0 0 0 0 0 0 0 0 0 10 0 1 0 0 2 2 2 0 0 0 0 0 0 0 0 0 1 0 0 0 0 0 0 0 0 0 0 0 0 0 0 0 0 0 1 
 0 0 0 0 0 0 0 0 0 0 4 0 1 0 0 2 0 0 0 0 108 0 395 49 49 77 77 414 352 73 37 39 482 82 301 335 308 103 40 54 1 2 2 0 0 0 0 4 12 0 0 0 1 0 3 0 2 0 0 0 0 0 0 0 3 2 3 0 0 0 0 0 0 0 0 0 2 47 0 55 0 0 0 0 0 0 0 0 0 0 1 0 0 0 0 0 0 0 13 0 0 29 35 40 0 0 0 13 9 36 21 12 0 0 0 32 59 39 0 0 0 0 0 0 0 0 50 0 0 5 0 2 0 0 2 0 0 0 0 0 0 0 0 0 2 0 0 0 0 0 0 0 0 2 6 0 0 0 21 4 0 0 0 0 0 0 0 12 2 0 0 0 0 15 0 0 0 0 0 0 2 28 51 38 0 0 0 19 42 26 23 1 0 4 0 17 29 36 0 0 0 0 1 0 1 0 0 0 0 0 0 0 0 1 0 0 0 0 0 0 0 0 0 0 0 0 0 0 0 0 0 0 0 0 0 13 0 0 0 0 0 0 1 0 0 0 0 0 0 0 0 0 0 0 23 0 2 0 0 2 0 26 0 0 0 0 7 0 0 0 0 0 0 0 0 0 0 0 0 0 0 10 0 0 0 0 1 0 0 0 
 2 0 0 2 0 0 0 1 0 1 0 76 2 72 0 1 3 1 0 203 89 395 0 326 263 109 48 78 283 418 57 33 75 266 184 223 237 349 26 50 0 2 2 0 0 1 0 4 11 0 0 1 0 0 3 1 2 0 0 0 0 0 4 0 5 52 2 0 0 0 0 0 2 0 0 0 2 8 0 1 1 0 0 0 0 0 0 2 0 0 0 0 0 0 0 0 0 0 0 0 0 20 22 56 16 7 0 0 13 80 20 23 0 0 0 30 31 24 0 13 0 0 0 0 0 0 0 0 2 0 0 0 0 0 0 0 0 0 0 0 0 0 0 0 0 0 0 0 0 0 0 0 0 0 6 15 0 33 0 5 0 0 0 0 0 2 0 10 0 1 0 0 0 8 0 0 0 0 0 12 0 12 55 42 12 0 0 2 24 62 33 10 0 0 0 36 26 32 0 0 0 0 0 0 0 0 0 0 0 0 0 0 0 0 0 0 13 0 0 0 0 0 0 0 0 0 0 0 0 0 0 0 0 0 0 0 0 0 0 0 0 0 10 0 0 0 0 0 0 0 0 0 0 0 9 0 0 8 2 0 18 11 0 0 0 0 10 0 0 0 0 0 0 0 0 0 0 0 0 0 0 40 0 0 0 0 13 0 0 2 
 1 1 2 1 1 1 1 1 0 1 1 0 1 0 0 2 2 0 1 1 263 49 326 0 103 30 85 66 74 394 109 411 70 288 57 496 362 298 109 79 0 2 2 0 0 0 0 4 4 0 0 0 0 0 3 0 2 0 0 0 0 0 0 0 3 2 2 1 0 5 0 0 1 0 0 0 2 0 0 3 0 0 0 0 0 0 0 0 0 0 0 0 0 0 0 0 0 14 0 0 0 0 0 32 47 8 0 0 12 14 11 21 0 0 0 0 0 8 0 0 10 0 0 0 0 0 0 2 0 0 0 0 10 16 1 0 0 0 12 0 0 0 0 0 0 0 15 2 0 0 0 2 20 0 0 4 0 0 0 0 0 1 0 0 0 0 1 0 1 3 0 0 0 2 0 19 0 0 0 0 0 0 1 7 33 17 0 0 0 15 46 45 0 0 0 1 18 2 0 0 0 0 0 0 0 2 7 0 0 0 0 0 2 0 1 0 0 0 38 0 2 0 0 0 0 0 0 0 0 0 0 0 0 0 0 0 0 0 0 0 0 0 9 0 0 0 0 0 0 0 0 0 0 0 8 2 0 92 42 0 30 0 0 0 0 0 0 0 0 0 0 0 0 0 0 0 0 0 0 0 0 41 0 0 0 0 12 0 0 0 
 3 4 3 3 2 4 3 2 2 3 3 2 3 2 4 2 7 2 3 5 27 49 263 103 0 534 137 53 280 98 216 628 282 83 75 89 54 268 70 403 0 2 3 0 0 0 1 4 3 0 0 0 1 0 3 0 2 0 10 0 0 0 0 0 3 2 2 50 0 8 0 0 1 0 0 0 2 0 0 2 0 0 0 0 0 0 0 0 0 0 0 0 0 0 0 0 0 0 0 0 0 0 0 0 8 44 12 0 0 0 13 17 0 0 0 2 0 2 0 0 0 0 0 0 0 0 19 0 0 0 0 1 15 0 10 0 0 0 23 59 0 0 0 0 2 0 0 4 0 0 9 0 0 2 0 0 0 0 0 0 0 0 2 0 0 3 0 0 0 2 0 0 0 2 0 0 0 0 0 0 2 0 0 0 29 67 0 0 0 0 0 5 0 0 0 0 0 0 0 0 0 1 0 0 2 0 35 0 0 0 0 0 77 66 0 0 0 0 52 30 0 0 0 0 0 0 0 0 0 0 0 0 0 0 0 0 0 0 0 0 0 0 0 0 0 1 0 0 0 0 0 0 0 0 17 1 0 4 4 0 2 0 0 0 0 0 0 0 0 0 3 0 0 0 28 0 0 1 0 0 0 0 0 0 0 0 0 0 0 0 
 0 0 2 0 0 73 0 0 0 0 0 0 0 2 0 0 0 0 0 0 40 77 109 30 534 0 19 125 121 60 88 270 41 81 111 93 64 46 68 54 0 2 2 0 61 0 0 3 3 0 0 1 0 0 3 0 2 0 139 11 0 0 0 0 3 2 7 36 0 0 0 0 1 0 0 0 2 0 0 28 0 0 0 2 0 0 0 0 0 0 0 0 0 0 1 0 0 0 0 0 0 9 0 0 0 26 0 0 2 12 9 9 0 0 0 11 11 35 0 0 0 0 2 0 0 0 25 0 0 0 0 0 24 7 32 0 0 0 35 62 0 0 0 0 0 0 0 0 0 0 0 0 0 0 6 0 0 0 0 3 0 0 0 0 0 3 0 0 0 0 0 1 0 0 0 0 0 0 0 0 0 9 8 8 0 19 0 0 11 11 0 18 0 0 0 9 3 0 0 0 7 0 0 1 0 0 66 1 0 0 2 0 16 11 1 0 16 0 19 34 10 0 9 0 0 0 0 0 0 0 2 0 0 0 0 0 0 0 0 2 0 0 0 0 0 0 0 0 0 0 0 0 0 2 16 0 8 2 0 1 0 7 0 0 0 0 0 0 0 0 1 0 0 0 0 0 0 0 0 0 0 7 0 0 0 0 0 0 0 0 
 2 0 0 0 0 0 0 0 0 0 0 2 2 0 0 1 0 0 4 0 437 77 48 85 137 19 0 92 61 30 40 49 413 395 50 56 30 26 45 370 0 2 2 0 0 0 0 5 3 0 0 0 0 0 3 0 3 0 5 0 51 0 0 0 11 2 2 1 0 0 3 4 2 0 0 0 2 2 0 0 1 0 0 0 0 0 0 2 0 0 0 0 0 0 0 0 0 0 0 0 43 35 8 27 0 0 9 44 28 0 2 0 8 34 61 2 0 1 0 34 0 0 0 0 0 0 0 0 2 0 0 0 0 0 0 0 0 0 0 0 0 0 0 0 27 0 0 0 0 0 0 0 0 0 2 0 0 0 0 0 0 0 0 0 1 0 0 0 0 0 0 0 0 0 0 5 0 0 0 0 31 30 0 0 0 0 6 41 10 1 0 0 25 26 82 23 1 15 1 0 0 0 0 23 0 0 0 0 0 0 0 0 0 0 0 0 4 0 0 0 0 0 0 0 0 0 0 0 0 0 0 0 0 0 0 0 0 0 0 0 0 0 2 0 0 0 0 0 0 0 0 0 0 0 8 0 0 0 0 0 5 2 0 0 0 0 0 0 0 0 0 0 0 0 0 0 0 0 0 0 0 0 0 0 0 0 0 0 0 2 
 0 0 1 0 0 0 0 0 0 0 0 0 0 0 1 0 0 1 0 0 596 414 78 66 53 125 92 0 153 249 37 55 99 396 192 116 48 89 60 61 0 2 2 0 0 0 0 4 5 0 0 0 0 0 3 0 3 76 2 0 1 0 0 0 3 2 1 0 0 0 0 0 3 0 0 0 3 0 0 0 0 0 1 0 0 0 0 0 0 0 0 11 0 2 2 0 0 0 0 0 0 30 54 23 0 1 0 11 33 12 23 2 0 0 22 41 33 13 0 18 0 0 0 0 0 0 0 0 0 0 0 0 0 0 0 0 0 2 4 0 0 0 0 0 1 0 0 0 0 0 0 0 0 0 8 0 0 0 12 2 0 0 0 0 0 0 0 10 0 0 1 0 0 7 0 2 0 0 0 0 10 46 61 29 0 0 0 31 79 23 19 0 0 0 18 24 33 41 0 0 0 0 0 0 0 0 0 0 0 0 0 0 0 13 0 0 1 0 0 0 0 0 0 0 0 2 0 0 0 0 0 0 0 0 0 0 0 0 0 2 0 0 0 0 0 0 0 0 0 0 0 0 0 0 13 0 0 0 0 2 0 0 0 0 0 0 1 0 0 0 0 0 0 0 0 0 0 0 0 0 0 0 0 0 0 0 0 0 0 0 
 0 2 0 0 0 1 0 0 0 0 0 0 0 0 8 0 0 0 0 0 53 352 283 74 280 121 61 153 0 314 41 28 72 116 247 328 250 293 139 86 0 2 2 0 0 0 0 4 8 0 0 0 0 0 3 0 2 0 0 0 28 0 0 0 3 2 54 0 0 0 0 0 1 0 0 0 2 0 3 0 0 0 0 0 0 0 0 0 0 0 0 0 0 0 0 2 0 0 0 0 0 12 43 47 18 9 0 0 25 43 13 28 12 0 0 36 32 42 0 0 0 2 0 0 0 0 0 0 0 0 0 0 0 0 0 0 0 0 0 0 0 0 0 0 0 0 0 0 0 0 0 0 0 0 6 7 0 0 0 4 0 0 1 0 0 0 0 3 0 0 0 0 0 3 0 0 0 0 0 0 0 12 63 29 1 0 0 0 32 25 68 10 0 0 0 16 47 29 0 0 0 0 0 0 0 0 0 0 8 0 0 13 0 0 0 0 0 0 0 0 0 0 0 0 0 0 0 0 0 0 0 0 0 0 0 0 0 0 0 0 0 0 10 0 0 0 0 0 0 0 0 0 0 0 152 2 0 4 2 2 0 11 0 0 0 0 8 0 0 0 0 0 0 0 0 0 0 0 0 0 0 36 0 0 0 0 12 0 0 6 
 0 0 0 3 0 63 1 0 74 2 0 1 0 1 0 0 3 0 0 203 34 73 418 394 98 60 30 249 314 0 285 43 113 83 320 309 270 173 72 341 0 2 2 1 2 0 0 3 9 0 2 3 0 61 3 3 5 0 3 0 0 0 0 0 10 5 3 1 0 5 0 2 2 2 0 0 5 2 0 7 0 2 0 0 0 0 0 0 0 0 0 2 0 0 0 0 0 0 0 0 0 18 15 42 56 4 0 0 11 77 2 37 0 0 0 1 14 34 1 0 0 0 0 0 0 0 0 0 0 0 0 0 0 0 0 0 0 0 1 0 0 0 0 0 0 0 0 0 1 0 0 0 0 0 2 6 0 0 0 2 0 0 0 2 0 0 0 5 0 6 0 0 0 11 0 0 0 0 0 0 0 1 1 39 30 1 0 1 0 41 48 36 0 0 0 10 18 23 0 0 0 0 0 0 0 0 0 0 0 0 0 15 1 0 0 0 0 2 17 0 0 0 0 1 0 0 0 0 0 0 0 0 1 0 2 0 2 0 0 0 0 0 2 0 0 0 0 0 0 0 0 22 0 0 5 2 1 172 150 2 6 17 7 0 0 0 20 0 0 0 0 0 0 0 0 0 0 0 0 0 0 21 0 0 0 0 10 0 0 0 
 3 3 3 5 5 4 3 4 3 4 7 6 3 3 3 3 7 3 3 5 261 37 57 109 216 88 40 37 41 285 0 349 51 290 70 94 93 197 248 159 1 2 50 2 2 0 0 4 3 1 2 0 0 1 3 0 2 0 0 1 2 0 0 0 3 2 2 0 0 5 0 0 2 0 0 0 2 0 0 9 0 1 0 0 0 0 0 0 0 0 0 1 0 5 0 0 1 54 0 0 0 0 2 14 28 6 0 0 12 14 12 9 0 0 0 0 0 25 2 0 0 0 0 0 27 0 0 0 0 0 2 0 10 1 0 0 22 0 12 0 0 0 0 0 0 0 0 0 6 0 0 0 0 0 0 0 0 0 0 0 0 0 0 1 0 0 0 0 0 3 0 0 0 2 0 0 0 0 0 0 0 0 0 6 39 7 0 0 0 9 23 30 0 0 0 2 0 0 2 0 0 0 0 0 0 0 0 0 0 0 0 2 0 0 0 0 0 1 32 0 0 0 0 2 0 0 0 0 0 0 0 0 0 0 0 0 0 0 0 0 0 0 9 0 0 0 2 0 0 0 0 0 0 0 5 1 1 40 45 0 12 0 2 0 0 0 0 0 0 0 0 0 0 0 0 0 0 0 0 0 0 12 0 0 0 0 12 0 0 0 
 0 0 0 0 0 0 0 0 2 0 0 0 0 2 207 0 7 0 3 0 37 39 33 411 628 270 49 55 28 43 349 0 25 68 235 43 83 96 44 24 0 2 2 0 0 0 0 3 3 0 0 0 64 0 3 0 3 0 1 0 1 0 0 0 3 2 0 0 0 4 0 0 3 0 0 0 3 0 0 8 0 0 0 0 0 0 0 0 2 0 0 0 0 0 0 0 0 0 0 0 0 0 0 29 49 9 0 0 0 0 10 22 0 1 0 0 0 9 0 0 0 0 0 0 0 0 3 0 0 0 0 0 29 1 0 0 0 0 34 19 0 0 13 0 0 0 0 0 0 0 0 0 0 0 0 10 0 0 0 0 0 0 0 0 0 0 0 19 0 6 0 0 0 0 0 0 2 0 0 1 0 0 0 10 44 74 1 0 0 11 10 47 0 0 0 0 0 0 0 0 1 0 2 0 0 0 21 0 0 0 0 0 11 21 0 0 0 0 77 3 0 0 0 0 0 2 0 0 0 0 0 0 2 0 0 0 0 0 0 0 0 0 0 0 0 1 0 0 0 0 0 0 0 0 20 0 0 180 148 4 0 0 0 0 0 0 0 0 0 0 0 0 0 0 0 0 0 0 0 0 0 0 0 0 0 0 0 0 0 0 
 0 1 0 0 0 11 2 0 0 0 30 0 0 0 1 0 0 0 0 0 95 482 75 70 282 41 413 99 72 113 51 25 0 110 27 22 33 34 452 138 0 64 2 0 0 0 0 65 3 0 0 0 1 0 3 0 1 0 4 0 0 0 0 0 6 2 3 0 0 0 2 0 0 0 0 0 2 0 0 0 0 0 0 0 0 32 0 0 0 0 0 0 0 0 0 0 0 0 0 0 39 11 0 0 0 0 2 49 0 0 0 0 26 55 22 2 0 0 0 40 0 0 0 0 0 0 0 10 0 1 0 0 0 0 0 0 0 0 0 0 0 0 0 0 1 0 0 0 0 0 22 0 0 2 0 0 0 0 0 0 0 0 2 0 0 0 0 0 0 0 0 0 0 0 0 4 0 0 0 0 36 11 0 0 0 0 30 20 0 0 0 0 33 37 112 23 0 0 55 13 1 0 0 0 2 0 0 0 0 0 0 0 0 0 0 0 0 19 0 0 0 0 0 18 0 0 0 0 0 0 0 0 0 0 0 0 0 0 0 0 0 0 0 0 0 0 0 0 0 0 0 0 0 0 14 0 2 0 0 3 0 1 0 0 0 0 0 0 0 0 0 0 0 0 0 0 0 0 0 0 15 0 0 0 0 0 0 0 0 0 
 0 0 1 0 0 0 0 0 0 0 0 0 0 0 0 0 2 0 0 2 281 82 266 288 83 81 395 396 116 83 290 68 110 0 343 22 45 56 289 108 0 2 2 0 0 0 0 3 3 0 0 0 0 31 3 0 3 0 2 0 4 0 0 0 3 5 2 0 0 0 0 0 3 0 0 0 3 0 0 0 6 0 0 0 0 0 0 0 0 0 0 0 0 0 0 0 0 0 0 0 24 39 32 0 0 0 0 18 29 0 10 0 0 24 36 33 27 12 0 0 0 0 0 0 0 0 0 0 0 0 0 0 0 0 0 0 0 0 0 0 0 0 0 0 4 0 0 0 0 0 0 0 0 0 0 0 0 0 0 0 0 0 0 0 0 0 0 0 0 0 0 11 0 0 0 11 0 0 0 0 28 27 3 0 1 0 11 29 23 0 20 0 0 87 44 31 23 11 0 0 0 0 0 0 0 0 0 0 0 0 0 0 0 0 0 0 0 0 0 0 0 0 0 8 17 0 0 0 0 0 0 0 0 0 0 9 0 0 0 0 0 0 1 0 0 0 0 0 0 0 0 0 0 0 3 0 2 0 0 3 2 1 0 0 0 0 0 0 0 0 25 0 0 0 0 0 0 0 0 0 0 0 0 0 0 0 1 0 0 0 
 0 0 0 3 2 0 2 0 0 0 0 0 0 0 0 1 49 0 0 0 308 301 184 57 75 111 50 192 247 320 70 235 27 343 0 240 116 70 57 94 0 0 2 0 0 0 0 0 0 0 0 0 0 0 1 0 1 0 2 0 0 0 0 0 0 0 0 0 0 0 0 0 2 0 2 49 0 0 0 0 0 0 0 0 0 0 0 0 0 0 0 0 0 0 0 0 0 0 0 0 1 36 30 21 0 1 0 15 21 42 31 10 0 0 43 43 39 17 0 0 0 0 0 0 0 0 0 0 0 0 0 0 0 0 0 2 0 0 0 0 0 0 0 2 4 0 0 0 1 0 0 0 0 0 4 0 2 0 0 2 0 0 0 1 0 0 2 7 0 0 1 0 0 2 0 0 0 0 0 0 10 54 46 28 0 0 0 41 84 27 10 0 0 0 0 32 23 29 0 0 0 0 0 0 0 0 0 0 0 0 0 0 0 0 0 0 0 0 0 0 1 0 0 0 0 0 0 0 0 0 0 0 0 0 0 2 1 0 0 0 0 0 0 0 0 0 0 0 0 0 0 0 0 0 11 0 0 0 0 2 0 0 0 0 0 0 7 0 0 0 0 0 0 0 0 0 0 0 0 0 0 0 0 0 0 0 1 0 0 0 
 3 6 3 3 5 3 6 3 3 113 3 3 4 3 4 4 3 3 3 3 250 335 223 496 89 93 56 116 328 309 94 43 22 22 240 0 166 230 39 271 63 5 6 0 0 207 0 6 10 0 64 0 63 0 7 3 6 0 52 0 0 0 0 0 3 2 2 0 0 0 0 1 6 33 4 4 2 0 0 0 0 0 0 0 0 0 0 0 0 0 0 11 0 0 9 0 0 0 0 0 0 26 21 43 8 9 0 0 14 63 19 11 0 0 0 22 28 12 0 14 0 0 0 0 0 0 0 1 0 0 0 0 0 0 0 2 0 0 0 0 0 0 0 2 0 0 0 2 0 0 0 11 0 0 6 0 0 0 0 3 0 1 0 0 0 0 2 9 1 0 1 0 0 19 0 0 0 0 0 0 0 19 50 47 22 0 0 4 24 36 23 0 0 9 0 57 13 34 0 9 0 0 0 0 15 1 0 0 0 0 0 0 0 0 0 0 0 0 0 0 0 0 0 0 0 0 0 0 0 0 0 0 0 0 0 0 0 0 0 0 0 0 10 0 0 0 0 0 0 0 0 0 0 0 15 0 4 1 2 1 11 8 0 0 0 0 3 0 0 0 0 0 0 0 0 0 0 0 0 0 0 24 0 0 10 0 15 0 0 0 
 0 1 1 2 0 0 0 0 0 1 2 2 0 69 0 0 0 1 0 3 33 308 237 362 54 64 30 48 250 270 93 83 33 45 116 166 0 278 111 41 0 2 2 1 0 0 0 4 7 0 0 0 0 0 3 1 4 2 0 0 14 0 0 0 3 2 2 0 0 0 0 0 1 0 0 0 20 0 1 4 0 1 0 0 0 0 0 0 0 0 0 0 0 0 0 0 1 0 2 2 0 14 17 78 13 11 0 0 17 43 22 17 0 1 0 10 29 24 2 0 0 0 0 0 0 0 0 0 0 0 2 0 2 0 0 24 0 0 0 1 0 0 0 0 0 0 0 0 0 0 0 0 0 0 2 13 0 0 0 2 0 0 0 4 0 0 0 4 0 1 0 14 0 3 10 0 0 0 0 0 0 10 43 40 56 5 0 0 19 19 63 5 0 1 0 9 35 29 0 0 0 0 0 0 0 0 0 0 0 0 0 0 0 0 0 1 0 0 3 0 0 0 0 2 0 0 2 0 0 2 0 2 0 0 1 0 0 0 0 0 0 0 10 0 0 0 0 0 0 0 0 0 0 0 9 0 0 79 1 2 10 10 0 0 0 0 7 0 0 0 0 0 0 0 0 1 0 0 0 0 0 41 0 0 0 0 17 0 0 0 
 0 75 85 0 0 0 2 0 0 0 0 0 0 3 0 2 0 2 0 0 38 103 349 298 268 46 26 89 293 173 197 96 34 56 70 230 278 0 237 323 0 4 2 0 0 0 0 3 6 0 2 0 0 0 4 0 3 2 0 35 0 0 0 0 3 2 1 0 0 0 0 0 3 0 1 0 2 0 0 20 0 0 0 0 0 11 0 0 0 0 0 0 0 0 0 0 0 0 0 0 0 30 13 90 34 10 0 0 18 44 1 12 0 0 0 31 11 34 0 12 0 0 0 0 0 0 0 0 0 10 0 0 18 0 0 0 0 0 22 0 0 0 0 0 0 0 0 0 0 0 0 0 1 0 2 4 0 0 0 3 0 0 0 0 0 0 0 3 0 0 0 0 0 3 0 0 0 0 0 0 1 0 15 10 26 0 0 0 1 28 76 45 0 0 0 17 42 26 0 7 0 0 0 0 0 0 0 0 0 0 0 0 1 0 0 0 0 0 13 1 0 0 8 0 0 0 0 0 0 0 0 0 0 0 0 0 0 0 0 0 0 0 11 0 0 0 0 0 0 0 0 0 0 0 10 0 1 157 89 2 3 13 0 0 0 0 45 0 0 0 0 6 0 0 0 0 0 0 0 0 0 23 0 0 0 0 12 0 0 0 
 1 0 0 0 1 294 0 0 0 2 0 0 0 85 0 0 0 0 0 0 50 40 26 109 70 68 45 60 139 72 248 44 452 289 57 39 111 237 0 423 2 2 2 0 0 0 0 32 3 0 0 0 1 0 3 0 1 6 66 0 2 0 0 0 5 2 3 0 0 0 4 0 0 0 0 0 2 0 0 0 0 2 0 0 0 18 0 0 0 0 0 2 0 0 0 0 0 0 0 0 14 10 0 0 2 0 25 34 0 0 0 0 90 23 15 0 0 0 31 67 0 0 0 0 0 0 0 0 0 0 0 0 0 0 0 0 0 0 0 0 0 0 0 0 0 0 0 0 1 0 0 0 0 0 0 0 0 0 0 0 0 0 0 2 20 0 0 0 0 0 0 0 0 0 0 1 10 0 0 0 62 10 0 0 0 0 19 16 0 0 1 0 101 21 6 0 0 0 53 24 0 21 0 0 0 0 0 1 0 0 0 0 0 0 0 0 0 2 0 0 0 0 0 1 0 0 0 0 0 0 0 0 0 0 2 0 2 0 0 0 0 0 0 0 0 0 0 0 0 0 0 0 0 0 9 2 2 0 0 1 2 0 0 0 0 0 0 0 0 0 0 0 0 0 0 10 0 0 0 0 0 0 0 0 0 0 0 0 0 0 
 0 0 0 0 1 2 0 0 0 1 8 2 0 0 0 0 0 0 1 0 254 54 50 79 403 54 370 61 86 341 159 24 138 108 94 271 41 323 423 0 0 6 2 0 0 0 0 72 3 0 1 0 0 1 3 0 2 62 3 0 1 0 0 0 13 6 2 4 0 0 10 0 2 4 0 0 2 50 0 0 0 0 0 0 0 9 0 0 0 0 0 0 0 0 0 0 1 0 0 0 46 20 0 0 1 0 2 24 0 0 0 0 41 57 28 0 0 1 2 44 0 0 0 0 0 0 0 0 0 0 2 0 1 1 0 0 0 0 0 0 0 0 0 0 0 0 0 0 0 0 0 0 0 0 0 0 0 0 0 0 0 0 0 0 3 0 0 0 0 0 0 0 0 0 0 8 3 0 0 0 29 11 0 0 0 0 71 18 0 0 0 0 42 32 49 9 0 0 51 19 0 0 0 0 0 0 0 0 0 0 0 2 0 0 0 0 0 0 0 0 0 0 11 2 0 0 0 0 0 0 0 0 0 0 1 0 0 0 0 0 0 0 0 0 0 0 0 0 0 0 0 0 0 0 8 0 3 0 0 0 2 0 0 0 0 0 0 0 0 0 0 0 0 0 0 0 0 0 0 0 0 0 0 0 0 0 0 0 0 0 
 3 3 3 6 3 3 3 3 3 3 3 3 4 3 3 3 3 3 3 3 0 1 0 0 0 0 0 0 0 0 1 0 0 0 0 63 0 0 2 0 0 88 94 49 46 32 247 213 47 244 37 27 81 81 240 44 32 52 35 122 0 5 0 0 0 0 0 0 0 0 0 2 50 0 0 0 0 0 0 50 0 0 0 0 0 0 0 0 0 0 0 0 0 0 22 0 0 0 0 0 0 0 0 0 0 0 0 0 0 0 0 0 0 0 0 0 0 0 0 6 22 10 38 0 0 3 0 23 15 1 0 0 0 11 15 28 14 19 0 0 20 0 0 1 0 0 0 0 0 7 0 3 5 0 14 0 0 0 8 0 0 0 0 0 0 0 0 0 7 0 0 0 0 0 0 0 0 0 0 0 0 0 0 0 0 0 0 0 0 0 0 0 0 0 0 0 0 0 0 0 0 45 28 0 0 0 0 44 31 19 0 2 0 15 38 16 39 16 0 0 0 0 0 0 0 0 0 0 0 0 0 0 0 0 0 0 0 0 0 0 0 0 17 0 0 0 0 0 0 0 0 8 0 1 0 0 0 0 102 33 0 0 0 0 2 18 0 0 2 0 0 0 0 0 0 0 0 0 0 0 0 0 0 0 0 0 0 0 0 0 
 0 0 0 0 0 26 0 0 0 0 0 0 0 0 0 0 0 2 0 0 2 2 2 2 2 2 2 2 2 2 2 2 64 2 0 5 2 4 2 6 88 0 353 61 44 63 56 499 297 45 27 14 72 70 306 259 461 267 71 268 7 5 0 0 0 0 53 0 0 0 0 0 0 1 0 0 0 0 0 0 0 0 0 0 0 0 0 0 0 0 0 0 0 0 0 0 0 0 0 0 0 0 0 0 0 0 0 0 0 0 0 0 0 0 0 0 0 0 0 0 1 36 29 53 0 6 1 0 3 38 12 10 0 0 15 24 24 17 0 0 0 0 0 3 0 0 0 0 0 7 1 0 0 0 0 0 0 0 6 0 0 0 0 1 0 0 0 0 0 0 0 0 0 0 0 0 0 5 0 11 0 18 0 0 0 0 0 0 0 0 0 0 0 0 0 0 0 0 0 0 0 1 17 28 1 2 0 18 29 31 15 15 0 0 9 57 16 9 0 0 0 0 0 27 0 0 0 0 57 16 0 0 0 0 0 0 22 0 0 0 0 0 12 0 0 0 0 0 0 0 0 4 0 1 0 0 0 0 0 10 0 0 2 0 2 13 1 0 0 0 10 0 0 0 0 0 0 0 0 0 0 0 0 0 23 10 0 0 0 0 
 0 2 0 0 0 0 0 0 0 0 0 3 0 0 0 0 0 0 0 0 2 2 2 2 3 2 2 2 2 2 50 2 2 2 2 6 2 2 2 2 94 353 0 111 40 34 58 104 110 274 32 35 74 111 696 110 90 528 55 29 4 1 8 2 1 0 158 0 7 4 2 0 0 3 0 27 0 21 0 0 0 0 0 0 0 0 0 0 0 0 0 0 0 6 0 0 0 0 0 0 0 0 0 0 0 0 0 0 0 0 0 0 0 0 0 0 0 0 0 0 0 7 16 26 1 0 0 0 2 38 21 2 0 0 1 11 10 8 0 0 0 0 0 9 2 0 0 0 0 7 1 5 1 5 0 0 0 9 0 0 0 0 0 0 0 0 0 0 0 0 0 0 0 0 0 0 0 5 7 0 0 0 0 0 0 0 0 0 0 0 0 0 0 0 0 0 0 0 0 0 0 0 0 21 11 25 0 0 11 13 47 25 0 0 1 12 1 7 0 0 0 0 0 0 0 0 0 0 0 0 5 3 0 0 0 0 1 1 0 0 0 0 11 0 0 0 0 0 0 0 0 8 0 2 0 0 0 0 0 4 0 0 2 5 0 1 1 1 2 0 9 0 0 0 0 0 0 0 0 0 0 0 0 0 20 3 0 0 0 0 
 0 0 0 0 0 0 0 0 0 3 0 59 0 0 71 0 0 0 0 1 0 0 0 0 0 0 0 0 0 1 2 0 0 0 0 0 1 0 0 0 49 61 111 0 70 274 88 83 99 350 125 251 97 75 309 58 41 233 78 61 0 0 5 1 0 0 0 0 0 0 1 0 0 0 0 0 0 0 0 0 0 0 0 0 0 0 0 0 0 0 0 0 0 0 0 0 0 0 0 0 0 0 0 0 0 0 0 0 0 0 0 0 0 0 0 0 0 0 0 0 0 0 0 8 32 0 0 0 0 11 17 17 0 0 0 0 4 6 0 0 0 0 0 0 0 0 1 0 9 0 0 0 0 0 0 0 0 0 11 0 0 0 0 0 0 0 0 0 0 0 0 0 0 0 0 0 16 0 0 0 0 0 0 0 0 0 0 0 0 0 0 0 4 0 0 0 0 0 0 0 0 0 13 0 23 48 0 0 0 0 11 22 0 0 0 0 0 7 0 0 7 0 0 0 0 0 0 0 0 0 0 0 2 0 0 0 0 0 11 0 0 0 0 0 0 29 0 0 0 0 0 4 69 0 0 0 0 0 0 10 0 0 4 3 0 3 3 5 2 0 1 0 0 0 0 0 0 0 0 0 0 0 0 0 0 0 0 0 1 6 
 5 2 6 64 4 2 2 2 2 2 2 2 2 5 2 2 2 2 2 2 0 0 0 0 0 61 0 0 0 2 2 0 0 0 0 0 0 0 0 0 46 44 40 70 0 762 39 77 75 86 79 213 88 52 71 303 50 49 295 67 0 0 0 0 0 1 0 0 3 31 0 0 0 0 1 0 2 0 5 50 0 19 0 0 0 0 0 0 0 0 0 35 0 0 0 0 0 0 0 0 0 0 0 0 0 0 0 0 0 0 0 0 0 0 0 0 0 0 0 6 0 0 0 0 30 52 0 0 0 0 0 27 0 0 0 0 0 0 0 0 3 0 0 0 0 0 13 12 0 0 0 9 43 9 0 0 0 5 0 31 0 0 0 0 0 0 11 0 9 0 0 0 0 0 0 0 0 0 0 0 0 0 0 0 0 0 0 0 0 0 0 0 0 0 0 0 0 0 0 0 0 0 0 0 19 4 0 0 0 0 6 0 0 0 0 0 0 4 0 0 23 5 0 0 0 0 9 0 0 0 0 0 40 1 0 0 0 0 55 0 0 0 0 0 0 0 0 0 0 0 0 4 0 0 0 0 0 0 0 1 0 0 2 1 0 0 5 2 2 0 0 0 0 0 0 0 0 0 0 0 0 0 32 0 0 0 0 0 1 0 
 0 0 0 3 0 0 0 0 0 0 0 0 0 5 0 0 0 0 0 0 0 0 1 0 0 0 0 0 0 0 0 0 0 0 0 207 0 0 0 0 32 63 34 274 762 0 236 48 47 35 514 155 50 43 49 270 52 78 259 280 0 0 0 0 0 0 51 0 0 52 0 1 2 0 4 0 0 0 108 0 0 0 0 0 0 0 0 0 0 0 11 0 0 0 0 0 0 0 0 0 0 0 0 0 0 0 0 0 0 0 0 0 0 0 13 0 0 0 0 0 1 0 2 7 9 34 0 1 3 4 6 14 0 1 0 1 0 4 0 0 25 17 0 0 0 16 18 15 0 0 0 0 27 16 4 0 0 4 31 16 0 0 0 0 11 0 0 0 0 0 0 0 0 0 0 0 0 0 0 0 0 0 13 0 0 0 0 1 0 0 0 0 0 0 0 0 6 0 0 0 0 0 0 1 0 0 0 3 15 4 0 18 0 0 0 1 3 17 0 0 5 63 0 0 0 6 36 21 0 0 0 0 44 0 9 13 0 0 25 10 0 0 0 0 0 0 0 0 0 0 0 8 0 0 0 0 0 0 0 4 0 0 1 0 0 6 11 0 1 0 0 0 0 0 0 0 0 0 0 0 0 0 0 0 12 0 0 0 0 0 
 0 0 0 1 0 0 0 0 0 0 6 0 0 0 0 0 1 0 0 0 0 0 0 0 1 0 0 0 0 0 0 0 0 0 0 0 0 0 0 0 247 56 58 88 39 236 0 85 62 24 66 232 368 267 34 41 37 22 52 146 0 0 0 0 0 0 1 0 0 0 0 0 0 0 0 0 0 0 0 0 0 0 0 0 0 0 0 0 0 0 0 0 0 0 0 0 0 0 19 0 0 0 0 0 0 0 0 0 0 0 0 0 0 0 0 0 0 0 0 0 19 0 14 0 0 9 1 31 23 0 0 0 10 4 11 11 10 20 1 0 4 0 0 0 0 0 0 0 0 0 0 0 2 0 0 0 0 0 0 0 0 0 0 0 0 0 0 0 6 0 0 0 0 0 0 0 0 0 0 0 0 0 0 0 1 1 0 0 0 0 0 0 0 0 7 0 0 0 0 15 12 26 8 0 0 0 0 58 9 0 0 0 0 10 24 0 7 10 0 0 0 0 0 0 0 0 0 0 0 0 0 0 0 0 0 0 0 0 0 0 0 0 0 0 0 0 0 0 0 0 0 0 0 0 0 0 0 0 0 1 0 0 0 0 0 8 0 0 2 0 0 0 0 0 0 0 0 0 0 0 0 0 0 0 0 0 0 0 0 0 
 0 0 0 0 0 63 0 0 0 0 6 0 0 0 0 0 0 2 0 0 3 4 4 4 4 3 5 4 4 3 4 3 65 3 0 6 4 3 32 72 213 499 104 83 77 48 85 0 308 41 44 24 139 202 120 44 290 41 290 61 0 0 0 0 9 0 0 0 0 0 6 0 205 0 0 0 0 0 0 0 0 0 0 0 0 12 0 0 0 0 0 0 0 0 0 0 0 0 0 0 21 10 0 0 0 0 0 20 0 0 0 0 4 22 48 1 0 0 0 23 0 8 0 0 0 0 0 9 14 36 1 0 0 0 6 29 27 10 0 0 3 0 0 0 0 0 0 0 0 6 0 0 5 0 0 0 0 0 12 0 0 0 5 0 18 0 0 0 3 0 0 0 0 0 0 15 0 1 0 0 9 0 0 0 0 0 1 0 0 0 0 0 8 0 1 0 0 0 14 17 0 18 3 20 0 0 0 12 25 14 88 1 0 0 20 43 12 22 0 0 0 0 0 0 0 0 0 0 0 0 0 0 0 0 0 0 0 0 0 0 0 0 0 0 0 0 0 0 0 0 0 10 0 0 0 0 0 2 0 5 0 0 2 0 0 10 2 0 1 0 3 0 0 0 0 0 0 0 0 0 0 0 0 0 0 0 0 0 0 0 
 13 0 0 0 0 0 0 0 0 0 6 0 0 0 0 0 0 0 0 0 3 12 11 4 3 3 3 5 8 9 3 3 3 3 0 10 7 6 3 3 47 297 110 99 75 47 62 308 0 277 132 40 107 92 76 123 70 486 74 270 7 0 1 4 2 0 159 1 2 0 0 0 0 0 4 3 0 8 0 1 0 0 0 0 0 0 0 0 0 0 0 0 0 7 0 0 0 0 0 0 0 0 10 5 11 6 0 0 3 9 0 0 0 0 0 18 19 0 0 0 0 8 16 29 7 0 0 0 1 36 25 3 0 0 0 10 12 6 0 0 0 0 0 4 0 0 0 0 7 0 0 0 0 0 0 0 0 0 0 0 0 0 0 0 0 0 0 0 0 0 10 0 0 0 0 0 0 5 0 0 0 0 13 39 0 22 0 0 5 29 3 0 0 0 0 7 5 10 17 0 0 0 0 34 12 45 0 0 16 13 40 22 8 0 0 10 0 9 0 0 6 0 0 0 0 0 0 0 0 0 0 0 0 0 0 0 0 0 0 0 0 0 6 0 0 0 0 0 0 19 0 8 0 1 0 1 0 0 2 4 0 0 1 6 2 0 1 2 0 0 8 0 0 52 0 0 0 0 0 0 0 6 0 0 22 17 0 0 0 0 
 0 0 0 2 0 0 61 0 0 0 0 0 0 0 4 0 0 3 0 0 0 0 0 0 0 0 0 0 0 0 1 0 0 0 0 0 0 0 0 0 244 45 274 350 86 35 24 41 277 0 340 89 90 281 302 324 310 96 110 113 11 8 0 0 0 0 0 0 0 0 0 0 0 0 0 0 49 5 0 0 0 0 0 0 0 0 0 0 0 0 0 0 0 0 0 0 0 1 0 0 0 0 0 0 0 0 0 0 0 0 0 0 0 0 0 0 0 0 0 1 0 0 8 39 35 5 0 0 0 11 28 9 0 0 0 2 0 4 0 0 12 0 0 7 0 0 2 0 0 0 0 0 5 1 0 0 0 0 11 2 0 0 0 0 0 0 0 0 0 0 0 0 0 0 0 0 0 6 0 0 0 0 0 0 0 0 0 0 0 0 0 0 0 0 0 0 0 0 0 0 0 0 0 15 30 61 0 0 7 0 78 29 0 0 0 4 0 2 0 0 1 0 0 0 0 0 0 0 0 0 0 0 5 0 0 0 0 0 6 3 0 0 0 0 0 0 0 0 0 0 0 4 0 0 0 0 0 0 0 13 0 0 65 64 0 4 2 64 0 0 12 0 0 0 0 0 0 0 0 0 0 0 0 0 19 24 0 0 2 0 
 0 0 0 0 0 0 0 0 0 0 0 0 0 3 0 82 0 1 67 0 0 0 0 0 0 0 0 0 0 2 2 0 0 0 0 64 0 2 0 1 37 27 32 125 79 514 66 44 132 340 0 227 56 46 52 77 92 222 35 61 6 0 1 0 0 0 29 2 0 0 0 1 8 58 3 0 0 0 0 3 0 0 0 0 0 0 0 0 0 0 0 0 0 0 0 0 0 0 0 0 0 0 0 0 0 0 0 0 0 0 0 0 0 0 0 5 0 0 0 0 0 0 0 18 29 0 0 0 0 14 30 28 0 0 0 0 1 7 0 0 9 3 6 2 0 0 4 26 6 0 0 0 1 4 7 2 8 0 11 0 0 0 0 0 0 0 0 0 0 0 0 0 0 0 0 0 0 0 0 0 0 0 5 0 0 0 0 0 0 0 0 0 0 0 0 0 0 0 0 0 0 0 0 1 19 47 0 0 0 0 11 20 0 0 0 0 0 12 0 0 14 11 6 1 0 0 1 3 0 8 0 0 1 25 42 4 32 0 17 0 0 0 0 0 0 0 0 0 0 0 0 0 0 0 0 0 0 0 0 10 0 0 38 5 0 1 8 27 0 0 0 0 0 0 0 0 0 0 0 0 0 0 0 0 0 12 0 0 1 0 
 0 0 0 0 0 0 0 0 0 0 4 0 3 3 0 1 0 0 0 0 0 0 1 0 0 1 0 0 0 3 0 0 0 0 0 0 0 0 0 0 27 14 35 251 213 155 232 24 40 89 227 0 32 48 242 19 70 72 39 41 0 0 0 0 0 0 0 0 0 51 0 0 0 0 0 0 30 0 0 0 0 0 0 0 0 0 0 0 1 0 0 0 0 0 0 0 0 0 0 0 0 0 0 0 0 0 0 0 0 0 0 0 0 0 0 0 0 0 0 0 0 0 0 0 65 22 0 0 0 3 17 15 0 0 0 0 0 0 0 14 0 0 0 0 0 0 17 0 10 0 0 0 25 14 0 0 0 3 22 15 0 0 0 0 20 0 0 0 0 0 0 0 0 0 0 0 0 0 0 0 0 0 0 0 0 0 0 0 0 0 18 0 0 0 0 0 0 0 0 0 0 0 0 0 27 21 0 0 0 0 1 11 0 0 0 0 0 2 0 0 9 0 0 0 0 12 5 0 3 0 0 0 21 3 0 0 0 0 35 5 0 0 0 0 0 0 0 0 0 0 0 3 62 0 0 0 0 0 0 2 0 21 90 65 2 4 0 67 0 0 0 0 0 0 0 0 0 0 0 0 0 0 0 0 0 0 0 0 0 0 
 0 0 0 0 0 0 0 0 0 0 6 0 0 0 0 0 2 0 0 18 0 1 0 0 1 0 0 0 0 0 0 64 1 0 0 63 0 0 1 0 81 72 74 97 88 50 368 139 107 90 56 32 0 61 243 30 42 54 536 148 0 0 7 49 0 2 6 2 0 0 3 0 1 53 0 0 5 0 0 0 0 0 0 0 0 0 0 0 0 0 0 0 0 0 0 0 0 0 0 0 0 0 0 0 0 18 0 0 0 0 0 0 0 0 0 0 0 0 0 0 37 0 17 1 1 7 32 23 1 0 0 0 26 39 24 1 3 0 0 4 2 0 0 0 0 0 0 2 0 0 0 0 13 0 0 0 0 0 0 0 0 0 0 0 0 7 0 0 1 0 0 0 0 0 0 0 0 0 0 0 0 0 5 0 0 0 0 0 0 0 0 0 0 0 0 0 0 0 0 0 40 27 8 0 6 1 9 19 0 1 0 0 0 17 31 0 0 1 0 25 0 0 0 0 0 0 1 0 1 0 0 21 0 0 0 0 0 0 4 1 0 0 0 0 0 0 0 0 0 0 0 6 0 0 0 0 0 0 0 0 0 0 5 0 0 0 2 0 0 0 0 0 0 0 0 0 0 0 0 0 0 0 1 0 0 0 0 0 0 0 
 3 3 3 8 5 3 3 3 37 6 5 7 3 3 3 3 3 3 3 3 0 0 0 0 0 0 0 0 0 61 1 0 0 31 0 0 0 0 0 1 81 70 111 75 52 43 267 202 92 281 46 48 61 0 285 67 47 45 110 154 0 0 204 0 0 0 0 0 0 0 0 0 0 0 0 0 0 0 0 0 0 0 0 0 5 6 0 0 0 0 0 0 0 0 0 0 0 0 0 0 0 0 7 0 0 0 0 12 0 0 0 0 0 0 0 0 0 0 14 0 9 11 30 0 0 4 0 20 13 3 0 0 0 13 14 28 14 11 0 0 6 0 0 1 0 0 0 0 0 7 0 0 5 0 0 0 0 0 8 0 0 0 0 0 3 29 0 0 6 0 0 22 0 0 0 0 0 0 0 0 1 0 0 0 0 0 0 0 0 0 0 14 0 0 0 0 1 0 0 3 1 59 27 0 0 0 0 31 33 19 0 0 0 13 20 18 29 64 0 0 0 0 0 0 0 0 0 0 0 0 0 0 0 0 0 0 0 0 0 0 0 0 13 0 0 0 2 0 0 0 0 0 0 13 0 0 0 0 0 19 0 0 0 0 2 17 0 0 2 0 0 0 0 0 0 0 0 0 0 0 0 0 0 0 0 0 0 0 0 0 
 0 1 0 0 0 0 0 0 0 0 0 0 0 1 0 0 0 0 0 0 3 3 3 3 3 3 3 3 3 3 3 3 3 3 1 7 3 4 3 3 240 306 696 309 71 49 34 120 76 302 52 242 243 285 0 95 292 59 264 135 0 0 0 0 0 0 0 0 0 0 0 0 0 0 0 0 4 0 0 0 0 0 9 0 0 0 0 0 0 0 0 0 0 0 0 0 0 0 0 0 0 0 0 0 0 0 0 0 0 0 0 14 0 0 0 0 0 0 0 0 0 22 28 15 0 30 0 11 33 21 16 0 0 0 13 61 31 49 0 0 5 0 0 0 0 0 0 0 0 9 0 0 4 0 0 0 0 0 6 0 0 0 0 0 0 0 0 0 4 0 0 0 0 0 0 0 0 1 0 0 0 0 0 0 0 0 0 0 0 0 0 0 0 0 0 0 0 0 0 0 0 42 34 9 0 0 0 19 33 31 7 1 0 0 4 47 28 21 0 0 0 0 0 0 0 0 0 0 0 0 0 0 0 0 0 0 0 0 0 0 0 0 21 0 0 0 0 0 0 0 0 3 0 0 0 0 0 0 0 6 0 0 1 0 0 14 4 0 2 0 0 0 0 0 1 0 0 0 0 0 0 0 0 0 0 0 0 0 0 8 
 0 0 0 0 0 0 0 0 0 0 0 0 0 0 0 0 0 0 0 1 0 0 1 0 0 0 0 0 0 3 0 0 0 0 0 3 1 0 0 0 44 259 110 58 303 270 41 44 123 324 77 19 30 67 95 0 148 271 53 50 4 0 0 5 6 3 0 0 0 5 5 7 2 0 0 0 3 0 0 0 0 0 0 0 0 0 0 0 0 0 0 0 0 0 0 0 10 0 0 0 0 0 0 0 0 0 0 9 0 0 0 0 0 0 0 0 0 0 0 0 0 14 14 47 12 0 0 0 0 50 13 8 0 0 0 27 10 6 0 0 0 0 0 5 5 8 0 0 0 0 0 0 0 0 0 0 0 0 0 0 0 0 0 0 0 0 0 0 0 0 0 0 0 0 0 7 10 6 0 0 0 0 0 0 0 0 0 0 0 0 0 7 0 1 0 0 0 0 0 0 0 0 0 13 8 21 0 0 3 12 51 24 0 0 0 20 0 10 0 0 0 0 0 0 5 4 0 0 0 0 0 0 0 0 0 0 0 0 0 0 0 0 0 0 0 0 0 0 0 0 0 4 0 0 0 0 0 0 0 1 0 0 2 2 0 0 0 1 0 0 8 0 0 0 0 3 0 0 0 0 0 0 0 0 21 18 0 0 1 0 
 61 1 0 0 0 0 0 0 1 0 0 0 1 3 0 0 0 54 0 0 4 2 2 2 2 2 3 3 2 5 2 3 1 3 1 6 4 3 1 2 32 461 90 41 50 52 37 290 70 310 92 70 42 47 292 148 0 462 35 42 4 3 0 0 0 0 0 0 0 0 0 0 0 0 0 0 4 0 27 1 0 0 0 0 0 0 0 0 0 0 0 0 0 0 0 0 0 0 0 0 0 0 0 0 0 0 0 0 0 0 0 0 0 0 0 0 0 0 0 0 0 9 16 33 7 10 0 0 0 52 11 2 0 0 2 12 14 6 0 0 0 0 0 4 0 0 0 0 0 0 0 0 3 0 0 0 0 0 0 0 0 0 0 0 0 0 0 0 0 0 0 0 0 0 0 0 11 4 0 0 0 0 0 0 0 0 0 0 0 0 0 0 0 0 0 0 0 0 0 0 0 0 0 24 16 37 0 10 12 9 52 18 0 0 0 13 11 9 0 0 0 0 0 0 0 0 0 0 0 0 0 0 0 0 0 0 0 0 3 0 0 0 8 0 0 0 0 0 0 0 0 2 0 0 0 2 0 0 0 0 0 0 2 0 0 3 2 0 1 0 4 0 0 0 0 0 0 0 0 0 0 0 5 0 27 19 0 0 1 0 
 0 0 0 0 0 0 0 0 0 0 0 0 1 2 0 0 0 0 0 2 0 0 0 0 0 0 0 76 0 0 0 0 0 0 0 0 2 2 6 62 52 267 528 233 49 78 22 41 486 96 222 72 54 45 59 271 462 0 255 256 6 0 4 5 0 0 0 0 8 5 10 0 2 0 0 0 0 6 0 0 0 0 0 0 0 0 0 0 1 15 0 0 0 0 0 0 0 0 0 0 0 0 0 0 0 0 0 0 0 0 0 0 28 0 0 0 0 0 0 0 0 3 1 43 35 0 0 0 0 12 43 9 0 0 0 0 0 5 0 0 1 0 0 13 9 4 0 0 0 0 0 8 0 0 0 0 0 5 9 0 0 0 0 0 0 0 0 2 0 0 22 0 0 0 0 0 0 6 0 0 0 0 0 6 0 0 0 0 0 0 0 0 0 0 0 0 0 0 0 0 0 0 1 16 28 39 0 0 8 1 31 39 0 0 1 1 30 10 0 0 0 0 0 0 5 1 0 0 0 0 18 1 0 0 0 0 13 10 3 0 0 0 0 0 0 0 0 0 0 0 0 2 0 1 0 0 0 0 0 0 0 2 61 64 1 0 4 63 2 0 10 0 0 0 0 4 0 0 0 0 0 0 0 0 19 15 0 0 0 0 
 0 0 0 0 0 0 0 0 64 0 44 0 0 0 0 0 1 0 0 0 4 0 0 0 10 139 5 2 0 3 0 1 4 2 2 52 0 0 66 3 35 71 55 78 295 259 52 290 74 110 35 39 536 110 264 53 35 255 0 404 2 3 0 0 18 0 5 0 0 0 0 0 0 0 0 0 0 0 0 7 4 0 0 0 2 0 0 0 0 0 0 0 0 0 0 0 0 0 0 0 4 2 0 0 0 17 0 0 0 0 0 0 0 2 2 0 0 0 0 0 20 10 0 0 0 0 70 64 0 0 0 7 39 15 32 0 0 0 0 21 0 0 0 0 0 0 0 3 0 0 0 0 0 0 0 0 0 0 0 0 0 2 0 0 0 3 0 0 0 0 0 0 0 0 0 0 0 0 0 0 0 2 0 0 11 1 5 0 0 0 0 0 2 2 6 0 0 0 0 2 20 1 0 0 0 0 45 1 0 0 0 0 37 41 21 0 0 0 0 50 0 0 0 0 0 0 0 0 0 0 0 0 0 0 0 0 0 0 0 0 0 0 0 0 0 0 0 0 0 0 0 2 0 2 0 0 0 0 2 0 0 0 0 0 0 0 1 0 0 0 0 0 0 0 0 1 0 0 0 0 0 0 0 0 0 0 0 0 0 0 
 64 77 0 0 0 0 0 47 62 0 0 0 0 63 36 0 1 0 0 1 0 0 0 0 0 11 0 0 0 0 1 0 0 0 0 0 0 35 0 0 122 268 29 61 67 280 146 61 270 113 61 41 148 154 135 50 42 256 404 0 4 0 0 0 0 5 1 0 0 0 0 0 0 3 0 0 5 0 0 0 0 10 23 1 0 0 0 0 15 11 0 0 0 19 0 19 9 18 0 0 0 0 0 0 0 0 0 0 0 0 0 7 0 0 0 0 0 0 0 0 6 0 47 0 0 0 17 15 7 1 0 0 37 7 8 20 12 12 0 0 6 0 0 0 0 0 5 0 0 0 0 0 11 2 0 0 0 0 8 5 0 11 0 19 0 3 0 3 1 20 0 0 0 0 0 18 26 1 0 0 0 0 0 0 0 0 0 13 0 0 0 0 0 0 0 0 0 0 0 0 8 57 6 0 5 0 1 8 27 0 0 0 0 15 11 2 34 16 0 31 0 0 0 0 0 0 3 0 2 0 0 0 14 2 1 0 0 0 17 4 0 0 0 0 0 0 0 0 0 0 0 0 0 2 0 0 0 0 2 0 0 0 0 0 3 0 0 0 0 0 0 0 0 0 0 1 0 0 0 0 0 0 0 0 0 0 0 12 0 0 
 0 0 3 0 0 0 0 0 0 4 0 0 0 0 0 0 0 0 0 2 0 0 0 0 0 0 51 1 28 0 2 1 0 4 0 0 14 0 2 1 0 7 4 0 0 0 0 0 7 11 6 0 0 0 0 4 4 6 2 4 0 264 111 76 64 106 266 212 42 248 244 240 62 121 238 46 251 31 39 47 0 0 0 0 0 0 0 0 0 0 0 0 0 0 0 0 0 0 0 0 0 0 0 0 0 0 0 0 0 0 0 0 0 0 0 0 0 0 0 0 0 8 5 10 0 0 0 0 0 4 7 5 0 0 0 0 5 0 0 0 3 20 13 1 0 0 0 22 22 0 0 0 0 0 1 17 32 14 0 0 0 0 0 0 0 0 0 0 0 0 0 0 0 0 0 0 0 0 9 0 0 0 0 0 0 0 0 0 0 0 0 0 1 0 0 0 0 0 0 0 0 0 0 7 1 5 0 0 2 0 5 16 0 0 0 0 0 3 0 0 8 16 36 30 0 0 0 1 21 6 10 1 0 9 15 24 14 1 0 18 7 0 0 0 0 0 0 0 0 0 0 0 0 0 3 0 0 0 0 0 0 0 0 0 0 0 1 0 0 0 2 0 0 1 0 0 0 0 0 0 0 0 0 0 0 8 0 0 0 5 
 2 3 2 2 3 53 3 50 3 2 46 3 3 3 3 3 3 3 3 3 0 0 0 0 0 0 0 0 0 0 0 0 0 0 0 0 0 0 0 0 5 5 1 0 0 0 0 0 0 8 0 0 0 0 0 0 3 0 3 0 264 0 248 61 67 78 100 534 261 26 35 35 58 67 241 443 98 48 21 50 0 0 0 0 0 0 0 0 0 0 0 0 0 0 0 0 0 0 0 0 0 0 0 0 0 0 0 0 0 0 0 0 0 0 0 0 0 0 0 0 0 0 0 0 0 0 0 0 0 0 0 0 0 0 0 0 0 0 0 0 1 9 20 11 2 0 0 0 7 21 18 20 0 0 0 25 0 14 0 0 5 0 0 24 0 0 0 0 0 0 8 0 0 0 0 0 0 0 0 0 0 0 0 0 0 0 0 0 0 0 0 0 0 0 0 0 0 0 0 0 0 0 0 0 0 0 0 0 0 0 0 0 0 0 0 8 0 0 0 0 0 0 21 25 0 1 0 0 14 4 14 37 0 1 0 8 30 32 0 18 14 0 0 0 0 0 0 0 0 0 0 0 0 0 7 0 0 0 0 0 0 0 0 0 0 0 0 0 0 0 17 0 58 17 0 1 0 0 0 0 0 0 0 0 0 2 0 9 0 0 
