 0 77 81 56 31 346 309 315 40 39 39 25 42 123 218 37 25 135 45 143 3 0 60 0 2 1 76 0 0 2 0 1 3 3 1 0 2 6 4 3 0 0 0 2 0 0 0 2 0 0 0 0 0 0 3 3 0 3 3 0 0 0 0 6 0 0 0 0 2 0 0 28 3 0 0 0 0 0 0 0 0 56 28 0 0 0 28 17 23 48 0 0 0 42 25 35 15 0 4 57 0 0 0 0 8 0 0 0 0 0 0 0 0 0 0 0 0 0 0 0 0 0 0 14 0 0 0 0 0 0 0 0 0 0 0 0 0 0 0 0 0 2 0 0 5 0 1 0 0 8 0 0 4 0 0 0 0 0 0 0 49 18 15 0 0 0 0 9 27 0 0 0 0 57 8 24 12 0 0 0 0 0 0 0 0 0 0 0 0 0 0 0 0 2 0 0 0 0 0 0 0 0 0 0 0 0 0 0 0 0 0 0 0 0 0 0 0 0 0 0 0 0 0 0 0 0 0 0 0 0 0 0 0 0 0 0 0 0 0 0 0 0 0 0 0 0 0 1 0 0 0 9 0 0 0 0 0 0 0 0 73 0 0 34 0 0 0 0 0 0 0 0 0 0 0 0 24 0 0 0 0 0 0 0 0 0 0 0 0 0 
 77 0 465 79 36 42 79 470 293 53 26 36 31 59 486 618 514 537 35 58 3 4 3 6 2 1 1 1 6 3 0 1 3 8 2 5 3 8 2 3 1 0 0 10 3 0 0 2 0 2 3 0 4 0 3 3 4 8 3 0 1 0 0 3 3 4 0 0 2 3 6 4 9 3 0 0 1 6 9 0 1 15 42 16 0 0 0 18 57 35 17 0 0 19 9 76 38 29 0 0 0 0 0 0 2 0 0 0 0 2 0 0 0 0 0 0 0 0 0 0 0 0 0 0 0 0 0 0 0 0 0 0 0 0 0 0 0 0 0 0 0 0 0 0 0 1 0 0 0 0 0 0 0 0 0 11 0 0 0 0 0 41 39 16 0 0 0 10 22 74 34 2 0 0 0 59 32 17 0 0 0 0 0 0 0 0 0 0 0 0 0 1 19 0 0 0 0 0 0 0 0 0 0 0 0 0 0 0 0 0 0 0 0 0 0 0 0 0 0 0 41 2 0 0 0 0 0 0 0 0 0 0 0 2 0 0 13 0 0 0 0 1 0 0 0 3 3 1 2 31 2 11 0 0 0 0 0 0 0 0 0 0 0 0 0 0 0 0 0 0 0 0 0 0 0 36 11 0 0 0 0 0 0 0 0 0 0 0 0 0 
 81 465 0 109 54 45 76 106 216 410 55 51 159 256 207 215 218 352 129 156 3 0 3 1 1 0 0 0 0 0 0 2 4 3 0 3 2 3 2 3 0 0 0 0 0 0 3 2 0 0 0 0 0 0 4 3 0 3 3 0 0 0 0 6 1 0 0 0 3 0 0 3 43 0 0 0 2 0 3 0 0 1 32 25 0 0 0 1 32 18 30 49 0 0 14 16 7 60 2 0 0 0 0 0 0 0 0 0 0 0 0 6 0 0 0 0 0 0 0 0 0 8 0 0 0 11 0 0 0 0 0 0 0 0 0 0 0 0 0 0 0 0 0 0 0 0 0 0 0 0 0 0 0 0 0 0 0 0 0 0 1 21 17 33 63 0 0 0 28 63 34 60 0 0 0 26 25 34 0 8 0 0 0 0 0 0 0 1 0 19 0 0 0 0 0 0 0 0 0 0 2 0 0 0 0 0 0 0 0 0 0 0 0 0 0 0 0 0 0 0 0 0 0 0 0 0 0 1 0 0 0 0 1 0 0 0 0 0 0 0 0 9 0 0 0 3 3 1 0 13 0 4 0 0 0 0 0 0 0 0 0 0 9 0 0 0 0 0 0 0 0 0 0 0 0 30 29 2 0 0 0 0 0 0 0 0 0 0 0 0 
 56 79 109 0 111 47 337 153 517 469 166 716 56 517 32 52 121 301 98 52 3 0 2 0 0 1 0 0 0 0 0 0 3 3 0 0 2 3 2 5 0 2 0 0 0 0 1 4 0 4 0 0 0 1 7 7 3 65 3 2 0 0 0 3 0 0 0 0 2 0 0 3 7 0 0 0 0 0 0 0 0 0 0 13 44 23 0 0 1 12 37 28 0 13 0 1 8 32 0 0 0 0 0 0 0 0 0 0 0 0 0 0 7 0 16 0 0 0 44 11 0 0 0 0 0 0 2 0 0 2 0 0 0 0 0 0 0 1 0 0 0 0 0 0 0 0 0 0 0 0 0 0 0 0 0 0 0 0 11 0 0 0 0 21 50 12 0 0 0 9 12 66 0 0 0 0 0 33 0 0 0 0 0 0 0 20 7 0 0 0 0 0 6 0 0 0 0 0 3 0 0 0 0 0 1 0 0 0 0 0 0 0 0 0 0 0 0 0 0 1 0 0 0 0 0 0 0 0 0 0 0 0 0 0 0 0 0 0 0 13 0 13 0 0 0 1 14 0 0 57 0 171 16 0 0 0 0 0 0 0 2 1 15 0 0 0 0 0 0 0 0 0 0 0 0 13 0 10 0 0 0 0 0 0 0 0 0 0 0 0 
 31 36 54 111 0 654 105 78 64 96 103 300 71 74 74 64 47 261 84 84 3 1 0 0 6 0 1 0 0 0 2 2 3 3 2 0 2 6 13 3 2 0 0 0 0 0 0 2 0 0 0 0 1 63 7 3 71 54 3 3 0 22 0 5 4 0 0 0 7 0 0 2 5 0 0 0 4 0 0 3 0 0 0 19 61 84 0 0 0 0 18 16 0 0 0 0 0 0 0 0 2 0 0 0 0 0 2 0 0 0 0 0 21 0 30 11 39 0 18 61 0 0 0 0 0 18 0 0 0 1 0 0 0 0 0 0 0 0 0 0 0 0 0 0 0 0 0 0 0 0 0 7 0 0 0 0 1 0 5 0 0 0 0 0 46 35 0 0 0 0 0 0 0 0 0 0 1 0 0 0 1 0 0 2 0 0 12 0 0 0 0 0 20 9 0 0 0 0 53 37 0 0 0 0 0 0 0 0 0 0 0 0 0 1 0 0 0 22 0 0 0 0 0 0 0 0 0 0 1 0 0 5 1 0 0 0 0 0 0 0 0 0 0 0 0 8 7 0 4 2 39 2 2 0 1 0 0 0 0 0 0 0 0 2 0 0 0 0 0 0 0 0 0 0 0 0 0 0 0 0 0 0 0 0 0 0 0 0 0 0 
 346 42 45 47 654 0 35 39 62 53 89 270 53 43 47 281 280 85 190 274 3 0 0 74 0 2 0 0 0 0 72 2 5 3 0 0 2 3 244 20 0 0 0 2 0 0 0 7 0 0 0 0 42 36 3 3 31 56 3 0 0 2 0 3 1 0 0 0 3 0 0 3 51 0 0 0 0 0 0 0 0 0 0 3 28 59 0 0 0 1 0 19 0 0 0 0 0 0 1 0 8 0 0 0 0 0 23 0 0 0 20 0 63 0 16 0 0 0 15 52 0 0 0 0 0 15 0 0 0 0 0 0 0 0 0 0 0 0 0 0 0 0 0 0 0 0 0 0 0 0 0 6 0 0 0 0 0 0 0 0 0 0 0 0 1 21 0 0 41 0 0 0 0 0 0 0 0 1 0 0 13 0 0 0 0 0 89 0 0 0 0 0 39 12 0 0 0 0 88 34 0 0 0 0 0 0 0 0 0 0 0 0 1 0 0 0 0 0 0 0 0 0 0 0 0 0 0 1 0 0 0 0 5 0 0 0 0 0 0 0 0 0 0 0 0 0 2 0 5 4 0 10 0 0 0 0 0 0 0 0 0 0 0 0 0 0 0 0 0 0 0 0 0 0 0 0 0 0 0 0 0 0 0 0 0 2 0 0 0 0 
 309 79 76 337 105 35 0 106 42 23 57 65 484 316 37 34 41 14 62 344 7 75 0 0 3 0 3 0 0 0 0 1 4 3 1 2 5 3 5 3 0 0 0 1 5 3 0 2 0 3 3 0 1 0 3 6 0 5 3 0 0 0 0 12 0 0 2 2 2 0 3 3 6 1 0 0 0 0 2 0 13 10 23 0 0 0 50 24 0 15 0 0 0 30 18 37 0 0 13 13 0 31 0 0 0 0 0 0 0 0 0 0 0 0 0 0 0 0 0 0 0 0 0 0 0 0 0 0 0 0 0 0 0 16 0 0 0 0 0 0 0 0 0 0 12 0 0 0 0 0 0 0 2 0 0 0 0 0 0 0 23 0 1 11 0 0 11 36 24 0 0 0 0 30 35 18 24 0 0 0 0 0 0 0 0 0 0 0 0 0 0 0 0 0 0 0 0 0 0 0 0 0 0 0 0 0 0 0 0 0 0 0 0 0 0 0 0 0 0 0 0 0 19 0 0 0 0 0 0 0 0 0 0 0 0 0 10 0 0 0 0 0 0 0 0 0 33 0 0 0 0 4 0 11 0 0 0 0 0 0 0 0 0 0 0 0 0 0 0 0 0 0 0 0 0 0 0 0 0 0 0 0 0 0 0 0 0 0 0 0 
 315 470 106 153 78 39 106 0 149 40 23 29 135 467 219 38 29 122 78 65 3 0 0 0 1 2 2 0 0 0 0 0 3 3 72 0 2 5 3 3 62 0 0 0 0 0 3 2 0 0 0 18 1 0 3 3 0 44 3 0 0 0 0 5 0 2 0 0 2 0 0 2 5 0 49 0 0 0 10 0 25 30 27 16 0 0 11 11 29 44 16 0 0 13 17 48 30 13 1 0 6 0 0 0 0 0 0 0 0 0 0 0 19 0 10 0 0 0 7 6 0 0 0 0 0 0 0 0 0 0 0 0 0 0 0 0 0 0 0 0 0 0 0 0 0 0 0 0 0 0 0 0 7 0 0 0 0 0 10 0 15 42 37 5 1 0 0 37 29 0 0 0 1 42 59 38 44 0 0 1 0 0 0 0 0 0 0 0 0 0 0 0 0 0 0 0 0 0 0 0 0 0 0 0 0 0 0 0 0 0 0 0 0 0 0 0 0 0 0 0 0 0 0 0 0 0 0 0 0 0 0 0 0 0 0 0 0 0 0 0 0 0 0 0 0 3 2 0 0 0 2 1 0 0 0 0 0 0 0 0 0 0 0 0 0 0 0 0 0 0 41 0 0 0 0 0 0 11 0 0 0 0 0 0 0 0 0 0 0 0 
 40 293 216 517 64 62 42 149 0 296 57 29 74 83 171 350 262 222 95 64 3 0 0 1 0 2 1 0 0 0 30 1 3 3 205 8 2 3 2 3 0 0 0 0 0 0 6 2 0 0 0 0 2 1 3 3 0 3 3 62 0 0 0 7 1 51 0 0 2 0 0 2 3 0 0 0 2 0 0 0 1 0 19 38 0 0 0 18 18 0 7 10 0 0 14 11 19 31 0 0 0 0 0 0 0 0 0 0 0 0 0 0 0 0 0 21 0 0 0 0 0 0 11 0 0 0 0 0 0 0 0 0 0 0 0 0 0 0 0 0 0 0 0 0 0 0 0 0 0 0 0 0 12 0 0 0 0 0 0 0 0 18 4 15 9 0 0 12 29 36 32 20 0 1 1 4 15 0 0 0 0 0 0 0 0 0 0 0 0 0 0 0 0 0 0 0 0 0 0 0 0 0 0 0 0 0 0 0 0 10 0 0 0 0 0 0 0 0 0 0 13 0 0 0 0 0 0 0 0 0 0 17 0 18 0 0 0 0 0 0 0 0 0 0 0 3 2 0 1 1 0 11 2 0 0 0 0 0 0 0 0 0 0 0 0 0 0 0 0 2 0 0 0 2 0 17 14 1 0 0 0 0 0 0 0 0 0 0 0 0 
 39 53 410 469 96 53 23 40 296 0 427 121 164 75 77 445 321 305 315 86 5 0 0 0 1 0 0 1 2 0 0 0 3 5 0 0 2 3 2 3 0 0 0 2 0 0 0 2 0 0 0 0 0 0 3 5 0 3 3 0 0 0 0 3 0 0 2 0 2 0 0 3 6 0 0 0 2 0 24 0 0 2 33 10 3 2 0 0 13 36 17 28 0 0 0 7 7 44 0 1 0 2 0 11 0 0 0 0 0 0 0 0 28 0 0 0 0 0 26 0 2 0 0 0 0 2 0 0 0 0 0 0 0 0 0 0 0 0 0 0 0 0 0 0 0 0 0 0 0 0 0 0 1 0 0 0 2 0 1 0 7 0 1 54 30 15 0 2 15 49 44 44 0 0 9 0 0 34 0 0 0 0 0 0 0 0 0 0 0 0 0 0 0 0 0 0 0 0 0 0 0 0 0 0 0 0 0 2 0 0 0 0 0 0 0 0 0 0 0 0 0 0 0 0 0 0 0 0 0 0 0 0 0 0 0 0 0 0 0 0 0 12 0 0 0 0 176 0 3 201 3 5 19 2 0 0 0 0 0 0 0 0 8 0 0 0 0 0 0 0 0 0 0 0 0 33 9 15 0 0 0 0 0 0 0 0 0 0 0 0 
 39 26 55 166 103 89 57 23 57 427 0 370 34 37 54 532 150 310 41 84 3 0 0 0 0 0 2 73 0 0 0 0 3 3 0 0 2 3 2 3 0 0 0 0 0 1 0 2 0 0 0 0 1 1 3 3 0 4 3 1 0 0 0 3 0 0 0 0 2 0 0 2 5 0 0 0 0 0 0 0 0 0 0 26 30 0 0 0 22 13 51 39 0 0 0 0 7 28 0 0 0 0 0 0 3 0 1 0 0 0 0 0 0 0 0 0 0 0 23 19 0 0 0 0 0 1 0 0 0 0 0 0 0 0 2 0 0 0 0 0 0 0 0 0 0 0 0 0 0 0 0 0 0 0 0 0 0 1 27 2 2 0 1 21 45 11 0 0 0 22 10 49 0 0 0 1 1 26 0 0 0 0 1 0 0 0 0 0 1 0 0 0 0 0 0 0 0 0 1 0 0 0 0 0 0 0 0 0 0 0 0 1 0 0 0 0 0 0 0 0 0 0 0 0 0 0 0 0 0 0 0 0 0 0 0 0 0 0 0 0 0 10 0 0 0 3 10 0 2 54 0 8 9 0 0 0 0 0 0 0 0 0 12 0 0 0 0 0 0 0 0 0 0 0 0 17 0 9 0 0 0 0 0 0 0 0 0 0 0 0 
 25 36 51 716 300 270 65 29 29 121 370 0 28 231 247 69 280 150 254 115 6 0 0 2 2 2 0 0 0 0 0 2 7 3 208 0 2 7 2 4 9 0 0 2 62 4 0 4 0 0 0 2 3 3 7 4 0 25 3 0 0 1 4 4 3 3 0 0 3 3 4 7 3 1 0 2 4 4 0 0 0 0 1 19 35 15 0 0 0 44 27 87 0 0 0 0 14 13 0 0 0 0 0 0 0 0 0 0 0 0 0 0 22 0 0 0 0 0 22 23 0 0 0 0 0 25 0 0 0 0 0 0 0 0 0 0 0 2 0 0 0 0 0 0 0 0 0 0 0 0 0 2 1 13 0 0 0 0 8 0 0 0 1 10 32 12 0 0 1 14 1 16 0 7 0 0 2 29 0 0 0 0 0 0 0 0 0 0 0 0 0 0 14 0 0 0 0 0 21 0 0 1 0 0 2 0 0 0 0 0 0 0 0 0 0 0 1 6 0 2 0 0 2 0 0 0 0 0 0 0 0 0 0 2 0 0 0 0 2 2 0 12 0 0 0 1 129 2 0 228 0 13 18 0 0 0 0 0 0 0 1 0 18 0 0 0 0 0 0 0 0 0 0 0 0 0 1 12 0 0 0 0 0 0 0 0 0 0 0 0 
 42 31 159 56 71 53 484 135 74 164 34 28 0 82 71 33 250 42 469 197 3 0 0 0 3 0 0 0 0 0 0 0 4 3 0 0 2 5 3 5 0 0 0 2 0 0 0 68 0 6 0 0 2 1 7 7 4 3 3 8 0 0 0 4 0 0 0 0 2 0 0 2 3 0 0 3 0 0 0 0 19 21 0 0 0 0 48 37 0 2 0 0 20 31 46 0 0 0 23 28 0 0 0 0 0 0 0 0 0 0 0 0 0 0 0 0 0 0 0 0 0 0 0 0 0 0 0 22 0 0 0 0 0 0 0 0 0 0 0 0 0 0 0 0 14 0 0 0 7 0 0 4 0 0 0 0 0 0 0 0 18 0 0 0 12 19 4 0 0 0 0 0 75 2 17 1 3 0 0 30 0 0 0 0 0 0 0 0 0 0 0 2 2 0 0 0 0 0 0 0 0 0 0 0 0 0 0 0 0 0 0 0 1 0 0 0 0 1 0 0 0 0 0 0 0 0 0 0 0 0 0 0 0 0 0 0 0 0 0 0 0 0 0 0 0 3 0 0 0 0 1 6 0 0 0 0 0 0 0 0 0 0 0 0 0 0 0 0 0 0 0 0 0 0 0 0 0 0 0 0 0 0 0 0 0 2 0 0 0 0 
 123 59 256 517 74 43 316 467 83 75 37 231 82 0 246 42 41 31 94 278 5 0 1 3 2 2 0 0 0 2 1 0 5 6 1 1 2 3 91 3 3 0 2 2 2 0 0 2 48 0 0 0 5 1 5 3 0 3 6 0 0 3 0 56 2 0 0 2 5 0 0 4 3 0 53 0 0 0 0 0 13 54 24 0 0 0 26 62 22 24 0 0 0 38 41 30 85 0 1 1 0 0 0 0 9 0 1 0 0 0 0 0 0 0 0 0 0 0 0 0 0 0 0 0 0 0 0 0 7 0 0 0 0 0 0 0 0 0 1 0 0 0 0 0 2 0 0 16 0 0 0 0 11 0 0 0 0 0 0 0 18 24 14 0 0 1 0 27 10 0 0 0 0 30 20 17 10 0 0 0 0 0 0 0 0 0 0 0 0 0 0 0 0 0 0 0 0 0 0 0 0 0 0 0 0 0 0 0 0 1 8 0 0 0 0 0 0 0 0 0 0 0 0 0 0 15 0 0 0 0 0 0 0 0 0 0 0 0 0 0 0 0 0 0 0 2 2 0 0 0 0 0 0 0 0 0 0 0 0 0 17 0 0 0 0 0 0 0 0 0 0 0 0 0 0 0 0 0 0 0 0 0 0 0 0 0 0 0 0 0 
 218 486 207 32 74 47 37 219 171 77 54 247 71 246 0 390 120 283 68 117 3 2 3 0 4 0 0 3 0 0 0 0 3 3 0 0 2 3 3 3 0 0 0 0 0 2 0 2 0 0 0 0 0 0 5 3 0 3 5 0 0 0 0 7 2 0 1 1 3 0 0 3 4 1 1 1 0 1 7 0 1 19 8 19 0 2 1 18 28 34 14 0 0 12 14 21 18 31 0 1 0 2 0 0 0 0 0 0 0 0 0 0 0 0 0 0 0 0 0 0 0 0 0 13 0 23 0 0 0 0 0 0 0 0 0 0 0 0 0 0 0 0 0 0 0 0 0 0 0 10 0 2 5 0 0 0 2 0 0 0 15 25 20 1 0 0 0 26 27 0 0 0 0 26 24 22 28 0 0 0 0 0 0 2 0 0 0 0 0 0 0 0 0 0 0 0 0 0 0 0 0 0 0 0 0 0 0 0 0 0 0 0 0 1 0 0 0 0 0 0 13 0 15 0 0 0 27 0 0 0 0 0 0 0 0 0 0 0 0 0 0 0 0 0 0 0 1 0 3 0 2 1 0 2 0 0 1 0 0 0 0 0 0 0 0 0 0 0 0 0 0 0 0 0 0 0 13 0 0 0 0 0 0 0 0 0 0 0 0 0 
 37 618 215 52 64 281 34 38 350 445 532 69 33 42 390 0 169 323 46 293 3 30 0 2 2 0 0 0 0 0 0 0 3 4 82 0 2 3 2 3 0 0 0 0 0 0 0 92 0 0 0 0 4 1 3 3 0 3 3 0 0 0 0 3 0 0 0 51 2 0 0 2 11 0 0 0 0 0 12 0 1 0 27 32 0 0 1 0 73 33 32 20 0 0 13 13 12 73 0 0 0 0 0 0 0 0 0 0 0 0 0 0 0 2 0 0 0 0 0 0 0 0 0 0 0 0 0 0 0 0 0 2 0 0 0 0 0 0 0 0 0 0 2 0 0 1 0 0 0 0 0 0 0 0 0 0 0 0 0 0 0 18 57 28 28 0 0 0 44 30 31 48 0 0 0 29 30 22 2 0 0 0 0 0 0 0 0 0 0 0 1 2 0 0 0 0 0 0 0 0 0 0 0 0 0 0 0 0 0 0 2 0 0 0 0 0 0 0 0 0 1 1 0 0 0 0 0 0 0 0 0 0 0 0 0 0 0 0 0 0 0 9 0 0 0 2 2 0 0 10 2 7 0 0 0 0 0 0 0 0 0 0 10 0 0 0 0 0 0 0 0 0 0 0 0 31 21 1 0 0 0 0 0 0 0 0 0 0 0 0 
 25 514 218 121 47 280 41 29 262 321 150 280 250 41 120 169 0 364 46 31 77 0 0 0 1 0 0 2 0 0 0 0 3 3 0 0 4 4 2 5 0 0 0 2 0 0 3 2 0 0 0 0 1 0 3 3 0 3 3 0 0 0 39 4 0 0 30 0 2 0 0 2 16 0 0 0 0 0 7 0 0 0 28 11 0 0 1 0 26 30 37 11 0 0 13 13 10 45 0 0 0 0 0 0 0 0 0 0 0 0 0 0 19 0 0 0 0 0 0 4 0 0 0 0 0 0 0 0 0 0 0 0 0 0 0 0 0 0 0 0 11 2 0 0 0 0 2 2 0 0 0 0 0 0 0 0 0 0 2 0 0 23 23 60 35 0 2 0 18 38 34 48 0 0 1 31 33 67 0 0 16 0 0 28 0 0 0 0 0 0 0 0 0 2 0 0 0 0 0 0 0 0 0 0 0 0 0 0 0 0 0 0 0 0 0 0 1 0 0 0 0 0 0 0 0 0 0 0 0 0 0 0 26 0 0 0 0 0 0 0 0 12 0 0 0 0 86 0 0 0 0 2 0 0 0 0 0 0 0 0 0 0 14 0 0 0 0 0 0 0 0 0 0 0 0 31 2 20 0 0 0 0 0 0 0 0 0 0 0 0 
 135 537 352 301 261 85 14 122 222 305 310 150 42 31 283 323 364 0 62 31 3 0 0 0 1 40 0 0 0 0 0 0 3 3 0 0 2 3 2 3 0 0 2 2 0 0 1 3 0 0 0 0 0 0 3 3 0 3 3 0 0 0 65 3 0 0 0 0 4 0 0 3 7 0 1 0 0 0 17 0 0 0 35 9 7 1 0 0 16 36 28 3 0 0 0 0 17 34 0 0 0 0 0 11 14 0 0 0 0 0 0 0 0 0 0 0 0 0 19 0 0 0 0 0 0 0 0 2 0 0 0 0 0 0 0 0 0 0 0 0 0 0 0 0 0 0 0 0 2 1 0 0 0 0 0 0 0 0 3 0 0 16 10 28 26 21 0 0 18 41 50 35 0 0 0 17 15 52 0 0 0 0 0 0 0 0 2 0 0 0 0 0 0 0 0 0 9 0 1 0 0 0 2 0 0 0 0 0 0 0 0 2 0 0 0 0 0 0 0 0 0 0 0 0 0 2 0 0 0 0 0 0 0 0 0 2 2 0 9 0 0 4 0 0 0 3 173 0 2 86 1 3 0 0 0 0 0 0 0 0 0 0 5 51 0 0 0 0 0 0 0 8 0 0 0 27 11 21 0 0 0 0 0 0 0 0 0 0 0 0 
 45 35 129 98 84 190 62 78 95 315 41 254 469 94 68 46 46 62 0 399 3 0 0 0 1 0 1 0 0 0 0 0 3 3 0 0 79 3 5 3 0 0 0 1 0 0 0 2 0 0 0 0 2 1 3 3 0 3 3 6 0 0 0 3 0 0 0 0 2 0 1 2 3 0 0 0 0 0 0 35 16 0 0 0 0 0 10 0 0 0 0 0 49 15 22 0 2 0 37 50 0 0 0 0 0 0 0 0 0 0 0 0 0 0 0 0 0 0 0 0 0 0 0 0 0 0 11 0 0 0 0 0 0 0 0 0 0 0 0 0 0 0 0 0 0 0 0 0 0 0 0 0 1 0 0 0 0 0 0 0 9 0 0 0 0 4 17 0 0 0 0 0 37 1 0 0 0 0 33 18 0 0 0 0 0 0 0 0 0 0 0 0 0 0 0 0 0 0 15 0 1 0 0 0 0 0 0 0 0 0 0 0 0 2 0 0 0 6 0 0 0 0 0 0 0 0 0 0 2 0 0 0 2 0 0 0 0 0 0 0 0 0 0 0 0 0 2 1 4 0 0 9 0 0 0 0 0 0 0 0 32 0 0 0 0 0 0 0 0 0 0 0 0 0 0 0 0 0 0 0 0 0 0 0 0 0 0 0 0 0 
 143 58 156 52 84 274 344 65 64 86 84 115 197 278 117 293 31 31 399 0 3 0 0 2 5 0 1 0 0 0 0 0 3 3 0 0 2 3 6 3 0 0 0 1 0 0 0 2 0 0 0 0 2 1 5 3 0 3 3 5 0 0 0 9 1 0 0 1 2 0 0 3 5 0 0 0 1 0 0 0 14 20 0 2 0 0 29 20 0 15 0 0 0 34 36 0 0 0 23 31 0 0 0 0 0 0 0 0 0 0 0 0 0 1 0 0 0 0 0 0 0 0 0 0 0 2 0 0 0 0 0 1 0 0 0 0 0 0 0 0 0 0 0 0 8 0 0 0 0 0 0 0 2 0 0 0 0 0 0 0 59 4 1 0 2 10 5 20 2 0 0 2 34 16 0 1 51 0 0 24 0 0 0 0 0 0 0 0 0 0 2 1 0 0 0 0 0 2 0 0 0 0 0 0 0 0 0 0 0 0 1 0 0 0 0 0 0 0 0 0 0 0 0 0 0 13 0 0 0 0 0 0 0 0 0 0 0 0 0 0 0 0 0 0 0 2 0 0 0 3 1 7 0 0 0 0 0 0 0 0 0 0 0 0 0 0 0 0 0 0 0 0 0 0 0 0 0 0 0 0 0 0 0 0 0 0 0 0 0 0 
 3 3 3 3 3 3 7 3 3 5 3 6 3 5 3 3 77 3 3 3 0 205 61 279 40 21 408 298 34 45 20 61 81 418 336 37 448 40 249 90 2 0 0 7 0 0 0 1 0 0 0 0 2 1 62 0 1 5 0 0 2 1 0 3 3 0 0 0 0 0 0 5 0 0 0 3 2 2 2 0 0 0 0 0 2 0 0 0 0 2 0 0 0 0 0 0 0 0 0 0 2 56 39 38 0 0 1 60 37 44 0 2 4 80 32 10 46 24 0 0 0 0 0 0 0 0 0 0 0 0 0 0 0 0 0 0 0 0 0 0 0 0 0 0 0 0 0 0 5 0 0 0 0 0 0 0 0 0 0 0 0 0 0 0 0 0 0 0 0 0 0 0 0 0 0 1 0 0 0 9 49 31 90 0 0 0 0 29 10 1 0 0 3 33 49 45 8 15 0 0 0 0 0 0 0 0 0 9 0 0 7 11 2 0 0 0 0 0 0 0 0 0 0 0 0 0 0 0 0 0 0 0 0 0 0 17 0 0 0 0 0 0 0 0 0 0 0 0 0 0 0 0 0 0 13 0 0 0 0 3 2 0 0 0 0 19 0 0 0 0 0 0 0 0 0 0 0 0 0 0 0 0 0 0 0 0 0 0 0 0 
 0 4 0 0 1 0 75 0 0 0 0 0 0 0 2 30 0 0 0 0 205 0 314 70 32 41 62 437 303 28 32 36 35 373 302 238 296 30 44 41 0 0 0 5 0 0 0 0 0 0 0 0 2 0 0 0 0 4 0 0 0 0 0 3 3 0 0 0 0 0 0 3 0 0 0 3 2 4 2 0 0 0 0 0 0 0 0 0 0 0 0 0 0 0 0 0 2 0 0 0 0 15 14 30 0 0 0 12 29 24 42 36 0 2 0 23 24 72 2 17 0 0 0 0 2 0 0 0 0 0 0 0 0 0 0 0 0 0 0 0 0 0 0 0 1 0 0 0 0 0 0 0 0 0 0 0 0 0 0 0 0 0 0 0 0 0 0 0 0 0 0 0 0 0 0 0 0 0 0 3 0 19 105 15 1 0 0 15 20 32 12 0 0 1 15 64 51 45 0 0 0 0 0 0 1 0 0 0 0 0 0 0 0 0 13 0 0 2 0 0 0 0 0 0 0 0 0 0 0 0 0 0 0 0 0 0 0 2 0 0 0 0 0 0 0 0 0 0 0 0 0 0 0 0 8 0 0 0 0 0 0 0 0 0 0 0 23 0 0 0 0 0 0 0 0 0 0 0 0 0 0 53 0 0 0 0 47 0 0 16 
 60 3 3 2 0 0 0 0 0 0 0 0 0 1 3 0 0 0 0 0 61 314 0 82 118 91 61 145 251 569 52 56 134 84 69 313 138 354 240 46 0 0 1 4 0 0 3 0 0 0 0 0 2 0 2 0 1 3 0 0 0 0 0 5 3 0 0 0 0 0 0 52 0 0 0 3 2 0 3 50 0 0 0 0 1 0 0 0 0 0 0 0 0 2 0 0 0 2 0 0 0 0 29 29 12 2 1 0 3 42 62 26 0 1 0 28 8 14 0 0 0 0 0 0 0 0 0 0 0 0 0 0 0 0 0 0 0 0 0 0 0 0 0 0 0 0 0 0 0 2 0 0 0 0 2 0 0 0 0 0 0 0 0 0 0 0 0 0 0 0 0 0 0 0 0 0 0 0 0 0 0 10 12 43 60 0 0 0 19 61 19 0 2 0 0 13 39 27 0 0 0 19 0 19 0 0 0 0 0 0 0 0 0 0 0 0 0 0 0 0 0 0 0 5 0 0 0 0 2 0 0 0 0 0 0 1 0 0 1 0 0 0 11 0 0 0 0 0 0 0 0 0 0 0 10 0 2 11 2 2 21 2 0 0 0 0 21 0 0 0 0 0 0 0 0 0 7 0 0 0 0 28 0 0 0 0 11 0 0 0 
 0 6 1 0 0 74 0 0 1 0 0 2 0 3 0 2 0 0 0 2 279 70 82 0 77 57 292 78 183 529 175 284 49 101 73 56 259 268 100 55 0 0 0 10 0 0 0 0 0 0 0 0 3 0 1 2 0 3 0 0 0 0 0 2 3 0 0 0 0 0 0 2 0 0 0 3 2 0 2 0 0 0 0 0 0 0 0 0 0 0 0 0 0 0 0 0 0 12 0 0 0 0 18 0 21 8 0 0 0 10 30 14 0 0 0 2 14 23 0 0 0 1 0 2 1 0 1 0 2 0 1 0 0 0 0 2 2 1 1 0 0 0 4 0 0 0 0 0 0 2 0 1 0 1 0 0 0 0 2 4 0 0 0 0 0 2 0 13 20 0 1 0 0 0 0 0 0 0 0 0 12 0 0 28 27 1 0 0 1 18 20 28 0 0 0 0 0 0 0 0 0 1 1 1 1 0 0 0 1 2 1 1 0 1 0 3 0 0 54 0 1 0 0 0 0 0 0 0 0 0 0 0 0 0 0 0 0 0 0 0 0 0 13 0 0 0 0 0 0 0 0 0 0 0 21 0 0 44 10 0 5 52 0 0 0 0 0 0 0 0 0 0 0 0 0 0 0 0 0 0 0 1 0 0 0 1 0 0 0 0 
 2 2 1 0 6 0 3 1 0 1 0 2 3 2 4 2 1 1 1 5 40 32 118 77 0 360 27 56 81 109 65 285 82 98 74 63 57 212 55 73 0 0 0 3 1 0 0 0 0 0 0 1 2 0 0 0 0 22 0 0 0 0 0 3 3 0 0 0 0 0 0 3 0 0 0 3 2 0 2 0 0 0 0 0 0 0 0 0 0 0 0 0 0 0 0 0 0 0 0 0 0 0 0 0 9 24 0 0 0 0 0 4 0 0 0 0 0 0 0 0 19 0 0 0 0 0 1 0 9 0 0 12 36 27 0 0 0 0 18 49 0 0 6 0 0 0 0 0 0 0 0 0 0 0 0 0 0 0 0 3 0 4 6 0 0 0 0 0 0 0 0 0 0 0 0 0 0 0 0 0 0 0 0 0 8 37 0 0 0 0 0 19 0 0 0 0 0 0 0 0 18 0 0 0 0 0 9 0 0 0 0 0 37 0 6 0 0 0 31 49 0 0 0 0 0 0 0 0 0 0 0 0 0 0 0 1 0 0 0 0 0 0 0 0 0 0 0 0 0 0 0 0 0 0 8 3 2 3 4 0 2 13 0 0 0 0 0 0 0 0 0 0 0 0 0 0 0 0 0 0 0 0 0 0 0 0 0 0 0 1 
 1 1 0 1 0 2 0 2 2 0 0 2 0 2 0 0 0 40 0 0 21 41 91 57 360 0 23 31 54 50 117 75 44 59 57 272 299 63 70 61 0 0 2 3 1 0 0 0 0 0 0 0 2 0 0 0 0 13 189 0 0 0 0 2 3 0 0 0 0 0 0 2 0 0 0 3 2 0 2 0 0 0 0 0 0 0 0 2 0 0 0 0 0 1 0 0 10 1 0 0 0 0 0 0 0 47 2 0 0 0 0 1 1 0 0 0 0 1 0 22 17 1 0 0 0 0 34 1 0 0 0 0 45 20 1 0 0 0 76 51 0 0 0 0 0 0 0 0 0 1 2 0 0 0 1 0 0 0 0 0 0 6 6 9 0 0 0 0 0 0 0 0 1 0 0 0 0 0 1 0 0 0 0 0 25 42 0 0 0 0 0 10 1 0 0 0 0 0 0 0 15 0 0 0 0 0 32 15 0 0 0 0 72 0 25 0 1 0 12 10 0 0 0 0 0 0 0 0 1 0 18 0 0 0 0 2 0 0 1 0 0 0 0 0 0 0 0 0 0 0 0 0 0 0 5 8 0 0 3 4 0 0 0 0 0 0 0 0 0 0 0 0 0 0 0 0 0 0 0 0 0 0 0 0 0 0 0 0 0 0 
 76 1 0 0 1 0 3 2 1 0 2 0 0 0 0 0 0 0 1 1 408 62 61 292 27 23 0 306 66 35 31 44 415 385 58 52 252 44 54 367 0 0 3 9 0 0 1 0 0 0 0 0 2 1 0 0 1 6 3 2 0 0 0 3 6 3 0 0 3 0 0 3 0 0 0 4 2 1 2 0 0 0 0 0 0 0 0 0 0 0 15 0 0 0 0 0 0 0 0 0 60 50 11 1 0 0 35 33 34 0 0 0 10 62 77 8 19 0 2 0 0 0 0 1 0 0 0 8 0 0 0 0 0 0 0 0 0 0 0 0 0 0 0 0 0 0 0 0 3 0 0 0 0 0 0 0 0 0 0 0 15 0 0 0 0 0 1 0 0 0 2 0 0 0 0 5 0 18 2 8 52 23 20 8 0 0 9 57 0 0 0 0 22 21 45 7 0 0 1 27 0 0 2 0 0 0 0 0 0 0 0 0 0 0 1 0 0 0 0 0 0 0 0 0 0 0 0 0 0 0 0 0 0 0 0 8 0 0 0 0 0 0 0 0 0 2 0 0 0 0 0 0 0 12 19 0 2 0 0 2 2 0 0 0 0 0 0 0 0 0 0 0 0 0 0 0 0 0 0 0 0 0 0 0 0 0 0 0 0 0 
 0 1 0 0 0 0 0 0 0 1 73 0 0 0 3 0 2 0 0 0 298 437 145 78 56 31 306 0 135 127 64 62 265 348 136 479 193 98 81 63 0 0 0 4 0 0 0 0 0 1 0 0 2 0 0 0 1 4 205 0 0 0 0 3 3 0 0 0 0 0 0 3 0 0 0 3 2 0 2 0 0 1 0 0 0 0 0 0 0 21 0 0 0 0 0 0 0 0 0 0 0 11 26 28 0 0 1 13 80 27 18 32 0 1 0 41 24 29 0 0 0 0 0 0 0 0 0 2 0 0 0 0 1 0 0 0 0 0 0 0 0 0 0 0 0 11 0 0 1 0 0 0 0 0 0 1 0 0 0 0 0 0 0 2 12 0 0 0 0 0 0 0 0 10 0 0 0 0 0 9 0 25 41 11 0 1 1 33 21 21 14 0 3 0 30 22 41 28 0 0 0 0 0 0 11 0 1 0 1 0 0 0 0 0 0 0 0 0 0 0 0 0 2 0 0 0 0 0 0 0 0 0 0 0 0 0 0 0 0 11 0 0 0 0 0 76 0 0 0 0 0 0 0 0 5 1 2 1 0 0 3 2 0 0 0 0 20 0 0 0 0 0 0 0 0 0 0 0 0 0 0 0 0 0 0 0 15 0 0 0 
 0 6 0 0 0 0 0 0 0 2 0 0 0 0 0 0 0 0 0 0 34 303 251 183 81 54 66 135 0 472 30 82 86 334 310 355 151 328 128 63 6 0 0 4 0 0 0 0 0 0 0 0 3 0 4 0 0 3 0 1 0 0 0 2 3 0 0 0 0 0 0 2 0 0 2 3 2 0 2 0 0 0 0 0 0 0 0 0 0 0 0 0 0 0 0 0 0 0 0 0 0 0 19 27 21 5 0 0 5 41 90 45 0 1 0 25 7 21 0 0 0 0 0 0 0 0 0 0 0 0 0 0 0 0 0 0 0 0 0 0 0 0 0 14 0 0 0 0 0 0 0 0 19 0 0 0 0 0 0 1 0 0 0 0 0 0 0 0 0 3 0 32 0 0 0 0 0 0 0 0 0 11 19 43 52 1 0 0 34 40 18 0 0 0 0 25 60 32 0 0 0 0 0 0 0 0 0 0 0 0 0 0 0 0 0 0 0 20 0 15 0 18 0 0 13 0 0 0 0 0 0 0 0 0 0 0 0 0 0 0 0 0 20 0 0 0 0 0 0 0 0 0 0 0 10 0 2 2 2 0 9 1 0 0 0 0 27 0 0 0 0 0 2 0 0 0 0 0 0 0 0 50 0 0 0 0 13 0 0 8 
 2 3 0 0 0 0 0 0 0 0 0 0 0 2 0 0 0 0 0 0 45 28 569 529 109 50 35 127 472 0 382 149 42 85 92 199 393 144 328 174 0 0 0 6 209 0 0 0 0 0 2 55 2 0 3 20 2 3 0 0 0 0 0 3 4 2 0 0 0 0 0 5 0 0 0 3 2 3 2 0 0 0 0 17 0 0 0 0 0 0 0 2 0 0 0 2 0 0 0 0 0 0 27 24 17 8 0 0 11 32 52 16 0 9 0 7 8 14 0 0 0 7 0 0 0 0 0 0 0 0 0 5 0 0 0 0 0 0 0 0 0 0 0 1 0 0 0 0 0 0 0 0 0 0 0 0 0 0 0 2 0 0 0 0 0 0 0 0 0 2 0 2 0 0 0 0 0 0 0 0 0 1 0 52 29 0 0 1 0 21 59 7 0 0 0 0 0 25 0 0 0 0 0 0 0 2 0 0 0 0 16 0 0 0 0 0 0 0 17 4 0 0 1 0 0 0 0 0 0 0 0 1 0 0 0 0 0 0 0 0 0 0 7 0 0 0 0 0 0 0 0 0 0 0 0 0 1 154 214 0 18 30 0 0 0 0 9 0 0 0 0 2 0 0 0 0 0 0 0 0 0 33 0 0 0 0 13 0 0 0 
 0 0 0 0 2 72 0 0 30 0 0 0 0 1 0 0 0 0 0 0 20 32 52 175 65 117 31 64 30 382 0 349 48 37 65 66 131 349 21 224 0 0 0 4 0 0 0 0 0 0 0 0 2 0 2 0 0 3 0 0 0 0 0 3 3 0 0 19 0 0 0 3 5 0 0 3 2 0 2 0 0 0 0 0 0 0 0 0 0 0 0 0 0 0 0 0 0 0 0 0 0 0 28 18 51 3 0 0 2 11 15 28 0 0 0 22 6 18 1 0 0 0 0 0 1 0 0 0 0 0 0 0 1 1 0 0 0 0 0 0 0 0 7 0 2 0 0 0 0 0 0 2 0 0 0 0 0 0 0 5 0 0 0 0 0 0 0 0 0 0 0 1 0 0 0 0 0 0 0 0 0 0 0 43 32 0 0 0 0 7 24 29 0 0 0 0 8 1 0 0 1 0 0 0 0 0 0 0 0 10 0 0 0 0 0 0 0 0 18 57 0 0 0 0 0 0 0 0 0 0 3 6 0 0 0 0 0 0 0 0 0 0 13 0 0 0 0 0 0 0 0 0 0 2 11 0 4 20 44 0 7 3 0 0 0 0 21 0 0 0 0 0 0 0 0 0 0 0 0 0 0 0 0 0 0 0 1 0 0 0 
 1 1 2 0 2 2 1 0 1 0 0 2 0 0 0 0 0 0 0 0 61 36 56 284 285 75 44 62 82 149 349 0 36 229 86 37 74 56 34 41 0 0 6 4 0 0 3 0 0 1 0 0 3 0 0 0 0 3 4 2 0 0 0 7 6 0 0 0 5 0 0 3 0 0 0 6 2 0 12 0 0 0 0 0 0 0 0 0 0 0 0 0 0 0 0 0 0 0 0 0 0 0 0 0 22 49 0 0 0 14 0 30 2 0 0 0 0 19 0 2 2 0 1 0 0 0 1 0 0 0 0 0 26 0 0 0 0 2 18 1 0 0 8 0 0 0 0 0 17 0 0 0 1 0 0 0 0 0 0 4 0 2 0 0 0 0 0 0 0 0 0 0 0 0 0 2 0 0 0 0 0 0 0 13 18 19 0 0 0 0 25 34 0 0 0 0 0 2 0 0 0 0 0 0 0 0 0 0 0 0 0 0 33 0 0 0 0 0 13 30 0 0 0 0 0 0 0 0 0 0 0 0 0 1 0 0 0 0 0 0 0 0 0 0 0 0 0 0 0 0 0 0 0 0 7 0 1 160 162 4 4 10 0 0 0 0 2 0 0 0 0 0 0 1 0 0 1 1 0 0 0 0 0 0 0 0 0 0 0 0 
 3 3 4 3 3 5 4 3 3 3 3 7 4 5 3 3 3 3 3 3 81 35 134 49 82 44 415 265 86 42 48 36 0 93 448 52 43 32 373 170 0 0 0 11 4 0 0 203 0 0 4 0 3 2 0 0 3 6 0 0 3 0 3 49 3 2 0 0 2 0 0 2 0 0 0 3 2 0 49 2 0 0 0 1 1 7 0 0 0 1 0 0 0 0 0 0 0 0 0 0 39 48 0 0 0 0 34 51 0 2 14 0 17 39 31 0 0 0 12 1 0 0 0 0 0 0 0 0 0 0 2 0 0 2 0 0 0 0 0 0 0 2 0 0 0 0 0 0 9 0 0 0 0 0 0 0 0 0 0 0 0 0 0 0 0 0 0 0 0 2 0 0 0 0 0 0 0 0 0 0 24 8 0 2 0 0 41 31 0 0 0 1 39 47 17 0 2 0 23 29 0 0 0 0 0 0 0 0 0 1 2 0 0 0 0 0 0 0 0 0 0 0 0 0 0 0 0 0 0 0 0 0 2 0 12 11 1 0 0 2 0 0 0 0 0 0 0 0 0 0 0 0 0 0 17 0 2 0 0 0 4 0 0 0 0 0 0 0 0 0 0 0 0 0 0 0 0 0 0 0 0 0 0 0 0 0 0 0 0 0 
 3 8 3 3 3 3 3 3 3 5 3 3 3 6 3 4 3 3 3 3 418 373 84 101 98 59 385 348 334 85 37 229 93 0 461 43 37 144 112 402 0 0 0 7 0 1 0 0 0 0 0 2 3 1 0 0 2 5 0 0 0 0 0 2 3 2 0 0 0 0 0 2 2 0 0 3 2 4 2 0 0 0 0 0 0 0 0 0 0 0 0 0 0 18 0 0 0 0 0 0 1 54 56 40 0 0 1 74 28 9 0 0 1 35 37 9 44 21 0 0 0 0 0 0 0 0 0 0 10 0 0 0 0 0 0 0 0 0 0 0 0 0 0 0 0 0 0 0 5 0 0 19 0 0 0 0 0 0 0 0 0 0 0 0 0 0 0 0 0 0 0 0 0 0 0 0 0 0 0 6 23 47 61 21 0 0 0 44 11 1 21 0 2 14 44 53 10 17 0 0 0 0 0 0 0 0 0 0 0 0 0 0 0 0 0 0 0 0 0 0 0 0 0 0 0 0 0 0 0 0 0 0 0 0 0 19 0 0 0 0 0 0 0 0 0 0 0 0 0 0 0 0 0 0 7 1 3 0 0 3 2 0 0 0 0 0 0 0 0 0 0 0 0 0 0 0 0 0 0 0 0 1 0 0 0 0 1 0 0 0 
 1 2 0 0 2 0 1 72 205 0 0 208 0 1 0 82 0 0 0 0 336 302 69 73 74 57 58 136 310 92 65 86 448 461 0 548 51 50 287 167 3 0 3 4 3 0 3 0 0 3 0 0 6 1 4 0 0 4 2 0 0 3 0 1 5 0 2 2 4 0 0 5 0 0 3 62 2 5 2 0 13 0 0 0 0 0 0 0 0 0 0 0 0 0 0 0 0 0 0 0 0 13 34 26 0 0 0 13 27 34 14 51 3 10 19 45 28 23 0 0 0 0 2 0 0 0 0 0 0 0 0 0 0 0 0 2 0 0 0 0 0 0 0 0 0 0 0 0 12 0 0 0 2 0 0 0 1 1 0 8 0 2 0 0 0 0 13 0 1 0 0 0 0 0 0 0 0 0 0 10 18 48 72 1 0 0 0 43 22 59 7 0 0 0 31 52 64 24 0 0 0 0 0 0 0 0 0 1 0 0 0 0 0 2 0 0 0 0 0 0 0 0 0 0 0 0 0 0 0 0 0 0 0 0 0 0 0 0 0 0 0 0 0 0 0 0 0 0 0 0 0 0 0 0 13 0 4 0 0 2 6 0 0 0 0 0 0 0 0 0 0 0 0 0 0 0 0 0 0 0 0 4 0 0 0 0 0 0 0 0 
 0 5 3 0 0 0 2 0 8 0 0 0 0 1 0 0 0 0 0 0 37 238 313 56 63 272 52 479 355 199 66 37 52 43 548 0 354 136 30 69 0 0 0 5 1 0 0 0 0 0 0 0 4 0 3 0 0 4 0 0 0 0 0 2 3 0 0 0 0 0 0 2 54 1 0 3 2 1 2 0 0 0 0 0 0 0 0 0 0 0 2 0 0 0 0 0 0 0 0 0 0 0 26 26 0 0 0 14 30 50 64 22 0 0 0 35 26 26 0 0 0 0 0 0 0 0 2 0 0 0 0 0 0 0 0 0 0 0 0 0 14 0 0 0 0 0 0 2 0 0 0 0 0 0 0 0 0 0 0 0 2 0 0 0 0 0 0 0 0 0 0 0 0 0 0 0 1 0 0 5 0 24 53 10 49 0 0 2 35 51 38 0 0 1 0 48 45 45 1 0 0 0 0 0 0 0 0 0 0 0 0 0 0 0 0 0 0 0 0 0 0 0 0 0 0 0 0 0 0 0 1 0 0 0 0 0 0 0 0 0 0 0 15 0 0 0 0 0 0 0 0 0 0 0 4 0 4 1 2 0 33 0 0 0 0 0 0 0 0 0 0 0 0 0 0 0 0 0 0 0 0 49 0 0 2 0 12 0 0 0 
 2 3 2 2 2 2 5 2 2 2 2 2 2 2 2 2 4 2 79 2 448 296 138 259 57 299 252 193 151 393 131 74 43 37 51 354 0 388 44 40 0 0 0 4 0 0 62 0 0 3 0 0 2 0 20 0 66 3 0 0 0 0 0 4 4 0 6 0 0 53 0 5 0 0 1 5 2 0 2 57 0 0 0 0 0 0 0 0 0 0 1 0 0 0 0 0 0 0 0 0 0 0 30 30 14 0 0 0 8 51 68 35 0 0 0 43 8 16 0 0 0 6 0 0 0 0 1 0 0 0 0 0 2 0 0 1 0 0 1 0 0 0 2 0 0 0 0 1 0 0 0 0 0 0 0 0 0 0 0 2 0 0 0 0 0 1 0 0 0 0 0 0 0 0 0 0 2 0 0 0 0 9 37 47 25 0 0 0 19 36 67 7 0 0 0 18 45 38 0 0 0 0 0 0 0 0 0 0 0 0 0 0 0 0 0 27 0 0 0 0 0 0 0 0 0 0 0 0 0 1 0 0 0 0 0 0 0 0 0 0 0 0 19 0 0 0 0 0 0 0 0 0 0 0 9 1 0 2 0 1 21 5 0 0 0 0 40 0 0 0 0 0 0 0 0 0 0 0 0 0 0 25 0 0 1 0 41 0 0 0 
 6 8 3 3 6 3 3 5 3 3 3 7 5 3 3 3 4 3 3 3 40 30 354 268 212 63 44 98 328 144 349 56 32 144 50 136 388 0 43 212 1 5 3 6 7 2 0 0 0 0 2 0 8 2 11 0 8 9 0 2 0 0 0 6 5 3 3 3 2 5 0 3 1 0 6 3 5 1 2 5 1 2 0 0 0 0 0 0 0 0 0 0 0 0 0 0 0 0 2 0 0 0 18 30 12 10 0 0 11 21 55 24 0 0 1 19 10 20 0 0 0 0 0 0 0 0 0 1 0 0 0 0 1 0 0 0 0 0 0 0 0 0 0 0 0 0 0 0 0 0 0 2 0 0 0 2 0 0 0 1 0 0 0 0 0 0 0 0 0 0 0 0 0 0 0 0 0 0 0 0 0 0 2 51 28 2 0 0 0 19 57 24 0 2 0 1 1 29 1 0 0 0 0 0 0 0 2 0 2 0 0 0 0 0 0 0 0 10 1 0 0 0 0 0 0 0 0 0 0 0 0 0 0 0 0 0 0 0 0 0 0 0 6 0 0 0 0 0 0 2 0 0 0 0 5 0 2 150 146 0 19 12 0 0 0 0 19 0 0 0 0 0 0 0 0 0 0 0 0 0 0 28 0 0 0 0 14 0 0 1 
 4 2 2 2 13 244 5 3 2 2 2 2 3 91 3 2 2 2 5 6 249 44 240 100 55 70 54 81 128 328 21 34 373 112 287 30 44 43 0 350 0 0 0 35 0 0 0 5 0 0 0 2 3 0 0 0 62 3 0 0 0 0 0 1 3 5 0 0 0 0 0 4 0 0 0 3 2 10 2 0 10 0 0 0 20 5 2 0 0 0 0 0 0 0 0 2 0 0 0 0 53 0 1 0 0 0 48 15 0 0 0 0 24 5 20 0 1 0 9 34 0 8 0 7 0 0 0 0 0 0 0 0 0 0 0 0 0 0 0 0 2 0 0 16 0 0 0 0 0 0 0 0 0 0 0 0 0 0 0 0 0 0 0 0 0 16 0 0 0 0 0 0 0 0 0 0 0 2 0 0 30 0 0 0 0 0 32 27 0 0 0 0 37 26 16 0 0 0 38 74 0 0 0 0 1 0 0 0 0 0 0 0 0 0 0 0 0 0 0 0 0 0 0 0 0 0 0 0 0 0 0 0 0 0 0 2 0 0 0 0 0 0 1 0 0 0 0 0 0 0 0 0 0 0 8 0 1 0 0 4 0 0 0 0 0 0 0 0 0 0 0 0 0 55 0 0 0 0 0 0 0 0 0 0 0 0 0 0 0 2 
 3 3 3 5 3 20 3 3 3 3 3 4 5 3 3 3 5 3 3 3 90 41 46 55 73 61 367 63 63 174 224 41 170 402 167 69 40 212 350 0 3 0 0 9 0 0 0 3 0 0 0 0 2 204 2 0 1 4 0 0 2 0 0 3 3 2 0 0 1 0 0 3 0 0 0 3 2 0 2 0 2 1 0 1 1 7 0 0 0 0 0 1 0 0 0 0 0 0 1 0 56 38 0 0 0 0 37 51 1 0 2 0 21 49 46 0 4 0 11 2 0 0 8 0 0 0 0 0 0 2 0 13 0 0 0 0 0 0 0 0 0 0 0 0 0 0 0 0 9 0 0 2 0 0 0 1 0 0 0 0 0 0 2 0 0 0 0 0 0 0 0 0 0 0 0 12 0 0 0 5 45 7 11 0 0 0 46 27 1 0 0 0 29 30 19 0 0 0 30 30 0 0 0 0 0 0 1 0 0 0 0 0 0 0 0 0 0 0 0 0 0 0 0 0 0 0 0 0 0 0 2 0 0 0 0 11 0 16 0 0 0 0 0 0 0 0 0 0 0 0 0 0 0 0 3 0 0 0 0 0 6 0 0 0 0 0 0 0 0 0 0 0 0 0 0 0 0 0 0 0 0 0 0 0 0 0 0 0 0 2 
 0 1 0 0 2 0 0 62 0 0 0 9 0 3 0 0 0 0 0 0 2 0 0 0 0 0 0 0 6 0 0 0 0 0 3 0 0 1 0 3 0 95 291 69 38 45 520 267 42 23 17 287 288 136 172 39 37 277 60 99 5 0 0 6 4 52 0 0 5 4 32 4 0 0 30 7 9 14 0 0 0 0 0 0 0 0 0 0 0 0 0 0 0 0 0 17 0 0 0 0 0 0 0 0 0 0 7 0 0 0 0 0 0 0 0 0 0 0 0 0 0 26 23 0 0 0 12 29 27 11 1 0 6 0 36 16 55 3 0 0 0 0 0 8 2 6 0 0 0 0 0 6 0 0 0 0 4 0 0 0 0 0 0 0 0 0 0 0 0 0 0 0 6 0 0 0 0 0 7 0 0 35 0 0 0 0 0 0 0 0 0 0 0 2 0 0 0 0 0 0 0 27 8 12 2 4 37 2 35 6 9 0 0 15 10 31 29 8 0 8 0 2 0 0 26 0 0 0 0 12 7 0 0 0 0 0 0 5 1 0 0 0 0 0 0 0 0 0 0 1 0 18 0 0 0 0 1 0 0 0 0 0 0 0 0 5 0 0 0 0 30 0 0 0 0 6 0 15 0 0 0 0 0 0 0 10 0 0 2 0 
 0 0 0 2 0 0 0 0 0 0 0 0 0 0 0 0 0 0 0 0 0 0 0 0 0 0 0 0 0 0 0 0 0 0 0 0 0 5 0 0 95 0 199 51 38 241 506 539 206 47 30 34 97 62 183 280 183 64 77 466 0 0 0 1 2 0 3 5 0 4 1 0 0 0 0 6 3 0 0 0 0 0 0 0 0 0 0 0 12 9 0 0 0 0 0 0 11 0 0 0 0 0 0 0 0 0 0 0 0 0 0 0 0 0 0 0 20 0 0 0 0 0 37 23 28 4 0 9 9 25 32 0 0 0 9 28 9 14 0 0 0 0 0 3 0 0 0 0 0 0 0 0 0 0 0 0 0 10 9 0 0 0 0 0 0 0 0 0 0 0 0 0 0 0 0 0 0 15 0 0 0 0 0 0 0 0 0 0 0 0 0 0 0 0 0 0 0 0 0 0 0 9 17 17 73 0 0 0 18 15 12 40 0 0 0 42 6 27 0 0 0 0 0 0 0 0 0 0 0 0 0 0 0 0 0 0 0 0 0 0 0 0 0 0 0 0 0 0 0 18 0 10 0 2 0 0 0 0 0 2 0 0 0 0 0 9 0 1 0 0 19 0 0 0 0 0 0 0 0 0 0 0 0 0 21 59 0 0 0 0 
 0 0 0 0 0 0 0 0 0 0 0 0 0 2 0 0 0 2 0 0 0 0 1 0 0 2 3 0 0 0 0 6 0 0 3 0 0 3 0 0 291 199 0 88 43 29 71 98 305 251 126 64 294 46 64 164 172 207 30 23 0 0 0 0 0 0 0 25 0 0 0 0 0 0 0 0 7 0 6 0 0 0 0 0 0 0 0 0 0 0 0 0 0 0 0 0 0 0 0 0 0 0 0 0 0 0 0 0 0 0 0 0 0 0 0 0 0 0 40 0 0 0 14 51 58 0 0 0 0 10 32 12 0 0 1 37 0 32 0 0 1 0 0 4 0 9 4 11 0 0 0 0 4 0 0 0 0 5 0 2 0 0 0 0 0 0 0 0 0 0 0 0 0 0 18 0 0 0 0 0 0 0 0 0 0 0 0 0 0 0 0 0 0 0 8 0 0 21 0 0 0 0 12 50 32 0 0 0 9 41 31 21 0 0 0 1 25 12 0 0 9 0 0 23 0 0 6 11 0 0 0 0 8 1 0 1 0 0 10 1 0 0 0 0 0 0 0 0 0 0 0 14 0 0 0 0 0 0 0 3 0 0 65 1 0 14 0 1 0 0 0 0 0 0 0 0 0 0 0 0 0 0 0 0 2 15 0 0 1 13 
 2 10 0 0 0 2 1 0 0 2 0 2 2 2 0 0 2 2 1 1 7 5 4 10 3 3 9 4 4 6 4 4 11 7 4 5 4 6 35 9 69 51 88 0 86 48 71 77 69 290 74 179 55 56 51 44 125 195 111 71 0 0 0 0 0 0 0 2 0 0 0 1 0 3 0 0 12 0 0 0 3 0 0 0 0 0 0 0 0 0 0 0 0 0 0 0 0 4 0 0 12 0 17 0 0 0 15 15 6 0 0 0 2 9 4 1 0 0 0 0 0 0 0 2 9 20 0 0 0 0 20 14 0 0 0 0 0 0 0 0 0 0 0 0 0 6 0 0 0 0 0 0 0 0 0 5 0 0 7 0 0 0 0 5 3 0 1 0 0 0 0 0 0 0 0 0 2 3 0 0 12 8 0 0 0 0 6 19 0 0 0 0 20 1 0 0 0 0 1 7 0 0 0 34 15 7 0 2 0 10 4 0 0 0 0 0 0 0 0 0 1 0 0 0 0 0 0 0 0 0 0 0 3 0 0 0 0 0 22 0 0 0 20 0 0 0 0 0 0 0 0 9 0 2 0 0 0 1 0 8 0 0 2 5 7 1 0 10 0 0 0 0 0 0 0 0 0 0 0 0 0 3 0 0 0 0 0 0 1 2 
 0 3 0 0 0 0 5 0 0 0 0 62 0 2 0 0 0 0 0 0 0 0 0 0 1 1 0 0 0 209 0 0 4 0 3 1 0 7 0 0 38 38 43 86 0 335 260 66 136 104 315 269 279 59 64 104 41 464 290 74 2 0 0 0 0 0 0 210 0 0 0 0 2 0 0 0 0 0 3 0 0 0 0 0 0 0 0 0 0 0 0 0 0 0 0 0 0 0 5 0 0 0 0 0 0 0 0 28 0 0 0 0 0 0 0 0 0 0 0 0 0 0 0 0 1 21 0 0 0 0 0 1 0 0 0 5 0 0 0 0 14 0 0 0 0 0 14 0 0 0 0 0 10 0 0 0 0 0 35 39 0 0 0 0 2 0 0 0 0 0 0 0 0 0 0 0 3 2 0 0 0 0 0 0 0 0 0 0 0 0 0 0 0 0 0 0 0 0 0 0 0 0 0 0 0 42 0 0 0 0 0 0 0 0 0 0 0 0 0 0 1 0 0 0 0 0 15 1 1 0 0 0 39 1 0 0 0 0 4 41 0 0 0 0 0 0 0 0 0 0 0 6 0 0 0 0 0 0 0 1 0 0 1 1 3 4 2 1 0 0 0 0 0 0 0 0 0 0 0 0 0 0 0 0 0 0 0 0 0 0 
 0 0 0 0 0 0 3 0 0 0 1 4 0 0 2 0 0 0 0 0 0 0 0 0 0 0 0 0 0 0 0 0 0 1 0 0 0 2 0 0 45 241 29 48 335 0 22 240 45 107 80 277 50 57 36 535 45 45 48 42 5 4 0 0 51 0 0 0 0 0 0 34 2 0 7 0 0 0 104 1 0 0 0 0 0 0 0 0 0 0 0 0 0 0 0 0 0 0 0 0 0 0 0 0 0 0 0 0 0 0 0 0 0 0 0 0 0 0 0 0 0 0 0 1 6 17 0 0 0 0 0 7 0 0 0 0 0 0 0 0 26 0 0 0 0 22 24 0 0 0 0 0 34 7 10 10 0 0 15 39 0 0 0 0 0 0 0 0 0 0 0 0 0 0 0 0 20 0 0 0 0 0 0 0 0 0 0 0 0 0 0 0 0 0 0 0 0 0 0 0 0 0 0 0 16 42 0 0 0 0 0 9 0 0 0 0 0 0 0 0 29 0 0 0 0 0 59 15 0 0 0 0 50 16 1 0 0 0 15 35 0 0 0 0 0 0 0 0 0 0 0 9 0 0 0 0 0 0 0 0 0 0 1 0 7 2 3 0 2 0 0 0 0 0 0 0 0 0 0 0 0 0 0 0 6 0 0 0 0 0 
 0 0 3 1 0 0 0 3 6 0 0 0 0 0 0 0 3 1 0 0 0 0 3 0 0 0 1 0 0 0 0 3 0 0 3 0 62 0 0 0 520 506 71 71 260 22 0 285 27 41 24 29 603 180 51 51 23 34 267 296 0 0 0 0 0 1 0 5 0 0 3 0 0 0 2 0 0 0 0 0 0 0 0 0 0 0 0 0 0 0 0 0 0 0 5 0 0 0 0 0 0 0 0 0 0 0 0 0 0 0 0 0 0 0 0 0 0 0 0 0 40 50 7 0 0 0 7 32 4 6 0 0 0 0 29 0 12 0 0 0 0 0 0 0 0 0 0 0 0 0 0 0 0 0 0 0 0 14 0 0 0 0 0 0 0 0 0 0 0 0 0 0 19 0 0 0 0 0 4 0 0 0 0 0 0 0 0 0 0 0 0 0 0 0 0 0 0 0 0 0 19 22 7 0 0 0 13 32 11 0 7 0 0 93 33 18 17 0 0 3 0 0 0 0 0 0 0 0 0 0 0 0 0 0 0 0 0 0 0 0 0 0 0 0 0 0 0 0 0 0 0 9 0 0 0 0 0 0 0 0 0 0 0 0 0 1 0 0 0 0 0 0 0 0 0 0 0 0 0 0 0 0 0 0 0 0 0 0 2 8 
 2 2 2 4 2 7 2 2 2 2 2 4 68 2 2 92 2 3 2 2 1 0 0 0 0 0 0 0 0 0 0 0 203 0 0 0 0 0 5 3 267 539 98 77 66 240 285 0 161 41 33 22 98 207 405 279 32 36 282 50 0 0 0 0 0 0 0 0 0 0 1 0 0 0 0 0 0 1 0 0 0 0 0 0 0 1 0 0 0 0 3 1 0 0 0 0 0 0 0 0 3 0 1 0 0 0 3 3 0 0 0 0 10 0 0 0 1 0 0 12 0 14 84 7 1 0 0 31 13 21 17 9 0 0 30 80 28 49 0 0 0 0 0 0 0 0 0 0 13 0 0 0 0 0 0 0 0 0 0 0 0 0 0 0 0 0 0 0 0 1 0 0 0 0 0 0 0 0 6 0 4 0 0 0 0 0 4 4 0 0 0 0 3 7 0 0 0 0 7 1 0 20 16 3 5 0 1 22 40 18 8 1 0 0 8 49 32 20 0 0 0 0 0 0 0 0 0 0 0 0 0 0 0 0 0 0 0 0 6 0 0 0 12 0 0 0 0 0 0 0 0 13 0 2 0 1 0 0 0 2 0 0 0 0 1 2 0 0 2 0 21 0 0 0 0 0 0 0 0 0 0 0 0 0 0 21 0 0 0 0 
 0 0 0 0 0 0 0 0 0 0 0 0 0 48 0 0 0 0 0 0 0 0 0 0 0 0 0 0 0 0 0 0 0 0 0 0 0 0 0 0 42 206 305 69 136 45 27 161 0 185 31 31 94 85 245 187 289 136 121 75 12 0 0 0 0 0 7 21 0 0 0 0 0 6 5 0 3 0 0 2 0 0 0 0 0 0 0 0 0 0 0 0 0 0 0 0 0 0 10 0 0 11 0 0 0 0 0 24 0 0 0 0 0 0 0 0 0 0 0 0 0 0 28 38 24 0 0 18 12 11 34 8 0 0 10 47 12 28 0 0 0 1 2 20 0 0 0 35 6 2 3 0 0 15 13 19 0 26 0 0 0 0 0 0 0 0 0 21 0 0 0 0 0 0 0 0 0 0 1 0 0 0 0 0 0 0 0 0 0 0 0 0 0 0 0 0 0 0 0 0 0 12 19 26 14 0 0 0 9 39 9 41 0 0 0 58 8 36 0 0 0 6 4 1 0 0 0 0 4 0 0 20 0 0 8 4 8 0 1 0 0 0 1 0 0 0 0 0 0 0 0 10 0 0 0 0 0 0 0 1 45 0 1 1 0 11 5 1 0 0 1 0 0 0 0 0 0 0 0 0 0 0 0 0 11 14 0 0 1 0 
 0 2 0 4 0 0 3 0 0 0 0 0 6 0 0 0 0 0 0 0 0 0 0 0 0 0 0 1 0 0 0 1 0 0 3 0 3 0 0 0 23 47 251 290 104 107 41 41 185 0 297 37 50 43 293 385 411 226 299 89 1 1 1 2 6 0 3 6 3 0 1 0 0 0 0 3 19 1 0 0 0 0 0 0 0 0 0 0 0 0 0 0 0 0 0 0 0 0 0 0 0 0 0 0 0 0 0 0 0 0 0 0 0 0 0 0 0 0 3 0 0 0 13 30 60 0 0 0 0 1 34 56 0 0 0 1 0 19 0 0 0 0 0 4 0 0 1 0 0 0 0 0 1 0 0 0 0 5 0 0 0 0 0 3 2 0 0 0 0 0 7 0 0 0 0 0 0 4 0 0 0 0 0 0 12 0 0 0 0 0 0 0 0 0 0 0 0 0 0 0 0 0 12 29 98 8 0 0 5 8 29 21 0 0 0 0 12 2 0 0 1 0 0 0 0 0 0 0 0 0 0 0 3 0 0 0 0 0 43 0 0 0 22 0 0 0 2 0 0 0 0 9 0 1 1 0 2 0 0 40 0 0 63 64 0 21 1 64 0 0 0 0 0 0 0 0 0 0 0 0 0 3 0 0 6 0 0 0 2 0 
 0 3 0 0 0 0 3 0 0 0 0 0 0 0 0 0 0 0 0 0 0 0 0 0 0 0 0 0 0 2 0 0 4 0 0 0 0 2 0 0 17 30 126 74 315 80 24 33 31 297 0 288 39 30 56 138 141 475 32 46 0 0 0 0 0 0 0 2 0 0 0 0 0 0 0 0 6 0 0 0 0 0 0 0 0 0 0 0 0 0 0 0 0 0 0 0 0 14 0 0 0 0 0 0 0 0 0 0 0 0 0 0 0 0 0 0 0 0 0 0 0 0 0 20 30 12 0 0 0 0 18 25 0 0 0 1 0 16 0 0 0 0 0 6 0 0 2 0 0 0 0 0 0 0 0 0 0 1 6 0 0 0 0 5 7 0 0 0 0 0 0 0 0 0 0 0 4 4 0 0 0 0 0 0 0 0 18 0 0 0 0 0 4 0 0 0 0 0 0 0 0 0 0 31 15 7 0 0 1 3 26 14 0 0 0 0 0 0 0 0 1 0 0 0 0 0 0 0 0 0 0 0 0 0 0 0 0 0 26 0 0 0 30 0 0 0 0 0 0 0 0 9 0 0 0 0 0 0 0 33 0 0 6 3 0 4 1 6 0 0 0 0 0 0 0 0 0 0 0 0 0 0 0 0 19 15 0 0 0 0 
 0 0 0 0 0 0 0 18 0 0 0 2 0 0 0 0 0 0 0 0 0 0 0 0 1 0 0 0 0 55 0 0 0 2 0 0 0 0 2 0 287 34 64 179 269 277 29 22 31 37 288 0 30 32 34 84 66 84 229 23 0 0 0 4 0 0 0 0 25 3 31 0 0 0 0 3 3 8 0 0 0 0 0 14 0 0 0 0 0 0 0 0 0 0 0 0 0 0 0 0 0 0 0 0 0 0 0 0 0 0 0 0 0 0 0 0 0 0 18 0 0 0 0 0 0 24 0 0 0 0 0 0 0 0 0 0 0 0 0 0 10 0 0 28 0 4 2 0 0 0 0 10 0 1 0 0 4 0 33 13 0 0 0 5 1 0 0 0 0 0 0 0 0 0 0 0 4 4 0 0 0 0 0 0 0 0 0 0 0 0 11 0 0 0 0 0 0 0 0 0 0 0 1 0 14 8 0 0 0 0 25 1 0 0 0 0 10 0 0 0 1 0 0 11 7 0 0 0 0 10 41 0 34 0 0 0 0 6 44 9 0 0 22 0 0 0 0 0 0 0 0 2 0 0 0 0 0 0 0 27 0 0 73 65 3 0 1 68 0 0 0 0 0 0 0 6 0 0 0 0 0 0 0 0 0 0 0 0 0 0 
 0 4 0 0 1 42 1 1 2 0 1 3 2 5 0 4 1 0 2 2 2 2 2 3 2 2 2 2 3 2 2 3 3 3 6 4 2 8 3 2 288 97 294 55 279 50 603 98 94 50 39 30 0 293 70 47 29 263 407 223 0 0 0 0 0 0 0 0 0 0 9 0 0 0 0 2 0 0 0 0 0 0 0 0 0 0 0 0 0 0 0 0 0 0 0 0 0 0 0 0 0 0 0 0 0 0 0 0 0 0 0 0 0 0 0 0 0 0 0 0 26 11 0 5 2 6 39 8 7 10 7 7 0 0 6 0 6 9 17 5 0 0 0 0 0 0 0 0 0 0 0 0 0 0 0 0 0 0 14 13 0 1 4 0 0 0 0 0 0 0 0 15 2 0 0 0 0 0 1 0 0 0 0 0 0 14 0 0 0 0 0 0 0 0 0 0 0 0 0 0 30 14 0 11 15 1 25 12 8 0 7 6 1 21 52 0 6 4 12 40 0 0 0 0 0 0 0 0 0 0 0 0 1 0 0 0 0 0 4 0 0 0 0 0 0 0 0 0 0 0 0 8 0 1 0 0 0 0 0 0 1 0 1 0 2 2 2 0 2 0 0 0 0 0 0 0 0 0 0 0 0 0 0 0 15 0 0 0 2 0 
 0 0 0 1 63 36 0 0 1 0 1 3 1 1 0 1 0 0 1 1 1 0 0 0 0 0 1 0 0 0 0 0 2 1 1 0 0 2 0 204 136 62 46 56 59 57 180 207 85 43 30 32 293 0 209 30 42 60 134 154 9 0 0 0 0 5 7 9 0 4 13 0 0 7 58 0 0 0 0 1 0 0 0 0 13 31 0 0 0 0 0 13 0 0 0 0 0 0 0 0 0 0 0 0 0 0 10 0 0 0 0 0 14 0 16 0 0 0 0 0 0 8 8 0 0 0 13 17 16 7 0 0 0 0 23 1 14 7 0 0 0 2 2 0 0 0 0 0 7 2 5 6 0 10 44 11 0 3 0 0 0 0 0 4 0 4 0 0 0 0 0 0 1 0 0 13 0 0 2 0 0 0 0 0 0 0 7 0 0 0 0 0 18 0 0 0 0 0 18 20 0 13 1 0 0 0 14 0 7 0 3 0 0 15 8 22 14 6 0 0 0 11 5 1 5 0 0 0 4 0 0 15 0 0 7 7 7 0 0 0 0 0 0 0 0 0 1 0 0 0 0 3 0 0 0 0 0 0 0 8 0 0 2 0 0 2 10 0 2 14 2 0 0 0 0 0 0 0 0 0 0 0 0 0 0 20 0 0 2 0 
 3 3 4 7 7 3 3 3 3 3 3 7 7 5 5 3 3 3 3 5 62 0 2 1 0 0 0 0 4 3 2 0 0 0 4 3 20 11 0 2 172 183 64 51 64 36 51 405 245 293 56 34 70 209 0 159 308 25 79 121 0 0 0 0 0 0 0 47 0 0 16 0 0 0 0 0 0 0 0 0 18 0 0 0 0 0 0 0 0 25 0 0 0 0 0 0 0 0 0 0 0 9 0 0 0 0 0 0 0 4 3 0 0 0 0 0 0 1 0 0 0 4 28 6 0 0 0 5 9 17 15 3 0 0 14 43 13 77 1 0 0 0 0 2 0 0 0 0 0 0 0 0 0 0 0 0 0 6 0 0 0 0 0 31 0 0 0 0 0 0 0 0 0 0 0 0 0 0 2 0 0 0 0 3 4 1 0 0 0 6 10 0 0 0 1 0 0 0 0 0 0 5 28 8 9 0 1 0 27 14 25 0 0 0 0 29 10 20 0 0 0 0 0 0 0 0 0 0 0 0 0 0 0 0 0 13 9 0 0 0 0 0 4 0 0 0 1 0 0 0 0 14 0 2 0 0 0 0 1 3 0 0 0 2 1 2 0 0 1 0 21 0 0 0 0 0 0 0 0 0 0 3 0 0 2 20 0 0 0 0 
 3 3 3 7 3 3 6 3 3 5 3 4 7 3 3 3 3 3 3 3 0 0 0 2 0 0 0 0 0 20 0 0 0 0 0 0 0 0 0 0 39 280 164 44 104 535 51 279 187 385 138 84 47 30 159 0 226 634 64 62 0 0 0 0 0 0 0 32 0 0 0 0 0 0 0 0 8 1 0 0 0 0 0 15 0 0 0 0 0 0 0 0 0 0 0 0 0 0 0 0 0 0 0 0 0 0 0 0 0 0 0 0 0 0 0 0 0 0 0 0 0 0 33 38 60 0 0 4 7 10 52 53 0 0 0 40 1 49 0 0 0 0 0 9 0 0 0 27 0 0 0 0 0 0 0 0 15 10 0 0 0 0 0 0 0 0 0 0 0 0 0 0 0 0 0 0 0 0 0 0 0 0 0 0 0 0 5 0 0 0 9 0 0 0 0 0 0 0 0 0 0 1 13 29 22 2 0 0 22 28 22 28 0 0 0 29 4 21 0 0 1 0 0 0 0 0 1 0 0 14 0 0 4 0 0 0 0 0 4 0 0 0 0 0 0 0 0 0 0 0 0 19 0 2 0 0 0 0 0 3 0 0 3 1 2 95 0 1 0 0 0 0 0 0 0 0 0 0 0 0 0 0 0 0 10 0 0 0 0 0 
 0 4 0 3 71 31 0 0 0 0 0 0 4 0 0 0 0 0 0 0 1 0 1 0 0 0 1 1 0 2 0 0 3 2 0 0 66 8 62 1 37 183 172 125 41 45 23 32 289 411 141 66 29 42 308 226 0 90 32 52 0 0 0 0 0 0 0 0 0 55 0 0 0 0 0 0 0 0 0 0 0 0 0 0 7 15 0 0 0 0 0 0 0 0 0 1 0 0 0 0 1 0 0 0 0 0 2 0 0 0 0 0 3 0 0 0 0 0 10 6 0 0 12 19 16 11 0 0 0 0 20 10 0 0 0 11 0 10 0 0 1 0 0 4 0 0 0 0 0 0 0 0 0 0 0 0 0 6 0 0 0 0 0 6 42 25 0 0 0 0 0 0 0 0 0 0 1 5 0 0 0 0 0 0 0 0 8 0 0 0 0 0 10 7 0 0 0 0 10 6 0 0 0 14 28 0 0 0 0 17 7 18 0 0 0 21 0 13 0 0 0 0 0 0 0 0 0 0 0 0 0 0 0 0 0 0 0 0 1 0 0 0 0 0 0 1 0 0 0 0 0 14 0 1 0 0 0 0 0 25 0 0 0 63 1 21 1 0 0 0 0 0 0 0 0 0 0 0 0 0 0 0 0 0 10 0 0 0 1 0 
 3 8 3 65 54 56 5 44 3 3 4 25 3 3 3 3 3 3 3 3 5 4 3 3 22 13 6 4 3 3 3 3 6 5 4 4 3 9 3 4 277 64 207 195 464 45 34 36 136 226 475 84 263 60 25 634 90 0 52 47 0 1 14 0 1 0 0 8 1 0 0 1 0 0 2 0 9 1 2 0 0 0 0 0 3 20 0 0 0 0 18 30 0 0 0 0 0 0 0 0 0 0 0 0 0 0 0 0 0 0 0 0 35 0 2 0 0 0 14 21 6 0 13 10 42 0 3 0 0 1 35 13 5 8 0 2 0 0 0 6 0 0 0 0 0 0 0 0 0 0 0 5 0 0 0 0 0 0 5 0 0 0 0 3 2 7 0 0 0 0 0 0 0 0 0 0 0 4 0 0 1 18 0 0 0 0 0 0 0 0 0 0 22 1 0 0 0 3 21 5 8 0 11 30 34 0 4 4 0 8 7 21 7 0 8 2 0 2 5 3 0 0 0 0 0 0 0 0 0 0 0 0 0 0 0 0 0 0 22 12 0 0 20 0 0 1 0 0 0 0 0 12 0 1 0 0 0 2 0 32 0 0 2 62 0 13 3 61 0 0 48 0 0 0 0 0 0 0 0 0 0 0 0 0 0 15 0 0 0 0 
 3 3 3 3 3 3 3 3 3 3 3 3 3 6 5 3 3 3 3 3 0 0 0 0 0 189 3 205 0 0 0 4 0 0 2 0 0 0 0 0 60 77 30 111 290 48 267 282 121 299 32 229 407 134 79 64 32 52 0 247 6 1 0 0 0 0 0 9 8 0 0 0 0 37 13 4 9 0 0 4 0 0 0 0 0 0 0 0 0 0 0 0 0 0 0 0 0 0 0 0 0 0 0 0 1 3 0 0 0 0 0 0 0 0 0 0 9 10 0 12 31 12 0 0 0 0 15 9 0 1 0 0 1 20 0 0 0 0 32 36 0 5 5 0 0 0 29 0 13 2 6 0 0 10 5 9 2 7 0 1 0 5 14 0 0 0 0 0 0 0 0 0 1 0 0 5 0 0 0 0 0 0 0 0 1 26 0 0 0 0 0 1 0 0 0 0 0 0 0 0 63 17 0 0 0 0 18 24 1 0 0 0 58 21 42 0 17 0 37 3 0 16 0 4 0 0 0 0 3 0 0 2 0 0 6 10 6 9 0 0 0 0 0 0 0 0 0 0 0 0 0 17 0 2 0 0 0 0 0 0 0 0 0 0 0 2 17 0 1 0 5 0 0 0 0 0 0 0 0 0 0 0 0 0 0 0 0 0 1 0 
 0 0 0 2 3 0 0 0 62 0 1 0 8 0 0 0 0 0 6 5 0 0 0 0 0 0 2 0 1 0 0 2 0 0 0 0 0 2 0 0 99 466 23 71 74 42 296 50 75 89 46 23 223 154 121 62 52 47 247 0 0 0 0 0 0 0 0 10 0 0 3 0 0 0 0 2 3 0 0 0 0 0 0 0 0 0 0 0 0 0 0 0 6 5 2 0 0 0 0 0 0 28 0 0 0 0 0 0 0 0 0 0 0 0 0 0 0 0 0 2 43 23 0 0 0 0 30 20 7 0 0 0 0 0 9 21 17 0 18 1 0 0 0 0 0 0 0 0 0 0 0 0 0 0 0 0 0 0 0 0 7 3 1 0 0 0 0 0 0 0 0 0 9 0 0 0 13 0 1 35 0 0 0 0 0 0 0 0 23 0 0 0 0 0 0 0 0 0 0 0 6 17 0 0 0 0 50 29 9 0 7 0 0 30 38 0 8 0 0 29 0 0 0 0 0 0 0 0 0 0 0 0 0 0 0 0 0 0 0 0 0 0 0 0 0 0 0 0 0 0 0 11 0 0 0 0 0 0 0 0 0 0 0 0 0 0 5 0 0 0 0 0 0 0 0 0 0 0 0 0 0 0 0 0 0 0 0 0 0 0 
 0 1 0 0 0 0 0 0 0 0 0 0 0 0 0 0 0 0 0 0 2 0 0 0 0 0 0 0 0 0 0 0 3 0 0 0 0 0 0 2 5 0 0 0 2 5 0 0 12 1 0 0 0 9 0 0 0 0 6 0 0 77 75 38 33 44 287 205 32 47 43 74 70 330 199 50 36 47 44 266 0 0 0 0 0 0 0 0 0 0 0 0 0 0 0 0 0 0 0 0 0 0 0 0 0 0 0 0 0 0 0 0 0 0 0 0 0 0 0 0 0 0 0 0 5 0 0 0 0 0 0 0 0 0 0 0 0 0 0 0 0 0 20 0 0 0 0 29 63 21 16 0 0 47 36 24 0 22 0 0 0 0 0 0 0 0 0 0 0 0 0 0 0 0 6 0 0 0 0 0 0 0 24 0 0 0 0 0 0 0 0 0 0 0 0 0 0 0 0 0 0 0 0 0 0 0 0 0 0 0 0 0 0 0 0 0 0 0 0 1 0 10 21 0 0 0 0 18 25 19 0 28 0 52 22 32 23 27 0 0 8 0 0 0 0 0 0 0 0 0 0 0 0 2 6 0 0 0 0 0 0 0 0 0 0 0 11 0 0 0 17 0 0 0 0 1 0 0 0 0 0 0 0 0 0 2 0 12 0 0 
 0 0 0 0 22 2 0 0 0 0 0 1 0 3 0 0 0 0 0 0 1 0 0 0 0 0 0 0 0 0 0 0 0 0 3 0 0 0 0 0 0 0 0 0 0 4 0 0 0 1 0 0 0 0 0 0 0 1 1 0 77 0 494 63 74 39 99 490 224 41 245 38 49 265 452 210 174 30 51 92 0 0 12 0 1 0 0 0 0 0 0 0 0 0 0 0 0 0 0 0 0 0 0 0 0 0 0 0 0 0 0 0 0 0 0 16 0 0 0 0 0 0 0 0 0 0 0 0 0 0 0 0 0 0 0 0 0 0 0 0 3 27 12 26 0 0 2 46 0 9 20 49 9 9 16 50 8 17 0 4 0 0 0 0 0 0 0 0 0 0 0 0 0 0 0 0 0 0 0 0 0 0 0 0 0 0 0 0 0 0 0 0 0 7 0 0 0 0 10 0 0 0 0 0 0 7 0 0 0 0 0 10 0 0 0 0 0 0 0 0 7 2 1 24 0 0 7 25 11 39 15 11 10 3 2 8 7 36 0 3 11 0 0 0 0 0 0 0 0 0 0 0 0 0 11 0 0 0 0 0 0 0 0 0 0 0 10 0 0 0 12 0 0 5 0 1 0 0 0 0 0 0 0 0 0 2 0 12 0 0 
