 0 347 94 63 36 43 654 476 255 262 45 101 85 220 394 248 43 27 55 241 0 3 0 73 0 0 0 0 0 0 0 2 0 0 0 0 0 0 0 0 1 0 7 2 0 6 4 0 2 6 0 0 0 3 2 5 6 2 0 0 0 0 0 0 0 0 0 0 0 0 0 0 1 3 3 0 6 0 47 6 38 37 43 0 0 0 20 47 27 0 10 1 0 30 49 43 7 0 1 0 0 10 0 0 0 0 0 0 0 0 0 0 12 0 0 0 0 0 0 0 0 0 0 0 0 0 0 0 0 0 0 0 0 0 0 0 0 0 0 0 0 0 0 0 0 0 0 0 0 0 0 0 0 0 0 0 2 0 0 0 12 37 24 0 0 0 0 35 0 13 0 0 0 9 25 10 25 0 0 20 0 0 0 0 0 0 0 4 0 0 0 0 0 0 0 0 0 0 0 0 0 0 0 0 0 0 0 0 0 0 0 0 0 0 0 0 0 0 0 0 0 0 0 0 0 0 0 0 0 0 0 0 0 0 0 0 0 0 0 0 0 0 0 0 0 0 0 2 2 0 0 2 0 0 0 0 0 0 0 0 0 0 0 0 0 0 0 0 0 0 0 0 0 0 0 0 0 0 0 0 0 0 0 0 0 0 0 0 0 0 
 347 0 239 73 86 141 53 417 274 278 40 36 52 356 575 285 311 37 113 141 0 3 1 2 2 0 0 2 3 0 2 2 2 0 0 3 0 0 0 0 0 0 0 2 0 2 1 0 4 0 0 3 0 0 0 0 0 0 0 0 0 0 53 0 0 2 0 1 1 0 0 0 0 3 3 0 0 0 0 0 21 18 34 0 0 13 7 9 41 8 29 23 0 0 0 42 0 10 0 0 0 0 0 0 0 0 0 26 0 0 0 0 0 0 0 14 0 0 0 0 0 0 0 0 0 0 0 0 0 0 0 0 0 0 17 0 0 17 0 0 0 0 0 0 0 0 0 0 0 0 0 0 0 0 4 0 43 0 0 0 32 33 23 8 0 0 0 20 36 28 1 1 0 12 28 39 42 23 0 8 1 0 9 0 0 0 0 0 0 0 0 0 0 0 0 0 0 0 0 0 0 0 0 0 0 0 0 0 0 0 0 0 14 0 0 0 0 0 0 0 0 0 0 0 0 7 0 0 0 0 0 0 0 0 0 0 0 0 0 0 0 0 0 0 0 4 0 0 0 1 2 1 12 0 0 0 0 0 0 0 0 0 0 0 0 0 0 0 0 0 0 0 0 0 0 10 0 0 0 0 0 0 0 0 0 0 0 0 0 0 
 94 239 0 340 105 31 83 118 319 214 41 24 60 55 32 115 174 436 35 50 0 3 3 0 29 0 81 0 2 2 0 77 0 0 0 0 1 0 3 3 0 3 0 2 3 0 1 0 2 0 0 0 0 0 0 0 0 0 0 2 0 0 0 0 0 0 1 4 0 0 0 0 0 3 3 0 0 1 2 0 1 0 19 4 13 0 2 0 23 16 32 17 0 0 0 9 0 40 0 0 0 1 0 0 0 0 0 0 2 0 0 1 0 0 0 0 0 0 0 1 0 1 0 0 0 0 0 0 0 0 0 0 0 0 0 0 0 0 0 0 0 0 0 0 0 0 0 0 0 0 0 0 0 0 37 0 0 0 0 0 0 2 10 11 1 0 0 0 21 16 1 36 0 0 0 33 9 30 0 0 0 0 0 0 0 0 1 0 0 0 0 0 7 0 0 0 6 0 0 0 0 0 2 0 0 0 0 0 0 0 0 0 0 2 0 0 0 0 0 0 0 0 0 0 0 0 1 0 0 16 0 0 0 0 0 0 2 0 0 0 0 0 0 0 0 0 3 0 1 4 2 0 6 0 0 0 0 0 0 0 0 0 0 0 0 0 0 0 0 0 0 0 0 0 0 32 0 0 0 0 0 0 0 0 0 0 0 0 0 0 
 63 73 340 0 73 19 111 61 105 504 275 416 77 55 80 259 157 438 74 267 0 3 0 0 0 1 0 0 7 0 0 2 0 0 0 0 0 1 0 0 1 0 0 2 0 0 0 0 2 0 0 0 0 0 0 0 0 0 0 0 0 0 0 0 0 0 0 30 3 0 0 0 0 3 13 0 0 0 0 0 0 0 18 41 52 56 0 0 1 39 30 39 0 0 0 0 21 33 0 0 0 0 0 0 0 0 0 0 0 0 0 0 0 0 18 0 1 0 10 0 1 0 0 0 0 0 0 0 2 0 1 0 0 0 0 0 0 0 2 0 0 0 0 0 0 0 0 0 0 0 0 0 0 0 0 0 0 0 0 0 0 0 7 21 12 21 0 0 2 18 15 56 0 0 4 0 6 24 10 0 0 0 0 0 0 0 0 0 0 0 0 0 0 0 0 0 0 2 14 5 0 0 0 0 0 0 0 2 0 35 0 5 0 0 0 0 0 0 0 0 0 1 0 0 0 0 0 1 0 0 0 0 0 0 2 0 0 0 2 0 0 14 0 0 0 3 88 4 0 54 0 8 0 0 0 0 0 0 0 0 0 0 6 0 0 0 0 0 0 0 0 0 0 0 0 0 9 21 0 0 0 0 0 0 0 0 0 0 0 0 
 36 86 105 73 0 297 61 87 106 81 85 517 87 76 71 116 60 38 73 84 0 3 0 0 0 0 0 1 2 0 0 2 1 0 0 0 0 0 73 0 0 0 0 2 22 0 1 0 2 0 8 0 0 0 0 0 3 3 62 0 0 0 0 0 0 0 0 0 4 0 50 0 0 4 3 0 0 0 0 0 0 0 0 15 29 38 19 0 0 0 0 12 0 0 0 0 0 0 0 0 16 0 0 0 0 0 2 17 0 0 0 0 23 0 0 16 0 0 0 0 0 0 0 0 1 0 42 1 0 0 0 0 0 0 0 0 0 0 0 0 0 0 0 0 0 0 0 0 0 0 0 0 0 0 0 0 0 1 0 1 0 16 6 0 23 100 0 0 0 0 2 2 0 0 0 7 1 0 5 0 0 0 0 0 0 0 12 1 0 0 0 0 28 22 0 0 13 0 36 40 0 0 0 0 0 0 0 0 0 16 0 19 0 9 0 0 0 0 1 0 2 0 0 0 0 0 0 0 0 0 0 0 0 0 0 0 0 0 0 0 0 14 0 0 0 0 4 0 2 1 0 8 0 0 0 0 0 0 0 0 0 0 0 0 0 0 1 0 0 0 0 0 0 0 0 0 0 12 0 0 0 0 0 0 0 0 0 0 0 0 
 43 141 31 19 297 0 21 149 48 63 80 224 318 59 57 259 296 55 56 155 0 3 0 1 0 0 0 0 2 0 72 2 0 0 0 0 76 0 228 0 41 0 0 2 0 3 0 0 2 0 4 0 0 1 0 0 0 0 0 0 0 39 0 0 0 0 0 0 13 0 0 0 0 5 3 0 0 0 0 0 0 0 0 0 13 1 0 0 0 0 1 0 0 0 0 0 0 0 0 0 41 0 0 0 0 0 14 17 0 0 0 0 44 0 1 0 0 0 10 7 0 0 0 0 0 0 0 0 0 0 0 0 0 0 14 0 0 0 0 0 0 0 0 1 0 0 0 0 0 0 0 0 0 0 0 4 0 0 0 0 0 0 0 20 19 26 1 0 0 0 0 1 0 0 0 4 0 1 1 0 0 11 4 0 0 0 13 0 0 0 0 0 40 41 0 19 0 0 34 42 0 0 0 0 0 0 0 0 0 0 0 14 0 0 0 0 0 0 0 0 0 0 0 0 0 0 0 0 0 0 0 0 0 0 0 0 0 0 0 0 0 14 0 0 0 0 2 1 0 0 1 3 0 0 0 0 0 0 0 0 0 0 0 0 0 0 0 0 0 0 0 0 0 0 0 0 0 0 0 0 0 0 0 0 0 0 0 0 0 0 
 654 53 83 111 61 21 0 111 74 34 36 49 495 417 48 64 38 25 60 315 201 8 75 2 3 0 3 2 3 3 0 5 0 3 3 0 2 2 0 3 7 0 0 5 0 1 3 5 5 0 3 0 0 3 0 0 0 0 0 0 0 2 3 2 0 0 2 0 3 0 0 0 4 3 3 2 0 0 2 0 44 41 13 0 0 0 42 45 26 1 0 0 0 36 47 21 4 0 16 52 0 0 0 0 0 0 0 2 0 0 0 0 0 0 18 2 0 0 0 0 0 0 0 0 0 0 0 13 0 0 0 0 0 0 0 0 0 0 0 0 0 0 0 0 0 0 3 0 0 0 0 0 0 0 0 0 11 0 2 0 42 43 12 1 0 0 1 29 0 0 0 1 18 22 11 3 20 2 0 38 0 0 0 0 0 0 0 0 0 0 0 0 0 0 0 0 0 0 0 0 0 0 0 0 0 0 0 0 0 0 0 0 0 0 0 0 0 0 32 18 0 0 0 0 0 0 0 0 0 1 0 0 0 0 0 0 0 0 0 0 0 2 0 0 0 0 0 0 2 1 0 8 1 0 0 0 0 0 0 0 0 0 0 0 0 0 0 0 0 0 0 0 0 0 0 0 0 0 0 0 0 0 0 0 0 1 0 0 0 0 
 476 417 118 61 87 149 111 0 192 62 33 39 324 648 133 129 191 55 45 289 3 3 0 3 2 0 75 0 0 0 0 4 2 2 2 0 0 0 3 0 2 0 36 2 0 2 0 0 2 0 0 0 0 0 0 0 2 3 0 46 0 0 0 0 0 2 3 0 0 0 0 0 0 3 3 0 0 0 2 0 46 52 24 0 0 0 11 36 49 21 21 1 1 1 21 43 0 0 0 0 0 0 0 0 0 0 0 0 0 8 0 0 0 0 0 1 0 2 0 0 0 5 0 0 0 0 0 0 0 0 0 0 0 0 0 0 0 0 0 0 0 0 0 0 2 0 0 0 0 1 0 0 0 0 3 0 4 0 1 0 28 39 27 9 0 0 0 32 17 10 0 2 0 13 51 33 27 1 1 2 0 0 0 0 0 0 0 0 0 1 0 0 0 0 0 1 19 0 0 0 0 0 0 0 0 9 0 0 0 0 15 0 0 0 0 0 1 0 0 0 0 0 1 0 14 0 0 0 0 0 0 0 0 0 0 0 0 0 0 0 0 1 0 0 0 0 0 0 0 0 1 3 9 0 74 0 0 0 0 0 0 0 0 0 0 0 0 0 0 0 0 0 0 0 0 7 0 0 0 0 0 0 0 0 0 1 0 0 0 0 
 255 274 319 105 106 48 74 192 0 383 256 34 67 62 170 576 311 306 55 67 0 3 0 0 0 0 0 0 0 0 0 2 0 0 70 206 0 74 0 0 2 0 0 2 0 8 0 0 2 0 0 0 0 0 0 0 31 0 0 0 0 0 0 0 0 0 0 0 0 0 0 0 0 3 3 0 0 0 0 0 0 17 24 16 1 1 0 0 27 62 40 50 0 3 0 32 25 46 0 0 0 0 0 0 0 0 0 0 0 0 0 0 0 0 2 0 0 0 0 0 0 0 2 0 0 0 0 0 10 0 0 0 0 0 0 0 0 0 0 0 0 0 0 11 0 2 0 0 0 0 0 0 0 2 19 0 4 0 0 0 2 1 23 11 1 0 0 20 37 25 18 14 1 1 71 26 13 27 0 0 0 0 0 0 2 0 0 0 0 0 0 0 0 0 0 0 3 0 0 0 0 0 0 0 0 0 0 0 0 1 0 0 0 0 0 0 0 0 0 0 0 0 0 5 0 0 0 0 0 0 0 0 0 0 0 0 0 0 0 0 0 0 0 0 0 0 4 1 3 2 0 4 15 0 0 0 0 0 0 0 0 0 11 0 0 0 0 0 0 0 0 0 0 0 0 21 1 0 0 0 0 0 0 0 0 0 0 0 0 0 
 262 278 214 504 81 63 34 62 383 0 437 44 288 60 101 366 418 119 72 54 0 2 0 2 0 1 0 0 110 0 0 0 0 0 0 0 0 1 0 0 3 0 0 0 0 0 1 0 0 0 0 0 0 0 0 0 0 2 1 0 0 2 0 0 0 0 0 58 3 0 0 0 2 0 10 0 0 0 3 0 0 3 4 34 29 86 0 0 17 46 29 42 0 0 1 24 50 33 0 0 0 0 0 0 0 0 0 0 0 0 0 0 0 0 0 0 0 0 0 0 0 0 0 0 0 0 0 0 0 0 0 0 10 0 0 0 0 0 0 7 0 0 0 0 10 0 0 0 0 0 0 0 0 0 2 0 0 0 0 0 0 0 0 49 15 3 0 16 13 22 34 47 0 0 12 32 38 39 0 0 0 0 0 0 0 0 0 0 0 0 0 0 0 0 0 0 0 0 10 0 0 0 0 0 0 0 0 0 0 8 0 14 0 0 0 0 0 0 0 0 0 0 0 0 0 0 0 0 0 0 0 0 0 0 0 0 0 0 0 0 0 1 0 0 0 1 248 0 2 183 1 1 0 0 0 0 0 0 0 0 2 0 10 0 0 0 0 0 0 0 0 0 0 0 0 36 14 2 0 0 0 0 0 0 0 0 0 14 0 0 
 45 40 41 275 85 80 36 33 256 437 0 398 37 22 56 126 204 419 54 140 0 3 0 0 0 0 0 1 0 0 0 2 0 0 0 0 1 0 5 0 0 0 66 7 0 0 1 0 2 0 0 0 0 0 0 0 5 0 0 0 0 0 0 0 0 0 4 29 0 0 0 0 0 3 10 0 1 0 0 0 0 0 24 43 54 37 0 0 0 77 71 38 0 0 0 0 26 31 0 0 0 0 0 2 0 12 0 0 0 0 0 0 0 0 0 0 0 0 10 0 0 0 0 0 0 0 0 0 0 0 0 0 0 0 0 0 0 0 0 0 0 35 0 0 0 0 0 0 1 0 0 0 0 0 0 0 0 0 0 0 0 0 4 22 10 17 0 2 0 0 15 42 0 0 3 0 6 23 0 0 0 0 0 0 0 0 0 0 0 0 26 0 0 2 0 0 0 0 11 3 0 0 0 0 0 0 1 0 2 27 0 18 0 0 0 0 3 0 0 0 0 0 0 0 0 0 0 0 0 0 0 0 2 0 0 1 0 0 0 0 0 32 0 0 0 0 62 0 2 48 0 9 0 0 0 0 0 0 0 0 0 0 10 0 0 0 0 0 0 0 0 0 0 0 0 0 11 13 0 0 0 0 0 0 0 0 0 0 0 0 
 101 36 24 416 517 224 49 39 34 44 398 0 37 31 236 31 72 74 123 32 0 3 0 0 0 0 0 0 0 0 26 4 0 0 2 0 0 0 0 1 34 0 0 2 4 1 2 0 2 0 0 0 0 0 0 0 0 0 0 0 41 0 0 0 0 0 0 50 27 0 0 0 0 7 13 0 1 0 0 0 0 0 0 59 44 46 0 0 0 11 1 9 0 0 0 0 0 0 0 0 5 0 0 0 0 0 0 0 0 0 0 0 16 0 0 2 0 0 12 0 0 0 0 0 0 0 0 0 0 0 0 0 0 0 0 0 0 0 0 0 0 0 0 0 0 0 0 0 0 0 0 0 0 0 0 0 0 0 0 0 0 0 4 31 24 46 0 0 0 0 21 24 0 0 0 4 3 3 2 0 0 0 0 0 0 0 19 0 0 0 0 0 0 0 0 13 0 0 19 15 0 0 0 0 0 0 10 0 0 9 0 15 0 0 0 0 0 0 0 0 0 0 0 0 0 0 0 0 0 2 0 0 0 0 0 0 0 0 0 0 0 12 0 0 0 2 174 0 3 178 0 3 0 0 0 0 0 0 0 0 0 0 0 0 0 0 0 1 0 0 0 0 0 0 0 0 13 9 0 0 0 0 0 0 0 0 0 0 0 0 
 85 52 60 77 87 318 495 324 67 288 37 37 0 89 26 29 59 27 475 566 0 3 1 0 0 0 0 0 0 0 0 4 1 74 0 0 2 0 0 0 0 0 0 2 0 0 1 0 2 0 0 0 0 0 0 0 0 0 0 0 0 0 0 0 0 0 0 3 0 0 0 0 0 2 3 0 1 0 0 0 23 0 0 0 0 0 36 10 0 0 0 0 43 53 37 0 9 0 21 5 0 0 2 0 0 0 2 0 0 0 0 0 0 0 0 0 0 0 0 0 0 0 0 0 0 0 0 0 1 0 0 0 0 0 0 0 0 0 0 13 0 0 0 0 0 0 3 0 0 0 0 0 0 0 0 0 1 0 0 0 12 2 1 1 0 1 17 14 0 0 3 0 21 30 1 0 3 0 12 34 0 0 0 0 0 0 0 0 0 0 0 0 0 0 0 0 0 0 0 0 0 0 0 0 0 0 0 0 0 0 0 0 0 0 0 0 0 18 0 0 0 0 0 0 0 0 0 1 0 0 0 1 0 0 0 0 0 0 0 0 0 0 0 0 0 0 0 0 3 2 0 5 0 0 0 0 0 2 0 0 0 0 0 0 0 0 0 0 0 0 0 0 0 0 0 0 0 0 0 0 0 0 0 0 0 0 0 0 0 0 
 220 356 55 55 76 59 417 648 62 60 22 31 89 0 662 48 226 12 90 472 0 3 0 0 2 0 0 0 0 75 0 2 2 0 0 0 0 3 0 0 0 0 0 2 0 0 1 0 2 0 0 0 0 0 0 63 1 0 0 0 0 0 0 0 0 0 0 0 0 51 0 0 1 3 3 0 0 0 0 0 46 32 39 0 0 0 20 29 34 0 20 0 18 35 79 29 10 0 1 6 0 0 0 0 0 0 0 0 0 0 0 0 0 0 0 0 0 0 0 0 0 0 0 0 0 0 0 0 0 0 0 0 0 0 0 0 0 0 0 0 0 0 0 0 0 13 0 0 0 0 0 0 0 0 0 0 11 0 0 0 31 73 23 1 0 0 0 29 0 16 0 1 0 10 20 17 29 0 0 42 0 0 0 0 0 0 0 0 0 0 0 0 0 0 0 0 0 0 0 0 0 0 0 0 0 0 0 4 0 13 0 0 0 0 0 0 0 0 0 0 0 0 0 0 0 0 0 0 0 0 0 0 0 0 0 0 0 0 0 0 0 0 0 0 0 2 0 2 0 0 0 2 0 0 0 0 0 0 0 0 0 0 0 0 0 0 0 0 0 0 0 0 0 0 0 0 0 0 0 0 0 0 0 0 0 0 0 0 0 0 
 394 575 32 80 71 57 48 133 170 101 56 236 26 662 0 180 49 30 67 92 0 3 0 1 1 0 0 0 0 0 0 2 1 0 0 0 0 0 0 0 2 0 0 2 0 1 0 0 2 0 0 0 0 0 0 0 0 0 0 0 0 0 0 0 0 0 0 0 0 0 0 0 0 3 3 0 0 0 0 0 30 64 24 0 0 0 9 36 44 12 22 1 1 1 25 63 0 0 0 0 0 0 0 0 0 0 0 0 0 0 0 0 0 0 0 0 0 0 0 0 0 0 0 0 0 0 0 0 0 0 0 0 0 0 0 0 0 0 0 0 0 0 0 0 0 20 0 0 0 0 0 0 0 0 3 0 3 0 0 0 30 39 27 7 0 0 0 21 23 11 0 0 0 14 50 27 29 0 0 2 0 0 0 0 0 0 0 0 0 0 0 0 0 0 0 0 0 0 0 0 0 0 0 0 0 0 0 0 0 0 0 0 0 0 0 0 0 0 0 0 0 0 0 0 0 0 0 0 0 0 0 0 0 0 0 0 0 0 0 0 0 0 0 0 0 2 0 0 2 3 0 4 10 0 0 0 0 0 0 0 0 0 0 0 0 0 0 0 0 0 0 0 0 0 11 10 0 0 0 0 0 0 0 0 0 0 0 0 0 0 
 248 285 115 259 116 259 64 129 576 366 126 31 29 48 180 0 417 307 123 59 0 3 0 0 0 0 78 0 5 2 3 2 2 3 3 0 0 55 2 0 1 0 0 2 0 0 0 1 2 0 0 2 0 0 0 0 2 0 0 0 0 0 0 1 0 2 0 1 45 0 1 2 0 3 3 24 0 0 0 2 1 20 20 0 14 0 1 1 43 25 49 37 0 0 0 23 21 35 0 0 0 0 0 2 0 20 0 0 0 0 0 0 0 0 2 10 0 0 0 0 0 0 0 0 1 0 0 0 0 0 0 0 0 1 0 0 0 0 0 0 0 0 0 0 0 2 0 0 1 0 0 0 0 0 13 0 0 4 21 0 1 0 10 11 2 0 0 31 26 31 3 35 0 0 24 40 43 37 0 0 0 0 0 0 0 0 0 0 0 0 0 0 0 2 0 0 0 0 0 0 0 0 0 0 0 0 1 0 2 1 0 0 7 0 0 1 0 0 0 0 0 0 0 0 0 15 0 0 0 0 0 0 2 10 0 1 0 0 0 0 0 0 0 0 0 2 1 2 0 3 2 3 7 2 1 0 0 0 0 0 0 0 0 0 0 0 0 0 0 0 0 0 0 0 0 34 34 0 0 0 0 0 0 0 0 0 0 0 0 0 
 43 311 174 157 60 296 38 191 311 418 204 72 59 226 49 417 0 618 252 27 0 3 2 0 0 0 0 76 0 0 0 2 0 0 0 0 0 2 2 0 1 0 0 2 41 0 0 0 2 0 0 0 0 0 0 0 0 2 0 0 0 0 0 0 0 0 0 0 0 0 0 0 0 49 3 0 0 0 0 0 2 10 28 63 14 61 0 0 20 35 69 37 0 0 0 22 22 39 0 0 0 0 0 0 0 0 0 0 0 0 0 0 0 0 0 0 0 0 1 0 0 0 0 0 0 0 0 0 0 0 0 0 0 0 0 2 0 0 0 0 0 0 0 0 0 0 0 0 0 0 0 0 0 0 0 0 0 18 0 0 2 0 0 4 30 0 0 8 63 10 25 24 0 0 16 76 9 35 0 0 0 1 0 0 0 2 0 9 1 0 0 0 0 0 0 0 0 4 0 0 0 0 0 0 0 0 0 0 0 1 0 0 0 0 0 16 0 0 0 0 0 0 0 0 0 0 0 0 0 1 0 2 0 17 0 0 0 0 0 0 0 0 0 0 0 0 134 1 1 0 0 0 19 0 0 0 0 0 0 0 0 0 18 0 0 0 0 0 0 0 0 0 0 0 0 26 0 0 0 0 0 0 0 0 0 0 0 0 0 0 
 27 37 436 438 38 55 25 55 306 119 419 74 27 12 30 307 618 0 51 127 0 3 4 0 0 2 0 0 0 0 0 4 0 0 2 0 0 2 0 0 0 0 0 2 0 1 2 0 2 0 0 0 0 0 0 0 0 0 0 0 0 4 0 0 0 0 0 51 0 3 0 0 0 1 10 0 1 0 0 0 0 0 4 34 30 104 0 0 12 33 53 52 0 0 0 26 47 33 0 0 0 0 0 1 0 0 0 0 0 0 0 0 26 0 0 0 0 0 0 0 0 0 0 0 0 0 0 0 0 0 0 0 0 0 0 0 0 0 0 0 0 0 0 0 0 0 0 0 2 0 0 0 0 0 2 0 0 0 0 0 0 0 0 44 15 3 0 15 13 21 28 46 0 0 3 53 33 41 0 0 5 0 0 0 0 0 0 0 0 0 0 0 0 0 0 0 0 0 10 0 0 0 0 0 0 0 2 0 0 5 0 0 0 0 0 0 0 0 0 0 0 0 0 0 0 0 0 0 3 0 0 0 0 0 0 0 0 0 0 0 0 2 0 0 0 4 224 1 0 214 0 2 0 0 0 0 0 0 0 0 0 0 9 0 0 0 0 0 0 0 0 0 0 0 0 20 14 0 0 0 0 0 0 0 0 0 0 0 0 0 
 55 113 35 74 73 56 60 45 55 72 54 123 475 90 67 123 252 51 0 312 0 5 0 0 0 0 2 0 0 0 0 2 0 0 0 0 0 96 76 0 1 0 0 2 0 0 0 1 2 0 0 0 0 0 0 0 0 0 0 0 0 0 0 0 0 0 0 0 0 0 0 0 43 3 3 50 0 0 0 31 15 0 0 0 0 0 40 3 0 0 0 0 20 17 2 0 1 0 43 33 0 0 0 0 0 0 0 0 0 0 1 0 0 0 0 0 0 0 0 0 0 0 1 12 0 0 0 0 0 0 0 2 0 0 0 0 0 0 0 0 0 0 0 0 0 0 4 0 0 0 0 0 0 0 0 0 0 0 1 24 16 0 0 0 0 0 61 0 0 0 5 0 19 27 4 0 0 0 37 18 0 0 0 0 1 0 0 0 0 0 0 3 0 0 0 9 0 0 0 13 0 0 0 0 0 0 0 0 0 0 0 0 0 0 0 0 0 0 0 0 0 0 12 0 0 15 0 0 0 0 0 0 0 0 0 0 0 0 0 14 0 0 0 0 0 1 3 0 0 0 0 2 0 0 0 0 0 0 0 0 0 0 0 0 0 0 0 0 0 2 0 0 0 0 0 14 0 0 0 0 0 0 0 0 0 15 0 0 0 0 
 241 141 50 267 84 155 315 289 67 54 140 32 566 472 92 59 27 127 312 0 74 3 0 0 0 0 0 0 0 0 0 4 0 0 0 0 0 0 0 0 0 0 0 2 0 0 1 0 2 0 0 0 0 0 0 0 0 0 0 0 0 0 3 0 41 0 0 0 0 0 0 0 0 3 3 0 0 0 42 0 40 12 0 0 0 0 27 43 0 1 1 0 11 25 39 20 8 0 9 8 0 1 0 0 44 0 0 0 0 0 0 0 0 0 0 0 0 0 0 0 0 0 0 0 0 0 0 0 0 0 0 0 0 0 0 16 0 0 0 0 0 0 0 0 0 0 1 0 0 0 0 0 0 0 0 0 9 0 0 0 14 20 0 0 0 0 22 10 0 0 0 0 29 40 7 1 14 0 11 36 0 0 0 0 0 0 0 0 0 0 0 0 0 0 0 0 0 0 0 0 0 0 0 0 0 0 0 0 0 0 0 0 22 0 13 0 10 0 0 0 0 0 0 0 0 0 0 0 0 0 0 0 0 2 0 0 0 0 0 0 0 0 0 0 0 0 3 0 2 0 0 2 0 0 0 0 0 0 0 0 0 0 0 0 0 0 0 0 0 0 0 0 0 0 0 0 0 0 0 0 0 0 0 0 0 0 0 0 0 0 
 0 0 0 0 0 0 201 3 0 0 0 0 0 0 0 0 0 0 0 74 0 69 77 49 40 46 415 381 261 120 38 224 73 138 575 41 26 26 249 77 3 3 0 2 3 0 5 0 5 0 0 0 3 0 3 0 4 0 0 2 2 0 3 0 0 0 0 0 3 3 0 0 0 0 3 0 0 3 3 0 0 0 0 0 0 1 0 0 0 0 0 0 0 0 0 0 0 0 0 0 18 108 52 2 2 0 34 19 36 40 0 0 1 100 25 16 75 7 12 19 0 0 0 0 0 10 0 0 0 0 0 0 0 0 0 0 0 0 0 1 4 1 0 0 0 0 0 0 0 0 0 1 0 0 0 0 1 0 0 0 0 1 0 0 0 0 0 0 0 6 0 0 0 0 0 0 0 0 0 0 31 51 19 1 0 0 21 45 24 0 0 0 0 30 64 43 72 14 0 1 0 0 0 0 1 0 0 0 0 0 0 2 0 0 0 0 0 0 0 0 0 2 0 0 0 0 0 0 0 0 2 0 0 0 0 0 0 8 0 0 0 0 0 0 0 0 0 0 0 0 2 0 0 0 13 2 0 0 0 0 2 0 0 0 0 0 2 0 0 0 0 0 0 0 0 0 0 0 0 0 0 0 0 0 0 0 0 0 0 0 
 3 3 3 3 3 3 8 3 3 2 3 3 3 3 3 3 3 3 5 3 69 0 426 92 56 51 177 431 484 57 18 22 42 42 598 360 568 56 28 129 3 3 2 0 3 0 0 9 5 0 2 0 2 2 0 0 0 0 0 2 3 2 5 4 0 1 2 2 2 3 2 0 2 0 4 0 1 3 15 1 0 0 0 0 0 0 0 0 0 0 0 0 0 0 0 0 0 0 0 0 1 47 58 24 0 0 0 0 47 36 14 8 0 21 59 83 20 6 0 1 0 0 0 0 0 0 0 0 0 3 0 0 0 0 0 0 0 0 0 0 1 0 0 0 0 0 0 0 0 0 0 0 0 0 0 0 0 0 0 0 0 0 0 0 0 0 0 0 0 3 0 0 0 0 0 0 0 0 0 0 0 32 17 30 0 0 0 0 25 34 60 47 0 0 68 20 42 39 0 0 0 0 0 0 0 0 0 0 0 0 0 0 0 0 0 0 0 1 0 0 0 0 0 0 2 0 0 0 0 0 0 0 0 0 0 0 0 1 0 0 0 0 0 0 0 0 1 0 0 0 0 0 0 0 3 0 0 0 0 2 0 10 0 0 0 0 8 0 0 0 0 0 0 0 0 0 0 0 0 0 0 18 0 0 0 0 0 0 0 0 
 0 1 3 0 0 0 75 0 0 0 0 0 1 0 0 0 2 4 0 0 77 426 0 596 39 120 85 115 199 411 42 46 81 66 272 202 195 357 39 38 0 3 0 0 3 1 0 8 2 20 0 0 1 0 0 0 0 0 0 2 3 0 0 8 0 0 0 0 0 3 0 0 0 0 59 0 0 3 51 0 0 0 0 0 0 0 0 0 1 0 0 0 0 0 0 0 0 0 0 0 0 0 68 42 10 12 0 0 33 12 22 22 2 0 18 39 17 0 0 1 0 0 0 0 0 0 0 9 0 0 0 0 0 0 0 0 0 0 20 0 0 0 0 0 2 0 6 0 0 0 0 0 0 0 0 0 0 0 0 2 2 0 0 0 0 0 0 0 0 0 0 0 0 0 1 0 0 0 0 0 0 0 23 48 28 15 0 0 19 66 52 54 0 0 0 13 12 56 0 0 0 0 0 0 0 0 0 18 0 0 0 0 0 0 0 0 0 2 9 0 0 0 0 0 0 0 0 0 0 0 0 0 0 2 0 1 0 0 0 2 0 0 1 0 0 0 0 0 0 0 0 0 0 0 9 2 0 6 5 0 1 11 0 0 0 0 13 0 0 0 0 1 0 0 0 0 0 0 0 0 0 27 0 0 0 0 19 0 0 2 
 73 2 0 0 0 1 2 3 0 2 0 0 0 0 1 0 0 0 0 0 49 92 596 0 95 53 76 149 195 572 130 267 271 87 156 138 116 483 86 84 0 3 1 0 7 0 0 4 0 36 0 0 2 0 0 4 0 0 1 2 2 0 0 8 0 4 0 0 0 4 0 0 6 0 3 0 0 3 62 0 0 0 0 0 0 0 0 0 0 0 0 0 0 0 0 15 0 0 0 0 0 10 0 12 26 25 0 0 14 16 9 90 0 0 0 14 33 10 0 0 0 0 0 0 0 0 0 0 0 0 0 0 0 0 0 0 0 0 11 46 3 0 0 0 0 13 0 0 0 0 0 0 0 0 0 0 0 0 0 0 0 0 0 0 21 0 0 0 0 0 0 0 9 0 0 0 0 0 0 0 0 0 8 0 31 9 0 6 15 1 32 25 0 0 15 0 10 30 0 7 0 0 0 0 0 0 0 0 0 23 0 0 0 0 0 0 0 9 0 0 0 0 0 0 0 0 0 0 0 0 0 0 0 0 0 0 0 0 0 8 0 0 17 0 0 0 0 0 0 0 0 0 0 0 12 0 4 8 17 0 11 32 0 0 0 0 1 0 0 0 0 0 0 0 0 0 0 0 0 0 0 14 0 0 0 0 18 0 0 0 
 0 2 29 0 0 0 3 2 0 0 0 0 0 2 1 0 0 0 0 0 40 56 39 95 0 223 137 498 88 89 103 277 308 108 79 61 90 37 66 89 0 3 0 0 3 3 0 0 0 0 0 0 0 0 4 0 0 0 6 3 2 0 0 0 56 6 0 0 0 3 0 28 8 0 3 0 0 3 0 0 0 0 0 0 0 0 0 0 0 0 0 0 0 0 0 0 0 0 0 0 0 0 0 0 13 12 4 0 0 0 1 1 0 0 0 0 0 1 0 17 4 0 0 0 0 0 15 2 0 0 0 0 22 1 0 0 0 0 12 43 0 0 3 0 0 0 0 0 3 0 0 0 0 0 0 0 0 0 0 0 0 0 0 0 0 0 0 0 0 0 18 0 0 0 0 0 0 0 0 0 0 0 0 0 25 23 0 0 0 0 0 0 0 0 0 0 8 0 0 0 0 0 0 0 0 0 1 0 0 0 0 0 29 1 8 0 1 0 0 32 17 0 0 0 0 0 0 0 0 0 0 0 0 0 0 0 0 0 0 0 0 0 32 0 0 0 0 0 0 0 0 0 0 0 7 0 1 9 3 2 13 0 0 0 0 0 0 0 0 0 0 0 0 0 0 0 0 0 0 0 0 0 0 0 0 0 0 0 0 5 
 0 0 0 1 0 0 0 0 0 1 0 0 0 0 0 0 0 2 0 0 46 51 120 53 223 0 37 103 135 158 88 65 45 163 139 146 151 66 44 135 0 3 0 0 3 0 0 0 0 0 0 0 2 0 0 0 0 0 123 2 2 0 0 0 0 0 0 0 0 3 0 0 0 0 3 0 0 3 8 0 0 0 0 0 0 0 0 1 0 0 0 0 0 0 0 0 0 0 0 0 0 0 9 3 1 14 0 0 3 10 0 1 0 0 21 28 10 0 0 0 27 0 0 0 0 0 39 11 0 0 0 10 28 0 1 0 0 0 28 2 0 1 11 0 0 1 0 0 1 0 0 1 0 0 0 0 0 0 0 0 0 0 0 0 0 0 0 0 0 0 0 0 0 0 0 0 0 0 0 0 0 16 5 21 1 19 0 1 0 12 11 19 0 0 12 14 0 10 0 0 1 0 0 0 0 0 29 1 0 0 0 0 35 2 11 0 0 0 32 6 0 0 0 0 0 2 0 0 0 0 0 0 0 0 0 0 0 0 0 0 0 0 0 0 0 0 1 0 0 0 0 0 0 0 17 1 1 6 0 0 19 0 0 0 0 0 4 0 0 0 0 0 0 0 0 0 0 0 0 0 0 0 0 0 0 0 0 0 0 0 
 0 0 81 0 0 0 3 75 0 0 0 0 0 0 0 78 0 0 2 0 415 177 85 76 137 37 0 312 282 76 40 44 399 320 44 33 42 39 43 299 0 5 0 5 5 54 7 0 0 0 0 3 63 0 0 0 0 0 0 2 2 0 0 0 0 0 1 3 28 3 0 0 0 0 5 0 0 3 2 0 0 0 1 0 0 0 0 0 0 0 0 0 0 0 0 0 2 2 0 0 41 27 1 1 0 0 38 29 1 0 0 0 24 75 25 0 20 0 26 19 0 0 0 0 0 0 0 0 0 0 0 0 0 0 0 0 0 0 0 0 2 0 0 0 0 0 0 0 0 0 0 0 0 0 0 3 9 0 0 0 0 0 0 0 0 0 0 0 0 5 0 0 0 0 0 0 0 0 0 0 68 25 18 1 0 0 51 44 23 0 0 0 10 23 11 32 38 0 0 18 0 0 0 0 0 0 0 0 1 0 0 0 0 0 0 0 14 0 0 0 0 0 0 0 2 0 0 0 0 0 0 1 0 0 0 0 0 0 0 0 0 0 0 0 0 2 0 0 0 0 0 0 0 0 5 0 0 0 2 2 0 0 2 0 0 0 0 0 0 0 0 2 0 0 0 0 0 0 0 0 0 0 0 0 0 0 0 0 0 0 
 0 2 0 0 1 0 2 0 0 0 1 0 0 0 0 0 76 0 0 0 381 431 115 149 498 103 312 0 288 23 41 31 319 530 171 38 64 236 31 51 0 3 0 3 67 0 0 0 9 0 0 0 1 0 2 0 6 0 0 2 0 2 0 0 2 0 8 2 0 4 0 0 0 54 3 0 0 0 9 0 0 10 0 0 0 0 0 0 0 0 0 0 0 0 0 0 8 0 0 0 0 22 44 27 1 0 0 0 43 35 20 7 0 9 47 46 27 27 1 0 0 0 0 0 1 0 0 0 0 0 0 0 0 0 0 0 0 0 0 0 2 0 0 0 0 0 0 1 0 0 0 0 0 0 0 0 0 0 0 0 0 0 0 0 0 0 0 0 0 7 0 0 0 0 0 0 0 0 0 0 40 40 24 21 1 1 0 27 0 25 18 0 0 0 52 44 63 48 0 1 0 0 0 0 0 0 0 0 0 3 0 0 0 0 0 0 0 0 0 0 0 0 0 0 0 0 0 0 0 0 0 0 0 0 0 2 0 0 0 0 0 0 0 0 0 75 0 0 0 0 0 0 0 0 6 0 2 0 0 4 2 9 0 0 0 0 9 0 0 0 0 0 0 0 0 0 0 0 0 0 0 7 0 0 0 0 0 0 0 0 
 0 3 2 7 2 2 3 0 0 110 0 0 0 0 0 5 0 0 0 0 261 484 199 195 88 135 282 288 0 429 46 56 103 124 115 286 151 569 63 66 0 3 0 2 3 4 0 7 3 42 0 0 1 0 0 0 4 6 0 2 3 0 0 2 0 4 6 33 0 3 0 0 0 0 3 0 0 3 8 0 14 0 0 0 0 0 0 0 0 0 1 0 0 0 0 0 0 0 0 0 1 1 32 37 10 12 1 0 25 12 18 25 0 1 24 34 19 0 0 1 0 0 2 0 0 0 0 0 0 0 0 0 0 0 0 0 0 0 0 0 1 0 0 0 0 0 0 0 0 0 0 0 0 0 0 0 0 0 0 0 0 0 0 0 0 0 0 0 2 0 0 0 0 0 12 0 9 0 0 0 1 1 21 19 25 15 0 1 12 67 54 53 0 15 1 13 9 38 0 0 0 0 0 0 0 0 0 0 0 0 0 0 0 0 1 0 0 0 0 0 0 0 0 0 0 0 2 0 0 0 0 0 0 10 1 0 2 0 0 1 0 0 1 0 0 2 0 0 0 0 0 0 0 0 11 1 2 2 2 1 2 10 13 0 0 0 7 0 0 0 0 0 0 0 0 0 0 0 0 0 0 23 0 0 0 0 15 0 0 0 
 0 0 2 0 0 0 3 0 0 0 0 0 0 75 0 2 0 0 0 0 120 57 411 572 89 158 76 23 429 0 495 58 258 84 94 404 795 324 79 90 0 3 0 0 3 0 0 9 0 12 0 0 2 0 0 4 0 0 0 2 2 0 0 8 1 3 61 0 0 3 0 0 9 0 3 0 0 3 1 0 0 0 0 2 0 0 0 0 0 0 0 0 1 0 2 0 7 0 0 0 0 0 11 20 19 35 0 0 22 0 60 46 0 0 0 28 11 41 0 0 0 0 0 0 0 0 0 0 0 0 0 0 0 0 0 0 0 0 14 5 0 0 0 0 0 0 0 0 0 0 0 0 0 0 0 0 0 0 0 0 0 0 0 0 0 0 0 0 0 0 0 0 0 0 0 0 0 0 0 0 0 0 24 39 22 11 0 0 45 36 47 72 0 0 0 1 13 25 0 0 0 1 1 0 0 0 0 0 0 0 0 20 0 0 0 0 1 0 0 0 0 0 0 2 0 0 0 0 0 0 0 0 0 0 0 0 1 0 0 0 0 0 13 0 0 2 0 0 0 0 0 0 0 0 17 0 2 173 175 1 2 14 0 0 0 0 1 0 0 0 0 0 0 0 0 0 0 0 0 0 0 16 0 0 1 0 18 0 0 0 
 0 2 0 0 0 72 0 0 0 0 0 26 0 0 0 3 0 0 0 0 38 18 42 130 103 88 40 41 46 495 0 364 23 34 71 81 107 339 247 76 29 3 0 0 3 0 0 4 0 14 0 3 4 3 0 6 0 0 0 2 2 0 0 6 0 6 0 0 0 4 0 0 10 0 3 0 0 3 0 0 0 0 0 0 0 0 0 0 0 0 0 0 0 0 0 0 0 12 0 0 0 0 12 0 59 40 0 0 0 0 7 48 0 0 0 0 20 30 1 0 0 0 0 0 1 0 0 0 0 0 0 0 0 0 0 0 0 0 32 91 0 0 0 0 0 0 0 0 0 2 0 0 0 2 0 0 0 4 0 0 0 0 0 0 0 0 0 0 0 0 8 0 23 0 0 0 0 0 0 0 0 0 0 8 39 24 0 0 0 12 55 23 0 0 0 0 0 13 0 0 0 0 0 0 0 0 1 0 0 1 0 0 0 0 0 0 0 0 0 0 0 0 0 0 0 0 0 0 0 0 0 0 0 0 0 0 0 0 0 0 0 0 5 0 0 0 0 0 0 0 0 0 0 0 16 2 0 14 65 2 11 2 0 0 0 0 0 0 0 0 0 0 0 0 0 0 0 0 0 0 0 0 0 0 0 0 18 0 0 0 
 2 2 77 2 2 2 5 4 2 0 2 4 4 2 2 2 2 4 2 4 224 22 46 267 277 65 44 31 56 58 364 0 244 344 40 51 154 193 428 273 3 3 0 0 3 1 0 0 0 3 0 0 2 0 0 2 0 0 3 2 3 0 21 0 0 5 0 0 0 3 0 3 4 0 3 0 0 3 0 0 0 0 0 6 0 0 0 0 0 0 0 0 0 0 0 0 0 0 0 0 0 0 0 0 28 17 0 0 0 0 7 33 0 0 0 0 0 37 0 0 0 1 0 2 0 0 1 0 0 0 0 0 4 0 2 0 0 0 23 45 0 0 0 0 0 0 1 0 0 17 0 0 0 3 0 0 0 5 0 0 0 0 0 0 0 0 0 0 0 0 0 0 0 0 0 0 0 0 0 0 16 0 0 15 11 24 0 0 0 0 2 0 20 0 0 0 0 0 0 0 1 0 0 0 0 0 0 1 0 0 0 0 18 0 0 0 0 0 13 0 0 1 0 0 0 0 0 0 5 9 0 0 0 0 0 0 0 0 0 0 0 0 10 0 0 0 0 0 0 0 0 0 0 0 6 2 0 151 154 0 7 0 0 0 0 0 0 0 0 0 0 0 0 0 0 0 0 0 0 0 0 0 0 0 0 0 0 0 0 0 
 0 2 0 0 1 0 0 2 0 0 0 0 1 2 1 2 0 0 0 0 73 42 81 271 308 45 399 319 103 258 23 244 0 82 35 22 523 36 630 360 0 3 0 25 3 1 3 0 0 0 0 4 58 0 0 0 1 0 1 3 2 0 0 0 1 0 0 0 0 3 0 1 0 0 3 0 0 3 0 0 0 0 0 0 0 0 0 0 0 0 0 0 0 0 0 0 0 0 0 0 41 33 0 0 0 0 90 49 0 0 0 0 29 75 11 0 7 0 27 39 0 0 0 0 0 0 0 0 0 0 0 0 0 0 0 0 0 0 0 0 0 0 0 0 0 0 0 0 0 0 0 0 0 0 0 27 0 0 0 60 0 0 0 0 0 0 0 0 0 0 0 0 0 0 0 0 0 0 0 0 13 0 2 0 0 0 35 31 34 0 0 0 28 42 0 10 0 0 8 26 0 0 0 0 0 0 0 0 0 0 0 0 0 0 0 0 0 0 0 0 0 0 0 0 0 0 0 0 0 26 0 0 0 0 0 0 0 0 0 0 0 0 0 0 0 0 0 0 0 0 0 0 0 0 2 0 3 0 0 1 0 0 0 0 0 0 0 0 0 0 0 0 0 0 0 0 0 0 0 0 0 0 0 0 0 0 0 0 0 0 
 0 0 0 0 0 0 3 2 0 0 0 0 74 0 0 3 0 0 0 0 138 42 66 87 108 163 320 530 124 84 34 344 82 0 430 28 124 123 311 123 0 3 0 0 3 0 0 2 28 0 3 0 1 0 0 0 0 2 1 2 2 0 0 0 4 0 0 7 3 3 0 0 0 0 3 0 0 3 2 0 0 0 0 0 0 0 0 0 0 0 2 0 0 0 0 0 0 0 0 0 13 28 9 0 0 0 29 13 0 32 0 0 0 55 15 22 27 2 1 14 0 0 1 0 0 0 0 0 0 0 0 11 0 0 0 0 0 0 0 14 2 0 0 0 0 0 0 0 0 0 0 0 0 4 0 0 0 0 0 0 0 0 0 0 0 0 0 0 1 13 0 11 2 0 0 0 0 0 0 0 38 37 14 0 0 0 18 50 15 0 1 0 1 20 40 18 20 0 1 0 0 0 0 0 0 0 2 0 0 0 0 0 0 0 2 0 0 0 0 0 0 0 0 0 0 0 1 0 0 0 0 0 0 0 0 0 0 0 0 0 0 0 0 0 0 0 0 0 0 0 0 0 0 0 4 0 0 0 1 2 4 0 0 0 0 0 0 0 0 0 0 0 0 0 0 0 0 0 0 0 0 0 0 0 0 0 0 0 0 0 
 0 0 0 0 0 0 3 2 70 0 0 2 0 0 0 3 0 2 0 0 575 598 272 156 79 139 44 171 115 94 71 40 35 430 0 86 61 58 60 138 0 3 0 0 3 6 0 0 9 0 0 2 8 0 0 0 3 0 2 2 2 0 0 0 2 0 0 0 0 3 0 2 0 0 3 1 0 3 11 0 0 0 0 0 0 0 0 0 0 2 0 0 0 0 0 0 0 0 0 0 1 16 29 26 0 0 0 1 43 75 19 11 0 7 59 35 22 5 1 1 0 0 0 0 5 2 0 3 0 0 0 0 0 0 0 0 1 0 0 0 8 0 0 0 0 0 0 0 0 0 0 0 2 0 0 0 11 0 0 0 0 0 0 0 0 0 0 0 0 4 0 2 0 0 0 0 0 0 0 0 43 48 24 20 1 0 1 27 5 25 14 5 0 12 36 49 42 28 0 0 0 0 0 6 0 0 1 0 0 0 0 0 0 0 0 0 0 0 0 0 0 0 0 0 0 0 0 0 2 0 0 0 8 0 0 0 0 0 0 0 0 0 0 0 0 0 0 0 0 0 0 0 0 0 13 1 0 0 0 1 2 15 0 0 0 0 9 0 0 0 0 0 0 0 0 0 0 0 0 0 0 14 0 2 0 0 0 0 0 0 
 0 3 0 0 0 0 0 0 206 0 0 0 0 0 0 0 0 0 0 0 41 360 202 138 61 146 33 38 286 404 81 51 22 28 86 0 221 352 37 55 3 3 3 2 3 0 2 7 1 7 0 0 2 0 3 0 2 0 0 3 3 0 1 7 0 0 0 0 1 3 0 0 48 0 5 0 0 3 8 0 0 0 0 1 0 0 0 0 0 0 0 0 0 0 2 0 25 0 0 0 2 0 27 29 10 10 0 0 30 15 19 48 0 2 20 44 32 14 0 0 0 0 0 0 17 9 0 0 0 0 0 0 0 0 0 0 0 0 10 0 0 0 2 0 0 0 0 11 0 0 0 0 0 0 0 0 0 0 0 0 0 0 1 0 0 0 0 0 0 9 0 0 0 0 0 0 0 0 0 0 0 0 22 39 30 11 0 0 21 57 51 56 0 0 0 14 20 28 0 0 0 0 2 0 0 0 0 0 0 0 0 0 0 0 0 0 0 0 0 0 0 0 0 1 0 0 0 0 0 0 0 0 0 0 0 0 0 0 0 0 0 0 1 0 0 74 0 0 0 0 0 0 0 0 3 0 1 3 2 0 2 7 0 0 0 0 9 0 0 0 0 0 0 0 0 0 0 0 0 0 0 12 0 0 0 0 20 0 0 0 
 0 0 1 0 0 76 2 0 0 0 1 0 2 0 0 0 0 0 0 0 26 568 195 116 90 151 42 64 151 795 107 154 523 124 61 221 0 586 27 57 0 3 0 0 3 2 0 7 7 8 0 0 1 4 3 2 0 0 0 2 4 0 2 12 2 0 0 0 3 6 0 0 0 1 6 7 0 3 14 0 0 0 0 0 0 0 0 0 0 0 0 0 0 0 0 1 0 0 0 0 0 0 50 50 9 12 0 0 66 16 21 16 0 0 13 41 51 6 0 0 0 0 0 0 0 0 0 0 0 0 0 0 0 0 0 0 0 0 1 0 0 0 0 0 0 0 0 0 0 0 0 0 0 0 0 0 0 0 0 0 0 0 0 0 0 0 0 0 0 0 0 0 0 0 0 0 0 0 0 0 0 15 52 32 29 11 0 0 24 81 62 45 0 0 2 15 20 61 0 0 0 1 0 0 0 0 0 0 0 0 0 3 0 0 0 0 0 0 0 0 0 0 0 0 0 0 0 0 0 15 0 0 0 0 0 0 0 0 0 0 0 0 0 0 0 0 0 0 0 0 0 0 7 0 1 2 1 0 1 0 3 6 0 0 0 1 21 0 0 0 0 0 0 0 0 3 0 0 0 0 0 13 0 0 0 0 13 0 1 0 
 0 0 0 1 0 0 2 0 74 1 0 0 0 3 0 55 2 2 96 0 26 56 357 483 37 66 39 236 569 324 339 193 36 123 58 352 586 0 15 34 0 3 0 0 3 0 0 31 0 7 0 0 2 0 0 1 4 0 0 2 2 0 0 7 0 0 0 0 0 3 0 2 2 0 3 34 0 3 1 1 0 0 0 0 0 0 0 0 1 0 0 0 0 0 0 0 0 0 0 0 6 0 15 8 18 23 0 0 12 0 8 31 0 0 1 30 9 48 0 2 0 0 0 0 0 0 0 0 13 0 0 0 0 0 0 0 0 0 10 1 0 0 0 13 0 0 0 0 20 0 0 0 0 0 0 0 0 3 0 2 2 0 0 0 0 0 0 0 0 0 0 0 0 0 0 0 0 0 0 0 0 0 15 51 34 11 0 7 22 32 47 71 0 0 0 1 9 23 0 1 0 0 0 0 0 0 29 6 0 0 0 0 0 0 0 0 0 2 0 0 0 0 0 0 0 7 0 0 0 1 0 0 0 2 0 0 0 0 0 3 0 0 7 0 0 0 0 0 0 0 0 0 0 0 6 0 3 149 150 0 0 0 0 0 0 0 2 0 0 0 0 1 0 0 0 0 0 0 0 0 0 31 0 0 0 0 6 0 0 2 
 0 0 3 0 73 228 0 3 0 0 5 0 0 0 0 2 2 0 76 0 249 28 39 86 66 44 43 31 63 79 247 428 630 311 60 37 27 15 0 363 0 6 0 0 6 204 2 0 0 0 9 24 138 0 0 0 0 0 1 4 3 0 0 0 2 0 1 0 3 5 0 0 0 0 3 0 0 5 0 1 0 0 0 0 0 0 0 0 0 0 1 0 0 0 0 0 0 0 0 0 36 0 0 0 0 0 54 24 0 0 0 0 40 0 15 1 0 1 27 22 0 0 2 0 0 0 0 0 0 0 0 0 0 0 0 0 2 0 0 0 2 0 0 0 0 0 0 0 0 0 0 0 0 0 0 7 0 0 3 0 0 0 2 0 27 12 2 0 2 0 0 0 1 0 0 2 0 0 0 0 12 0 0 0 16 0 30 16 1 0 0 0 99 33 0 0 0 0 27 64 0 1 0 0 0 0 0 0 0 9 0 0 0 0 1 0 0 0 0 0 0 0 3 0 0 0 0 0 0 0 0 0 0 0 0 0 0 0 0 0 0 0 0 0 0 2 0 0 0 0 0 0 0 0 4 1 2 0 0 1 0 0 0 0 0 0 0 0 0 0 0 0 0 0 0 0 0 0 0 0 0 0 0 0 0 24 0 0 0 0 
 0 0 3 0 0 0 3 0 0 0 0 1 0 0 0 0 0 0 0 0 77 129 38 84 89 135 299 51 66 90 76 273 360 123 138 55 57 34 363 0 0 3 0 0 3 3 2 0 202 0 1 68 19 0 0 0 0 0 0 2 2 0 0 0 0 0 0 1 0 3 0 0 0 0 3 0 0 3 3 0 0 0 0 0 0 2 0 0 0 0 9 0 0 0 0 0 0 0 0 0 30 17 0 0 0 0 37 26 0 1 0 0 41 50 10 0 0 0 15 19 0 0 11 0 0 0 0 0 0 0 0 0 2 0 0 0 0 0 0 0 0 2 0 0 0 0 0 0 0 0 0 2 0 0 0 6 0 0 0 0 0 2 0 0 0 0 0 4 0 0 0 0 1 0 0 0 2 0 0 3 3 3 0 12 0 0 29 21 25 0 0 0 11 26 0 0 0 1 0 2 0 0 0 0 2 3 0 0 0 0 0 0 0 0 0 0 0 0 0 0 0 0 0 0 0 0 0 0 0 0 10 0 0 0 0 8 0 0 0 0 0 0 0 0 0 0 0 0 0 0 0 10 0 0 13 0 0 0 0 3 2 2 0 0 0 0 0 0 0 0 0 0 0 0 0 0 0 0 0 0 0 0 0 0 9 0 0 0 0 0 
 1 0 0 1 0 41 7 2 2 3 0 34 0 0 2 1 1 0 1 0 3 3 0 0 0 0 0 0 0 0 29 3 0 0 0 3 0 0 0 0 0 83 74 51 32 34 203 314 252 22 259 26 58 108 288 24 48 35 72 168 0 0 0 0 4 0 0 0 0 1 7 0 0 0 0 76 0 0 0 0 0 0 0 0 0 0 0 0 0 0 0 0 0 0 0 0 0 0 0 0 0 0 0 0 0 0 0 7 0 0 0 0 0 0 0 0 0 0 0 0 0 21 21 0 0 0 8 20 33 7 0 0 0 42 25 6 20 9 0 0 0 0 0 0 0 0 0 14 3 0 0 0 5 0 0 0 0 0 0 0 0 0 0 0 2 0 0 0 0 0 13 0 0 0 0 0 0 0 0 0 0 0 0 0 0 0 0 0 0 0 0 0 0 0 0 0 0 0 0 0 22 47 30 8 0 0 0 20 19 0 0 0 0 23 22 41 4 0 0 0 24 0 0 0 0 0 0 0 0 0 0 0 0 0 0 0 0 0 0 0 0 0 0 0 0 0 0 0 0 0 0 0 0 0 0 0 0 0 0 0 0 0 0 0 2 3 2 0 2 0 0 0 0 0 0 0 0 0 0 0 0 0 0 0 0 13 0 0 2 5 
 0 0 3 0 0 0 0 0 0 0 0 0 0 0 0 0 0 0 0 0 3 3 3 3 3 3 5 3 3 3 3 3 3 3 3 3 3 3 6 3 83 0 288 65 57 82 101 371 202 67 31 42 48 62 307 258 252 47 29 38 0 0 0 0 0 0 0 0 0 0 2 0 0 2 3 7 6 0 0 0 0 0 0 0 0 0 0 0 0 0 0 0 0 0 0 0 0 0 0 0 29 0 0 0 0 0 0 0 0 0 0 0 0 0 0 0 0 0 0 0 0 10 60 16 0 1 0 2 3 26 34 5 2 3 30 4 70 48 0 0 0 0 0 0 0 0 0 6 0 0 0 0 0 0 0 0 0 0 0 0 0 0 0 0 0 0 0 0 0 0 0 9 0 31 0 0 0 0 0 0 0 0 0 0 0 0 0 0 0 0 0 0 0 0 0 0 0 0 0 0 3 13 27 59 0 0 0 15 26 15 34 1 0 4 2 35 7 37 11 5 0 0 0 0 0 0 0 0 0 0 0 0 0 0 0 0 0 0 1 0 0 0 10 0 0 0 0 0 23 0 0 8 0 0 0 0 0 0 0 10 16 0 0 0 0 7 0 0 0 0 0 0 0 0 0 0 0 0 0 0 0 0 0 0 9 37 0 0 2 0 
 7 0 0 0 0 0 0 36 0 0 66 0 0 0 0 0 0 0 0 0 0 2 0 1 0 0 0 0 0 0 0 0 0 0 0 3 0 0 0 0 74 288 0 98 38 99 98 115 165 252 262 54 75 52 74 183 161 219 57 96 0 0 0 0 0 0 2 0 0 0 0 0 5 0 0 0 2 23 4 5 15 0 0 0 0 0 0 0 0 0 0 0 0 0 0 0 0 0 0 0 0 0 0 0 0 0 0 0 0 6 0 0 0 0 0 0 0 0 0 0 0 35 18 13 0 17 0 0 1 27 51 39 0 0 0 10 17 19 0 0 4 2 1 0 0 0 8 5 0 0 0 0 7 4 0 0 0 12 1 0 0 4 0 0 4 0 0 0 0 0 0 13 0 6 0 0 0 1 0 0 0 0 0 0 0 0 0 0 0 3 0 0 0 0 0 0 0 0 0 0 0 0 12 32 10 12 0 0 10 27 37 0 0 0 0 0 43 55 0 0 0 0 2 9 14 0 1 0 2 0 0 0 1 3 6 0 0 0 13 7 0 4 16 0 0 0 0 0 0 0 0 15 0 2 0 0 0 0 0 12 0 0 1 1 0 11 2 1 0 0 21 0 0 0 0 0 0 0 0 0 0 0 0 0 19 6 0 0 1 0 
 2 2 2 2 2 2 5 2 2 0 7 2 2 2 2 2 2 2 2 2 2 0 0 0 0 0 5 3 2 0 0 0 25 0 0 2 0 0 0 0 51 65 98 0 86 94 98 86 286 341 118 247 71 96 49 263 64 304 95 53 0 0 0 0 0 4 9 1 0 0 0 0 0 0 209 0 1 0 4 7 0 0 0 0 0 0 0 0 0 0 0 0 0 0 0 0 0 0 0 0 0 0 0 0 0 0 0 0 0 7 0 0 0 0 0 0 0 0 14 0 0 1 0 13 37 36 10 0 0 36 10 38 0 0 0 0 0 0 0 0 0 0 0 0 0 0 0 0 0 0 0 0 0 0 0 0 0 8 9 0 0 4 0 0 0 0 0 0 1 0 0 1 0 0 0 0 0 6 0 0 0 8 0 9 0 0 0 0 0 0 0 0 0 0 0 0 0 0 0 0 0 0 0 0 24 34 0 0 1 8 12 15 0 0 0 1 0 0 0 0 0 0 0 10 0 0 0 0 0 0 0 0 18 0 0 0 0 0 28 23 0 0 0 0 0 0 0 0 0 0 0 16 0 0 0 0 1 0 0 10 0 0 46 35 0 2 2 56 4 0 9 0 0 0 0 0 0 0 0 0 0 0 0 0 0 0 0 0 1 0 
 0 0 3 0 22 0 0 0 0 0 0 4 0 0 0 0 41 0 0 0 3 3 3 7 3 3 5 67 3 3 3 3 3 3 3 3 3 3 6 3 32 57 38 86 0 201 43 73 87 55 79 478 285 47 63 56 77 37 284 38 0 0 0 0 0 0 0 2 0 0 52 0 3 52 1 0 3 5 0 5 0 0 0 0 0 0 0 0 12 0 0 0 0 0 0 0 0 0 0 0 0 0 0 0 0 0 0 0 0 0 0 0 0 0 0 0 0 0 0 0 0 1 7 4 4 11 0 6 6 0 0 0 0 0 7 3 10 3 0 0 0 0 0 0 0 0 33 0 0 0 0 0 25 0 0 0 0 0 19 0 0 0 0 0 0 0 0 0 5 0 0 0 0 0 0 0 0 0 0 0 0 0 0 0 0 0 0 0 0 0 0 0 0 0 0 0 0 0 10 0 0 1 0 0 15 0 0 14 1 3 0 0 0 4 7 10 2 0 8 1 31 0 0 0 0 0 1 0 0 0 0 0 26 11 0 0 0 0 18 41 0 0 0 0 0 0 0 0 0 0 0 18 0 0 1 0 0 0 0 0 0 0 1 1 0 6 2 9 0 0 0 0 0 0 0 0 0 0 0 0 0 0 3 0 3 0 0 0 0 0 
 6 2 0 0 0 3 1 2 8 0 0 1 0 0 1 0 0 1 0 0 0 0 1 0 3 0 54 0 4 0 0 1 1 0 6 0 2 0 204 3 34 82 99 94 201 0 40 93 296 63 304 76 36 76 121 128 144 60 57 43 0 0 3 2 0 0 2 1 2 0 0 0 5 0 0 4 0 0 110 0 0 0 0 0 0 0 0 0 0 0 0 0 0 0 0 0 0 0 0 0 4 0 0 0 0 0 4 0 0 0 0 19 9 1 0 0 0 0 0 8 0 0 11 2 18 16 0 0 0 0 0 0 0 0 0 0 7 19 0 0 0 0 0 0 0 0 2 9 0 0 0 0 13 6 0 20 7 1 0 6 0 0 0 0 4 0 0 0 4 0 0 0 0 0 0 0 0 0 0 0 10 0 0 0 0 0 11 0 0 0 0 9 3 17 0 1 2 0 0 3 0 0 6 10 18 0 0 19 11 0 10 0 0 0 0 7 0 6 0 0 23 1 0 0 0 0 10 0 0 0 0 0 4 27 7 0 0 0 12 9 0 0 21 0 0 0 0 0 0 0 0 9 0 2 0 0 0 2 0 1 0 0 0 1 0 2 2 2 0 0 0 0 0 0 2 0 0 0 0 0 0 0 0 0 0 10 0 0 1 0 
 4 1 1 0 1 0 3 0 0 1 1 2 1 1 0 0 0 2 0 1 5 0 0 0 0 0 7 0 0 0 0 0 3 0 0 2 0 0 2 2 203 101 98 98 43 40 0 302 97 62 288 62 445 193 224 258 422 36 52 164 0 0 1 0 0 0 2 0 0 0 6 3 0 0 2 3 0 0 0 2 0 0 0 0 0 0 0 0 5 0 0 0 0 0 2 0 0 0 0 0 0 0 0 0 0 0 0 0 0 8 1 0 0 5 1 0 0 0 0 0 27 9 0 0 0 0 3 0 29 0 0 0 0 47 8 30 1 0 0 0 0 2 0 0 0 0 0 0 0 0 0 0 0 0 0 0 0 0 0 0 0 0 0 0 3 0 0 0 0 0 0 0 0 0 0 0 0 0 0 0 2 4 0 0 0 0 5 1 19 0 0 0 20 0 5 17 0 4 0 0 22 28 2 0 0 0 25 12 0 0 0 0 1 33 11 0 16 0 0 1 0 0 0 0 0 0 0 0 0 0 0 0 0 0 0 0 0 0 0 0 0 0 0 0 0 0 0 0 0 0 0 14 0 0 0 0 0 0 0 1 0 0 2 0 0 2 0 0 2 0 0 0 0 0 0 0 0 0 0 0 0 0 0 0 0 0 0 0 0 0 
 0 0 0 0 0 0 5 0 0 0 0 0 0 0 0 1 0 0 1 0 0 9 8 4 0 0 0 0 7 9 4 0 0 2 0 7 7 31 0 0 314 371 115 86 73 93 302 0 155 41 259 44 71 344 107 78 132 58 62 64 1 1 0 0 0 0 0 0 3 0 7 0 0 0 3 12 1 0 3 0 0 0 0 0 0 0 0 0 0 0 0 0 0 0 0 0 0 0 0 0 0 0 0 9 5 0 0 0 0 3 4 1 0 0 0 6 4 0 0 0 0 15 48 0 0 0 0 0 21 11 2 0 0 34 11 48 10 47 0 0 0 0 2 0 0 1 0 5 0 0 0 0 4 0 0 0 0 0 0 0 0 0 0 0 4 0 0 0 0 0 0 1 0 23 0 0 0 1 0 0 0 0 9 3 6 0 0 0 0 7 14 16 0 0 0 0 0 2 0 0 9 40 18 43 0 1 0 13 23 2 19 0 0 1 9 7 29 30 0 0 0 0 0 0 0 0 0 0 0 0 0 0 0 0 0 0 0 0 0 0 0 0 5 0 0 0 0 0 0 0 0 0 0 0 0 0 0 0 4 0 0 0 0 0 1 4 0 0 1 0 0 0 0 0 0 0 0 0 0 0 0 30 0 0 0 15 0 0 0 0 
 2 4 2 2 2 2 5 2 2 0 2 2 2 2 2 2 2 2 2 2 5 5 2 0 0 0 0 9 3 0 0 0 0 28 9 1 7 0 0 202 252 202 165 286 87 296 97 155 0 236 45 46 55 73 158 171 439 218 88 51 0 0 0 0 0 0 0 0 0 0 2 0 0 0 0 7 0 0 0 0 0 0 0 0 0 0 0 0 0 0 0 0 0 0 0 0 0 0 0 0 0 6 8 2 0 0 0 0 6 5 6 0 0 0 4 0 0 13 0 0 0 6 38 13 0 8 0 0 0 6 15 35 0 0 0 10 13 38 0 0 0 14 0 0 0 0 0 0 0 0 0 14 0 0 0 0 0 0 0 0 0 38 0 0 0 0 0 0 0 0 0 5 0 10 0 0 0 1 0 0 3 8 2 2 0 0 0 3 0 3 6 1 0 0 8 6 8 12 0 0 0 0 33 36 9 7 0 10 4 13 28 6 0 0 0 13 12 71 0 0 0 0 0 0 0 0 0 0 0 0 17 20 0 0 0 0 0 0 11 0 0 0 12 0 0 0 0 0 0 0 0 7 0 2 0 0 0 0 0 13 0 0 1 1 0 17 1 0 2 0 10 0 0 0 0 0 0 0 0 0 15 2 0 0 7 20 0 0 1 0 
 6 0 0 0 0 0 0 0 0 0 0 0 0 0 0 0 0 0 0 0 0 0 20 36 0 0 0 0 42 12 14 3 0 0 0 7 8 7 0 0 22 67 252 341 55 63 62 41 236 0 246 46 57 493 87 301 231 306 301 71 0 0 0 0 0 0 0 0 0 0 0 0 0 0 0 0 5 1 0 2 0 0 0 0 0 0 0 9 0 0 0 0 0 0 0 0 0 0 0 0 0 0 0 5 8 0 0 0 0 0 0 26 0 0 0 6 14 0 0 0 0 0 2 29 25 16 0 0 0 30 38 36 0 0 0 0 9 0 2 0 0 0 0 0 0 0 0 0 0 0 0 0 0 0 0 0 0 9 0 0 0 3 0 0 0 0 0 0 0 0 0 3 0 0 0 0 0 4 0 0 0 0 7 0 5 0 0 0 0 18 5 9 0 0 0 0 0 0 0 0 0 0 11 1 18 24 0 0 4 19 53 21 0 0 0 0 0 11 0 0 0 0 0 4 0 0 0 0 0 0 0 0 1 0 0 0 0 0 6 0 0 0 37 0 0 0 0 0 0 0 0 8 0 0 0 0 0 0 9 20 0 0 71 67 0 10 0 64 0 0 5 0 0 0 0 0 0 0 0 0 0 11 0 0 20 15 0 27 2 0 
 0 0 0 0 8 4 3 0 0 0 0 0 0 0 0 0 0 0 0 0 0 2 0 0 0 0 0 0 0 0 0 0 0 3 0 0 0 0 9 1 259 31 262 118 79 304 288 259 45 246 0 715 54 275 69 93 133 289 41 52 0 0 0 0 0 28 0 1 0 0 0 0 0 0 0 0 4 0 0 5 0 0 0 0 0 0 0 0 0 0 0 0 0 0 0 0 0 0 0 0 5 0 0 0 0 0 10 0 0 0 0 0 6 0 0 0 0 0 0 10 0 0 1 31 7 25 0 0 0 20 24 44 0 1 0 0 1 1 0 0 0 0 0 0 0 0 0 0 0 0 0 0 10 0 0 0 0 9 15 0 0 13 0 0 11 5 0 0 3 0 0 0 0 0 0 0 0 2 0 0 0 0 0 0 0 0 2 0 0 0 0 0 2 9 0 0 0 0 8 6 0 0 3 0 28 44 0 0 0 7 13 41 21 0 0 7 0 2 0 0 0 0 0 18 0 0 0 0 0 0 0 0 17 0 0 0 0 0 21 20 0 0 0 0 0 0 2 0 0 0 0 12 0 1 0 0 0 0 0 1 0 0 6 36 0 8 1 9 0 0 19 0 0 0 0 0 0 0 0 0 0 2 0 0 0 0 0 0 2 0 
 0 3 0 0 0 0 0 0 0 0 0 0 0 0 0 2 0 0 0 0 0 0 0 0 0 0 3 0 0 0 3 0 4 0 2 0 0 0 24 68 26 42 54 247 478 76 62 44 46 46 715 0 47 29 57 48 107 90 281 25 0 0 0 0 0 0 0 1 0 0 0 0 0 0 0 0 3 0 1 7 0 0 0 0 0 0 0 0 0 0 0 0 0 0 0 0 0 0 0 0 2 0 0 0 0 0 11 0 0 0 0 0 5 3 0 0 0 0 0 8 0 0 0 26 43 23 0 0 0 0 0 4 0 0 0 0 1 0 0 0 0 0 0 0 0 0 0 1 0 0 0 0 18 0 0 0 0 0 25 1 0 3 0 0 12 0 0 0 8 0 0 0 0 0 0 0 0 5 0 0 0 0 0 0 0 0 4 0 3 0 0 0 40 2 0 1 0 0 0 4 0 0 0 0 27 20 0 0 0 0 14 64 0 0 0 0 0 0 0 0 12 0 24 0 0 0 0 0 0 0 0 0 20 16 1 7 0 0 46 56 0 0 1 0 0 0 0 0 0 0 0 5 0 2 0 0 0 0 0 4 0 17 66 63 6 3 0 63 1 0 0 0 0 0 0 0 0 0 0 0 0 0 0 0 10 0 0 0 1 0 
 0 0 0 0 0 0 0 0 0 0 0 0 0 0 0 0 0 0 0 0 3 2 1 2 0 2 63 1 1 2 4 2 58 1 8 2 1 2 138 19 58 48 75 71 285 36 445 71 55 57 54 47 0 303 51 40 42 42 462 156 0 2 0 2 0 1 1 1 0 2 1 0 0 0 0 0 0 2 1 0 0 0 0 0 0 0 0 0 0 0 0 0 0 0 0 0 0 0 0 0 9 0 0 0 0 0 11 16 0 0 0 0 11 10 6 0 0 0 5 15 19 2 1 0 0 0 10 18 13 3 4 3 67 17 21 16 0 6 14 0 0 0 0 0 0 0 0 0 15 0 0 0 0 0 0 4 0 0 9 0 0 0 0 0 0 0 0 0 0 0 0 7 0 0 0 0 0 0 0 0 1 0 0 0 0 0 0 12 0 0 0 0 0 11 0 0 0 0 2 0 11 3 5 2 0 0 20 0 2 7 3 3 3 20 13 1 13 12 21 3 0 0 0 0 0 0 0 0 0 0 0 0 0 0 0 0 0 0 0 0 0 0 0 0 0 0 0 0 0 0 0 9 0 0 0 0 0 1 0 2 0 0 1 0 0 5 2 0 0 0 0 0 0 0 0 0 0 0 0 0 0 0 6 10 6 7 0 0 0 0 
 3 0 0 0 0 1 3 0 0 0 0 0 0 0 0 0 0 0 0 0 0 2 0 0 0 0 0 0 0 0 3 0 0 0 0 0 4 0 0 0 108 62 52 96 47 76 193 344 73 493 275 29 303 0 363 34 39 61 124 218 0 0 0 0 0 2 4 21 0 23 6 2 7 0 0 4 0 0 2 10 0 0 0 0 0 0 0 0 0 0 0 22 0 0 0 0 0 0 0 0 0 0 0 0 0 0 0 0 0 0 0 0 0 0 0 0 0 0 0 0 19 36 10 0 11 35 9 7 31 8 0 0 0 16 76 47 6 13 0 0 22 0 0 0 0 0 7 8 3 0 0 0 13 7 0 0 0 0 5 1 0 0 0 0 7 0 0 0 0 0 0 0 0 0 0 0 0 0 0 0 0 0 0 0 0 0 0 0 0 0 0 0 0 0 0 0 0 0 0 0 22 28 35 6 0 0 1 41 20 0 13 0 1 25 18 25 26 0 0 0 5 0 3 0 0 0 5 6 1 0 0 0 4 33 11 0 0 0 2 14 0 0 0 0 0 0 0 0 0 0 0 6 0 0 1 0 0 0 0 0 0 0 2 0 0 2 1 0 0 0 0 0 0 0 0 0 0 0 0 0 0 0 0 0 0 13 0 0 2 0 
 2 0 0 0 0 0 0 0 0 0 0 0 0 0 0 0 0 0 0 0 3 0 0 0 4 0 0 2 0 0 0 0 0 0 0 3 3 0 0 0 288 307 74 49 63 121 224 107 158 87 69 57 51 363 0 64 358 47 91 74 0 0 0 0 0 0 0 47 0 0 4 0 1 0 0 4 6 1 0 6 0 0 0 0 0 0 0 0 0 0 0 0 0 0 0 0 0 0 0 0 0 0 0 8 0 0 0 0 0 0 0 0 0 0 0 0 0 0 0 0 0 21 37 0 0 0 0 0 10 2 1 0 0 17 0 29 13 54 0 0 0 0 0 0 0 0 0 14 0 0 0 0 3 0 0 0 0 0 0 0 0 1 0 0 2 0 0 0 0 0 0 0 0 2 0 0 0 1 0 0 0 0 0 0 0 0 0 0 0 0 0 0 0 0 0 0 0 0 0 0 11 57 11 46 5 1 0 21 16 0 35 7 0 13 9 13 52 45 0 0 0 0 0 1 0 0 0 0 0 0 0 0 0 0 0 0 0 0 5 0 0 0 0 0 0 0 0 0 0 0 0 16 0 0 0 0 0 0 0 0 0 0 0 0 0 0 0 0 0 0 0 0 0 0 0 0 0 0 0 0 0 0 0 0 1 9 0 0 0 0 
 5 0 0 0 0 0 0 0 0 0 0 0 0 63 0 0 0 0 0 0 0 0 0 4 0 0 0 0 0 4 6 2 0 0 0 0 2 1 0 0 24 258 183 263 56 128 258 78 171 301 93 48 40 34 64 0 181 251 41 277 0 0 0 0 6 1 0 0 0 0 0 0 0 0 0 2 2 19 0 0 0 0 0 0 0 0 0 0 0 0 0 0 0 0 0 0 0 0 0 0 0 0 0 0 9 0 0 0 0 0 1 3 0 0 0 0 1 0 0 0 0 0 28 4 0 9 0 0 0 31 44 97 0 0 0 19 31 15 21 1 0 0 0 0 0 0 0 0 0 0 0 0 6 0 0 0 0 7 0 0 0 5 0 0 0 0 0 0 0 0 0 4 0 2 0 0 0 1 0 22 0 0 0 0 13 0 0 0 0 0 1 0 0 0 0 0 0 0 0 0 1 0 47 30 9 7 0 0 13 18 18 0 0 0 0 1 25 48 0 0 0 0 0 9 0 0 0 0 0 0 0 0 0 0 0 0 0 0 10 0 0 0 16 0 0 0 0 0 0 0 0 15 0 1 0 0 0 0 4 13 0 0 1 1 1 12 1 1 0 1 19 0 0 0 0 0 0 0 0 0 0 0 0 0 27 9 0 0 2 0 
 6 0 0 0 3 0 0 2 31 0 5 0 0 1 0 2 0 0 0 0 4 0 0 0 0 0 0 6 4 0 0 0 1 0 3 2 0 4 0 0 48 252 161 64 77 144 422 132 439 231 133 107 42 39 358 181 0 270 51 242 0 51 6 4 0 0 8 0 4 0 0 2 4 0 207 5 2 0 0 0 0 0 0 0 0 0 0 0 0 0 0 0 0 0 0 0 0 0 0 0 0 0 0 0 0 0 0 0 0 0 0 0 0 0 0 0 0 0 0 0 1 10 13 4 0 9 0 0 1 38 47 51 0 1 0 18 37 18 0 0 0 0 0 0 0 0 0 0 0 0 0 1 0 0 0 0 0 7 0 8 0 0 0 0 3 0 0 0 0 0 0 5 0 4 0 0 0 0 0 4 0 0 0 0 0 0 0 0 0 0 0 0 0 0 0 0 0 0 0 0 1 0 23 26 0 0 0 15 32 17 10 0 0 0 0 10 24 50 0 8 0 0 1 9 0 0 0 0 0 13 0 6 0 0 0 0 0 0 1 8 0 0 12 0 0 0 0 0 0 0 0 13 0 0 0 0 0 0 0 10 0 0 0 0 0 9 3 0 1 0 15 0 0 0 0 0 0 0 0 0 0 0 0 0 26 9 0 0 1 7 
 2 0 0 0 3 0 0 3 0 2 0 0 0 0 0 0 2 0 0 0 0 0 0 0 0 0 0 0 6 0 0 0 0 2 0 0 0 0 0 0 35 47 219 304 37 60 36 58 218 306 289 90 42 61 47 251 270 0 55 23 0 0 0 0 3 0 0 0 0 0 0 0 0 0 0 0 9 0 1 14 0 0 0 0 0 0 0 0 0 0 0 0 0 0 0 0 0 0 0 0 0 0 0 0 13 0 0 0 0 6 0 0 0 0 0 0 0 0 0 0 9 0 0 28 29 24 0 0 0 44 29 25 0 0 0 0 15 0 0 0 2 0 0 0 0 0 4 0 0 0 0 0 6 0 0 0 0 10 9 17 0 33 0 0 0 0 0 0 0 0 0 4 0 3 0 0 8 5 0 0 0 0 0 0 0 0 0 15 0 0 0 0 0 0 0 0 0 0 0 0 0 0 22 0 16 43 0 0 0 19 20 41 0 0 4 0 0 15 0 0 6 0 0 5 0 0 10 28 0 0 0 0 3 1 2 0 0 0 6 3 0 0 22 0 0 0 0 0 0 0 0 3 0 0 0 0 0 0 0 23 0 0 66 64 0 13 8 67 3 0 11 0 0 0 0 0 0 0 0 0 0 0 0 0 10 13 0 0 2 0 
 0 0 0 0 62 0 0 0 0 1 0 0 0 0 0 0 0 0 0 0 0 0 0 1 6 123 0 0 0 0 0 3 1 1 2 0 0 0 1 0 72 29 57 95 284 57 52 62 88 301 41 281 462 124 91 41 51 55 0 237 0 0 0 0 0 0 55 0 0 0 0 0 27 0 0 0 0 33 0 0 0 0 0 0 0 0 0 0 0 0 0 0 0 8 0 0 0 0 0 0 0 20 0 0 10 8 0 0 0 0 0 0 0 0 0 0 0 0 0 0 52 0 0 0 0 0 30 6 8 14 0 0 40 11 0 60 0 0 6 0 0 0 0 0 0 17 0 0 7 0 0 0 1 1 0 0 0 1 0 0 0 0 0 0 0 0 0 0 0 0 0 0 0 0 0 0 0 0 0 0 0 0 5 0 0 0 0 0 0 12 0 0 0 0 0 0 0 15 0 0 19 0 0 0 0 0 77 21 0 0 0 0 16 47 7 0 7 0 18 41 0 0 0 0 0 0 0 0 0 0 0 0 0 0 0 0 0 0 0 0 0 0 0 0 0 0 0 0 0 0 0 8 0 2 0 0 0 0 0 0 1 0 3 0 2 1 1 1 1 0 0 0 0 0 0 0 0 0 0 0 0 3 0 0 0 0 0 0 1 6 
 0 0 2 0 0 0 0 46 0 0 0 0 0 0 0 0 0 0 0 0 2 2 2 2 3 2 2 2 2 2 2 2 3 2 2 3 2 2 4 2 168 38 96 53 38 43 164 64 51 71 52 25 156 218 74 277 242 23 237 0 0 0 0 0 0 0 10 0 0 0 0 2 7 2 1 1 0 0 3 9 0 0 0 0 0 0 0 0 0 0 0 0 0 0 0 0 0 0 0 0 0 0 0 0 0 0 0 0 0 0 0 0 0 0 0 0 0 0 0 0 44 14 0 0 0 0 10 19 31 0 0 0 0 21 33 16 0 0 0 0 23 10 1 0 0 1 0 13 4 0 0 0 14 3 0 2 3 0 0 0 0 0 0 0 1 0 0 0 0 0 0 0 0 0 0 0 0 0 0 0 0 0 0 0 10 0 0 0 0 0 0 0 0 0 0 0 0 0 0 0 31 9 1 0 0 0 14 22 0 0 7 0 9 46 11 14 8 0 13 14 0 0 3 0 0 0 0 0 49 0 0 0 16 9 5 0 2 0 0 4 0 0 0 0 0 0 0 0 1 0 0 15 0 0 0 0 0 0 0 0 0 0 1 0 0 38 0 0 0 0 0 0 0 0 0 0 0 0 0 0 0 0 0 0 0 0 0 0 0 0 
 0 0 0 0 0 0 0 0 0 0 0 41 0 0 0 0 0 0 0 0 2 3 3 2 2 2 2 0 3 2 2 3 2 2 2 3 4 2 3 2 0 0 0 0 0 0 0 1 0 0 0 0 0 0 0 0 0 0 0 0 0 131 75 261 235 61 293 157 31 57 25 32 270 174 235 69 31 29 33 100 0 0 0 0 0 6 8 0 0 0 0 0 0 0 0 0 0 0 0 0 0 0 0 0 0 0 0 0 0 0 0 0 0 0 0 0 0 0 0 0 0 0 0 0 0 0 0 0 0 19 0 0 0 0 0 0 0 0 0 0 19 10 18 0 0 0 0 9 19 25 41 0 0 0 8 10 31 7 0 0 6 0 0 0 0 0 0 0 0 0 0 0 0 0 0 0 0 0 0 0 0 0 0 0 0 0 0 0 0 0 0 0 0 0 0 0 0 0 0 0 0 0 0 0 0 0 0 0 0 0 0 0 0 0 0 0 0 0 0 0 0 48 64 0 0 0 0 8 45 23 16 1 0 0 0 18 31 8 0 0 0 0 0 0 0 0 0 0 0 0 0 0 0 0 17 0 0 0 0 0 0 0 0 0 0 0 0 0 0 0 31 0 0 0 0 0 0 0 0 0 0 0 0 0 0 0 0 0 0 8 
 0 0 0 0 0 39 2 0 0 2 0 0 0 0 0 0 0 4 0 0 0 2 0 0 0 0 0 2 0 0 0 0 0 0 0 0 0 0 0 0 0 0 0 0 0 0 0 1 0 0 0 0 2 0 0 0 51 0 0 0 131 0 263 74 45 252 289 239 247 61 41 100 44 60 228 260 178 45 35 60 0 0 0 0 0 0 0 0 0 0 0 0 0 0 0 0 0 0 0 0 0 0 0 1 0 0 0 0 0 0 0 0 0 0 0 0 0 0 0 0 0 0 0 0 0 0 0 0 0 0 0 0 0 0 0 0 0 0 0 0 0 0 14 7 11 0 0 0 24 29 6 27 0 0 18 0 16 13 0 0 0 0 0 21 0 0 0 0 0 0 0 0 0 0 0 0 0 0 0 0 0 0 0 0 0 0 0 0 0 0 0 0 0 0 0 10 0 0 0 0 0 0 0 0 0 0 0 0 0 0 0 0 1 0 0 0 0 0 0 0 0 23 7 17 22 0 0 7 17 38 19 40 0 0 0 25 29 35 0 0 9 0 0 0 0 0 0 0 0 0 0 0 0 0 8 0 0 0 0 0 0 0 0 0 0 0 7 0 0 0 22 1 0 7 0 0 0 0 0 0 0 0 0 0 0 0 0 5 0 0 
