 0 334 96 260 454 44 578 399 64 258 43 248 57 123 384 24 42 142 47 143 0 0 1 2 3 0 0 0 2 0 0 3 0 2 0 0 0 0 0 1 0 3 0 2 0 0 0 3 0 0 0 0 0 0 0 0 1 3 0 0 3 0 0 0 0 2 3 3 0 0 40 0 2 0 0 0 3 0 0 0 47 24 20 0 0 0 14 56 10 0 0 28 0 35 31 13 0 0 0 0 0 0 0 0 0 0 0 0 0 0 0 0 0 0 0 0 0 0 0 0 0 0 0 0 0 0 0 0 0 0 17 0 0 0 0 0 0 0 0 0 0 0 0 0 0 0 0 0 0 0 0 0 0 0 0 0 0 0 0 0 39 16 20 0 0 0 14 43 14 1 0 0 0 21 17 15 21 0 0 0 0 0 0 0 0 0 0 0 0 0 0 0 0 0 0 0 0 0 0 0 0 0 0 0 0 0 0 0 0 0 0 0 0 0 0 0 0 0 0 0 0 0 0 0 0 0 0 0 0 0 0 0 0 0 0 0 0 0 0 0 0 0 0 0 0 0 2 2 2 0 0 103 0 0 0 0 0 0 0 0 0 0 0 0 0 0 0 0 0 0 0 0 0 0 0 2 0 0 0 0 0 0 0 0 0 0 0 0 0 0 
 334 0 336 63 33 33 65 362 367 33 28 25 45 167 317 217 297 142 32 40 2 0 0 0 3 3 0 0 2 0 2 2 0 3 0 0 0 0 0 0 62 0 0 2 35 1 0 1 0 0 0 0 0 0 0 0 0 2 0 0 3 0 33 0 0 2 2 2 0 2 0 0 3 0 0 0 3 0 0 0 0 4 38 77 1 0 0 9 34 26 17 0 0 0 0 49 43 31 0 1 0 0 0 0 0 0 0 0 0 0 0 0 0 0 0 0 0 12 0 0 0 0 0 0 0 0 0 0 0 0 0 0 0 14 0 0 0 0 0 0 0 0 0 0 0 0 0 0 0 0 0 0 5 0 0 0 0 5 0 0 1 35 11 0 0 0 0 1 20 40 21 43 0 0 5 17 55 22 0 0 0 0 0 0 0 0 0 0 0 0 0 0 0 0 21 0 0 0 0 0 0 0 6 0 0 0 0 0 0 0 0 0 0 0 0 0 0 0 0 0 0 0 0 0 0 0 0 0 0 0 0 0 0 0 0 0 0 0 11 0 0 0 0 0 0 2 0 0 84 0 0 7 10 0 0 0 0 0 0 0 0 0 0 0 0 0 0 0 0 0 0 0 0 0 0 33 0 5 0 0 0 0 0 0 0 0 0 0 0 0 
 96 336 0 81 35 257 58 79 223 419 43 34 55 65 90 260 206 301 30 36 1 0 0 0 4 0 0 0 2 0 0 3 0 76 0 0 1 0 0 2 0 0 0 2 0 0 0 3 0 0 0 66 0 0 0 0 0 3 0 0 3 0 0 0 0 2 3 6 0 0 0 0 2 0 0 0 3 0 0 0 0 20 39 27 33 0 0 13 32 34 36 11 0 0 0 40 55 26 14 0 0 0 0 0 0 0 0 0 0 0 0 0 0 0 0 0 0 0 0 0 0 0 0 0 0 0 0 0 0 0 0 0 0 13 0 0 0 0 0 0 0 0 0 0 0 0 19 0 0 0 0 0 12 0 0 0 0 8 0 51 0 17 9 17 8 0 0 0 21 49 18 24 0 0 0 31 9 40 0 0 0 0 0 0 9 0 0 0 0 0 0 0 0 0 0 0 0 0 0 0 0 0 0 0 0 0 0 0 0 0 0 0 0 0 0 0 0 0 0 0 0 0 0 0 13 0 0 0 0 0 0 0 0 0 0 0 0 0 0 0 0 41 0 0 0 4 8 0 2 2 0 3 3 0 0 0 0 0 0 0 0 0 9 0 0 0 0 0 0 0 0 0 0 0 0 32 0 8 0 0 0 0 0 0 0 0 0 0 0 0 
 260 63 81 0 86 40 179 50 302 662 175 406 69 109 53 47 140 324 95 60 1 0 0 0 3 74 0 2 2 0 0 3 0 3 0 0 0 2 0 1 0 0 0 2 0 0 0 3 0 0 0 0 0 0 0 0 2 3 0 0 3 0 0 0 0 2 3 3 31 0 0 0 2 41 0 0 3 0 0 0 0 0 0 14 47 2 0 0 20 9 62 47 0 0 0 0 5 6 0 0 0 0 0 0 0 0 0 2 0 0 0 0 2 0 0 0 0 0 0 1 0 0 0 0 0 0 1 0 0 0 0 0 0 17 2 0 13 0 0 0 0 0 0 0 0 0 0 0 0 0 0 0 4 0 4 0 0 6 0 2 0 0 0 25 44 9 1 11 0 2 33 1 0 0 1 4 0 11 0 0 0 0 0 0 0 0 3 0 15 0 0 0 0 10 0 0 0 0 15 0 0 0 0 0 0 0 0 2 2 0 2 0 0 0 0 0 12 0 0 1 1 2 0 0 0 0 0 0 0 0 0 0 0 24 0 0 0 0 0 0 0 20 0 0 2 0 50 2 2 52 0 9 0 0 0 0 0 0 0 0 0 0 0 0 0 0 0 0 0 0 0 0 0 0 0 1 18 2 0 0 0 0 0 0 0 0 0 0 0 0 
 454 33 35 86 0 525 270 70 75 76 87 505 146 83 299 72 372 55 56 195 2 0 0 0 3 0 0 1 2 3 1 3 3 4 3 2 32 0 1 0 0 2 0 2 0 0 0 2 0 0 0 0 2 0 0 0 3 3 2 3 30 9 2 0 0 2 2 6 9 0 0 1 0 3 0 0 3 0 11 0 0 0 0 0 29 50 0 0 15 2 0 15 0 0 11 0 0 0 0 0 18 0 0 0 1 0 26 0 2 0 0 0 22 1 0 0 0 0 40 73 0 0 0 0 0 0 0 0 0 0 0 0 0 0 0 0 0 0 0 0 0 0 0 0 0 0 0 0 0 2 0 0 0 0 14 0 0 1 0 0 0 0 0 15 16 33 0 15 0 0 18 32 0 10 0 0 7 0 6 0 0 0 0 0 0 0 38 0 0 0 0 0 25 0 0 0 0 0 53 11 0 0 0 0 0 0 0 0 0 6 15 0 0 13 1 0 0 0 0 2 0 0 0 0 12 0 0 0 0 0 1 0 0 0 0 0 0 0 0 21 0 0 0 0 0 7 23 0 2 3 2 10 0 2 0 0 0 0 0 0 0 0 1 0 0 0 0 0 0 0 0 0 0 0 0 2 0 0 0 0 0 0 0 0 0 0 0 0 0 0 
 44 33 257 40 525 0 32 46 52 52 53 57 49 128 51 288 67 71 46 268 1 0 1 7 3 0 6 5 6 0 0 3 21 2 0 0 0 0 297 0 0 0 2 2 0 0 0 3 0 0 2 5 0 72 0 0 0 68 0 0 9 0 0 0 7 2 3 3 1 0 0 7 2 0 0 4 3 0 0 53 0 0 0 0 32 52 0 0 1 0 1 0 0 0 0 0 0 0 0 0 0 0 0 0 0 0 42 0 0 0 0 0 25 1 1 0 0 0 61 41 0 0 0 0 0 0 0 0 0 0 0 0 0 0 0 0 0 4 0 0 0 0 0 0 0 0 0 0 0 0 0 0 0 14 2 0 0 0 0 0 0 0 0 1 1 18 0 0 0 0 0 18 0 0 0 0 6 1 0 0 1 7 1 0 0 0 62 9 0 0 0 0 42 10 24 0 0 0 51 42 0 0 0 0 0 0 0 0 0 0 0 0 0 0 0 0 0 0 0 0 0 0 0 0 0 0 0 0 0 0 0 0 0 0 0 0 0 0 0 0 0 0 0 0 0 4 0 1 2 0 0 8 4 0 24 0 0 0 0 0 0 0 0 2 0 0 0 0 0 0 0 0 0 0 0 0 0 0 0 0 0 0 0 0 0 0 0 0 0 0 
 578 65 58 179 270 32 0 74 48 48 18 44 484 365 277 264 36 59 67 404 2 0 2 0 3 0 0 0 67 0 1 3 0 2 0 0 1 0 0 2 0 0 61 2 0 64 0 2 0 0 0 0 0 6 0 0 0 3 0 32 3 0 0 0 0 2 2 3 0 0 0 0 3 0 0 2 3 0 0 0 76 22 0 0 0 0 33 58 1 1 0 0 0 56 78 0 0 0 0 0 0 0 0 0 0 0 0 0 0 0 0 0 0 0 2 0 0 11 0 0 15 0 0 0 0 0 0 0 2 0 2 0 0 0 0 0 0 0 0 0 2 0 0 0 0 0 0 0 0 0 0 3 0 1 0 0 0 0 0 14 37 0 17 0 0 0 60 49 2 2 0 0 0 41 19 1 1 0 0 0 0 0 1 0 0 0 0 0 0 0 0 0 1 0 0 0 16 0 17 0 0 0 0 0 0 0 0 0 0 0 0 0 0 0 2 0 0 0 0 0 0 0 0 0 0 0 0 0 0 0 0 0 0 0 0 0 0 0 0 0 0 0 0 0 0 2 0 1 4 0 0 0 0 0 0 0 0 0 0 0 0 0 0 0 0 0 0 0 0 0 0 0 0 0 0 0 0 0 0 0 0 0 0 0 0 0 0 0 0 0 
 399 362 79 50 70 46 74 0 97 30 25 50 102 365 191 126 38 74 271 36 0 0 1 0 0 0 0 0 0 0 0 2 2 0 0 1 1 2 0 2 0 0 0 0 0 0 0 2 0 0 0 0 0 0 0 0 4 0 0 0 0 0 0 0 0 0 0 0 0 0 0 0 0 0 0 0 0 0 0 0 40 29 64 4 0 12 0 19 19 24 11 0 0 14 53 36 51 10 0 0 0 0 0 0 0 0 0 2 0 0 0 0 2 0 0 7 0 0 0 0 0 0 0 21 0 0 1 0 5 0 0 0 0 0 2 0 0 0 0 0 0 0 0 0 0 0 0 0 0 0 0 0 3 15 0 0 0 1 0 2 36 2 30 1 1 0 2 18 30 70 2 2 0 4 22 21 40 14 0 0 0 10 0 0 0 0 2 0 14 0 0 0 0 0 0 0 0 0 0 0 0 0 0 0 0 0 0 2 2 0 2 0 0 0 0 0 0 0 0 0 1 1 0 0 0 0 0 0 0 0 0 0 0 0 0 0 0 0 0 0 0 0 0 0 2 1 1 0 2 2 0 10 0 0 0 0 0 0 0 0 1 0 0 0 0 0 0 0 0 0 0 0 0 0 0 24 0 14 0 0 0 0 0 0 0 0 0 0 0 0 
 64 367 223 302 75 52 48 97 0 771 42 468 85 132 236 200 245 311 74 59 2 0 0 0 3 0 0 0 2 0 1 2 0 2 2 0 0 0 0 2 0 0 0 2 0 2 0 1 0 0 28 0 0 61 0 0 0 2 0 0 3 0 0 0 0 2 2 2 0 0 0 0 3 0 0 0 3 0 0 0 0 21 39 35 27 0 0 12 29 26 35 10 0 0 0 47 56 27 0 0 0 0 0 0 0 0 0 0 0 0 0 0 0 0 8 0 0 0 0 0 0 0 0 0 1 0 0 0 0 0 0 0 0 0 0 0 1 0 0 0 0 0 0 0 2 0 0 0 0 0 0 0 5 0 0 0 0 5 2 0 0 10 11 19 7 0 0 0 30 40 6 27 0 0 0 18 94 38 0 0 0 0 0 0 0 0 0 0 0 0 0 0 0 0 0 0 0 0 0 0 0 0 0 0 0 0 0 0 0 0 0 0 0 0 0 0 1 0 0 0 0 0 0 2 0 0 0 5 0 0 0 0 2 0 0 0 0 0 0 0 0 20 0 0 0 0 3 0 0 3 2 8 12 0 0 0 0 0 0 0 0 0 4 0 0 0 0 0 0 0 0 0 0 0 0 25 0 6 0 0 0 0 0 0 0 0 0 0 0 0 
 258 33 419 662 76 52 48 30 771 0 425 51 54 87 102 246 356 101 77 72 1 0 0 0 3 0 0 0 2 0 0 3 2 2 0 0 0 0 0 208 0 0 0 2 0 60 0 4 0 0 0 0 0 61 0 0 0 4 0 0 3 0 0 0 0 2 3 3 0 0 0 0 2 0 0 0 2 0 0 0 0 0 13 69 34 0 0 0 20 33 48 17 0 0 0 35 27 31 0 0 0 0 0 0 0 0 0 0 0 0 0 0 0 0 0 0 0 0 0 0 0 0 0 0 0 0 0 0 0 0 0 0 0 0 0 0 0 0 0 0 0 0 2 0 0 0 0 0 0 0 0 0 3 0 0 0 2 12 0 0 0 21 1 6 20 11 0 0 18 19 29 43 0 0 0 12 1 19 0 0 0 0 0 1 0 0 0 0 0 0 0 0 0 0 0 0 0 0 0 0 0 0 0 0 0 0 0 0 0 0 0 0 0 0 0 0 0 0 0 0 0 0 14 0 0 0 0 22 0 0 0 0 0 0 0 0 0 0 0 0 0 27 0 0 0 0 176 0 0 183 0 12 14 0 0 0 0 0 0 0 0 0 10 0 0 0 0 0 0 0 0 0 0 0 0 14 16 0 0 0 0 0 0 0 0 0 0 0 0 0 
 43 28 43 175 87 53 18 25 42 425 0 388 26 48 85 69 169 327 34 52 2 0 0 0 3 0 0 3 2 0 0 3 1 2 1 0 0 0 0 69 0 0 0 2 0 0 0 3 0 0 0 3 0 0 0 0 0 3 0 1 2 0 0 40 0 2 3 3 0 0 1 0 2 0 0 0 1 0 0 0 0 1 0 14 28 4 0 0 9 46 38 39 0 0 0 1 0 9 0 0 0 0 0 0 0 0 0 0 6 0 0 0 4 0 2 0 0 0 0 0 0 0 0 0 0 0 20 13 0 0 1 0 0 0 0 0 0 0 0 0 0 0 0 0 0 0 1 0 23 0 0 0 0 0 6 0 0 9 0 0 0 0 1 18 35 12 0 0 1 0 27 1 0 0 0 14 0 16 1 0 0 0 0 0 0 0 1 0 0 0 0 0 0 0 0 0 0 0 47 13 0 0 0 0 0 0 0 0 0 0 0 0 0 0 2 0 0 0 1 0 0 1 0 0 0 0 0 0 0 0 0 0 0 0 0 0 17 0 0 0 0 15 0 0 1 2 87 0 1 97 0 8 0 0 0 0 0 0 0 0 0 0 0 0 0 0 0 0 0 0 0 0 0 0 0 0 11 0 0 0 0 0 0 0 0 0 0 0 0 0 
 248 25 34 406 505 57 44 50 468 51 388 0 244 36 33 38 76 307 44 56 1 0 0 0 3 0 0 0 2 0 0 3 2 2 1 0 0 112 2 0 0 0 0 61 0 0 0 3 0 66 0 0 0 0 0 0 0 3 0 0 3 0 0 0 30 2 25 3 0 0 0 0 0 0 0 0 3 0 0 0 0 0 0 17 8 35 0 0 1 26 21 27 0 1 0 0 0 34 2 0 0 0 7 0 0 0 2 20 0 0 6 0 14 0 0 0 0 0 10 1 0 0 0 0 0 0 0 0 14 0 0 0 0 1 0 0 0 2 0 0 0 0 0 0 0 0 0 0 0 3 0 0 0 0 7 0 0 24 0 0 0 0 6 4 25 28 1 0 0 0 30 14 0 0 2 1 6 0 17 0 1 0 0 2 0 0 36 0 0 0 0 0 9 0 0 0 0 0 35 15 0 0 0 0 0 0 0 2 0 0 2 0 0 0 0 1 0 0 0 0 0 0 7 0 0 2 0 0 0 0 0 0 0 0 0 0 0 0 0 0 0 0 0 0 0 2 177 0 2 179 1 4 0 0 0 0 0 0 2 0 0 0 0 0 0 0 0 0 0 0 0 0 0 0 0 0 16 0 0 0 0 0 0 0 0 0 0 0 0 0 
 57 45 55 69 146 49 484 102 85 54 26 244 0 80 36 23 37 39 446 184 1 0 75 0 3 2 4 0 2 2 0 12 0 2 2 3 0 0 2 1 0 0 0 2 0 0 0 3 4 3 0 0 0 2 0 0 0 3 0 0 3 0 0 0 0 2 6 6 0 0 2 1 0 0 0 0 3 0 0 0 53 28 0 0 0 0 53 37 0 0 0 0 20 46 24 1 0 0 11 33 0 0 0 0 0 0 0 0 0 0 0 0 0 0 0 11 0 0 0 0 0 0 0 0 1 33 0 0 0 1 0 0 0 0 0 2 1 0 0 0 4 0 0 0 2 0 0 14 2 0 0 0 2 0 0 0 0 0 2 0 14 0 0 0 0 0 28 19 0 0 0 0 10 39 12 0 0 0 1 28 0 0 0 0 0 1 0 0 0 0 0 0 0 0 0 1 0 0 0 2 0 1 0 0 0 0 0 0 0 0 0 0 0 0 0 0 0 0 0 0 0 0 0 2 0 0 0 0 0 0 0 0 2 0 0 0 0 0 0 0 0 0 0 0 0 41 0 0 0 0 0 4 0 0 0 0 0 0 0 0 0 0 0 0 0 0 0 0 0 0 0 0 0 0 0 0 0 0 0 0 0 0 0 0 0 0 0 0 0 1 
 123 167 65 109 83 128 365 365 132 87 48 36 80 0 470 42 258 34 82 169 3 1 1 0 3 0 0 0 2 0 0 3 0 2 0 0 2 2 0 2 0 0 0 2 63 0 0 3 0 0 0 0 0 0 0 0 0 3 0 0 3 0 0 0 0 2 3 3 0 0 0 0 2 0 0 0 3 0 3 0 70 13 0 0 0 0 15 35 0 0 0 0 0 61 40 20 2 0 0 0 0 0 0 0 0 0 0 0 0 0 0 0 0 0 0 0 0 0 0 0 5 0 0 0 0 0 0 0 0 0 0 0 0 0 11 14 0 0 8 0 1 0 0 0 0 0 0 0 20 0 0 0 0 0 0 0 0 0 0 0 35 35 26 0 0 0 53 24 19 6 0 0 0 21 18 40 27 0 0 0 0 0 0 0 0 0 0 0 0 0 0 1 0 0 0 0 10 0 0 0 0 0 0 0 0 0 0 0 0 0 0 0 0 0 0 0 0 0 0 0 0 0 0 0 0 0 0 12 0 0 0 0 0 0 0 0 0 0 0 0 0 0 0 0 0 2 0 0 1 0 1 15 1 0 1 0 0 0 0 0 0 0 0 0 0 0 0 0 0 0 0 0 0 0 0 0 0 0 0 0 0 0 0 0 0 0 0 0 0 0 
 384 317 90 53 299 51 277 191 236 102 85 33 36 470 0 175 35 76 284 106 1 3 1 3 3 0 0 75 2 0 0 3 0 2 2 0 1 0 0 4 0 0 0 2 0 0 0 3 0 0 0 0 0 0 0 0 0 3 0 0 3 0 0 0 0 2 3 3 0 0 0 0 2 0 0 0 3 0 57 0 14 30 46 2 0 0 0 16 25 13 1 0 0 18 51 31 42 11 0 0 0 0 0 0 0 0 0 0 0 0 0 0 0 0 0 0 0 0 0 0 0 0 0 0 0 0 0 0 0 0 0 0 0 0 0 0 0 0 0 0 0 0 0 0 0 0 0 0 0 0 0 0 3 0 0 0 0 2 0 0 54 4 30 1 1 0 1 47 73 106 1 3 0 1 12 30 90 11 0 0 0 0 0 0 0 0 0 0 0 0 0 0 0 0 0 0 0 17 0 0 0 11 0 0 0 0 0 0 0 0 0 0 0 0 0 0 0 0 0 0 0 0 0 0 0 0 0 0 0 0 0 0 18 0 0 0 0 0 0 0 0 0 0 0 0 0 0 1 3 0 0 5 0 0 2 0 0 0 0 0 0 0 0 0 0 0 0 0 0 0 0 0 0 0 0 30 0 10 0 0 0 0 0 0 0 0 0 0 0 0 
 24 217 260 47 72 288 264 126 200 246 69 38 23 42 175 0 258 299 32 70 1 0 1 2 5 6 2 2 3 1 6 4 0 2 1 2 1 1 2 3 0 3 3 2 0 1 0 2 3 0 0 0 1 0 0 0 0 4 0 0 3 0 0 2 4 43 2 3 0 4 2 0 4 43 29 0 9 0 0 0 0 4 48 14 39 0 0 13 34 32 66 0 0 0 0 25 39 34 0 0 0 0 0 0 0 1 0 0 0 0 0 0 0 0 0 0 0 0 0 0 0 0 0 0 0 0 0 0 0 1 0 0 0 0 0 1 0 0 0 0 0 0 0 0 0 0 0 0 1 0 1 0 7 0 0 0 0 10 1 0 0 13 2 9 9 1 0 0 20 35 17 55 0 0 0 14 45 67 0 0 0 0 0 0 1 1 0 0 0 0 0 0 0 0 0 0 0 0 0 0 0 2 0 1 0 0 0 0 0 0 0 0 0 0 0 0 0 0 0 0 0 0 2 1 0 0 2 0 0 0 0 0 0 0 0 0 0 0 0 0 0 0 0 0 0 3 3 0 10 1 0 9 14 0 0 0 0 0 2 0 0 0 0 0 0 0 0 0 0 0 0 0 0 0 0 34 0 10 0 0 0 0 0 0 0 0 0 0 0 0 
 42 297 206 140 372 67 36 38 245 356 169 76 37 258 35 258 0 298 29 24 5 0 2 4 9 2 2 0 6 0 2 6 0 5 4 0 0 0 0 1 0 0 0 2 0 2 1 3 0 0 3 0 0 3 3 0 3 8 0 5 3 0 0 3 0 2 5 6 0 8 2 0 0 3 0 5 2 0 0 0 11 9 21 26 34 0 0 13 39 49 31 12 0 0 0 47 41 60 0 0 7 0 0 0 0 0 0 14 0 0 0 0 0 0 0 0 0 2 0 0 0 0 0 0 0 0 0 2 0 0 0 0 0 0 0 15 0 0 0 0 0 0 0 0 0 0 0 0 0 0 0 0 15 0 1 0 0 7 0 0 12 20 0 18 21 16 0 1 24 41 26 22 0 0 1 38 8 27 0 0 0 2 0 0 0 0 0 0 0 2 0 0 0 0 0 0 0 0 0 0 0 0 2 0 0 0 0 0 0 0 0 0 0 0 0 0 2 0 0 0 0 0 0 0 0 0 0 0 18 0 0 2 0 0 0 19 0 0 2 0 0 16 0 0 0 1 85 0 4 0 1 4 4 0 0 0 0 0 0 0 0 0 7 0 0 0 0 0 0 0 0 0 0 0 0 27 0 9 0 0 0 0 0 0 0 0 0 0 0 0 
 142 142 301 324 55 71 59 74 311 101 327 307 39 34 76 299 298 0 133 29 2 0 0 0 3 0 0 0 2 0 1 2 0 2 0 0 0 0 0 1 1 0 0 2 0 0 6 2 0 0 0 0 0 0 0 0 0 4 0 0 3 0 0 0 0 2 2 3 0 0 0 0 3 0 0 0 3 0 0 0 0 10 30 31 24 0 0 0 46 21 39 4 0 0 0 42 33 23 0 0 0 0 0 0 0 0 0 0 0 0 0 0 0 0 0 0 0 0 0 0 0 0 0 0 0 0 0 0 0 12 0 0 0 0 0 9 0 0 0 0 0 0 2 0 0 8 0 0 0 0 0 0 3 0 0 0 0 17 0 0 0 19 0 20 31 11 0 0 22 15 23 36 0 0 0 15 3 34 0 0 0 0 0 0 10 10 0 0 0 0 0 0 0 0 0 0 0 0 0 0 0 0 0 11 0 0 0 0 0 0 0 0 0 0 0 0 0 0 0 0 0 0 0 0 0 0 0 0 0 0 0 0 0 0 0 0 0 0 1 0 0 17 0 0 0 0 188 2 3 88 0 8 12 0 0 0 0 0 0 0 0 0 10 0 0 0 0 0 0 0 0 0 0 0 0 16 0 0 0 0 0 0 0 0 0 0 0 0 0 0 
 47 32 30 95 56 46 67 271 74 77 34 44 446 82 284 32 29 133 0 272 2 0 2 0 3 1 0 0 2 0 2 2 0 2 9 0 0 0 0 2 0 0 0 2 0 0 0 2 2 0 0 2 1 10 0 0 0 3 0 0 3 0 0 0 0 2 2 3 0 0 0 0 3 0 0 0 3 0 0 0 24 8 0 0 0 0 32 30 0 0 0 0 56 16 27 0 0 0 90 32 0 0 0 0 0 0 0 0 0 0 0 0 0 0 0 0 0 0 0 0 0 0 0 0 2 0 0 0 0 0 0 0 0 0 0 14 2 0 0 0 11 0 0 0 1 0 0 0 1 0 0 0 1 0 0 0 0 0 0 0 1 0 0 0 0 0 32 0 0 0 0 0 8 11 0 0 0 15 16 51 0 0 0 0 0 0 0 0 0 0 0 0 0 0 0 2 16 0 0 0 0 0 0 0 0 0 0 0 0 0 0 0 0 0 0 0 1 0 0 0 0 0 0 0 0 0 0 0 0 0 0 0 1 0 0 0 0 0 1 0 0 0 0 0 0 2 0 0 2 1 0 4 0 0 0 0 0 0 0 0 0 2 0 47 0 0 0 0 0 0 0 0 0 0 0 0 0 0 0 0 0 0 0 0 0 0 0 0 0 2 
 143 40 36 60 195 268 404 36 59 72 52 56 184 169 106 70 24 29 272 0 0 2 0 2 2 0 6 7 4 0 2 2 2 0 4 3 2 101 2 4 1 0 0 2 4 2 0 0 2 0 5 0 0 7 2 0 0 0 0 0 3 5 0 0 0 0 0 0 0 3 0 0 40 0 0 2 0 0 0 0 47 0 0 12 0 0 39 30 0 0 0 0 0 79 31 0 23 0 2 23 0 0 0 0 0 0 0 0 0 0 0 0 0 0 0 1 0 0 0 0 0 0 12 0 0 0 1 0 0 0 0 0 0 0 0 0 0 0 2 1 3 0 3 0 0 1 0 0 0 0 0 1 0 0 2 2 0 0 0 0 29 0 1 0 0 0 23 14 0 0 0 0 10 29 10 0 12 0 0 1 0 0 0 0 0 3 0 0 0 0 0 0 0 0 0 0 0 0 0 0 0 0 0 0 0 0 0 0 0 0 0 0 0 0 0 0 0 0 16 0 0 0 0 0 0 0 0 0 0 0 0 0 0 0 0 0 0 0 0 0 0 0 0 0 0 2 0 2 1 2 0 9 0 0 0 0 0 2 63 0 0 0 0 0 0 0 0 2 0 0 13 0 0 0 0 0 0 0 0 0 0 0 0 0 0 0 0 0 0 0 
 0 2 1 1 2 1 2 0 2 1 2 1 1 3 1 1 5 2 2 0 0 96 93 55 51 285 418 425 56 40 259 257 81 107 432 249 267 40 61 117 2 6 3 4 6 0 0 0 13 2 3 0 0 0 1 0 16 0 16 0 0 0 3 3 0 0 0 0 0 0 0 0 3 0 0 3 3 0 0 49 0 0 0 0 0 0 9 0 0 0 0 0 0 0 0 0 0 0 7 0 37 46 11 1 0 0 13 58 30 14 10 0 18 22 46 32 11 9 0 0 0 0 1 0 0 0 0 0 6 0 0 5 0 0 0 0 0 0 0 0 0 0 0 0 0 0 0 0 1 0 0 0 0 0 0 0 0 0 0 0 0 9 0 0 0 0 0 0 0 0 0 0 0 0 0 0 0 0 0 9 18 39 27 1 9 0 0 33 12 9 36 0 0 18 27 49 15 17 0 0 0 2 0 0 0 0 0 0 0 0 0 0 0 0 0 0 0 0 0 0 0 0 7 0 0 0 0 0 0 0 0 0 0 0 0 0 0 0 0 0 0 0 0 0 0 0 0 0 0 0 0 0 0 0 87 2 2 0 0 2 2 0 0 0 0 0 0 0 0 0 0 0 0 0 0 0 0 0 0 0 0 10 0 0 0 0 0 0 0 0 
 0 0 0 0 0 0 0 0 0 0 0 0 0 1 3 0 0 0 0 2 96 0 344 55 47 25 56 457 380 49 40 246 47 87 372 339 179 32 118 48 0 15 3 3 0 0 0 0 0 3 0 0 0 0 0 0 0 0 3 0 0 0 4 3 0 0 52 52 0 0 0 0 3 0 0 2 2 0 0 0 0 0 0 0 0 0 0 0 0 0 0 0 0 11 0 0 0 0 0 5 18 22 16 38 0 0 0 14 29 21 42 57 0 1 10 76 36 41 0 0 34 0 1 0 0 0 0 0 0 0 0 11 0 0 0 0 0 0 0 0 0 0 0 0 0 0 0 0 1 0 0 0 0 0 0 0 12 0 0 1 0 0 0 0 0 0 0 0 9 0 0 3 0 3 0 0 0 0 0 0 1 10 34 34 0 0 0 0 33 34 13 17 0 1 7 26 45 34 0 0 0 0 0 0 0 0 0 0 0 0 0 0 0 0 0 0 0 0 0 25 0 0 0 0 0 0 0 0 0 0 0 0 0 0 0 0 10 0 0 0 0 0 16 0 0 0 0 0 0 0 0 0 0 0 13 0 2 0 0 0 2 10 0 0 0 0 0 0 0 0 0 0 0 0 0 0 0 0 0 0 0 19 0 0 0 0 1 0 0 0 
 1 0 0 0 0 1 2 1 0 0 0 0 75 1 1 1 2 0 2 0 93 344 0 76 39 16 193 100 106 414 263 42 72 136 58 76 189 255 66 59 0 2 3 3 1 1 0 0 64 61 0 0 0 0 0 0 0 0 4 0 52 0 3 3 0 0 0 0 0 0 0 0 3 0 32 1 2 18 0 0 0 0 0 0 0 2 0 1 0 0 0 0 0 0 1 0 0 36 0 0 0 0 8 38 0 0 0 0 30 10 22 13 1 0 0 17 16 35 0 0 0 0 0 0 0 18 0 0 0 0 0 0 0 1 0 0 0 13 0 0 0 0 2 1 1 0 0 0 0 0 0 0 0 0 0 0 1 0 0 2 0 0 0 0 0 0 0 0 0 0 0 5 0 30 0 0 0 1 0 0 0 0 12 28 0 0 0 0 9 35 19 6 0 0 0 0 35 13 4 1 0 0 0 1 0 0 0 0 0 0 0 0 0 0 0 0 0 0 0 0 0 0 0 0 0 0 0 0 2 0 0 0 0 0 0 0 0 0 0 0 0 0 12 0 0 0 0 0 0 0 0 0 0 0 16 1 1 1 3 0 11 11 0 0 0 0 0 0 0 0 0 0 0 0 0 0 0 0 0 0 0 7 0 0 0 0 0 0 0 1 
 2 0 0 0 0 7 0 0 0 0 0 0 0 0 3 2 4 0 0 2 55 55 76 0 397 55 731 59 294 390 400 337 68 62 68 134 252 551 129 63 0 209 5 3 1 0 0 0 0 3 0 0 0 0 140 0 0 10 5 0 0 0 2 3 0 7 0 45 0 0 0 0 4 0 0 3 2 0 0 0 0 0 0 1 0 0 0 1 0 0 0 0 0 2 0 0 0 0 0 0 0 0 0 13 50 13 0 0 0 0 0 14 2 0 0 0 19 2 0 0 0 0 0 0 0 0 0 0 0 0 0 0 1 12 0 0 0 0 13 0 0 0 0 5 0 0 0 0 0 0 0 0 0 0 0 0 0 20 0 0 0 0 0 0 0 0 0 0 0 1 0 0 0 0 0 0 0 0 0 0 0 0 2 10 14 8 3 0 0 18 9 20 0 0 0 1 1 2 0 0 0 0 0 0 0 0 2 0 0 0 0 0 31 13 0 0 0 0 23 0 0 0 0 2 0 0 0 0 0 0 0 0 0 0 0 0 0 0 0 0 0 0 0 0 0 0 0 0 0 0 0 0 0 0 3 0 0 95 78 2 14 0 0 2 0 0 11 0 0 0 0 0 0 0 0 0 0 0 0 0 0 11 0 0 1 0 10 0 0 0 
 3 3 4 3 3 3 3 0 3 3 3 3 3 3 3 5 9 3 3 2 51 47 39 397 0 610 88 118 150 80 337 353 138 76 106 75 136 28 78 375 0 2 3 3 0 0 0 0 0 2 0 0 0 0 0 0 0 0 3 25 0 0 34 3 52 0 0 0 0 1 0 0 3 0 0 0 29 3 0 0 0 0 6 0 0 0 0 0 1 0 0 0 2 0 0 0 0 0 0 1 0 0 2 0 37 8 19 0 0 0 0 0 0 0 0 0 0 0 2 0 12 0 0 0 1 0 13 0 0 0 0 0 46 0 0 0 0 0 69 31 0 0 0 0 0 0 0 0 0 0 0 1 0 0 0 0 0 0 0 0 5 0 0 0 0 0 1 0 0 4 0 0 0 0 0 0 0 0 0 1 0 0 0 9 40 38 0 2 0 2 0 0 0 0 0 0 0 2 0 0 0 0 0 0 0 0 9 0 0 0 0 0 32 24 2 0 0 0 58 79 0 0 0 0 0 0 0 0 0 0 0 0 0 0 0 0 0 0 0 0 0 0 1 0 0 0 0 0 0 0 0 0 0 0 4 0 2 2 4 3 0 2 0 0 0 0 0 0 0 0 0 0 0 0 0 0 0 0 0 0 0 0 0 0 0 0 0 0 0 0 
 0 3 0 74 0 0 0 0 0 0 0 0 2 0 0 6 2 0 1 0 285 25 16 55 610 0 32 35 36 41 73 57 51 47 46 62 65 44 38 37 2 2 3 3 66 30 8 0 0 3 0 0 212 0 0 0 0 0 203 1 0 0 2 3 0 1 0 0 0 2 60 47 3 0 0 3 2 0 0 0 0 0 0 0 0 0 0 0 0 0 0 0 0 0 0 0 0 0 0 0 0 0 0 0 0 23 0 0 0 0 0 0 0 0 0 0 0 0 0 0 26 0 0 0 0 0 42 0 0 0 0 0 29 0 0 0 0 0 39 44 0 0 0 0 0 0 0 0 0 0 0 0 0 0 0 0 0 0 0 0 3 0 0 0 0 0 0 0 0 3 4 0 0 0 0 0 0 0 0 0 0 0 0 0 38 24 0 0 0 0 0 0 0 19 0 0 0 0 0 0 9 2 0 0 0 0 40 0 0 0 0 0 38 8 23 0 14 0 37 36 0 0 0 0 0 0 0 0 0 0 0 0 0 0 0 0 0 0 0 0 0 0 0 0 0 0 0 0 0 0 0 0 0 0 16 0 6 1 0 0 5 2 0 0 0 0 0 0 0 0 0 0 0 0 0 0 0 0 0 0 0 0 0 0 0 0 0 0 0 0 
 0 0 0 0 0 6 0 0 0 0 0 0 4 0 0 2 2 0 0 6 418 56 193 731 88 32 0 113 306 42 37 48 685 613 56 31 27 27 110 264 0 2 4 3 0 0 0 0 0 3 0 0 0 0 0 0 0 0 3 0 58 0 2 3 0 0 0 0 0 0 0 0 3 0 40 3 2 0 0 0 0 0 0 0 0 2 0 1 0 9 0 0 0 0 1 0 19 34 0 0 57 30 12 0 0 0 15 95 31 18 0 0 6 40 42 1 27 0 13 35 0 0 0 0 0 0 0 0 0 0 0 0 0 0 0 0 2 0 0 0 0 0 2 0 0 0 0 0 2 0 0 0 8 0 11 0 0 0 0 1 0 5 0 0 0 0 0 0 0 0 0 1 0 0 0 0 0 0 0 0 46 50 22 0 0 0 13 66 21 0 0 0 0 32 22 17 0 13 0 14 0 0 0 1 0 0 0 0 0 0 0 0 0 0 0 1 0 0 0 0 0 0 0 19 0 0 0 0 2 0 0 0 0 0 0 0 0 0 0 0 0 0 0 0 0 0 0 0 0 0 0 0 0 0 5 2 0 0 0 0 0 0 0 0 0 0 0 0 0 0 0 0 0 0 0 0 0 0 0 0 0 0 0 0 0 0 0 0 0 0 
 0 0 0 2 1 5 0 0 0 0 3 0 0 0 75 2 0 0 0 7 425 457 100 59 118 35 113 0 53 21 61 128 167 416 175 38 124 505 89 48 0 6 4 3 0 0 0 0 0 4 0 0 0 5 3 0 0 0 3 27 0 0 3 3 0 0 24 0 0 0 0 0 3 0 0 1 2 0 27 0 0 0 0 0 0 0 0 0 0 0 0 0 0 0 0 0 0 0 0 0 32 29 27 54 0 0 0 52 44 38 48 1 0 17 33 51 21 31 0 0 0 0 0 10 0 1 0 0 0 0 0 0 0 1 0 0 0 0 0 0 0 0 0 1 0 0 0 1 1 0 5 0 0 0 0 0 24 0 0 1 0 5 0 0 0 0 0 0 0 0 0 6 0 8 0 0 0 0 0 0 10 8 30 51 0 1 0 8 15 19 34 0 0 11 10 24 24 15 0 0 0 0 0 0 0 0 0 0 0 17 0 0 0 0 0 0 0 16 0 0 0 0 0 0 0 0 0 0 0 0 0 0 1 0 0 0 0 0 0 0 0 0 2 0 0 0 0 0 0 0 0 0 0 0 11 0 2 0 0 2 0 2 0 0 0 0 0 0 0 0 0 0 1 0 0 0 0 0 0 0 0 6 0 0 0 0 0 0 0 0 
 2 2 2 2 2 6 67 0 2 2 2 2 2 2 2 3 6 2 2 4 56 380 106 294 150 36 306 53 0 399 42 25 85 312 108 97 458 324 81 70 0 9 9 8 0 67 1 0 0 6 0 0 0 2 63 1 0 2 3 0 0 30 2 6 0 0 12 6 0 0 5 2 3 0 0 3 2 0 0 0 0 0 0 0 0 0 0 0 0 0 0 0 0 0 0 0 0 0 0 0 0 1 7 49 0 0 1 0 30 25 39 52 12 0 2 20 27 44 1 0 0 0 0 0 0 0 0 0 0 0 8 0 5 1 0 0 0 0 0 0 0 0 0 1 0 0 0 0 0 0 0 0 0 0 0 0 1 0 0 2 0 0 0 0 0 0 2 0 0 0 0 44 0 11 0 0 0 0 0 0 0 0 12 50 1 1 0 1 22 46 31 20 0 0 2 0 36 19 17 0 0 0 0 0 0 0 0 0 0 0 0 0 0 0 1 0 0 0 0 1 0 0 0 0 0 0 14 0 0 0 0 0 0 0 0 0 0 0 1 0 0 0 12 0 0 1 0 0 0 0 0 0 0 0 14 0 0 4 7 0 12 14 0 0 0 0 0 0 0 0 0 0 0 0 0 0 0 0 0 0 0 7 0 0 0 0 11 0 0 0 
 0 0 0 0 3 0 0 0 0 0 0 0 2 0 0 1 0 0 0 0 40 49 414 390 80 41 42 21 399 0 386 42 136 69 121 414 219 119 73 100 0 2 3 4 3 0 0 0 0 3 0 0 0 0 0 0 0 0 3 0 0 0 2 3 0 10 0 0 0 6 0 0 3 0 0 3 4 0 0 0 0 0 0 0 0 0 0 0 0 0 0 0 0 0 2 0 0 0 0 0 0 0 1 37 29 9 0 0 3 0 20 54 0 1 0 1 28 36 0 0 0 0 0 0 0 0 1 2 0 0 0 0 0 15 2 0 0 0 0 0 0 0 0 6 0 0 0 0 2 27 0 0 1 0 0 2 3 0 0 13 0 0 0 0 0 0 0 0 0 0 0 0 0 1 0 0 0 0 0 0 0 0 30 2 9 13 1 0 22 18 11 39 0 0 0 0 11 39 0 0 0 0 0 0 1 0 0 0 0 0 0 0 0 16 0 0 0 1 0 0 0 0 0 0 0 0 0 0 0 0 0 0 0 0 0 0 0 0 0 0 0 0 21 0 0 2 0 0 0 0 0 0 0 0 9 0 0 152 152 3 2 10 0 0 0 0 18 0 24 0 0 0 0 0 0 0 0 0 0 0 0 3 0 0 0 0 13 0 0 0 
 0 2 0 0 1 0 1 0 1 0 0 0 0 0 0 6 2 1 2 2 259 40 263 400 337 73 37 61 42 386 0 573 36 250 70 315 248 369 45 70 0 2 3 3 0 0 0 0 0 3 0 0 0 0 0 0 0 0 3 0 0 0 3 3 34 4 0 0 0 0 0 4 3 0 0 1 2 0 0 0 2 0 0 0 0 0 0 0 0 7 0 0 0 0 0 0 0 0 0 0 0 0 0 17 44 19 0 0 0 0 0 47 0 0 2 0 0 7 0 0 0 0 0 0 0 2 0 0 2 11 0 0 2 8 0 0 0 0 10 0 0 2 0 3 0 0 0 0 0 0 1 0 0 0 0 0 0 0 0 0 0 21 0 0 2 0 0 0 0 0 10 0 0 0 0 0 0 0 0 0 0 0 7 11 16 8 0 0 2 15 9 18 0 0 0 0 0 4 0 0 0 0 0 0 0 0 0 0 15 1 0 0 2 12 0 0 0 0 14 0 0 0 0 0 0 0 0 0 0 0 1 0 0 0 0 0 0 0 0 0 0 0 5 0 0 0 0 0 0 0 0 0 0 0 14 0 0 51 45 0 13 0 0 0 0 0 10 0 0 0 0 1 0 0 0 0 0 0 0 0 0 9 0 0 0 0 10 0 0 0 
 3 2 3 3 3 3 3 2 2 3 3 3 12 3 3 4 6 2 2 2 257 246 42 337 353 57 48 128 25 42 573 0 111 63 249 46 46 274 32 48 1 64 3 3 0 0 0 0 0 2 0 2 0 0 0 0 2 2 4 0 0 0 3 3 0 11 0 0 0 0 0 0 3 0 0 1 2 0 0 0 0 0 0 0 2 0 0 0 0 0 0 0 0 0 0 0 0 0 0 0 0 0 0 0 55 21 0 1 2 0 0 14 0 0 0 0 0 0 0 0 6 0 0 0 0 0 4 0 0 0 0 0 13 12 0 1 0 0 28 63 0 0 0 16 0 0 0 0 0 0 15 0 0 0 0 0 0 0 0 0 0 0 0 0 0 0 0 0 1 0 0 0 2 0 1 0 0 0 0 0 0 0 0 27 59 14 0 0 0 0 0 18 0 8 0 0 0 0 0 0 0 0 0 0 0 0 21 0 0 0 0 0 13 47 0 0 0 18 8 30 18 0 0 0 0 2 0 0 0 0 0 0 0 0 0 0 0 0 0 0 0 0 1 0 0 0 0 0 0 0 0 0 0 13 16 0 2 157 155 1 4 2 0 0 0 0 17 0 0 0 0 0 0 0 0 0 0 0 0 0 0 0 0 0 0 0 0 0 0 0 
 0 0 0 0 3 21 0 2 0 2 1 2 0 0 0 0 0 0 0 2 81 47 72 68 138 51 685 167 85 136 36 111 0 82 57 113 47 26 429 225 0 6 3 3 0 0 0 0 3 3 0 0 2 0 0 1 0 1 3 0 0 0 2 3 0 0 0 0 0 0 0 6 3 0 0 3 5 0 0 0 0 0 0 0 0 0 0 0 0 0 0 0 0 0 0 0 0 16 0 0 13 13 1 0 0 0 67 16 63 0 1 0 24 24 34 0 13 0 49 23 0 0 0 0 0 0 0 0 0 0 0 0 0 0 0 1 0 0 0 0 0 0 0 0 0 1 0 0 4 0 0 0 0 0 0 0 0 1 0 0 0 0 1 26 0 0 0 0 0 0 0 0 2 0 21 0 0 0 0 0 20 48 0 0 0 2 45 53 8 0 2 0 26 31 33 20 0 0 19 33 0 0 0 0 0 1 0 0 0 0 0 0 0 0 0 0 0 0 0 0 0 0 0 0 0 0 0 0 0 0 0 1 0 0 0 0 0 0 0 0 0 0 1 0 0 0 0 0 0 0 0 0 0 0 13 0 0 0 0 1 0 0 0 0 0 0 0 0 0 0 0 0 0 0 0 0 0 0 0 0 0 0 0 0 0 0 0 0 0 0 
 2 3 76 3 4 2 2 0 2 2 2 2 2 2 2 2 5 2 2 0 107 87 136 62 76 47 613 416 312 69 250 63 82 0 410 259 34 30 147 209 0 5 3 3 0 0 0 0 0 3 0 0 0 0 0 0 0 0 3 0 0 0 2 3 0 0 0 0 0 0 0 0 3 0 0 3 2 0 0 0 0 0 0 0 0 0 1 0 1 0 24 0 2 0 0 0 0 0 0 1 37 70 20 3 9 0 13 90 34 11 11 0 18 22 48 49 12 2 2 0 0 0 0 0 0 0 0 0 0 1 0 0 0 0 0 0 0 0 0 0 0 0 17 0 0 0 19 0 1 0 18 2 0 0 0 0 0 0 0 0 0 5 0 0 0 0 0 0 0 0 2 0 0 0 0 0 0 18 0 1 21 59 21 29 18 0 1 30 8 12 10 0 1 86 19 35 21 16 0 9 0 0 0 1 0 0 0 0 0 0 0 0 0 0 0 0 0 0 0 0 1 0 0 0 0 0 0 0 0 0 0 0 0 0 0 0 0 0 0 0 0 0 0 0 0 0 0 0 0 0 0 0 0 0 0 0 2 0 0 0 4 0 0 0 0 0 0 0 0 0 0 0 0 0 0 0 0 0 0 0 0 11 0 0 0 0 0 0 0 0 
 0 0 0 0 3 0 0 0 2 0 1 1 2 0 2 1 4 0 9 4 432 372 58 68 106 46 56 175 108 121 70 249 57 410 0 73 36 21 103 117 0 9 71 5 0 4 0 1 0 3 0 0 0 0 0 0 0 2 3 0 0 0 2 3 0 3 10 2 4 0 0 0 3 0 0 3 2 3 0 0 0 0 0 0 0 0 3 1 0 0 0 0 0 0 2 0 0 0 20 0 36 31 22 30 0 0 0 47 48 49 75 0 0 15 19 54 26 18 0 0 0 0 0 0 6 0 0 0 0 0 0 0 0 1 0 0 0 0 0 0 0 0 1 1 2 0 0 8 0 0 0 0 0 0 0 0 2 0 0 1 0 4 0 0 0 0 0 0 0 0 0 4 0 2 0 0 0 2 0 15 6 12 35 121 0 1 0 20 14 24 34 1 0 16 22 23 35 20 0 2 0 0 0 2 0 0 0 0 0 0 0 0 0 0 0 2 14 0 0 0 0 0 0 0 0 0 0 0 0 0 0 0 0 0 0 0 0 0 0 0 0 0 1 0 0 0 0 0 0 0 0 0 2 0 10 0 0 0 0 3 0 2 0 0 0 0 0 0 0 0 0 0 0 0 0 0 0 0 0 0 0 18 0 0 0 0 0 0 0 0 
 0 0 0 0 2 0 0 1 0 0 0 0 3 0 0 2 0 0 0 3 249 339 76 134 75 62 31 38 97 414 315 46 113 259 73 0 499 532 248 356 0 2 5 3 0 0 0 0 0 3 0 0 0 0 0 1 64 2 2 0 0 0 2 3 0 0 8 0 0 0 0 0 3 0 0 3 2 0 0 0 0 0 0 0 0 0 0 0 0 0 0 0 0 0 1 0 0 0 0 0 0 2 6 48 0 0 0 0 30 31 50 38 0 0 1 19 24 51 0 0 0 0 0 0 0 0 0 0 0 0 0 2 0 1 0 0 0 0 0 0 0 0 0 1 1 0 0 0 0 0 0 0 0 0 0 0 10 0 0 2 0 0 0 0 13 0 0 0 0 0 0 11 0 5 0 0 0 0 0 0 0 0 12 41 0 1 0 0 21 46 30 19 0 0 0 0 35 19 0 1 0 0 0 1 0 0 0 0 0 0 0 0 1 0 0 0 0 0 1 0 0 0 0 0 0 0 0 0 2 0 0 9 0 13 0 0 0 0 0 0 0 0 13 0 0 0 0 0 0 0 0 0 0 0 18 0 1 4 3 0 12 12 7 0 0 0 0 0 0 0 0 0 0 0 0 0 0 0 0 0 0 7 0 0 0 0 11 0 0 0 
 0 0 1 0 32 0 1 1 0 0 0 0 0 2 1 1 0 0 0 2 267 179 189 252 136 65 27 124 458 219 248 46 47 34 36 499 0 331 30 37 0 2 3 3 0 0 0 0 0 2 0 0 0 0 0 0 0 0 3 61 25 0 3 3 0 1 5 0 0 0 0 0 3 0 0 0 2 0 0 0 0 0 0 0 0 0 0 0 0 0 0 0 0 0 19 0 0 0 0 0 3 2 3 65 1 10 0 0 18 18 55 47 0 0 0 21 31 38 0 0 0 0 1 0 0 0 1 0 0 0 0 0 0 17 0 0 0 0 0 0 0 0 0 8 0 0 0 9 0 0 0 0 0 0 0 0 2 11 0 2 0 0 0 0 0 0 0 0 0 0 0 1 0 1 0 0 0 0 0 0 2 0 27 29 2 1 0 0 16 82 27 37 19 0 0 0 26 53 0 0 0 2 0 0 0 0 0 0 0 0 0 0 0 0 0 0 0 0 0 0 0 0 0 0 0 0 21 0 0 0 0 0 0 0 10 0 0 0 0 0 0 0 14 0 0 0 0 0 0 0 0 0 0 0 7 0 0 73 79 2 5 12 0 0 0 13 11 0 0 0 0 0 0 0 0 0 0 0 0 0 0 6 0 0 0 0 9 0 0 0 
 0 0 0 2 0 0 0 2 0 0 0 112 0 2 0 1 0 0 0 101 40 32 255 551 28 44 27 505 324 119 369 274 26 30 21 532 331 0 28 54 0 3 3 3 0 0 0 0 0 2 0 0 0 0 0 0 0 0 3 0 23 0 3 3 0 9 1 0 58 0 0 0 3 0 0 1 2 0 0 0 0 0 0 0 0 0 0 0 17 0 0 0 0 0 0 0 21 0 0 0 0 1 0 44 8 9 19 0 0 1 19 88 0 0 0 0 14 29 0 0 0 0 2 0 0 0 1 0 18 0 0 0 0 25 0 0 0 0 0 0 0 0 0 35 0 0 0 0 0 0 0 0 0 0 0 0 2 0 0 2 31 0 0 0 0 0 0 0 0 0 0 0 0 2 0 0 0 0 0 0 2 0 24 0 9 17 10 0 21 19 13 55 0 0 1 0 9 53 0 0 0 0 0 0 0 0 10 0 0 6 0 0 0 11 0 0 0 0 0 0 0 0 0 0 0 5 0 0 0 10 0 0 0 0 0 0 0 0 0 0 0 0 12 0 0 0 0 0 0 0 0 0 0 0 12 0 0 147 199 3 17 9 0 0 0 0 39 0 0 0 0 0 0 0 0 0 0 0 0 0 0 4 0 0 0 0 0 0 0 0 
 0 0 0 0 1 297 0 0 0 0 0 2 2 0 0 2 0 0 0 2 61 118 66 129 78 38 110 89 81 73 45 32 429 147 103 248 30 28 0 515 0 5 5 3 0 4 0 0 0 3 0 2 0 0 3 67 0 70 3 66 0 0 2 3 3 1 0 6 0 49 0 13 9 0 0 3 58 0 0 0 0 0 0 14 18 13 0 0 0 0 0 0 0 14 9 0 0 0 0 0 67 0 0 0 0 0 37 0 3 0 0 0 14 20 14 1 0 0 30 41 0 0 0 0 0 0 0 0 0 0 0 0 0 0 0 0 0 0 7 0 0 0 0 0 0 0 0 0 3 0 0 0 0 0 6 0 0 0 0 0 0 0 0 0 0 12 0 0 0 0 0 0 0 0 0 1 2 0 0 0 23 20 0 0 0 0 34 4 17 0 0 0 68 15 31 0 0 0 18 54 0 0 0 0 0 0 0 0 0 0 0 0 24 0 0 0 0 0 0 0 0 0 0 0 0 0 0 0 0 0 0 0 0 0 0 0 0 0 0 0 0 0 0 0 0 0 0 0 0 0 0 0 0 0 12 0 3 0 0 0 0 0 0 0 0 0 0 0 0 0 0 0 0 0 0 0 0 0 0 0 0 0 0 0 0 0 0 0 0 0 
 1 0 2 1 0 0 2 2 2 208 69 0 1 2 4 3 1 1 2 4 117 48 59 63 375 37 264 48 70 100 70 48 225 209 117 356 37 54 515 0 0 2 3 3 0 0 0 0 0 2 0 0 0 0 1 0 0 2 3 0 0 0 3 46 0 0 1 0 2 0 0 1 6 0 0 1 2 0 4 3 1 1 0 0 0 0 0 0 0 0 0 0 0 0 0 0 0 0 0 0 54 12 0 0 7 0 53 13 24 0 0 0 12 51 45 0 0 0 14 19 0 0 0 0 0 1 0 0 0 0 0 0 3 0 0 0 0 0 0 0 0 1 0 0 0 0 0 0 3 0 2 0 0 0 0 0 0 0 0 0 17 0 0 0 0 0 0 0 0 2 0 0 0 0 0 0 0 0 0 0 17 25 16 2 0 0 2 18 1 0 0 0 13 66 25 15 0 0 12 20 0 1 0 0 0 0 0 0 0 0 0 0 2 0 0 0 0 0 0 0 0 11 0 0 11 0 0 0 0 0 2 0 0 0 0 0 0 2 0 0 0 0 0 0 0 0 1 0 0 0 0 0 0 0 17 0 3 0 0 1 2 3 0 0 0 0 0 0 0 0 0 2 0 0 0 0 0 0 0 0 0 0 0 0 0 0 0 0 0 0 
 0 62 0 0 0 0 0 0 0 0 0 0 0 0 0 0 0 1 0 1 2 0 0 0 0 2 0 0 0 0 0 1 0 0 0 0 0 0 0 0 0 172 67 33 250 50 285 241 25 44 31 21 44 130 250 30 37 242 55 67 0 0 0 0 0 0 0 0 4 0 0 0 0 2 0 0 0 0 0 0 0 0 0 0 0 20 0 0 0 0 0 0 0 0 0 0 0 0 0 0 0 0 0 0 0 2 0 0 0 0 0 0 0 0 0 0 0 0 0 0 3 20 25 1 0 0 3 25 53 35 7 0 8 26 10 54 16 7 3 3 0 0 0 0 0 0 33 0 0 0 0 0 0 0 0 0 0 0 0 0 0 0 0 0 11 0 0 0 4 0 0 0 0 0 0 0 0 4 0 0 0 0 0 0 3 3 0 0 0 0 20 0 0 0 8 0 0 0 0 0 10 17 11 0 7 0 18 19 11 15 0 0 4 0 10 24 24 0 2 0 0 0 0 0 0 0 0 0 0 0 0 0 0 0 0 0 0 0 5 0 0 0 7 0 0 0 0 0 0 0 0 9 0 1 0 0 0 0 0 1 0 0 0 0 1 3 2 0 0 0 0 0 0 0 0 0 0 0 0 0 0 0 0 0 0 0 0 0 0 0 
 3 0 0 0 2 0 0 0 0 0 0 0 0 0 0 3 0 0 0 0 6 15 2 209 2 2 2 6 9 2 2 64 6 5 9 2 2 3 5 2 172 0 477 272 38 37 81 211 185 248 44 89 105 353 187 162 384 36 43 52 0 0 0 0 0 0 0 0 7 0 0 0 0 0 0 0 0 0 0 0 0 0 0 0 0 0 0 0 0 0 0 0 0 0 0 0 0 0 0 0 3 4 0 2 0 0 0 8 2 7 9 0 0 0 0 7 0 0 0 0 8 36 44 35 8 0 0 17 24 24 6 18 0 0 19 11 0 22 0 0 0 0 0 0 0 0 2 0 0 0 0 0 0 0 0 0 0 0 0 0 0 0 0 0 0 0 0 0 0 0 0 0 0 0 2 0 0 0 0 0 8 0 0 7 0 0 0 0 0 0 4 0 0 0 27 0 2 0 7 0 0 0 30 33 7 0 0 14 28 18 22 9 0 0 0 32 26 15 0 0 0 0 0 0 0 0 0 0 0 0 22 0 0 0 0 0 0 0 7 0 0 0 9 0 0 0 0 0 0 0 0 1 0 1 0 0 0 0 0 0 0 0 0 0 0 11 0 0 0 2 9 0 0 0 0 0 0 0 0 0 0 3 0 0 0 0 0 0 0 0 
 0 0 0 0 0 2 61 0 0 0 0 0 0 0 0 3 0 0 0 0 3 3 3 5 3 3 4 4 9 3 3 3 3 3 71 5 3 3 5 3 67 477 0 89 42 244 64 72 206 307 272 40 73 276 258 214 150 237 49 38 10 0 0 0 0 0 0 0 8 0 0 0 0 0 0 0 0 0 0 0 0 0 0 0 0 0 0 0 0 0 0 0 0 0 0 0 0 0 0 0 0 0 0 0 0 0 0 0 0 0 0 0 0 0 0 0 0 0 0 5 7 8 10 20 10 0 0 0 1 0 3 34 0 0 0 28 28 36 0 0 0 0 0 0 0 0 0 0 0 0 0 0 0 0 0 0 0 0 0 10 0 0 0 0 0 0 0 0 0 0 0 0 0 0 0 0 0 0 0 0 0 0 0 0 0 0 0 0 0 0 0 0 0 0 0 0 0 0 0 0 0 0 28 20 0 0 0 0 19 26 36 42 0 0 0 8 19 96 0 0 24 0 0 0 0 0 0 0 0 0 0 0 0 0 10 0 0 0 0 4 0 0 0 0 0 0 0 0 0 0 0 0 0 0 0 0 0 0 0 19 0 0 2 1 0 14 2 1 0 0 7 0 0 0 0 0 0 0 0 0 0 0 0 0 0 17 0 0 0 0 
 2 2 2 2 2 2 2 0 2 2 2 61 2 2 2 2 2 2 2 2 4 3 3 3 3 3 3 3 8 4 3 3 3 3 5 3 3 3 3 3 33 272 89 0 115 60 86 63 90 326 87 268 52 73 262 81 133 256 101 99 8 0 0 7 37 0 0 0 0 5 12 19 4 0 0 2 7 52 0 0 0 13 0 0 23 0 0 0 0 0 0 0 0 0 0 0 0 0 0 0 0 0 10 0 0 0 0 0 0 0 0 0 0 0 7 0 0 0 0 0 0 0 0 19 14 19 0 0 0 0 6 33 0 11 0 0 0 17 0 0 0 0 12 22 7 7 0 0 0 0 0 26 0 0 0 8 0 0 11 10 0 0 0 0 0 0 0 0 0 0 0 0 0 0 0 0 0 0 0 0 0 0 0 0 0 0 0 0 0 0 0 0 0 0 0 0 0 0 0 0 0 0 1 1 38 1 0 0 0 0 18 21 0 0 0 0 0 0 0 0 1 0 0 0 2 5 11 0 37 0 0 0 14 0 0 0 0 0 26 21 0 0 0 0 0 0 0 0 0 0 0 14 0 0 0 0 0 0 0 32 0 0 37 9 4 0 0 33 2 0 0 0 0 0 0 8 0 0 0 0 10 0 0 0 3 13 0 0 0 0 
 0 35 0 0 0 0 0 0 0 0 0 0 0 63 0 0 0 0 0 4 6 0 1 1 0 66 0 0 0 3 0 0 0 0 0 0 0 0 0 0 250 38 42 115 0 276 48 50 296 77 94 228 78 67 69 64 287 49 54 92 6 10 14 4 5 0 0 2 5 7 4 0 0 2 0 7 8 2 0 0 0 0 0 0 0 0 0 0 0 0 0 0 0 0 0 0 0 0 0 1 0 0 0 0 0 0 0 0 0 0 0 0 0 0 0 0 0 46 0 0 3 0 0 7 11 17 0 0 0 0 7 0 0 0 0 7 0 0 15 0 0 0 2 3 0 9 0 0 14 2 3 5 21 5 0 0 0 3 27 24 0 0 0 0 0 0 0 0 0 0 0 0 0 0 4 0 14 0 0 0 0 0 0 0 0 0 0 0 0 0 0 6 0 0 0 0 0 0 0 0 0 0 0 0 0 38 0 0 0 0 0 0 0 18 0 0 0 0 0 0 21 3 3 14 21 0 40 2 0 2 2 0 29 16 0 12 1 4 20 15 0 0 0 0 0 0 0 0 0 0 0 7 0 0 0 0 0 0 0 3 0 0 1 1 0 0 7 1 0 2 10 0 0 0 0 3 0 10 0 0 0 0 0 11 0 0 0 0 0 0 
 0 1 0 0 0 0 64 0 2 60 0 0 0 0 0 1 2 0 0 2 0 0 1 0 0 30 0 0 67 0 0 0 0 0 4 0 0 0 4 0 50 37 244 60 276 0 52 35 54 42 286 123 15 53 32 71 105 43 102 258 0 0 0 0 5 0 0 0 52 0 0 0 1 0 0 0 0 0 108 0 0 0 0 0 0 0 0 0 0 0 0 0 0 0 0 0 0 0 0 0 0 0 0 0 0 0 0 0 0 0 0 0 0 0 0 0 0 13 0 0 0 2 0 0 0 24 13 5 0 0 0 0 0 14 5 4 0 34 0 4 14 0 0 0 0 0 0 1 10 0 0 0 45 20 2 0 0 0 24 12 0 0 0 0 0 1 0 0 0 0 0 0 0 0 6 0 0 0 0 0 0 0 0 0 3 0 0 0 0 0 0 0 0 0 0 0 0 0 10 0 21 0 5 0 0 35 0 0 11 0 0 0 5 2 8 0 0 0 1 0 20 15 0 0 0 4 16 24 0 0 0 0 14 19 0 0 0 0 18 23 0 0 0 0 0 0 0 0 0 0 0 12 2 0 0 0 0 0 0 1 0 0 2 4 1 4 0 0 0 0 0 0 0 0 0 0 0 0 0 0 0 0 0 0 0 0 0 0 0 0 
 0 0 0 0 0 0 0 0 0 0 0 0 0 0 0 0 1 6 0 0 0 0 0 0 0 8 0 0 1 0 0 0 0 0 0 0 0 0 0 0 285 81 64 86 48 52 0 79 40 28 35 244 304 475 55 23 34 23 64 372 0 0 0 5 0 0 0 0 0 3 0 0 0 3 0 2 0 0 0 0 0 0 0 0 0 0 0 10 0 0 0 0 9 0 0 0 0 0 0 0 0 0 0 0 0 1 12 0 0 0 0 0 0 0 0 13 0 0 15 0 25 9 10 0 0 0 14 12 15 13 0 0 9 25 20 33 16 0 0 0 0 0 0 0 0 0 5 0 0 0 0 0 0 0 0 0 0 0 0 0 0 0 0 0 3 0 6 0 4 0 0 0 0 8 0 0 0 7 0 0 0 0 0 0 0 0 0 0 0 0 0 23 0 0 0 0 0 0 0 0 48 57 0 0 9 0 5 28 0 10 0 0 10 13 22 23 11 0 0 0 0 0 0 0 0 11 0 0 0 0 0 0 0 0 0 0 0 0 0 0 0 0 0 0 0 0 0 0 0 0 0 11 0 0 0 0 0 0 0 0 0 0 0 0 0 2 2 0 0 0 0 0 0 0 0 0 0 0 0 0 0 0 0 0 0 0 0 0 0 0 
 3 1 3 3 2 3 2 2 1 4 3 3 3 3 3 2 3 2 2 0 0 0 0 0 0 0 0 0 0 0 0 0 0 0 1 0 0 0 0 0 241 211 72 63 50 35 79 0 76 54 32 23 84 307 115 58 42 232 65 62 0 0 0 0 0 0 0 0 6 0 0 1 0 0 0 0 0 0 3 0 0 0 0 0 0 0 0 0 0 0 0 0 0 0 0 0 0 0 0 0 0 0 0 0 0 0 0 0 0 0 0 0 0 0 0 0 0 0 0 0 0 33 37 14 9 19 0 31 42 45 9 10 0 0 24 22 0 30 0 0 42 0 0 0 0 0 6 0 0 0 0 0 5 19 0 17 0 0 2 4 0 0 0 0 0 0 0 0 16 19 0 0 0 0 0 0 0 0 0 0 0 0 0 0 0 0 0 0 0 0 0 0 0 0 0 0 0 0 0 0 1 10 56 11 3 0 0 36 40 17 0 9 0 0 6 52 65 8 0 0 0 0 0 0 0 0 1 0 0 0 0 5 8 0 0 0 0 0 7 3 0 0 9 0 0 0 0 0 0 0 0 3 0 0 0 0 0 0 0 0 62 0 0 0 0 9 0 0 0 0 0 0 0 0 0 0 0 0 0 0 0 0 0 0 0 0 0 0 0 0 
 0 0 0 0 0 0 0 0 0 0 0 0 4 0 0 3 0 0 2 2 13 0 64 0 0 0 0 0 0 0 0 0 3 0 0 0 0 0 0 0 25 185 206 90 296 54 40 76 0 342 193 19 72 96 97 77 194 218 97 85 49 4 0 0 0 0 5 6 0 2 4 0 0 0 0 6 4 2 3 51 0 0 0 0 0 0 0 0 0 0 0 0 0 0 0 0 0 0 0 0 0 0 0 0 0 14 0 0 0 0 0 0 0 0 0 0 0 0 0 0 0 12 12 18 28 14 0 1 3 1 12 22 0 0 1 10 4 48 0 0 8 0 0 0 0 0 2 0 0 0 0 0 3 1 0 0 0 0 0 6 0 0 0 0 0 0 0 0 0 0 0 0 0 0 0 0 0 0 0 0 0 0 0 0 0 0 10 0 0 0 0 0 0 0 0 0 0 0 0 0 12 1 17 28 4 0 0 2 11 10 21 40 0 0 0 14 12 23 0 0 0 5 0 0 0 1 0 8 0 0 0 2 6 0 0 0 0 0 10 5 0 0 7 0 0 0 0 2 0 0 0 5 0 1 0 0 2 0 0 16 0 2 2 1 2 13 0 1 0 0 3 0 0 0 0 0 0 0 0 0 0 0 0 0 0 8 0 0 0 0 
 0 0 0 0 0 0 0 0 0 0 0 66 3 0 0 0 0 0 0 0 2 3 61 3 2 3 3 4 6 3 3 2 3 3 3 3 2 2 3 2 44 248 307 326 77 42 28 54 342 0 346 47 46 303 104 444 360 91 87 102 11 0 0 6 0 0 59 0 1 7 7 2 0 0 0 0 0 3 0 1 0 0 0 0 0 0 0 0 0 0 0 0 0 0 0 0 0 0 0 0 0 0 0 0 0 0 0 2 0 0 24 0 0 0 0 0 0 0 0 0 0 48 1 21 18 35 0 0 1 1 22 16 0 0 0 1 28 1 0 0 0 0 3 34 3 7 0 0 0 0 0 7 0 0 0 0 0 0 0 0 0 0 2 26 0 0 0 0 0 0 0 0 0 0 0 0 0 0 0 0 0 0 0 0 0 0 13 0 0 0 0 0 0 0 0 0 0 0 0 0 0 0 15 21 23 0 0 0 0 18 64 30 0 0 0 11 0 34 0 0 11 0 4 0 6 3 0 0 0 0 0 0 0 0 0 0 0 0 27 23 0 0 0 0 0 0 0 0 0 0 0 0 0 0 0 0 0 0 0 25 0 0 68 65 0 2 0 64 0 0 11 0 0 0 0 32 0 0 0 0 0 0 0 0 10 16 0 0 0 0 
 0 0 0 0 0 2 0 0 28 0 0 0 0 0 0 0 3 0 0 5 3 0 0 0 0 0 0 0 0 0 0 0 0 0 0 0 0 0 0 0 31 44 272 87 94 286 35 32 193 346 0 247 27 32 114 93 409 250 35 78 10 0 0 0 0 0 2 16 0 0 0 0 0 17 8 0 7 1 0 0 0 0 0 0 0 0 12 0 0 0 0 0 0 0 0 0 0 0 0 0 0 0 0 0 0 0 0 0 0 0 0 0 0 10 8 0 0 0 0 0 0 0 0 9 43 22 0 0 0 0 9 22 0 0 0 0 0 0 0 0 0 14 22 0 0 0 0 0 11 4 0 0 3 0 7 1 10 37 9 10 0 0 0 0 0 0 0 0 0 0 0 0 0 0 0 0 0 0 0 0 0 0 0 0 0 10 0 0 0 0 0 0 0 0 0 0 0 0 0 0 0 0 0 0 25 3 20 0 0 0 34 19 0 0 0 0 0 3 0 0 3 1 0 0 0 0 10 0 8 0 8 0 13 9 4 1 35 1 32 22 0 0 0 0 0 0 0 0 0 0 0 10 0 0 0 0 0 0 0 26 0 0 33 1 0 0 2 38 0 4 0 0 0 0 0 0 0 0 0 0 0 0 0 0 2 13 0 0 0 0 
 0 0 66 0 0 5 0 0 0 0 3 0 0 0 0 0 0 0 2 0 0 0 0 0 0 0 0 0 0 0 0 2 0 0 0 0 0 0 2 0 21 89 40 268 228 123 244 23 19 47 247 0 45 34 63 43 323 68 270 262 1 0 0 0 0 53 52 0 52 0 0 0 0 0 0 48 0 0 0 0 0 0 0 0 0 0 0 0 0 0 0 0 0 0 0 0 0 0 0 0 0 0 0 0 0 0 0 0 0 0 0 0 0 0 0 0 0 0 0 0 0 9 11 14 12 47 0 5 0 0 20 13 0 8 6 5 8 11 0 0 0 0 3 0 0 0 7 0 0 0 0 0 33 0 0 0 0 0 14 13 0 18 0 0 0 0 21 0 0 0 0 0 0 0 0 0 7 0 0 0 0 0 0 0 0 0 0 0 0 0 0 0 0 0 0 0 0 0 0 0 8 5 5 0 27 25 0 4 7 4 9 0 0 8 7 10 0 2 0 0 13 0 0 0 0 0 23 0 0 0 0 0 19 11 0 0 0 0 57 12 0 0 0 0 0 0 0 0 0 0 0 11 0 0 0 0 0 0 0 1 0 0 62 89 0 2 6 62 0 0 0 0 0 0 0 0 0 0 0 0 0 0 4 0 29 0 0 0 0 0 
 0 0 0 0 2 0 0 0 0 0 0 0 0 0 0 1 0 0 1 0 0 0 0 0 0 212 0 0 0 0 0 0 2 0 0 0 0 0 0 0 44 105 73 52 78 15 304 84 72 46 27 45 0 125 89 72 47 282 548 366 0 0 0 5 0 1 0 0 0 0 0 0 0 0 0 0 0 0 0 0 0 0 0 0 21 0 0 0 0 0 0 0 0 0 0 0 0 0 0 0 0 0 0 0 1 22 0 0 0 0 0 0 0 0 0 0 0 0 0 0 19 7 0 0 4 35 24 22 0 6 0 0 9 51 37 9 21 0 1 1 0 0 0 0 0 8 0 0 0 0 0 0 0 0 0 0 0 0 0 2 1 0 0 0 7 0 0 0 6 0 0 0 0 0 0 0 0 10 0 0 0 0 0 0 0 0 0 0 0 0 0 0 0 0 0 0 0 0 0 0 25 24 0 0 6 11 41 48 0 0 0 8 20 6 30 0 10 0 0 1 0 0 0 0 0 0 0 0 0 0 0 6 0 0 0 0 0 0 2 2 0 0 1 0 0 0 0 0 0 29 0 3 0 2 0 0 0 0 0 1 0 0 0 0 0 1 0 0 0 0 0 0 0 0 0 0 0 0 0 0 0 0 0 0 0 0 0 0 0 0 
 0 0 0 0 0 72 6 0 61 61 0 0 2 0 0 0 3 0 10 7 0 0 0 0 0 0 0 5 2 0 0 0 0 0 0 0 0 0 0 0 130 353 276 73 67 53 475 307 96 303 32 34 125 0 316 31 269 41 80 102 0 0 0 0 0 0 0 0 4 0 0 0 0 0 0 0 0 0 0 0 5 0 8 0 0 0 5 9 0 0 0 0 11 1 2 0 0 0 3 7 0 0 0 0 0 0 0 0 0 0 0 0 0 0 0 0 0 0 0 0 0 19 22 1 0 0 0 31 31 46 7 2 1 36 9 43 29 34 0 0 0 0 0 0 0 0 8 0 0 0 0 0 0 17 0 0 0 0 0 0 3 0 0 0 0 0 10 6 9 0 0 0 0 4 0 0 0 4 0 26 0 0 0 0 0 0 0 0 0 0 0 0 0 0 0 0 0 0 0 0 11 9 15 0 7 0 18 19 36 3 0 0 0 0 9 13 23 0 0 0 0 0 0 8 0 0 8 13 0 0 0 0 0 0 0 0 0 0 0 0 0 0 7 0 0 0 0 0 0 0 0 11 0 1 0 0 0 0 1 0 0 0 0 0 0 1 2 0 0 0 0 0 0 0 0 0 0 0 0 0 0 0 0 0 0 0 0 0 0 0 
 0 0 0 0 0 0 0 0 0 0 0 0 0 0 0 0 3 0 0 2 1 0 0 140 0 0 0 3 63 0 0 0 0 0 0 0 0 0 3 1 250 187 258 262 69 32 55 115 97 104 114 63 89 316 0 318 41 55 84 104 0 51 0 0 0 0 0 52 6 0 0 0 0 0 0 0 0 2 0 3 0 0 0 0 0 0 0 0 0 0 0 0 0 0 0 0 14 0 0 0 0 0 0 0 0 0 0 0 0 1 0 0 0 0 0 0 0 0 0 0 0 28 32 25 0 0 0 20 27 31 12 32 0 0 8 46 1 45 0 0 0 0 0 0 0 0 8 0 0 0 0 0 0 0 0 0 0 2 0 0 0 0 0 0 0 0 0 0 0 0 0 0 0 0 0 0 0 0 0 0 0 0 8 0 0 0 0 0 0 0 0 0 0 0 0 0 0 0 0 0 0 8 22 36 0 5 0 19 33 20 4 0 0 0 6 34 26 32 0 0 0 0 0 0 0 0 0 0 0 0 0 0 0 0 0 0 0 0 0 0 0 0 8 0 0 0 0 0 0 17 0 11 0 1 2 0 0 0 0 0 0 0 1 0 0 11 0 0 0 0 0 0 0 0 0 0 0 0 0 0 0 0 5 0 3 0 0 0 0 0 
 0 0 0 0 0 0 0 0 0 0 0 0 0 0 0 0 0 0 0 0 0 0 0 0 0 0 0 0 1 0 0 0 1 0 0 1 0 0 67 0 30 162 214 81 64 71 23 58 77 444 93 43 72 31 318 0 478 231 33 64 7 0 0 0 0 0 0 0 13 0 0 0 3 0 0 0 6 0 0 0 0 0 0 0 0 0 0 17 0 0 29 0 0 0 0 0 0 0 0 0 0 0 0 0 0 2 0 0 0 0 0 0 0 0 0 0 0 0 0 0 0 62 14 50 16 0 0 0 0 0 13 30 0 0 0 11 6 24 0 0 0 0 0 8 0 0 0 0 0 0 0 0 0 0 0 0 11 0 0 0 0 0 0 0 0 0 0 0 0 0 0 0 0 0 0 0 0 0 0 0 0 0 0 0 0 0 0 0 0 0 0 0 17 0 0 0 0 0 0 0 0 0 17 60 3 0 0 0 12 13 51 36 13 0 0 26 11 38 0 0 0 0 0 0 0 0 1 0 0 0 0 0 0 10 0 0 0 0 1 0 0 0 0 0 0 0 0 0 0 0 0 0 0 0 0 0 0 0 0 14 0 0 2 1 1 10 0 1 2 0 5 0 0 0 0 0 0 0 0 0 0 0 0 0 0 23 0 0 0 7 
 1 0 0 2 3 0 0 4 0 0 0 0 0 0 0 0 3 0 0 0 16 0 0 0 0 0 0 0 0 0 0 2 0 0 0 64 0 0 0 0 37 384 150 133 287 105 34 42 194 360 409 323 47 269 41 478 0 226 48 43 3 0 0 0 0 0 0 0 0 0 0 0 0 0 0 0 0 2 0 0 0 0 0 0 0 0 0 0 0 0 0 0 0 0 0 0 0 0 0 0 0 0 0 0 0 0 0 0 0 0 0 0 0 0 0 0 0 0 0 0 0 42 11 16 16 0 0 0 1 0 10 3 0 0 0 13 11 20 0 0 0 0 0 0 0 0 0 0 0 9 0 0 0 0 0 0 11 0 0 1 0 0 0 0 0 9 0 0 0 0 0 0 6 0 0 0 0 0 0 0 0 0 0 0 0 0 0 0 0 0 9 0 0 0 0 0 0 0 1 0 0 0 36 16 0 0 0 0 1 21 34 51 0 0 0 15 1 37 0 0 0 0 0 0 0 0 0 0 0 0 0 0 0 0 0 0 0 0 16 9 0 0 0 0 0 0 0 0 0 0 0 82 0 0 0 0 0 0 0 16 0 0 3 0 0 10 0 63 0 0 6 0 0 0 0 0 0 0 0 0 0 0 0 0 0 20 0 0 0 0 
 3 2 3 3 3 68 3 0 2 4 3 3 3 3 3 4 8 4 3 0 0 0 0 10 0 0 0 0 2 0 0 2 1 0 2 2 0 0 70 2 242 36 237 256 49 43 23 232 218 91 250 68 282 41 55 231 226 0 258 33 7 0 0 0 0 0 2 3 0 22 2 0 0 0 0 3 0 0 0 56 0 0 0 0 0 0 0 0 0 0 0 0 0 0 0 0 17 0 0 0 0 0 0 0 0 0 0 0 0 0 0 0 0 0 0 0 0 0 0 0 0 1 0 16 16 15 0 0 0 0 28 16 0 0 0 0 18 0 0 0 0 0 3 0 0 0 0 0 0 0 0 0 0 0 0 0 0 0 1 0 0 0 0 0 0 0 0 0 0 0 0 0 0 0 0 0 0 0 0 0 0 0 0 2 0 0 0 0 0 20 0 0 0 0 0 0 0 0 0 0 0 0 38 18 23 0 0 0 2 22 70 35 0 0 0 1 0 24 0 0 1 0 0 0 0 0 1 0 0 0 0 0 0 0 0 0 0 0 33 24 0 0 0 0 0 0 0 0 0 0 0 6 0 1 0 0 0 0 0 14 1 0 64 62 3 0 3 63 3 0 11 0 0 0 0 0 0 0 0 0 0 0 0 0 7 9 0 0 0 0 
 0 0 0 0 2 0 0 0 0 0 0 0 0 0 0 0 0 0 0 0 16 3 4 5 3 203 3 3 3 3 3 4 3 3 3 2 3 3 3 3 55 43 49 101 54 102 64 65 97 87 35 270 548 80 84 33 48 258 0 612 0 0 201 5 43 3 0 0 0 0 0 5 0 0 0 0 0 0 0 0 0 0 0 0 0 0 0 0 0 0 0 0 0 0 0 0 0 0 0 0 0 0 0 0 0 16 0 21 0 0 0 0 0 0 0 0 0 0 0 0 73 0 0 0 0 0 26 22 1 0 0 0 21 26 30 0 6 0 20 11 0 0 0 0 5 0 0 0 0 0 0 0 22 0 0 0 0 0 0 0 5 0 0 0 7 0 0 0 0 3 0 0 0 0 0 0 0 5 0 0 0 15 0 0 3 30 0 0 0 3 0 0 0 0 0 0 0 0 0 0 19 16 0 0 0 20 10 32 0 0 0 0 34 35 57 0 0 0 40 24 0 0 0 24 0 4 0 0 0 0 0 0 0 0 0 0 1 0 0 0 0 0 0 0 0 0 0 0 0 0 0 1 0 0 0 0 0 0 0 0 0 0 2 0 0 0 0 0 0 0 0 0 0 0 0 0 0 0 0 0 0 0 0 0 0 0 0 0 0 0 
 0 0 0 0 3 0 32 0 0 0 1 0 0 0 0 0 5 0 0 0 0 0 0 0 25 1 0 27 0 0 0 0 0 0 0 0 61 0 66 0 67 52 38 99 92 258 372 62 85 102 78 262 366 102 104 64 43 33 612 0 0 0 0 5 0 0 0 0 0 0 0 0 0 0 0 0 0 0 0 0 0 0 0 0 0 0 0 0 0 0 0 0 0 0 0 0 0 0 0 0 0 0 0 0 0 21 0 0 0 0 0 0 0 0 0 0 0 0 0 0 61 0 1 0 0 0 22 8 0 0 1 0 9 29 10 11 34 1 0 0 0 0 0 0 0 0 1 0 0 0 0 0 0 0 0 0 0 0 0 0 0 0 0 0 42 0 0 0 3 0 0 0 0 0 0 0 0 9 0 0 0 0 0 0 0 2 0 0 0 0 0 0 0 9 20 0 0 0 0 0 35 17 0 0 7 0 40 8 0 0 0 0 5 16 28 0 9 0 8 0 0 0 0 0 0 0 0 0 0 0 0 0 0 0 0 0 0 0 0 0 0 0 1 0 0 0 0 0 0 0 0 7 0 0 0 0 0 0 0 0 0 0 1 0 0 2 3 0 0 0 0 0 0 0 0 0 0 0 0 0 0 0 0 0 0 0 0 0 0 0 
 3 3 3 3 30 9 3 0 3 3 2 3 3 3 3 3 3 3 3 3 0 0 52 0 0 0 58 0 0 0 0 0 0 0 0 0 25 23 0 0 0 0 10 8 6 0 0 0 49 11 10 1 0 0 0 7 3 7 0 0 0 75 102 45 264 37 457 249 114 57 25 39 48 86 212 98 299 21 38 46 0 0 0 0 0 0 0 0 0 0 1 0 3 0 8 0 2 0 0 0 0 0 0 0 0 0 0 0 0 0 0 0 0 0 0 0 0 0 0 0 0 0 0 16 4 4 19 0 1 0 6 0 0 0 0 0 7 0 0 0 0 18 10 0 0 5 9 12 17 31 29 0 0 0 7 27 20 22 0 0 3 0 0 0 0 0 0 0 0 0 0 0 0 0 0 0 0 0 0 0 0 0 0 0 0 0 0 0 0 0 0 0 0 0 0 0 0 0 0 0 13 0 0 0 0 0 5 0 0 6 6 4 0 0 0 0 0 8 0 0 1 20 26 22 0 1 3 18 10 6 20 1 0 3 11 21 14 20 5 31 0 0 0 0 0 0 0 0 0 2 0 0 0 0 9 0 0 0 0 0 0 0 0 0 0 0 14 3 0 0 25 0 0 2 2 0 0 0 0 0 0 0 0 0 0 67 0 0 0 0 
 0 0 0 0 9 0 0 0 0 0 0 0 0 0 0 0 0 0 0 5 0 0 0 0 0 0 0 0 30 0 0 0 0 0 0 0 0 0 0 0 0 0 0 0 10 0 0 0 4 0 0 0 0 0 51 0 0 0 0 0 75 0 510 80 37 43 74 337 195 43 48 247 75 43 245 317 272 263 43 41 0 0 0 0 0 0 0 0 0 0 0 0 0 0 0 0 0 0 0 0 0 0 0 0 0 0 0 0 0 0 0 0 0 0 0 0 0 0 0 0 0 0 0 0 0 0 0 0 0 0 0 0 67 0 0 0 0 0 9 0 0 0 0 0 0 0 0 0 7 31 27 0 0 0 0 40 26 16 0 0 0 0 0 0 0 0 0 1 0 0 0 0 0 0 0 4 0 0 0 0 0 0 0 0 0 0 0 0 0 0 0 0 0 0 0 0 0 0 0 0 0 0 0 0 0 0 0 0 0 0 0 0 0 0 0 0 0 0 0 0 0 32 38 42 0 7 0 0 3 20 30 16 0 0 6 23 36 9 0 0 11 0 0 0 0 0 0 0 0 0 0 0 0 0 2 0 0 0 0 0 0 0 0 1 0 0 14 0 0 0 40 0 0 0 4 0 0 4 0 0 0 0 0 0 0 0 0 10 0 0 
