 0 166 68 49 22 45 430 395 130 30 25 42 47 180 634 270 32 52 72 147 0 6 3 0 3 1 3 0 6 0 3 2 0 4 0 2 2 3 2 0 0 0 3 0 0 0 0 0 0 2 3 8 6 2 5 0 11 0 23 0 2 5 0 0 0 3 4 2 2 0 0 3 3 0 0 0 0 0 0 1 31 61 23 0 0 0 4 45 59 0 0 13 27 62 28 32 45 26 0 24 0 0 0 0 0 0 0 0 0 0 0 0 0 0 0 0 0 0 14 0 0 0 0 0 0 7 0 0 0 0 0 0 0 0 0 0 0 0 0 15 0 0 0 0 0 2 4 0 0 0 0 0 0 8 1 0 0 0 0 0 19 10 11 0 0 0 15 11 52 0 3 0 1 78 41 17 0 9 0 25 0 0 0 0 0 0 11 10 0 0 0 0 0 0 0 0 0 0 0 0 0 0 0 0 0 0 0 0 0 0 0 0 0 0 0 0 0 0 0 0 0 0 0 0 0 0 0 0 0 0 0 0 0 0 0 0 0 0 0 0 0 0 0 0 0 0 0 0 0 0 2 3 0 0 2 0 0 0 0 0 0 0 1 0 0 0 0 0 0 0 0 0 0 0 0 0 0 0 0 0 0 0 0 0 0 0 0 0 0 0 
 166 0 325 93 30 35 65 491 355 70 36 34 62 255 398 387 235 33 38 53 0 76 1 0 0 0 0 0 0 0 3 0 0 0 0 5 2 2 2 0 27 0 3 0 31 0 0 0 0 0 3 0 0 2 0 0 3 0 3 0 2 0 0 0 1 0 7 6 0 0 0 3 4 0 0 0 50 0 49 2 1 25 64 8 2 1 0 18 25 8 2 0 0 31 10 43 39 51 0 2 0 2 0 0 0 0 0 0 0 0 0 0 0 2 37 0 0 0 0 0 0 0 0 0 0 0 0 0 0 0 0 0 0 0 0 0 0 0 1 0 1 0 0 0 0 4 2 0 0 0 0 0 0 0 6 0 0 0 0 0 18 15 32 5 7 0 1 19 18 7 23 15 0 11 3 39 45 17 0 0 0 0 0 0 0 0 0 0 11 0 0 0 0 0 0 0 0 0 0 0 0 0 1 0 0 2 0 0 0 0 0 0 0 1 0 0 0 0 0 0 2 0 0 0 0 0 0 0 0 0 0 0 19 0 0 0 0 0 0 0 0 0 0 0 0 4 0 0 2 1 1 2 0 0 0 0 0 0 0 0 0 0 16 0 0 0 1 0 0 0 0 0 0 1 0 0 1 21 0 0 0 0 0 0 0 0 0 0 0 2 
 68 325 0 471 77 248 60 196 234 265 122 44 65 69 386 274 152 170 140 277 0 1 2 2 0 0 0 0 0 0 3 8 0 0 0 2 0 3 2 0 0 0 4 0 2 3 2 0 2 0 3 0 0 2 52 49 5 1 3 0 2 0 0 0 0 0 0 0 0 0 0 3 3 0 0 0 0 0 0 0 0 9 23 32 9 9 1 0 23 20 23 11 0 1 10 0 5 45 0 2 0 0 0 0 0 0 0 0 0 0 0 0 0 0 0 0 0 6 0 0 0 0 0 0 0 0 0 0 0 0 0 0 0 0 0 0 0 0 2 0 1 1 0 0 0 0 0 0 0 0 13 0 0 0 2 6 14 0 0 0 0 4 18 0 10 1 0 0 3 24 10 16 0 0 1 14 10 20 0 0 0 0 0 0 11 0 0 0 0 0 0 0 0 0 0 0 0 0 0 0 0 0 2 0 0 1 0 14 20 14 0 0 0 2 0 0 0 0 0 0 0 2 0 0 0 0 0 0 0 0 0 0 1 0 0 0 0 1 0 0 0 0 0 0 0 2 95 2 2 2 0 2 0 0 2 0 0 0 0 0 0 0 19 0 0 0 0 0 0 0 0 0 0 2 0 5 0 21 0 0 0 0 0 0 0 0 0 0 0 1 
 49 93 471 0 107 35 98 310 72 445 280 406 67 90 59 65 368 381 150 66 0 1 2 0 0 7 0 0 1 0 4 0 1 0 0 2 0 2 2 2 0 0 3 0 0 0 0 0 0 0 3 104 0 2 0 0 3 0 3 0 41 1 0 0 1 0 0 0 0 0 0 3 3 0 0 0 29 0 0 2 13 0 0 51 55 38 0 0 15 56 52 85 0 0 0 0 0 18 0 0 2 1 0 0 0 0 0 0 0 0 0 0 15 1 0 0 0 0 1 0 0 0 0 0 22 0 0 0 0 0 0 9 0 0 0 0 0 0 2 0 0 2 0 0 0 0 0 0 0 5 0 0 0 0 0 0 0 0 0 0 0 0 0 18 32 2 0 0 2 37 2 16 0 1 0 0 1 18 0 0 0 0 20 0 0 0 0 0 0 0 21 0 1 0 2 0 0 0 2 0 0 0 0 0 0 1 0 0 0 0 0 0 0 2 0 0 0 0 0 0 0 17 0 0 10 0 0 0 0 0 0 0 0 0 0 0 0 0 0 0 0 4 0 0 0 5 102 0 1 55 0 8 12 0 0 0 0 0 1 0 0 0 0 0 0 0 0 2 0 0 0 0 0 2 0 28 20 0 0 0 0 0 0 0 0 0 0 0 0 0 
 22 30 77 107 0 337 255 69 67 94 92 402 79 291 81 78 62 39 267 105 0 0 0 0 3 3 0 0 0 0 11 3 0 0 0 2 4 6 2 0 0 0 3 5 0 64 0 0 33 0 3 2 0 2 0 0 3 2 3 1 2 0 2 0 0 2 0 0 0 0 0 4 3 0 0 0 0 0 0 52 0 0 0 0 27 46 0 0 0 0 0 15 0 0 0 0 0 0 0 0 0 0 0 0 0 0 0 2 0 0 0 0 56 0 0 0 13 0 29 38 0 1 0 0 0 0 0 3 0 0 0 0 0 0 0 10 0 0 1 0 0 2 0 0 0 0 1 0 0 0 0 0 0 0 0 0 0 0 0 0 0 0 0 0 31 34 0 0 2 34 0 0 0 0 0 0 0 0 0 0 1 0 0 0 0 0 12 0 0 0 0 0 76 13 2 0 0 0 102 1 0 0 0 0 0 23 0 0 0 0 0 0 0 2 0 0 8 0 0 0 0 0 0 0 0 0 0 0 0 0 0 0 0 0 0 0 0 1 0 0 0 0 0 0 0 2 2 2 0 8 0 2 0 0 0 0 0 0 0 0 0 0 0 0 0 0 0 0 0 0 1 0 0 1 0 0 0 0 0 0 0 0 0 0 0 0 0 0 0 0 
 45 35 248 35 337 0 252 41 42 72 76 57 42 68 260 69 80 59 57 74 4 0 3 1 0 0 3 0 0 0 3 0 2 1 0 2 3 9 230 0 0 0 6 1 5 0 0 3 0 0 3 63 0 5 0 0 3 4 4 0 2 3 0 0 2 6 3 0 0 2 0 3 4 0 0 0 4 0 5 7 0 0 0 0 0 0 0 1 0 0 0 1 0 0 0 0 0 0 0 0 7 0 0 0 0 1 4 0 0 0 0 0 35 50 0 0 0 0 28 28 0 0 0 0 0 0 0 0 1 0 0 0 0 0 0 0 0 0 0 0 0 0 0 0 0 0 0 0 0 0 0 0 0 0 0 0 0 2 0 0 0 0 0 0 7 30 1 0 0 0 0 0 19 0 1 0 0 0 0 0 1 0 0 1 0 1 21 0 0 0 0 0 37 15 0 0 0 0 45 10 0 0 0 0 0 35 0 0 0 0 0 0 0 0 0 0 0 0 0 14 0 0 0 0 0 0 0 0 1 0 0 0 0 0 1 0 0 0 0 1 0 0 0 0 0 0 0 0 1 5 0 10 0 0 2 0 0 0 0 0 0 0 0 0 0 0 0 0 0 0 0 0 0 0 0 0 0 0 0 0 0 0 0 0 0 0 0 0 0 0 
 430 65 60 98 255 252 0 213 67 45 30 40 513 458 44 31 39 23 98 325 0 3 4 0 0 1 0 0 0 0 3 2 1 0 0 2 0 3 2 0 4 0 3 2 0 0 0 0 0 0 3 2 0 2 2 0 3 0 3 0 2 5 0 0 1 0 0 46 0 1 0 3 3 0 0 0 28 0 0 2 34 40 0 12 0 0 17 52 0 1 0 0 67 36 63 16 15 0 13 13 11 0 0 1 0 0 0 0 0 0 0 0 0 0 0 0 0 0 0 0 0 0 0 0 0 0 0 0 0 0 0 0 0 0 0 0 0 0 0 17 0 0 0 0 0 0 7 0 0 8 0 0 0 10 0 0 0 0 0 2 14 0 12 20 6 0 58 15 15 0 0 0 14 36 21 3 1 4 13 17 0 19 22 0 0 0 0 0 0 0 0 0 0 0 0 0 0 1 0 0 0 19 0 0 17 0 0 0 0 0 0 0 0 0 0 2 15 0 0 0 0 16 0 0 0 0 0 0 0 0 0 0 0 0 0 0 0 0 0 0 0 0 0 0 0 0 2 0 0 0 2 7 0 0 0 0 0 2 0 0 1 0 0 0 0 0 0 0 0 0 0 0 0 0 0 0 0 0 0 0 0 0 0 0 0 0 0 0 0 0 
 395 491 196 310 69 41 213 0 309 41 30 54 188 490 173 131 37 49 51 77 0 0 3 0 0 0 2 0 0 2 3 0 0 0 0 2 2 3 4 0 2 13 5 0 0 0 0 3 0 0 3 3 0 2 0 0 3 0 3 0 2 0 0 0 0 11 0 5 0 0 0 3 2 0 5 0 0 3 0 2 0 37 21 8 0 0 9 43 33 2 0 2 0 34 0 43 35 14 0 25 0 0 0 0 0 2 0 0 0 0 0 0 0 0 0 0 0 0 1 0 0 0 0 0 0 10 0 0 2 21 0 0 0 0 0 3 0 0 0 0 0 0 0 0 0 7 8 0 0 0 0 0 0 3 6 0 0 0 0 0 9 24 28 9 4 0 0 81 32 2 24 2 0 36 25 15 19 42 0 0 0 0 0 2 0 0 0 0 0 0 0 0 0 0 0 0 0 0 0 0 0 0 0 1 0 0 0 0 0 0 0 0 0 0 0 0 0 0 0 0 0 0 0 0 0 0 0 0 2 0 0 0 0 0 2 0 0 0 0 2 0 0 0 0 0 2 2 0 4 1 2 5 0 0 0 0 0 0 0 0 0 0 14 0 0 0 0 0 0 0 0 0 0 0 0 1 0 1 0 0 0 0 0 0 0 0 0 0 0 0 
 130 355 234 72 67 42 67 309 0 464 52 33 304 122 102 427 208 378 49 56 0 0 1 0 0 0 0 0 2 0 5 0 0 0 3 4 1 208 2 0 0 0 3 0 0 0 0 0 0 0 3 0 0 2 0 0 3 0 3 0 2 0 0 0 0 0 0 7 0 0 0 3 1 0 0 0 0 0 0 2 0 0 37 51 12 0 0 0 20 56 49 10 0 2 17 18 22 53 0 0 0 0 0 0 0 0 0 0 0 0 0 0 0 0 0 0 0 0 0 0 0 0 0 0 0 0 0 0 0 22 0 0 0 0 0 0 0 0 0 0 0 0 0 11 0 0 0 0 0 0 0 0 0 0 6 0 0 0 0 20 2 15 31 22 17 1 0 15 2 21 60 19 0 1 0 16 39 29 0 0 0 0 0 0 0 0 0 8 0 0 0 0 0 0 0 0 0 0 0 0 0 0 0 0 0 0 0 0 0 0 0 0 0 0 0 9 0 0 0 0 0 0 0 0 0 0 0 0 0 0 0 0 0 0 0 0 0 0 0 0 0 0 0 0 0 2 2 0 1 3 2 7 6 0 0 0 0 0 0 0 0 0 25 0 0 0 0 0 0 0 0 0 0 0 0 17 15 19 0 0 0 0 0 0 0 0 0 0 0 0 
 30 70 265 445 94 72 45 41 464 0 465 46 65 80 101 623 383 93 69 88 1 0 3 0 0 0 0 0 0 0 3 2 0 3 0 2 0 4 2 0 17 0 3 0 0 0 0 2 2 0 3 0 3 5 0 0 3 3 3 0 2 2 0 0 1 0 3 1 0 0 0 3 3 0 0 0 0 0 0 0 0 0 27 50 38 13 0 0 27 90 43 51 0 0 10 0 15 65 0 0 0 0 0 0 0 0 0 0 0 0 0 0 0 0 0 0 0 0 0 0 0 0 0 0 0 0 0 0 0 0 0 0 0 0 0 0 0 0 0 0 0 0 0 0 0 0 0 0 0 0 0 0 0 0 7 0 0 0 0 0 0 17 0 11 13 0 0 1 0 59 14 40 0 0 0 13 18 19 0 0 0 0 0 0 0 0 0 0 0 0 0 0 0 0 11 0 0 0 1 0 0 0 11 0 0 0 0 0 0 0 0 0 0 0 0 0 0 0 0 0 0 2 0 0 0 0 0 0 0 0 0 0 0 0 0 0 9 0 0 0 0 10 0 0 0 2 185 0 0 185 0 3 26 0 0 0 0 0 0 0 0 0 0 0 0 0 0 21 0 0 0 0 0 0 0 19 23 27 0 0 0 0 0 0 0 0 0 0 0 0 
 25 36 122 280 92 76 30 30 52 465 0 441 28 29 57 317 217 428 27 62 0 0 0 0 2 0 0 0 0 76 5 0 0 1 0 2 0 5 2 0 0 0 3 0 0 0 0 0 0 0 3 0 0 2 0 0 3 3 3 0 2 0 0 0 0 0 0 0 0 0 0 3 2 0 0 0 0 0 0 2 0 0 1 41 108 43 0 0 19 38 51 82 1 0 0 0 1 15 0 0 0 0 0 0 0 0 2 0 0 0 0 0 7 0 0 0 0 13 0 2 0 0 0 2 14 0 0 0 0 0 0 0 0 0 0 0 0 0 0 0 14 0 0 0 0 0 0 2 0 0 0 0 0 0 0 0 0 0 0 0 0 1 0 15 28 1 0 0 0 39 0 19 0 0 0 0 0 17 0 0 0 0 0 0 0 0 0 0 0 0 0 0 0 0 0 0 2 0 5 2 0 0 0 0 0 0 0 0 0 0 0 2 0 0 0 0 0 0 0 0 0 0 0 0 0 0 15 0 0 0 0 0 0 0 0 0 0 0 0 0 0 10 0 0 0 2 14 0 0 19 2 6 10 0 0 0 0 0 0 0 0 0 0 0 0 0 0 0 0 0 0 0 0 0 0 18 22 2 0 0 0 0 0 0 0 0 0 0 0 0 
 42 34 44 406 402 57 40 54 33 46 441 0 40 26 26 21 85 91 43 45 2 0 4 0 0 0 3 0 0 1 3 0 0 0 0 2 3 6 4 0 0 1 6 0 0 0 0 1 2 0 3 0 1 13 0 0 3 0 3 0 2 2 0 0 0 3 0 0 0 1 0 3 2 0 0 0 2 0 0 3 0 0 0 1 34 50 2 0 0 3 2 48 0 0 0 0 1 0 1 0 1 0 2 0 0 0 0 26 0 0 0 0 13 0 0 0 0 0 13 8 0 0 0 0 0 0 0 0 0 0 2 0 0 0 0 0 0 0 0 0 0 0 0 1 0 0 0 0 0 0 0 0 0 0 0 0 0 7 0 0 0 2 0 1 32 29 0 0 0 31 0 10 0 0 0 0 1 3 0 0 1 7 1 0 0 0 0 0 0 0 0 20 1 10 0 0 0 0 65 0 0 0 0 0 0 0 0 2 0 0 0 0 0 0 0 0 0 0 0 0 6 0 0 0 0 1 0 0 0 0 0 0 0 0 0 0 0 9 0 0 0 10 0 0 0 0 172 0 1 177 0 9 15 0 0 0 0 0 0 0 0 1 0 0 0 0 0 0 0 0 0 0 0 0 0 15 12 0 0 0 0 0 0 0 0 0 0 0 0 0 
 47 62 65 67 79 42 513 188 304 65 28 40 0 315 58 46 34 42 491 556 2 0 2 2 0 1 0 0 0 0 3 3 0 0 0 2 3 3 2 0 0 0 4 0 0 4 0 0 0 0 6 67 0 5 0 0 8 2 3 1 2 3 0 6 1 0 3 0 0 6 0 3 3 2 0 5 3 0 0 0 57 21 0 0 0 0 58 11 0 0 0 1 121 15 40 0 0 0 8 35 0 0 4 0 0 0 0 0 0 16 0 0 0 0 0 0 1 0 2 0 0 0 11 0 0 0 0 0 1 0 0 0 0 0 0 0 0 0 0 13 0 0 0 0 0 0 1 0 0 0 0 17 0 5 0 0 0 2 0 0 34 0 0 20 0 0 41 0 1 0 0 0 27 10 35 0 0 5 9 63 0 3 0 1 0 1 0 0 0 0 0 0 0 3 0 0 1 0 0 0 0 0 0 0 0 0 18 0 0 0 0 0 0 0 0 0 0 0 0 10 0 0 0 0 0 0 0 0 0 0 0 0 0 0 1 0 0 0 0 1 0 0 0 0 0 1 2 0 0 1 0 7 0 0 0 0 2 0 0 0 0 0 0 0 0 0 2 0 0 0 0 0 0 0 0 0 0 0 0 0 0 0 0 0 0 0 0 0 0 0 
 180 255 69 90 291 68 458 490 122 80 29 26 315 0 481 61 51 48 234 212 0 0 49 0 0 76 2 0 0 0 3 1 0 0 0 2 0 3 4 0 0 0 3 0 0 0 0 0 0 0 5 2 0 2 0 0 3 1 3 0 2 0 0 0 0 0 0 6 0 0 0 3 3 0 0 0 0 0 0 1 43 44 14 2 0 0 12 44 20 0 1 0 23 57 17 24 20 2 4 28 0 0 0 0 0 0 0 0 0 0 0 0 2 0 0 0 0 0 0 0 0 0 0 0 0 0 1 0 0 0 0 0 1 0 0 0 0 0 0 18 0 0 0 0 0 6 12 0 0 0 1 0 0 7 0 0 0 0 0 0 17 9 13 1 0 0 20 10 42 0 2 0 0 10 35 10 1 10 2 18 0 0 0 0 0 0 2 0 25 0 0 0 0 0 0 0 0 0 0 0 0 0 0 0 0 0 0 0 0 0 0 0 0 0 0 0 0 0 0 0 0 0 9 0 0 0 0 0 0 0 0 0 0 0 0 0 0 0 0 0 0 9 0 0 0 3 1 2 2 1 0 1 0 0 0 0 0 0 0 0 0 0 0 0 0 0 0 0 0 0 0 0 0 0 0 0 0 0 0 0 0 0 0 0 0 0 0 0 0 0 
 634 398 386 59 81 260 44 173 102 101 57 26 58 481 0 179 52 37 57 79 2 2 0 0 0 0 0 0 0 0 4 0 0 0 0 2 0 3 2 0 0 0 3 0 0 0 0 0 0 0 3 0 0 2 0 0 4 0 3 0 2 0 0 0 0 0 0 5 0 0 0 3 3 0 0 27 0 0 0 2 9 40 24 15 0 0 11 49 44 2 0 0 7 51 1 66 46 33 1 0 0 0 0 0 10 0 0 3 0 0 0 0 0 0 0 0 0 0 0 0 0 0 0 0 0 0 0 0 0 0 0 16 20 0 0 0 0 0 0 0 0 0 0 0 0 5 3 0 0 0 0 0 0 4 8 0 0 0 0 0 13 23 28 9 0 0 0 27 91 0 26 0 0 26 21 13 17 25 0 0 0 0 0 0 0 0 0 0 0 0 0 0 0 0 0 0 0 0 11 0 0 0 0 0 0 0 0 0 0 0 0 0 0 0 0 0 0 0 0 0 0 0 0 0 0 0 0 0 0 9 0 0 0 0 0 0 0 0 0 0 0 0 0 0 0 2 0 2 0 2 1 9 0 0 0 0 0 0 0 0 0 0 13 0 0 0 0 0 0 0 0 0 0 0 0 0 0 2 0 0 0 0 0 0 0 0 0 0 0 0 
 270 387 274 65 78 69 31 131 427 623 317 21 46 61 179 0 316 316 53 83 0 2 0 76 0 3 2 0 1 0 3 2 0 36 0 2 1 3 2 0 2 3 3 0 0 0 0 0 0 0 3 0 0 2 0 3 3 3 2 0 2 0 3 0 3 0 52 10 0 0 0 16 0 54 0 0 0 0 2 1 0 6 26 33 0 0 0 2 58 51 36 53 0 15 12 19 19 75 0 0 0 0 0 0 0 0 5 0 0 0 0 0 0 0 0 0 0 0 0 0 0 0 0 0 0 0 0 0 0 0 0 0 0 0 0 0 0 0 0 0 0 0 0 0 0 0 0 0 0 0 0 0 0 0 14 0 0 0 0 0 13 63 15 26 19 0 0 17 22 9 39 14 0 1 11 10 57 65 0 0 0 0 0 0 0 0 0 39 0 0 0 35 0 0 0 0 0 0 0 0 0 0 0 0 0 0 0 0 0 0 0 0 0 0 0 0 0 0 0 0 0 0 0 0 0 0 0 0 0 0 0 0 0 0 0 0 0 0 0 0 0 0 0 0 0 2 22 0 2 1 0 9 0 0 0 0 0 0 0 0 0 0 15 0 0 0 0 0 0 0 0 0 0 0 0 9 20 49 0 0 0 0 0 0 0 0 0 0 0 0 
 32 235 152 368 62 80 39 37 208 383 217 85 34 51 52 316 0 397 30 38 0 0 0 0 0 0 76 0 0 1 3 0 1 0 0 5 3 4 210 0 0 0 3 0 0 0 0 0 0 44 3 0 0 2 63 0 11 0 3 0 2 0 0 1 1 0 0 19 0 0 0 3 1 0 0 0 0 0 0 2 0 0 7 46 12 9 0 0 27 61 55 18 0 0 9 18 26 54 0 0 0 0 0 0 0 0 0 0 0 0 0 0 0 0 0 0 0 0 0 0 0 0 0 0 0 0 0 0 0 0 0 0 0 0 0 0 0 0 0 0 0 0 0 0 0 0 0 0 0 0 0 0 0 0 6 0 0 0 0 0 0 15 19 33 18 1 0 18 2 20 34 55 0 1 0 22 79 30 0 0 0 0 0 0 0 0 0 0 0 0 0 0 0 0 0 0 0 0 0 0 0 0 0 0 0 0 0 0 0 0 0 0 0 0 0 0 0 0 0 0 0 0 0 18 0 30 0 0 0 10 0 0 0 0 0 0 0 1 0 0 0 0 0 0 0 3 0 1 0 89 0 1 2 0 0 0 24 0 0 0 0 0 21 0 0 0 0 0 0 0 0 0 0 0 0 30 19 18 0 0 0 0 0 0 0 0 0 0 0 0 
 52 33 170 381 39 59 23 49 378 93 428 91 42 48 37 316 397 0 37 24 0 0 0 0 77 2 2 0 2 0 3 0 0 0 0 2 0 8 3 0 0 0 11 0 0 1 0 0 0 0 3 3 3 2 0 0 3 0 3 0 2 4 0 0 0 0 2 3 0 0 0 3 3 0 0 0 0 55 0 0 0 0 20 40 25 13 0 2 32 44 53 61 0 0 10 1 16 46 1 0 0 0 1 0 0 0 0 0 0 0 0 0 0 0 0 0 0 0 1 0 0 0 0 0 0 0 0 0 0 0 9 0 0 0 0 0 0 0 0 0 0 0 0 2 0 0 0 0 0 0 0 0 0 0 1 0 6 0 0 0 0 10 0 29 14 13 1 0 1 35 12 57 0 1 2 19 42 11 0 0 0 0 0 2 0 1 0 0 0 0 0 0 0 0 0 0 0 0 0 0 0 2 0 0 0 0 0 0 0 0 0 0 0 0 2 0 0 0 0 0 0 0 0 0 0 0 0 0 0 0 0 2 0 0 2 0 0 0 0 0 0 10 0 0 0 0 169 2 0 175 2 6 14 0 0 0 0 0 0 0 0 0 0 0 0 0 0 0 0 0 11 0 0 0 0 51 30 16 0 0 0 0 0 0 0 16 0 0 0 0 
 72 38 140 150 267 57 98 51 49 69 27 43 491 234 57 53 30 37 0 320 1 1 0 201 0 49 77 0 0 0 3 0 1 0 0 2 0 2 2 0 0 0 58 0 0 0 0 0 0 0 4 0 0 2 21 21 3 1 3 0 2 2 0 0 2 0 0 0 0 0 1 3 39 0 0 0 1 0 0 2 10 0 0 0 0 0 21 0 0 10 0 0 31 1 29 0 0 0 15 15 0 2 0 0 0 0 0 0 0 0 0 0 0 1 0 0 0 0 0 0 0 0 0 0 0 0 0 23 0 0 0 0 0 0 0 0 0 0 1 0 0 1 0 0 0 0 0 0 0 0 0 0 0 0 0 0 0 0 0 0 36 0 0 0 0 0 10 0 1 0 0 0 60 0 0 0 0 3 19 12 0 0 0 0 0 0 0 0 0 0 0 0 0 0 1 0 0 0 0 0 0 0 0 0 0 1 0 0 0 0 0 0 0 1 0 0 0 0 0 0 2 0 0 0 0 0 0 0 0 0 0 0 10 0 0 0 0 0 0 0 0 9 0 0 0 0 2 0 0 0 0 11 0 0 0 0 0 0 0 0 0 0 0 0 0 0 0 0 0 0 0 0 0 1 0 0 0 0 0 0 0 0 0 5 0 0 0 0 0 2 
 147 53 277 66 105 74 325 77 56 88 62 45 556 212 79 83 38 24 320 0 2 0 78 3 0 0 120 3 2 0 3 0 0 0 0 2 0 3 2 0 0 0 3 0 3 0 1 3 2 62 6 0 0 5 0 0 7 0 6 0 2 4 0 2 1 3 0 43 2 17 2 3 3 0 0 2 0 2 0 4 50 20 0 0 0 0 29 15 0 0 1 0 78 39 47 16 16 0 11 38 0 0 19 0 0 0 0 0 0 1 0 0 0 0 0 0 0 2 0 0 2 0 0 0 0 2 0 0 0 0 0 0 0 0 0 0 0 0 0 19 0 0 0 0 0 0 0 0 0 0 0 0 0 12 0 0 0 45 0 0 23 4 3 8 0 0 42 1 0 0 0 0 22 10 18 0 0 5 9 49 0 6 0 0 0 0 0 0 0 0 0 0 2 0 3 0 0 0 0 9 1 0 0 0 0 0 0 0 0 0 0 0 0 0 0 0 0 0 0 0 0 0 0 12 0 0 0 0 0 0 0 0 0 0 0 0 11 0 0 0 0 0 0 0 0 3 0 0 0 0 0 1 0 0 0 0 0 0 0 0 0 0 0 0 0 0 0 0 1 0 0 0 0 0 0 0 8 0 0 0 0 0 0 0 0 1 0 0 0 0 
 0 0 0 0 0 4 0 0 0 1 0 2 2 0 2 0 0 0 1 2 0 91 72 36 36 263 427 363 36 39 103 40 42 136 277 23 45 74 96 239 2 0 6 1 3 0 0 4 2 3 0 3 8 11 2 3 4 3 1 0 0 12 3 3 3 6 8 3 0 4 0 0 56 0 0 0 4 0 0 46 0 0 0 0 0 0 0 0 0 0 0 0 0 0 0 0 0 0 0 0 36 46 13 11 0 0 19 25 12 0 0 0 0 18 13 26 50 41 2 0 0 0 0 0 0 0 0 0 0 0 0 0 0 0 0 0 0 0 0 0 0 0 0 0 0 0 0 0 0 0 6 1 2 0 0 0 0 22 1 0 0 0 6 0 0 0 0 0 0 0 0 0 2 0 0 0 0 0 0 0 12 63 26 13 0 0 6 85 20 34 0 0 34 1 72 50 83 16 0 0 0 0 2 1 2 0 2 0 0 0 0 8 0 0 0 0 1 0 0 0 0 0 0 0 0 0 0 0 0 0 0 0 2 0 0 0 0 0 0 17 0 0 0 0 0 0 0 0 0 0 0 0 0 0 8 1 0 0 0 0 10 0 0 0 0 0 0 0 0 0 0 0 0 0 0 0 0 0 0 0 0 0 0 0 0 0 0 0 0 0 
 6 76 1 1 0 0 3 0 0 0 0 0 0 0 2 2 0 0 1 0 91 0 387 66 33 91 97 444 232 43 39 26 71 34 305 257 356 33 33 46 0 0 0 0 62 0 0 0 0 0 0 3 2 3 0 0 2 0 0 0 0 5 0 1 0 0 0 3 0 0 0 0 3 0 0 0 0 2 0 1 0 0 0 0 0 0 0 0 0 0 0 0 0 0 0 0 1 0 0 0 0 17 54 37 0 0 1 31 27 43 8 7 0 0 21 42 0 23 0 11 0 0 0 0 0 0 0 13 0 0 0 0 0 1 0 0 0 0 0 0 0 0 0 0 0 0 0 0 0 0 3 0 5 0 2 0 0 0 0 0 0 0 0 0 0 0 0 0 0 0 0 0 11 23 1 0 0 0 0 0 0 18 26 24 0 0 0 0 8 0 35 1 0 0 76 34 38 14 0 1 0 0 8 0 2 1 2 0 0 0 0 0 0 0 0 0 0 0 0 0 0 0 0 0 0 0 0 0 0 0 0 0 0 0 0 0 0 0 0 10 0 0 0 0 0 0 0 0 12 0 0 0 0 0 12 2 2 0 0 2 10 39 0 0 0 0 12 0 0 0 0 0 0 0 0 0 0 0 0 0 0 13 0 0 0 0 0 0 0 0 
 3 1 2 2 0 3 4 3 1 3 0 4 2 49 0 0 0 0 0 78 72 387 0 130 44 42 305 333 419 366 276 253 63 59 519 436 82 338 258 31 5 0 1 0 0 0 0 0 0 0 0 5 6 9 0 0 2 0 0 0 0 3 0 2 0 0 0 3 0 0 0 0 3 51 0 0 0 3 0 2 0 18 0 0 0 0 0 0 14 0 0 0 1 0 0 0 0 0 0 0 10 0 22 46 23 1 0 3 50 61 6 33 0 0 34 24 0 20 14 0 10 0 0 0 0 0 1 0 0 0 0 1 0 1 0 0 0 0 0 0 0 0 0 0 0 0 1 2 0 0 0 0 26 0 0 0 0 14 0 0 0 0 0 0 0 0 0 0 0 0 0 0 1 0 17 0 0 0 0 0 0 0 8 13 27 0 0 1 34 1 30 29 0 7 10 24 60 21 0 1 0 0 0 0 0 0 0 0 0 0 0 3 0 0 0 0 0 0 0 0 0 0 0 4 0 0 0 0 16 0 0 0 0 0 0 0 0 0 0 1 0 0 10 0 0 0 0 0 0 0 0 0 0 0 23 0 4 2 2 0 2 12 0 0 0 0 18 0 0 0 0 0 0 8 0 0 0 0 0 0 0 7 0 0 0 0 10 0 0 0 
 0 0 2 0 0 1 0 0 0 0 0 0 2 0 0 76 0 0 201 3 36 66 130 0 291 258 107 65 85 403 133 342 51 84 67 46 289 352 55 48 0 0 1 0 0 0 0 0 0 0 0 5 9 3 0 0 2 0 40 0 0 43 0 3 0 0 0 3 0 0 0 0 3 47 0 0 0 0 0 2 0 0 0 0 0 0 0 0 0 0 0 0 0 0 0 0 0 0 0 0 0 0 1 0 73 43 2 0 24 1 31 25 0 0 1 0 0 22 0 0 0 0 0 0 0 0 0 0 0 0 0 0 16 0 0 0 0 0 34 5 0 0 0 0 0 0 0 0 0 0 0 0 0 0 0 0 0 13 0 0 0 0 0 0 0 0 0 0 0 0 0 2 15 1 26 0 0 13 0 0 0 0 10 11 61 46 0 0 9 0 29 64 5 0 1 2 0 7 0 0 0 0 0 0 0 0 0 0 0 0 0 0 3 0 0 0 0 0 64 1 0 0 0 0 0 0 0 0 0 0 0 0 0 0 0 0 0 0 0 0 0 0 9 0 0 0 0 0 0 0 0 0 0 0 7 4 4 48 79 2 1 2 0 0 0 0 0 0 0 0 0 0 0 0 0 0 0 0 0 0 0 12 0 0 0 0 9 0 0 0 
 3 0 0 0 3 0 0 0 0 0 2 0 0 0 0 0 0 77 0 0 36 33 44 291 0 381 61 49 104 69 98 343 70 91 67 166 62 46 263 48 4 0 1 0 0 0 0 0 0 0 0 5 4 65 4 4 2 0 5 3 4 3 2 3 0 0 2 3 0 3 0 2 3 0 51 0 0 0 2 0 0 0 0 0 0 7 0 0 7 0 0 0 0 0 0 0 0 0 0 0 0 0 0 0 23 37 0 0 0 0 12 0 0 0 0 0 0 0 0 0 10 0 0 0 0 0 94 1 0 0 0 0 51 13 0 0 0 0 27 35 0 12 0 0 0 0 0 0 0 0 0 0 0 0 0 9 0 0 0 0 1 0 0 0 0 0 0 0 0 0 0 0 0 0 0 0 0 0 0 0 18 0 0 0 13 33 0 0 0 0 0 19 0 0 0 0 0 0 0 0 29 0 2 0 0 0 33 0 0 0 0 10 47 0 0 0 0 0 31 59 0 0 0 0 0 0 0 0 0 0 0 0 0 0 0 0 0 0 0 0 0 0 0 0 0 0 0 0 64 0 0 0 0 0 7 0 4 2 5 0 6 0 0 0 0 0 0 0 0 0 0 0 0 0 0 0 0 0 0 0 0 3 0 0 0 0 0 0 0 0 
 1 0 0 7 3 0 1 0 0 0 0 0 1 76 0 3 0 2 49 0 263 91 42 258 381 0 119 42 122 280 79 40 44 68 73 54 61 34 43 45 7 11 4 0 2 0 3 0 62 62 2 6 3 9 8 75 5 6 195 12 3 3 9 4 6 0 0 3 0 2 0 0 3 0 0 2 0 0 7 1 0 0 0 14 0 0 0 0 0 0 0 0 12 0 0 0 0 0 0 0 1 0 0 0 11 32 0 0 0 0 0 0 0 0 0 0 0 0 1 0 53 0 0 0 0 0 39 0 1 0 0 0 36 6 32 1 0 0 43 33 0 6 0 0 0 0 0 13 0 0 2 0 0 0 0 0 0 0 10 0 9 0 0 0 0 0 0 0 0 0 0 0 0 0 0 0 0 0 0 0 0 0 0 0 0 14 2 0 0 0 0 0 1 0 0 2 1 12 0 0 29 2 0 0 0 0 46 1 1 0 0 7 55 3 17 0 0 0 12 67 0 0 0 0 0 0 0 0 2 0 0 0 0 0 0 0 0 0 0 0 0 3 0 0 0 3 0 0 0 0 0 0 2 0 13 5 3 0 2 0 3 0 0 0 0 0 0 2 0 0 0 0 0 0 0 0 0 0 0 0 0 0 0 0 0 0 0 0 0 0 
 3 0 0 0 0 3 0 2 0 0 0 3 0 2 0 2 76 2 77 120 427 97 305 107 61 119 0 110 66 40 253 53 438 878 44 40 251 252 260 288 0 0 1 2 0 0 0 0 0 0 0 3 3 3 2 0 2 0 0 0 0 3 0 3 41 0 9 3 0 0 0 0 3 0 0 0 0 0 0 2 0 0 0 0 0 0 0 0 0 2 0 0 0 0 0 0 0 1 0 0 31 35 1 0 0 0 68 39 2 1 0 0 0 34 14 2 63 15 40 14 0 0 0 0 0 0 0 0 0 0 0 0 0 0 2 0 0 0 2 0 0 0 0 0 0 0 0 0 0 0 0 0 3 0 0 0 0 7 0 0 0 0 21 0 17 0 0 22 0 0 0 0 3 0 0 0 0 0 0 2 40 74 33 19 0 0 64 84 30 49 0 0 10 34 13 13 28 13 0 33 0 0 0 0 0 0 0 0 0 0 0 12 0 0 0 1 0 0 0 0 0 0 0 0 0 0 0 0 0 0 0 0 0 0 0 0 0 0 0 0 0 9 0 0 0 0 0 0 0 0 0 0 0 0 11 1 4 0 0 2 2 1 0 0 0 0 0 0 0 0 0 0 0 0 0 0 0 0 0 0 0 0 0 0 0 0 0 0 0 0 
 0 0 0 0 0 0 0 0 0 0 0 0 0 0 0 0 0 0 0 3 363 444 333 65 49 42 110 0 277 46 52 30 302 820 342 207 256 38 36 57 0 0 0 0 0 0 2 0 0 0 1 3 3 6 0 2 5 2 0 3 0 3 0 52 0 0 0 3 0 0 1 0 3 0 0 0 0 1 0 2 0 0 0 0 0 0 0 0 0 0 0 0 0 0 0 0 0 0 0 0 2 22 51 33 1 0 0 30 30 57 5 1 0 17 23 39 10 29 0 0 0 0 0 0 0 0 0 0 0 0 0 0 0 0 0 0 0 0 0 0 0 0 0 0 0 0 0 0 0 0 6 0 14 0 0 0 0 5 0 0 0 0 0 0 0 0 0 0 0 0 0 0 12 0 0 0 0 0 0 0 0 72 56 0 1 0 18 22 31 36 18 0 0 0 27 24 52 66 0 0 0 0 0 0 0 0 0 0 0 0 0 10 10 0 15 0 0 0 0 0 0 0 0 0 0 0 0 0 0 0 0 0 0 0 0 0 0 0 0 1 0 0 0 0 0 0 0 0 0 0 0 0 0 0 19 1 0 0 0 2 2 0 0 0 0 0 7 0 0 0 0 0 0 0 0 0 0 0 0 0 0 0 0 0 0 0 0 0 0 0 
 6 0 0 1 0 0 0 0 2 0 0 0 0 0 0 1 0 2 0 2 36 232 419 85 104 122 66 277 0 236 61 26 86 130 253 322 223 201 98 54 0 0 4 0 2 3 3 0 5 1 0 5 7 6 0 2 10 4 5 6 0 7 0 2 0 1 0 3 0 4 13 3 3 0 0 0 47 6 0 1 0 0 0 0 0 0 0 0 2 0 2 0 2 0 1 0 0 0 0 0 1 12 25 42 0 1 0 1 108 56 9 11 0 0 9 34 0 57 0 0 24 0 0 0 0 0 0 0 0 0 0 5 0 0 0 0 0 0 7 0 0 0 9 0 0 0 0 0 0 0 0 0 5 0 0 0 0 0 0 0 0 0 0 0 0 0 0 0 0 0 0 0 4 0 0 0 0 0 0 0 0 14 20 13 9 0 10 2 15 0 45 3 0 0 24 31 36 30 0 0 0 0 0 0 0 0 0 1 0 0 2 1 0 0 0 0 0 0 0 0 0 0 1 0 0 0 0 0 0 0 0 0 0 0 0 0 0 0 0 0 0 0 10 0 0 0 0 0 0 0 0 0 0 0 8 1 2 1 2 2 9 12 0 0 0 0 13 0 0 0 0 0 0 5 0 0 0 0 0 0 0 6 0 0 0 0 0 0 0 0 
 0 0 0 0 0 0 0 2 0 0 76 1 0 0 0 0 1 0 0 0 39 43 366 403 69 280 40 46 236 0 424 49 31 83 116 254 383 176 291 68 0 0 0 0 0 0 0 0 0 0 0 4 10 3 0 0 2 3 0 0 0 3 0 2 0 0 0 3 0 0 0 0 3 0 0 0 0 1 0 0 0 0 0 0 0 0 0 0 0 0 1 0 0 0 0 0 0 0 0 0 0 0 0 9 22 9 2 0 33 10 37 27 0 0 0 7 0 55 0 0 0 0 0 0 0 0 0 0 0 0 0 0 0 0 15 0 0 0 21 0 0 0 0 0 0 0 0 0 0 25 0 0 0 0 0 0 0 12 0 0 0 0 0 0 0 0 0 0 0 8 0 0 0 0 3 9 0 0 0 0 0 0 18 34 24 8 0 0 10 0 47 36 0 0 0 3 0 11 0 0 0 0 0 0 0 0 0 0 0 0 0 0 0 0 0 0 0 0 18 1 0 0 0 0 0 0 0 0 0 0 0 0 0 0 0 21 0 0 0 0 0 0 5 0 0 0 0 0 0 0 0 2 0 0 12 3 0 156 158 0 2 14 0 0 0 0 13 0 0 0 0 0 0 0 0 0 0 0 0 0 0 29 0 0 0 0 12 0 0 0 
 3 3 3 4 11 3 3 3 5 3 5 3 3 3 4 3 3 3 3 3 103 39 276 133 98 79 253 52 61 424 0 338 32 18 73 311 137 640 467 140 0 0 0 4 0 62 0 0 0 0 0 3 6 3 0 0 1 0 0 0 0 2 0 0 6 0 0 4 0 0 0 0 3 0 0 0 0 3 0 2 0 0 0 0 0 0 0 0 2 0 2 0 2 0 1 0 0 0 0 0 0 0 0 4 46 25 0 0 24 1 38 24 0 0 0 5 0 36 0 0 0 0 0 0 0 0 0 0 0 0 0 0 43 0 0 0 0 11 37 0 0 0 0 0 14 0 0 0 0 0 0 0 0 0 0 0 40 13 0 0 0 0 0 0 0 0 0 0 0 0 0 0 0 0 8 0 0 0 0 0 0 0 35 36 51 36 0 1 13 0 9 60 0 0 0 0 0 7 0 0 0 0 0 0 0 0 0 1 0 0 2 4 8 0 0 0 0 0 32 3 0 0 1 0 0 0 0 0 0 0 0 0 0 0 0 0 0 0 0 0 0 0 12 0 0 0 0 0 0 0 0 0 0 1 14 0 1 41 51 0 1 6 0 0 0 0 21 0 0 0 0 0 0 0 0 0 0 0 0 0 0 12 0 0 0 0 9 0 0 0 
 2 0 8 0 3 0 2 0 0 2 0 0 3 1 0 2 0 0 0 0 40 26 253 342 343 40 53 30 26 49 338 0 50 52 32 57 69 40 17 23 0 0 4 2 0 4 0 2 2 0 0 5 4 3 9 1 2 2 0 0 0 6 4 3 25 0 0 3 0 0 0 0 3 0 0 0 0 0 0 1 0 0 0 0 0 0 0 0 0 0 0 0 0 0 0 0 0 2 0 0 0 0 0 0 33 27 0 1 0 0 61 0 0 0 0 0 0 0 0 0 0 0 0 0 0 7 10 0 0 0 0 0 25 0 1 0 0 0 37 54 9 0 0 0 0 0 0 0 0 0 0 0 0 0 0 0 0 0 0 0 0 0 1 0 0 9 0 0 0 0 0 0 2 0 6 0 0 0 0 0 0 0 0 14 24 52 0 0 0 0 11 20 0 1 0 0 0 0 0 0 16 0 0 0 0 0 0 0 0 0 0 3 41 8 0 0 0 0 51 24 0 0 0 0 0 0 0 15 0 0 0 0 0 0 0 2 0 0 7 0 0 0 0 0 0 0 0 0 0 0 0 0 0 0 5 0 1 154 149 2 0 0 0 0 0 0 0 0 0 0 0 0 0 0 0 0 0 0 0 0 0 13 0 0 0 0 0 0 0 0 
 0 0 0 1 0 2 1 0 0 0 0 0 0 0 0 0 1 0 1 0 42 71 63 51 70 44 438 302 86 31 32 50 0 85 47 28 31 21 407 224 0 0 0 2 2 0 0 0 3 0 1 3 2 3 0 0 66 0 0 0 0 7 0 1 0 0 8 3 0 0 0 0 5 0 0 0 0 2 0 1 0 10 0 0 0 0 0 0 0 0 0 0 0 0 0 0 0 0 0 0 44 12 1 0 0 0 40 28 0 0 0 0 18 47 10 0 59 0 29 23 0 0 0 0 0 0 0 13 0 0 0 0 0 0 0 3 0 0 0 0 0 0 0 0 0 0 0 0 0 0 0 0 0 0 0 0 0 0 0 0 0 0 0 0 3 0 0 0 0 0 0 0 0 0 0 0 0 0 13 0 40 4 1 19 0 0 22 29 25 0 0 0 9 55 12 15 14 1 0 28 0 0 0 0 0 0 15 0 0 0 0 0 0 0 0 0 0 0 0 0 0 0 0 0 0 0 0 0 0 0 0 0 0 0 0 0 0 0 0 0 0 0 0 0 0 0 0 0 7 0 0 0 0 0 11 1 4 0 0 0 2 0 0 0 0 0 0 0 0 0 0 0 0 0 0 0 0 0 0 0 0 0 0 0 0 0 0 0 0 0 
 4 0 0 0 0 1 0 0 0 3 1 0 0 0 0 36 0 0 0 0 136 34 59 84 91 68 878 820 130 83 18 52 85 0 325 55 33 39 100 293 2 0 0 0 0 0 0 3 2 0 0 3 6 6 0 0 2 3 0 0 0 5 0 2 0 0 6 3 0 0 0 0 3 0 0 0 0 1 37 1 0 0 0 0 0 1 1 2 0 0 0 0 0 0 0 0 0 0 0 0 34 17 28 13 1 0 16 51 12 0 2 0 1 35 19 27 41 16 2 0 2 0 0 0 0 0 0 0 0 0 0 0 2 0 0 0 0 0 0 0 0 0 0 0 2 0 0 0 0 0 6 0 12 0 0 0 0 5 0 0 0 0 0 0 0 0 0 1 0 0 0 0 12 0 1 0 0 0 0 0 18 52 38 18 0 0 7 37 29 42 0 0 1 1 40 25 48 19 0 1 0 0 0 0 0 0 0 0 0 2 0 8 0 5 0 0 0 0 0 0 0 0 0 0 0 0 0 0 0 0 0 0 0 0 27 0 0 0 0 10 0 0 0 0 0 0 0 0 0 0 0 1 0 0 18 1 1 0 0 2 11 1 0 0 0 0 0 0 0 0 0 0 0 0 0 0 0 0 0 0 0 0 0 0 0 0 0 0 0 0 
 0 0 0 0 0 0 0 0 3 0 0 0 0 0 0 0 0 0 0 0 277 305 519 67 67 73 44 342 253 116 73 32 47 325 0 274 58 50 273 82 0 0 1 1 0 0 0 0 0 0 0 4 5 3 0 0 2 0 0 48 49 3 0 3 0 0 0 3 0 0 0 0 3 0 0 0 0 0 0 2 0 0 0 0 0 0 0 0 0 0 0 0 0 0 0 0 0 0 0 0 1 22 38 11 1 0 0 19 18 20 0 4 0 14 16 25 7 20 0 11 0 0 0 0 0 0 0 0 0 0 0 0 0 0 0 0 0 0 0 0 0 0 0 0 0 0 0 0 0 0 0 0 0 0 0 0 0 0 0 0 0 16 0 0 0 0 0 0 0 0 0 0 4 0 0 0 0 0 0 0 0 88 36 1 1 0 25 29 25 32 0 0 0 0 24 28 18 33 0 0 0 0 0 0 0 0 0 6 0 0 0 25 0 0 0 0 0 0 0 0 0 0 0 0 0 0 0 0 0 0 0 0 0 0 0 0 0 0 0 0 0 0 0 0 0 0 0 0 0 0 0 0 0 0 3 0 0 0 0 0 38 0 0 0 0 0 1 0 0 0 0 0 0 0 0 0 0 0 0 0 0 0 0 0 0 0 0 0 0 0 
 2 5 2 2 2 2 2 2 4 2 2 2 2 2 2 2 5 2 2 2 23 257 436 46 166 54 40 207 322 254 311 57 28 55 274 0 356 192 38 41 0 0 65 3 0 0 2 0 18 32 0 3 56 2 0 0 3 0 0 0 0 3 0 3 0 0 0 3 0 0 0 0 3 0 0 0 0 0 0 1 0 0 0 0 0 0 13 0 2 1 2 0 0 0 1 0 0 0 0 0 0 47 43 22 0 0 0 3 55 40 8 21 0 0 8 51 0 30 0 0 0 0 0 0 0 0 0 0 0 0 0 0 0 0 0 0 0 2 0 0 0 16 0 0 20 0 0 0 0 0 0 0 3 0 0 0 0 0 0 0 1 0 0 0 0 0 0 0 0 0 0 0 6 0 0 0 0 0 0 0 0 18 44 24 11 0 0 2 15 0 33 2 0 0 18 29 27 40 0 0 0 0 0 0 0 14 0 1 0 0 2 0 0 0 0 0 0 0 0 0 0 0 0 0 0 0 0 0 0 0 0 0 0 1 0 0 0 0 0 0 0 0 32 0 0 0 0 0 0 0 0 0 0 0 4 0 0 1 8 2 12 8 0 0 0 0 12 0 0 0 0 0 0 0 0 0 0 0 0 0 0 17 0 0 0 0 0 0 0 0 
 2 2 0 0 4 3 0 2 1 0 0 3 3 0 0 1 3 0 0 0 45 356 82 289 62 61 251 256 223 383 137 69 31 33 58 356 0 376 37 23 0 0 1 10 0 0 0 0 0 0 0 6 55 3 0 0 2 0 0 0 0 3 0 3 0 0 2 3 0 0 0 0 3 0 0 0 0 0 0 53 0 1 0 0 0 0 0 0 0 0 0 0 0 0 0 0 0 0 0 0 0 1 24 12 16 1 1 0 39 53 11 35 0 0 12 17 1 49 0 0 0 0 2 0 0 0 0 0 0 0 0 0 0 0 0 9 8 1 0 0 2 0 0 0 0 0 0 0 0 0 1 0 3 0 0 0 0 14 0 0 0 0 0 7 0 0 2 0 0 0 0 0 0 0 1 0 1 0 1 0 2 0 7 15 18 1 0 0 20 0 40 34 0 0 11 17 13 23 0 0 0 0 0 0 0 0 0 13 0 0 0 0 0 0 1 0 0 0 0 0 2 2 0 0 0 0 1 0 0 0 0 0 0 0 0 0 0 2 0 0 0 0 15 0 0 2 0 0 0 0 0 0 0 0 17 3 2 2 8 1 3 15 2 26 0 0 17 0 0 0 0 0 0 0 0 0 0 0 0 0 0 18 0 0 0 0 14 0 0 0 
 3 2 3 2 6 9 3 3 208 4 5 6 3 3 3 3 4 8 2 3 74 33 338 352 46 34 252 38 201 176 640 40 21 39 50 192 376 0 43 24 0 0 3 0 0 0 0 4 0 0 0 5 7 6 0 0 1 0 4 0 0 9 0 1 0 6 3 3 0 1 0 0 3 1 0 0 4 2 0 4 0 0 0 0 0 0 0 0 0 0 0 0 0 0 22 0 0 0 0 0 0 0 0 22 35 12 0 0 47 7 47 63 0 0 0 13 0 33 0 0 0 0 0 0 0 0 0 0 0 0 0 0 5 0 0 0 0 0 67 1 0 0 0 0 0 0 0 0 0 0 0 0 0 0 0 0 0 10 0 0 0 0 0 0 0 0 0 0 0 0 0 0 0 0 7 0 0 0 0 0 0 0 43 41 20 10 0 0 6 0 56 44 0 6 0 7 0 5 0 0 1 0 0 0 0 0 0 0 0 0 0 0 1 0 0 0 0 0 12 0 7 0 0 0 0 0 0 0 0 0 0 0 0 0 0 0 0 0 0 0 0 0 18 0 0 0 0 0 0 0 0 0 0 0 12 0 1 150 160 0 4 14 0 0 0 0 34 0 0 0 0 0 0 0 0 0 0 0 0 0 0 27 0 0 0 0 0 0 0 0 
 2 2 2 2 2 230 2 4 2 2 2 4 2 4 2 2 210 3 2 2 96 33 258 55 263 43 260 36 98 291 467 17 407 100 273 38 37 43 0 265 0 63 3 0 0 0 0 0 0 0 0 6 6 3 0 0 2 0 0 0 0 2 0 1 0 0 3 3 0 0 0 0 3 0 0 0 0 2 0 2 0 20 0 0 0 0 0 0 0 2 0 0 0 0 0 0 0 0 0 0 4 12 0 0 0 0 72 31 2 0 0 0 35 35 17 0 18 0 40 37 0 0 0 0 0 0 0 0 1 0 0 0 0 0 2 0 0 21 2 16 2 0 0 0 0 0 0 0 0 0 0 0 0 0 0 0 0 0 0 9 0 0 0 0 4 19 0 0 0 0 0 0 0 0 0 0 0 0 0 0 31 11 0 0 0 0 55 30 1 0 0 0 40 49 1 0 0 0 26 40 0 0 0 0 0 14 0 0 0 0 0 0 0 0 0 0 0 0 0 0 0 0 0 0 0 0 1 0 0 0 0 0 0 0 0 0 0 0 0 0 0 0 0 0 0 0 0 0 0 0 0 0 0 0 4 2 3 0 0 0 3 1 0 0 0 0 0 0 0 0 0 0 0 0 0 0 0 0 0 0 16 0 0 0 0 0 0 0 0 0 
 0 0 0 2 0 0 0 0 0 0 0 0 0 0 0 0 0 0 0 0 239 46 31 48 48 45 288 57 54 68 140 23 224 293 82 41 23 24 265 0 0 0 1 0 0 0 0 0 0 0 0 3 4 3 0 0 1 0 0 0 0 2 0 0 0 0 6 3 0 0 0 0 11 0 0 0 3 3 0 1 0 0 0 0 2 18 0 0 0 0 0 0 0 0 0 0 0 0 0 0 31 28 1 2 0 0 85 82 0 13 0 0 29 42 14 16 48 16 42 11 6 0 0 0 0 0 0 0 0 0 0 1 0 0 0 2 0 0 0 0 0 0 0 0 0 0 1 2 0 0 0 0 0 0 0 0 0 8 0 0 0 0 1 0 3 0 0 0 0 0 0 0 2 0 0 0 0 0 0 0 49 32 31 19 0 0 3 38 26 9 0 0 26 35 51 10 13 21 0 37 0 12 0 0 0 0 0 2 0 0 0 0 0 3 0 0 0 0 0 0 0 0 0 0 0 0 0 0 0 0 0 0 0 0 0 0 0 0 0 0 0 0 0 0 0 0 0 0 0 0 0 0 0 0 4 0 0 0 0 0 1 2 0 0 0 0 0 0 0 0 0 0 0 0 0 0 0 0 0 0 0 0 0 0 0 0 0 0 0 0 
 0 27 0 0 0 0 4 2 0 17 0 0 0 0 0 2 0 0 0 0 2 0 5 0 4 7 0 0 0 0 0 0 0 2 0 0 0 0 0 0 0 97 282 45 47 41 567 282 36 42 39 21 67 145 232 263 257 56 29 264 0 0 0 7 0 0 0 0 0 0 0 0 4 0 0 0 0 1 53 1 0 0 0 0 0 0 0 0 0 0 0 0 0 0 0 0 0 0 0 0 0 1 1 0 0 0 0 0 0 0 0 0 0 0 0 0 0 0 0 0 0 40 26 22 0 0 0 0 29 9 8 0 0 3 11 35 0 4 0 0 0 0 0 0 0 0 0 9 0 0 0 0 0 0 0 0 0 0 4 0 0 0 0 0 0 0 0 0 0 0 0 0 0 1 0 0 0 0 0 0 0 0 0 0 0 0 0 0 0 0 0 0 0 0 0 0 0 0 0 0 21 50 27 44 1 0 0 43 44 7 0 0 0 23 30 60 20 31 0 0 0 0 0 0 0 0 0 0 0 0 0 0 0 0 0 17 0 0 0 0 0 0 0 0 0 0 0 0 0 0 0 6 0 0 0 0 0 0 0 0 0 0 2 0 0 3 1 0 0 2 4 0 0 0 0 0 0 0 0 0 0 0 0 0 0 0 0 0 0 7 
 0 0 0 0 0 0 0 13 0 0 0 1 0 0 0 3 0 0 0 0 0 0 0 0 0 11 0 0 0 0 0 0 0 0 0 0 0 0 63 0 97 0 278 65 27 33 69 316 296 36 46 44 62 82 257 249 379 31 43 53 3 0 0 48 0 0 0 0 0 4 2 2 0 0 2 2 1 4 0 3 0 0 0 0 0 0 0 0 0 15 0 0 0 0 0 0 0 0 31 0 0 0 0 3 0 0 0 0 0 0 0 0 0 0 0 0 0 0 0 0 0 27 5 34 0 0 0 0 27 31 19 22 0 0 0 45 39 26 0 0 0 0 0 0 2 0 0 0 0 0 0 10 0 0 0 1 0 0 0 0 0 0 0 0 0 0 0 0 0 0 0 0 0 0 0 0 0 0 0 0 0 0 0 0 0 0 15 0 0 0 0 0 0 0 0 0 0 0 0 0 0 25 18 25 17 0 0 0 21 16 11 0 0 0 15 9 38 68 0 0 0 0 0 0 4 0 0 0 0 0 0 0 0 0 0 0 9 0 0 0 0 0 20 0 0 0 0 0 0 0 0 5 0 1 0 0 0 0 0 0 0 0 2 0 0 0 3 0 0 0 28 0 0 0 0 2 0 0 0 0 0 0 0 0 1 0 0 0 1 0 
 3 3 4 3 3 6 3 5 3 3 3 6 4 3 3 3 3 11 58 3 6 0 1 1 1 4 1 0 4 0 0 4 0 0 1 65 1 3 3 1 282 278 0 131 67 34 65 379 211 386 66 285 50 699 128 109 187 474 48 265 8 2 0 0 0 0 4 4 0 0 0 0 3 3 6 0 0 0 0 2 0 0 0 0 0 0 1 0 0 0 0 0 0 0 0 0 16 0 0 0 0 0 0 0 0 0 0 0 0 0 0 0 8 0 0 0 0 0 0 0 0 14 40 10 18 0 0 5 10 83 17 34 0 0 0 4 31 26 0 0 0 16 2 0 0 0 0 19 2 2 0 0 0 0 0 5 3 0 0 0 0 0 0 0 0 0 0 0 0 0 0 0 0 0 0 0 0 0 0 0 0 0 0 0 0 0 0 0 0 0 0 0 0 0 0 0 0 0 0 0 0 1 0 32 20 0 0 0 4 56 12 0 0 0 1 1 22 13 0 0 2 5 2 0 0 0 0 2 12 0 0 0 0 0 2 10 0 0 10 0 0 0 6 0 0 0 0 0 0 0 0 9 0 2 0 0 0 0 0 10 0 0 6 1 0 2 2 4 1 0 17 0 0 0 0 0 0 0 0 0 0 0 0 6 11 15 0 0 1 0 
 0 0 0 0 5 1 2 0 0 0 0 0 0 0 0 0 0 0 0 0 1 0 0 0 0 0 2 0 0 0 4 2 2 0 1 3 10 0 0 0 45 65 131 0 76 27 91 63 76 272 186 263 58 69 268 53 97 239 83 87 207 3 0 0 1 0 0 53 0 0 0 0 0 0 0 0 0 0 2 0 0 0 0 0 19 0 0 0 0 0 0 0 0 0 0 0 0 0 0 0 0 0 0 0 0 0 0 0 0 0 0 0 0 0 0 11 0 0 0 0 0 0 0 9 20 15 0 0 1 0 0 11 0 0 0 1 2 17 0 0 20 0 0 0 0 0 9 0 0 0 0 0 4 5 5 0 16 0 11 23 0 0 0 0 0 1 4 0 0 0 0 0 0 0 0 0 0 0 0 4 0 0 0 0 0 0 0 0 0 0 0 0 0 0 0 0 0 0 0 0 0 1 1 0 35 33 0 0 1 11 10 49 0 0 0 1 0 1 0 0 18 0 0 0 0 0 4 0 0 0 0 8 20 11 0 0 0 0 38 3 0 0 1 0 0 0 0 0 0 0 0 4 0 2 0 0 0 1 0 9 0 20 8 22 1 3 0 34 2 0 0 0 0 0 0 0 0 0 0 0 0 0 0 0 17 11 0 0 1 0 
 0 31 2 0 0 5 0 0 0 0 0 0 0 0 0 0 0 0 0 3 3 62 0 0 0 2 0 0 2 0 0 0 2 0 0 0 0 0 0 0 47 27 67 76 0 498 47 260 65 47 86 499 61 72 57 50 255 45 48 86 0 4 12 3 0 0 0 0 2 7 2 0 6 1 0 3 6 6 0 0 0 0 0 0 0 0 0 0 0 0 0 0 0 0 0 0 0 0 0 0 0 0 0 0 0 0 0 0 0 0 0 0 0 0 0 0 0 0 0 0 0 0 0 0 21 17 0 0 0 0 0 0 0 0 0 0 0 0 0 0 15 0 0 4 0 1 0 7 4 0 0 0 17 16 9 0 12 3 20 26 0 0 6 0 0 0 6 0 0 0 0 0 19 0 0 0 0 0 0 0 0 0 0 0 0 0 0 0 0 0 0 0 0 19 0 0 0 0 0 0 0 0 0 0 1 7 0 0 0 0 0 1 0 0 0 0 0 0 0 0 15 0 0 7 5 29 0 20 0 13 6 0 34 0 0 0 5 0 32 21 0 0 0 0 0 0 0 0 0 0 0 6 0 1 0 0 0 0 0 3 0 0 1 1 0 3 14 1 2 0 9 0 0 0 0 0 0 0 0 0 0 3 0 0 0 0 0 0 2 0 
 0 0 3 0 64 0 0 0 0 0 0 0 4 0 0 0 0 1 0 0 0 0 0 0 0 0 0 0 3 0 62 4 0 0 0 0 0 0 0 0 41 33 34 27 498 0 39 255 111 47 82 90 26 57 46 78 92 37 61 263 0 0 0 0 0 0 0 0 0 0 0 0 7 0 0 0 0 0 111 0 19 0 0 0 0 0 0 0 0 0 0 0 0 0 0 0 0 0 0 0 0 0 0 0 0 0 0 0 0 0 0 0 0 0 0 0 0 0 0 0 0 0 0 0 25 14 0 0 0 0 4 0 0 0 0 0 0 0 0 0 10 0 1 0 0 0 17 2 6 0 0 0 19 13 27 0 1 0 16 42 0 0 6 0 0 0 4 0 0 0 0 0 0 1 0 0 0 0 0 0 0 0 0 0 0 0 0 0 0 0 0 0 0 0 0 0 0 0 0 0 0 0 0 0 9 2 0 0 0 2 0 4 0 0 0 0 0 0 0 0 19 0 0 0 0 0 44 5 0 0 0 0 16 16 1 0 0 0 3 23 0 0 0 0 0 0 0 0 0 0 0 8 0 0 0 0 0 0 0 0 0 0 0 0 0 6 0 0 0 0 0 0 0 0 0 0 0 0 0 0 0 0 0 0 0 0 0 0 1 0 
 0 0 2 0 0 0 0 0 0 0 0 0 0 0 0 0 0 0 0 1 0 0 0 0 0 3 0 2 3 0 0 0 0 0 0 2 0 0 0 0 567 69 65 91 47 39 0 287 64 24 49 32 351 271 35 250 242 273 267 199 0 0 0 4 0 0 0 0 19 0 0 0 4 0 0 0 0 0 0 0 0 0 0 0 0 0 0 0 0 0 0 0 0 0 0 0 0 0 0 5 0 0 0 0 0 0 7 0 0 0 0 0 0 0 0 0 0 4 0 0 21 38 23 1 0 0 8 26 26 1 0 0 1 21 5 0 1 8 0 0 0 2 0 0 0 0 0 8 0 0 0 0 0 0 0 0 0 0 8 0 0 0 0 0 0 0 0 0 0 0 0 0 0 0 0 0 0 0 0 0 0 0 0 0 0 0 0 0 0 0 0 0 0 0 0 0 0 0 0 0 8 13 29 11 0 0 14 62 2 6 0 0 0 84 35 14 1 2 0 0 0 0 0 0 0 0 0 0 0 0 0 0 0 0 0 0 0 0 0 0 0 0 0 0 0 0 0 0 0 0 0 0 0 0 0 0 0 0 16 0 0 0 2 0 0 1 0 0 0 0 0 0 0 0 0 0 0 0 0 0 0 0 0 0 0 0 0 0 2 2 
 0 0 0 0 0 3 0 3 0 2 0 1 0 0 0 0 0 0 0 3 4 0 0 0 0 0 0 0 0 0 0 2 0 3 0 0 0 4 0 0 282 316 379 63 260 255 287 0 78 47 58 54 312 521 293 271 257 61 71 44 0 3 0 0 0 57 0 0 0 1 0 0 0 0 0 0 2 0 0 4 0 0 0 0 0 0 0 0 0 0 0 0 0 0 0 0 0 1 0 0 0 0 0 0 0 0 0 0 0 0 0 0 0 0 0 13 0 0 0 0 0 34 49 35 0 0 1 1 28 56 20 29 0 0 7 16 23 30 0 0 0 0 0 0 0 0 0 7 0 0 0 0 0 0 0 0 0 0 0 0 0 0 0 0 0 0 0 0 0 9 0 0 0 0 0 0 0 0 0 0 0 0 0 0 0 10 0 0 0 0 0 0 0 0 0 0 0 0 0 0 0 17 20 46 2 0 9 18 54 25 0 0 0 14 13 9 38 44 0 0 0 0 0 1 0 0 0 3 0 0 0 0 0 0 0 0 0 0 0 0 0 0 0 0 0 0 0 0 0 0 0 2 0 23 0 0 0 2 0 0 0 1 2 0 0 0 1 0 2 0 45 0 0 0 0 1 0 0 0 0 0 0 0 0 0 0 0 0 0 1 
 0 0 2 0 33 0 0 0 0 2 0 2 0 0 0 0 0 0 0 2 2 0 0 0 0 62 0 0 5 0 0 2 3 2 0 18 0 0 0 0 36 296 211 76 65 111 64 78 0 316 45 246 299 102 88 65 140 242 80 67 0 0 0 207 0 0 0 0 0 0 0 1 0 206 0 0 0 0 0 0 0 0 0 13 0 0 10 0 0 0 0 0 0 0 0 0 0 0 0 2 0 0 0 0 0 0 0 0 0 0 0 0 0 0 0 0 0 0 0 0 0 12 10 23 17 0 0 0 9 20 17 33 0 0 0 1 42 17 0 0 0 11 0 0 0 14 0 0 0 0 0 0 0 0 0 0 0 0 0 0 0 0 0 0 0 0 0 0 0 0 0 0 0 0 0 0 0 0 0 1 0 0 0 0 0 0 0 0 0 0 0 0 0 0 0 0 0 0 7 0 0 3 0 26 6 0 0 1 0 20 20 0 14 0 0 0 60 10 0 0 22 0 0 0 0 0 0 0 0 0 0 0 0 0 0 0 0 0 15 0 0 0 4 0 0 0 0 0 0 32 0 6 0 2 0 0 0 0 0 15 0 0 1 1 0 2 0 1 0 0 10 0 0 0 0 0 0 0 0 0 0 0 0 0 11 9 0 0 0 0 
 2 0 0 0 0 0 0 0 0 0 0 0 0 0 0 0 44 0 0 62 3 0 0 0 0 62 0 0 1 0 0 0 0 0 0 32 0 0 0 0 42 36 386 272 47 47 24 47 316 0 316 54 48 96 90 377 493 123 91 122 1 0 0 0 0 0 3 0 0 0 0 0 2 0 0 0 0 0 3 3 0 0 0 13 0 0 21 0 0 0 0 0 0 0 0 0 0 0 0 0 0 0 0 0 0 0 0 0 0 0 0 0 0 0 0 0 0 0 0 0 0 0 0 10 52 10 0 0 1 0 7 9 0 0 0 0 15 13 0 0 27 14 9 0 0 0 3 10 8 0 0 0 4 1 1 3 3 0 22 0 0 0 0 0 0 0 0 0 10 0 0 0 0 0 0 0 0 0 0 2 0 0 0 0 0 0 0 0 0 0 0 0 0 0 0 0 0 0 0 0 0 1 1 1 29 18 0 0 0 13 43 13 0 1 0 0 2 1 0 0 9 0 0 0 0 0 1 6 3 0 0 0 15 0 0 3 0 0 8 0 0 0 12 0 0 0 0 0 0 0 0 6 0 0 0 0 0 0 0 25 0 0 68 65 1 10 3 64 0 0 0 0 0 0 0 0 0 0 0 0 0 0 0 0 15 19 0 0 1 0 
 3 3 3 3 3 3 3 3 3 3 3 3 6 5 3 3 3 3 4 6 0 0 0 0 0 2 0 1 0 0 0 0 1 0 0 0 0 0 0 0 39 46 66 186 86 82 49 58 45 316 0 319 39 31 78 100 190 297 251 77 0 2 0 0 0 0 3 0 0 0 0 0 1 0 0 0 0 0 54 1 0 0 0 0 0 0 0 0 0 0 0 0 0 0 0 0 0 8 0 0 0 0 0 0 0 0 0 0 0 0 0 0 1 0 0 10 0 0 0 0 0 0 0 7 23 14 0 0 0 1 0 14 0 0 0 0 1 11 0 0 6 0 4 0 0 0 8 0 3 0 1 0 5 4 4 0 3 0 10 0 0 0 0 3 0 0 3 0 0 26 0 0 0 0 0 0 0 0 0 4 0 0 0 0 0 0 0 0 0 8 0 0 0 0 0 0 0 0 0 0 0 0 0 0 8 17 0 0 0 25 27 11 0 0 0 0 0 0 0 0 4 0 0 0 0 0 4 3 0 0 0 1 9 0 0 0 0 0 44 2 0 0 0 0 0 0 0 0 0 0 0 6 0 0 0 0 0 0 0 21 0 0 3 6 0 7 0 6 4 0 1 0 0 0 0 0 0 0 0 0 0 0 0 0 10 32 0 0 2 0 
 8 0 0 104 2 63 2 3 0 0 0 0 67 2 0 0 0 3 0 0 3 3 5 5 5 6 3 3 5 4 3 5 3 3 4 3 6 5 6 3 21 44 285 263 499 90 32 54 246 54 319 0 13 40 29 245 76 100 255 452 0 0 0 0 0 0 0 0 0 3 0 0 0 2 0 0 0 0 1 0 0 3 0 0 0 0 6 0 0 0 8 0 0 0 0 0 0 0 0 0 0 0 18 0 0 0 0 0 0 0 0 0 0 0 0 17 0 0 0 0 0 0 0 13 59 15 0 0 0 0 0 10 0 0 0 0 0 1 0 0 18 0 0 0 0 0 10 0 1 0 0 0 30 6 6 0 11 0 35 35 0 0 0 0 0 0 6 0 0 0 0 0 0 1 0 0 0 0 0 4 0 0 5 0 0 0 0 0 0 0 0 0 10 0 0 0 0 0 0 0 0 0 0 0 47 28 0 5 0 0 26 12 0 0 0 0 0 0 0 25 22 0 0 0 0 0 6 0 0 0 0 0 71 35 0 0 0 0 52 18 0 0 0 0 0 0 0 0 0 0 0 5 0 0 0 0 0 0 0 19 0 0 68 67 0 13 4 66 0 0 0 0 0 0 0 0 0 0 0 0 0 0 0 0 0 0 0 0 1 0 
 6 0 0 0 0 0 0 0 0 3 0 1 0 0 0 0 0 3 0 0 8 2 6 9 4 3 3 3 7 10 6 4 2 6 5 56 55 7 6 4 67 62 50 58 61 26 351 312 299 48 39 13 0 98 32 33 26 46 304 214 0 0 0 54 0 1 0 3 0 0 0 0 3 52 5 0 50 2 0 0 0 0 0 0 0 0 18 0 0 0 0 0 0 0 0 0 0 0 0 0 0 0 0 0 18 0 0 0 0 11 12 13 0 0 0 0 0 13 0 0 43 25 36 0 0 0 3 27 7 0 1 0 8 23 35 1 16 6 0 0 0 6 0 0 0 0 0 7 0 0 0 0 0 0 0 0 0 4 8 0 5 0 0 0 0 15 0 0 0 0 0 0 0 0 0 0 0 0 0 0 0 0 10 0 16 1 0 0 0 0 12 1 0 0 0 0 0 0 0 0 17 0 0 12 2 0 20 34 10 1 0 0 0 35 34 17 0 0 0 0 0 0 0 0 0 0 0 0 0 0 10 0 0 0 0 0 0 0 0 0 0 0 37 0 0 0 0 0 0 0 0 8 0 0 0 0 0 0 11 0 0 0 2 0 0 2 1 0 0 0 0 0 38 0 0 0 0 0 0 0 0 16 0 0 0 0 0 0 0 0 
 2 2 2 2 2 5 2 2 2 5 2 13 5 2 2 2 2 2 2 5 11 3 9 3 65 9 3 6 6 3 3 3 3 6 3 2 3 6 3 3 145 82 699 69 72 57 271 521 102 96 31 40 98 0 579 52 242 257 58 257 0 0 0 2 0 0 0 0 0 0 0 0 3 0 0 0 0 0 0 0 0 0 0 0 0 0 0 0 0 0 0 0 0 1 0 0 0 0 0 0 0 0 0 0 0 0 0 0 0 0 0 0 0 15 0 0 0 0 0 0 1 32 40 9 0 0 0 0 26 7 11 4 16 4 8 35 0 4 0 0 0 0 0 0 0 0 0 3 0 0 0 0 0 0 0 0 0 0 4 0 0 0 0 0 0 0 0 0 0 0 0 0 0 0 0 0 0 0 0 0 14 3 0 0 0 0 0 0 0 0 0 0 0 3 4 0 0 0 14 0 15 27 24 21 0 0 1 35 39 6 0 0 0 17 37 29 20 30 0 0 0 0 0 0 0 1 0 0 0 0 0 0 0 0 0 0 0 0 0 0 0 0 0 0 0 0 0 0 0 0 0 3 0 0 0 0 0 0 0 0 0 0 2 0 0 0 1 0 0 0 2 0 0 0 0 0 0 0 0 0 0 0 0 0 0 0 0 0 0 0 
 5 0 52 0 0 0 2 0 0 0 0 0 0 0 0 0 63 0 21 0 2 0 0 0 4 8 2 0 0 0 0 9 0 0 0 0 0 0 0 0 232 257 128 268 57 46 35 293 88 90 78 29 32 579 0 101 31 35 48 96 0 2 0 1 0 0 0 0 0 0 0 0 0 0 0 0 1 0 0 22 0 0 0 0 0 0 0 0 0 0 0 0 0 0 0 0 0 0 0 0 0 0 0 0 4 5 0 0 0 0 0 0 0 0 0 0 0 0 0 0 8 18 10 41 0 0 2 0 31 29 20 34 3 0 4 21 20 29 5 3 0 0 0 0 0 0 0 7 0 0 0 0 0 0 0 0 0 0 0 0 0 0 0 0 0 0 0 0 0 0 0 0 0 0 0 0 0 0 0 0 0 0 0 0 9 14 0 2 0 0 0 0 0 0 0 0 0 0 0 0 3 28 27 38 2 0 0 26 34 10 0 0 3 9 32 16 39 43 0 5 0 0 0 0 0 0 0 0 0 0 0 0 27 0 0 0 0 0 0 0 0 0 0 0 0 0 0 0 0 0 0 0 0 1 0 0 0 0 0 2 0 0 1 0 0 0 0 0 0 0 30 0 0 0 0 0 0 0 0 0 0 0 0 0 0 0 0 0 2 0 
 0 0 49 0 0 0 0 0 0 0 0 0 0 0 0 3 0 0 21 0 3 0 0 0 4 75 0 2 2 0 0 1 0 0 0 0 0 0 0 0 263 249 109 53 50 78 250 271 65 377 100 245 33 52 101 0 240 500 241 158 0 0 0 0 0 0 0 0 52 0 0 0 0 0 0 0 1 0 1 0 0 0 0 0 0 0 0 0 0 0 0 0 0 0 0 0 0 0 0 0 0 0 0 0 0 1 0 4 0 0 8 0 0 0 0 0 0 0 0 0 9 20 12 14 22 0 19 1 35 44 22 48 1 0 0 1 24 31 4 4 0 8 0 0 0 0 0 0 0 0 0 0 0 0 0 0 0 0 0 0 0 0 0 0 0 0 0 0 0 0 0 0 0 0 0 0 0 0 0 0 0 0 0 0 0 0 0 0 0 0 7 0 0 0 0 0 0 11 0 0 10 0 9 21 10 0 4 0 3 20 16 0 14 4 7 1 22 25 0 0 0 0 0 0 0 0 0 0 0 0 0 0 11 0 0 0 0 0 11 0 0 0 5 0 0 0 0 0 0 0 0 4 0 0 0 0 0 0 0 11 0 0 2 1 1 1 3 1 0 0 12 0 0 0 0 0 0 0 0 0 0 0 0 0 30 26 0 0 2 0 
 11 3 5 3 3 3 3 3 3 3 3 3 8 3 4 3 11 3 3 7 4 2 2 2 2 5 2 5 10 2 1 2 66 2 2 3 2 1 2 1 257 379 187 97 255 92 242 257 140 493 190 76 26 242 31 240 0 481 32 25 3 0 0 0 0 0 3 0 0 0 0 0 4 5 0 0 0 0 2 5 0 0 0 0 0 0 0 0 0 0 0 0 0 0 0 0 0 0 0 0 0 0 0 20 0 0 0 0 0 0 0 0 0 0 0 0 0 0 0 0 0 0 7 14 33 2 0 0 9 28 12 34 0 0 13 0 37 47 0 0 0 0 8 0 0 0 0 8 8 1 0 0 14 0 0 3 3 0 19 0 0 0 0 0 0 0 0 0 0 0 0 0 0 0 0 0 0 0 0 1 0 0 0 0 0 0 0 0 0 0 0 0 0 0 0 0 0 0 0 0 0 0 0 10 29 1 0 0 0 38 22 0 0 0 0 0 9 11 0 0 8 5 0 0 0 0 0 25 3 0 0 0 0 0 0 8 0 1 16 14 0 0 12 0 0 0 0 0 0 0 0 15 0 0 0 0 0 0 0 11 0 0 16 0 0 0 2 62 0 0 24 0 0 0 0 0 0 0 0 0 0 0 0 0 25 20 0 0 2 0 
 0 0 1 0 2 4 0 0 0 3 3 0 2 1 0 3 0 0 1 0 3 0 0 0 0 6 0 2 4 3 0 2 0 3 0 0 0 0 0 0 56 31 474 239 45 37 273 61 242 123 297 100 46 257 35 500 481 0 37 40 0 0 0 0 0 0 0 0 0 0 0 2 0 0 0 0 0 0 0 0 0 0 0 0 0 0 0 0 0 0 0 0 0 0 0 0 0 0 0 0 0 0 8 0 0 0 0 0 0 0 0 0 8 0 0 0 0 0 0 0 0 0 4 14 27 10 0 0 1 4 7 8 0 0 0 0 13 23 0 0 0 0 0 0 0 0 0 0 1 0 0 0 0 0 0 0 0 0 14 0 0 0 0 0 0 0 0 0 0 0 0 0 0 0 0 0 0 0 0 2 0 0 0 0 0 0 0 0 0 0 0 0 0 0 0 0 0 0 0 0 0 1 1 2 49 50 0 0 0 12 33 16 0 1 0 0 0 16 0 0 0 0 0 0 0 0 0 0 0 0 0 0 11 0 0 0 0 0 14 0 0 0 12 0 0 0 0 0 0 0 0 10 0 0 0 0 0 0 0 25 0 0 68 62 0 14 3 62 0 0 0 0 0 0 0 0 0 0 0 0 0 0 0 0 62 19 0 0 1 0 
 23 3 3 3 3 4 3 3 3 3 3 3 3 3 3 2 3 3 3 6 1 0 0 40 5 195 0 0 5 0 0 0 0 0 0 0 0 4 0 0 29 43 48 83 48 61 267 71 80 91 251 255 304 58 48 241 32 37 0 374 0 55 1 0 0 6 1 0 0 2 0 0 12 0 0 0 4 0 0 6 0 0 0 0 0 0 0 0 0 0 0 13 0 5 0 0 0 0 0 0 0 0 0 0 0 9 0 0 0 0 0 0 0 0 0 0 0 0 0 0 24 0 10 0 34 14 31 28 0 0 0 0 22 76 9 0 0 0 12 0 4 4 0 0 0 0 7 0 7 0 0 0 0 4 4 0 0 0 21 4 26 0 0 0 0 0 0 0 0 0 0 0 0 0 0 0 0 0 0 18 0 0 0 0 0 0 11 0 0 0 0 14 0 0 0 0 0 0 0 0 29 0 0 0 4 4 42 10 0 1 0 5 15 13 10 0 0 0 8 21 0 0 0 0 0 0 4 0 8 0 0 0 9 7 0 0 0 0 7 2 0 0 0 0 0 0 0 0 0 0 0 0 0 0 0 0 0 0 0 0 0 0 0 0 0 2 0 0 2 0 0 0 0 0 0 0 0 0 0 0 0 0 0 0 0 0 0 0 2 0 
 0 0 0 0 1 0 0 0 0 0 0 0 1 0 0 0 0 0 0 0 0 0 0 0 3 12 0 3 6 0 0 0 0 0 48 0 0 0 0 0 264 53 265 87 86 263 199 44 67 122 77 452 214 257 96 158 25 40 374 0 0 0 0 11 2 0 0 0 30 0 0 0 4 0 0 0 2 0 0 2 0 0 0 0 0 0 0 0 0 0 0 0 0 0 0 0 0 0 0 0 0 0 0 10 0 0 0 0 0 0 7 12 0 0 0 0 0 0 0 0 13 11 19 6 0 0 10 24 10 1 0 0 13 23 13 1 1 0 0 0 0 5 0 0 0 0 0 23 0 0 0 0 0 0 0 0 0 0 14 0 0 0 0 0 0 0 0 0 0 0 0 0 0 0 0 0 0 0 0 0 0 0 0 0 0 0 0 0 0 0 0 2 0 0 0 0 0 0 0 0 29 24 46 0 0 0 25 37 7 0 0 0 0 35 38 40 0 0 0 0 0 0 0 0 0 0 0 0 0 0 0 0 0 0 0 0 0 0 0 0 0 0 0 0 0 0 0 0 0 0 0 4 0 0 0 0 0 0 0 0 0 0 0 0 0 4 2 0 0 0 0 0 0 0 0 0 0 0 0 0 0 0 0 0 0 0 0 0 2 0 
 2 2 2 41 2 2 2 2 2 2 2 2 2 2 2 2 2 2 2 2 0 0 0 0 4 3 0 0 0 0 0 0 0 0 49 0 0 0 0 0 0 3 8 207 0 0 0 0 0 1 0 0 0 0 0 0 3 0 0 0 0 82 77 48 58 56 272 250 61 38 39 279 64 99 225 50 49 274 55 62 0 0 0 0 0 0 0 0 0 0 0 0 0 0 0 0 0 0 0 0 0 0 0 0 0 0 0 0 0 0 0 0 0 0 0 0 0 0 0 0 0 0 0 0 0 0 0 0 0 0 0 0 0 0 0 0 0 0 0 0 0 34 30 4 13 6 0 32 5 27 10 7 0 3 0 26 36 4 0 0 0 0 0 4 0 0 0 0 0 0 0 0 0 0 0 0 19 0 7 0 0 0 0 0 0 0 0 0 0 0 0 0 0 0 0 0 0 0 0 0 0 0 0 0 0 0 0 14 0 0 0 0 0 0 0 0 0 0 0 0 19 34 9 31 5 0 0 25 60 12 26 23 0 0 26 41 17 10 0 0 4 0 0 0 0 0 0 0 0 0 0 0 0 0 5 0 0 0 0 0 0 0 0 0 0 0 2 0 0 0 16 0 0 0 0 0 0 0 0 0 0 0 0 0 0 0 0 0 1 1 
 5 0 0 1 0 3 5 0 0 2 0 2 3 0 0 0 0 4 2 4 12 5 3 43 3 3 3 3 7 3 2 6 7 5 3 3 3 9 2 2 0 0 2 3 4 0 0 3 0 0 2 0 0 0 2 0 0 0 55 0 82 0 258 48 32 57 60 546 206 41 18 29 39 42 216 190 141 239 61 55 0 0 0 0 1 0 0 0 0 0 0 0 0 0 0 0 0 8 0 0 0 0 0 0 0 0 0 0 0 0 0 0 0 0 0 0 0 0 0 0 0 0 0 0 0 0 0 0 0 0 0 0 0 0 0 0 0 9 0 0 0 24 15 45 3 0 0 2 0 32 15 3 0 0 0 1 15 16 0 0 0 0 0 0 0 5 0 0 0 0 0 0 0 0 0 1 0 0 6 18 0 0 0 0 0 0 0 0 0 0 0 0 0 0 0 0 0 0 0 0 0 0 0 0 8 0 0 0 0 0 0 0 0 0 0 0 0 0 0 0 0 1 36 44 2 11 0 0 30 26 42 36 0 0 1 24 50 30 1 0 0 0 0 0 0 0 0 0 0 0 0 0 0 0 0 0 0 0 0 0 0 1 0 0 0 0 0 0 0 0 21 0 0 21 16 2 0 0 0 0 0 0 0 0 11 1 0 0 5 0 
