 0 207 80 67 49 254 472 424 42 44 31 25 60 292 403 52 31 66 33 43 0 0 0 3 0 3 75 0 0 0 5 0 0 1 0 2 76 0 2 3 0 0 0 31 0 2 0 0 0 9 0 3 33 0 2 3 1 0 0 0 0 49 3 0 0 2 2 41 3 2 2 0 32 0 0 0 0 43 0 0 34 40 0 0 0 0 43 36 43 0 12 0 0 32 14 36 28 19 0 12 0 0 0 0 0 0 0 0 0 0 0 0 0 0 0 0 0 0 0 0 0 0 0 0 0 0 0 0 0 3 0 0 0 0 0 0 0 0 0 0 0 0 0 0 2 0 0 0 0 0 11 0 0 0 10 0 1 0 5 16 0 11 50 1 0 0 21 38 11 18 0 0 5 16 22 0 0 0 0 1 0 0 0 0 0 0 0 2 0 0 0 0 0 0 0 0 0 0 0 0 1 0 0 0 0 0 0 0 0 0 0 0 0 0 0 0 0 0 0 0 0 0 0 0 0 0 0 0 0 1 0 0 0 0 0 0 0 0 0 0 0 0 0 0 0 2 1 22 0 0 0 19 0 0 0 0 0 0 0 0 0 0 0 0 0 0 0 0 0 0 0 0 0 0 0 0 0 0 0 0 0 0 0 0 0 0 0 0 0 0 
 207 0 464 85 38 35 99 480 409 50 50 66 173 131 553 258 232 45 61 288 0 0 1 3 0 3 1 0 0 0 2 248 0 0 0 3 3 0 0 3 0 0 0 5 0 2 0 0 2 0 60 5 0 0 2 3 0 0 0 0 0 3 2 0 0 2 3 0 2 2 0 3 3 0 0 0 2 2 0 0 1 46 47 49 0 0 1 9 53 43 1 0 0 1 27 11 36 22 0 0 0 2 0 0 0 0 0 0 0 0 0 0 0 0 0 0 0 0 0 0 0 0 0 0 3 0 0 0 2 0 0 0 0 0 0 0 0 1 0 1 1 4 0 0 0 0 0 0 0 0 0 0 10 0 0 0 25 0 18 0 0 23 30 37 0 0 0 38 23 42 10 0 4 2 2 21 22 70 0 0 0 0 0 0 0 0 0 0 0 0 0 0 0 0 0 2 0 0 0 0 0 0 0 0 0 0 0 0 1 0 0 0 0 0 0 0 0 0 0 0 0 0 0 0 0 0 0 0 0 0 0 0 0 0 0 0 0 0 0 0 0 0 0 0 0 0 0 0 2 2 2 109 10 0 0 0 0 0 0 0 0 0 0 0 0 0 0 0 0 0 0 0 0 0 0 10 0 12 0 0 0 0 0 0 0 0 0 0 0 0 
 80 464 0 118 57 31 62 115 203 423 47 43 55 39 298 200 337 345 18 266 1 0 0 3 0 5 0 0 0 0 2 0 0 0 0 2 0 0 0 3 0 0 0 6 0 0 0 0 0 0 0 3 0 0 2 3 2 3 0 0 0 0 3 0 0 2 2 0 3 2 0 0 0 0 0 0 0 0 0 0 0 6 58 32 33 11 0 18 10 59 41 84 0 0 28 15 23 54 0 0 0 0 0 0 0 0 0 0 0 2 0 0 0 0 0 0 0 0 0 0 0 0 0 0 0 0 0 0 0 0 0 0 0 0 0 0 0 0 0 0 0 2 0 0 0 0 0 0 0 0 0 0 3 0 0 0 9 0 0 0 0 12 9 24 24 16 0 0 45 20 21 10 0 0 0 38 29 32 0 0 0 0 0 0 0 0 0 0 0 0 0 0 0 0 0 0 0 0 0 0 0 0 0 0 0 0 0 0 0 0 0 0 0 9 0 0 0 0 0 19 0 0 0 0 0 0 0 0 0 30 0 0 0 0 0 0 0 0 0 0 0 0 0 0 0 0 3 0 1 2 0 14 11 0 0 0 0 0 0 0 0 0 1 0 0 0 0 0 0 0 0 0 0 0 0 27 0 10 0 0 0 0 0 0 0 0 0 0 0 0 
 67 85 118 0 91 39 119 74 71 467 188 527 79 81 77 60 368 317 78 64 0 0 0 5 1 3 0 3 0 0 2 1 1 4 2 4 5 58 0 3 0 0 0 66 67 0 0 2 4 0 0 5 0 0 2 47 0 0 0 4 0 0 3 0 2 3 2 0 3 2 44 3 3 0 0 0 2 0 0 2 0 0 18 22 53 77 0 0 0 18 69 32 0 10 0 0 2 29 0 0 0 0 0 0 0 0 0 0 0 0 0 0 0 1 0 0 16 0 46 6 0 0 0 0 0 0 0 0 0 0 0 0 0 0 0 1 0 0 0 19 0 0 0 0 0 0 1 0 0 0 0 0 0 0 0 0 1 0 0 0 0 0 7 21 12 10 0 0 0 2 30 47 0 0 0 10 71 6 0 0 0 0 0 0 0 0 0 0 0 0 0 0 1 0 0 0 0 0 11 1 0 0 9 0 0 1 0 13 0 0 15 0 0 2 0 0 0 0 0 0 0 0 0 0 0 3 2 0 0 0 0 0 0 0 0 0 0 0 0 0 0 11 0 0 2 0 50 0 0 54 2 15 4 0 2 0 0 0 0 0 0 0 12 0 0 0 0 0 0 0 0 0 0 0 0 15 10 0 0 0 0 0 0 0 0 2 0 0 0 0 
 49 38 57 91 0 458 63 57 58 112 75 423 94 70 83 68 59 40 59 85 0 0 0 3 2 3 0 0 1 0 4 3 0 0 0 2 0 0 7 3 0 0 0 66 0 0 2 0 0 0 0 3 0 0 2 3 0 0 0 9 0 0 2 0 0 2 3 0 2 2 45 0 0 0 0 0 0 0 0 7 0 0 0 13 46 49 0 0 0 0 0 11 0 0 0 0 0 0 0 1 0 0 12 0 0 0 23 0 0 0 0 0 19 1 0 0 0 0 37 8 0 0 0 0 0 0 0 0 0 0 0 0 0 0 1 1 0 0 0 0 0 8 0 0 0 0 0 0 0 0 0 8 0 0 1 0 0 0 0 0 0 0 0 0 10 7 0 0 0 2 0 13 0 0 0 0 0 0 0 0 0 14 0 0 0 0 49 0 0 0 0 0 18 3 0 0 0 0 49 35 0 0 6 0 9 2 0 0 0 0 0 0 0 2 0 0 0 0 0 0 0 0 0 0 0 0 1 0 0 0 0 0 0 0 0 0 0 0 0 0 0 11 0 0 2 3 4 0 0 2 0 17 1 3 0 0 0 0 0 0 0 0 0 0 0 0 0 0 0 0 0 0 0 0 0 0 12 0 0 0 0 0 0 0 0 2 0 0 0 0 
 254 35 31 39 458 0 236 36 38 298 74 280 29 138 270 70 55 48 29 64 0 0 0 3 0 3 0 0 0 0 3 212 1 0 0 2 1 0 225 3 0 0 0 3 0 2 0 42 0 0 0 3 0 0 2 3 0 0 63 0 0 0 3 0 0 29 2 0 3 2 0 0 0 0 0 0 0 3 50 2 0 0 0 1 24 9 0 0 0 0 1 1 0 0 0 0 0 0 0 0 42 0 0 0 0 0 15 13 0 0 0 0 31 7 0 0 0 0 50 71 0 0 0 0 0 0 0 0 0 0 0 0 0 0 0 0 0 0 0 0 0 0 0 0 0 0 0 0 0 16 0 3 0 0 5 0 0 0 0 0 0 0 0 0 9 31 0 0 0 0 0 1 0 0 0 0 0 0 0 0 1 0 0 0 0 0 47 0 0 0 0 0 53 24 0 0 0 0 72 34 0 0 11 0 0 0 0 0 0 0 0 0 0 0 13 0 0 0 0 0 0 0 0 0 0 0 0 0 0 0 0 0 0 0 0 0 0 0 0 0 0 0 0 0 0 1 12 0 3 0 0 7 0 0 0 0 0 0 0 0 0 0 0 0 0 0 0 0 0 0 0 0 0 0 0 1 0 0 0 0 0 0 0 0 0 0 0 0 0 0 
 472 99 62 119 63 236 0 212 74 258 98 22 514 346 49 28 256 31 276 311 0 4 2 3 0 3 0 6 4 0 3 0 0 4 7 2 0 0 2 4 0 1 2 7 0 1 6 0 3 11 0 3 0 0 2 9 4 0 0 0 0 0 3 0 3 7 2 0 3 4 9 3 2 0 0 0 1 40 3 0 48 0 0 0 0 0 20 38 18 0 0 0 1 44 23 34 15 0 15 31 0 0 0 0 0 0 0 0 0 0 0 0 0 0 0 0 0 0 0 0 0 0 0 0 0 0 0 0 0 2 0 0 0 0 0 0 0 0 0 0 0 1 0 0 0 0 0 0 0 0 17 0 0 0 0 0 0 0 0 10 19 9 15 4 0 0 29 37 19 1 0 0 25 53 30 0 0 0 6 10 0 0 0 0 0 0 0 0 0 0 0 0 0 0 0 0 16 0 0 0 6 0 0 0 0 0 0 0 0 0 0 0 0 0 0 0 0 0 0 0 0 0 0 0 0 7 0 0 0 0 0 0 0 0 0 0 0 0 0 0 0 0 0 0 0 0 0 0 2 0 0 12 0 0 0 0 0 0 0 0 0 0 0 0 0 1 0 1 0 0 0 0 0 0 0 0 0 0 0 0 0 0 0 0 0 0 0 0 0 12 
 424 480 115 74 57 36 212 0 79 42 40 41 114 334 411 346 126 36 266 89 0 0 0 3 65 3 0 0 0 0 4 2 0 0 0 2 0 0 0 117 0 0 0 3 0 0 0 0 0 2 0 3 0 0 2 3 0 1 0 0 0 0 1 0 0 2 3 0 2 3 0 0 4 0 0 0 0 48 0 6 10 38 34 14 0 0 16 41 40 13 0 0 0 25 46 44 32 23 0 0 0 0 0 0 0 0 0 0 0 0 0 0 0 0 0 0 0 0 0 0 0 0 0 0 0 3 0 0 0 0 0 0 17 0 0 0 0 0 0 0 0 1 0 0 0 0 0 0 0 0 0 0 0 0 0 0 0 0 4 0 0 36 26 9 0 0 23 8 15 24 0 0 10 6 20 33 10 0 0 0 0 0 0 0 0 0 0 0 0 0 0 0 0 0 0 0 0 0 0 0 15 0 0 0 19 0 0 0 0 0 0 0 0 0 0 0 0 0 0 0 0 0 0 0 0 0 0 0 0 0 0 0 0 0 0 0 0 0 0 0 0 0 0 0 0 1 0 0 0 0 2 8 1 0 2 0 0 0 0 0 0 0 0 0 0 0 0 0 0 0 0 0 0 0 0 0 0 13 0 0 0 0 0 0 0 0 0 0 0 0 
 42 409 203 71 58 38 74 79 0 347 65 261 123 77 342 83 166 203 73 65 0 0 0 3 0 3 0 0 1 0 2 0 0 2 2 2 2 0 2 77 2 0 0 3 0 0 0 0 0 0 0 3 1 0 2 3 0 0 0 0 0 0 34 0 0 2 3 0 3 2 0 0 0 0 0 0 0 1 0 0 0 1 64 22 17 11 0 33 7 43 24 11 0 0 14 0 10 39 0 0 0 1 0 0 0 0 0 0 0 0 0 0 0 0 0 0 0 0 2 0 0 0 0 0 0 0 0 0 1 0 0 0 0 0 0 0 0 1 0 2 2 0 2 0 0 0 6 0 0 0 0 0 0 0 0 0 0 0 0 0 16 22 0 12 28 0 0 0 35 10 13 11 1 1 0 40 21 12 0 0 0 0 0 0 0 0 0 0 2 0 15 0 0 0 0 1 0 0 0 0 0 0 0 0 0 0 0 0 2 0 0 0 0 0 0 0 0 0 0 0 0 0 0 0 0 0 0 0 0 0 0 0 0 0 0 0 0 0 0 0 0 0 0 0 0 0 1 2 0 3 0 5 3 0 0 0 0 0 0 0 0 0 3 0 0 0 0 0 0 0 0 0 0 0 0 29 0 0 0 0 0 0 0 0 0 0 0 0 0 0 
 44 50 423 467 112 298 258 42 347 0 435 55 295 87 110 282 546 90 65 105 0 0 0 3 0 3 0 1 2 0 2 0 0 0 1 2 1 2 0 3 0 0 0 3 0 2 63 0 0 0 0 3 0 0 2 3 0 0 0 0 0 0 4 0 0 2 2 0 3 2 0 0 0 0 0 0 0 2 0 0 0 2 31 34 17 4 0 0 1 50 50 15 1 0 0 0 20 17 0 0 0 0 0 0 0 0 0 0 2 0 0 0 0 0 0 0 0 1 14 0 0 0 0 0 0 0 0 0 0 0 0 0 0 0 0 0 0 0 0 0 0 5 0 0 0 0 0 0 0 0 0 0 6 0 0 0 7 0 0 12 20 0 5 27 8 9 0 0 15 25 31 21 0 0 0 1 24 26 0 0 14 1 2 0 0 0 1 0 0 0 0 0 0 0 0 0 0 0 25 0 0 0 0 0 0 0 0 0 6 0 0 0 0 0 0 0 0 1 0 0 0 0 0 0 0 0 0 0 2 0 0 0 0 0 0 0 0 0 0 0 0 0 0 0 0 1 173 0 4 185 2 9 9 0 0 0 0 0 0 0 1 0 13 0 0 0 0 0 0 0 0 0 0 5 0 31 0 1 0 0 0 0 0 0 0 0 0 0 0 0 
 31 50 47 188 75 74 98 40 65 435 0 650 33 51 93 93 264 302 40 78 0 0 0 3 0 5 0 0 0 0 2 0 0 1 1 56 0 0 0 3 0 0 0 3 0 0 0 0 0 0 0 3 0 0 2 3 0 0 0 3 0 0 3 0 0 8 73 0 3 2 0 0 0 0 0 0 0 1 0 0 0 0 16 20 35 59 0 0 0 15 86 39 0 0 0 0 0 22 0 0 0 0 0 0 0 0 0 0 0 0 0 0 0 0 0 0 0 0 24 0 0 0 0 3 0 0 0 20 0 0 0 0 1 0 0 0 1 0 0 0 0 1 0 1 0 0 0 0 0 0 0 0 1 0 1 0 4 0 13 0 0 0 11 15 10 9 0 0 13 0 15 38 6 0 0 11 35 15 0 0 0 0 0 0 0 0 0 0 0 0 0 19 2 0 0 0 0 0 17 1 0 0 0 0 0 0 16 0 0 0 0 2 0 0 0 0 0 0 0 0 0 0 2 0 0 0 0 0 0 0 0 0 0 0 0 0 14 2 2 0 0 8 0 0 0 1 53 0 1 94 0 6 0 0 0 0 0 1 0 0 25 0 15 0 0 0 0 0 0 0 0 0 0 0 0 14 10 0 0 0 0 0 0 0 0 0 0 0 0 0 
 25 66 43 527 423 280 22 41 261 55 650 0 53 31 237 40 69 149 87 257 0 0 0 3 0 3 0 5 2 0 3 0 1 4 0 2 3 3 40 3 0 0 0 3 0 2 0 0 0 0 0 3 0 0 2 3 3 0 0 6 0 0 2 0 0 2 3 0 2 2 0 2 0 0 31 0 0 2 0 8 14 0 3 13 33 37 0 0 0 1 15 9 0 0 0 0 0 0 0 0 0 0 0 0 0 0 0 0 0 0 0 0 13 1 2 0 0 0 28 7 0 0 0 0 0 0 0 0 0 0 0 0 0 0 0 0 0 0 0 0 0 0 0 0 15 0 0 0 0 2 0 1 0 2 0 0 0 0 2 6 15 0 1 14 0 30 0 0 0 1 13 25 0 0 0 0 16 0 19 0 1 0 0 0 0 0 1 0 0 0 0 0 10 1 0 0 0 1 51 31 0 0 11 0 0 0 1 0 0 0 0 0 0 0 0 0 0 0 0 0 0 0 0 1 0 0 0 12 0 0 13 1 0 0 2 0 0 0 0 0 0 8 0 0 0 0 185 0 4 180 0 20 0 0 0 0 0 0 0 0 0 0 13 0 0 0 0 0 0 0 0 0 0 15 0 1 12 0 0 0 0 0 0 0 0 0 0 0 0 0 
 60 173 55 79 94 29 514 114 123 295 33 53 0 84 258 37 42 46 476 368 0 0 0 3 0 3 0 0 0 0 2 0 2 0 0 2 0 0 0 3 0 0 0 3 0 2 1 0 0 6 0 3 0 0 2 3 0 0 0 0 0 0 3 0 0 2 3 0 3 10 5 0 0 0 0 0 0 0 0 0 69 0 2 0 0 0 32 7 1 0 0 0 30 46 0 1 0 0 24 35 0 0 0 1 0 0 2 0 0 0 0 0 0 0 0 0 0 1 0 0 0 0 0 0 1 1 17 0 0 0 0 1 0 0 0 0 0 0 0 0 0 0 0 0 0 0 2 0 0 0 0 0 0 0 0 0 0 0 0 0 35 0 0 5 0 0 10 38 2 0 0 0 18 49 16 0 0 0 47 48 0 11 2 0 0 0 0 0 0 0 0 0 0 0 0 0 0 0 0 1 0 0 0 1 0 0 0 2 0 0 0 0 9 0 0 0 0 0 0 0 0 0 0 0 2 0 0 0 1 0 0 0 0 0 0 0 0 0 0 0 0 0 0 0 0 2 1 0 0 2 1 18 0 0 0 0 0 0 0 0 0 0 0 0 0 0 0 0 0 0 0 0 0 0 0 0 0 0 0 0 0 0 0 0 0 0 0 22 0 0 
 292 131 39 81 70 138 346 334 77 87 51 31 84 0 630 45 44 25 69 95 0 0 0 3 0 3 0 0 0 0 38 4 0 0 1 2 1 3 2 3 0 0 0 3 1 4 0 0 0 11 0 3 0 59 2 3 0 4 0 0 0 0 3 0 0 2 3 0 3 2 2 0 7 37 0 0 0 13 0 0 40 76 0 0 0 0 31 28 52 0 0 11 0 25 14 22 16 8 0 0 0 0 0 0 0 0 0 0 0 0 0 0 0 0 0 0 0 0 0 11 0 0 0 0 0 0 0 0 0 0 0 0 0 0 0 0 0 0 0 0 0 0 0 0 0 10 0 0 0 0 0 0 0 0 0 0 0 0 8 0 0 12 38 0 0 0 30 39 11 17 0 0 0 15 28 0 0 0 0 0 0 0 0 0 0 0 0 0 0 0 0 0 0 0 0 0 0 0 0 0 0 0 0 0 0 0 0 0 0 0 0 0 0 0 0 0 0 0 0 1 0 0 0 0 0 0 0 0 0 0 0 0 0 0 0 0 0 0 0 0 0 0 0 0 0 0 0 0 4 0 0 11 0 0 0 0 0 0 0 0 0 0 0 0 0 0 0 0 0 0 0 0 0 0 0 0 0 4 0 0 0 0 0 0 0 0 0 0 0 1 
 403 553 298 77 83 270 49 411 342 110 93 237 258 630 0 177 154 37 70 336 0 0 1 3 0 3 2 0 4 0 2 0 0 0 0 2 0 0 0 3 0 0 0 3 0 0 0 0 0 1 0 3 0 0 2 3 0 0 0 0 0 0 3 0 0 2 2 0 3 2 0 0 6 0 0 0 0 48 0 0 13 62 43 16 0 0 14 45 47 24 0 0 0 13 67 59 46 38 1 18 0 1 0 11 0 0 0 0 0 0 0 0 0 0 0 0 0 0 0 0 0 0 0 0 0 0 0 0 1 0 0 0 0 0 0 0 0 0 0 2 2 0 0 0 0 0 0 0 0 0 0 0 0 0 0 0 0 0 7 0 0 31 28 9 0 0 25 17 16 10 0 0 21 1 31 28 11 0 0 0 0 0 0 0 0 0 40 0 2 0 0 0 0 0 0 14 0 0 0 0 0 0 0 0 0 0 0 0 2 0 0 0 0 0 0 0 0 0 0 0 0 0 0 0 0 0 0 0 0 0 0 7 0 0 0 0 0 0 0 0 0 0 0 0 0 2 0 0 0 2 0 11 0 0 0 0 0 0 0 0 0 0 0 0 0 0 0 0 0 0 0 0 0 0 0 0 0 16 0 0 0 0 0 0 0 0 0 0 0 0 
 52 258 200 60 68 70 28 346 83 282 93 40 37 45 177 0 175 133 48 70 0 0 2 5 0 3 1 0 1 0 2 0 0 1 0 3 0 0 0 5 0 0 0 3 0 2 0 0 0 0 0 3 0 0 2 3 0 4 0 0 0 0 3 0 0 34 3 0 3 2 0 0 1 0 0 0 0 2 0 0 0 9 44 45 8 0 0 8 9 30 29 16 0 0 12 10 21 39 0 0 0 0 0 0 0 0 0 0 0 0 0 0 0 0 0 0 0 0 17 0 0 0 0 15 0 0 0 0 0 0 12 0 1 0 0 0 1 0 1 0 0 4 0 1 0 0 0 0 0 0 0 0 14 0 0 0 25 0 15 0 0 20 0 149 8 1 0 22 13 20 17 11 0 0 0 27 50 67 0 0 0 0 0 0 0 0 0 0 0 0 0 0 2 0 0 0 1 0 0 0 0 0 0 0 0 0 0 0 0 0 0 2 0 0 21 0 0 0 0 0 0 0 2 0 0 0 0 0 0 0 0 0 0 0 0 0 0 2 2 0 0 0 0 0 0 2 1 0 3 1 0 2 11 0 0 0 0 0 0 0 0 0 0 0 0 0 0 0 0 2 0 0 0 0 0 19 0 12 0 0 0 0 0 0 0 0 0 0 0 0 
 31 232 337 368 59 55 256 126 166 546 264 69 42 44 154 175 0 189 53 16 2 75 0 3 0 4 0 0 0 0 2 208 0 0 0 2 85 0 0 3 0 0 0 3 0 2 0 0 0 0 0 3 0 0 2 3 0 0 0 0 2 2 2 0 0 2 5 0 2 2 0 0 0 0 0 0 0 1 0 0 0 42 64 48 7 11 0 13 53 41 33 24 0 0 14 0 22 21 0 0 0 0 1 0 0 0 0 0 0 0 0 0 0 2 0 0 0 0 1 19 0 0 0 0 0 0 0 0 0 0 0 0 0 0 0 0 0 2 13 2 1 2 0 0 0 0 0 0 0 0 0 0 31 0 0 0 9 0 0 0 0 11 40 31 0 11 0 0 27 30 34 7 8 1 0 36 25 35 0 11 0 0 0 0 0 0 0 0 0 0 0 0 0 0 0 0 0 0 0 0 0 0 0 0 0 0 0 0 0 0 0 0 0 0 0 1 0 0 0 0 0 2 0 0 0 0 0 0 0 0 0 0 0 0 0 0 0 0 0 0 0 0 0 0 0 2 86 0 2 1 1 9 9 0 0 0 0 0 0 0 0 0 0 0 0 0 0 0 0 0 0 0 0 0 0 18 0 0 0 0 0 0 0 0 0 0 0 0 0 0 
 66 45 345 317 40 48 31 36 203 90 302 149 46 25 37 133 189 0 28 24 0 0 0 3 0 3 0 0 0 0 5 2 0 0 0 78 0 0 67 3 0 0 0 4 0 2 0 0 0 0 0 6 6 0 2 3 0 0 0 0 0 0 3 0 1 2 2 0 3 69 0 0 0 0 0 0 0 0 0 0 0 0 36 39 41 5 0 0 1 33 47 2 0 0 0 0 18 28 0 2 1 0 0 0 0 0 0 0 0 0 0 0 2 0 0 0 0 0 0 0 0 0 0 0 0 0 0 0 0 0 0 0 0 0 2 0 0 0 0 0 0 5 0 0 0 0 0 0 0 0 18 0 5 0 0 0 6 0 1 0 0 1 5 31 14 9 0 0 21 39 21 19 0 0 0 10 22 21 0 0 0 0 0 0 0 0 0 0 0 0 8 0 0 0 0 0 0 11 1 0 1 24 0 0 0 1 0 0 0 0 0 0 0 1 0 0 0 11 0 0 0 0 0 0 0 0 0 0 0 0 0 0 0 0 0 0 0 0 0 0 0 0 14 0 1 3 174 0 0 86 2 24 0 0 0 0 0 0 0 0 0 0 18 0 0 0 0 0 0 0 0 0 0 0 0 11 0 0 0 0 0 0 0 0 0 0 0 0 0 0 
 33 61 18 78 59 29 276 266 73 65 40 87 476 69 70 48 53 28 0 343 0 0 126 3 1 3 0 0 0 0 2 2 6 0 0 2 0 0 0 4 50 0 0 3 0 1 0 0 0 0 0 3 4 0 2 3 0 0 0 0 0 7 2 2 0 2 3 44 38 5 11 0 0 4 0 0 0 0 0 2 40 0 0 10 0 0 14 0 0 2 0 0 32 14 0 0 0 0 41 27 1 0 0 0 0 0 0 0 0 0 0 0 0 0 15 12 0 0 0 0 0 0 0 0 0 0 0 0 0 15 0 0 0 0 2 0 1 0 0 0 0 0 0 1 0 0 0 0 0 0 0 0 11 0 0 0 0 0 0 0 41 0 0 1 0 0 11 15 0 0 0 0 36 28 1 0 0 0 42 29 0 0 0 0 0 0 0 0 13 0 0 0 0 0 0 0 0 0 1 0 0 0 0 0 0 1 0 0 0 0 0 0 0 0 0 0 0 0 0 0 0 0 2 0 0 0 0 0 0 0 0 0 0 0 0 0 0 1 0 0 0 0 0 0 0 2 0 0 0 0 1 7 0 0 0 0 0 0 0 0 0 0 0 0 0 0 0 0 0 0 0 0 0 0 0 0 0 0 0 0 0 0 0 0 0 0 0 0 0 0 
 43 288 266 64 85 64 311 89 65 105 78 257 368 95 336 70 16 24 343 0 0 0 0 3 0 3 1 0 6 0 2 2 1 0 0 2 0 0 1 4 0 0 0 4 0 2 0 0 35 6 1 4 0 0 2 52 0 0 7 0 3 0 3 0 0 51 3 0 3 6 4 0 3 0 0 0 0 0 4 3 25 0 0 0 0 0 41 23 1 0 0 0 23 39 0 0 0 0 16 17 0 0 0 0 0 0 0 0 0 0 0 0 0 0 0 2 0 0 1 0 0 0 0 0 0 0 2 0 0 0 2 0 0 0 0 0 0 0 0 0 0 0 0 0 0 1 0 0 0 0 0 14 0 13 0 0 0 0 0 0 98 0 1 0 0 1 14 51 1 0 0 0 20 60 16 0 0 0 32 52 0 0 0 1 13 0 0 0 0 2 0 0 1 0 0 0 0 0 0 0 15 0 0 0 2 0 0 0 0 0 0 0 0 0 0 1 0 0 0 0 2 0 0 0 0 0 0 0 11 0 0 34 0 0 0 0 0 0 0 0 0 0 0 0 0 2 2 1 2 0 4 6 0 0 0 0 0 0 0 0 0 0 0 1 0 0 0 0 0 2 0 0 0 0 0 0 0 0 0 0 0 0 0 0 0 0 0 0 0 0 
 0 0 1 0 0 0 0 0 0 0 0 0 0 0 0 0 2 0 0 0 0 134 172 59 40 25 613 370 116 31 35 33 44 113 344 112 153 158 36 191 0 0 0 0 2 4 2 7 2 3 0 2 2 0 0 0 3 1 1 0 0 0 0 2 0 0 0 0 0 0 0 1 0 0 0 6 0 50 0 36 0 0 0 0 0 0 0 0 0 0 0 0 0 0 0 0 0 0 0 0 6 29 14 0 0 0 9 21 45 3 9 1 0 1 33 35 0 27 15 2 0 0 0 0 0 0 0 0 0 0 0 0 0 0 0 0 2 0 0 0 0 0 0 0 0 2 0 0 0 0 0 0 0 0 0 0 0 0 0 0 0 8 0 0 0 0 39 0 0 0 0 0 0 7 20 0 2 0 0 0 32 41 30 3 0 0 1 15 49 4 11 0 1 1 37 21 27 9 2 13 0 0 0 0 0 0 0 0 0 0 1 0 0 0 0 0 0 0 0 0 0 0 0 0 0 0 0 0 0 1 2 0 0 0 0 0 0 0 0 0 0 0 0 0 0 0 0 0 0 0 0 1 0 0 13 0 2 0 0 0 1 0 0 0 0 0 0 0 0 0 0 0 0 0 0 0 0 0 0 0 0 32 0 0 0 0 1 0 0 0 
 0 0 0 0 0 0 4 0 0 0 0 0 0 0 0 0 75 0 0 0 134 0 593 56 41 39 78 406 275 33 33 34 54 57 372 523 364 387 108 56 0 0 0 0 5 5 0 5 2 3 0 0 2 0 0 0 65 0 1 0 0 0 0 0 0 0 2 0 0 0 0 0 0 0 0 0 0 0 0 0 0 0 0 0 0 0 0 0 0 0 0 0 0 0 0 5 0 0 0 0 0 22 41 0 0 0 0 0 43 21 30 11 0 0 0 44 12 82 0 0 0 0 0 0 0 0 0 0 0 0 0 0 0 0 0 0 0 0 0 0 0 0 0 0 0 0 0 0 0 0 0 0 0 0 0 25 0 0 0 0 10 2 0 0 0 0 0 0 0 0 0 13 0 0 1 22 0 0 0 0 14 12 23 31 0 0 0 0 25 42 36 0 0 0 6 36 47 55 0 0 0 0 13 0 0 0 0 0 0 0 0 0 0 0 0 0 0 0 0 0 0 6 0 0 0 0 0 0 0 0 0 0 0 0 0 0 0 0 20 0 0 0 0 0 0 0 0 0 0 0 0 0 0 0 17 0 0 0 0 2 0 0 0 50 0 0 0 0 0 0 0 0 0 0 0 0 0 0 0 0 0 26 0 0 0 0 8 0 0 0 
 0 1 0 0 0 0 2 0 0 0 0 0 0 0 1 2 0 0 126 0 172 593 0 103 40 40 53 163 522 342 137 245 86 150 472 331 198 338 19 126 0 0 0 0 2 3 0 22 2 3 0 0 4 0 0 0 3 1 2 0 0 0 54 1 0 0 0 0 2 0 38 0 0 2 0 0 0 3 0 0 0 0 0 0 0 0 0 0 0 0 0 0 0 0 0 0 0 0 0 0 0 1 19 9 11 0 2 0 31 63 38 30 0 0 0 13 14 55 0 0 0 0 0 0 0 0 0 0 0 0 0 0 0 0 2 0 0 0 0 0 0 0 0 2 0 0 0 0 1 0 1 0 0 0 0 5 0 1 0 0 0 0 0 0 0 0 0 0 0 0 0 0 0 0 0 4 0 0 0 0 15 1 14 41 1 0 0 0 21 74 30 29 0 0 1 39 27 23 1 0 0 1 0 0 0 0 0 0 0 0 0 0 0 0 0 0 0 0 0 0 0 0 0 0 0 2 0 0 2 0 0 0 0 0 0 0 0 0 0 0 0 0 0 0 0 0 0 0 0 0 0 0 0 0 11 0 0 5 102 0 12 0 0 0 0 0 11 0 0 0 0 0 0 0 0 0 0 0 0 0 0 23 0 0 0 0 15 0 0 2 
 3 3 3 5 3 3 3 3 3 3 3 3 3 3 3 5 3 3 3 3 59 56 103 0 122 33 71 131 88 412 131 415 72 75 42 48 54 262 207 66 0 5 0 2 4 7 0 0 2 6 0 0 2 16 5 23 5 8 2 0 0 0 0 2 0 0 0 0 6 0 51 40 0 5 5 3 0 6 3 0 0 0 0 0 0 0 0 0 0 0 0 0 0 0 0 0 10 0 0 0 0 0 0 29 29 38 0 0 0 22 7 34 0 0 0 0 13 1 0 0 0 0 0 0 0 0 0 0 0 0 0 0 0 0 0 0 0 0 25 12 0 0 0 0 0 0 0 0 2 0 0 0 0 0 0 0 0 1 0 0 0 0 0 0 0 0 0 0 0 6 0 0 10 0 0 0 0 4 0 0 0 0 0 12 48 24 0 0 14 24 1 55 0 0 0 0 0 9 0 0 0 0 0 0 0 0 0 0 0 0 0 0 0 0 0 0 14 0 11 1 0 0 0 0 0 0 0 0 0 0 0 0 0 0 0 0 0 0 0 0 0 0 7 0 0 0 0 0 0 0 0 0 0 0 0 2 2 52 51 2 15 13 0 0 0 0 9 0 0 1 0 0 0 0 2 0 0 0 0 0 0 0 0 0 0 0 0 0 0 0 
 0 0 0 1 2 0 0 65 0 0 0 0 0 0 0 0 0 0 1 0 40 41 40 122 0 385 52 272 71 69 96 344 89 90 74 69 57 48 63 69 0 0 0 0 64 67 0 0 2 3 0 0 4 12 0 0 4 0 3 0 0 54 0 0 0 0 0 0 46 0 0 2 0 0 14 0 0 1 0 0 0 0 0 0 12 0 0 0 0 0 0 0 0 0 0 8 0 0 0 0 0 0 0 5 12 47 0 0 0 0 15 0 0 0 0 0 0 0 0 0 8 0 0 0 0 0 2 0 0 0 0 0 38 1 0 0 0 0 35 40 0 0 0 0 0 10 0 0 0 0 0 0 0 1 0 0 0 0 0 0 0 0 0 0 0 0 0 0 0 1 24 0 0 0 0 0 5 0 0 0 0 0 0 0 22 42 0 0 0 0 5 0 0 0 0 0 0 0 0 0 0 0 16 0 0 1 20 0 0 0 0 0 27 16 0 0 15 0 20 37 0 0 0 8 0 0 0 0 0 0 0 0 0 0 0 0 0 0 0 0 0 0 0 0 0 0 0 0 0 0 0 0 0 0 2 1 1 5 4 0 4 0 0 0 0 0 0 0 0 0 0 0 0 0 0 0 0 0 0 0 0 0 0 0 0 0 0 0 0 0 
 3 3 5 3 3 3 3 3 3 3 5 3 3 3 3 3 4 3 3 3 25 39 40 33 385 0 35 17 71 39 295 284 57 53 39 80 314 89 54 56 0 0 0 0 2 2 0 0 2 3 0 0 63 2 0 0 3 0 192 0 0 0 0 0 0 7 0 0 0 0 0 2 0 0 0 0 0 2 0 0 0 0 0 30 0 0 0 0 0 0 0 0 0 0 0 1 0 0 0 0 0 0 22 0 24 12 0 0 0 0 2 0 0 0 0 0 0 0 0 0 20 0 0 0 0 0 38 12 0 0 0 0 42 25 0 0 20 0 27 58 0 0 0 0 0 0 0 0 0 0 0 0 0 7 0 0 0 0 0 0 0 0 0 0 0 0 0 0 0 0 0 0 0 0 2 0 4 0 0 0 0 0 0 0 1 12 0 0 0 0 6 0 2 0 0 0 0 0 5 0 20 0 1 0 16 12 52 0 0 0 0 0 33 11 12 1 0 0 52 38 2 0 0 0 1 0 0 2 0 2 1 0 0 0 0 0 0 39 0 0 0 0 0 0 0 0 0 0 0 0 0 0 0 0 18 0 5 0 4 0 9 0 0 0 0 0 0 0 0 0 0 0 0 0 0 0 0 0 0 0 0 0 0 0 2 0 0 0 0 0 
 75 1 0 0 0 0 0 0 0 0 0 0 0 0 2 1 0 0 0 1 613 78 53 71 52 35 0 297 270 41 21 250 413 400 44 24 34 256 44 208 0 0 0 0 2 3 0 0 5 3 0 0 2 0 0 0 4 0 0 0 0 0 0 0 0 0 0 25 0 0 0 52 0 0 0 17 0 0 3 0 0 0 0 0 0 0 0 0 0 0 0 0 0 0 0 0 0 11 0 0 22 43 0 0 0 11 48 39 8 3 2 0 33 28 37 13 0 2 0 2 0 0 0 1 7 0 0 0 0 0 0 0 0 0 1 0 0 0 0 0 2 0 0 0 0 0 0 0 0 0 0 0 0 0 0 0 0 0 0 0 0 3 14 0 0 0 9 0 0 0 0 0 0 5 15 2 0 0 0 0 38 37 24 0 0 0 25 93 15 0 0 0 0 21 33 0 0 1 0 12 0 0 0 0 0 0 0 2 0 0 0 0 0 0 0 0 0 0 0 0 0 0 0 0 0 0 0 0 0 0 0 0 0 0 0 0 0 0 0 0 0 0 0 0 0 0 0 0 0 0 0 0 0 0 2 0 0 0 0 0 2 2 0 0 0 0 0 0 0 0 0 0 0 0 0 0 0 0 0 0 0 0 0 0 0 0 0 0 0 0 
 0 0 0 3 0 0 6 0 0 1 0 5 0 0 0 0 0 0 0 0 370 406 163 131 272 17 297 0 346 47 58 42 295 628 183 215 49 84 55 58 0 0 0 0 1 3 0 9 2 54 0 0 2 0 0 0 3 0 2 0 0 0 0 0 0 0 0 29 0 0 0 0 0 0 0 4 0 0 0 0 0 0 0 0 0 0 0 1 0 0 0 0 0 0 2 0 0 0 0 0 18 11 11 0 0 15 1 41 31 19 8 0 0 1 0 41 1 23 0 1 0 0 0 0 0 0 0 0 0 0 0 0 0 0 0 0 0 0 0 0 0 0 0 0 0 0 0 0 0 0 0 0 0 0 0 0 0 1 0 0 0 4 0 0 2 0 10 0 2 0 0 0 15 4 15 0 0 0 0 0 14 13 35 19 0 0 1 29 40 22 11 0 0 10 22 15 10 27 0 0 0 0 0 0 0 0 1 0 0 2 0 0 0 0 0 0 0 2 0 0 0 0 0 0 0 0 0 0 0 0 0 0 0 0 0 2 0 0 0 0 0 0 2 0 0 0 0 0 0 0 0 0 0 50 7 0 2 0 0 4 2 0 0 0 0 0 0 0 0 0 0 0 0 0 0 0 0 0 0 0 0 26 0 0 0 0 8 0 0 0 
 0 0 0 0 1 0 4 0 1 2 0 2 0 0 4 1 0 0 0 6 116 275 522 88 71 71 270 346 0 242 37 57 94 128 541 292 302 190 104 80 0 0 0 0 4 4 0 6 2 2 0 0 2 0 0 0 3 0 2 0 0 0 0 0 0 0 0 0 0 0 0 0 0 0 0 1 0 3 0 0 0 0 0 0 0 16 0 0 0 0 0 0 0 0 0 0 0 2 0 0 0 15 32 8 22 1 0 0 20 70 31 73 0 0 0 20 21 66 1 0 0 0 0 0 0 0 0 0 0 1 0 0 0 0 0 0 0 0 0 0 0 0 0 0 1 0 0 15 14 0 0 0 0 0 19 14 0 0 0 0 0 0 0 0 2 0 0 0 0 1 0 0 0 12 0 26 0 2 0 0 0 0 31 31 1 0 0 1 10 42 36 24 0 0 10 64 41 51 0 0 2 36 0 0 0 1 1 0 0 0 0 0 0 0 0 16 0 0 0 0 0 21 0 0 0 0 0 0 0 0 0 0 0 0 5 0 0 0 0 0 0 0 0 0 0 0 0 0 0 0 0 0 0 0 6 0 2 0 8 1 19 2 0 0 0 0 0 0 0 0 0 0 0 0 0 0 0 0 0 0 0 19 0 0 0 0 11 0 0 0 
 0 0 0 0 0 0 0 0 0 0 0 0 0 0 0 0 0 0 0 0 31 33 342 412 69 39 41 47 242 0 396 41 42 288 69 475 362 413 74 90 0 4 0 0 2 4 0 0 2 3 0 0 2 0 0 0 3 0 1 1 0 0 0 0 0 0 0 0 2 0 0 0 0 0 0 0 0 3 0 0 0 0 0 0 0 12 0 0 0 0 0 0 0 0 0 0 0 0 0 0 0 0 53 57 33 0 0 4 1 37 14 37 0 0 0 1 43 29 0 0 0 0 0 0 0 19 0 0 0 0 0 0 0 0 0 0 0 0 10 1 0 0 0 0 0 0 0 0 14 0 0 15 0 0 0 13 0 4 0 0 0 0 0 0 0 0 0 0 0 0 0 0 0 0 0 3 0 26 0 0 0 0 11 36 79 0 0 0 14 37 27 41 0 0 13 20 19 27 0 0 0 0 0 0 0 0 0 0 0 0 0 0 1 0 0 0 0 0 0 0 0 0 0 0 0 0 0 0 0 0 0 0 0 0 0 0 0 0 0 0 0 0 12 0 0 0 0 0 0 0 0 0 0 0 11 0 0 154 148 2 8 15 0 0 0 0 15 0 0 0 0 0 0 0 0 0 0 0 0 0 0 0 0 0 0 0 2 0 0 0 
 5 2 2 2 4 3 3 4 2 2 2 3 2 38 2 2 2 5 2 2 35 33 137 131 96 295 21 58 37 396 0 577 47 63 282 88 121 504 19 63 0 5 0 0 2 3 0 1 2 3 0 0 25 5 0 0 3 0 2 2 0 0 0 0 0 0 0 0 0 0 0 5 0 0 2 0 6 33 0 0 0 0 9 0 0 0 0 11 1 2 0 0 0 0 0 0 0 0 0 0 0 1 0 41 47 39 0 0 0 22 8 44 0 0 0 0 32 2 0 0 0 0 0 0 0 0 0 0 0 0 0 0 4 1 0 2 0 0 14 11 0 0 0 0 0 0 2 0 10 0 0 0 0 0 0 1 0 3 0 1 0 0 0 0 0 0 15 1 0 2 0 0 0 0 0 1 0 8 2 11 0 1 0 10 49 40 0 0 13 24 1 59 0 0 1 6 1 6 0 0 0 0 0 14 0 0 0 0 0 0 0 0 0 0 0 0 9 0 0 0 0 0 0 0 0 0 0 0 0 0 0 0 0 0 1 0 0 0 0 0 0 0 17 0 0 0 0 0 0 0 0 0 0 0 20 0 0 45 80 0 12 9 0 0 0 0 10 0 0 0 0 0 0 0 0 0 0 0 0 0 0 0 0 0 0 0 0 0 0 0 
 0 248 0 1 3 212 0 2 0 0 0 0 0 4 0 0 208 2 2 2 33 34 245 415 344 284 250 42 57 41 577 0 33 31 33 42 358 278 45 45 0 13 3 0 3 3 0 0 2 3 3 0 4 8 0 0 3 3 3 1 0 0 0 2 0 0 0 1 0 0 3 33 28 46 0 0 0 1 0 2 0 0 0 0 2 2 0 0 0 0 0 2 0 0 0 0 0 0 0 0 0 0 0 54 29 31 0 0 0 1 0 7 0 2 28 0 3 0 0 0 0 0 0 0 0 0 0 0 0 0 0 0 16 0 0 0 0 0 33 30 0 0 0 0 2 0 0 1 2 0 0 0 0 0 0 0 0 0 0 0 0 0 0 0 0 0 0 0 0 9 19 0 0 0 0 0 7 21 0 2 0 0 0 26 113 40 0 0 0 2 7 36 0 0 0 0 0 6 0 0 0 0 0 0 0 0 1 0 0 0 0 0 1 1 0 2 16 0 26 52 0 0 0 0 0 0 0 0 0 0 0 0 0 0 0 0 0 0 0 40 0 0 15 0 0 0 0 0 0 0 0 0 0 0 17 0 2 158 148 2 1 15 0 0 2 2 0 0 0 0 0 2 0 0 0 0 0 1 0 0 0 0 0 0 0 0 0 0 2 0 
 0 0 0 1 0 1 0 0 0 0 0 1 2 0 0 0 0 0 6 1 44 54 86 72 89 57 413 295 94 42 47 33 0 112 44 27 46 26 350 221 1 0 0 0 6 6 0 0 2 3 0 3 2 3 1 0 3 0 72 0 0 0 0 0 0 0 0 0 0 0 0 0 0 0 0 5 4 0 6 0 0 0 0 0 0 0 0 0 0 0 0 0 2 0 0 0 1 1 0 0 49 50 2 0 0 0 46 19 17 0 0 0 48 29 42 0 0 0 17 32 0 0 0 0 0 0 0 0 1 1 0 0 0 0 0 0 0 0 0 0 0 0 0 0 0 0 0 0 0 0 0 1 0 0 26 0 0 0 0 0 0 0 0 0 21 18 0 0 0 0 0 0 0 0 0 0 0 0 0 0 28 23 0 0 0 0 35 23 0 0 0 0 33 47 22 0 0 0 19 13 1 0 0 0 0 2 0 0 0 0 0 0 0 0 0 0 2 0 0 0 0 0 0 0 0 0 0 0 0 0 0 1 0 0 0 0 0 0 0 0 0 0 0 0 0 0 0 0 0 0 0 0 0 0 10 5 2 0 0 0 2 0 0 0 0 0 0 0 0 0 0 0 0 0 0 0 0 0 0 0 0 0 0 0 0 0 0 0 0 0 
 1 0 0 4 0 0 4 0 2 0 1 4 0 0 0 1 0 0 0 0 113 57 150 75 90 53 400 628 128 288 63 31 112 0 506 41 252 36 64 263 0 0 0 0 1 4 0 3 2 2 0 1 2 85 0 0 3 0 1 0 0 0 32 0 0 0 0 0 20 0 0 0 0 0 0 24 0 0 0 0 0 0 0 0 0 0 0 0 0 0 0 0 0 0 0 0 0 0 0 2 1 66 21 0 2 0 32 39 36 0 9 1 0 13 32 31 0 8 0 1 0 2 12 0 0 0 0 1 0 0 1 1 0 0 0 0 0 0 2 0 0 0 0 0 0 0 2 0 0 0 0 0 0 0 0 0 0 0 0 1 0 4 0 0 0 1 5 0 0 0 0 0 0 5 4 0 0 0 0 0 27 37 38 24 0 1 0 61 77 1 0 0 0 10 36 25 17 10 9 15 0 0 0 0 0 0 0 21 0 0 0 0 1 0 0 0 0 0 0 0 0 0 0 0 0 0 0 0 0 0 0 0 0 0 0 0 0 0 0 0 0 0 0 0 0 0 0 0 0 0 0 0 0 0 65 0 0 0 0 0 5 0 0 0 0 0 0 0 0 0 0 0 0 0 0 0 0 0 0 0 0 0 0 2 0 0 0 0 0 0 
 0 0 0 2 0 0 7 0 2 1 1 0 0 1 0 0 0 0 0 0 344 372 472 42 74 39 44 183 541 69 282 33 44 506 0 469 43 98 68 102 0 0 0 0 2 3 0 5 2 3 0 0 2 0 0 0 3 0 2 0 0 0 0 0 0 0 0 0 0 0 0 0 0 0 0 6 0 0 0 0 0 0 0 0 0 0 0 0 0 0 0 0 0 0 0 0 0 0 0 2 9 37 8 0 2 0 1 42 59 19 10 0 15 1 0 53 0 23 0 0 0 2 0 0 0 0 0 1 0 0 0 10 0 0 0 0 0 0 16 12 0 0 0 0 0 0 0 0 0 0 0 0 0 0 0 0 0 1 0 0 0 2 0 1 0 1 1 0 0 0 0 0 0 1 1 23 0 1 0 0 14 15 33 28 0 0 0 27 30 12 10 0 0 0 26 24 12 17 0 0 0 0 0 0 0 0 0 0 0 0 0 0 2 0 0 0 0 0 0 0 0 0 0 0 0 0 0 0 0 0 0 0 7 0 0 0 0 0 0 0 0 0 0 0 14 0 0 0 0 0 0 0 0 0 13 0 0 0 1 2 3 0 0 0 0 0 1 0 0 0 0 0 0 0 0 0 0 0 0 0 0 25 0 2 0 0 9 0 0 0 
 2 3 2 4 2 2 2 2 2 2 56 2 2 2 2 3 2 78 2 2 112 523 331 48 69 80 24 215 292 475 88 42 27 41 469 0 248 272 24 270 0 0 0 0 1 4 0 3 2 2 0 0 2 0 0 0 3 0 2 0 0 0 0 0 44 0 0 0 0 0 0 0 0 0 0 0 0 0 0 0 0 0 13 0 0 0 0 0 0 0 0 0 0 0 0 0 0 0 0 0 0 10 35 9 3 0 0 0 36 38 16 12 0 0 0 21 11 69 0 0 0 0 0 0 0 0 0 0 0 0 0 0 0 0 0 0 0 0 0 0 0 0 0 0 0 0 0 0 0 0 0 0 0 0 0 6 0 0 0 0 0 0 0 0 0 0 0 0 0 0 0 0 0 0 0 6 0 0 0 0 2 0 18 25 1 1 0 0 0 33 47 13 0 0 12 43 32 21 0 0 0 0 0 0 0 0 22 0 0 0 0 0 0 0 0 0 0 0 0 0 0 0 0 0 0 0 0 0 0 0 0 0 0 0 0 0 0 0 7 0 0 0 0 0 0 0 0 0 0 0 0 0 0 0 11 0 1 2 3 0 4 0 0 0 0 0 10 0 0 0 0 0 0 0 0 0 0 0 0 0 0 25 0 0 0 0 6 0 0 0 
 76 3 0 5 0 1 0 0 2 1 0 3 0 1 0 0 85 0 0 0 153 364 198 54 57 314 34 49 302 362 121 358 46 252 43 248 0 551 46 247 0 0 0 0 1 3 0 3 2 2 0 0 2 0 1 0 3 2 2 0 0 0 0 0 0 0 0 0 0 0 0 0 0 0 0 1 0 3 0 0 1 0 0 0 0 0 0 0 0 0 13 0 1 0 0 0 2 0 0 0 0 0 13 11 13 0 0 0 27 50 33 57 0 0 0 15 22 48 0 0 0 2 0 0 0 0 0 1 1 0 1 0 0 0 0 0 0 0 2 0 0 0 0 0 0 0 0 0 0 0 0 0 0 0 50 20 0 3 0 0 0 0 13 2 0 0 0 0 0 0 0 0 8 0 0 13 0 0 0 0 0 0 4 44 1 1 0 0 30 54 36 71 0 0 1 33 10 24 0 0 0 0 0 5 0 0 0 0 0 0 0 0 2 0 0 0 0 0 0 0 0 0 0 0 0 0 0 0 0 0 0 0 2 0 0 0 0 0 0 0 0 0 0 0 0 0 0 0 0 0 0 0 0 0 15 0 1 0 5 2 15 1 0 0 0 0 10 0 0 0 0 0 0 0 0 0 0 0 0 0 0 40 0 0 0 0 8 0 0 0 
 0 0 0 58 0 0 0 0 0 2 0 3 0 3 0 0 0 0 0 0 158 387 338 262 48 89 256 84 190 413 504 278 26 36 98 272 551 0 23 34 0 6 0 0 4 4 0 27 2 3 0 0 2 2 0 0 3 0 1 0 0 0 0 3 0 0 0 0 0 0 0 0 0 0 0 0 0 3 0 0 0 0 0 1 0 0 0 0 0 9 0 0 0 8 0 0 0 2 0 0 0 1 49 32 12 2 0 0 7 33 26 29 0 0 0 16 15 33 1 0 0 0 0 0 0 0 0 0 0 1 0 0 0 0 0 0 0 0 10 15 0 0 0 0 0 0 0 0 5 0 0 36 0 0 0 3 0 10 0 0 0 22 0 0 2 0 6 0 0 0 0 0 0 0 12 3 0 0 0 0 3 1 11 40 48 0 0 0 12 63 47 50 0 0 1 23 33 28 0 0 0 0 0 0 0 1 1 0 0 0 5 0 0 2 0 0 1 0 0 0 0 0 0 0 0 0 0 0 0 0 0 0 0 0 0 0 0 0 39 0 0 0 19 0 0 0 0 0 0 0 0 0 0 0 7 0 6 154 73 3 4 11 1 0 0 0 1 0 0 0 0 0 0 0 0 0 0 0 0 0 0 0 0 0 0 0 0 0 0 0 
 2 0 0 0 7 225 2 0 2 0 0 40 0 2 0 0 0 67 0 1 36 108 19 207 63 54 44 55 104 74 19 45 350 64 68 24 46 23 0 372 0 68 1 0 2 2 7 0 2 3 0 0 3 0 0 0 4 0 31 2 0 2 0 0 0 0 0 2 0 0 0 0 0 0 4 0 0 0 0 0 0 0 0 0 5 0 0 0 0 0 0 0 0 11 0 0 0 0 0 0 33 0 0 0 0 0 27 0 7 0 0 0 49 13 21 0 0 0 28 10 0 0 0 0 0 0 0 0 0 0 0 0 0 0 0 0 0 0 0 0 0 0 0 0 0 0 0 0 0 17 0 6 0 0 6 0 0 0 11 0 0 0 0 0 9 17 0 0 0 0 0 21 0 0 0 0 0 0 0 0 0 2 1 0 0 0 49 15 0 0 0 0 23 25 0 0 0 0 38 16 0 0 3 0 0 0 0 0 0 0 0 0 0 0 0 0 0 0 0 0 0 0 29 0 0 0 0 14 0 0 0 0 0 27 0 0 0 0 0 0 0 0 0 0 0 0 0 0 0 0 0 0 0 0 3 0 3 0 0 2 2 0 0 0 0 0 0 0 0 0 0 0 0 0 0 0 0 0 0 0 0 0 0 0 0 0 0 0 0 0 
 3 3 3 3 3 3 4 117 77 3 3 3 3 3 3 5 3 3 4 4 191 56 126 66 69 56 208 58 80 90 63 45 221 263 102 270 247 34 372 0 4 1 0 0 7 6 3 2 2 7 0 0 72 1 4 2 3 0 64 0 0 3 15 0 0 0 2 0 3 0 0 0 0 3 0 2 0 0 0 0 0 0 0 0 0 0 0 0 0 0 22 0 0 0 0 0 0 0 1 0 51 44 0 0 0 0 37 56 16 1 0 0 42 14 52 13 0 1 2 13 0 0 0 2 15 0 0 0 0 0 0 0 0 0 2 0 0 0 0 0 1 0 0 0 0 0 0 0 0 0 2 0 1 0 0 2 0 0 0 0 0 2 0 0 0 18 2 0 13 0 0 0 0 5 2 0 0 0 0 0 76 36 13 0 0 0 30 132 13 0 13 0 37 32 26 0 0 0 18 23 0 0 0 0 0 0 0 0 0 0 0 0 0 0 2 0 0 0 0 0 1 0 0 0 0 0 0 0 0 0 0 0 0 0 0 0 0 0 0 0 0 0 0 0 0 0 0 0 0 1 0 0 0 1 12 0 2 0 0 0 0 3 0 0 0 0 0 0 0 0 0 0 0 0 0 0 1 0 0 0 0 0 0 0 0 0 0 0 0 0 
 0 0 0 0 0 0 0 0 2 0 0 0 0 0 0 0 0 0 50 0 0 0 0 0 0 0 0 0 0 0 0 0 1 0 0 0 0 0 0 4 0 95 73 260 28 40 248 249 38 37 256 62 62 157 350 34 91 30 46 25 2 0 0 5 3 0 0 0 1 5 10 6 3 0 0 1 0 2 0 0 0 0 0 0 0 0 0 0 0 0 0 0 0 0 0 0 0 0 0 0 0 0 0 0 0 0 0 0 0 0 0 0 0 0 0 0 0 0 0 0 20 35 24 0 0 0 1 27 20 0 0 0 0 12 45 39 24 0 0 0 0 0 0 0 0 2 3 0 0 0 0 0 0 0 0 0 0 0 0 0 0 0 0 0 0 0 0 0 0 0 3 0 0 0 12 0 0 0 0 0 0 0 0 0 0 0 0 9 11 0 0 0 0 0 0 0 0 0 0 0 23 37 19 17 0 0 1 19 25 11 0 0 0 26 19 14 47 12 0 0 0 0 0 0 31 17 0 0 0 0 0 0 0 0 0 0 0 0 0 0 0 0 0 0 0 0 0 0 0 0 0 14 0 0 0 0 0 0 1 0 0 0 0 0 0 2 16 0 1 0 0 0 0 0 0 6 0 0 0 0 0 0 0 0 0 0 0 0 2 0 
 0 0 0 0 0 0 1 0 0 0 0 0 0 0 0 0 0 0 0 0 0 0 0 5 0 0 0 0 0 4 5 13 0 0 0 0 0 6 68 1 95 0 352 50 44 27 60 259 301 64 42 66 30 279 324 242 179 52 108 40 0 0 53 0 0 0 0 0 0 0 0 2 1 0 0 0 0 2 3 23 0 0 2 0 0 0 0 0 0 0 0 0 0 0 0 0 0 0 0 0 0 0 0 6 0 4 0 0 6 6 0 6 0 0 0 0 0 0 0 0 1 22 14 25 4 1 0 0 38 29 19 24 0 0 18 8 20 28 9 0 0 0 0 0 0 0 0 0 0 39 7 0 0 0 0 0 0 0 17 9 0 0 0 0 0 0 0 0 0 0 0 0 0 0 0 0 0 0 0 0 0 0 0 8 2 5 0 0 0 6 0 6 0 0 0 0 0 21 0 0 0 30 29 27 25 0 0 15 15 23 32 54 0 0 1 0 34 32 0 0 0 0 15 0 3 0 0 1 0 0 0 0 0 17 4 0 0 0 0 0 0 0 14 0 0 0 0 0 0 0 0 2 0 0 0 0 0 0 5 18 0 0 0 0 0 20 0 1 0 0 5 0 0 0 0 0 0 0 0 0 0 0 0 12 39 54 0 0 2 0 
 0 0 0 0 0 0 2 0 0 0 0 0 0 0 0 0 0 0 0 0 0 0 0 0 0 0 0 0 0 0 0 3 0 0 0 0 0 0 1 0 73 352 0 104 30 49 276 92 237 249 65 37 53 55 48 104 257 294 21 49 6 2 9 0 0 0 0 11 2 0 0 0 0 6 21 8 0 1 0 0 0 0 0 0 0 0 0 0 0 0 0 0 0 0 0 0 0 0 0 0 0 0 0 0 0 0 0 0 0 0 0 0 0 0 0 0 0 0 0 0 0 18 10 44 20 0 0 1 17 31 23 19 0 0 0 1 0 12 0 0 0 7 23 5 1 0 0 5 0 3 24 0 0 0 0 3 3 0 0 7 0 0 0 0 0 0 15 0 0 0 0 0 0 0 0 0 0 0 0 0 0 0 0 0 0 0 0 0 0 0 0 0 0 0 0 0 0 0 0 0 15 2 19 6 36 0 0 0 15 13 44 35 0 1 0 1 0 19 0 0 0 4 0 7 22 0 0 0 15 7 7 5 0 0 10 15 0 7 0 0 0 0 0 0 0 0 0 0 34 0 0 8 0 0 0 0 0 0 0 16 0 0 4 5 0 19 14 1 2 0 16 0 0 0 0 0 0 0 0 0 0 0 0 0 12 23 0 0 1 0 
 31 5 6 66 66 3 7 3 3 3 3 3 3 3 3 3 3 4 3 4 0 0 0 2 0 0 0 0 0 0 0 0 0 0 0 0 0 0 0 0 260 50 104 0 294 51 92 76 117 304 334 309 61 73 65 58 172 307 52 60 4 14 1 0 0 0 2 0 0 0 55 0 8 2 0 0 1 1 2 5 0 0 0 0 0 0 0 0 0 0 0 0 0 0 0 0 0 0 0 0 7 0 0 0 0 0 0 0 0 0 0 0 0 0 0 0 0 0 0 0 0 0 0 11 54 10 0 0 0 2 28 26 0 0 0 0 0 6 0 0 0 2 0 0 1 0 2 2 2 0 11 0 1 2 3 0 2 7 15 0 0 0 0 0 0 0 0 0 0 0 0 0 0 0 0 0 0 0 15 0 0 0 0 0 0 0 0 0 0 0 0 0 0 0 0 0 0 0 0 0 0 0 0 3 19 51 0 0 0 0 26 27 0 0 0 0 0 0 0 0 5 1 0 0 19 0 5 7 2 0 0 0 0 2 44 1 7 0 3 1 0 0 9 0 0 0 0 0 0 0 0 10 0 0 0 0 0 0 0 10 0 0 37 2 0 0 2 36 0 0 0 0 0 0 0 0 0 0 0 0 0 0 0 0 0 0 0 0 1 0 
 0 0 0 67 0 0 0 0 0 0 0 0 0 1 0 0 0 0 0 0 2 5 2 4 64 2 2 1 4 2 2 3 6 1 2 1 1 4 2 7 28 44 30 294 0 229 31 63 88 290 318 249 67 86 93 82 65 41 61 66 0 0 2 0 0 0 1 0 0 0 210 0 0 0 0 3 53 1 7 0 0 0 0 0 0 0 0 0 0 0 0 0 0 0 0 0 0 0 0 0 0 0 0 0 0 0 0 0 0 0 0 0 0 0 0 0 0 0 0 0 0 7 6 1 2 27 0 0 6 7 0 12 0 0 0 4 23 3 0 0 12 0 0 0 3 0 18 2 0 0 0 0 24 0 0 0 0 0 30 5 0 0 0 0 0 2 0 0 0 0 0 0 0 0 0 0 1 0 0 0 0 0 0 0 0 0 0 2 0 0 0 0 0 0 0 24 0 0 0 0 0 7 0 36 1 45 0 20 5 8 0 1 0 0 11 4 0 0 0 0 3 0 0 0 0 0 13 0 0 0 0 0 32 6 0 0 0 0 59 36 0 0 0 0 0 0 0 0 0 0 0 0 0 1 0 0 0 0 0 0 0 27 7 1 0 0 0 2 0 2 0 0 0 0 0 0 0 0 0 0 0 0 0 0 0 0 0 0 2 0 
 2 2 0 0 0 2 1 0 0 2 0 2 2 4 0 2 2 2 1 2 4 5 3 7 67 2 3 3 4 4 3 3 6 4 3 4 3 4 2 6 40 27 49 51 229 0 28 54 49 71 140 291 32 60 279 63 77 71 42 41 14 1 0 0 0 0 3 7 0 0 0 0 0 12 7 0 0 2 53 1 0 0 0 0 0 0 0 0 12 0 0 0 0 0 0 0 0 0 0 0 0 0 0 0 0 0 0 0 0 0 5 0 0 0 0 0 3 0 0 0 0 0 0 0 0 11 0 0 0 0 0 0 0 0 0 0 5 0 0 0 20 10 4 3 0 0 20 34 3 4 4 0 25 7 3 3 5 6 11 60 0 0 0 0 0 7 0 0 3 0 0 0 0 0 5 0 0 0 0 0 0 0 0 0 0 0 0 0 4 0 0 0 0 0 0 0 0 0 0 0 0 0 7 0 1 11 0 0 0 0 0 0 0 0 0 0 0 0 0 0 6 12 0 3 0 0 14 15 8 5 7 4 21 12 2 16 1 5 30 25 0 0 0 0 0 0 0 0 0 0 0 1 0 0 0 0 0 1 0 0 55 0 4 4 0 2 1 0 1 0 4 0 0 0 0 0 0 0 0 0 0 0 0 0 0 0 0 0 1 2 
 0 0 0 0 2 0 6 0 0 63 0 0 1 0 0 0 0 0 0 0 2 0 0 0 0 0 0 0 0 0 0 0 0 0 0 0 0 0 7 3 248 60 276 92 31 28 0 135 37 254 35 29 289 288 41 28 36 43 57 243 0 2 3 0 0 6 0 7 6 0 3 2 0 0 11 6 1 5 0 1 0 0 0 0 0 0 0 0 0 0 0 0 0 0 0 0 0 0 0 0 0 0 0 0 0 0 0 0 0 0 0 0 0 0 0 0 0 0 0 0 23 21 25 0 0 0 20 32 17 0 0 0 1 51 43 23 0 0 0 3 0 0 5 4 4 0 0 13 0 5 5 0 0 16 0 1 1 0 0 0 0 3 0 1 0 0 0 0 0 0 22 0 0 0 0 0 0 0 0 0 0 0 0 0 21 0 0 0 1 0 0 0 0 0 0 0 0 0 0 0 37 8 1 0 0 0 15 26 9 0 0 0 1 38 55 50 31 0 1 8 0 12 0 7 0 0 0 0 0 7 8 5 0 0 0 7 1 7 0 0 0 0 0 0 0 0 0 0 0 31 0 6 0 0 0 0 0 0 2 2 0 0 0 0 0 1 0 0 0 0 9 0 0 0 0 0 0 0 0 0 0 0 0 0 0 0 0 0 1 0 
 0 0 0 2 0 42 0 0 0 0 0 0 0 0 0 0 0 0 0 0 7 5 22 0 0 0 0 9 6 0 1 0 0 3 5 3 3 27 0 2 249 259 92 76 63 54 135 0 163 50 24 143 87 565 136 29 39 24 47 42 0 1 49 2 0 0 1 2 1 0 0 1 1 2 0 54 2 2 0 2 0 0 0 0 0 0 0 0 0 0 0 0 0 0 0 0 0 0 0 0 0 1 0 2 0 0 1 0 0 17 4 0 0 0 0 2 0 3 0 0 9 53 15 10 0 0 0 17 36 20 0 0 0 0 19 30 17 7 0 0 0 0 0 0 0 0 0 1 0 15 1 0 0 0 0 0 0 0 0 5 0 0 0 0 0 0 0 0 0 0 0 12 0 0 0 0 0 0 0 0 7 5 0 0 0 0 0 0 10 0 5 0 0 1 0 8 3 1 0 0 21 24 21 15 1 0 0 18 27 29 49 0 0 54 0 11 52 30 0 0 0 0 0 12 1 0 0 0 0 7 0 0 0 0 19 0 0 0 0 0 0 0 0 0 0 0 0 0 0 0 0 0 0 2 0 0 0 0 1 18 0 0 0 1 1 87 0 0 0 0 17 0 0 0 0 0 0 0 0 0 0 4 0 0 0 21 0 0 0 33 
 0 2 0 4 0 0 3 0 0 0 0 0 0 0 0 0 0 0 0 35 2 2 2 2 2 2 5 2 2 2 2 2 2 2 2 2 2 2 2 2 38 301 237 117 88 49 37 163 0 242 276 33 84 133 191 169 540 227 55 64 0 0 44 0 0 0 2 0 2 0 0 0 0 0 0 0 0 2 0 0 0 0 0 0 0 0 0 0 0 0 0 0 0 0 0 0 0 0 0 0 0 0 0 0 0 0 0 0 0 0 0 0 0 0 0 0 0 0 0 0 9 18 13 78 30 5 0 1 18 14 29 32 0 11 10 3 11 18 0 0 7 0 0 0 0 0 0 0 0 0 12 0 3 0 0 0 0 0 4 12 0 0 0 0 0 0 0 0 0 0 0 0 0 0 0 0 0 0 0 0 0 0 0 0 0 0 0 0 0 0 0 9 0 0 0 0 0 0 0 0 23 32 18 29 29 4 0 0 36 17 49 78 0 1 0 1 10 8 0 0 0 0 0 0 29 0 0 0 0 0 0 0 9 0 9 0 0 0 3 8 0 0 0 0 0 0 0 0 0 0 0 15 0 0 0 0 0 0 0 9 0 0 1 0 1 5 2 1 0 0 7 0 0 0 0 0 0 0 0 0 0 0 0 0 13 58 0 0 1 0 
 9 0 0 0 0 0 11 2 0 0 0 0 6 11 1 0 0 0 0 6 3 3 3 6 3 3 3 54 2 3 3 3 3 2 3 2 2 3 3 7 37 64 249 304 290 71 254 50 242 0 261 40 247 91 102 301 269 93 139 71 1 0 8 0 0 0 2 28 0 0 0 0 2 0 2 0 0 2 0 2 17 5 0 0 0 0 13 0 1 0 0 0 0 21 6 0 0 0 6 15 0 0 0 0 0 0 0 0 0 0 0 0 0 0 0 0 0 0 0 0 0 0 0 33 37 8 0 0 0 8 34 16 0 0 0 1 1 28 0 0 1 0 0 0 0 1 0 0 0 0 2 0 0 0 0 0 0 0 0 2 8 6 3 0 0 0 8 4 0 0 0 0 8 29 21 0 0 0 0 1 0 0 0 0 0 0 0 0 0 0 0 0 0 0 0 0 0 0 1 0 1 1 1 25 28 9 0 0 2 7 56 41 0 1 0 0 0 1 0 0 0 0 0 0 8 0 0 0 0 0 0 0 0 0 0 0 0 0 0 0 0 0 8 0 0 0 8 0 0 0 0 5 0 1 0 0 0 0 0 1 3 0 66 75 0 4 1 65 0 0 0 0 0 0 0 0 0 0 0 0 0 0 0 0 64 0 0 0 2 0 
 0 60 0 0 0 0 0 0 0 0 0 0 0 0 0 0 0 0 0 1 0 0 0 0 0 0 0 0 0 0 0 3 0 0 0 0 0 0 0 0 256 42 65 334 318 140 35 24 276 261 0 304 34 52 82 69 206 305 31 67 0 2 3 0 0 0 0 0 0 0 0 0 0 0 0 0 0 1 0 0 0 0 0 0 0 0 0 0 0 0 0 0 0 1 0 0 0 0 0 0 0 0 0 0 0 0 0 0 0 0 0 0 0 0 0 0 0 0 0 0 0 3 4 9 28 2 0 0 4 4 20 45 0 0 0 2 1 12 0 0 0 0 0 0 1 0 0 0 0 0 1 0 3 0 0 1 0 34 7 0 0 9 0 0 0 0 0 0 0 0 0 0 0 0 0 0 0 0 0 0 0 0 0 0 0 0 0 0 12 0 0 0 0 0 0 0 0 0 0 0 0 4 0 5 18 34 0 0 3 4 18 25 0 0 0 3 0 2 0 0 0 0 0 0 18 0 1 0 0 0 0 0 0 0 0 0 0 0 1 51 0 0 2 0 0 0 0 0 0 0 0 14 0 0 0 0 0 0 0 9 0 0 35 3 0 2 0 2 0 0 1 0 0 0 0 0 0 0 0 0 0 0 1 0 0 0 0 0 1 0 
 3 5 3 5 3 3 3 3 3 3 3 3 3 3 3 3 3 6 3 4 2 0 0 0 0 0 0 0 0 0 0 0 3 1 0 0 0 0 0 0 62 66 37 309 249 291 29 143 33 40 304 0 18 35 266 34 67 70 96 23 0 0 0 56 6 1 0 0 2 0 14 12 1 0 0 0 0 2 0 0 0 0 0 0 0 0 0 0 0 0 0 0 0 0 0 0 0 0 0 10 0 0 0 0 0 0 18 0 0 0 0 0 0 0 0 0 0 0 0 0 0 0 0 0 20 15 0 0 0 0 0 25 0 0 0 0 13 0 0 0 1 0 0 0 5 5 0 0 0 0 0 2 10 0 0 0 0 0 17 7 0 0 0 0 1 1 0 0 0 0 0 0 0 0 11 0 0 0 0 0 0 0 0 0 0 0 0 0 0 6 0 0 0 0 0 0 0 0 9 0 0 0 0 35 0 28 0 0 0 0 0 0 0 0 0 0 0 0 0 0 1 0 0 0 34 27 10 0 0 0 0 0 0 0 0 0 0 0 63 57 0 0 6 0 0 0 0 0 0 0 0 11 0 0 0 0 0 0 0 15 0 0 66 62 0 2 13 63 1 0 0 0 0 0 0 8 0 0 0 0 0 0 0 0 0 0 0 0 2 0 
 33 0 0 0 0 0 0 0 1 0 0 0 0 0 0 0 0 6 4 0 2 2 4 2 4 63 2 2 2 2 25 4 2 2 2 2 2 2 3 72 62 30 53 61 67 32 289 87 84 247 34 18 0 107 21 57 31 27 334 149 5 0 0 0 0 1 3 0 0 0 0 0 0 0 0 0 0 2 0 0 0 0 0 0 0 0 0 12 0 0 24 0 0 0 0 0 0 0 0 0 0 0 8 0 0 0 0 0 15 0 0 0 0 0 0 0 0 0 0 0 14 3 21 0 18 0 43 41 0 0 0 0 16 35 20 6 0 0 10 29 0 0 0 0 0 0 0 19 0 0 0 0 0 17 0 0 0 0 0 0 0 0 16 0 0 0 0 0 0 7 6 0 0 0 0 0 0 0 0 8 0 0 0 0 0 0 0 15 0 0 1 0 0 0 0 0 0 0 0 0 27 7 1 0 0 13 38 12 0 0 0 0 47 15 70 18 10 0 50 8 0 0 0 0 0 0 0 0 0 0 0 0 0 0 0 0 0 0 0 0 0 0 0 0 0 0 0 0 0 31 0 11 0 0 0 0 0 0 2 1 0 0 0 0 0 2 0 0 0 0 0 0 0 0 0 0 0 0 0 0 0 0 0 0 0 0 0 0 1 0 
 0 0 0 0 0 0 0 0 0 0 0 0 0 59 0 0 0 0 0 0 0 0 0 16 12 2 0 0 0 0 5 8 3 85 0 0 0 2 0 1 157 279 55 73 86 60 288 565 133 91 52 35 107 0 335 49 255 49 76 317 0 0 0 0 0 0 0 0 0 0 0 0 0 0 0 0 0 2 0 0 0 0 0 0 0 0 0 0 0 0 0 0 0 0 0 0 0 0 0 0 0 0 0 0 0 37 13 0 0 0 0 28 0 0 0 0 0 0 14 2 6 10 19 0 0 0 2 41 45 1 0 11 0 9 30 30 16 1 11 6 0 0 0 0 0 0 0 0 0 0 0 0 0 0 0 0 0 0 0 0 0 12 0 0 0 0 0 0 0 0 0 0 0 0 0 0 0 0 0 0 0 0 21 8 3 8 0 0 0 0 0 7 0 0 0 0 0 5 0 0 54 50 7 11 0 0 1 15 29 35 0 0 1 28 30 9 53 11 2 52 0 0 0 0 0 0 0 0 0 0 0 0 0 0 0 0 0 0 0 0 0 0 5 0 0 1 0 0 0 31 0 12 0 0 67 0 0 0 13 1 0 0 0 0 0 4 2 0 0 0 0 0 0 0 0 0 0 0 0 0 0 0 0 0 0 10 0 0 1 0 
 2 2 2 2 2 2 2 2 2 2 2 2 2 2 2 2 2 2 2 2 0 0 0 5 0 0 0 0 0 0 0 0 1 0 0 0 1 0 0 4 350 324 48 65 93 279 41 136 191 102 82 266 21 335 0 54 44 51 50 89 0 0 0 40 6 0 0 0 2 0 10 8 0 0 0 0 0 0 0 0 0 0 0 0 0 0 0 0 0 0 0 0 0 0 0 0 0 0 0 0 0 0 0 0 0 0 0 0 0 0 0 0 0 0 0 0 0 0 0 0 14 47 12 18 0 0 0 19 34 13 0 0 0 0 6 37 16 7 0 0 0 0 0 0 0 3 0 0 0 0 1 9 0 0 0 0 0 0 0 5 0 0 0 0 0 3 0 0 0 0 0 0 0 0 0 0 0 0 0 0 0 0 0 6 0 0 0 0 0 0 0 0 0 0 0 0 0 7 0 0 31 43 29 12 1 0 0 19 55 29 14 19 0 23 1 11 17 14 0 0 0 0 0 0 12 11 0 0 0 0 0 0 0 0 12 0 0 0 0 0 0 0 0 0 0 0 0 0 0 0 0 5 0 0 0 0 0 0 0 11 0 0 0 0 0 11 3 0 2 15 16 0 0 0 0 8 0 0 0 0 0 0 0 0 0 27 0 0 0 0 
 3 3 3 47 3 3 9 3 3 3 3 3 3 3 3 3 3 3 3 52 0 0 0 23 0 0 0 0 0 0 0 0 0 0 0 0 0 0 0 2 34 242 104 58 82 63 28 29 169 301 69 34 57 49 54 0 226 226 238 54 3 5 5 0 0 0 0 0 0 0 0 0 0 0 0 0 0 1 4 0 0 0 0 0 0 0 0 0 0 0 0 0 0 0 0 0 0 0 0 0 0 0 0 0 0 0 0 0 0 0 0 0 0 0 9 0 51 0 0 0 0 19 10 60 28 9 0 0 31 52 17 15 0 0 0 0 0 16 0 0 9 0 0 0 0 0 1 0 0 0 7 0 8 11 0 1 0 0 10 10 0 0 0 0 0 0 0 0 0 0 0 0 0 0 0 0 0 0 0 0 0 0 0 0 0 0 0 0 0 0 0 0 0 0 0 0 0 0 0 0 11 0 18 9 95 2 0 20 44 16 52 49 0 0 0 0 0 19 0 0 0 0 0 0 23 0 0 0 0 0 0 0 7 1 15 0 0 0 1 3 0 0 0 0 0 0 0 0 0 0 0 20 0 1 0 0 0 0 1 15 0 0 9 2 0 19 2 1 0 0 22 0 0 0 0 0 0 0 0 0 0 0 0 0 20 12 0 0 2 0 
 1 0 2 0 0 0 4 0 0 0 0 3 0 0 0 0 0 0 0 0 3 65 3 5 4 3 4 3 3 3 3 3 3 3 3 3 3 3 4 3 91 179 257 172 65 77 36 39 540 269 206 67 31 255 44 226 0 232 41 47 7 1 32 0 0 0 4 4 0 0 0 0 3 7 4 0 0 1 0 5 0 0 0 0 0 0 0 0 0 0 0 0 0 0 0 0 0 0 0 0 0 0 19 0 0 0 0 0 0 0 0 0 0 0 0 0 0 0 0 0 0 11 0 32 55 7 0 0 27 21 24 58 0 0 0 0 0 28 0 0 0 16 1 0 1 0 0 24 5 1 4 0 1 0 7 7 24 8 0 4 0 0 0 0 0 0 0 0 0 0 0 0 0 0 17 0 11 0 0 0 0 0 0 0 0 2 0 0 0 0 0 0 0 0 0 0 0 0 0 0 0 0 11 11 43 2 0 0 9 9 88 56 0 0 0 0 0 15 0 0 8 0 0 2 12 0 8 13 7 2 4 0 0 0 5 5 15 2 0 0 0 0 7 0 0 0 0 0 0 0 0 4 0 0 0 0 0 0 0 21 0 0 2 1 1 18 2 62 0 0 17 0 0 0 0 0 0 0 0 0 0 0 0 0 16 15 0 0 2 0 
 0 0 3 0 0 0 0 1 0 0 0 0 0 4 0 4 0 0 0 0 1 0 1 8 0 0 0 0 0 0 0 3 0 0 0 0 2 0 0 0 30 52 294 307 41 71 43 24 227 93 305 70 27 49 51 226 232 0 240 50 3 0 6 0 2 0 2 3 0 0 2 0 3 2 2 2 2 2 47 3 0 0 0 9 0 0 0 0 0 0 0 0 0 0 0 0 0 0 0 0 0 0 0 0 0 0 0 0 0 0 0 0 0 0 0 0 0 0 0 0 0 0 0 34 38 7 0 0 1 15 49 18 0 0 0 0 0 17 0 0 1 0 0 0 0 0 0 0 0 0 2 0 0 19 0 0 0 0 2 2 0 0 0 0 0 0 0 0 0 0 0 0 0 0 0 0 0 0 0 0 0 0 0 0 0 0 0 1 0 0 8 0 0 0 0 0 0 0 0 0 0 0 2 25 20 6 0 0 1 8 22 45 0 0 0 0 1 0 0 0 0 0 0 0 5 0 0 0 0 0 0 0 0 0 0 0 0 0 0 0 0 0 7 0 0 0 0 0 2 0 0 8 0 0 0 0 0 1 0 11 0 0 63 62 0 4 1 62 0 0 0 0 0 0 0 0 0 0 0 0 0 0 0 0 11 15 0 0 1 0 
 0 0 0 0 0 63 0 0 0 0 0 0 0 0 0 0 0 0 0 7 1 1 2 2 3 192 0 2 2 1 2 3 72 1 2 2 2 1 31 64 46 108 21 52 61 42 57 47 55 139 31 96 334 76 50 238 41 240 0 281 0 0 144 0 0 2 1 0 0 0 0 2 3 0 0 0 0 0 7 3 0 7 0 0 0 0 0 0 0 0 0 0 0 0 0 0 0 0 0 0 14 0 0 0 0 1 0 0 0 0 0 0 29 1 20 0 0 0 0 0 36 1 0 0 0 0 35 28 0 0 0 0 39 31 1 1 1 0 13 15 0 0 0 0 0 0 0 3 0 0 0 0 0 4 0 0 0 0 0 0 0 0 0 0 0 19 0 0 0 2 4 0 0 0 0 0 0 0 0 0 0 0 1 0 0 1 22 0 0 7 0 0 13 0 0 0 0 0 19 23 0 0 0 0 0 5 31 0 0 0 2 0 29 0 14 51 0 0 33 8 0 0 0 0 0 0 0 0 0 0 0 0 0 0 0 0 0 0 0 7 0 0 0 0 0 0 0 0 0 0 0 9 0 2 0 0 0 0 2 0 0 0 0 0 0 1 2 0 1 0 0 0 0 0 0 0 0 0 0 0 0 0 0 0 0 0 0 0 0 0 
 0 0 0 4 9 0 0 0 0 0 3 6 0 0 0 0 0 0 0 0 0 0 0 0 0 0 0 0 0 1 2 1 0 0 0 0 0 0 2 0 25 40 49 60 66 41 243 42 64 71 67 23 149 317 89 54 47 50 281 0 0 0 1 0 0 0 0 0 0 0 0 52 1 0 0 0 1 2 0 1 0 0 0 0 0 5 0 0 0 0 3 7 0 0 0 19 0 20 0 0 0 0 0 10 0 1 22 0 0 0 0 0 0 18 0 0 0 0 8 3 20 0 18 0 0 0 31 3 0 0 0 0 14 36 19 0 1 0 12 22 0 0 0 0 0 0 0 4 0 0 0 0 0 4 0 0 0 0 0 0 0 0 0 2 0 0 0 0 0 0 6 0 0 0 2 0 4 0 0 0 0 0 0 0 0 0 0 0 0 0 0 0 0 0 0 0 0 0 22 0 9 7 0 0 0 0 27 9 0 1 0 0 9 9 36 26 44 0 28 5 0 0 0 0 13 0 0 0 0 0 0 0 0 0 0 0 0 0 0 0 0 6 0 0 0 0 20 0 0 0 0 10 0 0 0 0 0 0 1 1 0 0 4 24 3 3 0 0 0 0 0 0 0 0 0 0 0 0 0 0 0 0 0 0 0 0 0 0 0 0 
 0 0 0 0 0 0 0 0 0 0 0 0 0 0 0 0 2 0 0 3 0 0 0 0 0 0 0 0 0 0 0 0 0 0 0 0 0 0 0 0 2 0 6 4 0 14 0 0 0 1 0 0 5 0 0 3 7 3 0 0 0 85 92 52 60 20 247 243 24 68 34 44 291 116 176 74 74 19 34 75 0 0 0 0 0 0 0 0 0 6 0 0 0 0 0 0 0 0 0 0 0 0 0 0 0 0 0 0 0 20 0 0 0 0 0 0 8 0 0 0 0 0 8 0 0 0 0 0 0 0 0 0 0 0 9 0 0 0 0 0 6 7 32 26 0 0 0 5 29 32 45 0 0 18 15 33 25 25 0 0 0 0 0 0 0 0 0 0 0 0 0 2 0 0 0 0 0 0 0 0 0 0 0 0 0 0 0 0 0 0 0 0 0 0 0 0 0 0 0 0 0 0 0 0 0 0 0 0 0 0 0 0 0 0 0 0 0 0 0 0 14 28 43 15 5 0 16 19 28 35 30 3 0 0 8 32 28 35 0 0 10 0 0 0 0 0 0 0 0 0 0 0 0 0 4 0 0 0 0 0 0 0 0 0 0 0 0 0 0 0 0 1 0 10 0 0 0 0 0 0 0 0 0 0 0 1 0 0 0 0 
 49 3 0 0 0 0 0 0 0 0 0 0 0 0 0 0 2 0 7 0 0 0 0 0 54 0 0 0 0 0 0 0 0 0 0 0 0 0 2 3 0 0 2 14 0 1 2 1 0 0 2 0 0 0 0 5 1 0 0 0 85 0 244 74 47 43 92 337 249 38 39 31 53 80 197 193 165 43 60 51 0 0 0 0 0 0 0 0 0 0 8 0 0 0 0 0 0 0 0 0 0 0 0 0 0 0 0 0 0 0 0 0 0 0 0 0 0 0 0 0 0 0 7 0 0 0 0 0 0 0 0 0 0 0 0 0 0 0 0 0 0 0 11 18 8 6 0 0 1 12 18 50 0 0 9 0 0 4 0 0 0 0 17 0 0 0 0 0 0 0 0 0 0 0 0 0 0 0 0 0 0 0 0 0 0 0 0 0 0 0 0 0 0 0 0 0 0 0 0 0 0 0 0 0 0 0 0 0 0 0 0 0 0 0 0 0 0 0 0 0 1 24 11 39 23 0 2 1 4 43 43 37 0 0 18 10 29 16 0 0 11 0 0 0 0 0 0 0 0 0 0 0 0 0 11 0 0 0 0 0 0 0 0 0 0 0 0 0 0 0 20 0 1 15 2 0 0 0 0 0 0 0 0 0 0 0 0 12 2 0 
