 0 84 60 47 34 60 454 657 47 59 237 38 53 241 319 39 117 21 23 130 0 3 3 0 1 3 0 3 0 0 0 0 0 3 2 2 0 2 2 0 0 5 0 0 2 0 0 0 0 2 0 0 2 2 0 0 3 0 0 61 3 0 0 0 0 1 3 0 0 0 0 0 0 0 0 1 1 0 35 32 79 29 33 0 0 0 4 51 13 0 0 0 0 35 36 24 8 7 1 30 1 0 0 0 0 0 0 0 0 0 0 0 0 0 0 14 53 0 0 0 2 0 0 0 10 0 0 0 0 0 0 0 0 0 0 0 0 0 2 0 0 0 0 0 0 0 0 0 2 0 0 0 0 0 0 2 0 1 0 0 36 32 3 0 1 0 16 10 14 0 19 0 0 33 4 11 0 0 0 5 0 0 0 0 0 0 0 0 0 0 0 0 0 0 0 0 14 0 0 0 0 0 0 0 0 0 0 1 0 0 0 0 0 0 0 0 1 0 0 0 0 0 0 0 0 0 4 0 0 0 0 0 0 0 0 0 0 0 0 0 0 0 0 0 1 0 0 2 2 2 0 6 0 0 0 0 0 0 0 0 0 0 0 0 0 0 0 0 0 0 0 0 0 0 0 0 0 0 0 0 0 0 0 0 0 0 0 0 0 0 
 84 0 608 74 244 32 65 362 318 199 37 34 36 53 230 235 265 55 48 245 1 4 3 0 1 5 0 3 0 10 0 0 0 3 2 2 0 2 2 0 81 3 0 0 11 2 0 0 0 2 0 0 2 2 0 0 3 0 2 0 3 0 0 0 0 0 3 0 0 0 0 0 0 0 0 1 1 0 0 0 0 11 22 18 0 1 0 14 51 22 26 0 0 11 8 49 34 52 0 11 0 0 0 0 0 0 0 0 0 0 0 0 0 2 0 0 14 0 0 0 11 0 0 0 0 0 0 0 0 0 1 0 0 0 0 0 0 0 0 0 0 0 0 0 0 0 0 0 0 0 0 0 0 0 0 0 0 0 0 0 0 27 52 44 1 0 0 6 14 35 9 1 0 0 0 60 34 32 0 7 0 0 23 0 0 0 0 0 0 0 0 0 0 0 0 2 0 0 0 0 7 1 0 0 0 0 0 0 0 0 0 0 0 0 0 2 0 0 0 0 0 0 0 0 0 0 0 0 0 0 0 0 0 0 0 0 0 0 0 0 0 0 0 0 0 1 4 0 0 0 0 5 29 0 0 0 0 0 0 0 0 0 0 0 0 0 0 0 0 0 0 0 0 0 0 56 69 0 0 0 0 0 0 0 0 0 0 0 0 0 
 60 608 0 93 91 40 90 127 227 435 247 35 79 45 66 221 279 351 36 241 1 4 4 0 0 4 2 3 0 2 0 0 0 3 0 4 0 2 2 1 0 3 3 0 4 2 0 0 0 0 0 1 2 2 3 0 3 2 0 59 3 0 0 3 0 0 3 0 0 0 0 0 0 0 0 2 11 0 2 0 0 0 14 80 14 0 0 0 36 45 48 13 0 0 12 24 55 41 0 0 0 0 0 0 0 13 0 0 0 0 0 0 0 1 0 0 0 0 0 0 0 0 0 0 0 0 0 0 0 0 15 0 0 0 0 0 0 0 0 0 0 0 0 0 0 0 0 0 0 0 0 0 18 0 0 0 0 0 0 0 0 0 41 36 17 1 0 0 26 36 12 46 0 0 0 37 28 42 0 4 0 0 29 0 0 10 0 0 0 0 0 10 0 0 0 1 0 0 0 0 0 0 0 0 2 0 0 0 0 0 0 0 0 0 23 0 0 0 2 0 0 0 0 0 0 0 0 0 0 13 0 0 0 0 0 0 0 0 2 0 0 0 0 0 0 2 5 0 0 4 0 10 38 0 0 0 0 0 0 0 0 0 0 0 0 0 0 0 0 0 0 0 0 0 0 27 6 19 0 0 0 0 0 0 0 0 0 0 0 0 
 47 74 93 0 94 45 87 67 97 431 169 398 66 74 58 44 146 308 90 55 1 3 3 0 1 3 0 3 0 0 0 0 0 3 0 2 0 2 2 0 0 3 0 0 0 5 0 0 0 0 1 0 2 2 0 0 23 0 0 0 3 0 0 0 0 0 3 0 0 0 2 0 0 0 0 1 1 0 0 0 0 0 0 54 33 33 0 0 0 26 48 60 0 0 0 0 33 15 0 0 0 0 0 0 0 0 0 0 0 0 0 0 10 0 0 0 0 0 13 0 2 0 0 0 0 0 0 0 0 10 0 0 0 0 0 0 0 0 2 0 0 0 0 0 0 1 0 0 2 0 0 0 7 0 0 0 0 0 0 0 0 0 0 27 30 24 0 0 10 12 20 55 0 0 0 0 15 13 0 0 0 0 13 0 0 0 0 0 1 0 0 0 0 13 0 0 0 0 0 1 0 0 0 0 0 0 0 0 0 0 0 0 0 0 0 0 11 0 0 0 0 0 0 0 0 0 0 0 0 0 0 0 0 0 0 0 0 0 0 0 0 16 0 0 1 2 107 0 0 93 0 2 0 0 0 0 0 0 0 0 0 0 9 0 0 0 0 0 0 0 0 0 0 0 0 10 1 18 0 0 0 0 0 0 0 0 0 0 0 0 
 34 244 91 94 0 424 66 263 99 149 166 392 70 76 82 56 42 38 80 49 1 3 3 62 1 3 0 3 0 0 0 0 0 3 0 3 0 2 71 3 0 64 0 0 0 0 0 0 0 0 0 0 2 2 0 0 3 0 0 65 3 0 0 5 0 0 3 0 0 0 0 0 0 0 0 0 2 2 0 0 0 0 0 15 67 29 0 0 0 2 0 2 0 0 0 0 0 0 0 0 0 0 0 0 2 13 1 1 0 0 0 0 34 0 0 0 0 0 26 0 0 0 0 0 0 0 0 0 0 0 9 0 0 0 0 0 0 0 0 10 0 0 0 0 0 0 0 6 0 0 0 2 14 0 0 0 0 0 0 0 9 0 0 20 11 23 0 0 0 0 0 16 6 0 0 0 0 0 0 0 0 0 0 0 0 15 16 0 0 0 0 0 19 1 0 0 0 0 6 26 0 0 0 0 0 0 13 0 0 0 0 1 0 0 0 0 0 0 0 0 0 0 0 0 0 0 0 3 0 0 0 0 0 0 0 0 0 0 0 0 0 0 0 0 0 0 7 0 3 2 0 11 0 0 0 0 0 0 0 0 0 0 9 0 0 0 0 0 0 0 0 0 0 0 0 0 0 0 0 0 0 0 0 0 0 0 0 0 0 0 
 60 32 40 45 424 0 38 33 80 281 76 64 39 61 50 67 57 46 64 26 2 3 3 0 0 3 0 3 0 0 0 0 0 3 1 2 1 2 309 1 0 3 0 0 0 0 36 0 0 2 0 0 2 2 0 0 3 65 0 0 3 0 0 4 0 0 3 0 0 31 0 0 0 0 0 39 3 0 0 0 0 0 0 0 23 19 0 0 0 0 0 1 0 0 0 0 0 0 0 0 0 0 0 0 0 0 29 0 0 0 0 0 39 20 20 0 0 0 46 0 0 0 0 0 0 0 0 0 0 0 0 0 0 0 0 0 0 0 0 0 0 0 0 7 0 0 0 9 0 1 0 0 0 0 0 26 0 6 0 0 0 0 0 0 2 44 0 0 0 0 0 0 10 0 0 0 0 0 0 0 51 0 0 0 0 1 25 1 0 0 0 0 33 0 0 0 0 0 19 46 0 0 0 0 0 0 0 0 0 0 0 0 0 0 0 0 0 0 0 0 1 0 0 20 0 0 0 0 0 10 0 0 0 1 2 2 0 0 0 0 0 0 0 0 0 4 0 1 8 5 0 3 0 0 0 0 0 0 0 0 0 0 0 0 0 0 0 0 103 0 0 0 0 0 0 0 0 0 0 0 0 0 0 0 0 0 0 0 0 0 
 454 65 90 87 66 38 0 99 65 28 39 27 436 435 28 16 40 43 64 393 3 3 3 0 0 3 2 3 0 1 2 0 0 3 0 4 0 2 2 0 0 3 0 0 0 0 0 0 27 1 64 0 2 2 0 0 3 2 0 0 6 0 0 0 0 0 3 0 0 0 0 0 0 0 0 3 3 0 0 0 41 16 23 0 0 0 111 47 0 0 0 0 66 28 48 9 9 0 9 14 0 14 0 0 0 0 0 0 0 0 0 0 0 0 0 0 1 0 0 0 0 0 0 0 0 0 0 0 0 0 0 0 0 0 0 0 0 0 0 0 0 0 0 0 0 1 0 0 0 0 0 0 0 0 0 0 0 0 0 0 47 11 0 0 0 0 18 11 9 2 0 2 39 50 39 0 0 0 0 18 0 0 0 0 0 0 0 0 2 0 0 0 0 0 0 1 0 0 0 2 0 0 0 27 0 0 0 0 0 0 0 0 0 0 0 0 1 0 0 0 0 0 0 0 0 1 0 0 0 0 0 0 10 0 0 0 0 0 0 0 0 0 0 0 2 0 0 0 3 0 0 10 0 0 0 0 0 0 0 0 22 0 0 0 0 0 0 0 0 0 0 0 0 0 0 0 0 0 0 0 0 0 0 0 0 0 0 0 0 0 
 657 362 127 67 263 33 99 0 57 110 22 28 325 445 73 138 43 43 53 28 0 3 3 0 1 3 0 3 0 1 0 89 0 3 0 2 0 2 2 0 0 11 0 1 10 1 0 0 0 0 0 0 2 2 0 0 5 3 0 0 3 0 0 0 0 0 3 0 0 0 0 0 0 0 0 2 2 0 0 0 15 17 45 0 0 0 0 10 26 0 1 0 0 6 28 35 11 28 0 3 0 0 0 0 2 0 0 0 0 0 0 0 0 0 0 0 18 0 0 0 0 0 0 0 0 0 0 0 0 0 0 0 0 0 0 0 0 0 0 0 0 0 0 0 0 0 0 0 0 0 0 2 0 13 0 0 0 0 0 0 0 37 32 0 0 0 0 15 1 10 3 0 0 49 0 6 10 1 0 7 0 0 0 0 0 0 0 0 0 0 0 0 0 0 0 0 0 0 0 0 0 0 0 0 0 0 0 0 0 0 0 1 0 0 0 0 0 0 0 0 0 0 11 0 0 14 0 0 0 0 0 0 0 1 0 0 0 0 0 0 0 0 0 0 0 0 0 0 4 1 0 4 3 0 1 0 0 0 0 0 90 0 1 0 0 0 0 0 0 0 0 0 0 0 0 1 1 0 0 0 0 0 0 0 0 0 0 0 0 0 
 47 318 227 97 99 80 65 57 0 453 65 40 97 90 302 229 240 308 91 46 0 4 3 0 0 3 0 5 0 0 0 0 0 3 0 2 0 2 70 0 0 63 0 0 2 2 0 0 0 0 0 0 2 65 0 0 3 1 0 0 3 0 0 0 2 0 3 0 0 0 0 0 0 0 0 2 2 0 0 0 0 1 19 33 0 1 0 0 41 29 47 11 0 0 9 32 45 43 0 1 19 0 0 0 0 1 0 0 0 1 0 0 0 0 0 0 0 2 0 0 0 0 2 1 0 15 0 0 0 0 10 1 0 0 0 0 0 0 0 0 0 0 0 0 0 0 0 0 0 0 0 0 3 0 0 0 0 0 0 0 0 0 35 25 14 0 1 0 19 24 8 18 0 0 0 52 54 45 0 4 0 0 18 0 0 0 0 1 0 7 0 0 0 0 0 0 0 0 0 0 0 0 0 0 0 0 19 0 2 0 0 0 0 0 0 0 0 0 0 0 0 0 0 0 0 0 0 8 0 0 0 0 2 0 0 0 0 0 1 0 0 0 0 0 0 88 2 0 0 3 0 2 12 0 0 0 0 0 0 0 0 0 0 0 0 0 0 0 0 0 0 0 0 0 0 20 4 14 0 0 0 0 0 0 0 0 0 0 0 0 
 59 199 435 431 149 281 28 110 453 0 321 61 76 81 189 334 306 189 98 73 2 3 3 0 2 3 0 3 2 0 3 0 1 3 0 2 0 3 3 0 0 3 0 63 1 3 0 0 0 2 1 62 2 4 0 0 3 1 0 2 3 0 0 4 0 0 3 0 0 0 0 0 0 0 0 3 3 0 0 0 0 0 0 43 0 24 0 1 15 52 38 42 0 0 0 12 37 19 12 0 0 0 0 0 0 0 0 0 0 0 0 0 0 0 0 0 0 0 7 0 0 0 0 0 0 0 0 0 0 0 0 0 0 0 0 0 0 0 0 0 0 0 0 0 0 0 0 0 0 0 0 0 4 0 1 0 0 0 0 0 0 0 6 39 20 0 0 0 29 27 18 24 0 0 0 28 26 28 0 0 0 0 10 0 1 0 0 0 0 0 0 0 0 0 0 0 1 0 0 0 0 0 0 0 0 0 2 0 0 0 2 0 0 0 0 0 0 0 0 0 0 0 1 0 3 0 1 0 0 0 0 0 0 0 0 0 0 0 0 0 0 16 0 0 0 1 172 2 0 178 0 10 19 0 2 0 0 0 0 0 0 0 0 0 0 0 0 0 0 0 0 0 0 0 0 17 6 10 0 0 0 0 0 0 0 0 0 0 0 0 
 237 37 247 169 166 76 39 22 65 321 0 376 26 54 66 165 199 226 32 30 1 4 3 0 0 5 0 3 0 0 0 0 0 5 0 2 0 2 5 1 0 3 0 0 0 7 0 0 0 0 0 0 2 2 0 0 3 1 0 0 3 0 0 0 0 0 3 0 0 0 0 3 0 0 0 3 3 1 0 0 0 0 0 42 46 27 0 0 1 6 35 37 0 0 0 3 40 0 0 0 0 0 0 0 0 0 0 0 0 0 0 0 28 0 0 0 0 0 10 0 0 0 0 0 0 0 0 0 0 0 0 0 0 0 0 0 0 0 0 0 0 0 0 0 0 0 0 0 0 0 0 0 7 0 0 10 0 0 0 0 0 0 4 25 40 20 0 0 14 16 23 52 7 0 0 0 13 19 0 0 0 0 13 0 2 0 0 1 0 0 0 0 9 9 0 0 0 0 0 20 0 0 0 0 0 0 0 0 0 0 0 0 0 0 0 0 0 0 0 0 0 0 0 13 0 9 0 0 0 0 0 0 0 0 0 0 0 0 0 0 0 16 0 0 0 2 52 0 0 142 0 7 0 0 0 0 0 0 0 0 0 0 11 0 0 0 0 0 0 0 0 0 0 0 0 13 1 60 0 0 0 0 0 0 0 0 0 0 0 0 
 38 34 35 398 392 64 27 28 40 61 376 0 75 30 244 43 45 58 37 28 3 3 3 0 1 5 0 3 0 0 0 0 0 5 0 4 3 2 2 0 0 3 0 0 27 1 0 0 0 2 0 0 2 2 0 2 3 0 0 0 3 0 0 0 0 0 3 0 0 0 0 0 0 0 0 0 0 90 0 0 0 0 0 7 47 55 0 0 0 9 19 43 0 0 0 0 0 0 0 0 0 0 0 0 1 0 0 0 0 0 0 0 19 0 0 0 0 0 24 0 0 0 0 0 0 0 0 0 0 0 0 0 0 0 0 0 0 0 0 0 0 0 0 0 0 0 1 0 0 0 0 1 0 0 0 0 0 0 0 21 0 0 0 8 20 46 0 0 0 1 14 32 6 0 0 0 1 4 0 0 0 0 1 0 0 0 0 0 0 0 0 0 7 0 0 0 0 2 7 32 0 0 0 0 0 0 0 0 0 0 0 2 0 0 0 0 0 0 0 0 0 0 0 0 0 0 0 0 0 0 0 0 0 0 0 0 0 0 0 0 0 15 0 0 0 2 176 0 2 172 2 0 2 0 0 0 0 0 0 0 0 0 11 0 0 0 0 0 0 0 0 0 0 0 0 0 0 0 0 0 0 0 0 0 0 0 0 0 0 0 
 53 36 79 66 70 39 436 325 97 76 26 75 0 166 32 27 32 32 384 117 0 3 5 0 0 3 4 3 0 1 0 0 0 3 0 3 0 2 5 3 0 3 0 2 0 0 0 0 2 5 0 0 2 2 0 2 5 2 0 0 3 0 0 3 0 0 3 0 0 0 0 0 0 0 0 3 3 0 3 0 30 7 0 0 1 0 12 25 0 0 0 0 21 18 11 0 0 1 12 20 0 2 0 1 0 0 0 0 2 0 0 0 0 0 0 0 0 0 0 10 0 0 0 0 0 0 0 0 0 0 0 0 0 0 0 0 0 2 0 0 0 0 0 0 0 0 0 0 0 0 0 0 0 0 0 0 0 0 13 0 23 0 0 0 0 0 28 11 0 4 0 0 9 17 17 0 0 0 0 25 0 0 0 0 0 0 0 0 0 0 0 0 0 0 0 0 0 0 0 0 0 0 0 0 0 0 0 0 0 0 0 0 0 2 0 0 0 0 0 2 0 0 0 0 0 0 0 0 25 0 0 3 0 0 0 0 0 0 0 0 0 0 0 0 0 0 0 0 0 0 2 3 0 3 0 0 0 0 0 0 0 0 0 0 0 0 0 0 0 0 0 0 0 0 0 0 0 0 0 0 0 0 0 0 0 0 0 0 0 0 
 241 53 45 74 76 61 435 445 90 81 54 30 166 0 357 53 240 16 332 152 0 3 3 0 0 3 0 3 0 0 0 0 0 6 0 2 0 3 2 0 0 5 0 0 3 0 0 0 0 2 0 0 2 2 0 0 3 1 0 0 3 0 0 0 0 0 3 0 0 0 0 0 0 0 0 3 3 0 0 0 45 31 37 0 0 0 1 39 14 0 0 0 10 34 37 28 13 13 0 10 0 0 0 0 0 0 0 0 0 0 0 12 0 0 0 0 13 0 0 0 0 0 0 0 0 0 0 0 0 0 0 0 0 0 0 0 0 0 0 0 0 0 7 0 36 0 0 0 0 0 0 0 0 2 0 0 0 0 0 0 32 38 1 0 0 0 17 22 1 1 13 0 3 48 0 9 9 14 0 16 0 1 0 0 0 0 0 0 0 0 0 0 0 0 0 0 0 0 0 0 0 0 0 0 0 0 0 0 0 0 0 0 2 0 0 0 0 0 0 0 0 0 0 0 0 0 0 0 0 2 0 0 15 0 3 0 0 0 0 0 0 0 0 0 0 94 0 0 4 0 2 12 0 0 1 0 0 0 0 0 2 0 0 0 0 0 0 0 0 0 0 0 0 0 0 0 0 0 0 0 0 0 0 0 0 0 0 0 0 0 
 319 230 66 58 82 50 28 73 302 189 66 244 32 357 0 193 26 243 74 62 2 4 3 0 1 3 0 4 0 1 0 1 0 3 0 2 0 2 2 76 0 40 0 0 13 1 0 0 0 0 0 0 2 68 0 0 3 0 0 0 3 0 0 0 0 0 3 0 0 0 0 0 0 0 0 1 1 0 0 0 0 11 28 2 0 0 0 0 18 1 1 0 1 6 9 32 11 6 0 1 0 0 0 2 0 0 0 0 1 0 0 0 0 0 0 0 0 0 0 0 0 0 0 0 0 0 0 0 0 0 0 1 0 0 0 0 9 1 0 0 0 0 0 0 0 0 0 0 0 0 0 0 0 0 0 0 0 0 0 0 0 45 10 0 0 0 2 5 1 10 2 0 0 82 0 1 10 1 0 6 0 0 0 0 0 0 0 11 0 0 0 0 0 0 0 0 0 0 0 30 0 0 0 0 0 0 0 0 0 0 0 0 0 0 0 0 21 0 0 0 0 0 0 0 0 0 0 0 1 0 2 0 0 0 0 0 0 0 2 0 0 0 0 0 0 2 2 3 0 0 0 67 0 0 0 0 0 0 0 0 0 7 0 0 0 0 0 0 0 0 0 0 0 0 0 0 0 0 0 0 0 0 0 0 0 0 0 0 0 0 
 39 235 221 44 56 67 16 138 229 334 165 43 27 53 193 0 557 188 67 41 4 3 3 0 209 209 0 79 2 5 2 0 3 3 0 208 1 2 4 0 0 7 0 0 5 65 0 2 0 3 0 0 3 2 0 0 6 1 0 0 2 0 0 0 0 0 3 0 0 0 0 0 0 0 0 0 0 0 0 0 1 0 1 42 0 0 0 0 56 20 38 9 0 10 6 18 48 34 0 0 0 0 0 0 0 0 1 0 0 0 0 0 1 0 0 18 0 0 0 0 0 2 0 0 0 0 0 0 0 0 0 0 0 0 0 0 0 0 0 0 0 0 0 1 0 0 0 0 0 1 2 0 7 0 0 0 0 0 0 0 2 0 37 28 28 0 0 1 45 66 19 17 0 0 0 26 22 29 0 8 0 0 15 0 0 0 0 0 0 0 0 2 0 13 2 0 0 0 0 0 0 0 0 0 0 0 12 0 0 0 12 0 0 0 0 0 0 0 0 0 0 0 0 0 0 0 0 0 0 0 0 4 0 0 0 0 0 0 0 2 0 0 0 0 0 4 7 0 0 5 2 4 17 0 0 0 0 0 0 0 0 0 0 0 0 0 0 0 0 1 0 0 0 0 0 34 9 25 0 0 0 0 0 0 0 1 0 0 0 0 
 117 265 279 146 42 57 40 43 240 306 199 45 32 240 26 557 0 285 268 31 0 3 3 2 77 3 0 3 0 0 1 0 1 3 0 2 0 2 2 0 0 5 0 0 5 6 0 0 0 0 0 0 2 2 0 0 3 0 0 0 2 0 0 0 0 0 3 0 0 0 0 0 37 0 0 0 0 0 0 0 0 1 11 43 0 14 0 0 17 33 52 45 0 0 0 25 30 55 0 0 0 0 0 0 0 0 0 0 0 0 1 0 0 0 0 0 0 0 0 0 0 0 0 0 0 0 0 0 0 0 0 0 0 0 0 1 0 0 0 0 0 0 0 0 0 0 0 0 0 0 0 0 20 0 0 0 0 0 0 0 0 1 20 30 18 4 0 0 9 28 7 14 2 0 0 25 27 48 0 17 0 0 14 2 0 0 0 0 0 0 0 0 0 11 0 0 0 0 0 0 0 0 5 0 0 0 0 0 0 0 0 0 0 0 0 0 0 0 0 0 0 0 0 0 0 0 0 0 0 2 1 0 0 0 0 0 0 0 0 0 0 0 0 0 0 3 87 0 2 2 0 12 10 0 0 0 0 0 0 0 0 0 0 0 0 0 0 0 0 0 0 0 0 0 0 27 10 9 0 0 0 0 0 0 0 0 0 0 0 0 
 21 55 351 308 38 46 43 43 308 189 226 58 32 16 243 188 285 0 48 39 2 1 3 0 2 0 0 3 0 0 2 2 0 0 0 0 0 2 3 0 0 0 0 0 0 0 0 0 0 2 0 0 0 0 0 0 0 34 0 0 0 0 3 0 0 0 0 0 52 0 1 3 0 0 0 0 0 6 0 0 0 0 0 38 0 23 0 0 10 30 52 48 0 9 0 12 28 26 0 1 0 0 1 0 0 0 0 0 0 0 0 0 1 0 0 0 0 0 0 2 0 0 0 0 0 0 0 1 0 0 0 0 0 0 0 0 0 0 0 0 0 0 0 1 0 0 0 2 0 0 0 10 4 0 0 0 0 0 0 0 0 0 4 15 11 0 0 1 9 32 10 58 8 0 0 28 10 37 0 0 0 0 0 0 0 0 2 0 0 0 0 0 0 0 0 0 0 0 0 0 0 7 0 0 0 0 0 0 0 0 0 0 18 0 0 0 0 0 0 0 0 1 24 0 0 2 0 0 0 0 0 2 0 0 0 0 0 0 0 0 0 0 0 0 0 2 85 1 3 175 0 2 42 0 0 0 0 0 0 0 0 0 0 0 0 0 0 0 0 0 0 0 0 0 0 31 10 16 0 0 0 0 0 0 0 0 0 0 0 0 
 23 48 36 90 80 64 64 53 91 98 32 37 384 332 74 67 268 48 0 419 4 3 3 0 1 3 0 3 0 3 0 0 3 3 0 2 29 2 4 0 0 6 0 0 0 0 0 2 0 4 0 0 2 2 0 0 5 6 0 0 3 0 0 0 45 0 3 0 0 2 0 0 0 0 0 0 0 0 0 0 23 0 0 0 0 0 55 23 0 0 0 0 40 5 12 0 0 0 22 35 0 0 0 0 2 0 0 0 0 0 0 0 0 0 0 0 0 0 0 20 0 0 0 0 0 0 0 0 0 0 1 0 0 0 18 0 0 0 0 0 7 0 0 0 0 0 2 0 0 0 4 2 0 0 0 0 0 0 0 0 0 0 4 0 0 0 20 7 9 28 0 0 44 5 45 0 0 0 15 46 0 42 0 0 0 0 14 0 0 0 0 0 0 0 0 0 0 1 19 0 0 1 0 0 0 0 0 0 0 0 0 1 0 0 0 0 17 0 0 0 0 0 0 0 0 0 0 0 0 0 0 0 0 0 0 0 0 0 0 0 0 0 0 0 0 1 0 1 2 2 0 17 0 0 0 0 0 0 0 0 0 0 0 0 0 0 0 0 0 0 0 0 0 0 0 0 0 0 0 0 0 0 0 0 0 0 0 0 0 0 
 130 245 241 55 49 26 393 28 46 73 30 28 117 152 62 41 31 39 419 0 75 3 3 0 1 3 0 3 0 0 0 0 0 3 0 2 1 2 2 0 0 3 0 0 0 0 0 0 0 2 0 0 2 2 0 0 3 0 0 0 3 0 0 0 0 0 3 0 0 0 0 0 0 0 0 1 1 0 0 0 60 14 18 0 0 0 31 45 0 0 0 0 36 19 26 1 0 1 10 2 0 0 0 0 0 0 0 0 0 0 0 0 0 0 0 0 0 0 0 0 0 0 0 0 0 0 0 0 0 0 0 0 0 0 0 0 0 0 0 0 0 0 0 0 0 0 0 0 0 0 0 0 0 0 0 0 0 0 0 0 50 5 1 0 0 0 46 28 11 10 0 0 49 57 40 0 0 0 0 73 0 0 0 0 0 0 16 0 0 0 0 0 0 0 0 0 0 0 0 0 0 0 0 0 0 0 0 0 0 0 0 0 0 13 0 0 0 0 0 0 0 0 0 0 0 0 0 0 0 0 0 0 0 0 0 0 0 0 0 0 0 0 0 0 0 0 2 0 1 3 0 2 0 0 2 0 0 0 0 0 0 0 0 0 0 0 0 0 0 0 0 0 0 0 0 0 0 0 0 0 0 0 0 0 0 0 0 0 0 13 
 0 1 1 1 1 2 3 0 0 2 1 3 0 0 2 4 0 2 4 75 0 83 59 37 35 36 307 269 30 42 23 40 48 139 265 43 42 22 42 47 0 3 3 3 3 4 1 2 4 3 3 2 0 0 0 0 5 6 0 3 0 0 0 0 0 0 0 0 0 0 0 0 0 0 3 0 0 4 50 0 0 0 0 0 0 0 0 2 0 0 0 0 0 0 0 7 0 0 0 0 27 9 26 0 0 0 0 14 37 8 1 0 0 11 19 10 13 0 0 11 0 0 0 0 0 0 0 0 0 2 1 0 0 0 0 0 7 0 0 0 0 0 0 0 0 0 0 0 2 0 0 0 0 0 0 0 0 0 0 0 0 0 0 0 0 0 0 0 0 0 0 0 0 0 0 0 0 0 1 0 0 11 0 12 1 4 6 19 0 15 1 0 0 25 80 2 0 0 0 11 2 1 0 0 0 0 0 0 0 0 0 14 0 0 0 0 0 0 0 0 0 0 0 0 0 0 0 0 0 0 0 0 34 0 0 0 0 0 0 0 0 0 0 0 0 2 0 0 0 1 0 0 0 0 10 0 0 0 0 0 0 0 0 0 0 8 0 0 0 0 0 0 0 0 0 0 0 0 0 0 0 0 0 0 0 0 0 0 0 0 
 3 4 4 3 3 3 3 3 4 3 4 3 3 3 4 3 3 1 3 3 83 0 396 63 131 32 97 714 379 40 258 47 47 330 360 372 360 245 37 50 0 0 3 3 3 2 0 62 0 2 3 0 0 0 0 0 1 4 0 2 0 0 0 0 0 0 0 0 0 0 0 0 0 0 3 0 0 3 5 0 2 0 0 0 0 0 0 0 0 0 0 0 0 0 0 0 0 0 0 0 13 26 35 46 0 3 0 30 19 36 37 34 0 23 0 15 25 27 1 0 0 0 0 1 0 0 0 0 2 0 0 0 0 0 0 0 0 0 0 0 1 0 0 0 0 0 3 0 0 1 0 0 0 0 0 0 4 0 0 0 0 0 0 0 1 0 0 0 0 0 0 0 0 0 0 0 0 0 0 0 0 5 21 28 1 0 0 0 60 0 22 7 0 0 8 27 46 47 0 0 0 0 0 0 0 0 0 0 0 0 11 0 0 0 0 0 0 0 0 0 0 0 0 0 0 0 0 0 0 0 0 0 0 0 0 2 0 0 1 0 0 0 12 0 0 0 0 0 0 0 0 0 0 0 5 0 0 0 0 0 1 0 0 0 0 0 19 0 0 0 0 0 0 0 0 0 0 0 0 0 0 10 0 0 0 0 0 0 0 0 
 3 3 4 3 3 3 3 3 3 3 3 3 5 3 3 3 3 3 3 3 59 396 0 113 269 40 79 301 298 390 468 36 50 241 73 155 220 351 39 27 0 0 3 3 3 2 65 0 2 4 3 0 0 0 0 2 2 4 0 2 0 0 0 0 0 0 0 0 0 0 0 0 0 0 3 0 0 0 7 50 0 0 0 0 0 0 7 15 0 0 0 0 0 0 0 0 12 0 0 0 0 21 16 35 1 13 0 9 5 28 29 33 0 0 1 15 13 41 0 0 0 0 0 0 0 0 0 0 0 0 0 0 0 0 0 0 0 0 0 0 2 0 0 0 0 0 4 0 0 0 0 0 0 0 0 0 4 0 0 0 0 0 0 0 0 0 0 0 0 0 0 0 0 0 0 0 0 0 0 0 13 10 13 42 17 0 0 0 63 19 26 8 0 0 1 30 34 66 0 0 0 0 0 0 0 0 0 0 0 0 0 0 1 0 0 0 0 0 0 0 0 0 0 0 0 1 0 0 0 0 0 0 0 0 0 0 0 0 0 0 0 0 27 0 0 0 0 0 0 0 0 18 0 0 7 1 2 2 2 1 1 8 0 0 0 0 17 0 0 0 0 0 0 0 0 0 0 0 0 0 0 11 0 0 0 0 0 0 0 0 
 0 0 0 0 62 0 0 0 0 0 0 0 0 0 0 0 2 0 0 0 37 63 113 0 97 44 107 69 81 628 250 369 162 71 75 49 36 536 304 45 0 0 3 3 3 2 0 0 0 1 3 0 0 0 0 0 0 3 5 2 0 50 0 0 0 0 0 0 52 0 2 0 0 0 3 50 0 3 3 0 0 0 0 0 0 0 0 0 0 0 0 0 0 0 0 0 0 1 0 0 0 2 7 18 29 30 1 1 1 16 37 21 0 0 0 14 11 14 0 0 0 0 0 0 0 0 0 7 8 0 0 0 9 0 0 0 0 0 3 0 15 0 2 0 14 0 3 0 0 0 0 0 0 0 0 0 3 0 0 0 0 0 0 0 0 0 0 0 0 0 0 0 1 0 2 0 0 0 0 0 0 0 1 27 44 10 0 0 0 28 44 15 1 0 0 20 7 0 0 0 0 0 0 0 0 2 1 0 0 0 0 0 55 0 0 0 2 0 0 0 0 0 0 0 0 0 0 0 0 0 0 0 0 0 0 0 0 0 0 1 0 0 0 0 0 0 0 0 0 0 0 0 0 0 2 0 0 50 13 0 12 16 0 0 0 0 0 0 0 0 15 0 0 0 0 0 0 0 0 0 0 48 0 0 0 0 4 0 0 0 
 1 1 0 1 1 0 0 1 0 2 0 1 0 0 1 209 77 2 1 1 35 131 269 97 0 420 34 278 56 90 369 393 56 65 57 511 58 46 64 155 0 0 3 3 3 2 0 0 0 2 3 0 0 0 0 210 0 3 7 2 2 0 0 0 0 0 0 0 0 0 0 0 52 0 3 0 50 3 0 2 0 0 0 0 0 0 0 0 8 0 0 0 0 0 1 0 0 0 0 0 0 0 0 16 20 17 0 0 1 0 0 1 0 0 0 0 11 0 0 0 0 0 0 0 0 0 11 15 0 0 0 0 29 0 1 0 0 0 27 42 2 0 0 0 19 0 1 0 0 0 0 0 0 0 0 0 1 0 0 14 0 13 0 0 0 0 0 0 0 0 0 0 0 2 0 0 0 0 0 0 0 0 1 0 36 47 0 0 0 0 23 5 1 0 0 2 0 0 0 0 16 0 0 0 0 0 38 0 0 0 0 0 47 13 0 0 0 0 54 11 0 0 0 0 2 0 0 0 0 0 0 0 2 0 0 0 0 0 0 0 0 0 14 0 0 1 0 0 0 0 0 0 0 0 8 3 0 2 2 2 4 1 0 0 0 0 0 0 0 0 0 0 0 0 0 0 0 0 0 0 0 1 0 0 0 0 2 0 0 0 
 3 5 4 3 3 3 3 3 3 3 5 5 3 3 3 209 3 0 3 3 36 32 40 44 420 0 59 39 42 52 83 48 28 25 45 501 67 68 54 264 0 0 3 3 3 2 2 1 0 1 3 0 0 0 0 0 0 3 193 8 0 3 1 0 0 0 0 0 0 0 0 0 0 0 3 0 2 4 0 0 1 0 0 0 0 0 0 0 0 0 0 0 0 0 0 21 0 0 0 5 0 0 0 0 0 15 0 0 0 0 0 0 0 0 0 0 0 0 0 0 0 1 0 0 3 0 67 10 0 0 0 0 22 36 27 0 0 1 52 75 2 0 0 0 0 0 0 2 0 0 0 0 0 0 0 0 0 0 11 0 0 0 0 2 0 0 0 14 0 0 0 0 0 0 0 0 0 0 0 0 0 0 0 0 23 47 0 0 0 0 0 0 0 0 0 0 2 0 0 0 28 0 0 36 0 0 44 15 0 0 0 0 29 19 0 0 0 0 53 20 0 0 0 0 0 0 0 0 0 4 0 0 0 0 2 1 33 39 2 0 0 0 0 0 0 0 0 0 0 0 0 0 0 1 4 0 4 4 12 1 3 0 0 0 0 0 0 0 0 0 0 0 0 0 0 0 0 0 0 0 0 0 0 0 0 0 0 0 0 0 
 0 0 2 0 0 0 2 0 0 0 0 0 4 0 0 0 0 0 0 0 307 97 79 107 34 59 0 88 55 259 47 254 416 381 50 40 38 25 42 355 0 0 3 3 3 2 0 0 0 1 4 0 0 0 0 0 0 3 0 97 0 0 0 0 0 0 0 0 0 0 0 0 0 0 3 0 53 3 0 2 0 0 0 0 0 0 0 0 0 0 2 0 0 0 0 0 0 0 0 0 47 9 0 0 0 0 30 23 31 0 0 0 1 15 31 43 1 0 13 55 0 0 0 0 0 2 0 0 0 0 0 0 0 0 0 0 0 0 0 0 1 0 1 5 1 0 0 0 0 0 0 0 0 0 0 0 0 0 0 0 0 0 0 6 0 0 0 0 0 0 0 0 0 0 0 0 0 0 0 0 19 33 0 1 0 0 19 50 0 44 0 0 12 38 46 23 0 0 12 37 0 0 0 0 0 0 0 0 0 0 0 0 0 0 0 0 0 0 0 0 0 0 0 1 0 0 0 0 0 0 0 0 0 0 0 0 8 0 0 0 0 0 0 0 0 0 0 0 0 0 0 0 0 0 2 0 2 0 0 0 2 0 0 0 0 0 0 0 0 0 0 0 0 0 0 0 0 0 0 0 0 0 0 0 0 0 0 0 0 0 
 3 3 3 3 3 3 3 3 5 3 3 3 3 3 4 79 3 3 3 3 269 714 301 69 278 39 88 0 82 46 50 54 67 637 181 268 36 29 72 278 0 0 30 3 3 2 0 0 4 1 3 0 0 0 0 0 0 5 0 2 0 0 0 0 0 0 0 0 0 0 0 0 0 0 3 0 0 3 0 0 0 0 0 0 0 0 0 0 0 0 0 0 0 0 0 0 0 0 0 15 10 26 22 13 0 0 0 23 0 16 27 26 0 0 19 74 50 16 0 15 0 0 0 0 0 0 0 0 0 0 0 0 0 0 0 0 0 0 0 0 1 0 0 0 0 0 0 0 1 0 0 0 0 0 0 0 0 0 0 0 0 0 0 0 0 0 0 0 0 0 0 0 0 14 13 0 0 0 2 0 1 8 11 31 0 0 2 0 74 19 0 1 0 21 25 48 9 88 0 2 0 1 0 0 0 0 0 0 0 2 0 0 0 0 0 0 0 0 0 0 0 0 0 0 0 0 0 0 0 1 0 0 0 10 0 0 0 0 0 0 0 0 2 0 0 0 0 0 0 0 0 2 0 0 13 0 0 0 0 0 2 0 0 0 0 0 0 0 0 0 0 0 0 0 0 0 0 0 0 0 0 0 0 0 0 0 0 0 0 0 
 0 0 0 0 0 0 0 0 0 2 0 0 0 0 0 2 0 0 0 0 30 379 298 81 56 42 55 82 0 423 108 243 108 91 101 202 109 339 98 70 0 0 3 3 3 2 0 0 0 1 3 0 0 0 0 0 0 5 0 2 0 0 0 0 0 0 0 0 0 0 0 0 0 0 3 0 0 3 3 0 0 11 0 0 0 0 0 0 0 0 0 0 0 0 2 0 0 0 0 0 3 18 23 44 0 17 0 10 34 54 42 48 0 0 0 23 14 56 0 0 0 0 0 0 0 0 17 0 0 0 0 0 0 0 0 0 0 0 0 0 2 0 0 0 1 0 5 0 0 0 0 0 0 0 0 0 11 0 0 0 0 0 0 0 0 0 0 0 0 0 0 0 0 1 0 2 0 0 0 0 0 11 15 59 29 0 0 0 124 19 9 6 2 1 0 43 56 66 0 0 0 0 0 0 0 0 0 0 0 6 0 0 0 0 0 0 0 0 0 0 0 0 0 0 1 0 0 0 0 0 0 15 1 0 0 0 0 0 12 0 0 0 15 0 0 2 0 0 0 0 0 0 0 0 8 2 2 2 2 1 2 10 0 0 1 0 5 0 0 0 0 0 0 0 0 0 0 0 0 0 0 5 0 0 0 0 0 0 0 0 
 0 10 2 0 0 0 1 1 0 0 0 0 1 0 1 5 0 0 3 0 42 40 390 628 90 52 259 46 423 0 320 286 86 83 70 407 343 181 66 65 0 0 3 3 3 2 2 0 0 2 3 1 0 0 0 0 208 3 0 2 0 0 0 0 0 0 0 0 0 0 0 0 0 0 46 0 0 3 10 0 22 0 0 0 0 0 0 5 0 0 0 0 0 0 0 0 0 0 0 0 0 0 10 50 15 15 0 11 25 27 29 54 0 0 0 8 15 17 0 0 9 0 0 0 0 1 0 0 0 0 2 0 0 0 0 0 0 0 22 0 1 0 0 0 5 0 2 0 1 0 0 0 0 0 0 0 2 12 0 0 0 0 0 0 0 0 0 0 0 0 0 0 0 0 0 0 0 0 2 0 0 1 7 16 26 1 0 0 53 35 24 33 0 0 1 1 33 1 0 0 0 0 0 14 0 0 0 0 0 2 0 0 1 0 0 0 0 0 0 0 0 0 0 0 0 0 0 0 0 0 0 0 0 0 0 13 0 0 0 0 0 0 12 0 0 0 0 0 0 0 0 0 0 0 7 2 1 149 179 0 21 10 0 0 0 0 21 0 0 0 0 0 0 0 0 0 0 0 0 0 0 20 0 0 0 0 15 0 0 2 
 0 0 0 0 0 0 2 0 0 3 0 0 0 0 0 2 1 2 0 0 23 258 468 250 369 83 47 50 108 320 0 569 46 244 41 70 100 281 219 46 0 0 69 3 3 2 0 0 0 1 3 0 0 0 0 0 0 3 5 2 0 0 0 0 0 0 0 0 0 0 0 0 0 0 3 3 0 3 3 0 0 0 0 0 0 0 0 0 0 0 0 0 0 0 0 0 0 0 0 0 0 1 9 10 86 40 0 1 0 0 7 18 0 0 0 8 11 19 0 0 0 0 0 0 0 0 6 0 0 0 0 0 6 0 0 0 0 0 13 20 2 0 0 0 23 0 0 0 0 0 0 0 0 0 0 0 0 0 0 0 0 0 0 0 0 0 31 0 0 0 0 0 0 2 2 0 0 0 0 0 0 0 1 9 44 34 0 0 0 37 27 25 0 0 0 1 22 0 0 0 0 0 0 0 0 2 1 0 0 0 0 0 85 1 0 0 0 0 25 0 0 0 0 0 2 0 0 0 0 0 0 0 0 0 0 0 0 0 0 0 0 0 1 0 0 0 0 0 0 0 0 0 0 0 7 1 4 163 76 4 11 0 0 0 0 0 0 0 0 0 0 0 0 0 0 0 0 0 0 0 0 59 0 0 0 0 4 0 0 0 
 0 0 0 0 0 0 0 89 0 0 0 0 0 0 1 0 0 2 0 0 40 47 36 369 393 48 254 54 243 286 569 0 239 260 26 40 116 50 36 30 0 0 3 3 3 2 0 0 0 2 3 0 0 1 0 0 1 3 12 2 47 0 0 0 0 0 0 0 0 0 0 0 0 0 3 0 0 3 0 0 0 0 0 0 0 0 0 0 0 0 0 0 0 0 0 0 0 0 0 0 0 1 0 19 23 18 0 1 0 1 0 14 0 0 1 0 13 1 0 0 0 0 1 0 0 0 1 0 0 0 0 14 21 0 0 0 0 0 39 34 2 0 0 0 24 0 0 0 0 0 12 0 0 0 0 0 0 0 0 0 0 0 0 0 0 0 0 0 0 0 0 0 0 0 0 0 0 0 0 0 1 0 1 0 44 24 0 0 0 18 31 27 0 0 2 2 9 0 0 0 0 0 0 0 0 0 16 0 0 0 0 0 26 1 0 0 0 0 14 7 0 0 0 0 0 9 0 0 0 0 0 0 2 0 0 0 0 0 0 0 0 0 2 0 0 1 0 0 0 0 0 0 0 0 12 0 4 156 149 3 17 5 0 0 0 0 0 0 0 0 0 0 0 0 0 0 0 0 0 0 0 21 0 0 0 0 7 0 0 0 
 0 0 0 0 0 0 0 0 0 1 0 0 0 0 0 3 1 0 3 0 48 47 50 162 56 28 416 67 108 86 46 239 0 75 35 34 47 24 684 443 0 0 3 3 3 2 0 0 2 2 3 0 0 1 0 0 0 65 0 2 1 0 0 51 0 0 0 0 0 0 0 0 0 0 3 0 0 0 0 0 0 0 0 0 42 35 0 0 0 0 0 0 0 0 0 0 0 2 0 0 24 0 0 0 0 0 65 22 35 0 0 0 18 43 37 1 0 0 45 29 0 0 0 0 0 0 0 0 0 0 0 0 0 0 0 0 0 0 0 0 1 0 0 16 0 0 0 0 0 0 0 0 0 0 0 0 0 1 0 0 0 0 0 0 0 18 0 0 0 0 0 0 0 0 0 0 0 0 0 0 110 80 0 0 0 0 37 23 0 0 0 0 27 19 20 24 0 0 26 30 0 0 0 0 0 0 0 0 0 0 0 0 2 0 0 0 0 0 0 0 14 0 11 22 0 0 0 0 0 0 0 0 0 0 0 0 0 0 0 0 0 0 0 0 0 0 0 0 0 0 0 0 0 0 14 1 0 0 0 0 2 0 0 0 0 0 0 0 0 0 0 0 0 0 0 0 0 0 0 0 0 0 0 0 0 0 0 0 0 0 
 3 3 3 3 3 3 3 3 3 3 5 5 3 6 3 3 3 0 3 3 139 330 241 71 65 25 381 637 91 83 244 260 75 0 397 176 25 30 306 91 3 0 3 3 3 2 0 2 0 2 3 0 64 0 0 0 0 4 0 2 0 0 3 0 1 0 25 0 0 2 0 0 0 0 3 0 0 3 0 1 0 0 0 0 0 0 0 0 0 0 0 0 0 0 0 0 0 0 0 0 26 20 19 0 0 1 0 12 32 18 11 0 0 15 41 16 13 0 2 15 0 0 0 0 0 0 0 0 1 0 0 0 0 0 0 0 0 0 0 0 0 0 0 0 0 0 0 2 0 2 0 0 0 0 0 0 0 0 0 0 0 0 0 0 2 0 0 2 0 0 0 0 12 0 0 0 0 0 0 0 12 22 0 11 0 0 8 14 0 9 0 0 1 28 60 16 16 14 0 9 0 13 0 0 11 0 0 0 0 0 0 0 0 9 0 0 0 0 1 0 0 0 0 1 0 0 0 0 0 0 0 0 0 0 0 1 0 0 0 0 0 0 0 0 0 0 0 0 0 0 0 0 0 0 2 0 0 0 0 1 2 0 0 0 0 0 0 0 0 0 0 0 0 0 0 0 0 0 0 0 0 0 0 0 0 0 0 0 0 0 
 2 2 0 0 0 1 0 0 0 0 0 0 0 0 0 0 0 0 0 0 265 360 73 75 57 45 50 181 101 70 41 26 35 397 0 363 36 260 67 268 0 0 3 3 5 2 0 0 0 1 3 0 0 0 0 0 0 5 0 2 0 0 0 0 0 0 0 0 0 0 0 1 0 0 3 0 0 3 3 0 0 0 2 0 0 0 0 0 0 0 0 0 0 0 0 0 0 0 0 0 10 67 26 16 0 0 1 24 0 38 24 31 0 0 18 42 43 26 0 15 0 0 0 0 0 0 1 0 0 0 0 0 0 0 0 0 0 0 2 0 1 0 0 0 0 0 0 0 0 0 0 0 12 0 0 0 1 2 0 0 0 0 0 0 0 0 0 0 0 0 0 4 0 0 0 0 0 0 0 14 0 8 12 22 0 0 1 0 40 19 0 2 0 45 25 52 12 92 0 1 0 0 0 0 0 0 0 0 0 0 0 0 0 0 0 0 0 0 0 0 0 0 0 0 0 0 0 0 0 0 0 0 0 0 0 0 0 0 0 0 0 0 0 0 0 0 0 0 0 0 0 0 0 0 16 0 0 0 0 1 4 0 0 0 0 0 20 0 0 0 0 0 0 0 0 0 0 1 0 0 0 0 0 0 0 0 0 0 0 0 
 2 2 4 2 3 2 4 2 2 2 2 4 3 2 2 208 2 0 2 2 43 372 155 49 511 501 40 268 202 407 70 40 34 176 363 0 199 363 50 304 0 0 3 3 3 2 0 0 0 1 3 0 0 1 0 0 0 4 0 2 0 0 0 1 0 0 0 0 0 0 0 0 0 0 3 0 0 3 19 0 0 0 0 0 1 0 0 0 0 0 0 0 0 0 0 0 13 0 0 0 0 32 35 38 0 12 0 15 30 40 31 45 0 0 0 52 17 45 0 0 2 0 0 0 0 0 0 0 0 0 0 0 0 0 0 0 0 0 0 0 2 0 0 2 0 0 5 0 0 13 0 0 0 2 0 0 11 0 2 0 0 0 0 0 0 0 0 0 0 0 0 0 0 0 0 0 0 20 0 0 0 8 26 37 13 0 0 15 61 22 29 11 0 0 0 33 23 65 14 18 0 0 0 0 0 0 0 0 0 0 0 0 0 0 0 0 0 0 0 0 0 0 1 0 0 6 0 0 0 0 0 0 0 0 0 0 0 0 0 0 0 0 29 0 0 0 0 0 0 0 0 0 0 0 16 0 2 2 2 3 5 12 0 0 0 0 18 0 0 0 0 0 0 0 0 0 0 0 0 0 0 19 0 0 0 0 0 0 0 0 
 0 0 0 0 0 1 0 0 0 0 0 3 0 0 0 1 0 0 29 1 42 360 220 36 58 67 38 36 109 343 100 116 47 25 36 199 0 365 47 21 0 6 3 3 8 4 0 3 0 6 3 0 0 2 0 2 5 4 0 2 3 0 3 0 0 4 0 0 0 0 0 0 1 50 3 0 0 0 5 0 0 0 0 0 0 0 0 0 0 0 0 0 0 0 0 11 0 0 0 11 1 19 21 48 10 17 0 10 28 35 45 46 0 0 1 17 26 31 0 0 0 0 0 0 0 0 0 0 0 0 0 0 0 0 0 0 0 0 2 0 2 0 0 0 1 0 12 0 0 0 0 0 0 0 0 0 9 0 0 0 0 0 0 0 0 0 0 0 0 0 0 0 0 0 0 0 0 0 4 0 0 34 61 60 12 0 11 0 62 19 16 6 0 0 2 35 19 63 27 0 0 0 0 0 0 0 0 0 0 0 0 0 0 0 0 0 0 0 0 0 0 0 0 0 0 0 0 0 0 0 0 0 0 0 0 1 0 0 0 0 0 0 7 0 0 0 27 0 0 0 0 0 0 0 1 0 0 1 0 0 2 12 0 0 0 0 7 0 0 0 0 0 0 0 0 0 0 0 0 0 0 3 0 0 0 0 0 0 0 0 
 2 2 2 2 2 2 2 2 2 3 2 2 2 3 2 2 2 2 2 2 22 245 351 536 46 68 25 29 339 181 281 50 24 30 260 363 365 0 28 249 0 0 3 3 3 2 0 0 0 3 3 0 0 0 0 0 0 3 0 2 0 0 0 0 0 0 0 0 0 0 0 0 0 0 3 0 0 0 14 0 0 0 0 0 0 0 0 0 0 0 0 0 0 0 0 0 0 0 0 0 0 1 14 58 15 35 0 16 25 32 25 55 0 0 0 4 14 28 0 0 0 0 0 9 0 0 0 0 0 0 0 0 0 0 28 0 0 0 11 0 1 0 2 0 19 0 3 0 0 0 0 0 2 0 0 0 5 0 0 0 0 0 0 0 0 0 0 2 0 0 0 0 0 0 3 0 0 0 0 0 0 0 14 25 26 2 0 1 18 40 62 39 9 0 0 0 36 0 0 0 1 0 0 0 0 0 0 0 0 0 0 0 0 0 0 0 0 2 0 0 0 0 0 0 0 0 0 0 0 0 0 0 0 0 0 0 22 0 0 0 0 0 23 0 0 0 0 0 0 2 0 0 0 0 3 0 5 148 154 5 18 3 0 0 0 0 28 0 0 0 0 0 0 0 0 0 0 0 0 0 0 26 0 0 0 0 12 0 0 0 
 2 2 2 2 71 309 2 2 70 3 5 2 5 2 2 4 2 3 4 2 42 37 39 304 64 54 42 72 98 66 219 36 684 306 67 50 47 28 0 417 0 69 3 4 3 4 0 0 62 0 3 0 62 0 0 0 0 33 62 2 0 0 0 3 0 0 0 0 0 1 0 0 0 0 3 0 0 0 0 0 0 0 0 0 1 0 0 0 0 0 0 16 0 11 0 0 0 0 0 0 53 0 0 0 0 0 57 36 0 0 0 0 47 32 34 0 0 0 29 31 0 0 0 0 0 0 0 0 0 0 0 0 0 0 0 0 0 0 0 0 0 0 0 7 0 0 0 6 0 0 0 0 0 0 0 0 0 5 0 0 9 0 10 0 0 17 0 0 0 0 0 0 1 0 0 0 0 0 0 0 55 46 0 0 0 0 55 18 0 0 0 0 64 23 0 2 0 0 11 18 0 0 0 0 0 0 8 0 0 0 0 0 0 0 0 0 0 0 0 0 0 0 0 10 0 0 0 10 0 0 0 0 0 0 0 0 0 0 0 0 0 0 0 0 0 1 0 0 0 0 0 0 0 0 14 0 2 0 0 1 3 0 0 0 0 0 0 2 0 0 0 0 0 0 0 0 0 0 0 0 0 0 0 0 0 0 0 0 0 0 
 0 0 1 0 3 1 0 0 0 0 1 0 3 0 76 0 0 0 0 0 47 50 27 45 155 264 355 278 70 65 46 30 443 91 268 304 21 249 417 0 0 0 3 3 3 2 0 0 0 2 3 0 0 35 0 0 0 65 0 2 0 0 0 0 0 0 0 0 0 0 0 0 0 0 3 0 0 3 0 0 0 2 0 0 0 1 0 0 0 0 0 0 0 0 0 0 0 0 0 0 27 0 0 0 0 0 62 27 41 1 0 0 36 42 33 0 0 0 28 39 0 0 0 0 0 0 0 0 0 0 0 1 0 1 0 0 0 0 0 0 0 0 0 1 0 0 0 0 0 0 0 0 0 0 0 0 0 1 0 0 0 0 0 0 0 18 0 0 0 0 0 0 0 26 0 0 0 0 0 0 73 38 0 0 0 0 36 45 0 0 19 0 23 27 22 10 0 0 40 15 0 0 0 20 0 0 0 0 2 0 0 2 0 0 14 0 0 0 0 0 0 0 0 12 0 0 0 0 0 0 0 0 0 1 0 0 0 0 0 0 0 0 0 0 0 0 0 0 0 0 0 0 0 0 19 2 0 0 0 0 2 0 0 0 0 0 0 0 0 0 0 0 0 0 0 0 0 0 0 0 0 0 0 0 0 0 0 0 0 0 
 0 81 0 0 0 0 0 0 0 0 0 0 0 0 0 0 0 0 0 0 0 0 0 0 0 0 0 0 0 0 0 0 0 3 0 0 0 0 0 0 0 149 89 37 19 50 261 412 93 101 102 30 57 264 164 68 278 49 44 49 4 0 49 2 0 8 2 0 0 0 5 0 69 3 2 0 0 0 14 16 0 0 0 0 0 0 0 0 0 0 0 0 0 0 0 0 0 0 0 0 0 0 0 0 0 0 0 0 0 0 0 0 0 0 0 0 0 0 0 0 19 33 27 13 1 0 3 20 30 18 16 15 0 18 9 33 0 14 0 20 5 0 16 0 0 0 0 5 0 0 0 0 4 0 44 0 0 0 0 0 0 0 0 0 0 0 0 0 0 0 15 0 19 0 0 0 0 0 0 0 0 0 0 0 0 0 0 0 0 0 0 0 0 0 0 0 0 0 0 0 0 35 25 20 0 13 0 9 36 1 28 0 0 1 50 11 32 8 0 0 0 1 3 0 0 0 32 0 8 0 0 6 2 6 6 0 0 0 0 0 0 0 0 0 0 0 0 0 0 19 0 4 0 1 0 1 0 0 0 0 0 0 1 0 0 1 0 0 0 0 19 0 0 0 0 0 0 0 0 0 0 0 0 0 0 9 0 0 0 0 
 5 3 3 3 64 3 3 11 63 3 3 3 3 5 40 7 5 0 6 3 3 0 0 0 0 0 0 0 0 0 0 0 0 0 0 0 6 0 69 0 149 0 375 65 58 52 122 308 234 55 56 58 49 297 223 186 93 261 57 32 0 0 0 0 0 0 2 0 0 0 0 0 3 0 0 0 0 0 0 0 0 5 3 2 0 0 0 0 2 2 1 0 0 0 0 11 2 5 0 0 0 0 0 0 0 0 0 0 0 0 17 0 0 0 0 0 0 0 0 0 0 11 33 11 0 0 0 0 25 63 24 7 0 0 1 0 53 42 0 0 2 4 8 0 0 0 0 0 0 0 0 0 0 0 0 0 0 0 0 0 0 3 2 0 0 0 0 0 2 4 2 0 0 4 0 2 0 1 0 0 0 0 0 0 1 0 0 0 0 0 0 0 0 0 0 0 0 0 0 0 0 1 36 48 0 0 0 0 33 27 23 14 0 0 15 11 32 25 0 0 0 0 0 0 0 0 0 8 0 0 0 1 0 0 0 0 0 0 15 0 0 0 11 0 0 0 0 0 0 0 0 6 0 2 0 0 0 0 0 8 0 0 0 0 0 2 2 0 0 0 0 0 0 0 0 0 0 0 0 0 0 0 0 0 0 27 0 0 0 0 
 0 0 3 0 0 0 0 0 0 0 0 0 0 0 0 0 0 0 0 0 3 3 3 3 3 3 3 30 3 3 69 3 3 3 3 3 3 3 3 3 89 375 0 389 260 29 65 128 163 241 318 40 65 80 69 228 444 178 46 57 0 0 0 0 0 0 0 0 0 0 0 0 51 0 0 0 0 0 0 0 0 0 0 0 0 0 0 0 0 0 0 0 1 0 0 0 0 0 0 0 0 0 0 5 0 0 0 10 0 0 0 0 0 0 0 0 0 0 0 0 1 1 1 37 48 10 0 0 21 37 37 34 0 1 0 7 53 38 0 0 0 2 8 10 0 1 0 0 0 0 0 2 0 0 0 0 0 0 3 0 0 0 0 0 0 0 9 0 0 0 0 0 0 0 0 0 0 0 0 0 0 0 0 0 0 0 0 0 0 0 0 0 0 0 0 0 0 0 0 0 0 0 67 49 6 0 0 0 28 33 24 30 0 0 0 10 1 46 0 0 0 0 0 0 0 0 18 0 0 0 0 0 0 0 0 0 0 0 18 4 0 0 15 0 0 0 0 0 0 0 0 0 0 1 0 0 0 0 0 3 0 0 8 4 0 2 2 1 0 0 20 0 0 0 0 0 0 0 0 0 0 0 4 0 0 2 0 0 0 0 
 0 0 0 0 0 0 0 1 0 63 0 0 2 0 0 0 0 0 0 0 3 3 3 3 3 3 3 3 3 3 3 3 3 3 3 3 3 3 4 3 37 65 389 0 94 42 503 70 103 507 134 257 68 97 47 51 167 180 67 42 0 0 0 0 0 0 0 12 0 0 0 0 51 0 0 0 0 0 0 0 0 0 0 0 0 0 1 0 0 0 0 0 5 0 0 0 0 0 15 6 14 0 0 0 0 0 0 0 0 0 0 0 0 0 0 0 0 0 0 0 0 0 0 9 32 39 0 0 0 0 23 22 0 0 1 0 3 11 0 0 0 0 2 0 0 9 0 0 2 6 0 4 1 0 0 3 0 0 20 23 0 0 0 0 0 0 0 0 0 0 0 0 10 0 0 0 0 0 1 0 0 0 0 0 0 0 0 0 0 0 0 0 0 0 0 0 0 0 0 0 0 0 0 0 23 0 0 0 0 1 10 46 0 0 0 0 0 7 0 0 0 0 0 0 0 0 0 0 0 0 0 0 16 0 0 0 11 0 21 31 0 0 4 0 0 0 0 0 0 0 0 5 0 2 0 0 0 0 0 0 0 0 6 11 2 12 0 8 0 0 10 0 0 0 0 0 0 0 0 0 0 0 0 0 13 0 0 0 0 0 
 2 11 4 0 0 0 0 10 2 1 0 27 0 3 13 5 5 0 0 0 3 3 3 3 3 3 3 3 3 3 3 3 3 3 5 3 8 3 3 3 19 58 260 94 0 250 57 45 79 86 75 295 85 81 34 77 68 49 57 268 0 0 0 0 2 6 20 3 0 0 1 0 0 0 0 0 0 54 1 0 0 5 4 6 0 0 0 0 5 6 0 0 0 0 0 10 5 10 0 0 7 0 0 0 0 0 0 0 0 0 0 0 0 0 0 0 0 0 0 0 0 0 0 0 36 21 0 0 0 0 0 22 0 0 0 0 0 0 1 3 27 0 2 0 0 0 27 0 9 5 0 0 17 0 0 0 0 0 20 20 0 4 6 2 0 0 0 0 15 6 0 12 0 7 0 7 0 0 0 0 0 0 0 0 0 0 0 0 0 0 0 0 0 0 0 0 0 0 0 13 0 0 0 0 22 52 0 0 0 0 0 6 0 0 0 0 0 0 0 0 36 0 0 0 0 8 16 0 0 0 0 0 27 0 0 0 14 0 12 25 0 0 0 0 0 0 0 0 0 0 0 12 0 0 0 0 0 0 0 1 0 0 4 1 0 2 3 1 0 0 0 0 0 0 0 0 0 0 0 0 0 0 0 0 0 0 0 0 0 0 
 0 2 2 5 0 0 0 1 2 3 7 1 0 0 1 65 6 0 0 0 4 2 2 2 2 2 2 2 2 2 2 2 2 2 2 2 4 2 4 2 50 52 29 42 250 0 247 39 39 280 484 270 42 58 35 66 96 59 43 38 0 0 0 0 3 5 3 4 0 60 0 0 1 0 0 0 3 5 104 8 14 0 0 2 0 0 0 0 6 10 7 4 0 0 0 0 7 1 0 0 0 5 0 0 0 0 0 0 0 0 0 0 0 0 0 0 0 0 0 0 0 0 0 0 11 33 0 0 0 0 0 1 0 0 0 0 0 0 0 0 66 0 0 0 0 0 34 16 3 3 0 0 12 0 0 0 0 0 10 11 0 0 11 2 9 1 0 16 17 0 8 0 0 0 0 4 4 19 0 0 0 0 4 0 0 0 0 0 0 0 0 0 0 0 0 0 0 0 0 0 0 0 0 0 11 26 0 0 0 0 0 0 0 0 0 0 0 0 0 0 17 0 0 0 0 0 35 11 11 0 0 0 33 5 1 0 2 18 11 25 0 1 0 0 0 0 27 0 0 0 0 8 0 0 0 0 0 0 0 0 0 18 11 0 0 9 0 1 0 0 0 0 0 0 0 0 0 0 0 0 0 0 0 0 0 0 0 0 0 0 
 0 0 0 0 0 36 0 0 0 0 0 0 0 0 0 0 0 0 0 0 1 0 65 0 0 2 0 0 0 2 0 0 0 0 0 0 0 0 0 0 261 122 65 503 57 247 0 91 52 37 251 248 314 338 29 26 32 242 68 460 0 0 2 0 0 0 0 0 0 0 3 0 0 0 7 0 0 0 0 48 0 0 0 0 0 0 0 0 0 0 0 0 0 0 0 0 0 0 0 0 0 0 0 0 0 0 0 0 0 0 0 0 0 0 0 0 0 0 0 0 43 21 13 1 0 0 12 35 7 0 1 0 14 16 15 50 0 0 0 27 0 0 0 0 0 0 0 0 0 0 0 0 0 0 0 0 0 0 2 0 0 0 0 0 0 0 0 0 0 0 24 0 0 0 0 0 0 0 0 0 0 0 0 0 0 0 0 0 0 0 0 0 0 0 0 0 0 0 0 0 11 29 7 0 0 0 0 10 6 9 0 0 0 19 16 6 39 0 0 8 0 0 0 0 3 0 0 0 0 0 0 14 0 0 0 0 0 0 0 0 0 0 0 0 0 0 0 0 0 0 0 33 0 0 0 0 0 0 0 0 0 0 0 0 2 2 0 0 2 0 0 0 0 0 0 0 0 0 0 0 0 0 0 0 0 1 0 0 0 0 
 0 0 0 0 0 0 0 0 0 0 0 0 0 0 0 2 0 0 2 0 2 62 0 0 0 1 0 0 0 0 0 0 0 2 0 0 3 0 0 0 412 308 128 70 45 39 91 0 91 267 35 39 80 388 92 119 37 44 279 53 49 0 0 0 0 0 5 3 0 0 2 0 11 4 1 1 1 0 0 2 0 0 17 0 0 0 0 0 0 0 0 0 0 0 0 0 0 0 0 0 0 0 0 2 0 0 0 0 0 0 0 0 0 0 0 0 0 0 0 0 24 27 39 11 0 0 0 19 58 43 14 12 14 7 0 11 3 37 0 0 7 11 4 0 0 0 0 2 4 4 2 0 0 8 2 0 5 0 0 0 0 0 0 0 0 0 0 0 0 15 11 0 0 0 0 0 0 0 0 0 0 0 0 0 0 0 0 0 0 0 0 0 0 0 0 0 0 0 0 0 0 36 12 20 0 0 0 0 10 13 21 0 21 0 23 26 63 14 0 0 13 7 6 1 0 0 0 6 0 0 1 18 5 0 0 5 2 3 0 0 0 0 0 0 0 0 0 0 0 0 0 5 0 0 0 0 0 0 0 0 0 0 1 0 0 3 11 0 0 0 0 0 0 0 0 0 0 0 0 0 0 0 0 0 0 19 0 0 0 0 
 0 0 0 0 0 0 27 0 0 0 0 0 2 0 0 0 0 0 0 0 4 0 2 0 0 0 0 4 0 0 0 0 2 0 0 0 0 0 62 0 93 234 163 103 79 39 52 91 0 213 248 254 95 111 70 184 432 240 294 112 4 0 0 0 0 0 0 0 0 0 0 0 53 0 0 0 0 1 0 1 0 0 0 0 0 0 0 0 0 0 0 0 0 0 0 0 0 0 0 0 0 0 0 0 0 0 0 0 0 0 0 0 0 0 0 0 0 0 0 0 0 0 4 16 0 0 0 0 10 33 70 19 0 0 0 0 13 38 0 0 1 2 5 0 0 0 0 0 0 0 0 2 16 0 0 0 0 0 3 11 0 0 0 0 0 0 0 0 0 0 0 0 0 0 0 0 0 0 0 0 0 0 0 0 0 0 0 0 0 0 0 0 0 0 0 0 0 0 0 0 0 0 19 35 0 0 0 0 7 16 12 18 0 0 4 13 0 48 0 0 0 0 0 0 0 0 0 0 0 0 0 0 0 0 0 0 0 0 18 0 0 0 11 0 0 0 0 0 0 0 0 10 0 0 0 0 0 0 0 3 0 0 3 1 0 4 0 9 0 0 10 0 0 0 0 0 0 0 0 0 0 0 0 0 0 0 0 0 0 0 
 2 2 0 0 0 2 1 0 0 2 0 2 5 2 0 3 0 2 4 2 3 2 4 1 2 1 1 1 1 2 1 2 2 2 1 1 6 3 0 2 101 55 241 507 86 280 37 267 213 0 306 266 88 106 251 186 216 321 92 75 0 0 1 2 4 3 0 0 0 2 0 3 23 0 0 0 0 1 0 12 0 0 0 0 0 0 0 0 0 0 0 0 0 0 0 0 0 0 0 0 0 0 0 0 0 0 0 0 0 0 0 0 0 0 0 0 0 0 0 0 2 4 0 25 0 10 6 2 1 14 21 11 1 2 0 0 12 1 51 0 2 0 2 0 0 2 0 0 0 3 0 24 0 0 0 6 0 0 0 38 0 0 0 0 0 0 0 0 0 0 0 0 0 0 0 0 0 0 0 0 36 0 0 0 0 0 0 4 16 0 0 0 0 0 0 0 0 0 0 0 0 8 20 76 1 0 41 2 10 10 13 28 0 5 1 2 0 39 1 6 4 0 0 0 0 0 0 0 7 0 0 0 0 0 0 0 5 0 17 1 0 0 0 0 0 0 0 0 0 2 0 6 0 0 0 0 0 1 0 7 0 0 66 69 3 15 4 0 0 0 7 0 0 0 0 0 0 0 0 0 0 0 1 0 14 0 0 0 0 2 
 0 0 0 1 0 0 64 0 0 1 0 0 0 0 0 0 0 0 0 0 3 3 3 3 3 3 4 3 3 3 3 3 3 3 3 3 3 3 3 3 102 56 318 134 75 484 251 35 248 306 0 321 253 44 48 98 246 241 46 49 0 0 0 0 0 0 0 15 0 0 0 0 50 0 0 0 0 0 1 11 0 0 0 0 0 0 0 0 0 0 0 0 0 0 0 0 0 0 0 0 0 22 0 0 0 0 0 0 0 0 0 0 0 0 0 0 0 0 0 0 6 4 0 12 32 21 1 0 6 0 14 23 0 0 0 0 5 8 0 0 0 0 2 0 0 6 0 0 3 47 0 12 1 0 0 6 0 0 21 28 0 0 0 0 0 0 0 0 0 0 0 0 0 0 0 0 0 0 0 0 0 0 0 0 0 0 0 9 0 0 0 0 0 9 1 9 0 0 0 0 0 8 10 4 26 0 1 2 3 6 15 84 0 0 4 9 1 6 0 0 0 0 0 0 0 0 14 0 0 0 0 0 16 0 0 0 31 0 27 11 0 0 1 0 0 0 0 0 0 0 0 24 0 0 0 0 0 0 0 12 0 0 15 38 0 16 0 6 0 0 12 0 0 0 0 0 0 0 0 0 0 0 0 0 14 0 0 0 0 0 
 0 0 1 0 0 0 0 0 0 62 0 0 0 0 0 0 0 0 0 0 2 0 0 0 0 0 0 0 0 1 0 0 0 0 0 0 0 0 0 0 30 58 40 257 295 270 248 39 254 266 321 0 31 31 39 51 82 92 110 37 0 0 0 2 0 33 5 5 0 0 0 109 0 0 0 0 0 0 0 0 0 0 0 0 0 0 19 0 0 0 0 0 0 0 0 0 0 0 0 0 0 0 0 0 0 0 0 0 0 0 0 0 0 0 0 0 0 0 0 0 0 0 0 3 31 69 0 0 0 0 0 11 0 0 0 0 0 0 0 0 7 0 0 0 0 11 3 0 2 18 0 7 0 0 0 9 0 0 23 29 0 0 0 0 0 0 3 0 10 0 0 0 0 0 0 0 0 0 0 0 0 0 0 0 0 0 0 0 0 0 0 0 0 0 0 0 0 0 0 0 0 0 0 0 39 20 0 15 0 0 0 38 0 0 0 0 0 0 0 0 0 0 0 0 0 0 0 0 0 0 0 0 32 0 0 0 17 0 23 36 0 0 0 0 0 0 0 0 0 0 0 0 0 0 0 0 0 0 0 17 0 0 90 70 0 18 2 84 0 4 0 0 0 0 0 0 0 0 0 0 0 0 0 0 12 0 0 0 0 0 
 2 2 2 2 2 2 2 2 2 2 2 2 2 2 2 3 2 0 2 2 0 0 0 0 0 0 0 0 0 0 0 0 0 64 0 0 0 0 62 0 57 49 65 68 85 42 314 80 95 88 253 31 0 124 22 40 258 228 328 86 0 2 3 0 0 0 0 0 0 0 5 0 0 0 2 0 0 0 0 0 0 0 0 0 0 0 0 0 0 0 0 0 0 0 0 0 0 0 0 0 0 0 18 0 0 0 0 0 0 0 0 0 0 0 0 0 0 0 0 0 34 33 21 7 0 0 24 19 7 10 1 10 12 45 29 44 33 10 1 8 2 0 0 0 0 0 0 0 0 0 0 0 1 0 0 0 0 0 6 0 0 0 15 0 0 0 0 11 0 0 0 0 0 0 0 0 0 0 0 0 0 0 0 0 0 0 0 0 0 0 0 0 0 0 0 0 0 0 0 0 18 39 19 5 3 5 28 34 0 15 5 4 0 22 32 6 1 6 0 12 0 0 0 0 0 0 0 0 0 0 0 2 0 0 0 0 0 0 0 0 0 0 0 0 0 0 0 0 0 0 0 6 0 2 0 0 0 0 0 1 0 0 0 0 0 2 1 0 0 0 0 0 0 0 0 0 0 0 0 0 0 0 4 0 4 0 0 0 0 0 
 2 2 2 2 2 2 2 2 65 4 2 2 2 2 68 2 2 0 2 2 0 0 0 0 0 0 0 0 0 0 0 1 1 0 0 1 2 0 0 35 264 297 80 97 81 58 338 388 111 106 44 31 124 0 342 49 28 52 72 165 0 0 0 0 0 0 0 0 0 0 6 0 6 0 4 0 0 0 0 0 0 0 0 0 0 0 0 0 0 0 0 0 0 0 0 0 0 0 0 0 9 0 0 0 0 0 0 0 0 0 0 0 0 0 0 0 0 0 0 0 24 66 36 26 2 2 0 7 33 4 0 3 1 11 19 40 18 3 0 1 2 8 0 0 0 0 0 0 0 0 0 0 0 0 0 0 0 0 0 0 0 0 0 0 0 0 0 0 0 0 4 0 0 0 0 0 0 0 0 0 0 0 0 0 0 0 0 0 0 0 0 0 0 0 0 9 0 0 0 0 0 30 30 5 6 0 0 9 34 23 22 6 0 0 55 22 71 7 0 1 0 0 0 0 0 0 0 0 0 0 0 22 0 0 0 0 0 0 0 3 0 0 0 0 0 40 0 0 0 0 0 5 0 0 0 0 0 0 0 0 0 0 1 0 0 0 2 0 2 0 0 0 0 0 0 0 0 0 0 0 0 0 3 0 7 30 0 0 0 0 
 0 0 3 0 0 0 0 0 0 0 0 0 0 0 0 0 0 0 0 0 0 0 0 0 0 0 0 0 0 0 0 0 0 0 0 0 0 0 0 0 164 223 69 47 34 35 29 92 70 251 48 39 22 342 0 161 57 279 74 73 0 0 0 0 0 0 0 0 0 0 2 0 6 0 1 0 0 0 0 0 0 0 0 0 0 0 0 0 0 0 0 0 0 0 0 0 0 0 0 0 0 0 0 0 0 0 0 0 0 0 0 0 0 0 0 0 0 0 0 0 20 19 23 14 0 0 0 15 72 15 7 0 0 19 0 12 18 32 0 0 0 6 0 0 0 0 0 0 0 0 0 0 0 0 0 0 0 0 0 0 0 0 0 0 0 0 0 0 0 7 6 0 0 0 0 0 0 0 0 0 0 0 0 0 0 0 0 0 0 0 0 0 0 0 0 0 0 0 0 0 0 23 7 22 0 0 4 1 25 15 20 0 0 0 12 10 49 10 20 1 0 0 0 0 0 0 0 0 0 0 0 19 0 0 0 0 0 0 0 0 0 0 0 0 0 0 0 0 0 0 0 15 0 0 0 0 0 0 0 0 0 0 0 0 0 0 0 0 0 0 0 0 0 0 0 0 0 0 0 0 0 0 0 0 0 25 0 0 0 0 
 0 0 0 0 0 0 0 0 0 0 0 2 2 0 0 0 0 0 0 0 0 0 2 0 210 0 0 0 0 0 0 0 0 0 0 0 2 0 0 0 68 186 228 51 77 66 26 119 184 186 98 51 40 49 161 0 230 160 39 55 0 0 0 0 0 0 0 0 0 0 0 0 54 0 0 0 0 0 0 0 0 0 0 0 0 0 0 0 0 0 0 0 0 0 0 0 0 0 0 0 0 7 8 0 0 0 0 0 0 0 0 0 0 9 0 0 0 0 0 0 9 0 14 40 0 0 0 0 14 36 36 13 0 1 0 0 10 41 0 0 1 0 4 0 0 0 0 0 0 0 0 19 0 0 0 0 0 0 1 6 0 0 0 0 0 0 0 0 0 0 2 0 0 0 0 0 0 0 0 0 0 0 0 0 0 0 0 0 0 0 0 0 0 0 0 0 0 0 0 1 0 0 20 84 0 0 0 0 4 13 18 0 0 0 13 3 0 69 0 0 0 0 0 0 0 0 0 0 0 0 0 0 0 0 0 0 0 0 0 0 0 0 3 0 0 0 0 0 0 0 0 18 0 0 0 0 0 0 0 8 0 0 2 0 0 3 0 1 0 0 12 0 0 0 0 0 0 0 0 0 0 0 0 0 0 0 0 0 0 0 
 3 3 3 23 3 3 3 5 3 3 3 3 5 3 3 6 3 0 5 3 5 1 2 0 0 0 0 0 0 208 0 1 0 0 0 0 5 0 0 0 278 93 444 167 68 96 32 37 432 216 246 82 258 28 57 230 0 321 252 60 1 0 0 0 2 0 0 1 0 0 0 2 50 0 0 0 0 0 3 2 0 0 0 0 0 0 0 0 0 0 0 0 0 1 0 0 18 0 1 0 0 0 0 0 1 0 0 0 0 0 0 0 0 0 0 0 0 0 0 0 6 3 0 19 1 0 7 2 14 43 53 29 1 23 0 1 17 34 4 0 0 3 8 0 0 1 0 0 15 0 0 6 0 0 0 0 0 0 9 7 0 0 0 0 0 0 13 0 0 0 0 0 0 0 0 0 0 0 0 0 0 0 0 0 0 0 12 0 0 0 0 0 0 0 0 0 0 0 0 0 1 0 31 65 14 0 8 2 21 30 26 10 1 3 2 6 24 83 1 8 0 0 0 0 0 11 0 0 0 0 0 0 0 0 0 0 0 0 16 0 0 0 17 0 0 0 0 0 0 0 0 3 0 0 0 0 0 0 0 23 0 1 6 62 0 8 0 67 0 0 20 0 0 0 0 0 0 0 0 0 0 3 0 0 0 0 0 0 0 0 
 0 0 2 0 0 65 2 3 1 1 1 0 2 1 0 1 0 34 6 0 6 4 4 3 3 3 3 5 5 3 3 3 65 4 5 4 4 3 33 65 49 261 178 180 49 59 242 44 240 321 241 92 228 52 279 160 321 0 249 31 0 3 3 1 0 0 0 7 19 0 0 0 0 0 2 33 1 0 4 0 0 0 0 0 0 0 0 0 0 0 0 0 0 0 0 0 0 0 0 0 4 0 0 0 0 0 15 0 0 0 0 0 19 19 19 0 0 0 4 9 0 0 0 0 0 0 0 0 0 12 11 15 0 0 0 0 16 21 0 0 1 3 50 6 0 0 3 6 0 0 0 7 0 1 0 5 0 6 10 0 0 0 0 0 0 0 0 0 0 0 0 0 0 0 0 0 0 0 0 0 20 0 0 0 0 0 3 0 0 0 0 0 12 1 0 0 0 0 9 0 0 0 0 12 13 0 0 11 0 19 18 6 0 0 0 0 0 55 0 0 1 0 2 14 4 0 0 31 0 3 3 0 0 0 0 0 0 6 16 0 0 0 26 0 0 0 0 0 0 0 0 9 0 0 0 0 0 0 0 19 0 0 0 62 0 10 8 65 1 0 3 0 0 0 0 0 0 0 0 0 0 0 0 0 0 0 0 0 0 0 
 0 2 0 0 0 0 0 0 0 0 0 0 0 0 0 0 0 0 0 0 0 0 0 5 7 193 0 0 0 0 5 12 0 0 0 0 0 0 62 0 44 57 46 67 57 43 68 279 294 92 46 110 328 72 74 39 252 249 0 319 0 2 5 0 0 46 0 0 0 0 1 0 0 0 0 0 5 0 0 40 0 0 0 0 0 0 20 0 19 0 0 0 0 0 0 0 0 0 0 0 0 0 0 5 5 10 0 0 0 18 0 0 0 9 0 0 0 0 0 0 10 29 0 0 0 0 53 12 0 0 0 0 17 23 6 6 0 0 12 31 0 0 0 0 0 0 0 0 0 0 0 0 0 0 0 0 0 0 36 0 0 0 10 0 0 0 0 0 0 0 0 0 0 0 0 0 0 0 0 0 0 13 0 0 5 14 0 0 0 0 0 0 0 0 0 0 5 0 0 0 22 0 0 0 0 0 26 28 0 0 0 0 9 44 0 0 0 0 24 21 0 0 0 0 0 0 0 0 0 0 0 0 0 0 0 0 0 0 0 0 0 0 0 0 0 0 0 0 0 0 0 8 0 2 0 0 0 0 6 1 0 0 1 0 0 1 0 0 0 0 0 0 0 0 0 0 0 0 0 0 0 0 0 0 0 0 0 0 0 0 
 61 0 59 0 65 0 0 0 0 2 0 0 0 0 0 0 0 0 0 0 3 2 2 2 2 8 97 2 2 2 2 2 2 2 2 2 2 2 2 2 49 32 57 42 268 38 460 53 112 75 49 37 86 165 73 55 60 31 319 0 0 3 2 0 0 0 0 3 0 0 5 0 0 3 4 3 6 0 0 0 0 0 0 0 16 0 0 0 0 0 0 0 0 0 0 0 0 0 0 0 0 0 0 0 0 12 0 0 0 12 0 0 0 0 0 0 0 0 0 0 8 15 13 0 21 0 31 19 0 0 9 7 8 18 44 24 0 0 8 9 2 0 0 0 0 0 0 0 0 0 0 0 0 0 0 0 0 0 40 0 0 0 0 0 0 0 0 0 0 0 0 0 0 0 0 0 0 0 0 0 0 0 0 0 0 15 0 0 0 0 0 0 0 0 0 0 0 0 0 0 23 10 16 0 0 0 10 34 0 0 0 0 3 24 24 10 0 0 1 49 0 0 0 0 0 0 0 0 0 0 0 1 0 0 0 0 0 0 0 0 0 0 0 0 0 0 0 0 1 0 0 2 0 0 0 0 0 0 0 0 0 0 1 0 0 4 0 0 0 0 0 0 0 0 0 0 0 0 0 0 0 0 0 0 0 0 0 0 0 1 
 3 3 3 3 3 3 6 3 3 3 3 3 3 3 3 2 2 0 3 3 0 0 0 0 2 0 0 0 0 0 0 47 1 0 0 0 3 0 0 0 4 0 0 0 0 0 0 49 4 0 0 0 0 0 0 0 1 0 0 0 0 332 98 56 56 37 320 210 64 22 26 53 53 128 155 29 51 110 40 186 0 0 13 0 0 0 0 0 0 0 0 0 0 0 0 0 0 0 0 0 0 0 0 0 0 0 0 0 0 0 0 0 0 0 0 0 0 0 0 0 0 0 0 0 0 0 0 0 0 0 0 26 0 0 0 0 0 0 0 0 1 2 14 8 18 0 42 0 15 24 14 5 0 15 3 10 18 7 0 0 0 0 0 3 3 0 0 0 0 15 0 0 0 0 5 0 0 1 0 0 0 0 0 0 0 0 0 0 0 0 0 0 0 0 0 0 0 0 0 0 0 0 0 0 0 0 13 0 0 0 0 0 0 0 0 0 0 0 0 0 6 17 38 8 0 0 0 14 6 17 41 8 0 1 14 50 27 15 0 0 0 0 3 0 0 0 0 0 0 0 0 0 0 0 3 0 0 0 0 0 0 0 0 0 0 0 0 0 0 0 17 1 0 0 2 0 0 0 0 0 0 0 0 0 0 0 0 0 4 0 
 0 0 0 0 0 0 0 0 0 0 0 0 0 0 0 0 0 0 0 0 0 0 0 50 0 3 0 0 0 0 0 0 0 0 0 0 0 0 0 0 0 0 0 0 0 0 0 0 0 0 0 0 2 0 0 0 0 3 2 3 332 0 304 65 40 25 57 231 448 29 293 34 61 49 257 179 144 92 244 67 0 0 0 0 0 0 0 0 0 1 0 0 0 0 0 0 0 0 0 0 0 0 0 0 0 0 0 0 0 0 0 0 0 0 0 0 0 0 12 0 7 0 2 25 0 0 3 6 0 0 0 0 0 6 1 0 0 0 0 5 1 5 13 10 4 0 30 0 0 17 10 8 0 0 1 11 17 22 0 0 0 0 0 2 1 0 0 0 4 0 0 0 0 0 5 0 0 0 0 0 0 0 0 0 0 3 0 0 0 0 0 0 0 0 0 0 0 0 0 0 6 0 0 0 0 0 6 7 0 0 0 0 0 6 0 0 0 0 4 0 0 22 8 1 8 0 0 9 0 27 23 19 0 1 0 3 0 23 0 0 6 0 0 0 0 0 0 0 0 0 0 0 0 0 14 0 0 0 0 0 0 0 0 0 0 0 11 0 0 0 25 0 0 18 0 0 0 0 0 0 6 0 0 0 0 0 0 0 0 0 
