 0 224 79 64 39 30 584 320 67 347 335 40 56 132 354 43 356 225 56 162 0 0 0 2 0 0 0 2 0 2 0 0 2 74 0 0 0 0 1 0 0 2 0 0 0 0 5 0 0 2 3 0 0 0 0 0 0 3 0 0 0 0 0 2 3 0 0 0 3 3 1 0 3 0 0 2 0 0 0 0 32 38 11 0 0 32 0 30 28 30 0 8 0 20 23 21 24 33 0 16 0 0 0 0 1 0 0 0 0 0 0 2 0 0 0 0 0 0 0 0 0 0 0 0 0 0 0 0 0 1 0 0 5 0 0 0 8 1 0 2 0 0 0 0 0 0 0 0 0 0 0 0 0 0 0 0 0 0 1 2 31 33 10 10 0 0 19 27 10 0 0 0 0 30 27 44 2 0 1 12 4 0 1 0 0 0 0 1 0 0 0 0 0 0 0 0 0 0 23 0 19 0 0 0 0 0 0 2 0 0 2 0 0 0 0 0 0 2 0 0 0 0 0 0 0 2 0 0 0 0 0 0 0 0 0 0 0 0 0 0 0 0 0 0 0 2 0 0 0 1 2 15 0 0 0 0 0 0 0 0 0 7 0 0 0 0 0 0 0 0 0 0 0 1 0 0 12 0 0 0 0 0 0 0 0 0 0 0 0 0 
 224 0 358 58 105 59 62 436 353 52 50 62 57 88 479 625 225 272 64 73 0 0 0 0 0 0 0 6 0 6 0 0 0 0 39 0 0 0 2 0 0 2 0 0 0 0 4 0 63 2 3 0 0 0 0 75 0 4 0 1 0 0 0 3 1 0 0 0 3 41 0 0 3 0 0 38 0 0 0 0 0 28 68 20 2 0 0 0 33 67 7 28 2 0 10 21 70 63 0 0 0 0 1 1 0 0 0 0 0 0 0 0 0 0 0 0 0 0 0 2 32 0 0 0 0 17 2 0 0 0 0 0 0 0 0 0 0 0 0 0 23 0 0 0 0 0 0 5 0 0 0 0 0 0 0 0 0 0 0 0 15 14 45 8 0 0 20 12 22 35 25 1 0 0 11 25 29 64 0 5 0 0 0 2 0 0 0 0 2 0 0 0 0 0 0 0 0 0 0 0 0 1 0 0 0 0 0 0 0 0 0 1 0 0 0 0 0 0 0 0 0 0 0 0 0 0 0 0 0 0 0 12 0 0 0 0 1 0 1 0 0 0 0 0 0 0 4 1 0 2 2 6 0 0 0 0 0 0 0 0 0 0 0 0 0 0 0 0 0 0 0 0 0 0 0 0 16 1 0 0 0 0 0 0 0 0 0 0 0 0 
 79 358 0 320 35 177 151 131 265 396 50 31 69 51 78 337 305 340 49 53 3 0 1 0 0 0 0 4 0 3 3 0 33 5 2 0 0 2 18 0 0 2 2 0 0 0 2 2 0 2 3 1 0 0 0 3 0 3 0 0 0 0 0 3 2 3 3 0 3 33 0 0 3 0 0 6 0 0 0 0 0 0 41 0 1 0 0 0 24 10 6 23 0 0 1 33 45 41 0 0 2 0 0 0 1 0 0 0 0 0 0 2 2 0 0 0 0 0 0 1 0 0 0 0 0 0 0 0 0 1 0 0 0 0 0 0 0 0 0 2 0 0 0 0 0 0 0 0 0 0 0 0 12 0 0 0 0 0 2 1 0 0 2 11 0 0 0 0 22 21 16 10 6 18 0 48 27 39 0 0 0 0 0 0 0 0 33 0 0 0 0 0 0 0 0 2 0 0 0 0 0 0 0 17 0 0 0 0 0 0 2 0 0 0 0 0 0 2 0 0 0 0 0 0 0 0 0 0 0 0 0 0 0 0 0 0 0 0 0 0 0 0 0 0 0 3 5 0 3 1 0 8 0 0 0 0 0 0 0 0 0 0 15 0 0 0 0 0 0 0 0 0 0 0 0 2 14 21 0 0 0 0 0 0 0 0 0 0 0 0 
 64 58 320 0 91 63 61 56 68 490 167 401 68 62 61 65 225 620 729 272 0 2 0 0 1 0 0 2 1 0 0 37 0 0 0 0 2 0 1 0 0 2 4 0 0 62 0 0 0 2 3 0 0 0 0 0 0 3 0 65 0 0 0 28 0 1 0 0 2 0 0 0 1 0 16 3 0 0 0 0 2 0 25 31 46 1 0 0 6 9 42 26 0 0 0 44 12 6 0 0 0 0 0 0 0 0 2 0 0 0 0 0 1 0 0 0 0 0 11 25 0 0 0 0 0 0 0 0 0 0 0 0 0 0 0 0 0 0 0 0 2 0 2 0 0 0 1 0 0 0 0 15 6 2 0 0 0 0 2 0 0 0 18 19 24 30 0 0 0 43 9 35 0 0 2 0 17 24 0 0 0 0 0 0 0 0 0 19 0 0 0 0 0 0 0 0 0 0 44 11 0 0 0 0 0 0 0 0 0 0 0 0 0 0 1 0 0 0 0 0 0 0 0 0 0 0 0 0 0 1 0 0 1 0 0 0 0 0 0 0 0 9 0 0 0 2 5 2 0 131 1 11 11 0 0 0 0 0 1 0 0 0 15 0 0 0 0 0 0 0 0 0 0 0 0 28 0 16 0 0 0 0 0 0 0 2 0 0 0 0 
 39 105 35 91 0 639 60 544 65 181 93 385 68 75 93 69 38 42 79 65 0 0 0 0 2 0 0 5 0 0 2 3 0 0 0 3 5 0 0 0 2 2 0 2 0 1 0 0 2 2 3 0 0 0 3 3 0 5 0 1 0 2 3 3 1 0 0 0 5 0 0 0 1 3 31 2 0 0 51 1 0 0 1 2 37 80 0 0 0 1 11 25 1 0 0 3 2 0 0 0 0 0 2 1 0 10 0 0 0 0 10 0 11 0 0 0 0 0 72 51 0 0 0 0 0 0 0 0 0 0 0 0 0 0 0 0 0 0 0 0 0 0 0 0 0 0 0 0 0 0 0 0 0 0 0 0 0 0 2 0 0 0 1 41 42 29 0 0 0 3 19 1 0 0 0 0 0 1 0 0 14 0 0 19 0 0 15 0 0 0 0 0 13 2 0 0 1 0 9 50 0 2 0 0 0 0 0 0 0 0 0 0 0 0 0 0 0 0 0 0 15 0 0 0 0 0 0 0 2 0 0 0 0 0 0 0 2 0 0 0 0 0 0 0 0 1 3 0 0 14 0 2 0 0 0 0 0 0 0 0 0 0 0 0 0 0 0 0 1 0 0 0 0 0 0 1 0 0 0 0 0 0 0 0 0 0 0 0 0 0 
 30 59 177 63 639 0 39 28 52 61 65 49 39 51 262 66 39 41 45 66 0 0 0 0 2 0 3 2 0 0 1 0 16 0 0 7 3 0 267 0 0 5 5 0 0 0 3 127 0 2 3 0 0 0 0 0 0 6 0 3 2 0 2 3 3 3 3 0 3 0 0 5 4 2 5 3 1 3 0 0 0 0 0 0 0 40 0 0 0 17 0 11 0 0 0 0 0 0 0 0 11 2 0 0 0 0 2 0 0 0 2 0 56 0 15 0 0 0 43 29 0 0 0 0 0 2 0 0 2 0 15 0 0 0 0 0 0 0 0 0 0 0 0 0 1 0 0 16 0 0 0 0 0 4 0 0 0 0 1 0 0 0 0 0 3 8 0 2 0 0 8 0 0 0 0 0 0 0 0 14 26 1 0 0 0 0 27 46 0 0 0 0 31 34 0 0 1 0 55 33 0 0 0 0 0 0 0 0 0 0 0 0 0 0 0 0 0 0 0 0 0 0 0 0 0 0 2 0 0 0 0 0 0 0 0 0 0 0 1 0 0 0 0 0 0 1 4 2 4 4 0 12 0 0 0 0 0 0 2 0 0 0 0 0 0 0 0 0 0 0 0 0 0 0 0 0 0 0 0 0 0 0 0 0 0 0 0 0 0 0 
 584 62 151 61 60 39 0 178 46 36 37 109 468 416 121 21 32 34 77 282 2 0 0 0 0 0 0 2 0 0 3 1 0 0 2 0 6 0 2 0 0 2 0 0 3 0 0 0 0 2 6 1 0 3 0 2 1 3 0 0 0 0 0 3 3 0 0 0 3 6 1 0 3 0 0 2 0 0 0 0 43 24 0 2 0 0 44 56 0 1 0 0 3 26 35 1 0 1 11 24 0 0 1 2 0 0 0 0 0 0 0 0 11 0 0 0 0 0 0 1 0 0 0 0 0 0 0 0 0 0 0 0 0 0 0 1 0 0 0 0 0 0 0 0 0 0 0 0 0 0 0 1 0 0 0 0 0 0 2 11 37 37 0 0 0 0 38 27 1 2 0 0 0 51 19 43 0 1 6 5 0 0 0 0 0 0 2 0 0 0 0 0 0 0 0 0 0 0 0 0 0 0 0 0 0 0 0 0 0 0 0 0 0 0 0 0 0 0 0 0 0 0 0 0 0 0 0 0 0 0 0 0 0 0 0 0 1 0 0 0 0 14 20 0 0 0 0 0 0 0 0 9 0 0 0 0 0 0 0 44 0 0 0 0 0 0 0 0 0 0 0 0 0 0 0 0 0 0 0 0 0 0 0 0 0 0 0 0 0 0 
 320 436 131 56 544 28 178 0 171 133 47 52 115 439 150 50 40 38 53 54 0 0 1 0 0 0 2 2 0 0 0 0 2 0 0 1 0 0 31 0 0 2 0 0 0 0 5 0 0 2 3 39 0 0 0 0 0 3 0 0 0 0 0 3 0 0 0 0 2 53 0 0 1 0 1 3 0 0 0 0 1 50 24 0 1 0 0 31 38 41 0 0 0 11 13 10 34 12 0 1 2 2 0 0 0 10 12 0 0 0 0 0 1 0 0 0 0 0 0 0 0 0 0 0 0 0 0 0 2 0 0 0 0 0 18 0 0 0 0 0 0 0 0 0 0 0 0 0 0 0 0 0 0 0 0 0 0 0 2 0 27 26 2 10 0 0 0 37 29 0 2 0 0 0 25 8 17 16 0 4 0 0 0 0 0 0 0 0 0 0 0 0 0 0 0 2 0 0 0 0 0 0 0 0 0 0 0 0 0 0 0 0 0 0 0 0 0 7 0 0 0 0 0 0 0 2 2 0 0 0 0 0 0 0 2 0 0 1 0 0 0 0 0 0 0 0 0 0 0 2 0 14 0 0 0 0 0 0 0 0 0 0 1 0 0 0 0 0 0 0 0 0 0 0 0 0 0 0 0 0 0 0 0 0 0 0 0 0 0 0 
 67 353 265 68 65 52 46 171 0 408 42 25 85 68 196 306 331 285 103 86 0 0 0 0 0 2 0 2 4 0 0 0 2 0 1 0 0 2 1 0 0 2 0 0 0 0 4 0 0 2 3 0 0 0 0 0 0 3 0 0 0 0 0 5 0 0 0 0 2 52 0 0 2 0 0 4 0 0 2 0 0 0 44 9 11 0 0 0 43 41 10 20 0 0 0 30 44 27 9 0 0 0 0 17 0 0 0 0 1 0 0 0 0 0 0 0 0 0 2 0 0 0 0 0 0 0 0 1 0 0 0 0 0 0 0 0 0 0 0 0 0 0 0 0 0 0 7 0 0 0 0 0 18 0 0 0 0 0 2 0 0 10 43 20 0 0 0 13 24 32 17 14 0 0 0 14 37 38 0 0 0 0 0 0 0 0 0 0 0 0 0 0 0 0 0 0 0 0 0 0 0 0 0 0 0 0 0 0 0 0 0 0 0 0 0 0 0 0 0 0 0 17 0 2 0 0 0 0 0 0 0 0 18 0 0 1 0 0 0 1 0 0 0 0 0 0 1 0 1 2 0 11 0 0 0 0 0 0 0 0 13 0 0 0 0 0 0 0 0 0 0 0 0 0 0 61 12 15 0 0 0 0 0 0 0 0 0 0 0 0 
 347 52 396 490 181 61 36 133 408 0 454 45 272 290 176 475 490 153 49 298 0 0 0 6 0 0 0 2 0 0 0 0 2 0 0 0 2 3 4 0 0 5 0 3 2 34 6 0 3 3 3 2 0 2 0 43 0 3 26 3 0 0 0 3 2 0 0 0 3 0 3 0 3 0 37 10 0 1 0 0 0 0 27 53 20 0 0 0 6 12 51 30 0 0 0 50 35 42 0 0 0 0 0 0 0 0 0 0 0 1 0 0 0 0 0 0 0 0 1 2 0 0 0 0 0 0 0 0 0 0 0 0 0 0 0 0 0 0 0 0 0 0 0 0 0 0 4 0 2 0 0 13 15 0 0 0 0 0 1 0 0 0 39 1 13 9 0 1 1 40 36 38 0 0 0 21 30 37 0 0 0 0 0 0 0 0 0 0 1 0 0 0 0 0 0 0 0 0 35 1 0 0 0 0 0 0 0 0 0 0 0 1 0 0 0 0 0 0 0 0 0 0 0 0 0 0 0 0 2 0 0 0 0 0 0 0 14 0 0 0 0 9 0 0 0 2 177 0 0 232 0 11 10 0 0 0 0 0 0 0 0 0 11 0 0 0 0 0 0 0 0 0 0 0 0 48 14 18 0 0 0 0 0 0 0 0 0 0 0 0 
 335 50 50 167 93 65 37 47 42 454 0 446 25 37 284 93 247 432 40 76 1 0 4 0 5 0 92 2 2 0 73 0 1 7 1 2 0 3 1 0 0 2 0 0 3 0 0 0 0 2 8 0 0 0 0 3 4 3 0 0 0 0 0 3 1 4 4 0 6 4 4 0 3 0 1 4 0 0 0 3 0 0 26 19 96 0 0 1 6 9 32 26 0 0 1 48 12 22 0 1 2 2 0 0 0 0 0 0 0 0 0 0 1 28 0 0 0 0 19 23 0 0 0 0 0 0 0 0 2 0 0 0 9 0 0 0 6 0 0 0 0 0 0 0 0 0 0 0 0 13 0 0 1 0 0 0 0 0 2 0 0 0 9 27 28 12 0 0 4 8 16 55 0 0 1 3 15 15 0 0 0 0 0 0 0 0 0 0 0 0 0 0 0 0 0 2 0 0 42 11 0 0 0 0 0 0 21 0 0 0 0 0 0 0 0 0 0 0 0 0 0 0 0 0 0 0 2 0 0 0 0 0 0 0 2 0 0 1 0 0 0 5 0 0 0 1 55 0 0 107 0 14 14 0 2 0 0 0 0 0 0 0 15 0 0 0 0 0 0 0 0 0 0 0 0 26 0 14 0 0 0 0 0 0 0 0 0 0 0 0 
 40 62 31 401 385 49 109 52 25 45 446 0 39 39 53 115 61 55 31 31 1 0 0 0 0 0 0 2 1 0 0 0 0 0 0 0 0 0 0 0 0 2 0 0 0 0 0 0 0 2 3 0 0 0 0 0 0 3 0 0 0 0 0 3 2 0 0 0 3 0 0 2 3 0 8 2 0 0 0 0 0 0 0 32 53 10 0 0 0 0 52 26 0 0 0 3 0 1 0 0 0 0 0 0 0 0 0 0 0 16 0 0 14 0 0 0 0 2 25 24 0 0 0 0 0 0 0 0 0 0 0 0 0 0 0 0 0 0 2 0 0 18 0 21 0 0 0 0 0 0 0 0 0 1 0 1 0 0 1 0 0 0 31 18 29 23 0 0 0 0 10 13 0 0 0 1 0 0 0 0 0 0 0 0 0 0 0 0 0 0 0 0 0 0 0 0 10 0 42 14 0 0 0 2 0 0 0 0 0 0 0 0 0 0 0 0 0 0 0 0 1 0 0 0 0 0 0 0 0 0 1 0 0 0 0 0 0 0 0 0 0 11 0 0 0 2 178 0 0 179 0 7 10 0 0 0 0 0 0 0 0 0 0 0 0 0 0 0 0 0 0 0 0 0 0 15 0 0 0 0 0 0 0 0 0 0 0 0 0 0 
 56 57 69 68 68 39 468 115 85 272 25 39 0 83 54 78 51 247 845 619 2 0 0 0 0 0 0 2 0 0 0 0 2 0 1 0 0 6 1 0 0 2 79 0 0 0 0 0 0 2 3 12 0 0 0 0 0 3 0 0 0 0 0 2 3 0 0 0 3 0 1 0 3 0 0 2 0 0 0 0 63 13 2 0 0 0 46 24 0 0 0 0 104 42 13 0 0 0 47 32 0 1 0 0 0 0 0 0 0 0 0 0 0 0 0 0 0 0 0 0 0 0 0 0 0 0 0 0 1 0 0 0 0 0 0 0 0 0 0 0 0 0 0 0 0 0 0 0 0 0 0 7 0 0 0 0 0 0 2 0 18 8 0 0 10 0 28 0 0 0 0 0 0 39 16 39 0 0 26 8 0 2 0 0 1 0 0 0 0 0 0 0 0 0 0 1 0 0 0 0 0 0 0 0 1 0 0 0 0 0 0 0 0 0 0 0 0 0 0 0 0 0 0 0 0 0 0 0 0 0 0 0 0 0 1 0 0 2 0 0 0 0 0 0 0 2 2 0 2 2 0 0 0 0 0 0 0 0 0 0 0 0 0 0 0 0 0 0 0 0 0 0 0 0 0 0 0 0 0 0 0 0 0 0 0 0 0 0 0 0 
 132 88 51 62 75 51 416 439 68 290 37 39 83 0 447 44 67 40 112 204 0 0 1 0 0 0 2 3 0 0 0 0 0 0 0 0 0 0 1 2 0 2 0 0 0 0 4 0 0 2 3 0 0 0 45 0 0 3 0 0 0 0 0 3 2 0 0 0 3 4 0 0 3 0 0 2 0 0 0 0 71 56 0 0 0 0 10 51 41 31 0 0 0 32 28 9 15 1 6 7 0 0 0 0 0 0 0 0 0 0 0 0 0 0 0 0 0 0 0 0 0 0 0 0 0 0 1 0 1 0 0 2 0 0 0 0 0 16 0 0 0 0 0 0 0 0 0 0 0 0 2 1 0 0 0 0 0 0 2 0 38 25 12 0 0 0 27 28 0 0 1 0 0 25 18 8 4 0 0 20 1 0 4 0 0 0 0 0 68 1 1 0 0 0 0 0 0 0 0 0 0 0 0 0 11 0 0 0 2 0 20 0 0 0 0 0 0 0 0 0 0 2 0 0 0 0 0 0 29 0 0 0 0 0 0 0 16 0 0 0 0 0 0 0 2 0 1 3 2 1 1 6 0 2 0 0 0 0 0 0 0 0 0 0 0 0 0 0 0 1 0 0 0 0 0 0 0 0 0 0 0 0 0 0 0 0 0 0 0 0 
 354 479 78 61 93 262 121 150 196 176 284 53 54 447 0 97 41 65 71 126 0 76 0 0 5 0 0 2 0 73 0 0 0 0 2 77 0 3 2 0 0 2 0 0 2 0 5 0 0 2 3 4 3 6 0 0 0 3 0 0 0 0 0 3 0 0 0 47 2 52 0 0 2 0 0 2 0 0 0 0 2 40 77 0 0 1 0 33 35 35 0 0 0 12 23 10 29 10 0 0 0 0 0 0 0 0 0 0 0 0 0 0 0 0 0 0 0 0 13 0 0 0 2 0 0 0 0 0 0 0 0 0 1 0 0 0 1 0 0 0 0 0 0 1 1 1 0 2 0 0 0 0 0 0 0 0 0 0 2 0 29 25 6 17 0 0 0 52 28 0 1 0 0 0 26 6 20 62 1 6 0 0 0 0 0 1 0 0 0 0 0 0 0 0 0 0 0 0 2 0 0 0 0 0 0 0 0 0 0 0 0 0 0 0 0 0 0 0 0 0 2 0 0 0 0 0 0 0 0 0 2 0 0 0 0 0 0 0 0 0 0 0 0 0 0 0 0 33 0 0 0 5 3 0 0 0 0 0 0 0 0 0 0 0 0 0 0 0 0 0 0 0 0 0 0 0 0 0 0 0 0 0 0 0 0 0 0 10 0 0 
 43 625 337 65 69 66 21 50 306 475 93 115 78 44 97 0 352 370 61 69 206 0 0 0 0 0 0 2 2 0 0 1 0 0 0 0 0 0 2 36 0 2 0 0 0 0 2 0 0 2 3 0 0 0 0 0 0 3 0 0 0 0 0 2 3 0 0 0 3 33 1 0 3 0 0 7 0 0 0 0 0 0 59 16 11 0 0 1 37 25 33 27 0 0 3 31 60 56 0 0 0 0 0 0 0 0 0 0 0 0 0 0 1 0 0 0 0 0 0 1 0 0 0 0 0 0 0 0 0 0 0 0 0 0 0 0 0 0 0 0 0 0 0 10 0 0 0 0 0 0 0 0 12 0 0 0 0 0 2 0 1 11 17 22 0 0 0 28 34 36 17 34 0 0 0 21 45 51 0 0 0 0 0 0 0 0 0 1 0 0 0 0 0 0 0 0 0 0 0 0 0 0 0 12 0 0 0 0 0 0 0 0 0 0 0 0 0 0 0 0 0 0 0 0 0 0 0 0 0 0 0 0 0 0 0 0 0 0 0 0 0 0 0 0 0 2 3 1 1 3 0 6 1 0 0 0 0 0 0 0 1 0 17 0 0 0 0 0 0 0 0 0 0 0 0 32 14 22 0 0 12 0 0 0 0 0 0 0 0 0 
 356 225 305 225 38 39 32 40 331 490 247 61 51 67 41 352 0 322 30 117 0 0 1 0 0 0 0 2 0 0 0 0 0 1 0 0 0 0 2 0 0 2 0 0 0 0 0 0 0 2 3 1 0 0 0 0 0 66 0 0 0 0 0 3 0 0 0 0 2 0 0 0 2 0 0 4 0 0 0 0 1 0 34 30 28 0 0 0 32 20 29 35 0 2 11 29 60 44 0 0 0 0 0 0 0 0 0 1 0 0 0 0 0 0 0 0 0 0 0 0 0 0 0 3 0 0 0 0 0 0 0 0 0 17 0 0 0 0 0 0 2 0 1 0 0 0 2 0 0 0 0 0 18 2 0 0 0 2 1 0 0 9 32 10 47 0 0 23 16 28 22 42 0 0 3 18 41 52 0 0 0 0 0 0 0 0 0 0 0 0 0 0 0 0 0 0 6 0 15 0 0 0 0 0 0 0 0 0 0 0 0 0 0 0 1 0 0 0 0 0 0 0 0 0 0 0 0 0 0 0 0 0 2 0 0 0 0 0 0 0 0 0 0 0 0 0 87 0 0 89 0 3 0 0 0 0 0 0 0 0 0 0 14 0 0 0 0 0 0 0 0 0 0 23 0 86 15 47 0 0 0 0 0 0 0 1 0 0 0 0 
 225 272 340 620 42 41 34 38 285 153 432 55 247 40 65 370 322 0 24 47 0 0 0 0 0 0 0 2 0 0 0 0 0 0 0 0 0 0 1 1 0 2 0 0 0 0 0 0 0 2 3 0 0 0 0 0 0 3 0 0 0 0 0 3 2 0 0 0 3 0 0 0 3 0 0 6 0 0 0 0 0 9 22 62 17 0 0 0 10 3 49 36 0 0 0 35 17 31 0 0 0 0 0 0 2 0 0 0 0 0 0 1 0 0 0 0 0 31 1 1 0 0 0 2 0 0 0 0 0 2 0 0 0 0 0 0 0 2 0 1 0 0 0 0 0 0 0 0 0 0 0 2 9 19 0 0 0 0 0 1 0 0 43 1 9 32 0 2 0 36 33 36 0 1 0 16 31 40 0 0 0 0 2 0 0 19 0 2 0 0 0 0 0 0 0 0 0 0 39 1 2 0 0 0 0 0 0 1 0 0 1 0 0 0 0 0 0 0 0 0 0 0 0 0 0 1 0 0 0 0 0 0 0 0 0 0 0 0 0 0 0 11 0 0 0 0 172 3 0 199 0 12 10 0 0 0 0 0 0 0 0 0 14 0 0 0 0 0 0 0 0 0 0 2 0 38 15 14 0 0 0 0 0 0 0 0 0 0 0 11 
 56 64 49 729 79 45 77 53 103 49 40 31 845 112 71 61 30 24 0 273 0 0 0 1 87 0 0 2 0 0 35 45 0 0 0 0 0 0 2 0 0 2 0 0 0 0 0 0 3 2 3 3 0 55 0 0 0 4 0 0 0 0 0 3 3 0 0 0 3 6 0 0 8 0 0 2 0 0 0 0 10 0 0 0 0 0 30 0 0 0 0 0 38 0 11 0 0 0 10 21 0 0 0 0 0 0 0 0 0 0 0 0 0 13 0 0 0 0 0 11 0 0 0 0 0 0 0 0 0 0 0 0 0 0 0 0 0 2 0 0 0 0 0 0 0 0 0 0 0 0 0 0 0 0 0 0 0 0 0 0 0 0 0 0 0 0 24 0 0 0 0 0 10 0 0 0 0 0 6 19 0 0 0 0 0 0 0 0 0 0 0 0 0 0 0 0 0 0 0 0 0 0 0 0 0 0 6 0 0 0 0 0 0 0 0 0 0 0 0 0 0 0 0 0 0 0 0 0 0 0 9 0 0 0 0 0 0 0 0 0 0 0 0 0 0 5 0 0 1 1 0 7 0 0 0 0 0 0 0 0 0 0 0 0 0 0 0 0 0 0 0 0 0 0 0 0 0 0 0 0 0 0 0 0 0 0 0 0 0 1 
 162 73 53 272 65 66 282 54 86 298 76 31 619 204 126 69 117 47 273 0 0 0 0 0 0 0 0 2 0 0 0 0 0 0 0 0 0 0 1 2 0 2 0 0 33 0 0 0 1 2 3 1 0 2 0 0 0 3 0 0 0 0 0 3 2 0 0 0 3 0 0 0 3 0 0 2 0 0 0 0 28 18 0 0 0 0 31 32 0 0 0 0 19 22 20 0 0 0 30 11 0 0 0 0 0 0 2 12 0 0 0 0 0 0 0 0 0 0 0 0 0 0 0 0 0 0 0 0 0 0 0 0 0 0 0 0 0 0 0 0 2 0 2 0 0 0 1 0 0 0 22 0 8 1 0 0 0 0 2 0 34 7 0 0 0 2 52 19 0 5 1 0 6 48 3 0 0 0 29 16 0 0 0 0 0 0 0 0 0 0 0 0 0 0 0 0 0 0 0 0 0 0 0 0 0 0 0 0 0 0 0 0 0 0 0 0 0 0 0 0 0 0 0 0 0 0 0 0 0 1 0 0 1 0 0 0 0 0 0 0 0 0 0 0 0 2 0 0 1 2 3 8 87 0 0 0 0 0 0 1 0 0 0 0 0 0 1 0 0 0 0 0 6 0 0 0 0 0 0 0 0 0 0 0 22 2 0 0 0 0 
 0 0 3 0 0 0 2 0 0 0 1 1 2 0 0 206 0 0 0 0 0 165 87 63 27 38 415 408 58 28 23 291 46 182 469 31 37 47 70 126 6 0 0 0 3 19 0 0 0 0 16 1 0 0 0 4 0 0 0 0 1 0 0 0 0 0 32 0 0 0 0 0 0 0 0 0 52 0 4 0 7 0 0 0 0 0 0 0 0 0 0 0 14 0 0 0 0 0 15 0 12 34 10 2 2 0 15 39 39 3 19 0 0 70 60 17 0 18 0 0 0 0 0 0 0 0 0 0 7 0 0 0 0 0 0 0 0 0 0 0 0 0 0 0 0 0 10 0 0 0 0 0 0 1 0 7 0 0 0 0 7 0 0 0 0 0 0 0 0 0 0 0 0 0 0 0 0 0 0 0 9 68 19 0 0 0 12 28 21 2 14 3 28 11 69 45 9 11 0 0 0 0 0 0 0 0 0 0 0 0 0 0 13 0 0 0 0 0 0 0 0 0 0 0 0 0 0 0 0 0 0 0 0 0 0 0 0 0 0 0 0 0 0 0 0 0 3 0 0 0 0 0 0 0 2 0 4 0 0 1 2 0 0 0 0 65 1 0 0 0 0 0 0 0 0 0 0 0 0 0 0 1 0 0 0 13 0 0 0 0 
 0 0 0 2 0 0 0 0 0 0 0 0 0 0 76 0 0 0 0 0 165 0 321 288 98 53 72 371 205 29 47 23 75 151 340 231 286 45 40 38 0 0 0 0 3 0 3 0 0 0 4 23 0 0 0 0 0 0 0 0 2 2 0 3 0 3 0 0 0 0 0 0 0 6 0 0 0 41 0 0 0 0 0 31 0 0 0 0 0 0 0 0 0 0 0 0 0 0 0 0 0 31 35 26 0 1 0 0 49 36 19 15 0 31 0 39 69 20 16 0 0 0 0 0 0 0 5 0 0 0 0 0 0 0 0 0 0 0 0 0 0 0 0 0 0 0 0 0 0 0 9 0 0 0 0 1 0 0 1 0 0 0 0 0 0 0 0 0 0 0 0 0 0 0 0 0 0 0 11 0 0 11 30 55 18 0 9 10 41 17 34 47 0 0 26 35 24 38 0 0 0 0 0 0 0 0 0 0 0 0 0 0 0 0 0 0 0 0 0 0 32 0 0 0 0 0 0 0 0 0 0 0 0 0 0 0 0 0 0 0 0 0 0 0 0 0 0 0 0 0 0 0 75 0 5 0 0 0 0 0 11 8 0 0 0 0 13 0 0 0 0 0 0 0 0 0 0 0 0 0 0 1 0 0 0 0 59 3 0 0 
 0 0 1 0 0 0 0 1 0 0 4 0 0 1 0 0 1 0 0 0 87 321 0 99 42 494 82 107 245 401 57 34 71 374 131 220 172 334 86 44 0 3 1 68 6 2 8 0 2 0 3 3 0 0 2 0 2 0 0 0 5 35 0 3 0 3 0 0 0 0 0 0 0 4 0 8 0 0 0 0 0 0 0 0 2 0 0 0 0 0 0 0 0 0 0 0 15 26 0 0 0 12 52 43 36 1 0 0 20 79 46 13 0 0 0 10 46 42 0 0 0 0 2 0 0 0 0 0 0 0 0 0 0 0 0 0 0 0 0 0 0 0 0 0 0 0 0 0 0 0 0 0 2 0 0 30 4 0 2 0 0 2 0 0 0 0 0 0 0 0 0 0 0 0 9 0 0 1 8 0 0 1 32 56 14 0 0 0 48 73 42 78 0 0 43 20 38 8 0 0 0 0 0 0 0 2 0 0 0 0 0 0 0 0 0 0 0 0 2 0 0 0 7 0 0 0 0 0 0 0 0 0 0 0 0 0 0 0 0 0 0 0 9 0 0 0 0 0 0 0 0 0 0 0 5 2 0 5 5 0 6 13 0 0 0 0 19 0 0 0 0 0 0 0 0 0 0 22 0 0 0 27 0 2 2 0 10 0 0 0 
 2 0 0 0 0 0 0 0 0 6 0 0 0 0 0 0 0 0 1 0 63 288 99 0 76 51 92 68 88 378 183 381 285 93 101 39 60 590 83 53 0 0 5 0 6 0 0 38 0 0 3 0 0 0 0 0 0 27 1 0 0 0 0 0 0 0 0 0 3 0 0 0 0 0 0 0 0 0 0 0 0 0 0 0 0 20 0 0 0 0 0 0 0 0 0 0 0 0 0 0 2 2 0 11 41 57 0 0 0 0 28 25 0 0 0 0 3 1 0 13 0 0 0 0 0 0 0 0 0 0 0 0 31 0 0 0 1 0 1 29 8 0 0 1 0 2 0 0 0 0 0 0 0 0 0 0 4 0 2 0 0 0 14 0 11 2 7 0 0 1 0 0 18 0 0 0 0 0 0 0 0 0 9 8 12 1 0 0 0 38 0 12 0 1 0 0 26 11 0 0 0 0 0 0 0 0 1 0 0 0 0 0 0 28 0 0 0 0 0 9 0 0 0 0 0 2 0 0 12 18 0 0 0 0 0 0 0 0 0 0 0 0 9 0 0 0 0 0 0 0 0 0 0 0 0 4 2 72 76 0 3 0 0 0 0 0 0 0 0 0 0 1 0 0 0 0 0 0 0 0 0 27 0 0 0 0 0 0 0 0 
 0 0 0 1 2 2 0 0 0 0 5 0 0 0 5 0 0 0 87 0 27 98 42 76 0 415 44 87 316 93 284 338 90 78 90 58 51 56 59 61 3 0 15 0 6 2 3 0 1 0 3 2 0 3 0 0 0 1 0 3 0 0 0 5 0 3 0 0 5 0 0 0 3 0 0 0 0 0 2 3 0 0 0 0 0 0 0 0 0 0 0 0 0 0 0 0 0 0 0 0 0 0 0 0 40 30 0 0 0 0 1 44 0 0 0 0 0 0 0 0 0 1 0 0 0 0 19 0 0 10 0 0 105 34 0 0 0 0 26 49 4 0 0 13 0 0 0 0 0 0 0 0 0 0 0 0 3 0 2 0 0 0 0 0 5 0 5 0 0 0 0 0 0 0 0 0 0 0 0 0 0 0 0 0 21 82 21 0 0 0 0 0 27 0 0 0 0 18 0 0 12 0 0 0 0 0 36 0 0 0 0 0 49 0 3 0 0 0 79 48 0 0 0 0 0 0 0 0 0 0 0 0 0 0 0 0 0 0 0 0 0 0 0 0 0 0 0 0 0 0 0 0 0 0 0 0 4 4 26 9 0 0 0 0 0 0 0 0 0 0 0 0 0 0 0 0 0 0 0 0 0 0 0 0 0 0 0 0 0 0 
 0 0 0 0 0 0 0 0 2 0 0 0 0 0 0 0 0 0 0 0 38 53 494 51 415 0 93 36 40 56 73 39 260 46 47 66 86 51 545 71 0 0 1 0 3 0 3 0 0 0 3 0 0 0 0 0 0 32 193 6 27 0 0 3 0 2 0 0 4 1 0 0 0 0 0 0 0 0 0 0 0 0 0 0 0 0 2 0 0 0 0 0 0 0 0 0 0 0 0 0 0 0 0 0 1 1 0 0 0 0 0 0 0 0 0 0 0 10 0 0 4 5 1 14 0 0 31 0 0 0 0 0 65 17 1 1 0 0 37 20 0 0 1 4 0 0 0 0 0 0 0 0 0 0 0 0 0 0 1 1 0 0 0 0 0 0 0 0 0 0 0 0 0 0 0 0 0 0 0 0 11 0 0 1 24 115 0 0 0 0 0 0 0 0 0 0 0 0 0 0 10 0 0 0 2 0 26 1 0 0 0 0 59 15 27 0 0 0 85 37 0 10 0 0 1 16 0 0 0 0 0 0 0 0 0 0 0 0 0 0 0 0 0 0 0 0 0 0 0 0 0 0 0 0 4 0 6 3 5 0 10 4 0 0 0 0 0 0 0 0 0 0 0 0 0 0 2 0 0 0 0 0 0 0 0 0 0 0 0 0 
 0 0 0 0 0 3 0 2 0 0 92 0 0 2 0 0 0 0 0 0 415 72 82 92 44 93 0 70 89 43 64 248 427 520 49 36 48 193 89 300 4 0 0 0 3 0 3 0 0 0 6 2 0 1 0 0 0 0 0 0 0 0 0 3 0 2 0 0 0 0 0 0 0 0 0 0 0 0 0 0 0 0 0 0 0 1 1 0 0 0 0 0 0 0 0 0 0 0 0 1 46 25 0 0 0 0 47 30 14 1 0 0 6 36 33 23 0 11 0 0 0 0 0 0 0 0 0 0 0 0 0 0 0 0 0 0 0 0 7 0 0 0 1 0 0 0 0 1 0 17 0 0 0 0 0 0 0 0 2 1 4 18 0 2 0 0 0 0 0 0 0 0 0 0 0 0 0 0 0 0 26 46 0 0 0 0 16 26 9 1 0 0 22 23 30 36 0 0 12 0 0 0 0 0 0 0 25 2 0 0 0 0 0 0 0 0 0 0 0 0 0 0 0 0 2 0 0 0 0 0 0 0 0 0 0 0 0 0 0 0 0 0 0 0 0 0 0 0 0 0 0 0 0 0 4 0 2 0 0 1 1 1 0 0 0 0 0 0 0 0 0 0 0 0 0 0 1 0 0 0 0 0 0 0 0 0 0 0 0 0 
 2 6 4 2 5 2 2 2 2 2 2 2 2 3 2 2 2 2 2 2 408 371 107 68 87 36 70 0 200 476 70 35 81 720 339 165 28 41 61 51 1 0 0 0 3 0 4 0 0 0 11 4 0 0 1 1 0 1 0 0 5 4 0 2 0 3 3 0 0 0 0 0 0 7 0 0 0 0 0 0 0 0 0 0 0 0 0 0 0 1 1 0 0 0 0 16 0 0 0 0 1 12 13 16 0 0 3 11 55 45 36 1 0 48 12 21 52 23 0 0 0 0 0 0 0 16 0 0 0 0 0 0 0 0 0 0 0 0 0 0 0 0 0 0 0 0 0 0 1 0 0 0 0 0 0 5 0 0 2 0 18 0 0 0 0 17 0 0 0 0 0 0 0 0 0 1 0 0 6 0 0 21 15 30 0 2 9 25 60 20 20 35 1 15 64 31 22 17 1 2 0 0 0 0 0 0 0 0 0 9 0 0 0 0 0 0 0 0 0 0 0 0 0 0 0 0 0 0 0 0 2 0 0 0 0 0 0 0 15 0 0 0 0 0 0 0 0 0 0 0 0 0 0 0 3 0 4 2 0 0 4 15 0 0 0 0 20 0 0 0 0 0 0 0 0 0 0 0 0 0 0 1 0 0 0 0 15 0 0 0 
 0 0 0 1 0 0 0 0 4 0 2 1 0 0 0 2 0 0 0 0 58 205 245 88 316 40 89 200 0 318 61 29 69 151 265 192 187 265 49 30 0 2 0 0 3 0 3 0 0 0 5 0 0 0 0 2 1 3 0 0 58 7 0 2 0 5 2 0 1 2 36 15 0 4 3 0 3 0 0 0 0 0 0 0 0 0 0 0 0 0 0 0 0 0 0 0 0 0 0 29 0 19 51 35 11 4 0 0 20 53 34 13 0 0 0 9 45 18 0 0 0 0 0 0 0 0 0 0 0 0 0 0 0 0 0 0 0 0 0 0 0 0 0 0 0 0 0 0 0 0 0 0 0 0 0 0 0 0 2 0 0 0 0 0 2 0 1 0 0 0 0 0 0 0 0 0 0 0 8 0 0 29 18 72 11 0 0 6 29 20 69 71 0 0 25 27 80 8 0 0 9 0 0 0 0 0 0 0 15 0 0 0 0 0 0 0 0 0 0 0 0 0 0 0 0 0 0 0 0 9 0 0 0 0 0 0 0 0 0 0 0 0 0 0 0 0 0 0 0 0 0 0 0 0 3 0 0 14 1 0 18 12 0 0 0 0 34 0 0 0 0 0 0 0 0 0 0 0 0 0 0 8 0 0 0 0 11 0 0 0 
 2 6 3 0 0 0 0 0 0 0 0 0 0 0 73 0 0 0 0 0 28 29 401 378 93 56 43 476 318 0 447 57 33 74 71 325 446 142 45 56 0 0 0 0 67 0 3 0 1 0 5 0 0 0 0 0 2 0 0 0 0 0 0 3 1 3 0 0 55 0 0 2 0 2 0 0 0 3 0 0 0 0 0 0 0 0 0 0 0 0 0 0 0 0 0 0 0 0 0 0 2 16 33 38 12 31 0 0 0 12 13 22 0 0 0 17 22 32 0 0 0 0 0 0 0 0 0 0 0 0 0 0 0 0 0 14 0 2 0 0 21 0 0 0 0 0 0 0 0 0 0 1 0 0 0 0 0 0 1 0 0 0 0 0 6 0 28 11 0 1 0 0 9 0 37 0 0 0 3 0 0 0 8 21 24 0 0 0 12 41 24 27 0 0 0 0 24 32 0 0 0 0 2 0 0 0 0 0 0 0 0 0 0 0 0 0 0 0 0 0 0 0 0 0 0 0 0 0 0 6 0 0 0 0 0 0 0 2 0 0 0 0 8 0 0 0 0 0 0 0 0 0 0 0 1 0 2 153 152 2 19 0 0 0 0 0 0 0 0 0 0 0 0 0 0 0 0 0 0 0 0 14 0 0 0 0 0 0 0 0 
 0 0 3 0 2 1 3 0 0 0 73 0 0 0 0 0 0 0 35 0 23 47 57 183 284 73 64 70 61 447 0 371 102 40 272 288 118 612 265 61 2 0 7 0 3 0 3 0 0 0 3 0 0 1 0 0 0 0 0 0 0 0 0 2 0 5 0 0 0 0 0 0 0 0 0 0 50 0 0 5 0 0 0 0 0 0 2 0 0 0 0 0 0 0 0 0 0 0 0 0 0 6 1 9 51 64 0 0 0 0 15 46 0 0 0 0 6 15 0 0 0 0 0 0 0 0 0 0 0 0 0 0 12 0 0 0 0 0 1 17 3 0 0 0 0 0 0 0 0 0 0 0 0 0 0 0 2 0 1 2 0 0 0 0 11 0 12 0 0 0 0 0 0 0 0 0 0 0 0 0 0 0 9 3 9 0 0 0 0 12 7 15 0 0 0 0 30 24 0 0 0 0 0 0 2 0 2 0 0 0 0 0 1 0 0 0 0 0 0 0 0 0 0 0 1 0 0 0 0 0 0 0 0 0 0 0 0 0 0 0 0 0 9 0 0 0 0 0 0 0 0 0 0 0 2 2 0 42 13 1 4 0 0 0 0 0 0 0 0 0 0 0 0 0 0 0 2 0 0 0 0 24 0 0 0 0 0 0 0 0 
 0 0 0 37 3 0 1 0 0 0 0 0 0 0 0 1 0 0 45 0 291 23 34 381 338 39 248 35 29 57 371 0 243 26 38 36 305 52 56 261 0 0 5 0 3 0 3 0 0 0 3 0 0 0 0 0 1 0 0 0 1 1 0 3 0 3 0 0 1 0 0 0 0 0 0 0 0 0 0 0 0 0 0 0 0 0 0 0 0 0 0 0 13 0 0 0 1 0 0 0 0 0 0 13 22 45 0 0 0 0 12 50 0 0 0 0 0 12 0 0 0 0 0 0 0 0 1 0 0 0 6 0 19 0 0 0 0 0 34 42 3 0 0 6 0 0 0 0 0 0 0 0 0 0 0 0 5 0 0 0 0 0 0 0 9 0 11 0 0 0 0 0 0 0 0 0 0 0 0 0 0 0 1 9 25 41 0 0 1 0 0 1 0 0 0 1 3 28 0 0 0 0 0 0 0 0 19 0 0 9 0 0 0 0 0 0 0 0 7 27 0 0 0 0 0 0 0 16 0 0 0 0 0 0 0 0 0 0 0 0 0 0 0 0 0 0 0 0 0 0 0 0 0 0 6 8 0 147 150 2 0 2 0 0 0 0 0 0 0 0 0 0 0 0 0 0 0 0 0 0 0 0 0 0 0 0 1 0 0 0 
 2 0 33 0 0 16 0 2 2 2 1 0 2 0 0 0 0 0 0 0 46 75 71 285 90 260 427 81 69 33 102 243 0 120 226 265 36 39 340 373 10 0 0 0 3 0 3 0 0 0 4 0 0 0 0 0 0 0 0 1 0 0 0 3 0 3 0 0 0 0 0 0 0 0 0 0 0 0 0 0 0 0 0 0 0 11 0 0 0 0 0 0 0 2 0 0 0 0 0 0 38 25 0 0 0 0 38 34 2 0 0 0 32 13 82 18 0 0 0 0 0 0 0 0 0 0 0 0 0 0 0 0 0 0 0 0 3 0 9 0 0 0 0 0 0 0 0 4 0 0 0 0 0 1 0 0 0 1 3 0 5 0 0 7 2 0 0 0 0 0 2 0 0 1 0 0 0 0 0 0 51 44 0 0 0 0 27 38 10 0 0 0 42 48 12 0 0 0 12 0 0 0 0 0 0 0 0 0 0 0 0 0 0 0 2 0 0 0 0 0 0 0 0 0 0 0 0 0 0 0 0 0 0 0 0 0 0 0 0 0 0 0 0 0 0 0 0 0 0 0 0 0 0 0 120 0 0 0 0 2 4 0 0 0 0 73 0 0 0 0 0 0 0 0 0 0 0 0 0 0 0 0 0 0 0 0 0 0 0 0 
 74 0 5 0 0 0 0 0 0 0 7 0 0 0 0 0 1 0 0 0 182 151 374 93 78 46 520 720 151 74 40 26 120 0 563 113 80 335 93 188 6 0 1 0 65 0 5 0 0 0 15 1 0 0 0 0 0 1 0 0 12 2 0 2 0 3 0 0 0 0 0 0 0 0 0 0 2 0 0 0 0 0 2 0 0 0 0 0 0 0 0 0 0 0 0 0 0 1 0 0 14 40 9 0 0 0 34 20 41 0 11 2 0 53 36 21 3 10 0 0 0 0 0 0 0 0 0 0 0 0 0 0 0 0 0 0 0 0 2 0 14 0 0 0 1 0 0 2 0 0 0 0 0 0 0 21 0 0 0 0 4 0 0 0 0 0 0 0 0 0 0 0 0 0 0 0 0 0 0 0 10 35 42 17 0 0 3 21 23 17 11 1 11 20 35 102 11 10 2 0 0 0 0 0 0 0 0 0 0 0 0 0 0 0 0 0 0 0 0 0 0 0 0 0 0 0 1 0 0 0 0 0 0 0 0 8 0 0 0 0 0 0 0 0 0 0 0 0 0 0 0 0 0 0 2 1 1 0 0 0 0 2 0 0 0 0 6 0 0 0 0 0 0 0 0 0 27 0 0 0 0 0 0 0 0 0 0 0 0 0 
 0 39 2 0 0 0 2 0 1 0 1 0 1 0 2 0 0 0 0 0 469 340 131 101 90 47 49 339 265 71 272 38 226 563 0 257 120 589 85 90 1 0 4 4 3 0 3 0 6 0 7 0 0 0 0 0 0 4 0 1 6 6 0 8 0 3 0 0 0 0 0 0 0 9 0 0 0 0 17 6 0 0 0 0 0 0 0 0 0 0 1 0 0 0 0 0 0 0 0 0 2 2 37 18 0 0 0 10 50 49 30 0 3 25 10 38 54 36 0 0 0 0 0 0 0 13 0 0 0 0 0 0 0 0 0 0 0 0 2 0 0 14 0 0 0 0 0 0 0 0 1 0 0 0 7 8 0 0 2 0 0 0 0 6 0 16 0 0 0 0 0 0 0 1 0 0 0 0 6 0 0 1 35 32 0 0 2 13 26 38 23 69 1 25 45 38 8 10 0 0 0 0 0 0 0 0 0 0 0 0 0 0 0 0 0 0 0 0 0 0 0 2 0 0 0 0 0 0 0 0 0 0 0 0 0 0 0 0 0 0 0 0 1 0 0 0 0 0 0 0 0 0 0 0 4 2 0 0 0 2 4 15 0 0 0 0 19 0 0 0 0 0 0 0 0 0 0 0 0 0 0 1 0 0 0 0 1 0 0 0 
 0 0 0 0 3 7 0 1 0 0 2 0 0 0 77 0 0 0 0 0 31 231 220 39 58 66 36 165 192 325 288 36 265 113 257 0 314 294 40 54 0 0 0 0 3 0 3 0 0 0 33 0 0 0 0 0 0 0 0 0 11 55 0 3 0 6 0 0 0 0 0 4 0 4 0 0 0 0 0 0 0 0 0 0 1 0 0 0 0 0 0 2 0 0 0 0 0 0 0 0 0 47 32 25 11 7 0 0 14 68 37 2 0 1 0 20 58 21 0 0 0 0 1 0 0 0 0 0 0 0 0 0 0 0 0 0 0 0 0 0 0 0 0 0 0 0 0 0 0 0 0 12 1 0 0 0 1 0 2 0 0 0 0 0 0 0 1 0 0 0 0 0 0 0 0 0 0 0 5 0 0 2 10 64 16 0 0 8 27 40 38 54 0 0 24 33 51 3 0 0 0 1 0 0 0 1 0 0 0 0 0 0 0 0 0 0 0 0 1 0 0 0 0 0 7 0 0 0 0 0 0 0 0 0 2 2 0 0 0 0 0 0 0 0 0 0 0 0 0 0 0 0 0 1 9 2 0 3 1 2 13 14 0 0 0 0 21 0 0 0 0 0 0 0 0 0 0 0 0 0 0 16 0 1 1 0 11 0 0 0 
 0 0 0 2 5 3 6 0 0 2 0 0 0 0 0 0 0 0 0 0 37 286 172 60 51 86 48 28 187 446 118 305 36 80 120 314 0 347 39 257 0 0 1 0 3 75 3 0 0 0 3 4 0 0 0 0 0 0 0 0 6 2 0 2 0 3 7 0 0 36 0 0 0 4 0 64 0 0 0 0 0 2 0 0 0 0 0 0 14 0 0 0 13 0 0 0 0 0 0 0 0 19 36 34 10 1 0 0 20 49 36 10 0 0 0 10 52 60 0 0 0 0 0 2 0 0 0 2 0 0 0 0 0 0 0 0 0 0 0 0 0 0 0 2 0 0 0 0 0 0 0 1 0 0 0 0 1 0 2 9 0 0 0 0 0 0 0 0 0 0 2 0 0 0 0 0 0 0 11 0 0 0 34 46 15 0 0 0 31 38 58 80 0 0 36 11 33 5 0 0 0 0 0 2 0 0 0 0 0 15 0 0 0 0 0 0 0 0 0 0 0 0 0 0 8 0 12 0 0 0 0 0 0 0 0 0 0 0 2 0 0 0 8 0 0 0 0 0 0 0 0 0 0 0 2 1 0 2 4 0 6 16 0 0 0 0 16 0 0 0 31 0 0 0 0 0 0 0 0 0 0 28 0 0 0 0 10 0 0 0 
 0 0 2 0 0 0 0 0 2 3 3 0 6 0 3 0 0 0 0 0 47 45 334 590 56 51 193 41 265 142 612 52 39 335 589 294 347 0 51 115 0 0 1 0 3 0 3 0 1 0 3 0 0 0 0 0 0 0 0 0 0 1 0 3 0 1 0 0 51 0 0 0 0 5 0 50 0 0 1 0 0 0 0 0 0 0 0 0 0 5 0 0 0 0 0 0 0 0 0 0 0 18 35 59 2 37 0 0 0 33 25 21 0 0 0 42 34 19 0 0 0 0 0 0 0 0 0 0 0 0 0 0 0 2 1 0 0 0 2 0 4 0 0 13 0 0 0 0 0 0 0 0 0 0 0 0 0 8 0 0 0 0 0 0 3 0 2 0 0 0 0 0 0 2 0 0 0 0 3 6 0 0 6 29 26 0 0 0 18 29 35 32 0 0 0 0 19 44 0 0 0 0 0 0 0 0 0 0 0 0 0 0 0 0 0 0 0 0 0 1 0 1 0 0 0 0 0 0 0 0 0 0 0 0 0 0 0 0 0 0 0 0 5 0 0 0 0 0 0 0 0 0 0 0 1 3 0 178 170 3 9 0 0 0 22 0 0 0 0 0 0 0 0 0 0 0 0 0 0 0 0 42 0 0 0 0 0 0 0 0 
 1 2 18 1 0 267 2 31 1 4 1 0 1 1 2 2 2 1 2 1 70 40 86 83 59 545 89 61 49 45 265 56 340 93 85 40 39 51 0 245 0 0 0 0 3 4 3 0 0 0 3 2 0 1 1 0 0 1 0 0 0 49 0 3 0 2 51 0 0 0 0 0 0 0 0 6 0 0 0 0 0 0 0 0 0 19 0 0 0 1 1 0 0 0 0 2 0 0 0 0 13 3 0 0 0 0 51 7 0 0 5 0 23 11 11 0 0 0 26 11 0 0 0 0 0 0 0 0 0 0 0 0 0 0 0 0 0 0 0 0 0 0 0 0 0 0 0 4 1 1 0 0 0 3 0 0 0 0 2 0 1 0 0 15 0 6 0 0 0 0 4 0 0 0 0 1 0 0 0 0 22 0 1 0 0 2 22 19 0 13 10 12 83 23 24 0 0 0 10 26 0 0 1 0 0 0 0 0 6 0 0 0 0 0 0 0 1 1 0 0 0 0 0 0 0 0 0 0 0 0 2 0 0 0 0 0 0 0 0 0 0 0 0 0 0 0 1 0 0 0 0 0 0 0 2 0 0 0 0 3 0 0 0 0 0 38 0 0 0 0 0 0 0 0 0 0 0 0 0 0 0 0 0 0 0 0 0 0 0 3 
 0 0 0 0 0 0 0 0 0 0 0 0 0 2 0 36 0 1 0 2 126 38 44 53 61 71 300 51 30 56 61 261 373 188 90 54 257 115 245 0 2 0 0 0 6 0 3 0 2 0 6 0 0 4 0 2 0 0 0 0 0 0 0 1 0 3 0 0 0 1 0 0 0 0 0 0 4 0 0 0 0 0 0 2 0 1 0 0 0 0 6 1 0 20 1 0 0 0 2 0 29 23 0 0 0 2 79 20 1 0 0 0 25 28 21 1 0 0 1 0 0 3 0 0 0 0 0 0 0 0 1 0 0 0 0 0 0 0 8 0 0 0 0 0 0 0 1 4 0 0 0 0 0 1 0 0 0 0 1 0 5 0 0 8 0 0 0 0 2 0 2 0 0 0 0 0 0 0 0 0 28 71 0 0 0 0 27 25 7 3 0 0 25 27 22 0 0 0 36 1 0 0 0 0 0 0 0 0 0 0 0 0 2 0 0 0 0 0 0 2 0 0 1 0 0 0 0 0 0 0 0 0 2 0 0 0 0 0 0 2 0 0 0 0 0 2 0 0 0 0 0 1 0 0 2 1 0 0 0 0 2 2 74 0 0 0 1 0 0 0 0 0 0 0 0 0 0 0 0 0 18 0 0 0 0 0 0 0 0 0 
 0 0 0 0 2 0 0 0 0 0 0 0 0 0 0 0 0 0 0 0 6 0 0 0 3 0 4 1 0 0 2 0 10 6 1 0 0 0 0 2 0 92 128 31 56 241 312 268 100 15 58 44 46 68 238 65 23 30 33 255 54 0 3 208 0 0 0 0 0 2 0 0 0 0 0 0 0 0 0 2 0 0 0 0 0 0 0 0 0 0 0 0 0 0 0 0 0 0 0 0 10 0 0 0 0 0 0 12 3 1 1 0 0 2 9 4 0 3 0 0 19 22 40 0 0 0 0 34 18 22 0 0 0 1 28 20 10 30 10 0 0 0 0 0 3 0 0 0 0 0 2 0 0 0 0 0 0 0 0 0 0 0 0 0 0 0 0 0 0 0 0 0 0 0 0 0 0 0 0 1 21 3 0 0 0 0 8 0 6 0 0 0 12 4 0 1 0 4 0 0 25 30 18 1 0 0 13 25 61 16 0 0 0 33 9 43 11 22 21 0 0 0 0 0 0 0 0 0 0 0 0 0 0 0 0 0 0 0 0 0 0 0 0 0 0 0 0 0 0 0 0 0 0 2 0 0 0 0 0 1 0 0 0 0 0 2 1 0 0 0 0 0 0 0 0 0 0 0 0 0 0 0 0 0 0 1 0 0 0 0 
 2 2 2 2 2 5 2 2 2 5 2 2 2 2 2 2 2 2 2 2 0 0 3 0 0 0 0 0 2 0 0 0 0 0 0 0 0 0 0 0 92 0 312 80 43 33 88 420 264 42 47 38 31 257 332 173 194 273 274 119 0 0 0 0 0 0 0 0 206 2 11 0 0 0 62 0 2 0 0 0 0 0 0 0 0 0 0 0 0 0 0 0 0 0 0 0 0 0 0 0 0 0 0 0 0 0 0 0 0 0 0 0 0 0 0 0 0 0 0 0 0 34 67 13 1 1 0 0 21 43 32 47 0 0 7 11 37 24 0 0 0 5 0 0 0 52 0 0 0 0 4 0 0 0 1 0 0 0 1 0 0 0 0 0 0 0 0 0 0 0 0 8 0 0 0 0 0 0 0 0 0 0 0 0 0 0 0 0 0 0 0 0 0 0 0 0 0 0 0 0 0 47 7 37 31 2 1 0 34 35 58 11 0 0 0 18 56 30 0 0 0 0 0 0 0 0 0 0 0 0 0 0 0 0 0 0 0 0 0 0 0 0 23 0 0 0 0 0 0 0 0 6 0 0 0 0 0 0 0 1 0 0 0 0 23 38 2 0 0 0 21 0 0 0 0 0 0 0 0 0 0 0 0 0 17 23 0 0 2 0 
 0 0 2 4 0 5 0 0 0 0 0 0 79 0 0 0 0 0 0 0 0 0 1 5 15 1 0 0 0 0 7 5 0 1 4 0 1 1 0 0 128 312 0 361 56 22 60 123 434 263 110 99 68 51 42 243 132 305 143 101 0 0 0 3 0 0 1 0 0 0 14 0 0 0 0 0 0 0 0 3 0 0 0 0 0 0 0 0 0 0 0 0 0 0 0 0 0 0 16 0 7 5 0 0 6 5 0 0 0 0 0 4 2 0 15 0 1 0 0 0 0 0 4 23 22 0 0 0 19 33 40 30 5 0 0 0 35 6 0 3 0 7 1 0 1 6 0 0 0 0 1 0 0 0 0 0 0 0 1 0 0 0 0 0 0 0 0 0 0 0 0 12 0 0 0 22 0 0 0 0 0 0 0 0 0 8 0 0 0 0 0 0 0 0 0 0 0 16 0 0 0 4 11 33 37 23 0 0 18 11 43 21 0 0 0 0 34 8 0 4 0 0 6 0 0 0 0 0 0 0 0 0 0 0 0 0 0 0 0 0 0 0 17 0 0 0 0 0 0 0 0 0 0 1 0 0 0 0 10 2 0 0 4 11 5 15 2 1 1 0 19 0 0 0 0 0 0 0 0 0 0 4 0 0 14 3 0 0 2 0 
 0 0 0 0 2 0 0 0 0 3 0 0 0 0 0 0 0 0 0 0 0 0 68 0 0 0 0 0 0 0 0 0 0 0 4 0 0 0 0 0 31 80 361 0 535 48 72 514 155 748 188 498 67 226 55 69 98 275 86 77 0 0 0 0 0 0 15 0 0 1 0 0 0 0 0 0 0 0 0 0 0 0 0 0 0 0 0 0 0 0 0 0 0 0 0 0 0 12 0 0 0 0 0 0 0 0 0 0 0 0 0 0 18 0 0 0 0 0 10 0 0 0 0 38 53 46 0 0 0 1 14 19 0 0 0 16 1 0 0 0 0 0 5 0 0 0 2 0 0 7 0 0 7 0 0 0 20 0 5 0 0 0 0 0 0 0 0 0 0 0 0 0 0 0 0 0 0 0 0 0 0 0 0 0 0 0 0 0 0 0 0 0 0 3 0 0 0 0 0 0 0 0 35 11 23 34 0 0 0 0 32 29 0 0 0 0 0 1 0 0 0 0 0 0 0 0 0 0 0 0 0 0 0 0 0 0 0 0 60 0 0 0 0 0 0 0 0 0 0 0 0 6 0 2 0 0 0 0 1 12 0 0 37 44 4 3 0 5 1 0 0 0 0 0 0 0 0 0 0 0 0 4 0 0 4 0 0 0 0 0 
 0 0 0 0 0 0 3 0 0 2 3 0 0 0 2 0 0 0 0 33 3 3 6 6 6 3 3 3 3 67 3 3 3 65 3 3 3 3 3 6 56 43 56 535 0 323 63 276 302 72 84 240 72 49 279 281 49 53 340 77 0 0 52 0 0 3 3 32 3 1 0 0 0 0 0 0 0 45 0 0 0 0 0 0 0 0 0 0 0 0 0 0 0 0 0 0 0 0 0 0 0 0 0 0 0 0 0 16 0 0 0 0 0 0 0 0 0 0 0 0 0 0 0 0 0 7 0 0 0 0 18 0 0 0 0 0 0 0 0 0 20 0 3 0 0 0 28 1 0 2 21 0 6 1 0 0 0 0 20 8 0 0 0 0 0 0 0 17 0 0 0 0 0 1 0 0 0 0 0 0 0 0 0 0 0 0 0 0 0 0 0 28 0 0 0 0 0 0 0 0 0 0 0 0 0 36 0 0 0 0 0 25 0 0 0 0 0 0 0 0 17 0 0 0 0 0 31 0 0 0 0 0 45 31 10 5 11 0 34 51 0 0 0 0 0 0 0 0 0 0 0 0 0 0 0 0 1 0 0 1 0 0 3 7 0 5 3 1 0 0 0 0 0 0 0 0 0 0 0 0 0 0 0 0 0 0 0 0 1 0 
 0 0 0 62 1 0 0 0 0 34 0 0 0 0 0 0 0 0 0 0 19 0 2 0 2 0 0 0 0 0 0 0 0 0 0 0 75 0 4 0 241 33 22 48 323 0 39 460 97 50 82 52 241 40 40 40 49 65 41 327 0 0 23 0 0 51 0 4 0 43 0 0 1 0 52 53 0 50 108 2 0 0 0 0 0 0 0 0 6 0 0 0 27 0 0 0 0 0 0 0 0 0 0 0 0 0 0 0 0 0 0 0 0 0 0 0 0 0 0 0 0 0 0 0 0 9 0 0 9 0 0 0 0 0 0 0 0 0 0 0 8 0 2 0 0 0 14 0 0 0 0 0 3 0 7 0 0 0 29 19 0 0 0 0 0 0 0 0 0 0 0 0 0 0 0 0 0 0 0 0 0 0 0 0 0 0 0 20 0 0 13 0 0 0 0 0 0 0 0 0 0 0 0 0 0 0 0 0 0 0 0 1 0 0 0 0 0 0 0 0 14 1 0 0 0 0 18 8 0 0 0 0 35 11 3 0 10 0 18 46 0 0 0 0 0 0 0 0 0 0 0 0 0 0 0 1 0 0 0 0 0 0 6 0 1 4 0 0 2 0 13 0 0 11 0 0 0 0 0 0 0 0 0 0 0 0 0 0 1 0 
 5 4 2 0 0 3 0 5 4 6 0 0 0 4 5 2 0 0 0 0 0 3 8 0 3 3 3 4 3 3 3 3 3 5 3 3 3 3 3 3 312 88 60 72 63 39 0 68 275 30 49 32 298 242 30 48 26 44 72 183 0 0 8 0 0 1 0 0 3 0 0 0 0 0 0 0 0 0 0 0 0 0 5 0 0 0 0 5 5 5 3 0 0 0 5 0 4 8 0 0 0 0 0 0 0 0 0 0 0 0 0 0 0 0 0 0 2 0 0 0 35 18 31 0 0 0 14 55 30 2 0 0 0 9 11 30 11 10 0 0 0 0 0 0 10 0 0 0 0 0 1 0 0 0 0 0 0 0 2 0 5 4 5 0 0 0 0 4 9 1 41 0 0 0 4 8 4 5 0 0 0 0 0 0 0 0 0 0 0 0 0 0 0 0 0 0 0 0 0 0 90 14 28 0 0 0 12 77 11 1 0 0 0 14 45 13 0 0 5 8 0 0 0 0 0 0 0 0 0 0 0 0 0 0 0 0 0 0 0 0 0 0 0 0 0 0 0 0 0 33 0 4 0 1 0 0 0 0 0 2 0 0 2 0 0 0 2 0 1 0 0 0 0 0 0 0 0 0 0 0 0 0 0 0 0 0 0 0 2 0 
 0 0 2 0 0 127 0 0 0 0 0 0 0 0 0 0 0 0 0 0 0 0 0 38 0 0 0 0 0 0 0 0 0 0 0 0 0 0 0 0 268 420 123 514 276 460 68 0 100 38 36 261 76 355 74 488 51 689 261 134 0 0 4 0 20 11 0 0 0 0 10 2 0 0 0 0 0 0 0 0 0 0 0 0 0 0 0 0 0 0 0 0 0 0 0 0 0 0 0 0 0 0 0 0 0 0 0 0 0 0 0 0 0 0 0 0 0 0 0 0 0 36 45 1 1 1 0 19 50 34 16 33 0 0 3 43 11 29 0 0 0 0 0 0 5 28 0 2 0 0 6 0 0 0 0 0 0 0 2 0 0 0 24 0 0 0 8 1 0 0 0 6 0 0 0 0 0 0 0 0 0 0 0 0 0 0 2 0 0 0 0 0 0 0 1 0 0 0 0 0 14 14 37 38 0 1 0 28 36 26 1 0 0 45 22 20 39 7 0 0 8 0 0 0 0 26 0 0 0 0 0 0 0 0 0 0 0 0 0 0 0 0 0 0 0 0 0 0 0 0 0 2 0 0 0 0 0 0 0 0 0 0 0 0 0 19 0 0 0 0 21 0 0 0 0 0 0 0 0 0 0 0 0 0 2 15 0 0 1 0 
 0 63 0 0 2 0 0 0 0 3 0 0 0 0 0 0 0 0 3 1 0 0 2 0 1 0 0 0 0 1 0 0 0 0 6 0 0 1 0 2 100 264 434 155 302 97 275 100 0 291 118 78 75 76 313 294 366 297 90 129 0 0 0 0 0 2 0 0 0 0 3 0 0 0 0 0 0 0 0 0 3 0 0 0 0 0 5 0 9 0 0 0 4 0 0 0 0 0 3 1 0 0 0 0 0 0 0 0 0 0 0 0 0 0 0 0 0 0 0 0 0 0 4 65 15 20 0 0 25 19 24 25 0 0 0 3 39 18 0 0 0 10 9 0 0 6 0 0 0 6 0 0 0 0 0 0 0 0 1 0 0 0 0 0 0 0 3 0 0 0 0 18 6 0 1 0 0 0 7 0 0 0 0 0 0 0 0 0 0 0 0 0 0 0 0 0 0 0 0 0 0 9 12 29 15 13 0 0 23 19 42 24 0 0 0 0 16 10 0 0 0 0 0 0 0 0 0 43 0 0 0 0 0 0 0 4 0 0 0 0 0 0 9 0 0 0 0 0 0 0 0 2 0 19 0 0 0 0 0 2 0 0 6 1 3 14 2 1 0 0 30 0 0 0 0 0 0 0 0 0 0 4 0 0 19 12 0 0 2 0 
 2 2 2 2 2 2 2 2 2 3 2 2 2 2 2 2 2 2 2 2 0 0 0 0 0 0 0 0 0 0 0 0 0 0 0 0 0 0 0 0 15 42 263 748 72 50 30 38 291 0 248 72 85 59 77 391 189 135 81 108 0 0 0 0 0 0 1 0 0 2 0 0 0 0 0 0 0 0 0 0 0 0 0 0 0 0 0 0 0 13 0 0 0 0 0 0 0 0 0 0 0 0 0 0 0 0 0 0 0 0 0 0 0 0 0 3 0 0 0 0 0 0 0 26 40 19 0 0 0 11 11 14 0 0 0 0 24 10 1 0 0 2 28 0 1 1 1 0 0 3 0 0 6 0 0 0 0 0 10 20 0 0 0 0 0 0 0 0 0 0 0 4 0 0 0 0 0 0 1 0 0 0 0 3 0 0 0 0 0 0 0 0 0 0 0 0 0 0 0 0 0 0 0 12 51 17 0 0 1 10 28 17 0 0 0 8 41 10 0 0 0 0 0 0 0 0 4 0 0 0 0 0 16 0 4 0 2 0 34 0 0 0 14 0 0 0 0 0 0 0 0 0 2 0 0 0 0 0 0 24 0 0 63 64 5 0 0 65 2 0 1 0 0 0 0 0 0 0 0 0 0 0 0 0 12 8 0 0 2 12 
 3 3 3 3 3 3 6 3 3 3 8 3 3 3 3 3 3 3 3 3 16 4 3 3 3 3 6 11 5 5 3 3 4 15 7 33 3 3 3 6 58 47 110 188 84 82 49 36 118 248 0 241 191 32 48 71 362 277 41 59 0 0 3 0 10 3 5 0 2 1 2 0 1 0 3 0 208 0 0 2 0 0 0 0 0 0 0 0 0 0 0 0 0 0 0 0 0 0 0 0 1 4 3 0 0 0 0 1 8 0 4 0 0 3 14 6 0 4 0 0 0 0 0 29 40 22 0 0 0 2 21 12 0 0 0 0 0 6 1 0 0 4 15 0 0 0 3 0 0 15 0 0 1 0 0 0 0 0 1 1 0 0 0 0 0 0 0 0 0 0 0 3 0 0 0 0 0 0 0 0 0 0 0 0 0 0 1 37 8 0 0 1 8 0 1 69 3 11 0 0 0 0 0 3 27 52 0 0 0 1 10 25 0 0 0 0 0 0 0 0 1 0 0 0 0 0 0 0 0 0 23 0 0 10 0 0 0 0 31 0 0 0 0 0 0 0 0 0 0 0 0 2 0 2 0 0 0 0 0 7 0 0 5 18 0 0 0 48 5 0 0 0 0 0 0 0 0 0 0 0 0 5 0 0 1 0 0 0 0 0 
 0 0 1 0 0 0 1 39 0 2 0 0 12 0 4 0 1 0 3 1 1 23 3 0 2 0 2 4 0 0 0 0 0 1 0 0 4 0 2 0 44 38 99 498 240 52 32 261 78 72 241 0 43 29 44 34 59 294 19 49 0 0 209 0 0 0 12 3 0 4 0 0 0 0 0 3 0 50 0 0 15 0 0 11 3 0 8 0 0 0 0 0 2 1 19 0 0 0 3 0 0 0 3 0 0 0 0 0 0 0 0 0 0 0 0 0 4 0 0 0 0 0 0 11 21 16 0 0 0 0 12 10 0 0 14 0 0 0 0 0 14 0 3 0 0 0 13 0 0 2 8 0 0 0 0 0 0 0 0 23 0 0 0 0 0 0 3 0 0 0 0 0 4 0 0 0 0 0 0 0 0 0 0 0 0 0 0 0 0 0 0 0 0 0 0 0 0 0 0 0 0 0 0 9 9 21 0 0 0 0 0 9 0 0 0 0 0 0 0 0 25 0 0 0 0 0 0 0 0 0 0 0 17 14 0 0 0 0 66 0 0 0 0 0 0 0 2 0 0 0 2 9 0 2 0 1 0 0 0 12 0 2 63 72 0 0 2 65 0 0 0 0 0 0 0 0 0 0 0 0 0 4 0 0 0 0 0 0 0 0 
 0 0 0 0 0 0 0 0 0 0 0 0 0 0 3 0 0 0 0 0 0 0 0 0 0 0 0 0 0 0 0 0 0 0 0 0 0 0 0 0 46 31 68 67 72 241 298 76 75 85 191 43 0 60 18 56 31 34 289 147 0 0 2 0 0 0 0 0 3 2 0 0 0 0 0 0 0 0 0 0 0 0 0 0 0 0 0 0 0 0 0 0 0 11 0 0 0 0 0 0 0 0 0 0 0 0 0 0 0 0 0 14 0 0 0 0 0 0 0 0 23 11 1 1 2 1 6 29 2 0 0 3 0 11 22 1 0 0 12 0 0 0 0 0 1 0 0 0 0 0 0 0 0 0 0 0 0 0 10 0 0 0 0 0 0 0 0 0 0 0 0 0 0 0 0 0 0 0 0 0 0 0 0 1 0 0 0 0 0 0 0 0 0 0 0 0 0 0 0 0 43 10 9 0 2 2 15 21 18 0 0 1 13 10 28 23 1 0 77 9 0 0 0 0 0 0 0 0 0 0 0 0 0 0 15 0 0 17 0 0 0 0 0 0 0 0 2 0 0 0 0 4 0 10 0 2 0 0 0 0 0 0 0 0 1 0 0 0 0 0 0 0 0 0 0 0 0 0 0 0 0 0 0 0 4 0 0 0 0 0 
 0 0 0 0 0 0 3 0 0 2 0 0 0 0 6 0 0 0 55 2 0 0 0 0 3 0 1 0 0 0 1 0 0 0 0 0 0 0 1 4 68 257 51 226 49 40 242 355 76 59 32 29 60 0 444 50 39 49 102 140 0 0 10 3 0 2 1 0 0 2 0 0 0 1 0 0 0 0 0 0 0 0 0 0 0 0 0 0 0 0 0 0 0 0 0 0 0 0 0 0 0 0 0 0 0 0 0 0 0 0 0 0 0 0 0 0 0 0 0 0 9 24 26 0 0 0 0 21 33 10 0 0 0 0 27 36 10 34 0 0 0 0 0 0 3 0 0 0 0 0 2 0 0 0 0 0 0 0 0 0 0 0 0 0 0 0 0 0 0 2 0 0 0 0 0 0 0 0 0 0 0 0 0 0 0 0 0 0 0 22 9 0 0 0 0 0 0 0 0 0 18 30 19 1 0 0 16 14 16 10 0 0 0 6 4 41 11 18 12 0 0 0 0 0 0 0 0 0 0 0 0 0 0 0 0 0 0 0 0 0 0 0 0 0 0 2 0 0 0 0 0 6 0 0 0 20 0 0 0 0 0 0 2 0 0 0 0 0 0 0 0 0 0 0 46 0 0 0 0 0 0 0 0 0 0 0 0 0 2 0 
 0 0 0 0 3 0 0 0 0 0 0 0 0 45 0 0 0 0 0 0 0 0 2 0 0 0 0 1 0 0 0 0 0 0 0 0 0 0 1 0 238 332 42 55 279 40 30 74 313 77 48 44 18 444 0 343 70 40 52 174 0 0 4 0 0 0 0 3 0 0 13 0 0 0 0 0 0 0 0 0 0 0 0 0 0 0 0 0 0 0 0 0 0 0 0 0 0 0 13 0 0 0 0 0 9 0 0 0 0 0 0 0 0 0 11 0 0 0 0 0 0 29 75 0 1 1 26 18 59 30 25 93 0 0 2 35 60 24 0 0 0 1 0 0 5 7 0 0 0 0 31 0 0 0 0 0 0 0 2 0 0 0 0 0 0 0 0 0 0 0 0 3 0 0 0 0 0 0 0 0 0 0 0 0 0 0 1 0 12 0 0 0 4 0 0 0 0 0 0 0 17 26 31 46 3 0 0 77 35 22 9 0 0 13 20 21 36 18 1 0 0 0 0 0 0 0 0 0 0 0 0 0 0 0 0 0 0 0 0 0 0 0 0 0 0 0 0 0 0 0 0 7 0 0 0 0 0 0 0 0 0 0 0 0 2 54 0 0 0 0 26 0 0 0 45 0 0 11 0 0 0 0 0 0 8 15 0 0 1 0 
 0 75 3 0 3 0 2 0 0 43 3 0 0 0 0 0 0 0 0 0 4 0 0 0 0 0 0 1 2 0 0 0 0 0 0 0 0 0 0 2 65 173 243 69 281 40 48 488 294 391 71 34 56 50 343 0 185 86 87 140 0 0 0 3 0 11 0 0 0 0 7 0 0 0 0 0 0 54 0 0 0 0 0 0 0 0 0 0 0 0 0 0 0 0 0 0 0 0 0 0 0 0 0 0 23 0 0 0 0 0 0 0 0 0 0 0 0 0 0 0 0 1 10 21 1 5 11 0 22 43 20 27 0 0 8 18 26 27 0 0 0 7 0 0 0 4 0 0 0 0 5 0 0 0 0 0 0 0 0 0 0 0 0 0 0 0 0 0 0 0 0 4 0 0 0 0 0 0 0 0 0 7 0 0 0 0 0 0 0 0 0 0 0 0 0 0 0 0 0 0 0 24 13 32 20 1 0 0 23 30 31 12 19 0 0 0 53 22 0 0 0 0 0 0 0 0 0 0 0 0 0 0 0 0 0 0 0 0 0 0 0 0 16 0 0 0 0 0 0 0 2 2 0 0 0 0 0 0 0 0 0 0 2 1 2 10 0 1 0 0 14 0 0 0 0 0 0 0 0 0 0 0 2 0 11 22 0 0 2 0 
 0 0 0 0 0 0 1 0 0 0 4 0 0 0 0 0 0 0 0 0 0 0 2 0 0 0 0 0 1 2 0 1 0 0 0 0 0 0 0 0 23 194 132 98 49 49 26 51 366 189 362 59 31 39 70 185 0 234 27 100 0 0 50 50 0 0 0 0 0 0 0 0 0 0 0 0 0 0 0 0 0 0 0 0 0 0 0 0 0 0 0 0 0 0 0 0 0 0 0 0 0 0 0 0 0 0 0 0 0 0 0 0 0 0 0 0 0 0 0 0 0 0 0 25 21 21 0 0 1 30 13 41 0 0 0 0 65 4 0 0 0 4 1 0 1 6 0 0 0 0 0 0 0 0 0 0 0 0 1 0 0 0 0 0 0 0 0 0 0 0 0 7 0 0 0 5 0 0 0 0 0 0 0 0 0 0 0 0 0 0 0 0 0 0 0 0 0 0 0 0 0 0 0 19 35 25 0 0 18 3 42 35 0 0 0 0 19 9 0 0 0 0 0 0 0 0 0 0 0 0 0 0 0 0 0 0 0 0 0 0 0 0 30 0 0 0 0 0 0 0 0 0 0 0 0 0 0 0 0 12 0 0 0 0 0 15 1 64 0 0 19 0 0 0 0 0 0 0 0 0 0 0 0 1 14 8 0 0 2 0 
 3 4 3 3 5 6 3 3 3 3 3 3 3 3 3 3 66 3 4 3 0 0 0 27 1 32 0 1 3 0 0 0 0 1 4 0 0 0 1 0 30 273 305 275 53 65 44 689 297 135 277 294 34 49 40 86 234 0 245 253 24 0 1 0 0 0 0 0 0 2 1 0 0 0 0 0 0 1 0 0 0 0 0 0 0 0 0 0 0 0 0 0 0 0 0 0 0 0 0 0 0 0 0 0 0 0 0 0 0 0 0 0 0 0 0 0 2 0 0 0 1 1 0 54 40 17 12 1 2 11 16 10 0 0 1 1 21 9 0 0 0 4 0 0 0 1 0 0 0 5 0 0 0 0 0 0 0 0 8 0 0 0 0 0 0 0 0 0 0 0 0 4 0 0 0 0 0 0 0 0 0 0 0 0 0 0 0 0 0 0 0 0 0 0 0 0 0 0 0 0 1 0 1 11 40 13 3 1 0 11 36 16 12 8 3 0 61 7 7 0 0 20 0 0 0 0 0 0 19 0 0 0 0 0 0 0 0 0 26 0 0 0 11 0 0 0 0 0 0 0 0 0 0 2 0 0 0 2 0 11 0 2 65 62 0 2 6 61 3 0 0 0 0 29 0 0 0 0 0 0 0 3 0 0 14 15 0 0 0 0 
 0 0 0 0 0 0 0 0 0 26 0 0 0 0 0 0 0 0 0 0 0 0 0 1 0 193 0 0 0 0 0 0 0 0 0 0 0 0 0 0 33 274 143 86 340 41 72 261 90 81 41 19 289 102 52 87 27 245 0 251 0 0 3 3 0 0 0 0 7 8 6 0 0 0 0 4 6 3 0 0 0 0 0 0 0 0 0 0 0 0 0 0 0 0 0 0 0 0 0 0 0 0 0 0 0 0 12 0 0 0 0 0 0 0 0 0 0 1 0 0 16 10 0 0 0 0 26 0 0 0 0 0 23 30 0 0 0 0 48 4 0 0 0 0 6 27 0 0 0 0 10 0 0 0 0 0 0 0 0 0 0 0 0 0 0 0 0 0 0 0 0 0 0 0 0 0 0 0 0 0 0 0 0 0 0 0 0 0 0 0 0 0 0 0 0 0 0 0 0 0 10 0 0 0 0 0 13 18 0 0 0 0 44 9 25 3 0 0 6 15 0 0 3 0 14 0 0 0 0 0 7 7 4 0 0 0 4 4 0 0 0 0 0 0 0 0 0 0 0 0 0 2 0 0 0 0 0 0 0 0 0 0 0 0 1 1 9 0 0 0 0 0 0 0 0 29 0 0 0 0 0 0 0 0 0 0 0 0 1 0 
 0 1 0 65 1 3 0 0 0 3 0 0 0 0 0 0 0 0 0 0 0 0 0 0 3 6 0 0 0 0 0 0 1 0 1 0 0 0 0 0 255 119 101 77 77 327 183 134 129 108 59 49 147 140 174 140 100 253 251 0 0 0 6 5 0 0 0 0 7 12 6 1 0 0 0 52 5 11 0 0 0 0 0 0 0 0 0 0 0 0 0 0 0 0 0 0 0 0 0 0 0 0 0 0 0 0 0 0 0 0 0 0 0 0 0 0 0 0 0 16 23 24 12 0 0 0 0 45 0 8 13 12 1 4 7 0 0 13 9 0 0 2 0 0 6 24 0 0 0 0 14 10 0 0 0 0 0 0 0 0 0 11 0 0 0 0 0 0 0 0 0 0 0 0 0 0 0 0 0 0 0 0 0 0 0 25 0 6 0 0 0 0 0 0 0 0 0 0 0 0 32 0 22 7 0 0 11 40 15 18 0 0 2 21 44 42 14 8 18 12 0 0 0 0 8 0 0 0 0 0 5 6 0 0 0 0 3 3 0 0 0 0 0 0 1 0 0 0 0 0 0 0 0 0 24 0 0 0 0 0 0 0 1 0 0 0 41 0 0 0 6 0 0 0 0 9 0 0 0 0 0 0 0 0 10 0 0 0 1 0 
 0 0 0 0 0 2 0 0 0 0 0 0 0 0 0 0 0 0 0 0 1 2 5 0 0 27 0 5 58 0 0 1 0 12 6 11 6 0 0 0 54 0 0 0 0 0 0 0 0 0 0 0 0 0 0 0 0 24 0 0 0 349 340 68 42 16 239 205 22 50 38 99 275 325 225 36 47 45 23 67 0 0 0 0 0 0 0 0 0 0 13 0 0 0 0 0 0 0 0 0 0 0 5 5 0 0 0 0 3 11 8 0 0 0 0 1 3 7 0 0 0 0 0 0 0 3 0 0 0 0 0 0 0 0 0 0 0 0 0 0 9 30 17 14 0 1 4 7 34 11 0 0 0 4 11 28 20 18 0 0 0 0 0 0 0 0 0 0 0 0 0 0 0 0 0 0 0 0 0 0 0 1 8 40 0 0 0 0 3 3 12 2 0 0 0 8 11 5 0 0 0 0 0 0 0 0 0 0 16 0 0 0 0 4 0 0 0 0 0 0 31 45 26 13 0 0 0 16 30 0 2 0 0 15 16 129 4 17 0 0 0 0 0 0 0 0 0 0 0 0 0 0 0 0 8 0 0 0 0 0 0 0 0 2 0 0 15 1 0 0 8 0 0 20 1 1 0 0 0 0 0 0 0 0 0 0 5 0 0 0 
 0 0 0 0 2 0 0 0 0 0 0 0 0 0 0 0 0 0 0 0 0 2 35 0 0 0 0 4 7 0 0 1 0 2 6 55 2 1 49 0 0 0 0 0 0 0 0 0 0 0 0 0 0 0 0 0 0 0 0 0 349 0 267 30 24 49 76 224 205 44 38 15 260 90 246 214 213 47 42 74 0 0 0 0 0 0 0 0 0 0 0 0 0 0 0 0 0 0 0 0 0 0 4 8 0 0 0 0 2 3 15 0 0 11 0 3 4 6 0 0 0 0 0 0 0 0 0 0 0 0 0 0 0 0 0 0 0 0 0 0 1 28 21 28 1 1 0 13 18 24 8 13 0 0 7 11 34 11 0 0 0 0 0 0 0 0 0 0 0 0 0 0 0 0 0 0 9 0 0 0 0 0 6 15 0 0 1 0 2 3 6 1 0 0 0 11 14 4 0 0 0 0 0 0 0 0 0 0 9 0 0 0 0 0 0 0 0 0 0 0 2 0 41 22 16 0 0 25 13 51 16 37 0 0 0 9 29 69 0 0 15 0 0 0 0 0 0 0 0 0 0 0 0 0 6 0 0 0 0 0 0 0 0 0 0 0 16 1 0 0 10 0 0 9 0 0 0 0 0 0 0 0 0 0 0 0 4 0 0 0 
