 0 87 77 268 17 255 420 409 39 45 39 47 58 81 291 38 248 37 56 55 202 117 71 0 3 0 3 0 0 0 2 0 3 0 5 202 0 3 2 0 3 0 0 0 0 3 0 0 0 0 0 0 2 0 3 72 0 59 0 2 0 0 0 2 0 0 0 0 0 0 0 0 0 2 0 3 3 0 0 0 42 57 2 0 0 22 19 12 11 0 0 0 0 56 28 73 28 0 0 0 0 0 0 1 0 0 0 0 0 0 0 0 0 0 0 0 0 0 0 0 3 0 0 0 0 0 0 0 0 0 0 0 0 16 0 0 0 1 0 0 0 0 2 1 0 0 0 0 1 0 0 0 0 0 2 1 0 0 0 0 2 12 2 0 0 0 0 37 19 1 0 0 0 20 32 8 32 35 0 11 0 0 0 0 0 0 0 0 0 0 0 0 0 0 11 0 1 0 0 0 0 2 0 0 0 0 0 0 0 0 0 0 0 2 0 0 2 0 0 0 0 0 0 1 0 0 0 0 16 0 2 0 0 0 0 0 0 0 0 0 0 0 0 0 1 2 0 0 0 1 0 12 0 11 0 0 0 0 0 0 0 0 0 0 0 0 0 0 0 0 0 0 0 0 0 0 0 0 0 0 0 0 0 0 0 0 0 0 0 5 
 87 0 516 107 239 49 92 725 650 51 66 29 58 60 353 235 321 54 45 259 0 0 3 0 3 0 1 0 0 0 0 0 3 0 0 0 0 3 0 2 3 0 0 80 0 2 0 0 0 0 0 0 0 0 5 3 0 0 0 2 0 0 0 2 2 0 0 0 0 0 0 1 0 2 0 3 3 0 0 0 0 32 43 22 0 1 0 57 44 35 8 0 1 15 12 67 41 34 0 0 0 0 0 0 12 0 0 0 0 0 0 0 0 0 0 0 0 0 0 0 1 0 0 0 0 0 11 0 0 0 0 0 0 14 0 11 0 0 0 0 0 0 0 0 0 0 0 0 0 0 0 0 0 0 10 0 19 0 0 0 1 41 16 39 0 16 14 16 34 44 11 14 0 0 13 11 44 19 25 3 0 0 0 0 0 0 0 0 0 0 0 0 0 0 0 17 0 0 0 0 0 0 0 0 0 0 0 0 0 0 0 0 0 0 0 0 1 0 0 0 0 0 0 0 0 0 0 0 0 0 0 0 0 0 0 0 0 0 0 0 0 0 0 0 0 0 0 0 0 0 1 2 0 0 0 0 0 0 0 0 0 0 2 0 0 0 0 0 0 1 0 0 0 0 0 22 0 0 0 0 0 0 0 0 0 0 0 0 0 0 
 77 516 0 323 38 24 103 527 192 461 130 47 72 61 47 230 253 649 43 114 73 0 3 0 3 1 2 2 0 0 2 0 3 0 0 0 0 3 0 0 3 0 0 0 0 2 0 0 0 0 0 0 0 0 3 3 0 0 0 71 0 0 1 2 4 0 0 0 0 0 0 0 0 2 0 3 3 0 0 0 0 1 47 20 0 0 0 25 35 43 34 1 0 0 12 5 49 49 0 0 2 0 0 0 0 0 0 0 0 0 0 0 0 0 0 0 0 0 0 0 2 0 0 0 0 0 12 0 0 0 0 0 0 0 0 0 0 0 0 0 0 0 0 0 0 0 0 0 0 0 0 0 0 0 0 0 2 0 0 0 0 25 41 43 0 0 0 1 15 35 24 25 0 1 21 25 21 18 0 0 0 15 0 0 0 0 0 0 0 0 0 0 0 0 0 0 0 0 0 0 0 0 0 0 0 0 0 0 0 0 0 0 0 0 0 0 0 0 0 0 12 0 2 0 0 0 0 0 0 0 0 0 0 0 0 0 0 0 0 0 0 9 0 0 0 0 4 0 1 4 0 1 2 0 0 0 0 0 0 0 0 0 15 0 0 0 0 0 0 0 0 0 0 0 0 29 17 13 0 0 0 0 0 0 0 0 0 0 0 0 
 268 107 323 0 68 45 124 67 81 380 131 400 70 67 93 49 151 472 67 57 0 117 3 0 3 2 5 0 66 3 74 63 4 3 0 0 0 3 3 0 3 0 2 0 1 2 2 0 0 0 0 3 0 0 3 8 0 0 0 0 0 0 8 2 4 3 0 52 0 6 0 0 0 2 2 5 8 2 0 5 0 0 0 27 31 26 0 0 0 15 45 38 0 0 0 0 14 23 0 0 0 0 19 0 0 0 0 0 0 0 0 0 5 0 0 0 0 0 6 0 0 0 0 0 0 0 0 0 0 0 0 0 0 0 0 0 0 0 0 0 9 0 0 0 1 0 0 0 0 0 0 3 0 14 0 0 2 0 0 0 0 0 0 0 57 11 0 0 0 1 22 28 0 0 0 0 0 21 0 0 0 0 0 0 0 0 0 2 0 0 0 0 0 0 0 0 0 1 0 13 0 0 1 0 0 0 0 0 0 0 0 0 0 0 0 0 0 0 0 1 0 1 2 0 0 0 0 0 0 0 0 0 0 0 0 0 0 0 0 1 0 11 0 0 0 3 102 2 1 54 0 21 17 0 0 0 2 0 0 0 1 0 14 0 2 1 0 0 0 0 0 0 0 0 0 0 14 15 0 0 0 0 0 0 0 0 0 0 0 0 
 17 239 38 68 0 404 260 71 65 278 104 395 63 52 223 68 43 60 129 65 0 1 4 0 3 0 0 0 0 0 0 0 3 0 0 0 0 3 1 0 3 0 0 0 0 2 0 0 0 0 0 0 0 0 3 3 2 0 0 0 0 0 0 2 0 0 1 0 0 4 0 0 0 2 0 3 3 0 31 0 0 0 0 0 68 33 0 0 0 0 18 3 0 0 0 0 0 0 0 0 0 0 0 0 0 0 5 0 0 0 0 0 65 2 0 0 0 0 49 33 0 0 0 0 0 0 0 0 0 0 0 0 0 0 0 0 0 0 0 0 0 0 0 0 0 0 0 0 0 0 0 6 0 0 0 0 0 0 0 0 0 0 0 0 51 9 0 0 0 0 0 0 0 0 0 0 0 0 0 0 0 0 0 0 0 0 22 1 0 0 0 0 35 0 0 0 0 1 48 67 0 0 0 0 0 0 0 12 0 0 0 0 0 0 11 0 0 0 0 0 0 0 0 0 0 0 0 0 0 0 0 0 0 0 0 0 0 0 0 17 0 0 0 0 0 4 4 0 3 3 0 12 2 0 2 0 0 0 0 0 0 0 0 0 0 0 0 0 30 0 0 0 0 0 0 0 0 0 0 0 0 0 0 0 0 0 0 0 0 0 
 255 49 24 45 404 0 40 39 45 64 289 57 44 51 73 70 66 64 247 264 0 117 3 0 79 0 3 0 0 171 5 0 19 0 2 0 0 3 309 3 3 0 4 0 0 2 0 0 2 3 1 0 0 0 3 3 12 0 0 2 0 0 0 2 0 1 0 0 0 6 0 0 0 2 0 3 3 0 0 0 0 0 0 3 32 6 0 0 0 0 0 10 1 0 0 0 0 0 0 0 52 1 0 0 0 0 45 0 0 2 0 0 39 0 0 0 20 21 118 36 3 0 0 0 1 0 0 0 0 0 1 0 0 0 0 0 0 0 0 0 0 0 0 0 0 2 1 0 13 0 0 2 0 0 0 0 0 0 0 0 0 0 0 0 11 5 0 0 0 0 0 26 0 0 0 0 0 0 0 0 35 1 0 2 0 0 46 0 0 0 0 1 84 0 8 0 2 0 60 4 0 0 0 0 1 0 0 0 0 0 0 0 0 13 0 1 0 0 0 0 0 0 0 0 1 0 0 0 0 2 0 2 0 0 0 0 0 0 0 0 0 0 0 0 0 12 1 1 1 0 0 16 0 0 0 0 0 0 0 0 0 0 0 0 0 0 0 0 0 0 0 0 0 0 0 0 0 0 0 0 0 0 0 0 0 0 0 0 0 3 
 420 92 103 124 260 40 0 326 49 46 40 251 489 319 273 470 40 266 260 335 0 1 3 0 3 0 2 0 0 0 0 0 3 0 2 0 0 39 1 0 3 0 2 0 0 2 0 0 0 0 0 0 0 0 3 5 0 3 0 1 0 0 0 52 0 0 0 0 0 0 0 0 7 2 0 3 8 0 0 0 53 37 0 0 0 11 33 76 19 1 0 0 11 45 62 18 10 0 12 11 0 0 0 0 0 0 2 0 0 0 0 0 0 0 0 0 0 0 0 0 15 0 0 0 0 0 0 0 0 0 0 0 0 1 2 14 0 0 0 0 0 0 0 0 0 0 0 0 0 0 0 0 1 0 0 0 0 0 0 0 82 1 11 0 0 19 28 18 0 0 0 0 21 54 26 20 13 0 0 23 0 0 0 0 0 0 0 0 0 0 0 0 0 0 0 0 0 0 0 9 0 0 0 0 0 0 0 0 0 0 0 0 0 0 0 10 0 0 0 0 0 0 0 15 0 0 0 0 0 0 0 0 0 0 0 0 0 0 0 0 0 0 0 0 0 0 0 0 4 0 2 0 0 2 2 0 0 0 0 0 0 0 0 0 0 0 0 0 0 0 0 0 0 0 0 0 0 0 0 0 0 4 0 0 0 11 0 0 0 0 
 409 725 527 67 71 39 326 0 184 43 105 25 106 352 160 341 48 250 51 136 0 0 3 0 3 0 2 2 1 0 0 0 3 0 0 0 0 3 0 0 3 0 0 0 0 2 0 0 0 0 0 0 0 0 3 3 0 0 0 0 0 0 0 2 0 0 0 0 0 0 0 0 0 2 0 3 3 0 0 0 21 36 43 10 0 10 18 46 29 17 14 1 0 31 44 73 58 11 0 1 0 0 0 0 0 0 0 0 0 0 0 0 0 0 0 0 0 0 0 0 11 0 0 0 0 0 29 0 0 0 0 0 0 10 0 0 0 0 0 0 0 0 0 0 0 0 0 0 0 0 0 0 0 0 0 0 0 0 0 0 10 35 24 0 0 0 1 10 34 20 16 0 0 0 0 53 43 4 0 10 0 0 0 0 0 0 0 0 0 0 0 0 0 0 0 0 0 0 0 0 0 0 0 0 0 0 0 0 0 0 0 0 0 0 0 0 0 0 0 0 0 0 0 0 0 0 0 0 0 0 0 0 0 0 15 0 0 0 0 0 0 0 0 0 0 2 0 2 0 0 1 12 0 0 1 0 0 0 0 0 0 0 0 0 0 0 0 0 0 0 0 0 0 0 0 20 0 0 0 0 0 0 0 0 0 0 0 0 0 0 
 39 650 192 81 65 45 49 184 0 239 20 42 88 72 89 74 245 452 78 154 0 0 3 36 3 0 2 0 0 0 0 0 3 0 0 1 0 3 0 1 2 0 36 0 0 31 0 0 0 0 0 0 0 0 4 3 0 2 0 0 0 0 0 3 19 0 0 0 0 0 0 0 0 3 0 1 2 0 0 0 0 18 38 12 12 0 0 30 39 61 17 8 0 14 19 12 69 25 0 0 0 0 0 0 0 0 14 0 0 0 0 0 0 0 0 0 0 0 0 0 0 15 0 0 0 0 29 0 0 0 0 0 0 0 0 0 9 0 0 0 0 0 0 0 0 0 0 0 0 2 0 0 0 0 0 0 0 0 0 0 0 31 30 34 0 2 0 0 15 56 24 81 1 0 14 29 68 17 19 0 0 0 0 0 0 0 0 7 0 0 0 0 0 0 0 18 0 0 0 0 0 0 0 0 0 0 0 0 0 0 0 0 0 0 0 0 0 0 0 0 0 0 0 13 0 0 0 0 0 0 0 0 0 0 0 0 0 0 0 0 0 10 0 0 0 1 2 1 0 1 1 9 0 0 0 0 0 0 0 0 0 0 18 0 0 0 0 0 0 0 0 0 0 0 0 38 19 21 0 0 0 0 0 0 0 0 0 0 0 1 
 45 51 461 380 278 64 46 43 239 0 351 59 51 57 146 178 265 115 66 83 0 0 3 0 3 2 1 0 0 0 0 0 3 1 0 2 0 3 0 0 3 0 0 0 0 2 0 0 0 0 0 0 0 0 3 3 0 0 0 2 0 0 6 2 5 0 0 0 0 0 0 0 0 2 0 3 3 0 0 0 0 0 23 34 1 2 0 3 28 24 17 29 0 0 1 0 13 62 0 0 0 0 0 0 0 2 0 0 0 0 0 0 0 0 0 0 0 0 0 0 0 2 0 0 0 0 1 0 0 0 0 0 0 0 0 0 0 0 6 0 0 0 0 0 0 0 0 0 0 0 20 0 0 0 1 0 0 0 0 0 0 2 7 25 3 0 1 0 1 9 8 28 0 0 22 0 0 10 0 0 0 0 0 0 0 0 0 0 0 0 0 0 2 0 0 0 0 0 2 0 0 0 0 0 0 0 0 0 0 0 0 0 0 0 0 0 0 0 2 0 0 0 0 0 0 0 0 0 0 0 0 0 0 0 0 8 0 1 0 0 0 5 0 0 0 2 87 1 0 176 0 13 13 0 0 0 0 0 0 19 0 0 10 0 0 0 0 0 0 0 0 0 0 0 0 15 11 0 0 0 0 0 0 0 0 0 0 0 0 0 
 39 66 130 131 104 289 40 105 20 351 0 379 38 24 83 81 258 438 64 63 0 0 3 4 3 0 1 0 0 74 0 0 3 0 0 72 0 4 0 0 3 0 0 0 0 2 0 0 0 0 0 0 0 0 52 3 0 0 63 0 0 0 7 2 5 0 0 0 0 6 0 2 0 2 0 36 3 0 0 0 0 0 0 41 24 24 0 0 0 9 37 46 0 0 0 2 13 17 0 0 0 0 0 0 0 0 0 0 0 0 0 0 4 0 0 0 0 0 0 0 0 1 0 0 0 0 0 0 0 0 17 0 0 0 0 0 0 0 0 1 0 24 0 0 0 0 0 0 0 0 0 7 0 0 16 0 0 0 0 0 0 0 0 0 49 14 2 0 0 0 35 37 0 0 0 0 0 40 2 2 0 0 0 0 0 0 0 0 0 0 0 0 0 0 0 2 0 0 1 14 0 2 0 0 0 0 0 0 0 0 0 7 0 0 0 0 0 0 0 0 0 0 0 0 0 0 0 0 9 0 0 0 0 0 0 0 0 2 0 0 0 11 0 0 0 8 120 0 4 111 0 25 17 0 0 0 0 0 0 0 0 0 15 0 0 0 0 0 0 0 0 0 0 0 0 0 13 15 0 0 0 0 0 0 0 0 0 0 0 0 
 47 29 47 400 395 57 251 25 42 59 379 0 24 29 36 44 96 80 26 50 0 0 3 0 3 1 3 0 1 1 3 2 34 75 0 0 0 5 0 3 1 0 0 3 0 3 0 0 0 0 2 67 0 65 6 3 0 0 0 2 0 0 10 3 0 0 0 0 56 28 0 0 1 3 1 1 2 3 0 0 0 0 0 48 52 28 0 0 0 0 22 44 0 0 0 0 0 29 0 0 0 0 0 0 0 0 11 0 0 0 0 0 29 0 0 0 0 0 48 29 0 0 0 0 0 0 0 0 0 0 0 0 0 0 0 0 0 0 0 0 0 0 0 0 0 0 0 0 0 0 0 6 0 0 0 0 0 0 0 0 0 0 0 1 18 14 0 0 0 0 11 12 0 0 0 0 0 1 0 0 0 0 0 0 0 0 0 0 0 0 0 0 19 0 0 0 0 0 0 2 0 0 1 0 0 1 0 0 0 0 0 0 9 0 0 0 0 0 0 0 0 0 0 0 0 0 0 0 0 0 0 0 0 0 0 0 0 0 0 0 0 1 0 0 0 0 170 0 0 215 0 10 20 0 0 0 0 0 0 0 2 0 0 0 0 0 0 0 0 0 0 0 0 0 0 0 0 0 0 0 0 0 0 0 0 0 0 0 0 0 
 58 58 72 70 63 44 489 106 88 51 38 24 0 288 252 54 34 451 400 163 0 0 77 0 3 2 2 5 0 0 0 0 3 2 0 2 0 3 8 0 1 0 0 0 0 3 0 0 0 0 0 0 0 0 3 3 0 5 0 2 0 55 0 3 44 0 0 0 0 0 0 4 0 3 0 1 2 0 0 0 23 17 0 0 0 0 38 37 1 0 0 0 5 19 13 4 0 0 27 39 0 0 0 0 0 0 0 0 0 0 0 0 0 0 0 0 0 1 0 0 0 0 0 0 0 0 0 0 0 0 0 0 0 0 0 0 0 0 0 0 0 0 0 9 0 0 0 0 0 0 0 0 0 0 0 0 0 0 0 0 14 0 0 0 0 0 36 17 0 0 0 0 27 29 39 0 0 0 0 2 0 0 0 0 0 0 0 0 0 0 0 0 0 0 0 0 0 0 0 0 0 0 0 0 0 0 0 0 0 0 0 0 0 0 0 0 0 0 0 0 0 0 0 0 0 0 0 0 0 0 0 0 0 0 0 0 0 0 0 0 0 0 0 0 0 0 0 0 1 0 0 5 0 0 0 0 0 0 0 0 0 0 0 0 0 0 0 0 0 0 0 0 0 0 0 0 0 0 0 0 0 0 0 0 0 0 0 0 0 0 
 81 60 61 67 52 51 319 352 72 57 24 29 288 0 339 35 29 27 89 83 0 1 4 0 3 0 1 0 0 0 0 0 5 0 0 0 0 3 0 0 3 0 0 0 0 2 1 0 4 0 0 0 0 0 3 3 0 0 0 10 0 0 0 47 0 0 0 0 0 51 0 2 0 2 0 3 3 0 0 0 34 42 1 1 0 24 41 13 11 0 0 0 0 26 11 69 10 0 0 0 0 2 0 0 0 0 1 2 2 0 0 0 0 0 0 0 0 0 0 0 4 0 0 0 0 0 2 0 0 0 0 0 0 40 0 0 0 0 0 0 0 0 0 0 0 0 0 0 0 0 0 0 2 0 0 0 0 0 0 0 3 14 8 0 0 0 0 31 31 5 0 0 1 10 31 0 14 21 0 18 0 0 0 0 0 0 0 0 0 0 0 0 0 0 0 0 0 0 0 0 0 0 0 0 0 0 2 0 0 0 0 0 0 0 0 0 0 0 0 0 0 0 0 0 0 0 0 48 0 10 0 0 0 0 0 0 1 0 0 0 0 0 0 0 0 74 0 0 2 0 0 5 0 0 2 0 0 0 0 0 0 0 0 0 0 0 0 0 0 0 0 0 0 0 0 0 0 0 0 0 0 0 0 0 0 0 0 0 0 0 
 291 353 47 93 223 73 273 160 89 146 83 36 252 339 0 315 270 270 62 183 0 0 3 0 4 0 2 1 5 3 0 0 3 6 0 0 5 7 0 0 6 0 2 0 3 2 0 0 0 0 2 2 0 0 65 3 57 0 2 0 0 2 0 4 2 2 0 0 29 0 0 0 5 2 0 3 3 0 0 3 25 13 28 12 0 7 21 28 33 10 0 1 0 15 28 77 71 7 0 1 0 22 0 0 0 11 0 0 0 0 0 0 0 0 0 0 0 0 0 0 12 0 0 0 0 0 17 0 0 0 0 0 0 10 0 0 0 0 0 0 0 4 0 0 0 0 0 0 0 0 0 0 0 0 0 0 0 0 0 0 13 31 27 4 0 0 0 50 32 22 13 0 0 1 1 24 29 17 0 0 0 0 0 0 0 0 0 0 0 0 1 0 0 0 0 0 0 0 0 0 0 0 0 3 0 0 0 0 22 0 0 0 0 0 0 0 0 0 0 0 0 0 0 0 0 0 0 0 0 0 0 0 0 0 1 2 0 0 0 0 0 1 0 0 0 0 0 2 3 0 0 5 2 0 0 0 0 0 0 0 0 0 2 0 0 0 0 0 0 0 0 0 0 0 0 13 0 0 0 0 0 0 0 0 0 0 0 0 0 3 
 38 235 230 49 68 70 470 341 74 178 81 44 54 35 315 0 303 441 37 149 2 2 3 0 3 0 3 0 3 3 1 0 4 0 0 0 0 3 1 1 3 0 0 0 0 2 1 0 0 65 0 0 0 1 3 3 0 0 0 0 0 0 0 2 5 0 0 0 0 0 4 0 6 2 7 3 12 2 4 0 0 16 27 11 0 0 0 14 29 38 17 0 1 14 13 1 28 21 0 0 0 0 0 0 0 0 0 0 0 0 0 0 0 0 0 0 0 0 0 0 0 0 0 20 0 0 12 0 0 0 0 0 0 2 0 0 0 0 0 0 0 0 0 0 14 0 0 0 0 0 0 0 0 0 0 0 0 0 0 0 1 30 25 24 0 0 0 0 11 60 27 21 0 0 13 37 36 17 0 3 0 0 0 0 0 0 0 0 0 0 0 0 0 0 0 0 0 0 0 0 0 0 0 0 0 0 0 0 0 0 0 0 0 0 0 0 0 0 0 0 0 0 0 0 0 0 0 0 0 0 0 0 0 0 0 0 0 0 0 0 0 18 0 0 0 0 4 0 1 1 0 8 0 0 0 0 0 0 0 0 0 0 20 0 0 62 0 0 0 0 0 0 0 0 0 35 0 21 0 0 0 0 0 0 0 0 0 0 0 0 
 248 321 253 151 43 66 40 48 245 265 258 96 34 29 270 303 0 608 55 42 0 1 3 0 3 0 1 0 0 0 0 0 3 0 2 0 0 4 0 0 3 0 0 0 8 2 4 0 0 0 0 0 0 0 3 3 0 0 0 0 0 0 2 2 5 0 0 0 0 0 0 0 0 2 0 3 3 0 0 0 0 1 77 49 0 0 0 28 45 30 38 0 0 0 8 10 39 37 0 0 0 0 0 0 0 2 0 0 0 0 0 0 8 0 0 0 0 0 0 13 0 2 0 0 0 0 0 0 0 0 0 0 0 0 0 0 0 0 0 0 0 0 0 0 0 0 0 0 0 0 0 0 0 0 0 0 0 0 0 0 0 10 27 30 1 0 1 0 22 13 11 10 0 0 18 15 12 57 1 15 0 0 0 0 0 0 0 0 0 0 0 0 0 0 0 1 0 0 19 0 0 0 0 0 0 0 0 0 0 0 0 0 0 0 0 0 0 0 0 0 0 0 0 0 0 0 0 0 0 0 0 0 0 0 0 0 0 0 0 0 0 5 0 0 0 92 86 2 1 2 0 7 0 0 2 0 0 0 0 0 0 0 10 0 0 0 0 0 0 0 0 0 0 0 0 54 16 14 0 0 0 0 0 0 0 0 0 0 0 0 
 37 54 649 472 60 64 266 250 452 115 438 80 451 27 270 441 608 0 47 70 0 2 3 0 3 0 4 0 0 0 1 0 3 3 0 3 0 80 0 2 3 0 66 0 0 2 0 0 0 0 0 3 0 0 3 3 3 0 0 2 0 0 2 2 4 30 0 0 27 0 0 0 0 2 0 3 5 0 0 0 0 0 24 62 18 1 1 0 29 45 28 42 1 0 1 0 13 32 0 0 0 0 0 0 0 0 0 0 0 0 0 0 0 0 0 0 0 1 0 0 1 0 1 4 0 0 1 0 0 0 21 0 0 2 0 0 0 2 0 0 0 0 0 0 0 2 0 0 0 0 0 2 0 0 0 0 0 26 0 0 1 0 14 46 11 13 0 0 1 22 31 64 0 0 16 1 0 22 0 0 0 0 0 2 0 0 0 7 17 0 0 0 0 0 0 0 0 0 0 0 0 0 0 0 0 0 0 0 0 0 0 0 0 0 0 0 0 0 0 14 0 0 0 0 0 0 0 0 0 2 0 0 0 0 0 0 0 0 0 0 0 5 0 0 0 6 173 3 1 188 0 7 15 0 0 0 0 0 0 0 0 0 10 0 0 0 0 0 0 0 0 0 0 0 0 22 11 9 0 0 0 0 0 0 0 0 0 0 0 0 
 56 45 43 67 129 247 260 51 78 66 64 26 400 89 62 37 55 47 0 275 0 0 3 0 3 0 2 0 0 0 0 0 3 0 0 2 0 3 1 0 3 0 0 0 0 2 0 0 0 0 24 0 0 0 3 3 0 72 0 1 0 0 0 2 0 0 0 0 0 0 0 4 36 2 0 3 3 0 0 0 0 0 0 0 0 0 34 20 0 0 0 0 38 10 0 0 0 0 47 72 0 0 0 1 0 0 0 0 6 0 0 0 0 0 0 0 0 0 0 0 0 0 0 0 0 0 0 1 1 0 0 0 0 1 0 0 0 0 0 0 0 0 2 1 0 0 0 0 1 0 0 0 0 0 2 1 7 0 0 0 22 0 0 0 0 0 21 0 0 0 0 0 28 16 2 0 0 0 9 34 0 0 0 0 0 0 0 0 0 0 0 56 0 0 21 0 0 0 0 0 0 2 0 0 0 0 0 0 0 0 0 0 0 2 0 0 2 0 0 0 0 0 0 0 0 0 0 0 0 0 2 0 0 0 0 0 0 0 0 0 0 0 0 0 0 0 0 0 2 1 0 1 0 0 0 0 0 0 0 0 0 0 0 0 0 0 0 0 0 0 0 0 0 0 0 0 0 0 0 0 0 0 0 0 0 0 0 0 0 0 
 55 259 114 57 65 264 335 136 154 83 63 50 163 83 183 149 42 70 275 0 0 2 5 0 3 0 1 0 1 0 0 0 9 0 0 1 0 3 0 1 3 0 0 0 0 2 0 0 0 0 0 0 0 0 3 3 0 0 0 2 0 0 0 2 0 0 0 0 0 0 0 0 0 2 0 3 47 0 53 0 38 11 24 0 0 0 39 18 16 5 0 0 5 9 54 22 0 0 11 18 0 0 0 0 0 0 0 0 0 0 0 14 0 0 0 0 0 0 0 0 20 0 0 0 0 0 2 0 0 0 0 0 0 14 0 0 0 0 0 0 0 0 0 0 0 0 0 0 0 0 0 0 0 0 0 0 0 0 0 0 3 17 0 16 0 0 37 36 12 55 10 0 45 23 26 1 18 11 0 0 0 0 0 0 0 0 0 0 0 0 0 0 0 0 0 0 0 0 0 0 0 0 0 0 0 0 0 0 0 0 0 0 0 0 0 0 0 0 0 0 0 0 0 0 0 0 0 0 0 0 0 0 0 0 0 0 0 0 0 0 0 0 0 0 0 0 0 0 2 2 0 12 0 0 0 0 0 0 0 0 0 0 0 0 0 0 0 0 0 0 0 0 0 0 0 0 0 0 0 0 0 0 0 0 0 0 0 0 0 0 
 202 0 73 0 0 0 0 0 0 0 0 0 0 0 0 2 0 0 0 0 0 167 77 49 87 9 295 401 63 26 20 33 46 128 331 244 37 30 28 115 0 3 3 2 0 3 0 0 2 0 2 3 0 211 4 3 1 0 0 2 0 0 9 3 0 0 0 3 3 2 0 0 3 3 0 0 3 0 0 0 0 0 0 0 0 0 0 0 0 0 0 0 0 0 2 0 0 0 0 0 12 18 36 0 0 0 2 57 7 14 0 0 0 12 40 23 38 26 0 0 0 0 0 0 0 0 0 0 0 0 0 0 0 0 0 0 0 0 0 0 0 0 0 0 0 0 0 0 0 0 0 0 0 0 0 0 0 0 0 0 0 3 0 4 0 2 0 0 0 0 1 0 0 0 0 0 0 3 11 0 0 38 34 18 0 0 9 53 30 25 0 0 13 46 43 42 12 8 0 25 0 1 0 0 0 0 0 0 0 0 0 0 0 0 0 0 0 0 0 0 0 0 0 0 0 0 2 0 0 0 0 0 35 2 0 0 0 0 19 0 0 0 0 0 0 0 0 0 0 0 0 0 0 0 3 2 2 0 0 0 1 0 0 0 0 0 0 0 0 0 0 0 0 0 0 0 0 0 0 0 0 15 0 0 0 0 24 0 0 0 
 117 0 0 117 1 117 1 0 0 0 0 0 0 1 0 2 1 2 0 2 167 0 341 47 38 47 79 372 217 25 29 263 55 352 329 212 417 38 248 41 1 3 0 2 0 0 0 0 1 0 2 4 0 4 0 0 0 0 0 2 0 0 0 3 0 0 0 3 3 0 1 0 3 0 0 0 3 0 0 0 0 0 0 0 0 0 0 0 0 0 0 0 0 0 0 0 0 0 0 0 0 14 37 19 12 0 0 0 31 45 21 79 0 0 16 44 39 60 0 0 2 0 0 0 0 1 0 0 0 0 0 0 0 0 0 0 0 0 0 0 0 0 0 0 0 0 0 0 0 0 10 0 0 0 0 0 0 0 0 2 0 7 0 2 0 0 0 0 0 0 0 0 0 0 0 0 0 9 2 0 16 23 10 41 0 0 0 27 24 44 18 16 7 15 98 16 44 81 0 0 0 1 0 0 0 0 0 0 0 0 1 0 0 0 0 0 0 0 0 0 0 0 0 0 0 0 0 1 0 0 0 0 0 0 0 0 0 0 0 0 0 0 9 0 0 2 0 0 0 0 0 0 0 0 6 0 0 0 0 2 21 20 0 0 0 9 0 0 0 0 0 0 0 0 0 0 0 0 0 0 0 11 0 0 0 0 37 0 0 0 
 71 3 3 3 4 3 3 3 3 3 3 3 77 4 3 3 3 3 3 5 77 341 0 107 56 189 79 121 257 368 34 34 78 267 288 362 223 351 33 27 0 3 0 5 0 0 0 0 1 3 2 2 0 1 0 3 0 1 3 1 0 0 0 3 0 4 0 3 3 0 0 0 5 0 1 0 2 0 0 0 0 0 0 0 0 0 0 0 0 0 0 0 0 0 0 0 0 0 0 0 0 19 31 18 9 0 0 0 40 31 25 23 0 0 0 25 19 30 0 0 2 0 0 2 0 0 0 0 0 20 0 0 0 0 2 0 0 0 0 0 0 0 1 4 0 0 0 0 0 0 27 0 0 0 0 0 0 0 0 7 0 4 0 2 0 0 0 0 0 0 0 0 0 0 0 4 0 0 2 0 9 9 17 38 12 0 1 0 21 29 49 18 8 0 8 28 38 40 0 0 0 1 0 0 0 0 0 0 0 0 0 0 0 0 0 0 0 0 0 1 0 0 0 0 0 0 0 0 0 0 0 0 0 0 0 0 0 0 0 0 0 0 7 0 0 2 0 0 0 0 0 0 0 0 13 0 2 2 3 0 11 30 0 0 0 0 8 0 2 0 0 0 0 0 0 0 0 0 0 0 0 20 0 0 0 0 0 0 0 2 
 0 0 0 0 0 0 0 0 36 0 4 0 0 0 0 0 0 0 0 0 49 47 107 0 298 29 510 74 126 401 115 338 367 101 45 108 140 572 59 67 0 0 0 0 0 0 0 0 1 0 0 0 0 0 0 0 0 0 0 1 0 0 0 0 3 0 0 0 0 0 0 0 0 0 0 0 0 0 0 0 0 0 0 0 0 0 0 0 0 0 1 0 0 0 0 0 0 0 0 0 0 18 15 35 23 43 0 1 9 1 12 16 0 1 0 0 13 2 0 0 0 0 0 0 0 0 0 0 0 0 0 0 24 0 0 0 0 0 12 0 0 0 0 0 0 0 0 0 0 0 0 0 0 0 0 0 0 0 0 15 0 0 0 0 0 0 0 0 0 0 0 0 1 0 0 34 0 0 0 0 2 1 17 12 38 26 0 8 1 16 38 30 0 0 0 10 21 19 0 0 0 0 0 0 0 0 0 0 0 0 0 0 13 0 0 0 0 0 23 14 0 0 0 0 0 0 0 0 0 0 2 0 0 0 0 0 0 0 0 2 0 0 0 0 0 0 0 0 0 0 0 0 0 0 1 2 0 42 7 0 0 1 0 0 0 0 8 0 0 0 0 0 0 0 0 0 0 0 0 0 0 12 0 0 0 0 0 0 0 0 
 3 3 3 3 3 79 3 3 3 3 3 3 3 3 4 3 3 3 3 3 87 38 56 298 0 399 352 57 113 280 68 395 302 160 72 44 70 287 62 58 0 21 0 5 0 0 0 0 1 0 3 0 0 0 0 0 0 0 4 1 0 2 0 3 0 0 0 3 23 0 0 7 3 5 0 0 10 2 14 0 0 1 0 0 0 4 0 0 0 0 0 0 0 0 0 0 0 0 0 0 0 0 0 3 6 19 0 0 0 0 69 8 0 0 0 0 10 0 0 0 3 0 0 0 0 0 0 3 0 1 0 0 37 1 1 0 0 0 40 13 0 0 0 0 1 6 0 0 0 0 0 0 0 0 0 0 0 0 2 1 8 0 0 0 0 0 0 2 0 0 0 0 0 0 0 1 0 0 0 0 0 0 0 0 22 25 0 0 2 0 0 0 0 0 0 16 0 0 0 0 16 0 0 0 0 0 12 0 0 0 0 0 77 1 0 2 0 0 50 38 0 0 0 0 0 0 0 0 0 0 0 0 0 0 0 0 2 0 0 0 0 0 0 0 0 0 0 0 0 0 0 0 0 0 3 0 2 5 5 2 6 1 0 0 0 0 0 0 0 0 0 0 0 0 0 0 2 0 0 0 0 0 0 0 0 0 0 0 0 0 
 0 0 1 2 0 0 0 0 0 2 0 1 2 0 0 0 0 0 0 0 9 47 189 29 399 0 31 40 43 53 58 68 24 44 49 146 59 276 42 52 0 9 0 10 0 0 0 0 28 0 2 3 0 0 0 0 0 0 191 1 0 0 0 3 0 25 6 3 3 0 0 5 3 9 0 0 9 0 19 3 0 0 0 0 0 0 0 0 0 8 0 0 0 0 0 0 0 0 0 0 0 0 0 0 8 27 0 0 0 0 24 8 2 0 0 0 0 0 0 2 39 8 0 0 0 0 26 16 0 0 0 0 38 57 14 0 0 0 34 87 0 0 0 0 2 3 0 0 0 0 1 0 0 0 0 0 0 0 0 1 0 0 0 0 0 0 0 24 1 0 0 0 0 0 1 0 0 0 0 0 0 0 0 0 57 15 0 0 0 0 0 0 0 0 0 0 0 2 0 0 24 0 2 0 0 0 25 7 0 0 0 0 29 0 1 0 0 0 21 49 0 0 0 0 0 0 0 0 0 0 0 0 2 0 3 0 0 3 0 0 0 0 0 0 0 2 0 0 0 1 0 0 0 0 3 0 1 0 5 0 1 0 0 0 0 0 0 0 0 0 0 0 0 0 1 0 0 0 0 0 0 0 0 0 0 0 0 0 0 0 
 3 1 2 5 0 3 2 2 2 1 1 3 2 1 2 3 1 4 2 1 295 79 79 510 352 31 0 110 261 47 29 42 588 585 47 39 40 250 52 472 0 3 0 2 0 0 0 0 2 0 2 1 1 0 0 0 0 0 0 1 0 0 0 3 0 2 0 3 2 0 0 5 3 0 0 0 2 1 0 0 0 0 1 0 0 0 0 11 0 2 0 0 0 0 0 0 0 0 0 0 1 29 0 0 0 0 18 33 0 1 2 0 1 26 34 15 1 0 0 9 0 0 0 0 9 9 0 0 0 0 0 0 0 0 0 0 0 0 1 0 0 0 0 0 0 0 0 2 0 0 2 0 0 0 0 0 0 0 0 0 0 0 0 0 0 1 0 0 0 0 27 1 0 0 0 0 0 0 0 0 19 38 8 0 0 0 15 38 18 0 0 0 4 26 9 21 1 0 11 29 7 0 0 0 1 0 0 0 0 0 0 0 0 0 0 0 0 0 0 0 0 0 0 0 0 0 0 0 0 11 0 0 19 0 0 1 0 0 0 0 0 0 0 0 0 0 1 0 0 0 0 0 0 0 6 0 2 0 0 2 0 1 0 0 0 0 0 0 0 0 0 0 0 0 0 0 0 0 0 0 0 0 0 0 1 0 0 0 0 3 
 0 0 2 0 0 0 0 2 0 0 0 0 5 0 1 0 0 0 0 0 401 372 121 74 57 40 110 0 192 37 31 35 119 418 95 264 74 20 76 38 0 3 66 2 0 0 0 0 1 0 3 9 3 23 2 0 3 2 0 1 2 0 2 3 4 0 0 3 3 0 0 0 3 0 0 0 3 0 0 0 0 0 0 0 0 0 0 0 0 0 0 0 0 0 0 0 0 0 0 0 0 38 43 1 0 0 0 15 62 60 20 46 0 0 24 30 41 31 0 0 0 0 0 0 0 0 0 0 0 0 0 0 0 0 0 0 0 0 0 0 0 0 0 0 0 0 2 0 0 0 0 0 0 0 0 0 0 0 0 1 0 6 0 0 0 0 0 0 12 0 0 0 0 0 0 0 0 26 0 0 0 21 47 37 0 0 0 44 13 58 3 1 5 22 23 50 52 16 0 0 1 0 0 0 0 0 0 0 0 0 0 0 0 0 0 0 0 0 0 0 0 0 0 0 0 0 0 0 0 0 2 2 31 0 0 0 0 0 15 2 0 0 12 0 0 0 0 0 0 0 0 0 0 0 6 0 0 0 1 2 0 23 16 0 0 71 0 0 0 0 0 0 0 0 0 0 0 0 0 0 0 2 0 0 0 0 14 0 0 0 
 0 0 0 66 0 0 0 1 0 0 0 1 0 0 5 3 0 0 0 1 63 217 257 126 113 43 261 192 0 331 50 80 134 370 173 324 498 259 88 58 0 3 0 2 0 0 0 0 1 0 3 3 0 2 2 2 0 0 1 1 0 0 0 3 38 0 0 5 3 0 0 0 5 0 0 0 71 0 1 0 0 0 0 0 0 0 0 0 0 0 0 0 0 0 0 0 0 0 0 0 0 12 87 20 11 0 0 0 43 40 16 30 0 0 0 24 37 23 0 0 0 0 0 0 0 0 0 0 0 0 0 0 0 0 0 0 0 13 1 0 0 3 0 0 0 0 0 0 0 0 3 0 0 0 0 0 0 0 0 1 0 4 0 0 0 0 1 0 0 0 0 0 0 0 0 12 0 14 0 0 8 9 21 38 19 0 0 1 26 58 37 35 1 2 15 11 37 57 0 7 0 0 0 0 0 0 5 0 0 0 0 0 0 0 0 0 0 0 0 0 0 0 0 0 0 0 0 0 0 0 0 0 0 0 0 0 0 0 0 0 0 0 11 0 0 0 0 0 0 0 0 0 0 0 6 0 4 1 3 2 19 7 0 0 0 0 8 0 0 0 0 0 0 0 0 0 0 0 0 0 0 2 0 0 0 0 0 9 0 0 
 0 0 0 3 0 171 0 0 0 0 74 1 0 0 3 3 0 0 0 0 26 25 368 401 280 53 47 37 331 0 440 93 54 81 93 184 295 147 263 81 0 3 0 4 0 3 0 0 4 2 2 1 3 0 0 0 2 0 0 2 4 25 0 3 1 2 0 3 6 3 0 1 5 0 0 0 3 0 1 0 0 0 0 0 0 0 0 0 0 0 0 0 0 2 0 0 0 0 0 0 0 0 0 41 36 9 0 0 19 0 61 20 0 0 0 18 19 24 0 0 0 0 0 1 0 0 0 0 0 2 0 0 0 0 6 0 0 0 15 0 0 9 0 0 0 0 0 0 0 0 7 0 0 0 0 0 0 0 0 6 0 0 0 0 0 0 0 0 0 0 0 0 0 0 0 3 0 0 0 0 26 10 21 22 25 10 0 0 12 18 54 44 1 0 0 0 4 50 0 0 0 0 0 0 0 0 17 0 0 2 0 2 0 0 0 1 0 0 2 0 0 0 0 0 0 1 0 0 0 0 0 0 0 0 0 1 1 0 0 0 0 0 0 0 0 28 0 0 0 0 0 0 0 0 16 0 2 159 161 0 12 2 0 0 0 0 4 0 0 0 0 0 0 0 0 0 0 0 0 0 0 18 0 0 0 0 0 0 0 0 
 2 0 2 74 0 5 0 0 0 0 0 3 0 0 0 1 0 1 0 0 20 29 34 115 68 58 29 31 50 440 0 667 37 38 287 54 251 379 40 479 0 3 0 2 0 0 0 0 1 0 3 1 0 0 0 0 0 3 0 1 0 206 58 3 0 0 0 3 3 0 0 5 3 0 0 0 3 0 0 0 0 0 2 0 0 0 0 0 0 2 1 0 0 0 0 0 0 0 0 0 0 0 0 25 27 16 0 0 10 0 8 6 0 0 0 0 20 17 0 0 1 0 0 0 0 0 0 0 0 0 0 0 11 0 0 0 0 0 36 0 0 0 0 0 0 0 0 11 0 0 2 0 13 0 0 0 0 2 0 1 0 2 2 0 0 0 0 0 0 0 0 0 0 0 0 2 0 0 0 0 0 0 0 19 19 23 0 0 0 0 25 39 0 0 0 0 11 0 0 0 0 0 0 0 2 0 0 0 0 0 0 0 12 0 0 0 0 0 18 11 0 0 0 0 0 0 0 0 0 0 0 0 0 0 0 0 0 0 0 0 0 0 0 0 0 0 0 0 0 0 0 0 0 0 2 0 0 83 43 2 4 1 0 0 0 0 11 0 0 0 0 0 0 0 0 0 0 0 0 0 0 12 0 0 0 0 0 0 0 0 
 0 0 0 63 0 0 0 0 0 0 0 2 0 0 0 0 0 0 0 0 33 263 34 338 395 68 42 35 80 93 667 0 245 35 40 41 83 83 38 255 0 5 29 2 0 0 0 1 2 0 2 0 0 0 0 0 0 0 0 2 0 6 0 3 0 3 0 3 3 0 0 4 6 0 1 0 10 0 0 0 0 0 7 0 0 0 0 0 0 0 0 0 0 0 0 0 0 0 0 0 0 0 0 37 34 45 0 0 0 0 38 36 0 0 0 0 0 0 0 0 0 0 0 0 0 0 0 0 19 0 0 0 19 0 0 0 0 0 50 9 0 0 0 0 1 5 0 0 0 0 0 0 0 1 0 0 0 0 0 0 0 0 0 0 0 2 0 0 1 0 0 0 0 0 0 0 0 12 0 0 0 0 0 0 47 24 0 0 0 0 0 30 0 0 0 0 0 0 0 0 14 0 0 0 0 0 19 0 0 0 0 0 21 0 0 0 0 0 52 26 0 0 0 0 0 0 2 0 1 0 0 0 0 0 0 0 0 0 0 0 0 0 0 0 0 0 0 0 0 0 0 0 0 0 9 1 2 149 158 2 2 0 0 0 0 0 0 0 0 0 0 0 0 0 0 0 0 0 0 0 0 0 0 0 0 0 0 0 0 0 
 3 3 3 4 3 19 3 3 3 3 3 34 3 5 3 4 3 3 3 9 46 55 78 367 302 24 588 119 134 54 37 245 0 253 32 35 54 35 440 244 3 3 4 3 0 3 0 0 4 3 2 0 3 0 2 0 8 40 0 2 60 0 0 3 0 1 0 3 3 0 0 0 3 0 0 0 2 2 3 0 0 0 14 0 0 0 13 0 0 0 0 0 0 0 1 16 0 0 0 0 92 31 0 0 0 0 33 56 0 0 0 0 0 54 56 0 0 0 13 38 0 0 0 11 0 0 0 0 0 0 0 0 0 0 7 0 0 0 0 0 0 7 0 0 0 0 0 0 0 0 0 0 0 0 0 0 0 0 0 0 0 0 0 0 0 1 0 0 0 0 7 25 0 0 0 0 0 0 0 0 62 23 0 0 0 0 60 18 22 1 2 0 45 48 10 0 0 0 15 20 0 0 0 0 0 0 0 0 0 0 0 0 0 0 0 0 0 0 0 0 0 0 0 0 0 0 0 0 2 0 0 0 0 1 0 0 0 0 0 0 0 0 0 0 0 0 0 0 0 0 0 0 0 0 13 5 1 0 0 0 5 1 0 0 0 0 0 0 0 0 0 0 0 0 0 0 0 0 0 0 0 0 0 0 0 0 0 0 0 0 
 0 0 0 3 0 0 0 0 0 1 0 75 2 0 6 0 0 3 0 0 128 352 267 101 160 44 585 418 370 81 38 35 253 0 462 38 247 133 86 624 0 3 0 2 0 0 0 0 2 1 2 16 0 4 1 0 0 0 0 2 0 0 0 3 4 0 0 3 3 1 0 0 3 0 0 0 3 0 0 0 0 1 0 0 0 0 0 0 0 0 0 0 0 0 0 0 0 0 0 0 11 8 11 0 0 0 5 38 8 19 0 2 0 20 40 16 33 33 0 2 0 0 0 0 0 0 0 0 0 1 0 0 0 0 0 0 0 0 0 0 0 0 0 0 0 0 0 0 0 0 0 0 0 0 0 14 0 0 2 0 0 3 0 0 1 0 0 0 0 0 2 1 0 0 0 1 0 4 0 2 0 47 32 27 0 0 9 52 66 16 0 17 9 110 33 32 15 12 0 13 0 0 0 0 0 0 0 0 0 0 6 0 19 0 0 1 0 0 0 0 0 0 0 0 0 0 0 0 0 0 0 0 8 0 0 0 0 0 0 0 0 0 0 0 0 0 0 0 0 0 0 0 0 0 10 0 4 0 0 4 3 0 0 0 0 0 0 0 0 0 0 0 0 0 0 0 2 0 0 0 0 27 0 0 0 0 21 0 0 0 
 5 0 0 0 0 2 2 0 0 0 0 0 0 0 0 0 2 0 0 0 331 329 288 45 72 49 47 95 173 93 287 40 32 462 0 323 59 36 66 309 0 3 0 2 0 0 0 1 7 0 2 7 0 9 0 0 1 0 0 1 0 0 0 3 0 1 0 3 3 0 0 0 3 0 0 0 2 0 0 0 2 0 17 0 0 0 0 0 0 0 0 0 0 0 0 0 0 0 0 0 0 38 44 1 0 2 0 14 42 48 19 27 0 1 17 30 52 29 0 1 0 0 0 0 0 0 0 0 0 0 0 0 0 0 0 0 0 0 0 0 0 0 0 0 0 0 0 0 0 0 0 0 0 0 0 0 0 0 13 1 0 21 0 0 0 0 0 0 0 0 0 0 0 0 0 0 0 6 0 0 0 26 34 30 1 0 0 46 45 46 1 1 5 21 22 47 34 16 0 0 0 0 0 0 0 0 0 0 0 0 0 0 0 0 0 0 0 0 0 0 0 0 0 0 0 0 0 0 0 0 0 0 18 0 0 0 12 0 0 0 0 0 9 0 0 1 0 0 0 0 0 0 2 0 11 0 0 0 2 1 0 20 0 0 0 0 0 0 0 0 0 0 0 0 0 0 0 0 0 0 0 2 0 0 0 0 15 0 0 0 
 202 0 0 0 0 0 0 0 1 2 72 0 2 0 0 0 0 3 2 1 244 212 362 108 44 146 39 264 324 184 54 41 35 38 323 0 253 112 30 61 0 3 0 2 0 0 0 6 2 0 2 5 0 3 62 4 0 0 1 2 0 0 0 3 0 38 0 3 3 0 0 0 3 0 0 0 2 4 0 6 0 0 0 0 9 0 0 0 0 15 0 0 0 0 0 0 0 0 0 0 0 11 68 10 12 0 0 1 35 69 28 30 0 1 1 80 52 42 0 1 0 0 0 1 0 0 0 0 0 0 0 0 0 0 1 0 0 0 0 0 0 0 0 0 14 0 0 0 0 0 3 0 0 0 0 0 0 0 0 0 0 41 0 0 0 0 0 0 0 0 0 0 0 0 0 3 0 6 0 0 10 7 21 32 0 0 0 13 17 49 18 18 0 1 35 26 53 50 0 0 0 0 2 0 0 0 0 0 0 0 0 0 0 0 0 0 0 0 0 0 0 0 0 0 0 0 0 0 0 0 0 0 3 0 0 0 0 2 0 0 0 0 10 0 0 0 0 0 0 0 0 0 0 0 9 0 0 2 3 1 19 8 0 0 0 0 0 0 0 0 0 0 0 0 0 0 0 0 0 0 0 1 0 0 0 0 13 0 0 0 
 0 0 0 0 0 0 0 0 0 0 0 0 0 0 5 0 0 0 0 0 37 417 223 140 70 59 40 74 498 295 251 83 54 247 59 253 0 404 93 35 0 3 66 2 0 1 0 3 2 0 2 6 0 3 6 0 0 0 2 86 0 5 3 3 0 0 0 3 3 0 6 3 7 6 6 0 3 0 0 0 0 0 0 0 0 1 0 0 0 0 0 0 0 0 0 0 0 0 0 0 1 0 76 23 39 0 0 1 46 33 32 25 0 2 0 21 30 23 1 0 0 0 0 0 0 0 0 0 0 0 0 0 0 0 0 0 0 0 21 1 2 2 0 0 0 0 0 0 0 0 3 0 2 0 0 0 0 0 0 7 0 1 0 0 6 0 0 0 0 0 0 0 0 0 0 6 0 0 0 0 17 7 36 42 12 0 10 0 13 42 96 34 0 0 3 0 33 40 0 0 0 0 0 0 0 0 0 1 0 0 0 0 0 0 0 0 0 0 0 0 0 1 0 0 0 2 0 0 0 0 0 0 0 0 0 0 0 0 0 0 0 0 15 0 0 0 0 0 2 0 0 0 0 1 7 0 2 74 0 0 9 13 0 0 0 2 6 0 0 0 0 0 0 27 0 0 0 0 0 0 0 13 0 0 1 0 0 0 0 0 
 3 3 3 3 3 3 39 3 3 3 4 5 3 3 7 3 4 80 3 3 30 38 351 572 287 276 250 20 259 147 379 83 35 133 36 112 404 0 24 37 0 3 0 2 0 0 0 0 2 0 2 1 0 0 0 0 0 0 0 2 0 5 0 111 0 1 0 3 3 0 0 3 3 0 0 0 2 0 0 0 0 0 0 0 0 0 0 11 0 0 0 0 0 0 1 0 0 0 0 0 0 0 5 34 35 10 0 0 15 1 23 12 0 0 0 12 10 15 0 0 0 0 0 0 0 0 0 0 0 0 0 0 0 1 0 0 0 0 17 0 0 0 0 0 0 1 0 0 0 0 2 0 0 0 0 27 0 0 0 3 0 0 0 0 0 0 0 0 0 0 22 0 0 0 0 10 0 0 13 0 9 8 19 20 18 12 0 0 18 15 45 61 0 0 1 1 8 46 0 0 0 17 0 0 0 0 0 0 0 0 4 0 0 0 0 0 0 0 0 0 0 0 0 0 0 0 1 0 2 0 0 0 0 1 0 0 0 0 0 0 0 0 0 0 0 0 0 0 0 0 0 0 0 0 7 0 0 157 149 4 12 2 0 0 0 0 7 0 0 0 0 0 0 0 0 0 0 0 0 0 0 6 0 0 0 9 0 0 0 0 
 2 0 0 3 1 309 1 0 0 0 0 0 8 0 0 1 0 0 1 0 28 248 33 59 62 42 52 76 88 263 40 38 440 86 66 30 93 24 0 568 0 3 7 2 0 0 0 0 0 0 3 0 0 0 2 0 3 3 0 201 2 0 0 3 0 0 0 3 3 0 0 0 3 0 0 0 3 0 0 0 0 0 0 1 13 6 0 0 0 0 1 0 0 0 0 0 0 0 0 0 52 18 0 0 0 0 39 7 0 0 0 0 37 34 2 0 0 0 21 18 0 0 0 0 0 0 0 0 0 0 0 0 0 0 0 0 3 0 0 0 0 0 0 0 0 0 0 0 0 0 0 0 0 0 0 0 0 0 0 0 0 0 0 0 0 6 0 0 0 0 12 4 0 0 0 0 0 0 0 0 55 0 0 0 0 0 42 1 0 0 0 0 30 1 16 1 0 0 39 21 0 0 0 0 0 0 0 0 0 0 0 0 0 0 0 0 0 0 0 0 0 0 0 0 0 0 0 0 0 0 13 0 0 0 15 0 0 0 0 0 0 0 0 0 0 0 0 0 0 1 0 0 0 0 6 0 2 0 0 0 1 0 0 0 0 0 0 0 0 0 0 0 0 0 0 0 0 0 0 0 0 0 0 0 0 0 0 0 0 0 
 0 2 0 0 0 3 0 0 1 0 0 3 0 0 0 1 0 2 0 1 115 41 27 67 58 52 472 38 58 81 479 255 244 624 309 61 35 37 568 0 51 3 7 2 0 0 0 0 1 0 2 0 0 0 0 0 2 0 0 204 0 47 0 3 0 0 0 3 3 0 0 0 3 0 0 0 3 0 0 0 0 0 0 0 0 1 0 0 0 0 0 0 0 0 0 0 0 0 0 0 55 35 0 0 0 0 39 53 0 0 0 0 0 55 32 0 0 0 1 25 0 0 0 20 0 0 0 0 0 0 0 0 0 0 0 0 0 0 0 0 0 0 0 0 0 0 0 0 0 0 0 0 0 0 0 0 0 0 0 0 0 0 0 0 0 0 0 0 0 0 14 9 0 0 0 0 0 0 0 0 36 46 3 0 0 0 32 34 25 0 0 0 14 38 10 11 0 0 13 17 0 0 0 0 0 0 0 0 0 9 0 0 0 0 0 0 0 0 0 0 0 0 0 0 0 0 0 0 0 0 0 0 10 0 0 0 0 0 0 0 0 0 0 0 0 0 0 0 0 0 0 0 0 0 3 0 2 0 0 2 0 2 0 0 0 0 0 0 0 0 0 0 0 0 0 0 0 0 0 0 0 0 0 0 0 0 0 0 0 0 
 3 3 3 3 3 3 3 3 2 3 3 1 1 3 6 3 3 3 3 3 0 1 0 0 0 0 0 0 0 0 0 0 3 0 0 0 0 0 0 51 0 105 67 54 466 243 314 502 116 40 37 28 75 133 292 122 28 32 255 396 0 0 0 0 0 0 0 1 0 0 0 0 0 0 1 3 0 51 1 2 0 0 0 0 0 0 0 0 0 0 0 0 0 0 0 0 0 0 0 0 0 0 0 0 0 0 0 0 0 0 0 0 0 0 0 0 0 0 0 0 0 16 28 2 10 0 10 32 36 32 21 6 0 12 1 14 17 14 0 0 1 0 0 0 0 0 0 0 0 0 0 0 0 0 0 0 0 0 0 0 0 0 0 0 0 0 0 0 6 0 0 0 0 0 5 10 0 0 0 1 0 0 0 0 0 1 0 0 0 0 0 0 0 0 0 0 0 0 0 0 6 74 19 5 7 0 13 29 28 16 0 3 0 8 37 51 45 9 0 2 0 0 0 0 0 0 0 0 0 9 0 0 0 0 0 0 0 0 1 0 0 0 0 0 0 0 0 0 0 0 0 0 0 1 0 0 0 0 0 1 0 0 0 0 0 2 0 0 0 0 0 0 0 0 0 0 0 0 0 0 0 0 9 0 14 0 0 0 0 0 
 0 0 0 0 0 0 0 0 0 0 0 0 0 0 0 0 0 0 0 0 3 3 3 0 21 9 3 3 3 3 3 5 3 3 3 3 3 3 3 3 105 0 582 81 264 37 62 289 192 35 56 250 75 41 266 475 497 301 62 56 1 0 0 0 0 0 0 8 0 0 0 0 0 0 7 4 0 0 0 0 0 0 0 0 0 0 0 0 0 0 0 0 0 0 0 0 0 0 0 0 0 0 0 0 0 0 0 0 0 0 18 5 0 0 0 0 0 0 0 0 14 10 9 27 7 0 0 18 94 28 37 34 5 0 5 33 27 60 1 10 0 0 0 0 0 0 0 0 0 0 0 0 1 0 0 0 0 12 6 0 0 0 0 0 0 0 0 0 3 0 0 0 0 0 0 0 0 0 0 0 17 0 0 0 5 2 0 0 0 0 0 0 0 0 0 0 0 0 0 0 6 21 12 8 9 0 0 0 16 27 45 12 5 5 0 22 25 27 0 0 0 0 0 0 0 0 0 0 0 0 0 0 0 0 0 0 0 0 0 0 0 0 9 0 0 0 0 0 0 26 0 6 0 1 0 0 0 0 0 6 0 0 2 0 0 20 2 0 2 0 3 0 0 0 0 0 0 0 0 0 0 0 0 0 0 12 0 0 0 0 
 0 0 0 2 0 4 2 0 36 0 0 0 0 0 2 0 0 66 0 0 3 0 0 0 0 0 0 66 0 0 0 29 4 0 0 0 66 0 7 7 67 582 0 108 37 45 484 120 124 240 282 470 59 53 61 106 402 305 32 30 0 0 0 0 0 0 0 14 0 0 1 0 0 0 10 4 2 0 49 0 0 0 14 0 4 0 0 0 1 0 0 6 0 0 0 0 0 0 0 0 15 1 0 0 0 0 6 4 10 0 0 6 0 2 0 0 0 0 0 13 0 0 13 41 10 9 0 0 12 15 26 50 0 0 0 13 20 27 0 0 0 0 0 0 0 1 0 0 0 1 0 0 4 0 0 0 0 9 4 0 0 0 0 0 0 0 0 0 1 1 0 35 0 0 0 0 0 0 0 0 2 0 0 0 0 0 1 0 0 0 0 0 0 0 7 0 0 0 2 7 0 0 18 25 15 1 0 0 0 17 47 5 0 0 0 0 0 46 0 0 0 0 0 6 0 0 0 0 0 0 0 0 1 0 0 0 0 0 8 0 0 0 20 0 0 0 0 0 0 0 0 9 0 0 0 0 0 0 0 11 0 0 4 6 0 19 1 2 0 0 10 0 0 0 0 0 0 0 0 0 0 0 0 0 7 31 0 0 2 0 
 0 80 0 0 0 0 0 0 0 0 0 3 0 0 0 0 0 0 0 0 2 2 5 0 5 10 2 2 2 4 2 2 3 2 2 2 2 2 2 2 54 81 108 0 161 53 84 84 276 288 429 337 54 59 67 70 55 254 90 77 0 0 0 0 0 0 0 0 0 56 1 0 0 0 0 0 1 0 0 0 0 0 0 0 0 0 0 0 0 0 0 0 0 0 0 0 0 0 0 0 0 0 0 0 0 0 0 0 0 0 0 0 0 0 0 0 0 0 0 0 6 7 4 0 24 23 0 7 0 0 15 21 0 0 11 0 0 0 0 0 0 0 0 0 0 0 0 25 0 0 0 0 8 0 0 0 0 0 10 10 0 0 0 4 0 0 18 0 0 4 0 0 0 0 0 0 0 0 2 0 0 0 0 0 1 0 0 0 0 0 0 0 0 0 0 0 0 0 0 0 1 1 16 25 16 19 23 7 0 0 0 25 18 13 8 5 0 9 0 0 0 0 0 0 0 0 11 0 0 0 0 0 1 0 0 0 0 0 17 0 0 0 0 0 0 0 0 0 0 0 0 1 0 0 0 0 0 0 0 0 0 1 15 11 0 2 0 37 0 0 0 0 0 0 0 0 0 0 0 0 0 2 0 0 7 0 0 0 2 0 
 0 0 0 1 0 0 0 0 0 0 0 0 0 0 3 0 8 0 0 0 0 0 0 0 0 0 0 0 0 0 0 0 0 0 0 0 0 0 0 0 466 264 37 161 0 549 36 96 53 45 110 250 51 70 93 88 62 40 56 302 0 0 0 7 7 1 0 0 0 0 100 7 1 0 0 1 0 0 0 1 0 0 0 0 0 0 0 0 0 0 0 0 0 0 0 0 0 0 0 0 0 0 0 17 0 0 0 0 0 0 0 0 0 0 0 0 0 0 0 0 0 0 0 0 15 39 0 0 0 0 1 1 0 0 0 1 1 0 0 0 0 0 0 7 0 16 9 18 0 8 0 5 24 0 11 0 0 0 29 23 0 0 0 6 7 0 1 0 0 41 0 0 0 0 0 0 0 0 0 0 0 0 0 0 22 0 0 0 0 0 0 0 0 0 0 0 0 0 16 0 0 0 0 0 1 11 0 0 0 1 0 1 0 0 0 0 0 0 0 0 7 0 0 1 0 8 81 0 0 0 0 0 14 5 0 0 0 0 14 14 0 0 1 0 0 64 0 0 0 0 0 7 0 0 0 0 0 0 0 1 0 0 1 3 0 0 1 2 0 0 0 0 0 0 0 3 0 0 0 0 0 0 0 0 0 0 0 0 2 0 
 3 2 2 2 2 2 2 2 31 2 2 3 3 2 2 2 2 2 2 2 3 0 0 0 0 0 0 0 0 3 0 0 3 0 0 0 1 0 0 0 243 37 45 53 549 0 29 250 38 247 84 66 42 32 78 64 65 68 46 60 0 0 3 6 3 0 0 0 0 27 75 7 0 0 0 0 0 0 107 0 0 0 0 0 0 0 0 0 0 0 0 0 0 0 0 0 0 0 1 0 0 1 0 0 0 0 0 0 0 0 0 0 0 0 0 0 0 0 0 0 0 1 0 0 0 23 0 0 0 0 0 0 30 0 0 0 0 0 0 0 0 24 0 6 0 14 15 4 0 14 0 9 9 7 13 0 2 0 11 7 0 0 0 1 3 0 0 0 0 1 0 0 0 0 0 0 0 0 0 0 0 0 3 0 0 0 0 0 0 0 0 0 0 0 0 0 0 0 0 0 0 0 0 0 0 10 1 0 0 0 0 0 0 0 0 0 0 0 0 0 13 0 0 4 0 3 33 11 0 0 0 0 24 32 0 0 1 0 12 25 0 0 0 0 0 0 0 0 0 0 0 5 1 0 0 0 0 0 0 0 0 0 1 0 0 3 3 0 1 0 0 0 0 0 0 7 0 0 0 0 0 0 0 0 0 0 0 0 1 0 
 0 0 0 2 0 0 0 0 0 0 0 0 0 1 0 1 4 0 0 0 0 0 0 0 0 0 0 0 0 0 0 0 0 0 0 0 0 0 0 0 314 62 484 84 36 29 0 74 45 28 44 252 331 245 41 43 31 30 63 180 0 0 0 0 0 6 0 0 0 0 0 0 2 0 0 0 0 0 0 3 0 9 0 0 0 0 0 0 0 0 0 0 0 9 0 0 0 0 0 0 0 0 0 0 0 0 0 0 0 0 25 10 0 0 0 0 0 0 0 0 12 60 49 0 0 7 7 59 1 0 0 0 0 24 18 7 1 1 0 0 0 0 0 0 0 0 0 0 0 0 0 0 0 0 0 0 0 0 0 0 0 0 0 0 0 0 0 0 6 0 0 0 0 0 5 0 0 0 0 0 0 0 0 0 0 0 0 0 0 0 0 0 0 0 0 0 0 0 0 0 23 13 14 0 0 0 14 48 12 0 0 0 0 32 47 12 8 1 0 6 0 0 0 0 0 0 0 0 0 0 0 0 0 0 0 0 0 0 0 0 0 0 0 0 0 0 0 0 0 0 0 16 0 0 0 0 0 0 0 0 0 0 0 0 0 2 2 0 0 0 1 0 0 0 0 0 0 0 0 0 0 0 0 0 0 0 0 0 2 0 
 0 0 0 0 0 0 0 0 0 0 0 0 0 0 0 0 0 0 0 0 0 0 0 0 0 0 0 0 0 0 0 1 0 0 1 6 3 0 0 0 502 289 120 84 96 250 74 0 79 22 105 27 87 212 154 45 55 33 74 71 50 0 28 0 0 2 0 6 2 0 54 0 2 0 0 7 0 0 0 0 0 0 0 0 0 0 0 0 0 0 0 0 0 0 0 0 0 0 0 0 0 0 0 0 0 1 0 6 0 0 0 0 0 0 0 0 0 13 0 0 0 21 11 61 0 1 0 6 36 37 4 0 1 0 0 23 20 44 0 0 0 0 0 0 0 0 0 0 0 0 0 0 0 0 0 0 0 0 4 0 0 0 0 0 0 0 0 0 12 0 0 0 0 0 1 0 0 0 7 0 0 0 0 0 0 0 0 0 0 0 0 0 0 0 0 0 0 0 17 0 19 38 26 17 0 1 1 17 36 10 41 0 0 6 36 19 31 11 0 0 0 0 0 0 0 0 0 0 0 0 0 0 0 0 0 0 0 0 0 0 0 0 0 0 0 62 0 0 0 0 0 3 0 0 0 0 0 0 0 7 0 0 0 0 0 10 0 0 1 0 9 0 0 0 0 0 0 0 0 0 0 0 0 0 0 0 0 0 2 0 
 0 0 0 0 0 2 0 0 0 0 0 0 0 4 0 0 0 0 0 0 2 1 1 1 1 28 2 1 1 4 1 2 4 2 7 2 2 2 0 1 116 192 124 276 53 38 45 79 0 204 43 32 70 52 116 377 149 218 74 274 0 0 0 0 0 5 0 0 0 2 1 0 0 0 0 0 0 10 1 38 0 0 0 0 0 0 0 0 0 0 0 0 0 0 0 0 0 0 0 0 0 0 0 0 0 0 0 0 0 0 0 0 0 0 0 0 0 0 0 0 0 0 7 34 25 8 0 0 0 12 9 44 0 24 0 0 0 18 0 0 0 0 0 0 0 0 0 0 0 0 0 0 5 0 0 0 0 0 4 0 0 0 0 0 7 0 0 0 0 1 0 0 0 0 0 0 0 0 0 0 0 0 0 0 0 0 0 0 0 1 0 0 0 0 0 0 0 0 0 0 0 0 0 21 32 0 0 0 0 1 15 4 0 25 0 0 0 14 0 0 0 0 0 0 0 0 0 0 0 9 0 0 0 0 0 0 0 0 1 0 0 0 0 0 0 0 0 0 0 0 0 13 0 1 0 0 0 1 0 13 0 0 1 1 0 20 0 1 0 0 9 0 0 0 0 0 0 0 0 0 0 0 0 0 7 0 0 0 0 6 
 0 0 0 0 0 3 0 0 0 0 0 0 0 0 0 65 0 0 0 0 0 0 3 0 0 0 0 0 0 2 0 0 3 1 0 0 0 0 0 0 40 35 240 288 45 247 28 22 204 0 264 104 243 58 102 313 242 44 77 115 0 0 0 0 0 0 0 3 0 0 0 2 0 0 3 0 0 0 1 0 0 0 0 0 0 0 0 0 0 0 0 0 0 0 0 0 0 0 0 7 0 0 0 0 0 0 0 0 0 0 0 0 0 0 0 0 0 0 0 0 0 0 51 2 18 9 0 0 0 14 30 25 0 0 0 40 13 0 0 0 4 0 0 0 0 0 4 0 0 0 0 0 12 6 0 0 0 0 6 5 0 0 0 0 0 0 0 0 0 0 0 0 0 0 0 0 0 0 0 0 0 0 0 0 0 0 0 0 0 0 0 0 0 0 0 0 0 2 0 0 0 0 0 18 45 32 0 0 0 26 6 33 0 0 0 0 0 16 0 0 0 0 0 0 0 0 0 0 0 0 0 0 3 0 8 0 0 0 5 2 0 0 19 0 0 0 0 0 0 0 0 2 0 0 0 0 0 0 0 3 0 1 71 64 0 5 2 68 0 0 0 0 0 0 0 0 0 0 0 0 0 1 0 10 14 9 0 0 2 0 
 0 0 0 0 0 1 0 0 0 0 0 2 0 0 2 0 0 0 24 0 2 2 2 0 3 2 2 3 3 2 3 2 2 2 2 2 2 2 3 2 37 56 282 429 110 84 44 105 43 264 0 294 250 28 61 317 100 562 41 62 0 0 50 2 0 1 20 0 0 0 0 0 0 0 0 0 0 0 0 2 0 0 0 0 0 0 0 0 0 0 0 0 0 0 0 0 0 0 0 0 0 0 0 0 0 0 0 48 6 0 0 0 0 0 0 0 0 0 13 0 0 0 5 0 25 40 0 0 7 2 29 36 0 0 0 28 19 7 0 0 0 8 0 21 0 0 0 0 0 0 0 0 14 0 0 0 0 0 14 11 0 0 0 4 0 0 0 0 0 24 0 0 0 0 0 14 0 0 0 0 22 0 0 0 0 0 0 0 0 0 0 0 0 0 0 0 0 0 0 0 10 9 1 59 25 24 1 0 7 2 13 30 0 0 4 5 2 26 3 0 0 0 0 0 0 8 59 0 0 0 0 0 1 0 0 0 0 0 25 1 0 0 0 0 0 0 0 0 0 0 0 2 0 1 0 0 0 0 0 0 0 0 36 73 5 0 1 12 0 0 0 0 0 0 0 0 0 0 0 0 0 3 0 0 8 0 0 0 0 0 
 0 0 0 3 0 0 0 0 0 0 0 67 0 0 2 0 0 3 0 0 3 4 2 0 0 3 1 9 3 1 1 0 0 16 7 5 6 1 0 0 28 250 470 337 250 66 252 27 32 104 294 0 230 249 38 38 56 58 35 49 0 0 0 0 0 0 0 0 0 0 51 0 0 0 0 0 0 0 2 0 0 0 0 0 0 0 0 0 1 0 0 0 0 0 0 0 0 0 0 0 0 0 8 0 0 0 0 0 8 13 16 0 0 0 0 9 0 6 0 0 0 0 0 0 20 4 0 0 0 0 0 7 0 0 0 0 0 0 0 0 0 0 0 0 0 0 0 0 0 3 0 0 5 0 0 0 0 0 18 12 0 0 0 9 0 0 0 0 0 3 0 0 0 11 0 0 0 0 0 0 0 6 0 6 0 0 0 0 4 3 5 0 12 0 0 3 0 1 0 0 0 0 0 18 9 44 13 0 2 0 14 31 0 0 0 0 0 0 0 0 6 0 0 0 0 0 75 0 0 0 0 0 16 0 0 0 0 0 8 0 0 0 7 0 0 0 0 0 0 0 0 6 0 0 0 0 0 0 0 1 0 1 70 71 2 6 2 64 0 0 0 0 0 0 0 0 0 0 0 0 0 15 0 0 0 0 0 0 0 0 
 2 0 0 0 0 0 0 0 0 0 0 0 0 0 0 0 0 0 0 0 0 0 0 0 0 0 1 3 0 3 0 0 3 0 0 0 0 0 0 0 75 75 59 54 51 42 331 87 70 243 250 230 0 128 49 53 60 38 307 207 0 0 0 0 0 0 11 0 0 0 0 0 0 4 0 0 0 0 0 5 0 0 0 0 0 0 0 0 0 0 0 0 0 0 0 0 0 0 0 0 0 0 0 0 0 7 0 0 0 6 0 0 0 0 0 0 0 0 0 0 26 8 33 0 0 0 76 28 0 1 0 0 34 40 23 1 0 0 0 37 0 0 0 0 1 0 0 0 0 0 0 0 0 0 0 0 0 0 0 0 0 0 0 0 0 0 0 0 0 0 0 0 0 0 9 0 0 0 0 0 0 0 0 0 0 0 0 0 0 0 8 0 0 0 0 0 0 0 0 0 9 1 21 0 0 0 16 10 2 0 14 0 0 23 43 12 0 0 0 8 0 0 0 0 0 0 0 0 0 0 0 0 0 0 0 0 0 0 0 0 0 0 0 0 0 0 0 0 0 0 0 0 0 1 0 0 0 0 0 1 0 0 22 0 0 0 0 0 0 0 0 0 0 0 0 0 0 0 0 0 0 0 0 0 0 0 0 0 0 0 
 0 0 0 0 0 0 0 0 0 0 0 65 0 0 0 1 0 0 0 0 211 4 1 0 0 0 0 23 2 0 0 0 0 4 9 3 3 0 0 0 133 41 53 59 70 32 245 212 52 58 28 249 128 0 210 250 47 39 95 203 0 0 0 0 0 0 2 0 0 0 0 0 0 3 0 0 0 1 0 60 0 0 0 0 0 0 0 0 0 0 0 0 0 0 0 0 0 9 0 0 0 0 6 0 4 0 0 0 7 8 4 0 0 0 0 23 0 6 0 0 25 24 17 0 0 0 15 10 15 0 10 0 0 26 1 19 18 19 0 2 0 0 0 0 0 0 0 0 0 0 0 0 0 0 0 0 0 0 0 0 74 0 0 0 0 0 0 0 3 0 0 0 0 2 2 0 0 0 0 0 0 3 25 0 0 0 0 0 3 12 3 0 11 0 0 6 0 4 0 0 31 49 54 0 0 0 10 34 31 11 0 0 11 16 23 23 19 10 0 0 0 0 0 0 0 0 0 0 0 0 0 0 0 0 0 0 0 0 0 0 0 5 11 0 0 0 0 0 0 25 0 17 0 1 0 0 0 0 0 2 0 0 0 0 1 2 0 0 0 0 0 0 0 0 0 0 0 0 0 0 0 8 0 0 0 0 0 0 0 0 
 3 5 3 3 3 3 3 3 4 3 52 6 3 3 65 3 3 3 3 3 4 0 0 0 0 0 0 2 2 0 0 0 2 1 0 62 6 0 2 0 292 266 61 67 93 78 41 154 116 102 61 38 49 210 0 157 56 40 272 135 4 0 5 0 0 0 0 6 1 0 0 0 0 0 0 7 0 0 8 0 0 0 6 0 0 0 0 0 0 0 0 0 0 0 0 0 0 0 0 0 0 0 0 0 0 0 0 0 0 0 0 0 0 0 0 0 0 0 0 0 0 25 10 81 0 0 1 5 45 36 4 1 0 0 0 24 15 44 0 0 0 0 0 0 0 0 0 0 0 0 0 0 0 0 0 0 0 0 13 0 0 0 0 0 0 0 0 0 3 0 0 0 0 0 2 0 0 0 0 0 0 0 0 0 0 0 0 0 0 0 0 0 0 0 7 0 0 0 0 0 21 47 63 17 0 1 1 19 41 15 32 0 0 7 10 28 28 22 0 1 0 0 0 0 0 0 0 0 0 0 0 0 0 0 0 0 0 16 0 0 0 0 0 0 0 0 0 0 0 0 0 11 0 7 0 0 0 0 0 13 0 0 33 0 0 11 2 0 0 0 19 0 0 0 0 0 0 0 0 0 0 0 0 0 0 0 0 0 0 0 
 72 3 3 8 3 3 5 3 3 3 3 3 3 3 3 3 3 3 3 3 3 0 3 0 0 0 0 0 2 0 0 0 0 0 0 4 0 0 0 0 122 475 106 70 88 64 43 45 377 313 317 38 53 250 157 0 400 512 30 80 0 0 0 0 0 0 0 17 0 0 0 0 0 0 4 4 0 0 0 0 0 0 0 0 0 0 0 0 0 0 0 0 0 0 0 0 0 0 0 0 0 0 0 0 0 0 0 0 0 0 0 0 0 0 0 0 0 0 0 0 0 0 8 61 16 9 0 0 0 28 25 34 0 0 0 15 17 27 0 0 0 0 0 0 0 0 0 0 0 0 0 0 6 0 0 0 0 0 4 0 0 18 7 0 0 0 0 0 0 0 0 0 0 0 0 0 0 14 0 0 0 0 0 0 0 0 0 0 0 0 0 0 0 0 0 0 0 0 0 0 0 0 18 40 20 1 0 0 0 21 42 38 0 0 0 0 0 16 0 0 0 0 0 11 0 0 0 0 0 0 0 0 2 0 0 0 0 0 20 2 0 0 23 0 0 0 0 0 0 0 0 10 0 2 0 0 0 0 0 6 0 0 3 1 0 16 1 1 0 0 10 0 0 0 0 0 0 0 0 0 0 0 0 0 20 3 0 0 2 0 
 0 0 0 0 2 12 0 0 0 0 0 0 0 0 57 0 0 3 0 0 1 0 0 0 0 0 0 3 0 2 0 0 8 0 1 0 0 0 3 2 28 497 402 55 62 65 31 55 149 242 100 56 60 47 56 400 0 297 74 40 0 0 0 0 0 1 0 6 0 0 0 0 0 0 17 2 0 0 0 0 0 0 0 0 13 0 0 0 0 0 0 2 0 0 0 0 0 0 0 0 7 5 0 0 7 0 7 7 0 0 0 0 1 3 0 0 0 1 1 2 0 0 13 59 40 20 0 5 6 25 30 35 0 15 0 19 6 42 0 0 0 0 0 0 0 0 16 0 0 0 0 0 8 0 0 0 0 0 8 0 0 0 6 0 0 0 0 0 0 0 0 0 0 0 0 0 0 0 0 0 2 0 0 0 0 0 0 0 0 0 0 0 0 0 7 0 0 0 5 10 0 1 10 64 16 1 0 0 0 19 63 15 0 0 0 0 0 16 0 0 0 0 0 0 8 0 0 0 4 0 0 0 0 0 0 0 0 0 10 0 0 0 12 0 0 0 1 0 0 26 0 11 0 1 0 0 0 0 0 10 0 0 1 6 1 11 0 2 0 0 18 0 0 0 0 0 0 0 0 0 0 0 0 0 7 12 0 0 0 0 
 59 0 0 0 0 0 3 0 2 0 0 0 5 0 0 0 0 0 72 0 0 0 1 0 0 0 0 2 0 0 3 0 40 0 0 0 0 0 3 0 32 301 305 254 40 68 30 33 218 44 562 58 38 39 40 512 297 0 39 261 71 0 0 0 0 0 0 3 0 0 0 0 0 0 19 87 0 0 0 0 0 4 0 0 0 1 0 3 7 0 0 0 5 3 0 0 0 0 14 19 0 0 0 0 0 0 0 0 0 0 0 0 0 0 0 0 0 0 0 14 0 0 11 0 45 5 0 12 0 9 19 66 0 0 0 13 13 2 0 0 0 0 0 0 0 0 0 0 0 0 0 0 8 0 0 0 0 0 0 0 8 0 0 0 0 0 11 0 0 2 0 0 5 6 3 0 0 0 0 11 0 0 0 0 0 0 0 0 0 0 0 0 0 0 13 0 0 0 0 0 0 0 0 30 24 32 0 0 0 19 31 50 0 0 0 0 0 20 0 0 0 0 0 0 0 0 3 0 0 0 0 0 0 0 0 0 0 0 2 0 0 0 19 0 0 0 0 0 0 0 0 11 0 1 0 0 0 0 60 0 0 1 66 100 0 1 4 65 0 0 0 0 0 0 0 0 0 0 0 0 0 0 0 0 8 17 0 0 0 0 
 0 0 0 0 0 0 0 0 0 0 63 0 0 0 2 0 0 0 0 0 0 0 3 0 4 191 0 0 1 0 0 0 0 0 0 1 2 0 0 0 255 62 32 90 56 46 63 74 74 77 41 35 307 95 272 30 74 39 0 104 0 0 0 0 0 0 6 2 0 0 0 0 0 21 0 0 2 0 6 12 0 0 0 0 0 0 0 0 0 0 0 0 0 61 0 0 0 0 0 0 0 0 0 0 4 8 0 0 0 0 0 2 9 0 0 0 0 0 0 0 68 1 0 3 9 0 47 24 1 12 7 6 31 44 37 0 0 6 31 41 0 0 0 0 15 2 0 0 0 0 0 0 0 0 0 0 0 0 0 0 0 0 0 0 0 0 0 1 0 0 0 0 0 0 1 0 0 0 0 0 0 0 0 0 1 9 0 0 0 0 0 0 0 0 0 0 0 0 0 0 89 2 0 3 4 0 4 3 0 37 20 2 22 16 36 0 7 0 3 21 0 0 0 0 0 0 0 0 0 0 0 0 0 0 0 0 0 0 0 0 0 0 0 0 0 0 0 0 0 27 0 4 0 1 0 0 0 0 0 1 0 0 0 0 0 2 2 0 2 0 0 0 0 0 0 0 0 0 0 0 0 0 10 0 9 0 0 0 0 0 
 2 2 71 0 0 2 1 0 0 2 0 2 2 10 0 0 0 2 1 2 2 2 1 1 1 1 1 1 1 2 1 2 2 2 1 2 86 2 201 204 396 56 30 77 302 60 180 71 274 115 62 49 207 203 135 80 40 261 104 0 0 0 1 0 0 0 0 2 2 0 0 0 0 2 0 0 0 0 0 7 0 0 0 0 0 0 0 0 0 0 0 0 1 0 0 0 0 0 0 0 0 0 0 0 0 0 0 0 0 0 0 0 0 0 0 0 0 0 0 0 30 22 17 0 0 0 8 14 6 8 0 0 1 20 22 1 0 4 0 2 0 0 0 0 0 0 0 21 0 0 0 0 0 0 0 10 0 0 1 0 0 0 0 0 16 0 0 0 0 0 0 0 0 0 0 0 0 0 7 0 0 0 0 0 0 0 1 0 0 0 0 0 0 0 0 0 0 0 0 0 98 32 11 0 0 0 0 11 13 0 1 0 0 18 35 17 7 1 0 32 10 0 0 0 0 0 0 0 0 0 0 0 0 0 0 0 0 0 0 0 0 0 0 0 0 0 0 0 0 0 0 13 0 0 0 0 0 0 1 0 0 0 0 0 0 1 2 0 0 0 0 0 0 37 0 0 0 0 0 0 0 0 0 0 0 0 0 0 1 3 
 0 0 0 0 0 0 0 0 0 0 0 0 0 0 0 0 0 0 0 0 0 0 0 0 0 0 0 2 0 4 0 0 60 0 0 0 0 0 2 0 0 1 0 0 0 0 0 50 0 0 0 0 0 0 4 0 0 71 0 0 0 373 79 67 245 38 294 463 37 30 43 42 66 304 220 29 48 32 41 98 0 0 0 0 0 0 0 0 0 0 0 0 0 0 0 0 0 0 0 5 0 0 0 0 0 0 0 0 0 0 0 0 0 0 0 0 0 9 0 20 0 0 0 0 0 0 0 0 0 0 0 0 0 0 0 0 0 0 0 0 1 21 7 0 0 0 3 4 22 21 0 0 0 0 0 13 19 13 0 0 0 0 0 0 0 0 0 0 0 0 0 0 4 15 0 0 0 0 0 0 0 0 0 0 0 0 0 0 0 0 0 0 0 0 2 0 0 0 0 0 0 0 0 0 0 0 0 0 0 0 0 0 0 0 0 0 0 0 0 0 25 21 37 0 0 0 1 19 23 0 12 0 0 12 9 38 0 9 0 2 19 0 0 0 0 0 0 0 0 0 0 0 0 0 14 0 0 0 0 0 0 0 0 0 0 0 7 0 0 0 0 0 0 0 4 0 0 0 0 0 0 0 0 0 0 1 0 0 0 0 
 0 0 0 0 0 0 0 0 0 0 0 0 55 0 2 0 0 0 0 0 0 0 0 0 2 0 0 0 0 25 206 6 0 0 0 0 5 5 0 47 0 0 0 0 0 0 0 0 0 0 0 0 0 0 0 0 0 0 0 0 373 0 267 79 88 57 54 242 253 44 35 45 49 137 324 162 167 271 61 59 0 0 0 0 0 0 0 0 0 0 0 0 0 0 0 0 0 0 0 0 0 0 0 5 10 3 0 0 5 0 0 0 0 0 0 0 1 0 0 0 0 0 0 0 0 0 0 0 0 0 0 0 0 0 0 0 0 0 6 0 34 15 19 27 9 0 0 0 14 9 15 0 18 0 0 0 24 25 0 0 0 0 0 0 0 0 0 0 0 0 0 0 2 5 0 0 0 0 0 0 0 0 0 0 2 0 0 0 0 0 0 5 0 0 0 0 0 0 0 0 0 0 0 0 0 0 2 0 0 0 0 12 0 0 0 0 0 0 0 1 0 16 26 4 10 1 0 8 25 9 17 12 0 0 12 22 23 4 0 0 11 0 0 0 0 0 0 0 0 0 0 0 0 0 6 0 0 7 0 0 0 0 0 0 0 0 17 0 0 0 10 2 0 2 11 0 0 0 0 0 0 0 0 0 0 0 0 0 0 0 
