 0 86 69 39 40 32 354 301 42 25 41 238 296 373 307 46 64 42 33 120 5 1 2 5 2 3 2 4 9 3 7 3 1 4 2 9 7 1 5 1 3 1 2 1 1 1 2 2 7 6 1 3 0 3 2 6 2 2 4 0 0 0 5 2 2 4 2 6 12 0 3 2 0 0 2 2 6 0 2 0 39 15 20 0 1 0 2 19 17 2 23 0 29 22 32 41 25 0 0 3 0 0 0 0 0 0 30 0 0 0 0 0 0 0 0 14 0 0 0 0 0 1 0 13 0 0 0 0 0 0 0 1 1 0 0 0 0 0 1 0 0 0 0 0 0 0 0 0 0 2 3 0 0 3 1 0 0 1 0 0 8 10 39 0 0 0 31 16 2 0 0 0 1 1 36 28 11 1 0 0 0 0 0 0 0 0 10 0 0 0 0 0 4 0 2 0 0 0 0 0 0 0 0 0 0 0 1 0 0 0 0 0 0 0 0 0 0 0 0 0 15 0 0 0 0 0 0 0 0 0 0 0 0 2 0 0 0 0 0 0 0 0 0 0 0 0 0 0 0 1 0 13 0 0 0 2 0 0 2 0 0 0 0 1 0 0 0 0 0 0 0 0 2 2 0 0 0 0 0 0 0 0 0 0 0 0 0 0 0 0 
 86 0 370 41 478 37 59 469 428 50 60 59 64 62 357 352 643 45 34 34 0 2 1 3 0 0 0 0 0 1 5 0 0 0 2 2 2 2 0 2 3 0 0 0 0 0 0 0 0 2 1 2 0 3 0 0 0 0 2 0 0 0 3 0 0 0 0 0 1 0 0 2 0 0 0 0 0 4 0 0 0 38 43 16 0 0 0 0 53 10 30 0 0 0 1 9 33 48 0 0 1 1 2 11 0 0 0 0 0 0 0 0 0 0 0 0 0 0 0 0 0 0 0 0 0 0 0 1 0 0 0 0 0 0 0 0 0 0 0 1 0 0 0 0 0 29 0 0 0 5 6 2 0 0 0 0 0 0 1 0 10 58 22 33 3 1 0 2 31 0 20 26 2 0 0 40 3 30 0 0 0 0 0 0 0 0 0 0 0 0 0 1 0 0 0 0 0 0 0 0 0 0 1 0 0 0 0 0 0 0 0 2 0 0 0 13 0 0 0 0 0 0 0 0 0 0 0 0 0 15 0 0 0 0 0 0 0 0 0 0 0 2 0 0 0 0 0 0 0 0 0 15 0 2 1 0 0 0 0 2 0 0 0 0 0 0 0 0 0 2 0 0 0 0 0 15 14 0 0 0 0 0 0 0 0 0 0 0 0 0 
 69 370 0 110 45 35 159 101 202 551 48 38 380 126 262 250 198 332 138 53 2 83 2 4 0 0 0 0 0 1 213 3 0 0 0 3 0 0 0 0 3 0 5 62 0 0 1 0 0 1 2 1 3 3 1 0 0 0 2 0 0 0 3 0 0 5 0 0 5 0 0 3 0 0 0 0 1 0 0 2 17 24 21 44 0 7 0 0 16 10 28 20 18 16 0 0 0 28 10 23 0 0 0 0 0 0 0 0 0 0 0 0 0 12 0 0 0 0 0 0 0 0 0 0 0 0 0 0 0 0 0 0 0 0 0 0 0 0 0 0 0 0 0 0 0 0 0 0 0 0 3 0 0 0 0 0 16 0 0 0 0 5 0 30 3 0 7 12 38 10 7 1 7 0 17 13 11 20 0 0 0 0 0 0 0 0 0 0 0 0 0 0 0 0 0 0 0 0 0 0 0 0 0 0 0 0 0 0 0 0 0 0 35 0 0 0 0 0 0 0 0 0 0 0 0 0 0 0 0 0 0 0 0 0 0 0 0 0 0 5 0 14 0 0 0 4 4 2 2 1 0 3 0 0 0 0 0 0 0 0 2 0 0 0 0 0 0 0 0 0 0 0 0 0 0 11 40 20 0 0 0 0 0 0 0 0 0 0 0 10 
 39 41 110 0 124 253 76 293 80 455 199 411 53 64 75 69 279 439 81 264 3 0 0 3 0 2 0 0 1 0 3 0 0 0 0 23 209 1 2 0 3 61 0 0 0 2 0 0 4 0 0 0 0 4 0 0 0 0 2 0 0 0 3 0 0 0 0 0 3 0 0 2 0 0 0 0 0 0 0 0 0 0 13 36 44 27 0 0 1 27 16 40 0 1 0 0 2 2 0 1 0 0 0 0 0 0 0 0 0 0 0 0 0 3 0 0 0 0 33 10 0 0 0 0 0 0 0 0 0 0 0 20 0 0 0 0 0 0 0 0 0 0 0 0 0 0 0 0 0 0 0 0 0 0 0 0 5 10 0 0 0 0 4 0 16 0 0 0 22 41 16 39 0 0 0 0 23 1 0 5 0 0 0 0 0 0 0 0 0 0 0 0 0 0 0 0 0 29 20 0 21 0 0 0 0 0 2 0 0 0 0 0 0 0 0 0 0 0 0 0 0 0 0 13 0 0 0 0 0 0 2 0 0 0 0 0 0 0 2 0 0 18 0 0 0 5 62 1 4 15 0 11 11 0 0 0 0 0 0 0 0 0 15 0 0 0 0 0 0 0 0 0 0 0 0 12 0 14 0 0 0 0 0 0 0 0 0 0 0 0 
 40 478 45 124 0 410 31 62 91 90 109 426 81 70 66 77 64 59 272 86 0 2 0 6 0 0 0 1 2 0 3 0 5 3 0 1 1 3 2 0 3 0 0 1 3 2 0 0 0 0 2 3 1 8 0 0 3 76 2 2 2 0 3 18 0 3 0 0 3 0 0 3 0 0 0 0 1 8 0 0 0 0 1 1 36 52 0 0 0 2 0 0 0 0 0 0 0 0 0 0 0 0 0 0 0 0 32 0 0 0 0 0 25 0 0 0 0 0 28 25 0 0 0 0 0 0 0 0 0 0 2 0 10 0 0 6 0 0 0 0 0 0 0 0 0 0 0 0 0 0 0 0 0 0 0 2 0 0 21 0 0 0 2 0 29 23 0 0 0 37 1 0 8 0 0 0 0 0 1 62 2 0 0 0 0 0 37 0 0 1 0 0 22 1 26 0 0 0 27 0 0 2 0 0 0 0 0 0 0 0 0 0 0 0 0 0 0 2 0 0 0 0 0 0 0 0 0 1 0 0 0 0 0 0 0 0 0 0 0 0 0 0 0 0 0 0 2 0 2 33 0 3 0 0 0 0 0 0 0 0 0 1 13 0 0 0 0 0 0 0 0 0 0 0 0 1 0 0 0 0 0 0 0 0 0 0 0 0 0 0 
 32 37 35 253 410 0 44 29 70 59 85 62 36 80 40 91 81 274 95 63 0 0 0 3 0 0 1 0 0 0 3 0 0 75 2 0 0 1 312 0 3 0 0 3 0 0 0 0 0 0 1 0 0 6 0 0 0 1 2 0 0 0 3 0 0 0 0 0 2 0 0 2 0 0 0 0 0 5 0 0 0 0 0 0 0 16 0 0 0 0 1 0 0 0 0 0 1 0 0 0 15 1 0 0 0 0 28 10 0 0 0 0 35 20 0 0 0 0 2 62 0 0 0 0 0 0 0 0 0 0 0 0 0 0 0 0 0 0 0 0 0 0 0 0 0 0 0 0 0 0 0 0 0 0 0 0 0 0 5 0 0 0 1 0 28 41 0 0 0 0 1 0 6 0 0 0 0 0 0 0 22 0 0 0 0 0 76 1 0 0 0 0 46 33 22 0 1 0 54 0 0 0 0 0 0 0 0 0 0 0 0 0 0 0 0 0 0 0 0 0 0 0 0 0 0 33 0 0 0 0 0 0 0 0 0 0 0 0 0 0 0 0 0 0 0 1 0 0 0 1 1 8 0 0 0 0 0 0 0 0 0 0 0 0 0 0 0 0 0 0 0 0 0 0 0 0 0 0 0 0 0 0 0 0 0 0 0 0 0 0 
 354 59 159 76 31 44 0 86 296 107 30 56 484 482 37 31 43 33 57 366 9 0 0 3 0 2 0 2 0 2 3 3 0 0 0 3 0 8 0 0 7 0 7 0 0 0 44 0 0 11 0 0 0 7 0 0 0 0 2 0 11 0 3 0 0 5 0 0 11 2 0 2 0 0 4 0 0 0 3 0 35 20 0 0 0 0 13 61 2 0 0 0 31 24 73 34 9 0 1 29 0 0 0 0 0 0 0 0 0 19 0 0 0 0 0 0 0 0 0 0 0 0 0 0 0 0 0 0 7 14 0 0 0 0 0 0 0 0 0 0 0 0 0 2 0 0 0 0 0 1 8 0 0 0 0 0 0 6 0 0 17 0 37 1 0 0 31 37 16 1 0 2 3 29 30 14 21 0 0 10 0 0 0 0 0 0 0 0 0 0 0 0 0 0 0 0 0 0 0 0 0 0 0 0 0 0 0 0 0 0 0 0 0 0 13 0 0 0 0 0 0 0 0 0 0 0 0 0 0 0 2 0 0 0 0 0 0 0 0 0 0 0 0 0 0 0 0 0 2 0 1 8 0 0 0 0 0 0 0 0 0 0 0 0 0 0 0 0 0 0 0 0 0 0 0 0 0 0 0 0 0 0 0 0 0 0 0 0 0 2 
 301 469 101 293 62 29 86 0 83 38 242 60 330 478 247 121 44 53 52 64 0 73 0 3 0 204 0 0 0 0 3 0 2 0 0 0 0 0 0 0 3 0 0 0 0 0 0 0 0 1 0 0 0 3 0 0 0 0 2 0 0 0 2 0 1 1 0 0 3 0 0 2 0 0 0 0 0 0 0 0 11 41 32 28 0 0 0 25 23 14 9 0 0 0 58 22 12 20 0 1 0 0 0 0 0 0 0 0 0 0 0 16 0 0 0 0 0 0 0 0 0 0 0 0 0 0 0 18 0 0 0 0 0 0 0 0 0 0 0 0 0 0 0 0 0 0 1 0 0 32 9 0 0 0 0 0 0 1 4 0 8 41 52 13 5 0 0 14 14 0 10 0 0 0 2 35 7 31 0 0 0 0 0 0 0 0 0 0 0 0 0 0 0 0 0 0 0 0 0 0 0 0 0 0 0 0 0 0 0 0 0 0 0 0 0 1 0 0 0 0 0 0 0 0 0 0 0 0 0 0 0 0 0 0 0 0 0 0 0 0 0 0 0 0 0 1 1 1 0 1 0 9 0 0 0 0 0 0 0 0 0 0 0 0 0 0 0 0 0 0 0 0 0 0 0 0 0 0 0 0 0 0 0 0 0 0 0 0 0 0 
 42 428 202 80 91 70 296 83 0 460 416 28 332 94 193 204 137 386 406 83 1 4 0 6 0 0 0 0 0 1 4 0 0 8 0 2 3 3 2 0 8 63 0 0 0 0 0 0 0 0 0 62 3 2 0 3 0 0 2 0 0 0 2 0 0 3 0 0 3 0 29 5 0 0 0 2 33 0 0 0 1 31 36 52 0 0 0 1 20 24 26 56 0 3 0 13 6 62 1 2 0 0 0 0 0 0 0 0 0 0 0 0 0 0 0 0 0 0 0 0 0 0 0 0 0 0 0 0 0 0 0 0 0 0 0 0 0 0 0 0 0 0 0 1 0 0 0 0 0 0 1 0 0 0 0 0 3 0 0 0 0 29 2 22 28 0 1 0 41 25 19 26 0 0 10 16 7 37 0 1 0 0 0 0 0 0 0 0 0 0 0 0 18 0 0 0 0 0 0 0 0 0 0 0 0 0 0 0 0 0 0 0 0 0 0 0 0 0 0 0 0 0 0 0 0 0 0 0 0 0 1 0 0 0 0 0 0 0 0 0 0 25 0 0 0 0 3 1 0 14 2 15 13 0 2 0 0 0 0 0 0 0 0 0 0 0 0 0 0 0 0 0 0 0 0 10 17 13 0 0 0 0 0 0 0 0 0 0 0 0 
 25 50 551 455 90 59 107 38 460 0 669 83 46 273 90 376 496 123 60 86 2 0 0 3 0 2 0 2 0 0 211 0 0 0 0 0 0 0 2 1 3 0 0 0 0 0 0 0 4 0 0 0 0 3 8 0 0 0 2 0 0 0 3 2 0 0 6 0 3 0 0 2 0 0 0 0 0 0 0 0 0 18 2 12 1 30 0 0 1 12 34 44 0 0 0 0 36 40 0 0 2 2 1 0 0 0 0 0 0 0 0 0 1 0 0 0 0 0 16 0 0 0 0 16 0 0 0 0 0 0 0 0 0 28 0 0 0 0 0 0 5 0 0 0 0 0 0 0 0 0 0 0 0 0 0 0 15 0 2 15 0 6 15 15 21 1 0 0 32 4 9 41 1 0 0 0 24 11 0 4 0 0 0 0 0 0 0 0 19 0 0 0 0 2 0 0 0 0 0 0 0 0 0 0 0 0 0 0 0 0 0 0 0 0 0 0 0 0 0 0 0 0 0 0 0 2 0 0 0 0 0 0 0 0 0 0 0 0 0 0 0 19 0 0 0 2 178 2 0 189 0 18 11 1 0 0 0 0 0 0 0 0 0 0 0 0 0 0 0 1 0 0 0 0 0 29 14 14 0 0 0 0 0 0 0 0 0 0 0 0 
 41 60 48 199 109 85 30 242 416 669 0 702 45 36 150 100 113 423 56 160 1 0 4 3 0 0 0 0 0 0 3 3 76 1 0 2 2 3 0 0 3 0 3 7 0 0 1 0 3 0 4 0 0 4 0 0 1 0 2 0 3 0 2 0 0 0 0 0 3 2 0 2 0 0 2 0 0 0 0 0 0 0 11 33 51 34 0 0 1 20 25 45 0 0 0 0 11 1 0 0 0 0 0 0 0 1 0 0 0 0 0 0 2 1 0 0 0 0 39 9 0 0 0 0 0 0 0 0 1 0 0 0 0 0 1 0 0 0 0 0 18 0 0 0 0 0 0 0 0 0 0 0 0 0 0 0 20 0 0 0 0 0 2 0 25 0 4 0 16 38 10 12 0 0 0 1 22 1 1 2 0 0 0 0 0 0 0 2 0 0 0 0 0 0 0 0 0 2 14 0 0 0 0 15 0 18 0 0 0 0 0 0 0 0 0 0 0 0 0 0 0 0 0 2 0 0 0 2 2 0 0 0 2 0 0 0 0 2 0 0 0 14 0 0 0 0 93 0 0 60 2 14 9 0 0 0 0 0 0 0 0 0 14 0 0 22 0 0 0 0 0 0 0 0 0 11 0 14 0 0 0 0 0 0 0 0 0 0 0 0 
 238 59 38 411 426 62 56 60 28 83 702 0 50 34 249 23 82 300 25 30 0 0 0 3 0 125 0 0 0 0 4 0 0 0 0 0 3 0 0 1 3 0 0 1 0 1 0 0 12 0 0 0 0 5 2 0 1 0 2 0 0 0 2 0 0 0 0 0 3 0 0 2 0 0 0 0 0 1 0 0 0 0 0 0 24 33 0 0 0 16 9 18 0 0 0 0 9 0 0 0 0 0 0 0 0 0 28 0 0 0 0 0 7 0 0 0 0 0 31 7 0 0 0 0 0 0 0 0 0 0 0 0 0 0 0 0 0 0 0 0 0 0 0 0 0 0 0 0 0 0 0 0 0 0 0 0 13 0 0 0 0 0 3 0 14 23 0 0 0 22 2 10 0 0 0 0 10 1 0 3 0 0 0 0 0 0 7 0 11 0 0 0 5 0 0 0 0 0 26 1 0 0 0 0 0 0 0 0 1 0 0 0 0 0 0 0 0 0 0 0 1 0 0 0 0 0 0 0 0 0 0 0 0 0 0 0 0 0 0 0 0 0 0 0 0 0 179 0 2 198 0 3 0 0 0 0 0 0 0 0 0 0 106 0 0 0 0 0 0 0 0 0 0 0 0 9 0 0 0 0 0 0 0 0 0 0 0 0 0 0 
 296 64 380 53 81 36 484 330 332 46 45 50 0 95 130 56 230 26 494 272 0 0 0 4 0 0 0 0 0 0 3 1 0 0 0 0 0 0 0 0 3 1 0 0 0 0 0 0 0 0 0 0 0 3 0 0 0 0 2 0 0 0 2 0 0 7 0 0 10 0 0 2 0 0 0 0 0 3 0 6 62 5 1 0 0 0 39 16 0 0 2 0 45 71 20 24 24 0 11 31 0 0 0 2 0 0 0 0 0 0 0 0 0 0 0 0 1 0 2 0 0 0 0 0 0 16 1 0 0 0 0 0 0 2 2 0 0 1 0 0 0 0 0 0 0 1 0 0 0 0 0 0 0 0 0 0 0 9 0 0 11 0 1 0 1 0 16 51 0 3 0 0 23 17 39 0 0 0 0 10 0 0 0 0 0 0 9 0 0 0 0 0 0 0 0 0 0 0 0 0 0 0 0 0 0 0 0 0 0 0 0 13 1 0 0 0 0 0 0 0 0 0 0 0 1 0 0 0 1 0 0 18 0 0 2 0 0 0 0 0 0 0 0 0 0 2 0 1 4 0 2 5 0 0 0 0 0 0 2 0 21 0 0 0 0 0 2 2 0 0 0 0 0 0 0 0 0 0 0 0 0 0 0 0 0 0 0 0 0 0 
 373 62 126 64 70 80 482 478 94 273 36 34 95 0 365 29 41 33 79 262 1 0 2 3 0 0 0 0 0 0 3 0 0 0 0 0 0 0 0 2 3 0 0 68 0 0 0 0 0 4 0 0 0 3 0 0 1 0 2 0 0 0 2 0 0 2 3 0 9 33 0 2 0 47 0 0 0 0 0 0 40 32 19 0 0 0 1 45 33 7 15 0 33 26 54 53 25 1 0 25 0 0 0 0 0 0 0 0 0 0 0 0 0 0 0 0 0 0 0 0 0 0 0 0 0 0 0 0 0 0 0 0 0 0 0 0 0 0 0 0 0 0 0 0 0 0 0 0 0 44 14 0 0 0 0 9 0 2 0 0 20 10 59 0 1 0 14 22 5 4 1 0 0 1 37 19 10 3 0 0 0 0 0 0 0 0 0 0 0 0 0 0 0 0 0 0 0 0 13 0 0 0 0 0 0 0 0 0 0 0 0 0 0 0 0 0 0 0 0 0 39 0 5 0 0 0 0 0 0 0 0 0 0 0 0 0 0 0 0 0 0 0 0 0 0 1 0 0 0 0 0 3 0 0 0 0 0 0 0 0 0 0 0 0 0 0 0 0 0 0 0 0 0 0 0 0 0 0 0 0 0 0 0 0 0 0 0 0 0 7 
 307 357 262 75 66 40 37 247 193 90 150 249 130 365 0 131 122 43 55 88 2 0 0 3 1 1 0 0 71 0 3 0 1 0 0 0 0 0 0 1 3 2 0 0 0 0 2 0 0 7 2 0 0 5 0 0 0 0 2 0 0 0 2 0 0 7 0 0 4 0 2 2 0 0 1 2 0 2 0 13 0 64 17 26 0 0 0 20 40 14 14 0 0 0 42 24 5 32 0 0 0 0 0 2 0 0 0 0 0 0 0 0 0 0 0 0 1 0 3 0 0 0 0 0 0 0 1 0 0 0 0 0 0 2 2 0 0 1 0 0 0 0 1 0 0 1 0 0 0 15 27 0 0 0 0 0 0 0 0 0 10 27 51 11 19 0 0 14 13 0 11 1 0 0 0 36 15 29 0 0 0 0 0 0 0 13 0 0 0 0 0 0 0 0 0 0 0 0 0 0 0 0 0 0 14 0 0 0 10 0 0 0 1 0 0 0 0 0 0 0 0 21 0 0 0 0 0 0 2 0 0 0 0 0 2 0 0 0 0 0 0 0 0 0 0 4 3 0 2 2 0 15 0 0 0 0 1 0 0 0 2 0 0 0 0 0 1 0 0 0 0 0 0 0 0 0 36 0 0 0 0 0 0 0 0 0 0 0 0 0 
 46 352 250 69 77 91 31 121 204 376 100 23 56 29 131 0 261 320 34 50 0 0 0 3 0 0 7 0 0 0 3 0 0 0 0 1 0 2 0 0 3 0 0 0 0 0 0 0 0 0 0 0 53 3 2 0 3 0 2 0 0 0 2 0 0 3 6 0 3 0 0 2 0 0 0 7 0 0 0 0 0 37 22 58 0 0 0 0 50 26 24 29 0 0 1 13 4 48 0 0 0 0 0 15 0 0 0 0 0 0 1 0 0 0 0 0 1 0 1 0 0 2 0 0 0 0 0 0 0 0 0 0 2 0 0 0 0 0 2 0 0 0 0 0 0 0 0 0 0 0 1 0 14 0 2 0 3 0 0 0 0 29 1 32 25 0 0 0 42 19 20 23 0 0 0 15 8 53 0 0 0 0 0 0 0 0 0 0 0 0 0 0 0 0 1 0 0 0 0 0 0 0 0 0 0 0 0 2 0 0 0 0 0 9 0 0 0 0 0 0 0 0 0 0 1 0 0 0 0 0 0 0 0 1 0 0 0 0 0 0 0 15 0 0 0 2 2 1 0 2 0 8 9 0 0 0 0 0 0 0 0 0 0 0 0 0 1 0 0 0 0 0 0 0 0 9 30 12 0 0 0 0 0 0 0 0 0 0 0 0 
 64 643 198 279 64 81 43 44 137 496 113 82 230 41 122 261 0 524 42 30 1 0 0 5 0 0 0 0 1 0 3 2 0 0 0 4 0 0 0 1 3 0 0 0 3 0 0 2 3 0 1 1 1 3 0 0 2 0 2 0 0 3 3 0 3 0 0 0 2 0 0 2 1 0 0 0 6 3 0 0 0 32 24 54 0 0 0 0 29 24 30 42 0 0 0 15 1 45 0 0 0 0 0 0 0 0 0 1 0 0 0 0 0 0 0 0 0 0 0 0 0 0 0 0 0 0 0 0 0 0 0 0 0 0 0 2 1 0 0 0 0 0 0 0 0 0 0 0 0 0 0 0 0 0 0 0 11 0 0 0 0 47 1 19 30 0 0 0 63 26 23 25 0 0 0 15 8 57 0 1 0 0 0 0 0 0 0 0 20 0 0 0 0 0 2 11 0 0 0 0 0 0 0 0 0 0 0 0 0 0 0 0 0 0 19 0 0 0 0 0 0 0 0 0 0 0 0 0 0 0 0 0 0 0 0 0 0 0 0 0 0 22 0 0 0 0 0 0 0 4 0 10 10 0 0 0 0 2 0 0 0 0 16 0 0 0 0 0 0 0 0 0 0 2 0 31 11 15 0 0 0 0 0 0 0 0 0 0 0 0 
 42 45 332 439 59 274 33 53 386 123 423 300 26 33 43 320 524 0 250 131 4 0 0 3 0 0 0 0 0 0 3 0 0 0 1 12 0 0 0 0 3 0 0 0 0 4 0 0 2 0 2 0 0 3 3 0 1 1 2 0 0 0 3 0 0 0 0 0 1 0 0 3 0 0 0 0 0 0 0 0 0 19 14 23 0 26 0 0 17 21 40 30 0 0 0 0 55 30 0 0 16 0 0 0 0 0 13 0 2 0 0 0 1 0 0 0 0 17 12 0 0 0 0 0 0 0 0 0 0 0 0 0 0 0 0 0 0 0 0 0 0 2 0 0 2 0 0 0 0 0 0 0 0 0 0 1 23 0 0 0 1 11 0 19 19 1 0 0 26 13 24 35 0 0 0 2 17 7 2 0 30 0 0 0 0 0 0 22 0 2 0 18 0 0 0 0 0 0 1 0 0 1 0 0 0 0 0 0 0 0 0 0 0 0 0 0 0 0 0 0 0 0 0 1 0 0 0 0 0 0 0 2 1 0 16 0 0 1 0 0 0 8 0 0 0 0 181 2 0 172 0 4 2 0 0 0 0 0 0 0 0 0 1 0 0 62 0 0 0 0 0 0 0 0 0 26 14 14 0 0 0 0 0 0 0 0 0 0 0 0 
 33 34 138 81 272 95 57 52 406 60 56 25 494 79 55 34 42 250 0 187 0 0 0 3 0 0 1 0 0 0 3 0 0 0 0 92 0 1 0 0 3 0 3 0 5 0 0 0 9 0 6 1 0 3 0 0 3 2 2 0 0 0 5 3 5 4 0 2 6 4 0 56 1 0 0 0 2 0 9 0 12 0 13 0 2 0 76 0 0 0 0 0 12 21 0 1 0 0 12 59 0 0 0 0 0 0 0 0 0 2 0 0 0 0 0 0 0 0 0 0 2 0 0 0 2 0 0 0 14 0 0 27 0 0 0 0 0 0 0 2 0 0 0 0 0 0 0 1 0 0 0 0 0 0 0 0 0 5 0 0 17 0 0 0 0 0 18 13 0 12 0 0 29 36 4 0 0 2 35 39 0 0 0 0 0 0 0 0 0 0 0 0 0 0 0 0 0 0 0 0 7 0 0 0 0 1 0 0 2 0 0 0 0 0 0 0 0 0 0 0 0 0 0 0 0 0 0 0 0 0 0 0 0 0 0 0 0 0 1 0 0 0 0 0 2 2 3 0 2 1 0 18 0 0 0 0 0 0 0 0 0 0 0 0 0 2 0 0 0 0 0 0 0 0 0 0 0 0 0 0 0 0 0 0 0 0 0 0 0 0 
 120 34 53 264 86 63 366 64 83 86 160 30 272 262 88 50 30 131 187 0 0 73 0 3 1 0 0 0 0 0 3 0 1 0 0 2 0 0 0 1 3 0 0 0 0 0 0 63 0 0 0 1 0 3 0 0 0 61 2 0 2 0 3 0 0 0 0 0 3 0 0 2 0 0 0 0 0 0 0 0 32 46 0 0 0 0 32 44 17 0 0 0 20 46 23 52 13 0 0 45 1 0 2 0 0 0 0 0 0 0 0 0 0 0 0 0 0 3 0 0 0 0 0 0 0 0 0 0 0 0 0 0 0 0 0 0 0 0 1 0 1 0 2 0 0 0 0 0 0 0 0 2 0 0 0 0 0 27 0 0 15 0 3 1 0 0 0 50 2 24 0 0 9 22 20 0 0 0 1 15 0 0 0 0 0 0 0 0 0 0 0 0 0 0 0 0 0 0 0 9 0 0 0 0 0 0 0 0 0 0 0 2 0 0 0 0 0 0 0 0 0 0 0 0 0 0 0 0 0 0 0 0 0 0 0 0 0 0 0 0 0 0 0 0 0 0 2 1 1 0 0 15 0 0 0 0 0 0 0 0 0 0 0 0 0 0 0 0 0 2 0 0 0 0 0 0 0 0 0 0 0 0 0 0 0 0 0 0 0 0 
 5 0 2 3 0 0 9 0 1 2 1 0 0 1 2 0 1 4 0 0 0 68 68 62 42 34 395 768 231 29 33 60 41 130 335 36 261 141 247 54 3 0 5 2 0 0 0 0 0 0 15 0 2 2 0 0 63 0 0 0 0 0 10 0 2 6 0 3 0 0 0 0 0 0 0 0 11 0 6 6 0 0 0 0 1 0 0 0 0 0 0 0 0 0 0 0 0 0 0 14 25 84 26 18 0 0 0 21 69 14 1 0 0 29 41 33 57 26 0 0 21 0 0 0 0 0 0 0 0 0 0 0 0 0 0 0 0 7 0 0 10 0 0 0 0 0 0 0 0 0 0 0 0 0 0 0 0 0 0 0 0 0 16 0 0 9 0 0 0 0 0 0 24 0 0 2 0 2 0 1 23 9 39 21 0 0 0 57 32 0 0 0 0 8 10 18 55 12 0 0 0 0 0 0 0 0 0 10 0 0 0 0 0 12 0 0 0 0 15 0 0 0 0 0 0 0 0 0 0 0 0 0 0 1 0 0 0 0 0 0 0 0 0 0 0 0 0 0 0 0 0 0 0 0 13 0 2 0 0 1 1 0 0 0 0 0 0 0 0 0 0 0 0 0 40 0 0 0 0 0 0 0 0 0 0 0 0 0 0 0 
 1 2 83 0 2 0 0 73 4 0 0 0 0 0 0 0 0 0 0 73 68 0 431 79 27 39 280 412 385 37 39 48 268 51 349 357 339 267 15 128 6 0 3 0 0 9 0 0 1 0 0 0 2 2 0 0 2 0 4 0 4 0 4 6 2 4 0 3 0 0 0 53 0 0 0 25 10 0 0 0 0 0 0 0 1 0 0 0 0 0 0 0 0 0 0 0 0 0 0 0 0 15 36 15 0 0 0 8 40 55 28 15 0 0 37 22 107 38 0 0 0 0 0 0 0 0 0 0 0 0 0 0 0 0 0 0 0 0 0 0 0 0 0 0 0 0 0 0 0 0 0 0 0 0 0 0 0 0 0 0 1 0 0 0 0 0 0 0 0 0 0 0 0 0 0 0 0 0 0 0 0 21 22 32 13 0 0 15 30 59 11 12 0 0 0 40 52 38 0 0 0 0 0 2 0 0 11 0 0 0 0 0 0 0 0 0 0 0 0 0 0 0 0 0 0 0 0 0 0 0 0 0 0 0 0 0 0 0 0 0 0 0 8 0 0 0 0 0 0 0 0 0 0 0 6 1 0 0 1 4 1 12 0 0 0 0 9 0 0 0 0 0 0 0 0 0 0 0 0 0 0 0 0 0 0 0 11 0 0 0 
 2 1 2 0 0 0 0 0 0 0 4 0 0 2 0 0 0 0 0 0 68 431 0 114 36 33 56 88 446 387 253 31 72 34 69 160 115 357 36 84 0 0 3 0 0 34 0 0 0 0 0 0 3 2 0 0 2 0 0 0 0 0 3 0 2 1 2 3 0 0 5 0 0 0 0 0 3 0 0 0 0 0 2 0 2 0 2 0 0 0 0 0 0 0 0 0 0 0 0 0 0 25 25 31 12 0 0 0 0 53 55 30 0 0 2 18 18 21 0 0 0 0 0 0 0 0 0 0 0 0 1 0 0 0 0 0 0 0 0 0 0 0 0 0 0 0 0 0 0 0 0 0 0 0 0 0 0 0 0 0 0 0 0 0 0 0 0 0 0 0 0 0 0 0 0 0 0 0 0 0 0 26 33 16 20 1 11 0 23 62 36 46 0 0 0 27 0 40 1 0 0 0 0 0 0 6 0 0 0 0 1 2 0 0 0 0 0 0 21 0 0 0 0 0 0 1 0 0 0 0 0 0 0 0 0 0 2 0 0 0 0 0 6 0 0 0 0 0 0 0 0 0 0 0 0 1 0 5 2 2 2 20 1 0 0 0 10 0 0 0 0 0 0 0 0 0 0 0 0 0 0 26 0 0 0 0 10 0 0 0 
 5 3 4 3 6 3 3 3 6 3 3 3 4 3 3 3 5 3 3 3 62 79 114 0 73 51 63 80 84 413 245 358 272 61 55 88 54 563 70 278 0 19 3 0 0 0 0 0 0 0 61 0 2 2 0 0 3 0 0 0 0 0 3 0 2 0 0 3 0 0 3 0 0 0 1 0 3 0 0 0 0 2 0 0 2 0 0 0 0 0 0 0 0 0 0 0 0 0 0 0 0 0 10 44 64 28 0 0 0 18 17 46 0 0 0 0 0 1 0 0 0 0 9 0 0 0 0 0 0 0 0 0 12 0 3 0 0 0 20 0 7 1 0 1 0 1 0 0 0 0 0 0 1 0 0 0 0 0 0 1 0 0 0 0 0 0 0 0 0 0 0 0 0 0 0 0 8 0 0 0 0 1 0 11 10 30 0 0 0 22 34 27 0 0 0 1 1 13 0 0 0 0 0 0 0 0 0 0 0 0 0 0 0 0 0 0 0 0 54 0 0 0 0 1 0 0 0 0 0 0 0 0 0 0 0 0 0 0 0 6 0 0 0 0 0 0 0 0 0 0 0 0 0 0 10 2 2 8 86 8 13 3 0 0 0 0 0 0 0 0 0 0 0 0 0 0 0 0 0 0 0 24 0 0 0 0 1 0 0 0 
 2 0 0 0 0 0 0 0 0 0 0 0 0 0 1 0 0 0 0 1 42 27 36 73 0 375 282 55 48 64 177 371 369 89 55 513 281 54 137 56 63 0 3 0 0 0 1 0 0 0 0 0 2 2 0 0 2 0 0 0 3 0 3 0 2 0 0 3 0 0 0 0 0 0 1 0 2 1 0 0 0 0 0 1 2 2 0 0 0 1 0 7 0 0 31 0 0 0 0 0 0 0 0 20 50 104 1 0 0 0 0 0 0 0 0 0 0 0 1 0 1 0 0 0 0 0 0 0 0 0 0 1 31 0 15 1 0 0 118 25 0 0 0 0 0 0 0 0 0 0 0 0 0 0 0 0 0 0 0 0 0 0 13 0 0 0 0 0 0 0 0 0 0 0 0 0 3 0 0 0 0 0 0 0 24 46 2 0 0 0 0 14 0 0 0 0 0 0 0 0 1 0 0 0 1 0 1 1 7 0 0 0 69 0 1 0 0 0 35 31 0 0 0 0 0 0 0 1 0 0 0 0 0 0 0 0 0 0 0 2 0 0 0 0 0 0 0 0 0 0 0 0 2 0 14 0 4 2 4 3 16 0 0 0 0 0 0 2 0 0 0 0 0 0 0 0 0 0 0 0 0 0 0 0 0 0 0 0 0 0 
 3 0 0 2 0 0 2 204 0 2 0 125 0 0 1 0 0 0 0 0 34 39 33 51 375 0 15 24 35 55 91 38 15 33 43 76 44 54 41 70 0 0 3 1 132 1 0 0 0 0 0 0 3 2 21 0 2 0 190 0 3 0 3 0 2 0 0 3 0 0 0 0 0 0 0 0 3 0 0 0 0 0 0 0 1 0 0 0 0 0 0 0 0 0 0 0 0 0 0 0 12 0 0 1 0 20 0 0 0 0 0 1 0 0 2 0 0 0 0 0 9 0 0 0 0 0 12 11 1 0 0 0 27 0 0 1 0 0 35 41 0 0 0 0 0 0 0 0 0 0 0 0 0 0 0 0 0 0 0 0 0 0 0 0 0 0 0 8 0 0 0 0 0 0 0 2 1 0 0 0 2 7 1 2 26 11 0 0 0 2 0 1 0 0 19 11 0 0 0 0 0 0 0 0 0 0 11 7 1 0 0 0 35 21 7 0 0 0 13 62 0 0 0 0 0 1 0 0 0 0 0 0 0 2 0 0 1 0 7 0 0 0 0 0 0 0 0 0 0 0 0 0 0 2 12 1 1 1 0 4 6 0 0 45 0 0 0 0 0 0 0 0 0 0 0 0 0 0 0 0 0 0 0 10 0 0 0 0 0 0 
 2 0 0 0 0 1 0 0 0 0 0 0 0 0 0 7 0 0 1 0 395 280 56 63 282 15 0 72 29 35 17 31 425 293 24 20 25 34 43 335 3 0 0 0 19 0 0 0 0 63 0 0 0 0 0 0 0 0 2 0 2 0 7 3 0 2 0 0 0 0 0 0 0 0 0 1 7 1 0 5 0 0 0 0 1 0 0 0 0 0 0 0 0 0 10 0 0 0 0 0 45 73 1 4 0 0 23 26 19 0 0 0 9 43 28 39 4 4 0 18 0 0 0 0 0 0 0 0 0 0 0 0 0 0 0 0 0 0 0 0 0 0 14 0 0 0 0 0 0 0 0 0 0 0 0 0 0 0 0 0 1 0 0 0 0 31 0 0 0 0 0 0 0 0 11 0 0 7 0 0 23 5 44 0 0 0 9 28 13 0 2 0 13 26 27 21 19 0 0 50 0 17 0 2 0 0 0 0 0 0 0 0 0 0 6 0 0 0 0 0 0 0 0 0 0 0 0 0 0 0 0 0 8 0 0 0 0 13 0 0 0 0 0 0 0 0 0 0 0 0 0 0 0 0 12 0 0 0 0 0 1 0 0 0 0 0 0 0 0 0 0 0 0 0 0 0 0 0 0 0 0 0 0 0 0 0 0 0 0 0 
 4 0 0 0 1 0 2 0 0 2 0 0 0 0 0 0 0 0 0 0 768 412 88 80 55 24 72 0 290 39 51 35 100 320 143 52 267 41 39 78 0 0 3 0 0 5 0 2 0 0 0 0 2 2 0 0 2 0 0 0 7 0 12 0 2 0 0 4 0 0 3 0 0 0 4 0 8 0 0 3 0 0 0 0 2 0 0 0 0 0 0 0 0 1 0 0 0 0 0 0 14 39 11 12 19 0 0 30 44 34 18 2 0 14 60 27 57 17 0 0 0 0 0 0 0 0 0 0 0 0 0 0 0 28 0 0 0 5 0 0 0 0 0 0 0 0 0 0 0 0 0 0 0 1 0 0 0 0 0 0 0 0 0 0 0 2 0 0 0 0 0 0 0 0 2 0 0 3 0 0 0 60 98 21 3 0 0 52 36 11 24 0 1 0 18 23 58 13 0 1 0 0 0 0 0 0 1 0 0 0 0 0 0 16 0 0 0 0 0 0 0 0 0 0 0 0 0 0 0 0 0 0 0 0 1 0 0 2 0 0 0 0 0 0 0 0 0 0 0 0 0 0 0 0 7 1 2 0 0 1 4 0 0 0 0 0 7 0 0 0 0 2 0 0 0 0 10 0 0 0 0 1 0 0 1 0 0 0 0 0 
 9 0 0 1 2 0 0 0 0 0 0 0 0 0 71 0 1 0 0 0 231 385 446 84 48 35 29 290 0 383 277 32 100 64 78 206 159 355 54 73 0 0 3 21 0 1 0 2 0 0 0 0 2 2 0 52 2 0 0 0 0 0 3 0 2 0 0 3 0 0 5 0 0 0 0 0 2 0 0 0 0 0 0 0 2 0 0 0 0 0 0 0 0 0 0 0 0 0 0 0 0 19 16 33 28 0 0 0 0 58 58 18 0 0 0 6 13 22 0 0 0 0 0 0 0 0 0 0 0 0 0 0 0 0 0 0 0 0 0 0 3 0 0 0 0 0 0 0 0 0 0 10 0 0 0 0 0 0 0 0 0 0 0 0 0 0 0 0 0 0 0 0 0 0 0 0 0 0 0 0 0 28 9 19 10 4 0 0 34 24 56 30 0 0 0 18 0 60 0 0 0 0 0 0 0 0 0 0 0 0 0 0 0 0 0 0 0 0 1 0 0 23 0 0 8 0 0 0 0 0 0 0 0 0 0 0 0 0 0 0 0 0 9 0 0 0 0 0 0 0 0 0 0 0 15 0 0 2 2 2 3 12 0 0 0 0 7 0 0 0 0 0 0 0 0 0 0 0 0 0 0 28 0 0 0 0 8 0 0 0 
 3 1 1 0 0 0 2 0 1 0 0 0 0 0 0 0 0 0 0 0 29 37 387 413 64 55 35 39 383 0 313 59 57 65 74 391 353 113 76 278 0 0 3 0 0 2 0 0 0 64 0 0 2 2 0 0 2 0 0 0 0 0 3 1 2 0 0 3 0 0 4 2 0 0 1 0 2 0 0 0 0 1 0 0 0 0 0 0 0 0 0 0 0 0 0 0 0 0 0 0 0 0 47 32 20 0 0 0 0 22 59 66 0 0 0 18 0 27 0 0 0 0 0 0 0 0 0 0 0 0 0 0 1 0 0 0 0 2 26 2 25 4 0 2 2 2 0 0 0 0 0 2 0 0 0 0 0 0 0 0 0 0 0 2 0 0 0 0 0 0 0 0 0 0 0 0 0 0 0 0 0 0 3 18 16 16 0 0 10 61 11 44 0 0 0 26 0 40 0 0 0 0 0 0 6 2 0 0 0 0 0 0 0 0 0 0 0 13 46 1 0 2 2 2 0 0 0 0 3 0 0 0 0 0 0 0 0 0 0 0 0 0 11 0 0 0 0 0 0 0 0 1 0 0 17 0 0 149 156 2 3 13 0 0 0 0 0 0 0 0 0 0 0 0 0 0 0 0 0 0 0 42 0 0 0 0 13 0 0 5 
 7 5 213 3 3 3 3 3 4 211 3 4 3 3 3 3 3 3 3 3 33 39 253 245 177 91 17 51 277 313 0 308 27 51 51 91 100 353 33 69 0 7 6 0 0 0 0 0 3 2 0 0 4 5 2 0 2 0 2 2 11 3 5 0 2 0 3 6 2 1 4 0 3 3 3 3 2 0 2 2 0 0 0 0 2 0 0 0 15 0 0 0 0 0 0 0 0 0 0 0 0 0 0 48 55 41 0 0 0 3 3 81 0 0 0 0 0 0 0 22 0 7 0 0 0 0 0 1 0 0 0 0 12 0 0 1 0 0 21 9 4 0 0 0 0 0 0 0 0 0 0 0 0 0 0 0 1 0 2 0 0 0 0 14 0 0 0 0 0 0 0 0 0 0 0 0 6 0 0 0 0 0 0 13 13 41 0 0 0 17 11 30 0 0 0 0 29 2 16 0 1 0 0 0 0 0 0 0 0 0 0 0 21 0 1 0 0 0 70 20 0 2 0 0 0 0 0 0 0 0 0 0 0 0 0 0 0 0 0 0 0 0 2 0 0 0 0 0 0 0 0 0 0 0 9 2 1 96 77 2 10 2 0 0 0 0 0 0 0 0 0 0 0 0 2 0 0 0 0 0 0 22 0 0 0 0 0 0 0 0 
 3 0 3 0 0 0 3 0 0 0 3 0 1 0 0 0 2 0 0 0 60 48 31 358 371 38 31 35 32 59 308 0 29 26 24 40 123 69 249 38 0 0 8 0 0 0 0 0 0 0 0 0 2 2 0 11 2 0 0 0 4 0 3 0 2 0 0 3 0 0 1 0 0 0 0 0 2 0 0 7 0 0 0 0 1 0 0 1 0 0 0 11 1 0 0 0 0 0 0 0 0 0 0 25 56 12 0 0 0 0 0 35 0 0 0 0 0 0 0 0 0 0 0 1 2 0 0 3 0 0 0 0 11 0 0 0 0 0 36 20 4 0 0 0 0 0 0 0 0 0 0 0 0 0 0 2 0 0 0 14 0 0 15 0 2 0 0 0 0 0 0 0 0 0 0 0 7 0 0 0 0 0 0 3 28 38 0 0 0 21 0 11 0 0 0 0 0 7 0 0 0 0 0 0 0 0 0 1 0 0 0 0 0 0 1 0 0 0 63 22 0 0 0 0 0 0 0 0 0 0 0 0 0 0 0 0 0 0 0 0 0 0 1 0 0 0 0 0 0 0 0 0 0 0 3 0 2 153 149 1 3 0 0 0 0 0 0 0 0 0 0 0 0 0 0 0 0 0 0 0 0 0 0 0 0 0 0 0 0 0 
 1 0 0 0 5 0 0 2 0 0 76 0 0 0 1 0 0 0 0 1 41 268 72 272 369 15 425 100 100 57 27 29 0 186 39 47 250 233 411 350 0 0 3 2 6 1 0 0 0 0 0 0 2 2 0 0 2 0 62 0 0 0 3 1 2 0 0 3 0 0 0 0 0 0 0 0 5 0 0 0 2 0 0 9 17 0 0 0 0 0 0 0 0 0 0 0 0 9 0 0 60 13 1 0 0 0 57 22 0 0 1 0 60 47 1 12 0 1 0 31 0 0 0 0 0 0 7 0 0 0 0 0 0 0 0 0 0 0 0 0 0 0 0 0 0 0 0 0 0 0 0 0 0 0 0 0 14 0 18 0 0 0 0 0 0 18 1 0 0 2 0 0 3 0 0 0 0 1 0 0 80 7 18 0 0 0 16 27 1 0 0 0 35 55 24 0 12 0 44 46 0 0 0 0 0 0 0 0 0 2 0 0 0 0 0 0 0 0 0 0 0 0 14 0 0 0 2 0 0 0 0 2 0 0 0 0 0 0 0 0 0 0 0 0 0 0 0 0 0 0 0 0 0 0 20 1 1 0 0 1 0 2 0 0 0 0 0 0 0 0 0 2 0 0 0 0 0 0 0 0 0 0 0 0 0 0 0 0 0 0 
 4 0 0 0 3 75 0 0 8 0 1 0 0 0 0 0 0 0 0 0 130 51 34 61 89 33 293 320 64 65 51 26 186 0 338 17 28 39 120 377 3 0 4 0 2 0 0 0 0 0 0 0 2 2 0 1 2 0 0 0 0 0 7 0 2 0 0 3 0 0 0 0 0 0 0 3 8 0 0 2 0 0 0 0 1 0 0 0 0 0 0 0 0 0 0 0 0 0 0 0 52 44 10 13 0 0 27 14 62 6 1 0 11 25 33 21 41 7 0 0 0 0 0 2 0 0 0 0 0 0 0 0 18 0 0 0 0 0 0 0 0 0 0 0 0 0 0 0 0 0 0 0 0 5 1 0 0 0 8 0 1 0 0 0 29 29 0 0 0 0 0 0 0 0 0 0 0 3 0 0 40 8 27 12 0 0 15 35 13 0 1 0 12 18 10 17 36 12 10 15 0 0 0 1 0 0 0 0 0 0 0 0 0 0 0 0 0 0 0 0 0 0 0 0 0 0 0 0 0 0 0 0 0 19 0 0 0 0 0 0 0 0 0 0 0 0 0 0 0 0 0 0 0 0 10 0 0 0 0 0 2 0 0 0 0 0 0 0 0 1 0 0 0 0 0 0 0 0 0 0 0 0 0 0 0 0 0 0 0 0 
 2 2 0 0 0 2 0 0 0 0 0 0 0 0 0 0 0 1 0 0 335 349 69 55 55 43 24 143 78 74 51 24 39 338 0 152 32 30 60 126 1 0 208 205 0 5 0 0 0 0 0 0 7 2 0 0 2 0 2 0 2 0 11 2 3 0 0 3 0 0 0 1 0 0 4 0 8 2 0 7 0 0 0 0 2 0 0 0 0 0 0 0 0 0 0 0 0 0 0 0 14 36 14 11 0 0 1 26 111 30 17 0 17 14 60 44 54 16 0 0 0 0 0 0 0 0 0 0 0 0 0 0 0 3 0 0 0 0 0 0 0 0 0 0 0 0 0 0 0 0 0 0 0 0 0 0 0 0 0 0 0 0 0 7 0 2 0 0 0 0 0 0 0 0 0 0 0 2 0 0 0 22 41 16 0 0 0 38 60 11 11 0 0 0 20 25 54 13 0 1 0 0 0 14 0 0 0 0 0 0 0 0 0 0 0 0 0 0 0 0 0 0 0 0 0 0 0 0 0 0 2 0 0 0 0 0 0 0 0 0 0 0 0 0 0 0 0 0 0 0 0 1 0 0 0 0 0 0 0 2 0 0 0 0 0 0 8 0 0 0 0 0 0 0 0 0 0 0 0 0 0 1 0 0 7 0 0 0 0 0 
 9 2 3 23 1 0 3 0 2 0 2 0 0 0 0 1 4 12 92 2 36 357 160 88 513 76 20 52 206 391 91 40 47 17 152 0 455 348 31 57 0 0 5 0 0 3 0 0 58 0 1 0 2 5 102 62 2 0 0 0 3 50 3 0 2 0 0 3 0 2 5 0 0 0 2 0 4 0 0 0 0 0 0 0 2 0 12 0 0 0 0 0 9 0 0 0 0 0 0 0 0 29 25 37 20 0 0 0 16 56 45 44 0 0 1 18 19 17 0 41 0 0 0 0 0 0 0 0 0 0 0 15 0 0 0 0 0 0 0 0 1 0 0 0 0 0 0 0 0 0 0 0 0 0 0 0 0 0 0 0 14 0 0 0 0 0 0 0 0 0 0 0 0 0 0 0 0 0 0 0 0 22 12 13 19 3 0 0 17 59 50 41 0 0 0 3 0 49 0 0 0 0 0 0 0 0 0 0 0 0 0 0 0 0 0 0 0 0 1 0 0 0 0 0 0 0 0 0 8 0 0 0 0 0 0 0 0 0 0 0 0 0 5 0 0 0 0 0 0 0 0 0 0 0 21 1 1 2 5 0 1 7 0 0 0 0 9 0 0 0 0 0 0 0 0 0 0 0 0 0 0 24 0 0 8 0 11 0 0 0 
 7 2 0 209 1 0 0 0 3 0 2 3 0 0 0 0 0 0 0 0 261 339 115 54 281 44 25 267 159 353 100 123 250 28 32 455 0 390 236 53 0 0 3 0 0 3 0 0 0 0 0 0 2 36 0 0 2 0 0 0 51 0 3 0 2 0 0 3 0 0 5 0 0 0 0 0 2 0 0 0 0 0 0 0 2 0 0 0 0 0 0 0 0 0 0 0 0 0 0 0 0 18 15 27 11 0 0 0 0 64 52 19 0 1 0 17 20 21 0 0 0 0 0 0 0 0 0 0 0 0 0 0 0 0 2 0 0 0 0 0 6 0 0 0 0 0 0 0 0 0 0 0 0 0 0 0 0 0 0 0 0 0 0 0 0 0 2 0 0 0 0 0 0 0 0 0 0 0 0 0 1 49 9 24 11 1 0 0 42 43 59 47 7 2 0 26 0 67 0 0 0 0 0 0 0 0 0 0 0 0 0 0 0 0 0 0 0 0 1 0 0 0 0 0 0 0 0 0 0 0 0 0 0 0 0 0 0 0 0 0 0 0 6 0 0 0 0 0 0 0 0 73 0 0 8 0 0 0 0 0 3 15 0 0 0 0 7 0 0 0 0 0 0 0 0 0 0 0 0 0 0 43 0 0 0 0 19 0 0 0 
 1 2 0 1 3 1 8 0 3 0 3 0 0 0 0 2 0 0 1 0 141 267 357 563 54 54 34 41 355 113 353 69 233 39 30 348 390 0 241 255 0 0 3 0 0 0 1 0 0 0 0 0 2 2 0 0 2 0 209 0 0 0 3 0 2 0 0 3 0 0 4 0 0 0 0 0 3 0 0 0 0 0 0 0 2 0 0 0 2 0 0 0 0 0 0 0 1 0 0 0 2 1 52 30 11 0 0 1 0 20 26 74 0 0 0 18 0 64 0 0 2 0 1 0 0 0 0 0 0 0 0 0 2 0 0 0 0 0 0 1 4 0 0 0 0 0 0 0 1 0 0 0 0 0 0 0 0 1 0 0 0 2 13 0 0 0 0 0 0 0 1 0 0 0 0 0 1 0 2 0 0 0 0 28 27 13 0 0 6 36 12 32 0 0 1 24 0 39 0 0 0 0 0 0 0 0 0 0 0 11 0 0 1 0 0 2 0 1 35 0 0 0 0 0 0 0 0 0 1 0 0 0 0 0 0 0 0 0 0 0 0 0 9 0 0 0 0 0 0 0 0 0 0 0 18 0 2 146 146 3 4 10 0 0 0 0 0 0 0 0 0 0 0 0 50 0 0 0 0 0 0 13 0 0 0 0 14 0 0 0 
 5 0 0 2 2 312 0 0 2 2 0 0 0 0 0 0 0 0 0 0 247 15 36 70 137 41 43 39 54 76 33 249 411 120 60 31 236 241 0 406 0 0 4 4 9 0 0 0 0 0 0 0 4 5 0 3 2 2 56 0 0 0 3 0 2 0 0 3 0 0 0 2 0 0 3 0 2 5 35 1 0 0 0 0 0 18 0 0 0 0 0 0 0 0 0 0 0 0 0 0 29 6 0 0 0 0 50 63 1 0 0 0 53 37 1 1 0 0 0 51 0 0 0 0 0 0 0 0 0 9 0 0 0 0 0 0 0 0 0 0 0 0 0 0 0 0 0 0 0 0 0 0 0 0 0 0 0 0 11 0 0 0 0 0 23 10 0 0 0 0 0 0 8 0 0 2 0 0 0 0 34 0 1 1 1 0 59 10 0 2 0 0 46 44 20 0 2 0 22 57 0 0 0 0 0 0 0 0 0 0 0 0 0 0 0 0 0 0 0 0 0 0 0 0 0 2 0 0 0 0 0 0 0 2 0 0 0 0 0 0 0 0 0 0 0 0 0 0 0 0 1 0 0 0 24 2 0 0 0 2 0 0 0 0 0 0 1 0 0 0 0 0 0 0 0 0 0 0 0 0 0 0 0 0 0 0 0 0 0 1 
 1 2 0 0 0 0 0 0 0 1 0 1 0 2 1 0 1 0 0 1 54 128 84 278 56 70 335 78 73 278 69 38 350 377 126 57 53 255 406 0 0 0 3 7 7 0 0 2 5 0 0 0 5 4 0 0 3 0 0 0 0 0 3 0 2 1 0 3 3 0 0 3 1 0 0 3 6 1 1 4 0 0 0 0 1 0 0 0 0 0 0 0 0 0 0 0 0 0 0 0 43 13 0 0 0 0 37 20 0 0 0 0 35 40 3 13 0 0 0 27 0 0 0 0 0 0 0 0 0 0 0 0 0 0 2 13 0 0 0 0 0 0 0 0 0 0 0 0 0 0 0 0 0 0 0 0 0 0 0 0 2 0 0 0 0 15 0 0 0 0 0 0 4 11 0 0 0 1 0 0 64 9 24 0 0 0 38 21 2 0 0 0 35 40 43 0 33 0 29 88 0 0 0 1 0 17 0 0 0 0 0 0 0 0 0 0 0 0 0 0 0 0 0 0 0 0 0 0 0 0 0 0 0 0 0 0 0 1 0 0 0 0 0 0 0 0 2 0 0 0 0 1 0 0 32 0 0 0 0 2 0 2 2 0 0 0 0 0 0 0 0 0 0 0 0 0 0 0 0 0 0 0 0 0 0 0 0 0 0 0 
 3 3 3 3 3 3 7 3 8 3 3 3 3 3 3 3 3 3 3 3 3 6 0 0 63 0 3 0 0 0 0 0 0 3 1 0 0 0 0 0 0 97 307 60 38 43 353 246 52 40 262 230 61 74 452 39 45 34 256 55 66 0 0 1 0 0 0 7 0 2 0 1 0 0 4 2 0 1 0 0 0 0 0 0 0 0 0 0 0 0 0 0 0 0 0 0 0 0 0 0 0 0 0 0 0 0 0 0 0 0 0 0 0 0 0 0 0 0 0 0 25 44 49 6 0 0 18 19 25 18 18 0 0 20 33 33 45 56 0 0 0 4 0 0 0 0 0 0 0 0 0 0 0 0 6 8 0 0 0 20 2 0 10 0 0 0 0 0 0 0 0 0 0 0 0 0 0 0 0 0 0 0 0 0 0 0 0 0 0 0 0 0 0 0 0 0 0 0 0 0 11 15 35 5 0 0 18 17 26 3 26 0 0 0 21 20 32 0 0 0 0 0 0 0 0 2 0 0 0 0 0 0 0 0 0 0 0 0 0 0 0 0 1 0 0 0 0 0 16 0 0 2 0 0 0 0 0 0 0 25 0 12 11 0 0 0 0 0 0 0 4 0 0 0 0 0 0 0 0 0 0 0 0 0 0 0 0 0 1 0 
 1 0 0 61 0 0 0 0 63 0 0 0 1 0 2 0 0 0 0 0 0 0 0 19 0 0 0 0 0 0 7 0 0 0 0 0 0 0 0 0 97 0 311 37 39 26 317 299 275 63 41 75 23 53 237 162 242 336 44 54 0 0 0 0 3 0 2 0 0 0 54 0 0 0 0 0 93 0 0 0 0 0 0 0 0 0 0 0 0 0 0 0 0 0 0 0 0 0 0 0 0 0 0 0 0 0 0 0 0 0 3 0 0 0 0 0 0 0 0 0 0 11 24 30 1 0 0 0 6 38 61 23 0 0 0 44 20 23 0 0 0 0 5 0 0 0 27 0 0 0 0 0 0 0 0 0 0 0 4 3 0 0 0 0 0 0 0 0 0 0 3 0 0 4 28 0 0 0 0 0 0 0 0 0 0 0 0 0 0 0 0 0 16 0 0 0 0 0 0 0 0 7 27 34 0 0 0 0 0 10 8 9 0 0 0 43 30 48 0 0 0 0 0 0 0 0 0 0 0 0 0 0 0 0 0 0 0 0 0 0 0 0 10 0 0 0 0 0 0 0 0 4 0 0 0 0 1 0 0 30 0 0 0 0 0 0 0 0 0 0 15 0 0 0 0 0 0 0 0 0 0 0 0 0 0 21 0 0 1 0 
 2 0 5 0 0 0 7 0 0 0 3 0 0 0 0 0 0 0 3 0 5 3 3 3 3 3 0 3 3 3 6 8 3 4 208 5 3 3 4 3 307 311 0 123 59 22 65 108 178 256 58 27 79 37 54 205 349 218 42 63 0 8 10 1 2 0 8 1 9 5 2 1 0 2 6 6 3 8 0 5 0 0 0 0 0 0 0 8 0 0 0 0 0 0 0 0 0 0 0 0 0 0 0 0 0 0 0 0 0 7 0 0 0 0 0 0 0 0 0 0 0 18 10 50 5 0 0 0 0 16 38 18 0 0 0 4 18 34 0 0 0 0 1 0 0 2 5 0 12 4 15 0 0 0 0 5 0 0 30 0 0 1 0 0 0 0 0 0 0 0 0 0 0 4 0 0 0 0 2 0 0 0 22 0 0 0 0 0 0 0 0 0 0 0 0 0 0 0 0 0 0 13 20 34 0 0 0 0 0 34 21 4 0 0 0 13 0 39 0 17 0 0 2 7 4 0 0 0 0 0 4 3 0 0 0 0 0 0 3 0 0 0 31 0 0 0 0 0 0 0 0 2 0 1 0 0 0 0 0 1 2 0 1 2 0 2 5 4 0 0 16 0 0 0 0 0 0 0 0 0 0 0 0 0 30 8 0 0 2 0 
 1 0 62 0 1 3 0 0 0 0 7 1 0 68 0 0 0 0 0 0 2 0 0 0 0 1 0 0 21 0 0 0 2 0 205 0 0 0 4 7 60 37 123 0 96 60 45 92 99 252 175 304 63 60 40 171 46 189 56 70 3 0 0 0 2 0 5 0 0 0 0 0 7 0 0 3 0 0 0 0 0 0 0 0 1 0 0 0 0 0 0 0 0 0 0 0 0 0 0 0 11 0 1 0 22 0 1 0 0 0 0 0 1 1 0 0 0 0 0 2 0 0 0 28 40 20 0 0 0 0 0 15 0 0 0 0 0 0 0 0 11 0 0 0 19 1 0 0 11 0 0 0 0 0 0 0 0 0 22 0 0 2 0 0 4 9 0 0 0 0 0 0 0 0 0 0 0 0 3 0 15 0 0 0 0 0 7 0 0 0 0 0 1 4 1 0 0 0 0 2 0 0 0 14 25 20 0 0 0 15 16 23 0 0 0 0 0 1 0 0 0 5 10 0 5 0 0 0 0 0 0 0 0 1 0 0 0 0 24 23 0 0 0 0 0 0 0 0 0 0 0 3 0 0 0 0 0 0 0 0 0 0 38 37 0 9 4 3 1 2 0 0 0 0 0 0 0 0 0 0 0 1 0 0 11 0 0 0 1 6 
 1 0 0 0 3 0 0 0 0 0 0 0 0 0 0 0 3 0 5 0 0 0 0 0 0 132 19 0 0 0 0 0 6 2 0 0 0 0 9 7 38 39 59 96 0 230 66 90 145 79 136 394 322 75 308 105 73 43 84 285 3 6 0 0 0 0 0 0 0 2 0 0 18 0 2 0 0 0 0 0 12 0 0 0 0 10 0 0 0 0 0 0 0 0 0 0 0 0 0 0 5 0 1 0 0 0 0 2 1 0 1 0 1 50 0 0 0 1 0 3 0 0 0 1 0 31 0 0 0 0 0 18 1 0 0 0 0 0 0 0 0 0 0 0 0 0 12 5 0 0 0 0 27 3 0 0 0 0 8 0 0 4 0 0 0 4 15 11 0 0 0 0 0 0 0 0 20 0 1 8 6 0 11 0 0 0 5 0 0 0 0 0 0 9 0 1 0 0 0 6 0 0 0 0 8 20 0 0 0 0 0 6 0 0 0 0 0 0 0 0 23 0 0 0 0 0 39 0 0 0 0 0 39 14 0 0 0 0 37 50 0 0 0 0 0 0 0 0 0 0 0 4 0 0 0 0 0 0 0 0 0 19 1 1 0 6 2 2 0 0 0 0 0 0 0 0 0 0 0 0 0 0 0 0 0 0 0 0 1 2 
 1 0 0 2 2 0 0 0 0 0 0 1 0 0 0 0 0 4 0 0 0 9 34 0 0 1 0 5 1 2 0 0 1 0 5 3 3 0 0 0 43 26 22 60 230 0 38 21 61 44 77 60 56 46 68 65 59 61 46 78 6 4 0 5 0 5 1 0 0 3 0 1 2 0 0 0 2 5 104 0 0 0 0 0 0 0 0 0 0 0 0 0 0 0 0 0 0 0 0 0 1 0 5 0 0 0 0 0 4 3 6 0 0 0 2 3 12 14 0 7 0 0 0 0 1 33 0 0 0 0 0 0 0 0 0 0 0 0 0 0 6 0 0 0 0 0 17 4 0 0 0 0 13 10 21 0 0 7 0 8 0 0 0 0 0 0 3 0 1 0 0 0 0 0 0 7 0 0 0 0 0 0 1 0 0 0 0 2 3 4 0 1 0 0 0 13 2 1 28 0 11 0 0 0 0 23 0 0 0 0 0 0 0 0 0 0 0 0 1 0 58 0 0 0 0 0 36 3 0 0 0 0 39 29 0 0 0 0 15 47 0 0 4 0 0 2 0 0 0 0 0 7 0 0 0 0 0 0 0 0 0 0 1 0 0 1 1 5 0 5 3 0 0 0 0 0 0 0 0 0 0 0 0 0 0 0 0 0 1 0 
 2 0 1 0 0 0 44 0 0 0 1 0 0 0 2 0 0 0 0 0 0 0 0 0 1 0 0 0 0 0 0 0 0 0 0 0 0 1 0 0 353 317 65 45 66 38 0 93 40 45 52 52 356 261 38 35 242 29 70 246 1 0 0 0 0 0 0 3 0 0 0 0 0 0 0 0 0 0 0 0 0 0 0 0 0 0 0 0 0 0 0 0 0 0 0 0 0 0 0 0 0 0 0 0 0 0 0 0 0 0 0 0 0 0 0 0 0 8 0 0 19 22 15 0 0 0 14 27 20 8 0 0 17 24 33 22 10 9 0 13 0 9 0 0 0 0 0 0 0 0 0 0 0 0 0 56 1 0 0 5 4 0 0 0 0 0 0 2 0 0 0 0 0 0 0 0 0 0 0 0 1 0 0 0 0 0 0 0 0 0 0 0 0 0 0 0 0 0 0 0 30 28 7 0 0 0 26 61 43 10 0 0 0 27 47 12 22 0 0 4 0 0 0 0 0 0 0 0 0 0 0 0 0 0 0 0 0 0 0 0 0 0 0 0 0 0 0 0 0 0 0 6 0 0 0 0 0 0 0 0 83 0 0 0 0 4 0 0 0 0 0 0 0 0 0 0 0 0 0 0 0 0 0 0 0 0 0 0 2 0 
 2 0 0 0 0 0 0 0 0 0 0 0 0 0 0 0 2 0 0 63 0 0 0 0 0 0 0 2 2 0 0 0 0 0 0 0 0 0 0 2 246 299 108 92 90 21 93 0 85 251 30 150 394 268 153 111 38 50 517 284 0 0 0 0 2 0 1 1 0 0 0 0 8 0 0 0 0 0 8 0 0 0 0 0 0 0 0 0 0 0 0 0 0 0 0 0 0 0 0 0 0 0 0 0 70 0 1 0 0 0 0 0 0 8 0 0 0 0 0 0 8 35 52 51 9 0 0 0 21 68 47 8 0 0 15 27 12 94 0 7 0 0 34 0 0 1 0 0 1 8 0 0 0 0 0 8 14 0 0 17 0 0 0 0 0 0 0 0 0 0 0 0 0 0 0 0 0 0 16 0 0 7 0 0 0 0 0 0 0 0 0 0 0 0 0 0 0 0 0 0 0 32 22 19 34 0 0 1 29 14 3 8 0 0 8 34 18 53 0 0 0 0 0 0 0 0 0 0 0 0 0 0 0 0 0 0 0 0 0 0 0 0 25 0 0 26 19 0 0 32 0 0 0 2 0 0 0 0 0 6 0 0 2 0 0 0 0 0 0 0 21 0 0 0 0 0 0 0 0 0 0 0 10 0 6 6 0 0 0 0 
 7 0 0 4 0 0 0 0 0 4 3 12 0 0 0 0 3 2 9 0 0 1 0 0 0 0 0 0 0 0 3 0 0 0 0 58 0 0 0 5 52 275 178 99 145 61 40 85 0 304 73 41 124 65 102 183 123 224 90 68 0 0 0 0 2 0 16 0 0 0 0 0 0 0 0 0 0 0 0 0 0 0 4 5 3 4 0 0 1 5 3 9 21 0 0 0 0 1 0 0 0 0 0 0 0 0 0 0 0 0 0 0 0 0 0 0 0 0 1 0 0 14 32 100 2 0 0 0 0 14 32 20 0 0 0 20 20 41 0 0 0 0 14 0 0 6 6 0 22 0 0 0 0 0 0 0 0 0 9 0 0 1 0 1 0 0 0 0 2 32 55 5 0 4 0 0 0 1 3 0 0 0 0 0 0 0 0 0 0 0 0 0 0 0 0 0 0 0 4 0 0 13 19 55 0 0 0 0 0 27 20 3 0 0 0 17 0 58 0 0 0 0 0 0 0 0 0 0 0 0 0 0 0 0 0 0 0 0 3 0 0 3 21 0 0 0 4 0 0 2 0 3 0 0 0 0 0 0 0 5 0 13 18 2 2 0 4 3 0 0 18 0 0 0 0 0 0 0 0 0 0 0 0 0 19 7 0 0 2 1 
 6 2 1 0 0 0 11 1 0 0 0 0 0 4 7 0 0 0 0 0 0 0 0 0 0 0 63 0 0 64 2 0 0 0 0 0 0 0 0 0 40 63 256 252 79 44 45 251 304 0 280 128 61 91 82 444 272 309 79 119 0 0 0 0 3 0 5 0 2 0 2 0 4 0 0 0 0 0 0 0 5 0 0 0 0 0 0 8 1 17 0 0 2 2 8 2 2 0 0 0 0 0 0 0 0 0 0 0 0 0 0 0 0 0 0 0 0 0 0 0 0 0 0 14 38 0 0 0 0 0 2 11 0 0 0 10 17 1 0 0 0 0 8 0 0 5 3 0 11 0 0 0 0 0 0 0 0 0 9 0 0 5 6 0 0 0 0 0 0 0 0 0 0 1 4 2 20 0 8 0 0 0 0 0 0 0 0 0 0 0 0 0 0 0 0 0 0 0 0 0 0 0 10 20 20 0 0 0 0 12 14 19 0 0 0 5 0 13 0 0 0 0 0 0 5 0 0 0 0 0 0 0 0 0 0 0 0 0 1 1 0 1 0 0 0 0 0 0 0 0 0 2 0 0 0 0 0 0 0 9 0 0 67 65 0 9 1 98 0 0 1 0 0 13 0 0 0 0 0 0 0 0 0 0 5 15 0 0 1 0 
 1 1 2 0 2 1 0 0 0 0 4 0 0 0 2 0 1 2 6 0 15 0 0 61 0 0 0 0 0 0 0 0 0 0 0 1 0 0 0 0 262 41 58 175 136 77 52 30 73 280 0 184 241 44 78 91 108 238 29 67 2 0 0 0 0 0 5 0 0 1 0 0 7 0 2 0 0 0 0 0 0 0 0 0 0 0 0 0 0 0 0 0 0 0 0 0 0 0 0 0 0 0 0 0 0 0 0 0 0 0 0 0 0 0 0 0 0 0 0 0 9 13 0 0 47 30 2 22 7 2 18 15 0 2 13 0 0 0 0 0 0 0 1 0 0 7 3 0 6 0 0 0 0 0 0 0 0 0 14 0 0 8 0 0 0 0 7 0 0 0 0 0 0 0 0 0 0 0 2 0 0 0 0 0 0 0 0 0 0 0 0 0 0 0 0 0 0 0 0 0 6 27 0 14 19 23 1 5 8 0 74 21 0 9 4 3 7 0 0 8 1 0 0 0 0 0 0 0 0 0 0 0 0 19 0 0 0 0 22 41 0 0 0 0 0 0 0 0 0 0 0 0 0 0 0 0 0 0 0 7 0 0 8 63 0 20 6 3 2 0 0 0 0 0 0 0 0 0 0 0 0 0 0 0 18 5 0 0 1 0 
 3 2 1 0 3 0 0 0 62 0 0 0 0 0 0 0 1 0 1 1 0 0 0 0 0 0 0 0 0 0 0 0 0 0 0 0 0 0 0 0 230 75 27 304 394 60 52 150 41 128 184 0 241 28 45 244 95 52 53 172 0 1 3 3 0 3 1 0 2 0 52 0 11 0 0 0 53 3 1 0 0 0 1 0 0 0 0 0 0 0 0 0 0 0 0 0 0 0 0 0 0 0 0 0 0 0 0 0 0 0 0 0 0 0 0 0 0 0 0 0 0 0 15 0 27 28 0 0 0 0 0 11 0 0 0 0 11 0 0 0 0 0 0 0 0 0 1 19 0 1 0 0 0 0 0 0 10 0 3 10 0 4 0 0 0 0 21 0 0 0 0 0 0 1 13 0 0 0 13 0 0 0 0 0 0 0 0 0 0 0 0 0 9 0 0 0 0 0 0 0 0 0 0 0 26 54 0 0 0 0 18 12 0 0 0 0 0 0 0 0 0 0 0 0 0 0 2 0 0 0 0 0 25 16 0 0 0 0 35 13 0 0 0 0 0 0 0 0 0 0 2 6 0 0 0 0 0 0 0 0 0 0 70 63 0 20 3 69 0 0 0 0 0 0 1 0 0 0 0 0 0 0 0 0 0 0 0 0 2 0 
 0 0 3 0 1 0 0 0 3 0 0 0 0 0 0 53 1 0 0 0 2 2 3 2 2 3 0 2 2 2 4 2 2 2 7 2 2 2 4 5 61 23 79 63 322 56 356 394 124 61 241 241 0 108 260 268 36 40 337 204 0 0 0 0 0 0 18 8 0 0 52 0 3 0 0 0 202 0 3 2 0 0 0 0 0 0 0 0 0 0 0 0 0 0 0 0 0 0 0 0 0 1 0 13 0 0 0 3 0 0 0 0 6 1 0 0 0 0 0 0 22 19 2 0 0 0 21 39 0 0 0 0 84 43 23 11 46 0 1 14 0 8 0 0 0 0 3 0 0 0 0 0 0 3 2 2 1 1 0 6 7 0 0 0 0 0 0 7 0 0 0 0 0 0 0 0 0 0 0 0 0 0 0 0 0 0 0 0 0 0 0 0 0 0 0 0 0 0 0 0 45 5 0 0 0 0 25 26 10 0 0 0 1 43 24 15 11 0 0 7 4 4 0 0 0 0 0 2 0 0 0 0 2 4 3 0 2 0 0 2 0 0 0 0 0 0 0 0 0 0 0 4 0 1 0 0 0 0 0 2 0 0 2 0 0 0 2 0 0 0 0 0 0 0 0 0 0 0 0 0 0 0 0 0 0 0 0 0 0 0 
 3 3 3 4 8 6 7 3 2 3 4 5 3 3 5 3 3 3 3 3 2 2 2 2 2 2 0 2 2 2 5 2 2 2 2 5 36 2 5 4 74 53 37 60 75 46 261 268 65 91 44 28 108 0 277 264 104 37 93 80 0 0 0 0 0 0 0 11 0 0 0 2 0 4 0 0 0 0 0 0 0 0 0 0 0 1 0 0 0 0 0 1 0 0 0 0 0 0 0 0 15 0 0 0 0 0 11 0 0 0 0 1 8 0 0 0 0 0 0 1 30 7 32 5 0 0 18 15 21 17 0 0 0 22 28 29 19 7 0 0 0 2 0 0 0 0 11 0 10 0 0 0 0 0 0 5 0 0 0 11 3 6 0 0 7 12 0 0 0 0 0 1 0 0 0 0 0 0 42 0 8 0 0 0 0 0 0 0 0 0 0 0 10 3 0 0 0 0 0 0 0 5 9 0 0 0 19 41 17 4 7 0 0 1 23 11 65 0 0 0 0 0 0 0 0 0 0 0 0 0 0 0 0 0 0 0 0 0 0 0 0 0 2 0 0 0 1 0 0 0 0 65 0 1 0 0 0 0 1 12 0 0 1 0 0 0 2 0 2 0 1 0 0 0 0 0 0 0 0 0 0 0 0 0 0 0 0 0 2 0 
 2 0 1 0 0 0 0 0 0 8 0 2 0 0 0 2 0 3 0 0 0 0 0 0 0 21 0 0 0 0 2 0 0 0 0 102 0 0 0 0 452 237 54 40 308 68 38 153 102 82 78 45 260 277 0 152 48 70 102 107 0 0 0 0 0 0 0 0 0 0 0 0 0 0 0 0 0 0 0 0 0 0 0 0 0 0 3 0 0 0 0 0 0 0 0 0 0 0 0 0 0 0 0 0 0 0 0 0 0 0 0 0 0 0 0 0 0 0 0 46 9 21 54 51 0 26 4 0 29 30 27 12 9 11 12 6 19 45 0 3 0 0 9 0 0 1 0 0 1 0 0 0 0 0 0 8 0 0 0 6 0 0 0 0 0 0 0 0 0 0 0 0 0 8 0 0 0 0 0 0 0 0 0 0 0 8 0 0 0 0 0 0 0 0 0 0 0 0 0 0 7 34 13 17 0 0 6 0 30 9 12 0 9 3 8 29 13 41 0 8 0 0 0 0 0 0 0 0 0 0 0 0 0 0 0 0 0 0 0 0 0 0 10 0 0 0 0 0 0 0 0 10 0 1 0 6 0 0 1 12 0 0 0 1 0 4 0 0 0 0 18 0 0 0 0 0 0 0 0 0 0 0 0 0 0 7 0 0 2 0 
 6 0 0 0 0 0 0 0 3 0 0 0 0 0 0 0 0 0 0 0 0 0 0 0 0 0 0 0 52 0 0 11 0 1 0 62 0 0 3 0 39 162 205 171 105 65 35 111 183 444 91 244 268 264 152 0 243 133 28 76 6 48 0 0 7 2 0 3 0 0 3 3 0 1 2 6 2 2 0 0 0 0 0 0 0 0 0 0 0 0 0 0 0 0 18 0 0 9 0 0 0 0 0 0 17 0 0 0 14 0 0 0 0 0 0 0 0 0 0 0 0 36 19 40 0 0 0 0 7 15 35 7 0 0 1 21 11 76 0 0 0 0 35 0 0 6 6 0 14 0 0 0 0 0 0 0 0 0 0 0 0 0 0 0 0 0 0 0 0 0 0 0 0 4 0 0 0 0 2 0 0 0 0 0 0 0 0 0 0 0 0 0 0 0 0 0 0 0 0 0 0 6 14 31 0 0 0 0 0 25 28 34 0 0 0 18 0 41 0 0 0 16 0 0 16 4 0 0 0 19 0 0 0 0 0 0 0 0 3 0 0 0 13 0 0 0 0 0 0 0 0 17 0 1 0 0 0 0 0 2 0 0 1 1 0 0 3 0 0 0 16 0 0 0 0 0 0 0 0 0 0 3 0 0 30 9 0 0 2 0 
 2 0 0 0 3 0 0 0 0 0 1 1 0 1 0 3 2 1 3 0 63 2 2 3 2 2 0 2 2 2 2 2 2 2 2 2 2 2 2 3 45 242 349 46 73 59 242 38 123 272 108 95 36 104 48 243 0 236 19 32 0 0 0 0 0 51 7 0 0 0 0 0 0 0 0 0 0 0 0 0 0 0 0 0 0 0 0 0 0 0 0 0 0 0 0 0 0 0 0 0 0 0 0 0 0 0 0 0 0 0 0 0 0 0 0 5 0 0 0 0 7 15 11 33 0 0 0 1 14 35 28 14 0 0 4 7 4 22 0 0 0 0 1 0 0 2 8 0 2 0 0 0 0 0 0 0 0 0 7 0 0 1 0 0 0 0 18 0 0 0 0 0 0 3 0 0 0 0 2 0 0 0 0 0 0 0 0 0 0 0 0 0 7 0 0 0 0 0 0 0 6 16 27 45 0 0 0 3 11 76 27 8 1 6 3 13 3 38 0 0 0 0 0 0 0 0 0 0 0 0 0 0 0 0 0 0 0 0 0 0 0 0 12 0 0 0 0 0 0 0 0 4 0 1 0 0 0 0 1 2 0 0 1 1 1 2 0 6 0 0 11 0 0 0 0 0 0 0 0 0 0 0 0 0 16 6 0 0 2 1 
 2 0 0 0 76 1 0 0 0 0 0 0 0 0 0 0 0 1 2 61 0 0 0 0 0 0 0 0 0 0 0 0 0 0 0 0 0 0 2 0 34 336 218 189 43 61 29 50 224 309 238 52 40 37 70 133 236 0 29 44 0 8 6 0 0 0 7 63 6 2 0 0 5 10 5 4 6 12 0 0 0 0 0 0 0 0 0 0 2 0 0 0 0 0 0 0 0 0 0 0 0 0 0 0 0 0 0 0 0 0 0 0 0 0 0 0 0 0 0 0 0 2 12 5 75 0 0 0 1 13 18 15 0 13 0 36 10 3 0 0 0 0 1 6 0 12 4 6 10 32 7 0 0 0 0 10 0 5 16 0 0 0 0 0 0 0 0 0 0 0 0 0 0 4 0 0 0 3 0 0 0 0 0 0 0 0 0 0 0 0 0 0 0 0 0 0 0 0 0 16 0 1 12 32 37 0 0 0 0 9 25 21 0 0 1 23 0 19 0 0 11 0 28 3 6 0 0 0 6 2 3 29 0 0 0 12 0 9 0 2 0 0 3 0 0 0 0 0 0 0 0 15 0 0 0 0 0 0 0 27 0 0 62 0 3 1 6 64 0 0 14 0 0 0 0 0 0 0 0 0 0 0 0 0 4 16 0 0 1 0 
 4 2 2 2 2 2 2 2 2 2 2 2 2 2 2 2 2 2 2 2 0 4 0 0 0 190 2 0 0 0 2 0 62 0 2 0 0 209 56 0 256 44 42 56 84 46 70 517 90 79 29 53 337 93 102 28 19 29 0 312 0 0 0 4 1 0 0 2 0 4 4 3 0 0 0 0 0 4 0 0 0 0 0 0 21 0 0 0 0 0 0 0 0 0 0 0 0 0 0 0 0 0 0 0 1 81 0 0 0 0 0 0 0 0 0 0 0 0 0 0 4 9 0 0 0 0 18 14 0 1 0 0 14 10 9 0 0 0 14 10 0 2 0 0 6 0 0 0 0 0 0 7 0 0 0 0 0 0 0 0 3 0 0 0 0 0 0 24 0 0 0 0 0 0 0 0 0 0 0 0 0 0 7 0 0 10 0 0 0 0 0 0 0 0 0 0 0 0 0 0 51 12 14 0 0 0 67 15 0 0 0 0 62 46 3 9 0 0 0 22 0 0 0 7 0 4 0 0 0 0 7 0 0 0 0 0 0 0 0 0 0 0 0 0 0 0 0 0 0 0 0 2 0 0 0 0 0 0 0 0 0 0 2 0 3 2 2 0 0 0 0 0 0 0 0 3 0 0 0 0 0 0 0 0 0 0 0 0 2 0 
 0 0 0 0 2 0 0 0 0 0 0 0 0 0 0 0 0 0 0 0 0 0 0 0 0 0 0 0 0 0 2 0 0 0 0 0 0 0 0 0 55 54 63 70 285 78 246 284 68 119 67 172 204 80 107 76 32 44 312 0 0 0 0 0 0 0 0 10 0 0 3 0 0 0 0 19 0 0 0 0 0 0 0 0 0 0 0 0 0 0 0 0 0 0 0 20 0 0 0 0 0 0 0 0 0 0 0 0 0 0 0 0 0 0 0 0 0 0 0 0 24 24 1 19 13 0 42 39 1 0 2 4 42 42 35 21 40 0 4 36 0 16 0 0 0 0 0 0 0 0 0 0 0 0 0 13 0 0 0 0 4 0 17 0 0 0 0 4 0 0 0 0 0 0 0 0 0 0 0 0 0 0 0 0 0 0 0 0 0 0 0 0 0 0 0 0 0 0 0 0 51 18 6 3 7 0 53 25 27 2 7 15 0 38 17 5 14 14 0 13 0 0 0 0 0 0 0 0 0 0 0 0 1 0 0 0 0 0 0 0 0 0 0 0 0 0 0 0 0 0 0 1 0 2 0 1 0 0 0 0 0 0 2 0 0 0 0 0 1 0 0 1 0 0 0 0 0 0 0 0 0 0 25 0 4 0 0 0 0 2 
 0 0 0 0 2 0 11 0 0 0 3 0 0 0 0 0 0 0 0 2 0 4 0 0 3 3 2 7 0 0 11 4 0 0 2 3 51 0 0 0 66 0 0 3 3 6 1 0 0 0 2 0 0 0 0 6 0 0 0 0 0 113 77 271 47 32 354 248 263 244 48 33 56 76 412 28 43 32 39 59 0 0 0 0 0 0 0 0 0 0 0 0 0 0 0 0 0 0 0 0 0 0 0 4 2 5 0 0 0 0 0 0 0 0 0 0 0 0 0 0 0 0 0 0 0 0 0 0 0 0 16 0 3 0 0 1 0 0 5 4 0 11 25 12 0 0 0 13 8 0 0 0 1 5 1 13 15 8 0 0 0 0 0 0 0 0 0 0 3 8 0 0 0 0 0 0 0 0 0 0 0 0 0 0 0 8 0 0 0 0 0 4 0 0 0 0 0 0 0 0 0 0 23 0 0 0 0 0 0 8 0 0 5 0 0 0 0 0 6 4 0 29 14 0 0 0 0 15 23 45 7 0 4 17 28 31 9 61 0 0 1 0 0 0 0 0 0 0 0 0 0 0 0 0 3 0 0 4 0 0 0 7 0 0 0 0 10 0 0 0 4 2 0 8 2 0 0 0 0 0 0 0 0 0 0 0 0 12 0 0 
 0 0 0 0 0 0 0 0 0 0 0 0 0 0 0 0 3 0 0 0 0 0 0 0 0 0 0 0 0 0 3 0 0 0 0 50 0 0 0 0 0 0 8 0 6 4 0 0 0 0 0 1 0 0 0 48 0 8 0 0 113 0 258 72 35 22 87 476 300 49 56 42 43 90 176 199 197 51 58 46 0 0 0 0 0 0 0 0 0 21 0 0 0 0 0 0 21 0 0 0 0 0 0 0 0 0 0 0 9 0 0 0 0 0 0 0 0 0 0 0 0 0 0 0 0 1 0 0 0 0 0 1 0 0 0 0 0 0 0 0 0 0 9 19 0 0 6 18 29 17 34 0 4 1 3 11 1 15 0 0 0 0 0 0 0 0 0 0 0 0 0 0 0 0 0 0 0 0 0 0 0 10 0 0 0 0 0 0 0 0 0 0 0 0 0 0 0 0 0 0 0 0 0 0 0 7 0 0 0 0 0 0 0 0 0 0 0 12 0 0 1 15 35 0 24 0 4 0 27 10 43 27 3 8 5 33 43 20 3 0 7 0 0 0 0 1 0 0 0 0 0 0 0 0 4 0 0 0 0 0 0 0 0 0 0 0 19 0 0 0 37 0 0 23 0 2 0 0 0 0 0 0 0 0 6 0 0 0 0 0 
