 0 60 48 45 40 34 434 384 35 31 35 53 76 156 412 34 78 31 159 140 2 0 4 0 0 0 0 0 3 0 3 0 0 0 4 0 3 0 0 3 0 2 0 6 0 0 0 0 5 0 0 0 0 1 0 2 3 2 0 2 0 0 0 2 0 2 0 0 0 0 0 0 0 0 0 3 0 0 0 7 14 54 18 1 6 1 1 54 11 1 0 0 0 56 33 0 36 1 0 0 0 0 0 0 0 0 0 0 0 0 0 0 0 0 1 0 0 0 0 10 0 0 2 0 0 0 0 0 0 0 1 0 0 0 0 0 0 2 0 0 0 1 0 0 0 5 0 0 2 0 0 0 0 0 0 0 10 0 0 0 39 24 0 0 0 0 49 31 11 0 0 0 1 46 42 1 37 3 1 14 0 0 0 0 0 0 0 1 0 2 1 0 0 1 0 0 0 0 0 0 0 0 0 1 0 0 16 0 0 0 0 0 1 0 0 0 0 0 0 0 0 0 0 0 0 0 0 0 19 0 0 0 0 0 0 0 0 0 0 21 0 0 0 0 0 2 0 0 0 0 0 83 0 7 0 0 0 0 0 0 0 0 0 0 0 0 0 0 0 0 0 0 0 0 0 2 0 0 0 0 0 0 0 0 0 0 0 0 0 0 
 60 0 702 213 254 58 290 696 692 58 265 122 51 102 416 407 432 44 43 124 4 0 0 0 0 0 0 0 5 0 3 0 0 0 5 0 3 1 0 3 0 2 0 2 0 0 0 0 4 0 0 3 3 3 0 2 3 1 0 2 0 0 0 2 3 2 0 0 0 0 0 0 0 0 0 3 45 0 0 1 0 11 69 61 0 2 0 22 38 62 4 27 0 0 10 16 10 60 0 0 0 0 0 0 0 13 0 0 0 0 0 0 0 0 2 0 0 31 0 10 0 0 2 0 0 0 0 0 0 0 2 0 0 0 0 0 0 0 0 0 0 2 0 0 0 11 0 1 0 2 0 0 0 0 0 0 0 0 2 0 0 10 7 0 0 0 0 42 16 15 31 0 0 9 14 33 25 34 0 0 9 0 0 0 0 0 0 2 2 0 2 0 0 2 18 0 0 0 0 0 0 0 0 0 0 0 0 0 0 0 0 31 0 0 0 0 0 0 0 0 25 0 0 0 0 0 0 0 12 0 0 0 0 0 0 0 0 0 0 1 0 0 0 0 1 0 2 0 0 0 0 2 0 0 0 0 0 0 0 0 0 0 19 0 0 0 2 0 0 0 0 0 0 0 0 22 0 0 0 0 0 0 0 0 0 0 0 0 0 1 
 48 702 0 96 60 133 61 127 348 442 53 32 60 60 52 151 233 383 62 48 2 0 1 2 0 0 0 3 6 1 3 0 1 1 5 0 3 0 0 3 0 5 3 2 2 0 0 0 5 0 62 3 1 1 0 2 3 3 2 2 2 0 0 25 0 3 0 3 53 0 0 0 0 3 0 3 2 0 0 0 0 13 32 49 1 0 0 11 43 45 23 15 0 0 38 26 15 60 0 0 0 0 0 1 0 0 0 0 2 0 0 0 0 0 16 0 0 0 0 1 0 0 0 0 0 0 0 29 0 0 0 0 0 0 0 0 0 0 1 0 0 0 0 0 0 0 0 0 0 0 0 2 0 0 0 0 0 0 0 0 0 32 30 13 2 0 0 15 28 41 34 0 0 1 14 37 1 34 0 0 0 0 0 0 0 0 0 0 0 0 0 0 0 0 0 0 0 0 0 0 2 0 2 0 0 0 0 0 0 0 0 0 0 0 0 0 0 0 1 0 0 0 0 0 1 0 0 0 1 0 0 1 0 0 0 0 0 1 0 0 0 10 0 0 0 0 4 0 2 2 0 4 43 0 0 0 0 0 0 0 0 0 0 0 0 0 0 0 0 0 2 0 0 0 0 32 10 13 0 0 0 0 0 0 0 0 0 0 0 0 
 45 213 96 0 136 35 98 166 90 456 168 452 65 87 45 42 372 391 64 72 2 0 1 0 0 0 0 1 5 0 3 3 0 0 4 0 3 1 1 3 0 2 4 2 0 0 0 3 5 8 2 0 1 0 0 39 3 3 0 2 0 0 3 44 0 2 0 2 0 0 0 38 0 0 0 6 0 0 0 2 0 0 1 0 27 49 0 0 0 34 42 32 0 0 0 36 0 0 0 0 0 0 0 0 0 0 0 0 0 0 0 0 0 0 0 0 0 0 46 0 0 24 0 0 0 0 0 0 0 0 0 0 0 0 0 0 0 0 0 0 0 0 0 0 0 1 0 0 0 0 0 0 0 0 0 0 2 0 6 0 0 0 32 46 15 26 0 0 18 32 17 46 0 0 0 25 0 0 0 0 0 0 0 0 0 0 0 0 0 0 0 0 0 0 0 0 0 0 0 0 0 0 0 0 0 0 0 0 0 0 0 0 0 0 0 0 0 13 11 0 0 0 0 0 0 0 0 0 0 0 0 0 0 0 0 0 0 0 0 0 0 6 0 0 0 4 55 0 0 92 0 10 10 0 0 0 0 0 0 0 0 0 8 0 0 0 0 0 0 0 1 0 0 0 0 11 7 17 0 0 0 0 0 0 0 0 0 0 0 0 
 40 254 60 136 0 350 115 84 91 92 94 433 318 299 88 67 60 56 69 70 4 1 0 0 1 2 0 0 3 0 5 0 2 0 3 0 3 1 72 4 0 2 0 2 0 0 0 0 4 3 0 0 2 0 0 2 2 3 0 3 0 0 0 2 0 3 0 0 0 57 0 0 0 0 0 3 2 0 7 0 0 0 0 0 23 52 0 0 2 0 0 10 0 0 0 0 0 0 0 0 0 0 0 0 0 15 12 0 0 0 0 0 39 11 2 0 0 0 25 12 0 0 2 0 0 0 0 0 0 0 2 0 0 0 0 0 0 0 0 8 0 2 0 0 0 0 0 0 0 2 0 0 0 0 0 35 0 0 9 0 0 0 0 18 24 50 0 0 0 0 13 23 0 0 27 0 0 0 0 0 0 0 0 0 0 0 19 2 2 0 2 0 46 6 0 0 0 0 16 10 0 0 0 0 0 0 0 0 0 15 0 0 0 0 0 0 0 0 8 0 0 0 0 0 0 0 0 0 0 0 0 0 0 0 0 0 0 0 0 1 0 0 0 0 1 2 2 0 4 9 0 13 0 0 0 0 0 0 0 2 0 0 1 0 0 0 4 0 0 0 0 0 0 0 0 0 1 0 0 0 0 0 0 0 0 0 0 0 0 0 
 34 58 133 35 350 0 39 37 59 89 57 63 31 250 197 261 84 60 49 51 3 0 0 0 0 75 0 0 3 2 3 0 1 0 3 0 5 0 228 3 0 2 0 2 0 65 0 0 5 0 0 0 0 0 0 2 3 4 0 2 0 0 0 2 0 2 0 0 0 0 0 0 0 0 82 3 0 0 0 0 0 0 0 0 37 17 0 0 0 0 0 24 0 0 0 0 0 0 0 0 0 0 0 0 0 0 14 1 0 0 0 0 36 0 12 0 0 0 8 20 0 0 0 0 0 0 0 0 0 0 0 0 0 0 0 0 0 0 0 0 0 0 0 0 0 0 0 1 0 0 0 0 0 0 0 0 0 1 0 0 0 0 0 0 14 21 0 0 0 0 0 17 0 0 0 2 0 0 0 0 0 0 3 2 2 1 18 0 0 0 0 0 46 28 0 2 0 0 45 8 0 0 0 0 0 0 0 0 0 0 0 0 0 0 0 1 0 0 0 0 0 0 0 0 0 0 0 0 0 0 0 0 0 0 0 0 0 0 0 0 0 0 9 0 0 7 3 0 0 5 0 5 0 5 0 0 0 0 0 0 0 0 0 0 0 0 0 0 0 0 0 0 0 0 0 0 0 0 0 0 0 0 0 0 0 0 0 0 0 0 
 434 290 61 98 115 39 0 313 168 64 35 48 491 467 35 47 46 42 60 323 3 0 0 0 0 0 0 2 3 0 3 1 0 0 3 0 3 1 0 3 0 2 0 2 0 0 0 0 4 0 0 1 0 0 0 2 3 1 0 2 0 0 0 2 0 2 0 0 0 0 0 0 0 0 0 3 0 0 0 41 49 31 1 0 0 1 21 40 29 0 0 0 1 40 48 24 36 0 10 25 0 0 0 0 0 0 0 0 0 0 1 0 0 0 0 0 0 0 0 0 0 0 2 0 0 0 1 0 0 0 0 0 0 0 0 0 0 1 0 0 0 1 0 10 9 5 0 0 2 0 0 0 0 0 0 0 0 0 1 0 56 14 1 0 0 0 37 14 13 0 0 24 1 39 23 0 12 0 1 46 0 0 0 23 12 0 0 1 1 0 0 0 0 1 0 0 0 0 0 0 0 0 0 0 0 0 0 0 0 0 0 0 1 0 0 0 0 0 0 0 0 0 0 0 0 0 0 0 5 0 0 0 0 0 0 0 0 0 0 12 0 0 0 0 0 1 2 2 0 1 1 6 0 0 0 0 0 0 0 0 0 0 0 0 0 0 0 0 0 0 0 0 0 0 0 0 0 0 0 0 0 0 0 0 0 0 0 0 0 0 
 384 696 127 166 84 37 313 0 98 54 49 55 120 473 199 45 42 18 72 46 2 0 0 0 0 0 0 2 4 2 3 4 0 0 5 0 3 2 2 3 0 2 0 2 0 0 0 0 5 0 0 0 0 3 0 2 3 2 0 2 0 0 0 2 0 2 0 0 0 0 0 0 0 0 0 3 0 0 0 0 0 7 16 0 0 0 0 45 46 0 0 18 0 13 34 19 36 41 0 0 0 0 0 0 0 0 0 0 0 0 0 0 0 0 0 0 0 10 0 11 0 0 0 0 0 0 0 0 0 0 0 0 0 0 0 0 0 0 0 0 0 0 0 0 0 3 0 0 0 0 0 0 0 0 0 0 0 0 0 0 46 18 9 0 0 0 15 26 31 22 0 0 0 21 27 21 18 20 0 0 0 0 0 0 0 0 0 0 20 0 0 0 0 0 0 0 0 0 0 0 0 0 0 0 0 0 0 0 0 0 0 0 0 0 0 0 15 0 0 23 0 0 0 0 0 0 20 0 13 0 1 0 0 0 0 0 0 0 32 0 0 0 0 0 0 49 2 2 0 2 2 4 0 0 0 0 0 0 0 0 0 0 0 0 0 0 0 0 0 0 0 0 0 0 0 20 0 0 0 0 0 0 0 0 0 0 0 0 0 0 
 35 692 348 90 91 59 168 98 0 510 261 44 97 96 103 341 266 437 313 50 2 0 0 0 77 0 1 0 3 0 3 1 0 0 4 1 3 0 0 3 0 2 104 2 1 0 0 0 4 0 0 0 2 3 0 2 2 3 0 3 35 0 0 2 0 3 0 0 0 0 0 0 0 0 0 3 0 0 0 0 0 1 31 46 27 12 0 10 39 71 24 11 0 0 9 36 19 53 0 0 0 0 0 0 0 0 0 0 0 0 0 0 0 0 0 0 0 0 14 1 0 0 0 0 0 0 0 0 0 1 0 0 0 0 0 0 0 0 2 0 0 0 0 0 0 0 0 0 0 0 0 1 0 0 0 0 0 0 0 2 0 2 34 14 13 0 0 18 34 53 13 0 0 1 0 50 0 64 0 0 0 0 0 0 0 0 0 0 0 11 0 0 0 0 0 21 0 0 0 0 1 0 0 0 0 0 0 0 0 0 0 2 0 0 0 0 0 0 1 0 0 0 0 1 0 0 0 0 0 0 0 2 0 0 0 0 0 0 0 0 0 16 0 0 0 2 4 0 1 2 2 2 10 0 0 0 0 0 0 0 0 0 7 0 0 0 0 0 0 0 0 0 0 0 0 28 11 22 0 0 0 0 0 0 0 0 0 0 0 0 
 31 58 442 456 92 89 64 54 510 0 346 269 251 68 89 654 544 238 93 71 2 2 0 0 79 0 0 0 3 0 3 0 0 0 3 0 3 0 0 3 0 2 5 2 0 0 0 0 3 0 0 70 0 0 0 2 3 2 0 2 0 0 0 2 0 2 0 37 0 0 0 0 0 0 0 7 0 48 0 0 0 11 39 59 33 42 0 0 25 53 43 41 0 0 0 10 0 10 0 1 0 0 0 0 0 0 0 0 0 0 0 0 0 0 0 0 0 0 19 0 0 30 0 0 0 0 0 0 1 0 0 0 11 0 0 0 0 0 0 0 0 0 0 0 0 0 0 0 0 0 0 0 0 0 0 1 0 0 0 0 12 11 27 60 2 19 0 0 8 15 26 29 0 0 9 57 0 18 0 0 0 0 0 0 0 0 0 0 0 0 0 0 0 0 0 16 0 0 0 0 0 0 0 0 0 0 0 0 1 0 0 0 1 0 0 0 0 0 17 0 0 1 0 0 0 0 0 0 0 1 11 0 0 0 0 0 0 0 1 0 0 8 0 0 0 0 181 0 0 213 1 3 13 0 0 0 2 0 0 0 0 0 7 0 0 0 0 0 0 0 0 0 0 0 0 8 10 14 0 0 0 0 0 0 0 0 0 0 0 0 
 35 265 53 168 94 57 35 49 261 346 0 553 30 42 59 68 406 301 44 272 25 0 0 0 0 0 0 0 3 2 3 0 0 0 3 0 3 0 0 3 0 2 14 2 0 0 0 0 5 0 2 0 0 0 0 24 3 2 0 2 0 0 0 2 0 2 0 0 0 0 0 0 0 2 0 3 0 0 0 0 8 0 0 11 27 54 0 0 0 82 33 11 0 0 0 19 0 0 0 0 0 0 0 0 0 0 0 0 0 0 0 0 0 0 0 0 0 0 35 0 0 0 0 0 0 0 0 0 0 0 0 0 0 0 0 0 0 0 0 0 0 0 0 0 0 0 0 0 0 0 0 0 0 0 0 0 0 0 3 0 0 0 26 48 0 17 0 0 0 12 10 15 0 0 0 39 0 0 0 0 0 0 0 0 0 0 0 0 0 0 0 0 0 0 0 0 0 14 1 0 0 0 0 0 0 0 0 0 0 0 0 0 0 0 0 0 0 0 10 0 0 0 0 0 0 0 0 0 0 0 0 0 0 0 0 0 0 0 0 0 0 12 0 0 0 0 54 0 1 46 0 6 0 0 0 0 0 0 0 0 0 0 7 0 0 0 0 0 0 0 0 0 0 0 0 0 6 55 0 0 0 0 0 0 0 0 0 0 0 0 
 53 122 32 452 433 63 48 55 44 269 553 0 24 65 29 60 105 59 51 32 3 5 0 0 1 0 0 0 3 0 3 71 0 0 3 1 6 0 0 3 0 2 4 2 0 0 0 0 3 0 0 44 0 0 0 2 3 1 0 2 0 0 0 2 0 2 0 0 0 0 0 4 0 0 0 3 0 0 0 0 0 0 0 0 53 32 0 0 0 1 22 47 0 0 0 0 0 0 0 0 0 0 0 0 0 0 0 1 0 0 0 0 8 0 0 0 0 0 36 10 0 0 0 0 0 0 0 0 2 0 0 0 0 0 0 0 0 0 0 0 0 0 0 0 0 0 0 0 0 0 0 0 0 0 0 5 1 0 4 0 0 0 15 30 39 21 0 0 1 1 35 34 0 0 0 1 0 0 2 0 0 1 0 0 0 0 11 0 0 0 0 2 2 0 0 0 0 0 0 0 0 0 0 0 0 0 0 0 0 0 2 0 0 0 0 0 0 0 33 0 0 2 0 0 0 0 0 0 0 1 2 0 0 10 0 0 1 0 0 0 0 0 0 0 0 0 180 0 6 179 2 3 1 0 0 0 0 0 0 0 0 0 11 0 0 0 1 0 0 0 0 0 0 0 0 3 7 1 0 0 0 0 0 0 0 0 0 0 0 0 
 76 51 60 65 318 31 491 120 97 251 30 24 0 98 111 22 24 50 486 233 2 2 3 0 0 0 0 0 5 0 3 3 4 1 3 0 5 0 2 3 5 4 0 6 0 1 0 2 6 0 2 0 4 0 3 4 5 25 0 2 0 0 0 4 0 4 0 2 0 0 0 0 0 4 3 3 0 2 0 8 59 46 0 0 0 0 30 20 1 0 0 0 14 40 7 11 31 0 4 80 0 0 0 0 0 0 0 0 0 0 0 0 0 0 0 0 0 0 0 1 0 0 0 0 0 0 0 0 0 0 0 0 0 0 0 0 0 0 0 0 0 0 0 0 0 4 0 0 0 0 0 2 0 0 0 0 0 0 0 0 29 0 0 0 0 0 46 9 0 0 0 0 22 32 13 0 26 0 11 57 0 0 0 0 0 0 9 0 0 0 0 0 0 0 0 0 0 0 0 0 0 0 0 0 0 0 0 0 0 0 0 0 0 6 0 0 0 0 0 0 0 0 0 0 0 0 0 0 0 0 0 0 0 0 0 0 0 0 0 20 0 0 0 0 0 1 0 2 0 0 0 11 0 0 0 0 0 0 0 0 0 0 0 0 0 0 0 0 0 0 0 1 0 0 0 0 0 0 0 0 0 0 0 0 0 0 0 0 0 0 
 156 102 60 87 299 250 467 473 96 68 42 65 98 0 423 39 46 229 66 195 2 0 2 0 0 0 0 0 3 0 3 0 0 75 6 0 3 0 0 3 2 2 0 2 0 0 0 0 5 0 2 6 4 0 0 2 3 7 0 2 3 0 50 2 0 4 0 0 0 0 0 2 2 51 0 3 1 0 0 1 30 43 27 0 0 0 1 73 37 1 0 0 0 22 43 1 46 0 0 0 0 0 0 0 0 0 0 0 0 0 0 0 0 0 0 0 0 0 0 10 0 0 8 0 0 0 0 0 0 0 0 0 0 0 0 0 0 0 0 0 0 0 0 0 0 10 0 0 0 0 0 0 0 0 0 0 0 0 0 0 29 16 18 0 0 0 47 30 11 1 0 0 0 35 49 0 39 0 0 17 0 0 0 0 0 0 0 0 0 0 29 0 0 0 0 0 0 0 0 0 0 0 0 0 0 0 0 0 0 0 0 0 0 0 0 0 0 0 0 0 0 0 0 2 0 0 0 0 29 0 0 0 0 0 0 0 0 0 11 23 0 0 0 0 0 1 0 0 2 0 0 4 0 0 0 0 0 0 0 0 0 0 0 0 0 0 0 0 0 0 0 0 0 0 0 0 0 0 0 0 0 0 0 0 0 0 0 0 0 0 
 412 416 52 45 88 197 35 199 103 89 59 29 111 423 0 92 64 40 63 76 7 0 3 5 2 0 1 0 3 3 3 2 3 0 3 0 3 3 0 3 7 2 2 9 2 2 0 0 7 0 55 3 0 5 0 2 3 0 0 2 4 0 0 5 0 3 0 2 0 1 0 0 8 2 0 8 2 1 0 8 21 12 11 2 0 0 2 47 56 1 1 1 0 15 53 20 38 62 0 0 0 0 0 0 0 0 0 0 0 0 0 0 0 2 0 0 0 0 0 1 8 2 0 0 0 0 0 0 0 0 0 0 0 18 0 0 2 1 0 0 0 0 0 0 0 3 0 0 0 0 0 0 0 0 0 0 0 0 0 0 28 23 7 0 0 0 39 85 37 21 0 0 0 34 24 29 21 36 0 0 7 0 0 0 0 0 1 0 0 1 0 0 0 0 0 0 0 2 0 0 0 0 0 2 0 0 0 0 0 0 0 0 0 0 0 0 0 0 0 0 2 0 0 0 0 0 0 2 10 0 0 11 0 0 0 0 0 0 0 0 0 0 0 0 0 0 0 0 9 2 0 5 0 0 0 0 2 0 0 0 0 0 0 0 0 0 0 0 0 0 0 0 0 0 0 24 0 0 0 0 0 0 0 0 0 0 0 0 0 0 
 34 407 151 42 67 261 47 45 341 654 68 60 22 39 92 0 304 401 45 64 5 0 0 1 0 72 0 0 5 0 3 2 74 2 3 2 4 0 0 3 0 2 5 2 0 0 0 0 5 0 0 3 0 4 0 2 3 1 0 2 35 3 0 2 0 2 0 0 0 9 0 0 0 0 0 3 0 0 0 0 2 4 44 32 0 0 0 8 36 68 26 15 0 0 12 36 21 53 1 0 0 0 0 1 0 0 0 0 0 0 0 0 0 0 0 0 1 0 0 0 0 0 0 0 0 0 0 0 0 0 0 0 0 0 0 0 0 0 0 0 0 1 2 0 1 0 0 0 0 0 0 0 0 0 0 0 0 0 0 0 0 4 30 27 0 0 2 20 45 49 19 2 2 0 0 37 0 50 0 0 0 0 0 0 11 0 0 0 0 0 0 0 0 2 0 0 0 0 0 1 0 0 0 0 1 0 0 0 0 0 0 0 0 0 0 0 0 0 0 1 0 0 0 0 0 0 0 0 0 0 0 0 0 0 0 0 0 0 0 0 0 9 0 0 0 1 14 0 0 4 0 16 10 0 0 0 0 0 0 0 2 0 0 0 0 0 0 0 0 0 0 0 0 0 0 28 7 14 0 0 0 0 0 0 0 0 0 0 0 0 
 78 432 233 372 60 84 46 42 266 544 406 105 24 46 64 304 0 362 37 268 2 0 0 2 0 0 0 0 3 0 3 0 0 0 3 3 3 0 75 4 0 2 13 2 0 0 0 0 5 0 0 0 0 0 0 2 66 2 4 2 0 0 0 2 0 2 0 0 0 0 0 0 0 0 0 3 0 0 0 0 0 12 37 77 37 0 2 28 29 47 21 12 2 9 10 22 0 41 0 0 0 0 0 0 0 0 0 17 0 1 0 0 0 2 0 0 0 2 0 0 0 2 0 0 2 0 0 0 0 0 0 1 0 0 0 0 0 0 0 0 0 0 0 11 0 0 1 0 0 0 0 0 0 0 0 0 2 0 0 0 0 12 16 17 1 15 0 0 14 36 10 12 0 2 0 44 1 28 0 0 0 0 0 16 0 0 1 0 0 0 0 0 0 0 0 0 0 2 0 0 0 0 0 0 0 0 0 0 0 0 0 0 0 0 0 0 0 0 5 0 2 0 0 0 0 14 0 2 0 0 0 0 0 0 0 0 0 0 0 0 0 35 0 0 0 2 84 1 0 1 0 13 13 0 0 0 0 0 0 0 0 0 7 0 0 1 0 0 0 0 0 0 0 0 0 25 36 15 0 0 0 0 0 0 0 0 0 0 0 0 
 31 44 383 391 56 60 42 18 437 238 301 59 50 229 40 401 362 0 264 35 5 0 0 3 0 2 0 0 3 3 5 0 2 0 78 0 3 3 0 41 0 2 8 2 2 2 0 61 3 1 0 3 7 0 3 2 3 2 0 2 0 0 41 2 0 2 0 0 0 0 0 0 0 0 0 3 0 0 37 0 1 13 53 61 41 38 0 10 31 69 40 50 0 0 0 10 0 18 2 0 15 0 0 0 0 15 0 0 0 14 0 0 1 0 0 0 2 0 20 0 0 0 0 0 0 0 0 0 0 0 0 0 0 0 0 0 0 0 0 0 0 0 1 0 1 0 0 0 0 0 0 0 0 0 8 0 0 0 1 0 0 17 36 94 1 41 0 0 17 20 35 36 1 9 0 30 2 19 0 0 0 0 0 0 0 0 0 0 0 0 0 0 0 0 0 0 0 0 0 2 0 0 0 0 2 0 0 0 1 0 0 0 0 2 2 0 0 0 23 2 0 12 0 0 0 0 0 0 0 0 0 13 0 0 0 0 0 0 1 0 0 14 0 0 0 0 177 0 3 227 0 2 5 0 0 2 1 0 0 0 2 0 9 0 0 0 0 0 0 0 0 0 0 0 0 6 7 11 0 0 0 0 0 0 0 0 0 0 0 0 
 159 43 62 64 69 49 60 72 313 93 44 51 486 66 63 45 37 264 0 588 2 0 0 0 0 0 0 0 3 0 3 74 64 1 3 0 3 0 0 3 0 2 0 2 0 0 0 0 12 0 2 3 2 0 0 3 2 3 2 3 0 0 0 2 0 3 0 0 0 0 0 0 0 0 0 3 0 0 0 0 28 1 0 0 0 0 58 3 0 0 1 0 39 50 7 14 23 0 33 38 0 0 0 0 0 0 0 0 0 0 0 0 0 0 0 0 0 0 2 0 0 0 0 0 0 0 0 0 0 1 0 0 0 0 0 0 0 0 2 0 0 0 0 0 0 0 0 0 0 0 0 17 0 0 0 0 0 0 0 2 0 0 0 0 0 0 0 0 0 0 2 0 41 0 0 0 0 0 32 30 0 0 0 0 0 0 0 0 0 0 0 0 0 0 0 0 0 0 0 0 1 0 0 0 22 0 0 0 0 0 0 2 0 0 0 0 0 0 0 0 0 0 0 1 1 0 0 0 0 0 0 2 0 0 0 0 0 0 0 0 0 1 0 0 0 0 2 0 3 0 0 11 0 0 0 0 0 0 0 0 0 0 0 0 0 0 0 0 0 18 0 0 0 0 0 0 0 0 0 0 0 0 0 0 0 0 0 0 0 0 
 140 124 48 72 70 51 323 46 50 71 272 32 233 195 76 64 268 35 588 0 2 0 0 0 0 0 0 0 3 2 3 0 0 0 4 0 5 2 0 3 0 2 0 2 0 63 0 0 12 0 3 0 1 0 0 2 3 3 0 2 0 0 0 2 8 2 0 0 0 0 0 0 0 0 0 3 28 0 0 55 50 34 0 0 0 1 29 16 18 0 0 0 13 35 11 17 24 0 8 55 0 0 0 0 0 0 0 0 0 0 0 0 0 0 0 0 0 0 0 0 0 0 1 0 0 0 0 0 0 0 1 0 0 0 0 0 0 0 0 0 0 15 0 0 0 5 0 10 1 0 0 0 0 0 0 0 0 0 1 0 10 0 0 0 0 0 36 24 0 0 13 0 10 41 11 0 9 0 8 51 0 0 0 0 0 0 0 1 1 0 1 0 0 1 0 0 0 0 0 0 0 0 0 0 0 0 0 0 0 0 0 0 0 0 0 0 0 0 0 0 0 0 0 0 0 0 0 0 12 0 0 0 0 0 11 0 1 0 0 17 0 0 0 0 0 4 0 0 0 2 0 8 91 0 0 0 0 0 0 0 0 0 0 0 0 0 1 0 0 0 0 0 0 0 0 0 0 0 0 0 0 0 0 0 0 0 0 0 0 0 
 2 4 2 2 4 3 3 2 2 2 25 3 2 2 7 5 2 5 2 2 0 88 61 254 54 47 672 393 48 251 22 54 159 108 396 336 20 42 58 253 2 3 0 0 0 1 0 0 3 3 6 0 2 0 2 3 3 2 3 0 3 0 1 0 0 2 0 0 0 0 0 2 2 0 0 0 0 0 0 0 0 0 0 0 0 0 0 0 0 0 0 0 0 0 0 0 0 0 0 0 44 41 29 0 0 0 5 38 60 33 0 0 0 43 24 43 48 11 0 14 0 0 0 0 0 0 0 0 0 0 0 0 0 0 0 0 0 0 0 0 0 0 0 0 0 0 0 0 0 0 0 0 0 0 0 0 0 0 0 0 0 0 0 0 0 0 0 0 0 0 0 0 0 0 0 0 0 0 0 0 52 129 45 0 0 0 29 30 60 2 1 0 0 1 55 37 54 27 0 10 1 0 0 0 0 0 0 0 0 0 0 0 0 0 0 0 0 0 0 0 0 0 0 0 0 0 0 0 0 0 0 0 0 0 0 0 18 0 0 0 0 0 0 0 0 2 0 0 0 0 0 0 0 0 0 2 0 0 0 0 2 0 0 0 0 0 0 0 2 0 0 0 0 0 0 0 0 0 0 0 0 11 0 0 0 0 0 0 0 0 
 0 0 0 0 1 0 0 0 0 2 0 5 2 0 0 0 0 0 0 0 88 0 633 69 43 86 88 435 375 86 50 262 37 44 361 330 343 117 66 68 0 3 0 0 0 63 0 0 1 3 3 0 0 0 3 3 0 0 4 0 0 0 3 0 0 2 53 0 0 0 0 2 0 0 0 0 4 0 0 0 0 0 0 0 0 0 0 0 0 0 0 0 0 0 0 0 0 0 0 0 0 11 28 30 0 0 0 33 56 26 22 12 7 18 11 19 61 33 0 0 0 0 0 0 0 0 0 0 0 0 0 0 0 0 0 0 0 0 0 0 1 0 0 0 0 0 0 5 0 21 0 0 0 17 0 0 3 0 0 0 0 0 0 0 0 0 0 0 0 0 0 0 0 0 0 0 0 0 0 0 21 13 44 23 0 0 0 0 37 66 23 15 0 0 15 13 15 20 0 0 0 0 0 0 0 0 0 0 0 0 0 0 0 0 0 0 0 0 0 0 0 15 0 0 0 0 0 0 0 0 0 0 0 0 0 0 0 0 0 0 0 0 17 0 0 1 0 0 0 0 0 0 0 0 11 2 0 0 1 0 1 12 0 0 0 0 4 0 0 0 0 0 0 4 0 0 0 0 0 0 0 34 0 0 0 0 0 0 0 0 
 4 0 1 1 0 0 0 0 0 0 0 0 3 2 3 0 0 0 0 0 61 633 0 99 52 45 81 99 168 372 49 236 52 45 50 673 246 568 22 38 2 63 0 0 0 0 0 0 2 3 3 0 0 0 62 3 0 0 6 0 0 6 0 2 0 2 0 0 0 0 0 0 0 0 0 0 3 0 0 0 0 0 0 0 0 0 0 0 9 0 0 0 0 0 0 0 0 0 0 0 0 14 1 51 0 1 0 11 14 9 24 9 0 4 3 8 36 41 0 0 0 1 0 0 0 0 0 0 1 0 0 0 0 0 0 0 0 0 0 0 1 0 0 0 0 0 0 5 0 1 0 0 0 4 0 0 0 0 0 0 0 1 0 0 0 0 0 0 0 0 0 0 17 0 0 0 0 0 1 1 0 9 15 42 13 1 0 1 22 57 23 35 0 0 0 24 0 28 0 0 0 0 0 1 0 0 0 0 0 0 0 0 0 0 0 0 0 0 1 0 0 0 0 2 8 0 0 0 0 0 0 0 0 0 0 0 0 0 0 2 0 0 16 0 0 0 0 0 0 0 0 0 0 0 3 2 0 5 5 0 15 16 0 0 0 0 13 0 0 0 0 0 0 0 0 0 0 0 0 0 0 15 0 0 0 0 0 0 0 0 
 0 0 2 0 0 0 0 0 0 0 0 0 0 0 5 1 2 3 0 0 254 69 99 0 130 30 79 78 125 406 200 354 62 97 61 41 52 359 66 69 0 3 0 0 0 0 0 3 2 3 3 0 0 0 2 3 0 0 3 0 0 4 1 0 0 2 0 0 0 0 0 0 0 0 0 0 47 0 0 0 0 0 0 0 0 0 0 0 0 0 0 0 0 0 0 0 0 0 0 0 0 0 0 54 54 33 0 0 4 37 52 4 0 0 0 0 0 12 0 1 0 0 9 0 0 0 0 0 0 0 0 0 2 0 0 14 0 0 23 21 3 7 0 0 4 0 0 0 0 24 0 0 0 18 0 0 0 0 17 0 0 0 0 0 1 0 0 0 0 0 0 0 2 0 20 0 0 0 0 0 0 0 0 22 59 0 0 0 20 0 33 52 0 0 0 0 0 26 0 0 0 0 0 0 0 0 0 0 0 0 2 0 0 0 0 0 0 0 26 0 0 0 0 0 0 1 0 0 0 0 0 0 0 0 0 0 0 0 0 0 0 0 0 0 0 0 0 0 0 0 0 0 0 0 0 1 0 25 10 2 29 2 0 0 0 0 14 0 0 0 0 0 0 0 0 0 0 0 0 0 0 0 0 0 2 0 21 0 0 5 
 0 0 0 0 1 0 0 0 77 79 0 1 0 0 2 0 0 0 0 0 54 43 52 130 0 603 79 57 79 114 79 331 72 71 62 166 82 48 80 83 0 3 0 0 0 6 0 53 2 3 3 0 0 0 2 3 1 0 11 0 0 0 0 0 39 2 49 0 0 0 0 0 0 0 0 0 0 27 0 0 0 0 0 0 0 0 0 0 0 0 0 0 0 0 0 0 0 0 0 0 0 0 0 0 82 22 0 0 0 0 13 8 0 0 0 0 0 0 0 0 0 17 1 0 0 0 18 0 0 0 0 0 31 22 1 8 0 0 19 59 2 1 0 0 0 1 1 0 0 0 2 0 0 0 0 0 0 0 0 0 5 0 0 0 6 0 0 0 0 0 0 0 0 0 12 0 0 0 0 0 2 0 0 1 28 33 0 0 0 0 1 0 0 0 0 0 0 0 0 0 0 0 0 0 0 0 42 36 0 0 0 0 36 10 0 0 0 0 10 34 0 0 0 37 2 0 0 0 0 0 0 0 0 0 0 0 0 0 2 0 0 0 0 0 0 0 0 0 0 0 0 0 0 0 9 2 2 2 2 0 2 0 0 0 0 0 0 0 0 0 0 0 0 0 0 0 2 0 0 0 0 0 0 0 0 0 19 0 0 0 
 0 0 0 0 2 75 0 0 0 0 0 0 0 0 0 72 0 2 0 0 47 86 45 30 603 0 241 80 43 49 108 111 50 72 39 294 71 56 325 48 0 3 0 1 3 10 0 2 60 3 3 0 3 0 2 3 0 0 151 5 0 0 12 0 0 2 0 0 0 0 3 0 3 0 0 0 0 0 0 0 0 0 0 0 0 0 0 0 0 0 0 0 0 0 0 0 0 0 0 0 0 1 0 0 7 28 37 0 0 0 0 30 0 0 0 0 0 0 0 0 0 0 0 0 0 0 68 11 0 1 0 0 38 50 0 0 0 0 49 51 0 0 0 0 0 0 0 0 0 0 0 0 0 0 0 0 0 0 0 0 0 0 0 0 6 0 0 0 0 0 0 0 0 0 0 0 0 0 0 0 0 0 0 0 19 47 0 0 0 0 0 0 0 0 0 0 0 0 0 0 72 0 0 0 0 0 14 37 0 0 0 0 58 32 0 0 0 0 16 41 0 0 0 21 0 0 0 0 0 0 0 0 0 0 0 0 0 0 0 0 0 0 0 0 0 0 0 0 0 0 0 0 0 0 2 1 0 0 1 6 2 1 2 0 0 0 0 0 0 0 0 0 0 0 0 0 0 0 0 0 0 0 0 0 0 0 0 0 0 0 
 0 0 0 0 0 0 0 0 1 0 0 0 0 0 1 0 0 0 0 0 672 88 81 79 79 241 0 104 64 243 26 32 502 477 278 50 33 252 78 310 0 3 1 0 65 2 0 0 2 3 3 0 0 0 2 3 0 4 3 0 0 0 46 1 0 2 0 0 0 0 0 0 1 0 0 0 0 0 0 0 0 0 0 0 0 0 0 0 0 0 0 0 0 0 0 0 0 0 0 0 53 54 1 0 0 0 21 61 1 12 2 0 0 19 19 46 2 9 0 6 0 0 0 0 0 0 0 0 0 0 0 0 0 0 0 0 0 0 0 0 0 0 0 0 0 0 0 0 0 0 0 0 0 0 0 6 0 0 0 0 0 0 2 2 0 0 0 0 0 0 0 0 2 0 0 0 0 0 0 0 35 27 16 0 0 0 29 63 22 0 0 0 0 32 18 24 59 9 0 4 0 0 0 0 0 0 0 0 0 0 2 0 0 0 0 0 0 0 0 0 0 0 0 0 0 2 0 0 0 0 0 0 0 0 0 0 2 1 0 0 0 0 0 0 0 0 0 0 0 0 0 0 0 0 2 2 1 0 2 1 2 1 0 0 0 0 0 0 0 0 0 0 0 0 0 0 0 0 0 0 0 1 0 0 1 0 0 0 0 0 
 0 0 3 1 0 0 2 2 0 0 0 0 0 0 0 0 0 0 0 0 393 435 99 78 57 80 104 0 66 27 32 51 98 406 235 137 41 49 72 71 0 3 0 0 0 0 0 0 2 7 6 2 0 0 2 3 0 0 6 0 0 20 4 0 3 2 0 0 0 0 0 0 0 0 0 0 0 0 0 1 0 0 2 0 0 0 0 0 0 0 0 0 0 12 0 0 0 0 0 0 2 48 21 13 0 0 0 29 29 26 0 0 0 12 14 40 63 40 0 0 0 0 0 0 0 0 0 0 0 0 0 0 0 0 0 14 0 0 0 0 0 0 0 0 0 0 0 0 0 0 0 0 2 0 0 0 0 0 0 0 0 0 0 0 0 0 0 0 0 0 0 0 0 0 0 0 0 0 0 0 12 63 74 66 1 0 3 31 61 17 7 7 0 0 18 49 49 22 0 2 0 2 1 0 0 0 0 0 0 0 0 0 0 0 0 0 9 0 0 0 0 0 0 0 0 0 2 0 0 0 0 0 0 0 0 2 0 0 0 0 0 0 0 0 0 0 0 0 0 0 0 0 0 0 9 13 3 0 0 2 2 1 0 0 0 0 0 0 0 0 0 0 0 0 0 0 0 0 0 0 0 7 0 0 0 0 0 0 0 0 
 3 5 6 5 3 3 3 4 3 3 3 3 5 3 3 5 3 3 3 3 48 375 168 125 79 43 64 66 0 403 484 34 82 100 148 263 398 333 76 306 0 3 0 0 0 0 0 0 1 3 3 0 0 0 2 3 0 0 12 0 0 2 0 1 0 2 0 0 0 0 0 0 0 0 0 0 0 0 0 0 0 0 1 9 0 2 2 0 11 0 2 0 18 0 0 0 0 0 0 0 0 19 1 59 0 1 0 2 14 10 26 18 0 1 1 6 41 41 0 1 0 11 0 0 0 0 0 0 0 0 11 0 0 0 0 0 0 0 0 0 0 0 0 0 0 0 0 4 0 0 0 0 0 7 0 0 0 0 12 0 0 0 0 0 0 0 0 0 0 17 0 0 0 0 1 0 0 0 0 0 1 9 16 38 9 0 0 0 20 46 23 21 0 13 0 22 0 12 1 0 0 1 13 0 0 0 0 0 0 0 0 0 17 0 0 0 0 2 1 0 0 0 0 0 0 0 0 0 0 0 0 0 0 0 0 1 0 0 0 0 0 0 15 0 0 0 0 0 0 0 0 0 0 0 14 0 3 2 3 2 19 22 0 0 0 0 11 0 0 0 0 0 0 0 0 0 0 0 0 0 0 6 0 0 0 0 0 0 0 0 
 0 0 1 0 0 2 0 2 0 0 2 0 0 0 3 0 0 3 0 2 251 86 372 406 114 49 243 27 403 0 438 50 66 80 80 426 578 127 150 157 61 4 0 0 0 1 0 0 1 3 60 0 0 0 2 3 0 0 2 0 0 6 1 0 5 3 0 0 0 0 0 0 0 0 0 0 0 0 0 0 0 0 0 0 0 0 0 0 0 30 0 0 0 0 0 0 2 0 0 12 0 0 1 59 2 17 0 0 29 30 41 22 2 0 0 13 1 9 0 0 2 0 2 0 0 0 0 0 0 0 0 0 15 0 0 0 0 0 15 18 4 10 0 0 0 2 3 6 0 0 0 0 0 25 0 0 0 2 0 0 0 0 0 0 0 0 0 0 0 0 0 0 0 0 5 2 0 0 0 0 1 0 0 21 25 0 0 0 0 37 40 41 0 0 0 1 0 15 0 1 0 0 0 0 0 0 2 0 1 0 0 0 0 0 0 0 0 0 14 0 0 0 0 0 0 0 0 0 0 0 0 0 0 0 0 0 0 0 1 0 0 0 20 0 0 3 0 0 0 0 0 0 0 0 11 2 0 169 157 1 16 10 0 0 0 0 10 0 62 0 0 0 0 4 0 0 0 0 0 0 0 18 0 0 0 0 0 0 0 0 
 3 3 3 3 5 3 3 3 3 3 3 3 3 3 3 3 3 5 3 3 22 50 49 200 79 108 26 32 484 438 0 345 45 30 67 78 294 389 35 59 0 4 0 2 0 0 0 6 2 3 3 0 0 0 2 3 0 0 3 0 0 2 0 1 0 2 0 0 0 51 0 0 0 0 0 0 0 0 0 0 0 0 0 0 0 0 0 0 0 0 0 0 0 0 0 0 0 0 0 0 0 0 0 63 54 32 0 0 14 27 28 11 0 0 0 0 0 14 0 0 7 0 0 0 0 0 1 0 0 0 0 0 0 0 0 12 0 0 19 25 4 11 0 0 0 0 0 2 0 0 0 0 0 16 0 39 0 0 0 0 0 0 0 0 0 0 0 0 0 0 0 0 0 0 8 0 0 0 0 0 0 0 0 22 52 0 0 0 0 0 43 13 0 0 0 0 6 13 0 0 0 0 0 0 10 0 0 0 0 0 0 0 0 0 0 0 12 0 16 1 0 0 0 0 0 0 0 4 0 0 0 0 0 0 0 0 0 0 0 9 0 0 0 0 0 26 0 0 0 0 0 0 0 0 3 0 2 97 42 1 29 0 0 0 0 0 12 0 0 0 0 0 0 0 0 0 0 0 0 0 0 0 0 0 0 0 11 0 0 0 
 0 0 0 3 0 0 1 4 1 0 0 71 3 0 2 2 0 0 74 0 54 262 236 354 331 111 32 51 34 50 345 0 42 16 74 44 528 291 53 87 0 3 0 0 0 0 0 9 1 7 4 0 1 210 2 6 0 0 3 0 0 4 0 2 0 2 3 0 0 0 0 0 0 53 20 0 3 0 0 0 0 0 0 0 0 0 0 0 9 0 0 0 0 0 0 0 0 0 0 0 0 0 0 1 79 47 0 0 0 13 16 28 0 0 0 0 0 0 0 0 0 0 0 0 0 0 15 0 0 0 0 0 15 0 1 0 0 0 44 25 1 6 1 0 0 0 0 0 0 0 0 0 0 0 0 0 0 0 13 0 0 0 0 0 7 0 0 0 0 0 0 0 0 0 5 0 0 0 0 0 0 0 0 15 57 53 0 0 27 0 21 10 0 0 0 0 0 1 0 0 0 0 0 13 0 0 0 0 0 0 0 0 11 0 0 0 0 0 18 43 1 0 0 1 3 0 0 0 0 0 0 0 0 0 0 0 0 0 0 0 0 0 0 0 0 0 0 0 0 0 0 0 0 0 52 0 0 148 150 0 5 2 0 0 0 0 0 0 0 0 0 0 0 0 0 0 1 0 0 0 0 0 0 0 0 0 17 0 0 0 
 0 0 1 0 2 1 0 0 0 0 0 0 4 0 3 74 0 2 64 0 159 37 52 62 72 50 502 98 82 66 45 42 0 62 56 29 41 52 686 224 0 3 0 0 0 0 0 0 0 3 3 0 3 0 2 10 0 3 5 0 0 0 0 0 0 2 0 0 0 0 0 0 0 7 0 0 0 0 0 0 0 0 0 0 1 0 0 0 0 0 0 0 0 0 0 0 0 0 0 0 65 2 0 0 2 0 28 27 1 1 0 0 18 30 35 27 3 0 25 21 0 0 0 0 0 0 0 0 0 0 0 2 0 0 0 0 0 0 0 0 0 3 9 2 0 0 0 0 5 0 2 0 0 0 0 1 0 0 0 0 0 0 0 1 1 0 0 0 0 0 0 0 0 0 0 0 0 0 0 0 30 72 10 0 0 0 36 16 0 0 0 0 45 73 32 3 25 0 41 19 0 0 0 0 0 0 0 0 0 0 1 0 0 0 0 0 0 0 0 0 0 0 0 0 12 1 0 0 0 0 0 0 0 0 0 0 0 2 0 0 0 0 0 0 0 0 0 0 0 0 0 0 0 0 0 0 0 0 0 1 2 0 0 0 0 0 0 0 0 10 0 0 0 0 0 0 0 0 0 0 0 0 0 0 1 0 0 0 0 0 
 0 0 1 0 0 0 0 0 0 0 0 0 1 75 0 2 0 0 1 0 108 44 45 97 71 72 477 406 100 80 30 16 62 0 430 35 45 236 80 269 0 6 0 0 0 0 0 0 0 3 5 0 0 0 2 3 0 79 3 0 0 6 43 0 0 2 0 0 0 0 0 0 0 0 0 0 0 0 0 0 0 0 0 24 0 0 0 0 0 19 0 0 0 2 0 1 0 0 0 2 31 29 37 0 0 0 0 33 39 41 0 0 0 49 43 23 59 6 13 8 0 0 0 0 0 0 0 0 0 0 0 0 0 0 0 0 2 0 0 2 0 3 0 4 0 0 0 0 0 0 1 0 0 0 2 0 0 0 0 0 0 0 0 0 0 0 0 0 0 0 0 0 0 0 0 0 0 0 0 0 54 40 39 4 0 0 16 30 62 1 1 0 0 0 41 16 62 47 0 12 0 0 0 0 0 0 0 0 0 0 0 1 0 0 0 0 0 0 0 0 0 0 0 0 0 0 0 0 0 0 0 0 0 0 0 0 0 0 0 0 0 0 0 0 0 0 0 0 0 0 0 0 0 0 2 0 2 0 0 0 1 0 0 0 0 0 0 0 0 0 0 2 0 0 0 0 0 0 0 0 0 20 0 0 0 0 0 0 0 0 
 4 5 5 4 3 3 3 5 4 3 3 3 3 6 3 3 3 78 3 4 396 361 50 61 62 39 278 235 148 80 67 74 56 430 0 200 78 69 50 93 0 3 0 0 0 0 0 0 2 3 3 0 0 0 2 3 0 1 8 0 0 0 49 2 0 2 0 0 0 0 0 0 0 0 0 0 0 0 0 0 0 0 0 0 0 1 1 0 0 0 0 7 3 0 0 0 0 0 0 0 0 55 23 15 0 0 2 33 36 24 1 0 0 19 36 34 80 64 0 0 0 0 0 0 1 0 0 0 0 0 0 0 0 0 0 0 0 0 0 0 0 0 0 0 0 0 0 0 0 0 0 0 0 0 8 0 2 0 0 0 0 0 0 0 0 0 0 0 0 0 0 0 0 0 0 0 2 0 0 0 18 36 78 29 0 0 9 37 58 12 9 10 0 0 18 47 41 16 2 0 0 0 0 0 0 0 0 0 0 0 0 0 13 0 0 8 0 1 0 0 0 0 0 0 0 0 0 0 0 0 1 0 0 0 0 0 0 0 0 0 0 9 0 0 0 0 0 0 0 0 0 1 0 0 0 0 0 0 0 2 1 0 0 0 0 0 0 0 0 0 0 0 0 1 0 0 0 0 0 0 0 19 0 0 0 0 0 0 0 0 
 0 0 0 0 0 0 0 0 1 0 0 1 0 0 0 2 3 0 0 0 336 330 673 41 166 294 50 137 263 426 78 44 29 35 200 0 242 324 44 43 0 3 0 0 0 0 0 0 2 3 3 0 0 0 2 3 1 0 6 0 0 0 0 2 0 2 0 0 0 0 0 2 0 0 0 0 0 0 50 0 0 0 0 0 0 0 0 0 0 0 0 0 0 0 0 0 0 0 0 0 0 16 12 41 0 0 0 14 14 1 26 6 0 13 47 12 21 77 0 0 0 0 0 0 0 0 0 0 0 0 0 0 0 2 2 0 0 0 0 0 0 2 0 0 0 0 0 24 0 2 0 0 12 9 0 0 0 0 0 0 0 2 0 0 0 0 0 0 0 0 0 0 0 0 0 0 0 0 2 2 1 64 14 35 14 0 0 2 13 87 27 26 0 0 1 19 0 29 0 0 0 0 0 0 0 0 0 0 0 0 0 0 0 0 0 0 0 0 1 0 0 0 0 1 3 1 0 0 0 0 0 0 0 0 0 0 0 0 0 0 0 0 9 0 0 0 0 0 0 0 0 0 0 0 12 2 1 1 2 0 13 1 0 0 0 0 3 0 0 0 0 0 0 0 0 0 0 0 0 0 0 18 0 0 0 0 0 0 0 0 
 3 3 3 3 3 5 3 3 3 3 3 6 5 3 3 4 3 3 3 5 20 343 246 52 82 71 33 41 398 578 294 528 41 45 78 242 0 383 56 274 0 43 0 0 0 1 0 25 2 5 3 0 0 0 65 3 1 0 7 0 0 1 1 0 0 2 0 0 0 0 0 0 46 2 0 50 0 1 0 0 0 0 0 0 0 0 0 0 0 0 0 0 0 0 0 0 0 0 0 0 0 18 0 73 0 1 0 1 15 14 26 18 1 0 9 17 30 56 0 0 0 0 2 0 0 0 0 13 0 0 0 0 0 0 0 0 0 0 0 0 0 0 0 0 0 2 2 4 0 0 0 0 0 10 0 0 0 2 0 0 0 0 0 0 0 0 0 0 0 0 0 0 0 0 0 0 0 0 0 0 1 9 15 36 21 0 0 0 8 44 24 44 0 0 0 27 0 24 0 0 0 0 0 0 0 0 2 0 0 0 0 0 0 0 0 0 0 0 1 0 0 0 0 0 0 0 0 0 0 0 0 0 0 0 0 0 0 0 0 0 0 0 11 0 0 0 0 0 0 0 0 0 0 0 8 0 0 0 0 2 23 13 0 0 0 0 15 0 0 0 0 0 0 0 0 0 1 0 0 0 0 7 0 0 0 0 0 0 0 0 
 0 1 0 1 1 0 1 2 0 0 0 0 0 0 3 0 0 3 0 2 42 117 568 359 48 56 252 49 333 127 389 291 52 236 69 324 383 0 43 44 0 3 0 3 0 0 0 0 1 3 3 0 0 0 2 3 0 0 27 0 6 4 0 2 0 2 54 4 0 0 0 0 0 0 0 0 0 0 0 54 0 0 0 0 0 0 20 0 0 0 8 1 0 0 0 0 0 0 0 0 0 0 0 49 0 12 0 0 16 36 41 30 0 0 0 12 0 11 0 0 0 0 0 0 0 0 0 0 0 0 0 0 0 0 0 0 0 0 23 1 4 28 0 12 0 0 0 7 0 0 0 0 0 11 0 0 2 0 0 0 0 0 0 0 0 0 0 0 0 0 0 0 0 5 14 0 0 0 0 0 0 0 1 23 53 0 0 0 0 41 72 31 0 0 0 0 0 40 0 0 0 0 0 0 0 0 0 0 0 0 0 0 0 14 0 0 0 0 16 1 0 0 0 0 0 0 0 0 1 0 1 0 0 0 0 0 0 0 0 0 0 0 21 0 0 0 0 0 0 0 0 0 0 0 4 0 0 152 149 3 17 10 0 0 0 0 12 0 0 0 0 0 0 0 0 0 0 2 0 0 0 18 0 0 0 0 0 0 0 0 
 0 0 0 1 72 228 0 2 0 0 0 0 2 0 0 0 75 0 0 0 58 66 22 66 80 325 78 72 76 150 35 53 686 80 50 44 56 43 0 277 0 3 0 0 0 0 0 0 3 3 3 0 0 0 2 3 0 12 3 0 0 0 1 0 0 2 0 0 0 0 0 0 0 0 0 0 0 0 0 54 0 0 0 0 0 21 1 0 0 0 0 1 0 0 0 0 0 0 0 0 23 9 1 0 0 0 38 32 0 0 0 0 47 10 25 10 1 0 18 8 0 0 0 0 0 0 0 0 0 0 0 0 0 0 0 0 0 0 0 9 0 0 10 12 0 0 0 0 4 0 0 0 0 0 0 1 2 0 0 0 0 1 0 0 4 22 0 0 0 0 0 1 0 0 0 0 2 0 0 0 7 2 1 0 0 0 17 8 0 0 0 0 50 65 8 0 6 0 48 16 0 0 0 0 0 0 0 0 0 0 0 0 0 0 0 0 0 0 0 0 0 0 0 0 0 0 0 0 1 0 0 0 0 0 0 0 0 0 0 0 0 0 0 0 0 0 0 0 0 0 0 0 0 0 7 0 1 0 0 2 3 2 0 0 0 0 0 0 0 0 0 0 0 0 0 0 0 0 0 0 0 0 0 0 0 0 0 0 0 0 
 3 3 3 3 4 3 3 3 3 3 3 3 3 3 3 3 4 41 3 3 253 68 38 69 83 48 310 71 306 157 59 87 224 269 93 43 274 44 277 0 0 3 0 0 0 0 0 1 2 3 3 0 0 0 2 13 0 3 2 0 0 0 1 0 0 2 2 0 0 0 0 0 0 0 0 0 0 0 0 0 1 0 0 0 0 0 0 0 0 0 0 0 0 0 0 0 0 0 0 0 45 24 1 0 0 0 8 32 0 1 28 0 0 26 37 22 0 0 0 10 0 0 0 0 0 0 0 0 0 28 0 0 2 0 0 0 0 0 0 0 0 0 0 0 4 0 0 0 0 0 0 0 0 0 0 0 0 0 0 1 2 0 0 1 0 0 0 0 0 0 0 0 0 0 0 0 0 4 0 0 42 29 13 1 0 0 22 87 11 0 0 0 13 44 31 12 38 17 32 9 12 0 0 0 0 0 0 0 0 0 0 0 0 0 0 0 0 0 0 0 0 0 0 0 0 0 0 0 0 0 0 0 1 0 0 0 0 2 0 0 0 0 0 0 0 0 1 0 0 0 0 0 0 0 0 0 1 0 73 0 2 2 0 0 0 0 0 0 0 0 0 0 0 0 0 0 0 0 0 0 0 0 2 0 0 0 0 0 0 0 
 0 0 0 0 0 0 0 0 0 0 0 0 5 2 7 0 0 0 0 0 2 0 2 0 0 0 0 0 0 61 0 0 0 0 0 0 0 0 0 0 0 85 88 38 39 31 293 483 32 90 25 21 93 191 248 33 86 52 52 44 3 3 7 0 4 7 1 2 37 7 0 2 2 51 4 7 1 8 0 0 0 0 0 0 0 0 0 0 0 0 0 0 0 0 0 0 0 0 0 0 0 0 0 0 0 0 0 0 0 0 0 0 0 0 0 0 0 0 0 0 19 100 2 0 0 0 0 10 32 21 0 0 0 0 21 59 20 2 0 9 0 0 8 11 0 23 0 0 8 4 4 4 0 1 0 3 5 4 0 6 0 0 0 0 0 0 0 10 0 0 0 0 0 0 0 0 0 16 0 0 0 0 0 0 0 0 0 0 0 0 0 0 0 0 0 0 0 0 0 0 11 37 15 2 0 0 0 0 35 8 0 0 0 18 11 33 27 18 0 0 0 0 3 6 4 0 0 0 0 0 1 7 0 0 0 0 2 3 0 0 0 0 2 0 0 0 0 0 0 0 0 5 0 1 0 0 0 0 0 2 1 0 0 0 0 2 4 0 0 0 3 0 0 0 0 0 0 0 0 0 0 0 0 0 0 20 0 0 0 0 
 2 2 5 2 2 2 2 2 2 2 2 2 4 2 2 2 2 2 2 2 3 3 63 3 3 3 3 3 3 4 4 3 3 6 3 3 43 3 3 3 85 0 526 89 49 49 99 279 619 90 33 37 61 70 319 276 420 40 123 47 0 7 4 0 212 0 0 0 5 5 0 6 0 0 0 0 36 5 5 0 0 0 0 0 0 0 0 0 0 0 0 0 0 0 0 0 0 0 0 0 0 0 0 0 0 0 0 0 0 0 2 0 0 0 0 0 0 0 0 0 0 14 45 29 1 0 0 9 31 36 37 0 0 0 7 24 53 27 0 0 0 0 0 0 0 0 0 0 0 0 0 0 0 0 0 0 0 0 0 0 5 8 0 0 0 0 0 0 0 0 0 0 0 0 0 0 0 0 0 0 0 0 0 0 0 0 0 0 0 0 0 0 0 0 0 0 0 0 0 0 0 85 31 27 11 0 0 0 38 76 15 1 0 0 7 7 17 25 0 0 0 0 0 0 0 0 0 0 0 0 0 0 0 0 0 0 0 0 0 12 0 0 22 0 0 0 0 0 0 0 0 8 0 1 0 0 0 0 0 42 0 0 3 0 0 15 4 0 0 0 10 0 0 0 0 0 0 0 0 0 0 0 0 0 27 19 0 0 0 0 
 0 0 3 4 0 0 0 0 104 5 14 4 0 0 2 5 13 8 0 0 0 0 0 0 0 0 1 0 0 0 0 0 0 0 0 0 0 0 0 0 88 526 0 343 53 31 69 116 210 302 275 35 282 268 39 171 418 266 275 261 54 0 0 0 0 0 0 0 0 4 0 0 0 3 0 0 53 0 0 0 0 0 4 4 4 3 0 0 0 32 4 0 0 0 0 0 0 0 0 0 0 0 0 0 0 0 0 0 0 0 0 22 0 0 0 0 0 0 5 0 0 2 54 40 0 0 0 1 57 24 42 51 0 0 1 3 24 69 0 0 0 0 0 0 0 0 0 0 0 0 0 0 6 0 0 0 2 0 0 0 2 4 3 3 1 4 0 0 0 0 6 10 0 0 0 9 21 0 0 0 0 16 0 0 0 0 0 0 0 5 0 0 0 0 0 0 0 0 0 0 0 0 16 27 46 0 0 0 17 38 49 5 0 0 1 0 10 3 0 0 0 0 0 0 0 0 7 0 0 15 0 0 0 0 0 0 0 0 11 1 0 14 22 0 0 0 3 0 0 0 0 6 1 1 0 0 0 0 0 7 0 0 9 1 0 12 2 3 0 0 11 0 0 0 0 0 0 0 0 0 0 0 0 0 6 0 0 0 0 0 
 6 2 2 2 2 2 2 2 2 2 2 2 6 2 9 2 2 2 2 2 0 0 0 0 0 1 0 0 0 0 2 0 0 0 0 0 0 3 0 0 38 89 343 0 100 50 87 78 111 302 144 466 52 47 74 48 85 236 126 65 3 1 0 0 0 0 0 0 0 0 0 7 0 20 10 0 4 0 0 0 0 0 0 0 0 0 0 0 0 0 0 0 0 0 0 0 0 0 0 0 0 0 0 0 0 0 0 0 0 0 0 0 0 0 0 0 0 0 0 0 0 0 1 8 34 52 0 0 2 26 11 34 0 0 0 6 1 6 0 4 0 0 0 0 0 0 0 0 0 5 0 0 47 0 0 0 0 0 6 25 0 1 0 0 0 0 0 0 1 0 0 0 0 0 0 18 0 0 0 0 0 0 0 0 0 0 0 34 0 0 0 0 0 0 0 0 0 0 0 0 0 0 17 7 40 26 0 0 0 9 57 63 0 0 0 2 0 7 0 0 0 0 0 0 0 0 8 0 0 12 0 0 35 1 0 0 0 0 9 12 0 0 0 0 0 0 0 0 0 0 0 12 0 0 0 0 0 0 1 10 0 0 31 38 0 2 0 44 2 0 1 0 0 0 0 0 0 0 0 0 0 0 14 0 7 0 0 0 2 0 
 0 0 2 0 0 0 0 0 1 0 0 0 0 0 2 0 0 2 0 0 0 0 0 0 0 3 65 0 0 0 0 0 0 0 0 0 0 0 0 0 39 49 53 100 0 282 73 106 316 91 91 285 94 56 77 278 50 29 266 296 0 0 0 0 0 0 0 0 0 0 0 6 0 2 0 0 0 0 0 0 0 0 0 1 0 0 0 0 0 0 0 0 0 0 0 0 0 0 0 0 0 0 0 15 0 0 0 0 0 0 0 0 0 0 0 0 0 0 0 0 5 8 0 1 24 36 7 2 0 0 0 7 16 0 1 0 0 0 0 0 0 0 0 9 0 0 1 1 0 5 0 0 20 10 0 0 0 2 40 7 0 0 0 0 0 0 0 0 4 0 0 0 0 0 0 0 0 0 0 0 0 0 0 0 0 0 0 0 0 0 0 0 0 0 0 0 0 0 0 9 5 0 0 0 0 38 1 8 2 0 1 17 0 0 37 1 2 0 0 0 0 0 0 0 0 0 20 0 0 0 0 0 29 53 0 0 0 0 3 11 0 0 0 0 0 0 0 0 0 0 0 9 0 8 0 0 0 0 0 2 0 0 2 1 4 5 2 1 3 0 0 0 0 0 0 0 0 0 0 0 0 0 0 0 0 0 0 0 0 0 
 0 0 0 0 0 65 0 0 0 0 0 0 1 0 2 0 0 2 0 63 1 63 0 0 6 10 2 0 0 1 0 0 0 0 0 0 1 0 0 0 31 49 31 50 282 0 238 50 73 43 81 67 46 45 52 63 71 58 292 95 0 0 0 0 0 0 0 0 0 0 0 51 1 0 0 0 0 0 102 0 0 0 0 0 0 0 0 0 0 0 0 0 0 0 0 0 0 0 0 0 0 0 0 0 0 8 0 0 0 0 0 0 0 0 0 0 0 0 0 0 1 0 0 0 0 1 0 0 0 0 0 0 0 9 0 0 0 0 2 3 16 0 0 4 0 0 16 0 0 20 0 0 19 3 0 0 0 10 30 9 0 0 0 0 0 0 0 0 4 0 0 0 0 0 0 0 0 0 0 0 0 0 0 1 0 7 0 0 0 0 0 0 0 0 0 0 0 0 0 0 6 24 0 0 0 6 20 0 0 0 0 0 3 20 0 0 0 0 0 2 9 0 0 0 0 0 14 8 0 0 0 0 11 13 2 0 0 0 15 10 0 0 0 0 0 0 0 0 0 0 0 6 0 0 0 0 0 0 0 0 0 0 2 0 0 1 1 0 0 0 0 0 0 0 0 0 0 0 0 0 0 0 0 0 0 0 0 0 1 0 
 0 0 0 0 0 0 0 0 0 0 0 0 0 0 0 0 0 0 0 0 0 0 0 0 0 0 0 0 0 0 0 0 0 0 0 0 0 0 0 0 293 99 69 87 73 238 0 178 49 52 250 40 394 268 55 45 50 25 59 529 0 4 5 2 0 6 1 0 6 2 0 2 0 2 0 0 2 0 0 0 0 0 0 0 0 0 0 0 0 0 0 0 0 0 0 0 0 0 0 0 0 0 0 0 0 0 0 0 0 0 0 0 0 0 0 0 0 0 0 0 34 28 0 1 0 0 0 58 14 1 0 0 8 33 21 24 1 1 0 0 0 0 0 0 0 0 0 0 0 0 0 0 0 0 0 0 0 0 0 0 0 0 0 0 0 0 0 0 0 0 18 0 0 0 0 0 0 9 0 0 0 0 0 0 0 0 0 0 0 0 0 0 0 0 0 0 0 0 0 0 32 40 4 0 0 0 25 17 0 1 0 0 18 24 21 34 79 33 0 0 0 0 0 0 0 0 0 0 0 0 0 0 0 0 0 0 0 0 0 0 0 0 0 0 0 0 0 0 0 0 0 8 0 0 0 0 0 0 0 0 0 0 1 0 2 1 0 0 1 0 0 0 0 12 0 0 0 0 0 0 0 0 0 0 0 0 0 0 0 0 
 0 0 0 3 0 0 0 0 0 0 0 0 2 0 0 0 0 61 0 0 0 0 0 3 53 2 0 0 0 0 6 9 0 0 0 0 25 0 0 1 483 279 116 78 106 50 178 0 150 47 245 46 82 524 193 126 58 252 80 256 0 0 0 0 5 9 0 0 9 12 0 0 0 3 0 3 52 0 0 0 0 0 0 0 0 0 0 0 0 0 0 0 0 0 18 0 0 0 0 0 0 0 0 0 9 7 0 0 0 0 0 16 0 0 0 0 0 0 0 0 12 8 61 1 0 0 0 4 12 19 2 0 0 1 23 22 24 30 7 0 3 0 0 0 0 0 0 0 0 0 0 0 0 0 0 0 0 0 0 0 6 3 0 0 0 27 0 0 0 0 0 11 0 0 0 0 0 5 0 0 0 0 0 17 24 11 0 0 0 0 3 0 0 0 0 0 0 0 0 13 1 47 17 10 0 0 2 0 45 16 1 0 0 3 10 13 28 36 4 7 0 0 0 0 0 0 0 0 0 0 0 0 0 0 0 0 0 0 1 0 0 0 23 0 0 0 0 1 0 0 0 7 0 2 0 0 1 0 3 3 0 0 0 0 0 8 0 0 0 0 0 0 0 0 0 0 0 0 0 0 0 0 0 0 1 4 0 0 0 0 
 5 4 5 5 4 5 4 5 4 3 5 3 6 5 7 5 5 3 12 12 3 1 2 2 2 60 2 2 1 1 2 1 0 0 2 2 2 1 3 2 32 619 210 111 316 73 49 150 0 453 67 102 310 303 170 559 231 182 504 284 0 0 0 0 13 2 0 0 0 2 0 1 0 0 0 0 50 0 0 0 1 0 0 0 0 0 4 0 0 0 0 0 3 1 0 0 0 0 0 3 0 0 0 0 0 0 0 0 0 0 0 0 0 0 0 0 0 0 0 0 0 0 26 27 0 5 0 0 0 17 10 7 0 0 0 0 3 41 0 0 0 0 0 0 0 0 0 0 0 0 0 0 0 0 0 0 0 0 0 0 5 10 0 0 0 0 13 0 0 0 0 0 4 0 0 0 8 0 2 2 0 0 0 0 0 0 0 0 0 0 0 1 0 0 0 0 0 0 0 0 0 17 44 19 31 0 0 0 1 13 26 5 0 0 0 0 9 18 0 0 0 0 0 0 0 0 12 0 0 0 0 0 0 0 0 0 0 0 9 0 0 0 13 0 0 0 2 0 0 0 0 7 0 1 0 0 0 2 1 21 0 0 0 1 0 9 3 1 2 0 0 0 0 0 0 0 0 0 0 0 0 0 0 0 0 1 0 0 0 0 
 0 0 0 8 3 0 0 0 0 0 0 0 0 0 0 0 0 1 0 0 3 3 3 3 3 3 3 7 3 3 3 7 3 3 3 3 5 3 3 3 90 90 302 302 91 43 52 47 453 0 307 77 50 117 294 203 243 62 156 94 0 0 0 1 39 0 0 3 0 0 0 2 0 12 11 0 5 1 0 28 0 0 0 0 0 0 0 0 0 0 0 0 0 0 0 0 0 0 0 0 0 23 0 0 0 0 0 0 0 0 0 0 0 0 0 0 0 0 0 0 0 0 8 33 11 31 0 0 0 9 40 23 0 0 0 0 8 41 0 0 0 0 0 0 1 1 0 0 0 4 0 0 18 0 0 0 0 0 0 0 0 6 0 0 0 0 0 0 0 0 5 0 0 0 0 0 0 0 0 0 0 0 0 0 3 0 0 0 0 3 0 0 0 0 0 0 0 0 0 0 0 0 22 19 51 1 0 12 1 13 52 29 0 0 0 0 0 9 0 0 0 0 0 0 0 0 15 0 0 0 0 0 8 1 0 0 0 0 3 12 0 0 0 0 0 0 0 0 0 0 0 8 0 2 0 0 0 0 0 18 0 0 64 74 0 0 2 65 0 0 9 0 0 0 0 0 0 0 0 0 0 0 0 0 20 0 0 0 0 0 
 0 0 62 2 0 0 0 0 0 0 2 0 2 2 55 0 0 0 2 3 6 3 3 3 3 3 3 6 3 60 3 4 3 5 3 3 3 3 3 3 25 33 275 144 91 81 250 245 67 307 0 473 254 35 57 98 79 515 246 101 0 5 0 3 3 0 0 0 0 0 0 17 0 4 3 0 1 0 0 0 0 0 0 0 0 0 0 0 0 0 0 0 0 0 0 0 0 0 0 0 0 0 0 0 0 0 0 0 0 0 0 0 0 0 10 0 0 0 0 0 0 0 0 10 31 39 0 0 9 0 0 28 26 0 0 0 0 2 0 0 0 0 0 0 0 3 1 0 0 3 0 0 8 0 0 0 0 0 0 3 0 0 0 0 0 0 0 0 0 0 0 0 0 0 0 0 0 0 0 0 0 0 6 0 1 0 0 0 0 0 0 0 0 0 0 0 0 0 0 0 0 0 8 18 27 20 0 0 0 4 29 63 0 0 0 0 0 1 0 0 0 0 0 0 0 0 12 0 0 0 0 0 22 0 0 0 0 0 15 11 0 0 0 0 0 0 0 0 0 0 0 5 0 0 0 0 0 0 0 10 0 0 34 17 1 0 0 4 33 0 0 0 0 0 0 0 0 0 0 0 0 0 0 0 1 0 0 0 2 0 
 0 3 3 0 0 0 1 0 0 70 0 44 0 6 3 3 0 3 3 0 0 0 0 0 0 0 0 2 0 0 0 0 0 0 0 0 0 0 0 0 21 37 35 466 285 67 40 46 102 77 473 0 98 29 58 26 84 57 244 50 16 0 2 0 0 1 6 0 0 0 6 3 9 15 13 3 1 2 9 6 0 0 0 0 0 0 0 0 0 0 0 0 0 0 0 0 0 0 0 0 0 0 0 0 0 0 0 0 0 0 0 0 0 0 0 0 0 0 0 0 0 0 0 0 26 43 0 0 0 1 1 4 0 0 0 0 1 0 0 0 0 0 6 0 0 0 0 0 0 17 0 0 13 9 5 0 0 6 31 8 0 0 0 0 0 0 0 0 0 0 0 0 0 0 0 0 0 0 0 0 0 0 0 0 0 0 0 0 0 0 0 0 0 0 0 18 0 0 0 0 0 0 0 1 0 12 0 0 0 0 1 22 0 0 0 0 0 0 0 0 9 1 0 0 0 0 0 12 0 5 13 0 37 7 1 4 0 0 15 20 0 0 0 0 0 0 0 0 0 1 0 14 0 2 0 0 0 1 0 0 0 19 66 76 0 3 4 63 0 0 0 0 0 0 0 0 0 0 0 0 0 0 0 0 0 0 0 0 0 0 
 0 3 1 1 2 0 0 0 2 0 0 0 4 4 0 0 0 7 2 1 2 0 0 0 0 3 0 0 0 0 0 1 3 0 0 0 0 0 0 0 93 61 282 52 94 46 394 82 310 50 254 98 0 298 42 272 261 24 234 352 0 2 23 3 0 0 0 0 5 4 1 0 0 0 1 4 3 3 0 0 0 0 0 0 0 0 0 15 0 0 0 0 0 0 0 0 0 1 0 0 0 0 0 0 0 0 0 0 0 0 0 0 0 0 0 0 0 0 0 0 14 19 0 0 0 0 35 24 9 0 0 0 12 35 21 29 0 0 22 7 0 0 0 0 3 0 0 0 0 4 3 4 0 11 0 4 1 0 0 1 0 0 0 0 0 0 0 0 0 0 0 0 0 0 0 0 0 0 0 0 0 0 0 0 0 1 0 0 0 0 0 0 0 0 0 0 11 0 0 0 49 3 0 0 0 0 29 39 0 0 0 0 30 25 7 17 0 0 11 17 0 0 0 0 3 1 0 0 0 0 4 4 0 0 0 0 1 5 0 0 0 0 0 0 0 0 0 0 0 0 0 1 0 0 0 0 0 0 0 0 0 0 0 35 0 6 3 0 2 0 4 0 0 0 0 1 0 0 0 0 0 0 0 0 0 0 0 0 0 0 
 1 3 1 0 0 0 0 3 3 0 0 0 0 0 5 4 0 0 0 0 0 0 0 0 0 0 0 0 0 0 0 210 0 0 0 0 0 0 0 0 191 70 268 47 56 45 268 524 303 117 35 29 298 0 266 66 92 48 112 113 0 0 2 0 26 3 0 0 3 3 0 0 0 0 0 0 0 0 0 0 1 1 1 4 0 0 0 3 1 0 0 0 0 1 0 5 12 3 0 0 0 0 0 0 0 0 0 0 10 0 0 0 0 0 0 0 0 0 0 10 34 48 0 0 0 0 0 10 38 10 0 0 0 0 24 26 10 0 0 0 0 0 0 0 0 0 0 0 0 0 0 0 0 0 0 0 0 0 14 20 0 1 0 0 0 0 0 3 3 3 4 0 0 0 3 14 0 8 12 1 0 0 0 0 0 0 0 0 0 0 0 0 0 0 0 0 0 0 0 0 11 25 11 2 0 0 6 0 28 7 0 0 0 14 41 28 42 17 0 0 0 0 0 0 0 0 0 0 3 0 0 0 0 0 0 0 0 0 0 0 0 0 0 0 0 0 0 0 0 0 0 4 0 1 0 0 0 0 0 2 0 0 0 0 0 4 0 0 0 0 0 0 0 0 0 0 0 0 0 0 0 0 0 0 10 10 0 0 0 0 
 0 0 0 0 0 0 0 0 0 0 0 0 3 0 0 0 0 3 0 0 2 3 62 2 2 2 2 2 2 2 2 2 2 2 2 2 65 2 2 2 248 319 39 74 77 52 55 193 170 294 57 58 42 266 0 198 67 58 50 100 3 0 3 1 12 5 10 0 6 27 26 0 2 5 0 3 52 0 1 10 0 0 0 0 0 0 0 0 0 0 0 0 0 0 0 0 0 0 2 0 0 0 0 0 0 0 0 0 0 0 0 0 0 0 0 0 0 0 0 0 8 15 82 4 0 11 0 3 42 46 7 0 0 0 20 50 39 18 0 0 0 1 0 0 0 0 8 0 0 0 1 0 1 4 5 0 0 0 0 0 3 3 0 0 10 0 0 0 0 0 0 0 0 0 0 0 13 3 0 0 0 0 0 0 18 0 0 0 0 0 0 0 0 0 0 0 0 0 0 0 20 51 9 11 1 0 0 34 37 16 2 0 0 0 2 9 27 18 0 0 8 1 14 0 0 0 0 0 0 4 1 1 7 0 9 4 0 0 0 0 0 0 24 0 0 0 0 0 0 0 0 14 0 0 0 0 0 0 0 2 0 0 0 0 0 9 0 0 0 0 1 0 0 0 0 0 0 0 0 0 0 0 0 0 1 20 0 0 0 0 
 2 2 2 39 2 2 2 2 2 2 24 2 4 2 2 2 2 2 3 2 3 3 3 3 3 3 3 3 3 3 3 6 10 3 3 3 3 3 3 13 33 276 171 48 278 63 45 126 559 203 98 26 272 66 198 0 204 177 269 81 0 0 0 52 0 0 0 0 0 3 0 47 0 10 0 0 51 0 0 0 0 0 0 0 0 0 0 0 0 0 0 0 0 0 0 0 0 0 0 0 0 0 0 0 0 0 0 0 0 0 6 0 0 0 0 0 0 0 0 0 0 31 60 37 0 1 0 0 18 33 40 10 0 0 0 0 8 61 0 0 0 0 0 0 0 0 0 0 0 0 0 0 3 0 0 0 0 0 0 0 5 12 0 0 0 0 0 0 1 0 0 0 0 0 0 0 0 0 0 0 0 0 0 0 0 0 0 0 0 0 0 0 0 0 0 0 0 0 0 0 0 0 55 22 55 0 0 0 35 76 38 3 0 0 0 0 9 11 0 0 0 0 0 0 0 0 10 13 0 0 0 0 0 0 0 0 0 0 9 0 0 0 20 0 0 0 0 0 0 0 0 5 0 0 0 0 0 0 72 22 0 0 2 1 1 8 0 1 0 0 13 0 0 0 0 0 0 0 0 0 0 0 0 0 10 14 0 0 0 1 
 3 3 3 3 2 3 3 3 2 3 3 3 5 3 3 3 66 3 2 3 3 0 0 0 1 0 0 0 0 0 0 0 0 0 0 1 1 0 0 0 86 420 418 85 50 71 50 58 231 243 79 84 261 92 67 204 0 219 288 248 3 0 0 0 4 0 8 0 3 6 0 0 4 0 0 0 61 0 2 10 0 0 0 0 0 0 0 0 0 0 0 0 0 8 0 0 0 0 0 0 0 0 0 0 0 0 0 2 0 0 0 0 0 0 11 0 0 0 8 0 0 0 41 38 1 0 0 0 14 28 30 52 0 0 0 54 46 55 0 0 0 0 0 0 0 0 0 0 0 0 11 0 1 5 6 0 0 0 0 0 2 18 0 0 0 0 0 0 0 0 0 0 0 0 0 0 0 0 0 0 0 0 0 10 0 0 0 0 0 0 0 0 0 0 0 0 0 0 0 0 0 8 13 26 25 0 0 0 22 25 53 1 0 0 10 0 10 11 0 0 26 0 0 0 0 8 8 2 0 3 1 1 7 4 3 4 0 0 10 0 0 0 21 0 0 0 0 0 0 0 0 5 0 2 0 0 0 0 0 13 0 0 0 0 0 11 0 3 1 10 4 0 0 0 0 0 0 0 0 0 0 0 0 0 27 16 0 0 0 0 
 2 1 3 3 3 4 1 2 3 2 2 1 25 7 0 1 2 2 3 3 2 0 0 0 0 0 4 0 0 0 0 0 3 79 1 0 0 0 12 3 52 40 266 236 29 58 25 252 182 62 515 57 24 48 58 177 219 0 113 61 0 0 0 0 0 0 0 0 0 0 0 206 0 6 4 0 1 0 0 0 0 0 0 0 0 0 0 0 0 0 0 0 0 0 0 0 0 0 0 0 6 0 0 0 0 0 5 5 0 0 0 0 9 5 14 0 0 0 0 0 0 0 44 30 9 42 0 0 0 10 58 20 0 23 0 0 8 34 0 0 0 0 0 0 0 0 0 0 0 11 0 0 15 0 0 0 0 0 0 13 0 7 0 0 0 0 0 0 0 0 0 0 0 0 0 0 0 0 20 0 0 3 0 0 0 0 20 4 0 0 0 0 13 6 0 0 0 0 3 4 0 14 40 16 52 0 0 0 0 25 39 56 0 0 0 0 0 7 0 0 0 0 0 0 0 0 6 0 0 0 0 0 29 1 0 0 0 0 4 10 0 0 0 0 0 0 0 0 0 0 0 10 0 1 0 0 0 0 0 19 0 1 64 72 0 2 0 65 0 0 10 0 0 0 0 0 0 0 0 0 0 3 0 0 19 0 0 0 0 0 
 0 0 2 0 0 0 0 0 0 0 0 0 0 0 0 0 4 0 2 0 3 4 6 3 11 151 3 6 12 2 3 3 5 3 8 6 7 27 3 2 52 123 275 126 266 292 59 80 504 156 246 244 234 112 50 269 288 113 0 230 6 0 7 0 0 50 0 0 0 0 0 0 0 0 0 0 49 0 0 54 0 0 20 0 0 0 0 0 0 0 0 0 0 0 0 0 0 0 0 0 0 3 5 3 0 1 0 0 4 0 1 5 0 0 0 0 3 4 0 0 0 0 9 10 0 0 22 28 0 3 2 0 23 33 0 1 3 26 30 2 0 0 0 0 0 0 0 0 0 0 0 0 0 0 0 0 0 0 0 0 7 6 0 0 0 0 0 0 0 0 0 0 0 0 0 0 0 0 0 0 3 0 4 0 4 0 0 0 3 3 0 5 0 0 3 0 0 5 0 0 26 0 22 9 20 0 24 63 2 7 10 0 29 4 21 0 20 0 12 13 0 0 0 0 0 0 15 0 0 0 0 0 0 0 0 0 0 0 9 0 0 0 3 0 0 0 0 0 0 0 0 5 0 0 0 0 0 0 0 19 0 0 2 1 0 9 0 0 1 0 0 0 0 0 0 0 0 0 0 0 0 11 0 0 0 0 0 0 0 0 
 2 2 2 2 3 2 2 2 3 2 2 2 2 2 2 2 2 2 3 2 0 0 0 0 0 5 0 0 0 0 0 0 0 0 0 0 0 0 0 0 44 47 261 65 296 95 529 256 284 94 101 50 352 113 100 81 248 61 230 0 0 0 5 7 4 0 0 0 0 1 5 2 0 0 0 0 1 2 0 0 0 0 0 0 0 0 0 5 0 0 0 0 0 0 0 0 0 0 0 0 0 0 0 0 1 1 0 0 0 0 0 0 0 0 0 0 0 0 0 0 18 20 0 0 0 0 22 27 24 9 0 0 11 24 17 18 0 0 47 9 0 0 0 0 1 0 0 0 0 0 0 0 0 0 0 0 0 0 0 0 2 0 0 0 0 0 0 0 0 0 0 0 0 9 0 0 0 0 0 0 0 0 0 0 0 1 0 0 0 0 0 0 0 0 0 0 0 0 0 0 35 0 0 0 0 0 13 27 0 15 0 0 37 67 6 41 0 0 55 56 0 0 0 1 4 5 0 0 0 0 0 0 0 0 0 0 0 0 0 0 0 0 0 0 0 0 0 0 0 26 0 18 0 2 0 0 0 0 0 2 1 0 0 0 3 2 2 0 0 0 0 0 0 0 0 5 0 0 0 0 0 0 0 0 0 0 0 0 0 0 
 0 0 2 0 0 0 0 0 35 0 0 0 0 3 4 35 0 0 0 0 3 0 0 0 0 0 0 0 0 0 0 0 0 0 0 0 0 6 0 0 3 0 54 3 0 0 0 0 0 0 0 16 0 0 3 0 3 0 6 0 0 117 71 236 20 52 276 226 251 27 46 29 80 152 136 31 21 33 46 82 0 0 0 0 0 0 0 0 0 0 0 0 0 0 0 0 0 0 0 0 34 0 0 12 0 0 0 0 0 0 0 0 0 0 0 0 0 0 0 0 0 0 0 0 0 0 0 0 0 0 0 0 0 0 0 0 0 3 0 0 0 16 16 9 0 0 0 0 11 21 0 0 0 6 16 41 2 15 0 0 0 0 0 0 9 0 0 0 0 0 0 0 0 0 0 0 0 0 0 0 0 0 0 0 15 0 0 0 0 8 0 0 0 0 0 0 0 0 0 0 0 0 0 0 0 0 0 0 0 0 0 0 0 0 0 0 0 0 0 0 0 74 51 13 1 0 0 14 3 28 8 2 0 0 24 21 22 10 0 0 0 0 0 0 0 0 0 0 0 0 0 0 0 4 5 0 0 0 0 0 0 0 0 0 0 0 0 0 0 0 2 0 0 0 0 0 0 0 0 0 0 0 0 0 0 0 0 0 0 0 
 0 0 0 0 0 0 0 0 0 0 0 0 0 0 0 3 0 0 0 0 0 0 6 4 0 0 0 20 2 6 2 4 0 6 0 0 1 4 0 0 3 7 0 1 0 0 4 0 0 0 5 0 2 0 0 0 0 0 0 0 117 0 263 49 24 56 71 538 231 47 32 271 28 110 188 168 102 258 65 64 0 0 0 0 0 0 0 0 0 0 0 0 0 0 0 0 0 0 0 0 9 0 0 4 4 15 0 7 0 25 5 5 0 0 0 2 0 1 0 0 0 0 0 0 0 0 0 0 0 0 0 0 0 0 0 0 0 2 0 16 1 0 24 20 9 0 2 0 39 12 8 8 0 0 13 11 44 16 0 0 0 0 0 0 0 0 0 0 0 8 0 0 0 0 0 0 0 0 0 0 0 0 0 0 16 0 0 0 0 2 6 5 0 0 0 0 0 4 0 0 0 0 2 0 0 0 0 0 0 0 0 0 0 0 0 0 0 0 3 0 0 2 9 24 12 0 0 8 7 15 34 22 0 0 0 6 24 72 0 0 29 0 0 0 0 0 0 0 0 0 0 0 0 0 10 0 0 7 0 0 2 0 0 0 0 2 22 0 0 0 8 0 0 14 0 0 0 0 0 0 0 0 0 0 0 0 8 0 0 0 
