 0 226 198 270 44 28 340 327 39 36 27 36 43 155 509 24 48 51 69 127 7 3 0 0 0 0 3 0 0 202 0 3 0 0 0 0 0 1 3 204 23 21 0 0 2 0 1 12 0 0 0 0 0 20 14 0 0 0 0 1 0 6 5 0 3 0 2 0 0 0 2 0 1 0 0 0 0 0 0 0 0 35 15 0 0 0 10 30 12 0 0 0 0 31 12 11 0 0 0 0 0 0 0 0 0 0 0 0 0 0 0 0 0 0 0 0 0 0 0 0 0 0 0 0 0 0 0 0 0 0 0 0 0 0 0 0 0 0 0 0 0 0 0 0 0 0 0 0 0 0 0 0 0 0 0 0 0 0 0 0 18 22 0 14 0 0 21 32 22 0 0 0 11 11 28 0 11 0 0 21 0 0 0 0 0 0 0 0 0 5 0 0 0 0 0 0 0 0 0 0 0 0 0 10 0 0 0 0 0 0 0 0 0 0 0 0 0 0 0 0 0 0 0 0 0 0 0 0 0 17 0 0 0 0 0 0 0 0 0 0 0 0 0 0 0 2 2 0 0 1 1 14 0 0 0 0 0 0 0 0 0 0 0 0 0 0 0 0 0 0 0 0 0 0 0 0 0 0 0 0 0 0 0 0 0 0 0 0 0 0 
 226 0 357 48 85 24 90 684 303 69 44 47 57 373 295 370 440 42 282 43 0 3 1 0 0 1 3 0 0 0 0 1 0 0 0 0 0 1 5 0 2 0 0 0 2 0 0 0 0 0 0 0 70 0 0 0 0 0 0 0 0 68 2 0 3 0 3 0 0 0 2 0 0 0 0 0 0 0 0 0 0 41 42 4 0 0 10 1 53 55 0 1 0 13 29 23 63 21 0 0 0 0 0 0 0 0 0 0 0 0 0 0 10 0 0 2 0 0 0 0 0 0 0 0 0 0 0 0 0 0 0 0 0 0 0 0 0 0 17 0 0 0 0 0 0 0 0 0 0 0 4 13 1 0 0 0 0 0 0 0 13 16 27 4 0 0 17 0 15 83 18 13 1 14 17 55 38 93 0 0 0 2 0 0 0 0 0 2 0 0 0 0 0 0 0 23 0 0 9 0 0 2 0 0 0 0 0 0 0 0 0 0 0 0 0 0 0 0 0 0 0 0 6 0 0 0 2 0 0 2 0 0 0 0 0 0 0 0 0 0 0 0 0 0 0 0 0 1 0 0 0 11 0 0 0 0 0 0 0 0 0 0 0 0 0 0 0 0 0 0 0 0 0 0 0 5 0 22 0 0 0 0 0 0 0 0 0 0 0 0 
 198 357 0 451 145 51 81 101 173 426 62 117 85 64 64 271 216 535 148 34 2 6 5 0 1 0 3 2 0 2 1 2 2 2 3 5 0 3 3 0 4 0 0 0 2 0 3 2 0 0 0 0 0 0 55 0 2 0 0 0 0 2 4 4 5 2 3 0 0 0 3 0 0 0 1 0 0 4 0 49 0 0 45 34 8 0 13 1 32 32 52 44 0 0 10 13 36 81 0 0 0 0 0 0 0 0 0 0 10 0 0 0 1 0 0 0 0 0 0 15 0 0 0 0 2 0 0 0 0 0 0 0 0 0 0 0 0 0 0 1 0 0 0 0 0 0 0 0 0 0 4 0 0 0 0 12 0 0 2 0 0 1 29 37 2 2 0 0 0 23 41 14 0 0 1 44 19 34 0 0 0 0 0 0 0 0 0 0 0 4 0 0 0 0 0 0 0 0 2 0 0 0 0 0 0 0 12 0 0 0 0 0 0 0 0 0 0 0 0 0 1 0 0 0 0 0 0 0 0 0 0 0 0 0 0 0 0 10 0 0 0 10 0 0 0 2 6 4 1 2 2 8 0 0 0 30 1 0 0 0 0 0 1 0 0 0 2 0 0 0 0 0 0 0 0 11 0 20 0 0 0 0 0 0 0 0 0 0 0 0 
 270 48 451 0 94 69 62 158 92 499 290 411 82 68 49 149 143 309 499 82 0 2 0 0 0 0 3 0 2 2 0 4 0 0 0 0 0 2 3 0 2 0 0 0 2 0 0 12 0 0 64 0 0 0 0 0 1 0 0 1 0 0 32 0 3 0 3 0 0 0 2 0 0 0 0 0 0 0 64 0 0 0 0 34 41 33 0 1 7 0 52 34 0 0 0 0 19 37 0 0 0 0 0 0 0 0 0 0 0 0 0 0 3 0 0 0 0 0 0 0 0 0 0 0 0 0 0 0 0 0 0 0 0 0 0 0 0 0 0 0 0 3 0 0 0 0 0 0 1 0 6 2 0 2 0 0 0 1 0 0 2 0 0 21 43 6 1 0 0 0 1 31 0 0 0 2 0 19 0 0 0 0 0 0 0 0 0 0 0 2 0 12 9 0 0 0 0 2 11 0 0 0 0 0 0 0 0 0 0 0 2 0 0 1 0 1 0 0 0 0 0 0 0 0 0 0 0 0 0 0 0 0 0 0 0 0 0 0 0 0 0 11 0 0 0 3 92 3 0 24 0 13 4 0 0 0 0 0 0 0 0 0 36 0 0 0 0 0 0 0 0 0 0 0 0 21 16 0 0 0 0 0 0 0 21 0 0 0 0 0 
 44 85 145 94 0 416 65 170 157 81 166 322 78 63 91 84 361 137 87 80 0 2 1 0 0 0 3 1 1 0 0 3 1 0 0 0 1 2 3 3 2 0 0 3 2 0 0 3 0 0 1 0 0 0 0 0 66 0 0 0 1 0 2 0 3 39 6 0 0 4 4 0 3 0 3 0 0 1 0 0 0 7 9 2 27 49 0 0 12 10 0 2 0 0 13 11 0 8 37 1 0 0 0 0 0 0 2 0 0 1 0 0 32 1 0 0 0 0 36 12 0 0 1 0 0 0 0 0 0 0 0 0 0 0 0 0 0 12 0 0 0 0 0 0 0 0 0 1 2 0 0 0 0 0 0 0 0 0 0 0 0 54 0 0 25 8 0 0 0 7 11 18 0 0 0 15 0 7 0 0 0 0 0 0 0 0 0 0 0 0 0 0 21 11 0 0 0 0 28 20 0 0 0 0 0 0 2 0 0 0 0 0 0 0 0 0 0 0 0 0 0 0 0 2 0 0 0 0 0 0 0 0 0 0 0 0 0 2 0 0 0 1 0 0 1 0 4 0 0 4 0 175 0 0 0 0 0 0 0 0 0 0 0 0 0 14 0 0 0 0 0 0 0 0 0 0 0 18 0 0 0 0 0 0 0 0 0 0 0 0 
 28 24 51 69 416 0 29 38 346 60 85 47 120 44 42 77 83 82 58 50 0 4 3 0 0 1 3 0 1 0 0 3 2 2 0 0 0 0 330 0 2 3 0 0 2 0 6 0 0 0 0 0 0 0 0 0 0 0 0 0 0 0 2 0 3 0 3 0 0 4 2 0 0 0 0 0 0 0 0 0 0 0 0 22 1 19 0 0 0 0 0 0 0 0 0 0 0 0 0 0 1 0 0 0 0 0 54 1 0 20 1 0 52 12 0 0 1 0 37 25 0 0 0 0 2 0 0 0 0 0 0 0 0 0 0 1 0 11 0 1 0 0 0 0 0 0 0 0 0 0 0 0 0 0 0 0 0 0 2 0 0 0 0 1 12 20 0 0 0 0 4 0 0 0 0 0 0 0 0 0 47 0 0 0 0 0 19 23 0 0 0 0 38 50 0 0 0 0 39 38 0 0 0 0 0 0 0 1 0 0 0 0 0 0 0 0 0 0 0 0 14 0 0 25 0 0 0 0 0 0 3 0 0 0 0 0 0 1 0 0 0 0 0 0 0 3 0 0 0 4 0 8 0 0 0 0 0 0 0 0 0 0 0 0 0 0 0 0 0 0 0 0 0 10 0 0 10 0 0 0 0 0 0 0 0 0 0 0 0 0 
 340 90 81 62 65 29 0 72 42 42 34 21 472 393 36 62 35 61 292 359 0 4 2 0 0 0 3 0 0 2 0 3 0 0 0 0 2 0 3 0 2 0 0 0 2 0 0 0 4 0 0 0 0 0 0 0 0 0 0 0 0 0 2 0 3 0 3 0 0 0 2 0 0 0 0 0 0 0 0 0 50 17 11 0 0 0 36 58 20 0 0 0 28 24 12 18 12 0 0 47 0 0 0 0 0 0 0 0 0 0 0 0 0 0 0 0 0 0 0 0 0 0 0 0 0 0 0 0 0 0 0 0 0 0 0 0 0 0 0 0 0 0 0 0 0 8 0 0 0 0 0 0 0 0 0 0 0 0 0 0 38 10 0 0 0 0 39 41 39 0 0 0 20 18 36 0 21 0 1 49 0 0 0 0 0 0 0 0 0 0 0 0 0 0 0 0 0 0 0 0 0 0 0 0 0 0 0 0 11 0 0 0 0 0 0 0 0 0 0 0 0 0 0 0 0 0 0 0 0 0 0 0 0 0 0 0 0 0 0 0 0 0 0 0 0 0 0 0 2 0 0 9 0 0 0 0 0 0 0 0 0 0 0 0 0 1 0 0 0 0 0 0 0 0 0 0 0 0 0 0 0 0 0 0 0 0 0 0 0 0 
 327 684 101 158 170 38 72 0 80 33 34 32 100 698 100 229 257 115 257 140 0 4 2 0 2 0 5 0 0 0 0 3 0 0 0 0 1 0 3 0 5 0 3 0 2 0 0 0 0 0 0 3 0 2 0 2 0 2 0 0 0 20 3 3 3 0 1 0 0 0 2 0 0 0 1 0 3 0 0 0 0 46 57 0 0 0 6 42 29 21 0 1 1 11 30 18 37 7 0 1 0 0 0 0 0 0 0 0 2 0 0 0 0 0 0 0 0 0 0 0 0 0 0 0 0 0 0 0 0 0 0 0 0 0 0 0 0 0 0 0 0 0 0 0 0 0 0 0 0 0 0 0 1 1 0 0 0 2 0 0 18 16 30 0 0 0 38 2 45 0 26 0 0 16 20 16 72 0 2 1 0 0 0 0 0 0 0 0 0 1 0 0 0 0 0 0 0 1 0 0 12 0 0 0 0 0 0 0 0 0 1 0 0 2 5 2 0 0 0 0 0 0 0 0 0 0 0 0 0 0 0 0 0 0 0 0 0 0 0 0 0 0 0 0 0 2 1 2 3 0 0 8 0 0 0 0 0 0 0 0 0 0 0 0 0 0 0 0 0 0 0 0 0 0 0 0 0 0 0 0 0 0 0 0 0 0 0 0 0 0 
 39 303 173 92 157 346 42 80 0 432 61 103 100 83 88 335 344 303 93 63 0 4 2 0 1 0 3 0 0 2 0 2 0 0 0 0 1 0 4 0 2 0 0 0 2 1 0 0 0 0 0 0 0 0 0 0 0 0 0 0 0 0 2 0 3 0 6 0 0 0 2 0 0 0 0 0 0 0 0 0 0 7 45 36 0 0 0 0 36 54 51 35 0 0 13 16 36 44 0 0 0 0 0 0 0 0 0 0 0 15 0 0 1 14 0 0 0 0 0 0 2 0 0 0 0 0 0 0 0 0 0 7 0 0 0 0 0 0 0 0 0 0 0 1 0 0 0 0 0 0 7 0 19 0 2 0 0 0 0 0 2 2 45 36 0 1 1 0 0 31 34 22 2 0 0 59 22 60 0 0 0 0 0 0 0 0 0 0 0 2 0 0 0 0 0 0 0 0 0 0 0 0 0 2 2 0 0 0 0 0 0 0 0 0 0 16 0 0 0 0 0 0 0 0 0 0 0 13 0 0 0 0 2 0 0 0 0 0 0 0 0 25 0 0 0 2 4 0 0 5 0 13 3 0 0 0 0 2 0 0 0 0 2 0 0 0 2 0 0 0 0 0 0 0 0 29 0 11 0 0 0 0 0 0 0 0 0 0 0 0 
 36 69 426 499 81 60 42 33 432 0 366 47 60 84 294 273 379 82 287 71 0 4 0 0 0 0 78 0 2 1 0 4 0 0 0 0 0 2 3 0 2 0 0 0 2 0 0 0 0 0 0 0 19 0 0 0 0 0 0 0 0 0 3 0 3 0 2 0 0 0 2 0 0 0 0 0 0 0 0 0 0 0 21 43 24 0 0 0 41 43 38 45 0 0 0 16 9 69 1 0 0 0 0 0 0 0 0 0 0 0 0 0 4 0 0 0 0 0 0 0 0 0 11 0 2 0 0 0 0 0 0 0 0 0 0 1 0 0 0 1 0 0 0 0 0 0 0 0 0 0 5 0 0 0 0 2 0 0 2 0 0 0 3 50 12 12 0 0 0 39 8 32 0 0 0 17 2 36 0 6 0 0 0 0 0 0 0 0 0 0 0 0 1 0 0 0 0 0 2 0 0 0 0 0 0 0 0 0 0 0 0 0 0 0 0 0 0 0 0 0 1 0 0 0 0 0 0 0 0 0 0 0 0 0 0 0 0 0 0 0 0 7 0 0 0 2 172 0 0 183 0 11 13 0 0 0 0 0 0 0 0 0 20 0 0 0 2 0 0 0 0 0 0 0 0 23 9 22 0 0 0 0 0 0 15 0 0 0 0 0 
 27 44 62 290 166 85 34 34 61 366 0 342 244 258 58 71 191 241 42 48 0 8 0 0 3 0 7 77 0 2 0 4 0 0 1 1 36 0 8 1 2 0 12 4 10 2 2 2 3 6 1 0 0 4 69 1 0 0 0 0 0 0 5 0 3 0 3 0 2 1 2 0 0 0 4 0 0 2 0 0 0 0 0 43 49 34 0 0 0 0 56 30 0 0 10 0 7 27 0 0 0 0 0 0 0 0 0 0 11 0 0 0 15 0 0 2 0 0 13 8 0 0 0 0 0 0 0 0 0 0 0 0 0 0 0 0 0 8 0 0 0 0 0 0 0 0 0 0 0 0 5 0 0 0 0 0 0 0 0 1 0 0 0 25 48 24 0 0 0 0 0 27 0 0 1 0 0 0 0 0 0 2 0 0 1 2 1 0 11 0 0 0 7 0 0 0 0 0 14 8 0 2 0 0 0 0 0 0 0 8 0 0 0 0 0 0 0 0 0 0 0 0 0 0 0 0 0 0 0 0 0 13 0 0 6 0 0 0 1 0 0 6 0 0 0 0 13 0 4 134 0 0 12 2 0 0 0 0 0 0 0 0 8 0 0 0 0 0 0 0 0 0 0 0 0 21 3 0 0 0 0 0 0 0 0 0 0 0 0 0 
 36 47 117 411 322 47 21 32 103 47 342 0 256 26 35 27 77 92 33 119 0 3 4 0 0 1 3 2 0 0 0 1 0 0 0 0 30 1 5 0 2 0 0 0 2 0 0 0 64 0 0 0 0 0 0 0 0 0 0 0 0 0 2 0 3 0 6 0 0 1 2 0 0 0 0 0 0 0 0 0 0 0 0 7 60 28 1 0 0 0 17 10 0 0 2 0 7 15 0 0 0 18 0 0 0 8 0 0 0 0 0 0 29 1 0 0 0 0 37 7 2 0 0 0 0 0 0 0 17 0 0 0 0 0 0 0 0 7 0 0 0 0 0 1 0 0 0 0 0 0 4 0 39 0 1 0 0 0 0 0 0 0 0 8 37 18 0 0 0 0 0 15 0 0 0 0 0 1 0 0 0 0 0 0 0 0 0 18 0 0 0 0 10 0 0 0 0 0 30 14 0 0 0 1 1 0 0 0 0 0 0 0 0 0 0 2 2 0 0 0 0 0 0 0 0 0 0 0 0 0 0 0 0 0 0 0 0 0 0 0 0 0 0 0 0 0 181 0 1 174 0 19 12 0 0 0 0 0 0 0 0 0 14 0 0 0 0 0 0 0 0 0 0 0 0 15 27 0 0 0 0 0 0 0 0 0 0 0 0 0 
 43 57 85 82 78 120 472 100 100 60 244 256 0 84 34 108 56 45 551 220 1 3 1 0 0 0 3 0 0 1 1 3 0 1 6 0 0 2 5 0 2 0 0 3 4 0 11 0 0 2 0 0 0 0 2 0 4 0 0 0 2 3 57 0 2 0 1 3 3 0 3 2 2 0 0 0 0 2 0 0 68 36 14 0 0 0 91 14 0 0 0 0 31 47 0 10 71 0 0 34 0 0 0 0 0 0 0 0 0 0 0 0 0 0 0 1 0 0 0 0 0 0 0 0 0 0 0 0 0 0 0 0 0 0 0 0 0 0 0 0 0 0 0 0 0 10 0 0 0 0 0 0 0 0 0 0 0 0 0 2 16 19 0 0 0 0 23 48 1 0 0 0 32 39 8 0 0 0 30 19 0 0 0 0 2 1 2 0 0 0 0 0 0 0 0 0 0 0 0 0 0 0 0 0 0 0 0 16 0 0 0 0 0 0 0 0 0 0 16 0 0 0 0 0 0 0 1 0 0 0 0 0 9 0 0 0 0 0 0 0 0 0 0 0 0 2 0 0 2 0 0 5 0 1 2 0 0 1 0 0 0 0 0 0 0 0 0 0 0 0 1 0 0 5 0 0 0 0 0 0 0 0 0 0 0 0 0 0 0 0 
 155 373 64 68 63 44 393 698 83 84 258 26 84 0 374 38 41 38 115 163 0 3 1 0 0 0 3 0 0 1 0 3 0 1 0 0 0 0 3 0 2 0 0 45 2 0 0 3 0 0 0 0 0 0 0 0 0 0 0 0 0 0 2 0 3 0 4 0 0 0 2 0 0 0 0 0 0 0 0 0 2 78 16 0 0 0 7 28 6 1 0 0 1 25 20 10 20 1 0 27 0 0 0 0 0 0 0 0 0 0 0 0 0 0 0 0 0 0 0 0 0 0 0 0 0 0 0 0 0 0 0 7 0 0 0 0 0 0 0 0 0 0 0 0 0 3 0 0 0 33 0 0 0 0 0 0 0 0 0 0 24 34 0 0 0 0 39 51 32 0 1 0 0 22 30 0 24 0 1 11 0 0 0 11 0 0 0 0 0 0 0 0 0 0 0 4 0 0 0 0 0 0 0 0 0 0 0 0 0 0 0 0 0 0 0 0 0 0 0 0 0 0 0 0 0 0 0 0 0 0 0 0 0 0 0 0 0 0 0 0 0 0 0 0 0 2 0 1 0 0 0 4 0 0 0 0 0 0 0 0 0 0 0 0 0 0 0 0 0 0 0 0 0 0 0 0 0 0 0 0 0 0 0 0 0 0 0 0 0 0 
 509 295 64 49 91 42 36 100 88 294 58 35 34 374 0 194 47 48 456 502 0 5 0 0 0 0 61 0 0 0 0 3 0 0 0 0 0 0 3 33 2 0 0 0 2 0 0 0 0 0 0 0 0 4 0 0 0 4 0 0 0 0 2 0 3 0 8 0 0 0 2 0 0 0 0 0 0 0 0 0 0 11 23 0 0 0 7 28 22 25 0 1 0 14 19 16 37 0 0 0 0 0 0 0 0 0 0 0 0 0 0 0 0 0 0 0 0 0 0 0 0 0 0 0 0 0 0 0 0 9 0 0 0 0 0 0 0 0 0 0 0 0 0 0 0 0 0 0 0 0 0 0 0 0 0 0 0 0 0 0 14 11 47 3 0 0 25 0 24 0 18 0 0 3 30 18 43 14 0 0 0 0 0 0 0 0 0 0 0 5 7 0 0 0 0 0 0 0 0 0 0 0 0 0 0 0 0 0 0 0 0 0 0 0 1 0 0 0 0 0 0 0 0 0 0 0 0 19 0 3 0 0 0 0 0 0 0 0 0 0 0 0 0 0 0 2 2 1 2 0 0 5 0 0 0 0 0 0 0 0 0 0 0 0 0 0 0 0 0 0 0 0 51 0 1 0 0 0 0 0 0 0 0 0 0 0 0 0 0 0 
 24 370 271 149 84 77 62 229 335 273 71 27 108 38 194 0 339 118 253 65 0 3 2 0 0 1 3 0 0 0 3 1 2 3 0 0 0 0 3 0 2 0 0 0 2 0 0 0 0 0 0 0 0 0 0 0 0 0 0 0 0 0 2 0 3 0 3 0 0 0 2 5 0 0 0 0 0 0 0 0 0 56 39 20 0 0 0 5 33 48 32 57 0 1 23 27 43 42 0 0 0 3 0 0 0 0 0 0 0 0 0 0 1 0 0 0 0 0 0 0 0 0 2 0 0 0 0 0 0 0 0 0 0 0 0 0 0 0 0 0 21 0 0 0 0 1 0 0 0 0 0 0 2 0 0 0 0 0 0 0 1 19 24 32 0 0 1 0 1 40 30 15 0 6 18 53 25 23 0 14 0 0 0 0 0 0 0 1 0 0 0 0 0 0 0 0 2 0 0 0 0 0 0 0 0 0 0 0 0 0 0 0 0 0 0 0 0 0 0 0 0 22 0 0 0 0 0 0 0 1 0 0 0 0 0 0 9 0 0 0 0 10 0 0 0 0 2 0 2 2 0 9 0 0 1 0 0 0 1 0 0 0 0 0 0 0 0 2 0 0 0 0 0 0 0 0 0 16 0 0 0 0 0 0 0 0 0 0 0 0 
 48 440 216 143 361 83 35 257 344 379 191 77 56 41 47 339 0 306 45 22 0 2 3 0 2 1 3 0 0 0 3 7 1 0 0 0 3 4 3 1 2 0 0 64 2 2 0 68 0 0 0 0 1 0 0 0 0 0 0 0 0 0 2 0 3 2 3 0 0 0 2 1 0 0 0 0 40 0 0 0 0 0 45 36 24 2 0 0 6 24 52 47 0 0 0 20 21 41 0 0 0 0 0 0 0 0 0 0 0 0 0 0 0 0 0 0 0 0 0 0 0 0 0 0 0 0 0 0 0 0 0 0 0 0 0 0 0 0 0 0 1 2 0 0 0 2 0 0 0 0 46 0 0 0 10 0 0 0 0 0 0 1 36 34 0 0 0 0 0 61 47 44 0 0 0 41 36 84 0 0 0 0 0 0 0 0 0 0 0 0 0 0 0 0 0 0 1 0 0 0 0 0 0 0 11 0 0 0 0 0 0 0 0 0 0 0 0 0 0 0 0 0 0 0 0 0 0 0 0 0 0 0 0 0 0 0 0 0 0 0 0 10 0 0 0 2 2 0 0 84 0 3 0 0 0 0 0 0 0 0 19 0 0 0 0 0 0 0 0 0 0 0 0 24 0 20 20 18 0 0 0 0 0 0 0 0 0 0 0 0 
 51 42 535 309 137 82 61 115 303 82 241 92 45 38 48 118 306 0 35 140 0 2 0 3 78 0 3 0 0 0 0 3 2 3 2 0 0 1 28 0 2 71 0 2 2 1 0 0 0 0 0 0 1 0 0 0 30 0 0 0 0 3 3 0 3 30 4 0 0 0 2 2 0 0 0 0 0 0 0 0 0 1 14 36 20 0 0 0 11 13 30 45 0 0 0 1 7 28 0 0 0 0 9 0 0 0 0 0 0 0 0 8 0 0 0 0 0 0 0 15 0 0 0 0 0 0 0 0 0 0 0 0 0 0 0 10 0 0 0 0 0 0 0 0 0 0 0 0 0 0 9 0 2 0 0 0 0 0 0 1 0 0 0 31 0 0 0 0 0 36 3 31 0 0 2 23 2 24 0 0 0 0 0 0 0 0 2 0 0 0 0 0 0 0 0 0 0 0 0 0 0 1 0 0 0 0 0 0 0 0 0 0 0 0 0 0 0 0 0 0 0 0 0 0 0 0 1 0 0 1 0 0 0 0 0 0 0 0 0 0 0 0 0 0 0 2 86 0 3 171 2 14 13 1 0 0 0 0 0 0 0 0 0 0 0 0 0 0 0 0 0 0 0 0 0 35 9 16 0 0 0 0 0 0 0 0 0 0 0 6 
 69 282 148 499 87 58 292 257 93 287 42 33 551 115 456 253 45 35 0 754 1 4 2 0 2 0 5 2 0 0 0 3 0 2 0 0 0 1 3 202 2 0 64 0 35 2 0 0 0 0 5 1 0 62 0 0 0 0 0 0 0 7 2 0 3 0 3 0 0 0 2 0 0 0 0 0 0 0 0 1 47 4 0 0 0 0 46 10 1 0 0 0 30 24 1 15 1 0 25 33 0 0 1 0 0 0 0 0 0 0 0 0 0 0 0 0 0 0 0 9 0 0 0 0 0 0 0 0 0 0 0 0 0 0 0 0 0 0 0 0 0 0 0 0 0 5 0 0 0 2 0 2 0 0 0 0 0 0 0 0 1 3 0 0 0 0 10 2 1 0 0 0 65 29 11 0 0 0 16 26 0 0 0 0 0 0 0 0 0 0 0 0 0 0 0 0 0 0 0 0 0 0 0 0 0 1 0 0 0 0 0 0 0 0 0 0 0 0 0 0 0 0 0 0 0 2 0 0 0 0 0 1 0 2 0 0 1 0 0 0 0 0 0 0 0 1 0 0 2 1 0 11 0 0 0 0 0 0 78 0 0 0 0 0 0 0 0 0 0 0 0 0 0 0 51 0 0 0 0 0 0 0 0 0 0 0 0 0 0 0 
 127 43 34 82 80 50 359 140 63 71 48 119 220 163 502 65 22 140 754 0 0 3 1 2 0 70 4 0 0 0 1 5 0 0 0 0 0 3 3 2 2 0 0 0 2 32 0 0 0 0 1 0 0 0 0 0 4 4 0 0 0 0 3 0 7 0 2 0 0 3 3 0 0 30 0 0 4 2 0 0 42 23 30 0 0 2 54 10 9 0 0 0 20 51 17 16 22 0 8 52 0 0 0 0 0 0 0 0 0 0 0 0 0 0 0 0 0 0 0 0 0 0 0 0 0 0 0 2 0 0 0 0 1 0 0 20 1 0 0 0 0 0 0 0 0 6 0 0 0 0 0 0 0 0 0 0 0 0 0 0 23 13 0 0 0 0 39 35 10 0 0 0 33 2 19 1 46 0 15 13 0 0 0 0 0 0 0 0 0 0 0 0 0 0 0 0 0 0 0 0 0 0 0 0 0 0 0 0 0 27 0 0 0 0 0 0 0 0 0 0 0 0 0 0 0 0 0 0 0 0 0 0 0 0 0 0 0 0 0 0 0 0 0 0 0 0 0 0 2 0 0 14 0 0 0 0 0 0 0 0 1 0 0 0 0 0 0 0 0 0 0 0 0 0 0 0 0 0 0 0 0 0 0 0 0 0 0 0 0 0 
 7 0 2 0 0 0 0 0 0 0 0 0 1 0 0 0 0 0 1 0 0 76 49 60 44 21 415 379 41 26 41 41 264 200 395 17 43 28 39 593 0 0 0 0 0 1 3 0 0 0 0 0 1 2 0 0 0 0 0 0 0 6 2 3 0 0 0 0 0 0 0 0 0 0 2 0 0 0 0 0 0 2 0 0 0 0 0 0 0 36 0 0 0 0 0 0 0 0 0 0 40 62 31 0 0 0 5 62 13 0 2 0 0 36 39 20 53 27 0 22 0 0 0 0 0 0 1 0 0 0 0 0 0 0 0 0 0 0 0 0 0 1 0 2 0 0 0 0 0 0 0 0 0 0 0 3 0 0 9 1 0 0 0 0 0 0 0 0 0 0 3 0 0 0 0 0 0 0 0 0 1 82 23 8 0 0 1 30 40 12 0 12 0 6 43 34 16 35 0 14 0 0 0 0 0 0 0 0 0 0 0 0 0 0 2 0 0 0 1 14 0 0 0 1 0 0 0 0 2 0 0 0 0 0 13 0 0 0 0 2 0 0 0 0 0 0 0 0 0 0 0 0 0 0 11 1 0 0 0 0 0 0 0 0 0 0 0 0 0 0 0 0 0 0 0 0 0 0 0 0 0 0 0 0 0 0 0 0 0 0 
 3 3 6 2 2 4 4 4 4 4 8 3 3 3 5 3 2 2 4 3 76 0 324 73 46 45 86 307 193 50 30 297 41 66 293 294 499 41 281 62 0 1 63 0 0 0 3 0 0 0 0 0 0 2 0 0 0 0 0 0 0 0 3 3 0 2 0 0 0 0 0 0 0 0 3 0 0 0 0 0 0 0 0 0 0 0 0 0 0 0 0 0 0 0 0 0 0 0 0 0 0 17 22 33 0 0 0 0 2 33 30 21 0 0 19 36 20 34 1 0 0 0 0 0 0 0 0 2 0 0 0 0 0 0 0 0 0 0 0 0 0 0 0 0 0 0 0 0 0 0 0 0 0 0 4 0 0 0 3 0 0 0 0 2 0 0 0 0 0 0 0 0 0 0 0 0 0 0 0 0 0 10 31 75 11 0 0 0 42 52 1 24 0 0 28 49 10 26 0 0 0 0 0 0 0 0 0 0 0 0 2 0 0 0 0 0 0 0 0 1 0 0 0 0 0 0 19 1 0 0 0 0 0 0 0 0 0 0 0 0 0 0 0 0 0 0 0 0 0 0 0 0 0 0 5 0 0 0 0 2 4 3 0 0 0 0 8 0 0 0 0 0 0 0 0 0 2 0 0 0 0 14 0 0 0 0 10 0 0 2 
 0 1 5 0 1 3 2 2 2 0 0 4 1 1 0 2 3 0 2 1 49 324 0 105 56 27 81 101 162 282 38 252 45 60 295 155 105 270 85 266 0 0 2 1 1 2 3 0 0 0 0 0 0 2 0 0 0 0 0 0 0 0 2 5 0 59 0 7 0 0 0 0 2 0 2 0 0 0 8 2 0 0 0 0 0 0 0 0 0 0 0 0 0 0 0 0 0 0 0 0 0 2 19 17 3 0 13 0 24 56 31 50 0 0 9 19 12 20 0 0 0 0 0 0 0 0 0 0 0 0 0 0 0 0 0 0 0 0 0 0 0 0 0 0 0 16 1 14 0 0 0 0 0 0 0 0 0 0 0 0 0 0 0 0 0 0 0 0 0 0 3 0 0 0 0 0 0 0 0 0 0 0 9 25 14 0 0 0 9 42 24 23 0 0 5 17 25 30 0 0 0 0 0 0 0 17 0 0 7 0 0 0 0 0 0 0 0 0 0 0 0 0 0 0 0 0 0 0 0 0 0 0 0 0 0 0 0 0 0 0 0 0 0 0 0 0 0 0 0 0 0 0 0 0 3 2 2 1 3 0 0 0 0 0 0 0 9 0 0 0 0 0 0 0 0 0 0 0 0 0 0 9 0 0 0 0 11 6 0 0 
 0 0 0 0 0 0 0 0 0 0 0 0 0 0 0 0 0 3 0 2 60 73 105 0 99 59 541 60 112 407 132 305 57 283 87 64 261 564 62 284 0 0 0 0 0 6 3 0 0 0 0 0 0 2 0 0 0 0 0 0 0 0 33 3 0 1 0 0 0 0 0 0 0 0 3 0 0 0 4 0 0 0 0 0 0 6 0 0 0 0 0 0 0 0 0 0 0 0 0 0 0 1 3 10 24 19 0 0 1 15 12 33 0 0 0 0 0 14 0 0 0 0 0 0 0 0 0 0 0 0 0 0 16 0 0 0 0 0 22 0 0 2 6 0 0 14 0 0 0 9 0 0 0 0 12 0 0 5 0 0 0 0 0 0 0 0 0 0 0 0 0 12 0 0 0 0 0 0 0 0 0 0 0 1 61 0 0 0 0 0 37 18 0 0 0 0 15 0 0 0 0 0 0 0 0 0 0 0 0 0 0 0 2 0 0 0 0 0 46 14 0 0 0 0 0 0 0 0 0 0 0 0 0 0 0 0 0 0 0 0 0 0 9 0 0 2 0 0 0 0 0 0 0 0 9 0 0 79 85 2 9 16 0 0 0 0 0 1 0 0 0 0 0 0 0 0 0 0 0 0 0 1 0 0 0 0 2 0 0 0 
 0 0 1 0 0 0 0 2 1 0 3 0 0 0 0 0 2 78 2 0 44 46 56 99 0 366 278 49 72 90 86 324 61 49 73 47 277 123 232 279 0 1 0 0 3 3 3 0 0 6 0 3 0 4 1 0 0 36 0 3 0 0 4 17 3 1 2 2 1 3 0 0 0 0 3 0 0 0 3 0 0 0 0 0 0 0 0 0 0 0 0 0 0 0 0 0 0 0 1 0 0 0 0 1 4 45 0 0 0 1 0 2 0 0 0 0 0 0 0 0 1 0 0 0 0 0 36 0 0 0 0 0 51 42 1 0 0 18 73 26 0 0 0 0 1 0 0 0 0 0 0 0 0 0 27 0 0 4 0 0 5 0 6 1 0 13 0 0 2 0 0 10 0 0 0 4 0 0 0 8 0 0 0 0 0 45 0 0 0 0 23 2 0 0 0 9 0 0 0 0 0 10 0 0 0 0 22 1 0 0 1 0 31 1 0 0 0 0 17 25 1 0 0 0 0 0 17 0 0 0 0 0 0 7 0 0 0 0 0 0 0 0 52 0 0 0 0 0 0 0 0 0 0 0 6 0 2 5 3 3 3 0 0 0 0 0 0 0 0 0 0 0 0 0 0 0 1 0 0 0 0 1 0 0 0 0 0 0 0 6 
 0 1 0 0 0 1 0 0 0 0 0 1 0 0 0 1 1 0 0 70 21 45 27 59 366 0 229 51 43 63 87 71 55 274 46 64 37 261 35 71 0 0 1 0 0 0 3 0 0 3 0 0 0 2 0 0 0 0 188 0 0 0 4 3 0 2 0 0 0 0 0 0 0 21 54 0 0 0 0 0 0 0 0 0 0 0 0 0 0 0 0 0 0 1 0 0 0 0 0 0 0 12 0 16 0 25 0 0 0 0 0 0 1 0 0 0 0 0 0 2 18 0 0 0 0 0 33 12 0 0 0 0 54 27 3 2 0 2 43 39 0 0 0 0 0 0 0 0 0 0 0 0 0 0 0 0 0 0 0 0 12 0 0 0 0 6 0 0 4 0 0 0 0 0 0 5 0 0 0 5 0 0 0 0 0 51 0 0 0 0 10 0 9 0 0 0 0 0 0 0 0 11 0 0 0 0 35 1 0 1 0 0 32 2 12 1 0 0 0 52 0 0 0 0 0 0 11 2 0 1 0 0 0 0 0 0 0 0 0 0 0 0 7 0 0 2 0 0 0 0 0 0 0 0 7 1 4 0 0 2 3 0 0 0 0 0 0 0 0 0 0 0 0 0 0 0 0 0 0 0 0 0 0 0 0 0 0 0 0 0 
 3 3 3 3 3 3 3 5 3 78 7 3 3 3 61 3 3 3 5 4 415 86 81 541 278 229 0 92 47 250 33 238 385 583 256 126 45 42 68 432 0 1 0 0 0 0 4 0 62 0 2 0 65 2 0 0 0 2 0 0 2 0 2 3 0 1 0 0 0 0 0 0 0 0 1 0 0 0 0 0 0 0 0 0 0 9 0 0 0 0 0 0 23 0 0 0 0 0 0 0 46 11 11 0 0 0 28 37 44 0 0 0 1 36 33 0 44 1 0 6 0 0 0 0 0 0 0 0 0 0 0 0 0 0 0 0 0 0 0 16 0 0 0 0 0 0 0 0 0 0 0 0 0 0 0 15 0 0 1 0 16 0 0 0 0 0 21 16 0 0 0 0 0 0 0 0 0 0 0 4 7 44 10 0 0 0 37 39 12 14 0 0 1 10 21 28 19 11 0 12 0 0 0 0 0 0 0 0 0 0 0 0 0 0 0 0 0 0 0 0 0 0 0 0 0 0 0 0 0 0 0 0 0 0 0 0 0 0 0 0 0 0 0 0 0 28 0 0 0 0 0 0 0 0 2 0 0 0 0 1 4 0 0 0 0 0 0 0 0 0 0 0 0 0 0 0 0 0 0 0 0 1 0 0 0 0 0 0 0 0 
 0 0 2 0 1 0 0 0 0 0 77 2 0 0 0 0 0 0 2 0 379 307 101 60 49 51 92 0 140 49 36 127 62 394 289 292 48 41 57 59 0 0 0 0 0 0 3 204 0 0 0 2 0 2 2 0 0 0 0 2 3 0 3 3 0 50 0 2 0 0 0 0 2 0 6 0 0 0 1 0 0 0 0 0 0 0 0 0 0 0 0 0 0 0 0 0 0 0 0 0 0 55 37 0 12 0 0 10 94 34 17 16 0 10 32 47 42 35 0 0 0 0 0 2 0 0 0 50 0 0 0 0 0 0 0 0 0 0 0 0 0 0 0 0 0 0 0 2 0 0 0 0 0 0 0 0 0 0 6 0 0 0 0 0 0 8 0 0 0 0 6 0 0 0 0 0 0 0 0 0 0 14 55 48 1 0 0 9 59 34 0 8 1 10 26 68 43 61 0 0 0 0 0 0 0 0 0 0 0 7 0 0 0 0 0 0 0 0 0 0 0 0 2 0 0 0 0 0 0 0 0 10 0 0 0 0 0 0 0 0 0 0 1 0 0 0 0 0 0 0 0 0 0 0 21 1 0 0 0 2 0 0 9 0 0 0 0 0 0 0 0 0 0 0 0 0 0 0 0 0 0 9 0 0 0 0 0 23 0 0 
 0 0 0 2 1 1 0 0 0 2 0 0 0 0 0 0 0 0 0 0 41 193 162 112 72 43 47 140 0 316 45 168 50 70 210 208 133 255 68 65 0 0 0 1 0 3 6 3 206 0 0 0 0 5 0 0 0 0 0 2 0 0 4 3 0 46 52 0 1 0 0 0 2 0 5 0 1 1 4 0 14 0 0 0 0 0 0 0 0 0 0 0 0 0 0 0 0 0 0 0 12 7 14 40 1 0 0 0 23 38 59 45 0 0 17 34 12 74 0 0 0 0 0 0 0 0 10 0 0 0 0 0 0 0 0 0 0 0 0 0 0 0 0 0 0 18 0 0 0 0 0 0 0 0 0 0 0 0 9 0 0 0 0 0 0 0 0 0 0 0 0 0 6 0 0 0 0 0 0 0 12 16 17 105 13 0 0 0 23 59 70 16 0 0 0 21 31 40 0 0 0 0 0 0 0 0 0 0 0 0 0 0 0 0 0 0 0 16 0 0 0 0 0 16 0 0 0 0 0 0 0 0 0 0 0 0 0 0 0 0 0 0 0 0 0 0 0 0 1 0 0 0 0 0 11 0 2 6 3 1 0 9 0 0 0 0 5 0 0 0 0 0 0 0 1 0 0 0 0 0 0 20 0 0 0 0 1 0 0 0 
 202 0 2 2 0 0 2 0 2 1 2 0 1 1 0 0 0 0 0 0 26 50 282 407 90 63 250 49 316 0 411 92 38 76 98 425 388 222 270 78 0 0 0 0 1 6 3 65 0 0 0 0 0 2 0 0 0 0 0 0 0 0 54 4 1 1 0 0 0 0 0 67 0 0 0 0 0 9 4 0 0 0 0 2 0 0 0 0 0 0 14 0 0 0 0 0 0 0 1 0 0 0 19 47 43 0 0 0 0 27 51 44 0 0 0 0 14 11 0 0 0 0 0 0 0 0 0 0 0 0 0 0 1 0 0 0 0 0 7 0 0 0 6 0 0 12 0 0 0 0 0 0 0 0 3 0 18 13 1 0 0 0 0 25 0 0 1 0 0 0 0 0 0 0 0 0 0 0 0 0 0 14 35 19 58 1 0 2 9 48 11 56 0 0 0 27 27 0 0 0 0 0 0 0 0 0 0 0 0 0 0 0 0 0 0 0 0 0 55 1 1 0 0 0 0 0 2 0 0 0 0 0 0 0 0 0 0 0 0 0 0 0 0 0 0 0 0 0 0 0 0 0 0 0 1 0 0 154 152 3 30 13 0 0 0 0 14 0 0 0 0 0 0 1 0 0 0 0 0 0 0 9 0 0 0 0 9 0 0 0 
 0 0 1 0 0 0 0 0 0 0 0 0 1 0 0 3 3 0 0 1 41 30 38 132 86 87 33 36 45 411 0 297 28 46 69 284 97 338 35 55 0 0 0 0 0 1 51 0 0 0 0 0 0 2 0 0 0 0 0 0 0 0 29 3 0 1 0 0 0 0 0 2 0 0 3 0 0 0 3 0 0 0 0 0 0 0 0 0 0 0 0 0 2 0 0 1 0 0 0 0 0 3 0 20 18 12 0 0 0 43 10 43 0 0 0 0 0 16 0 0 0 0 0 0 0 0 0 0 0 0 0 0 1 0 0 6 0 0 14 0 0 0 11 2 0 51 0 0 2 0 0 0 0 0 10 0 0 14 0 1 10 0 0 0 0 0 0 0 0 0 0 6 0 0 0 0 0 0 0 0 0 0 5 0 52 1 0 0 0 0 49 23 14 0 1 0 12 0 0 0 0 0 0 2 0 0 0 0 0 0 0 0 0 0 0 0 0 0 40 0 0 0 0 0 0 0 0 0 0 0 0 0 0 0 0 0 0 0 0 0 0 0 7 0 0 0 0 0 0 0 0 0 0 0 156 1 0 50 48 2 3 14 0 0 0 0 0 0 0 0 0 0 0 0 0 0 0 0 0 0 0 0 0 0 2 0 0 0 0 0 
 3 1 2 4 3 3 3 3 2 4 4 1 3 3 3 1 7 3 3 5 41 297 252 305 324 71 238 127 168 92 297 0 37 48 760 137 175 57 41 17 0 0 0 61 208 0 3 0 0 0 0 0 0 2 0 0 0 1 0 0 0 0 3 3 0 3 1 0 0 0 0 0 0 0 3 0 0 0 0 0 0 0 0 0 0 0 0 0 0 0 0 0 0 0 0 0 0 0 0 0 10 27 0 38 55 9 0 0 1 26 21 15 0 0 1 22 6 14 0 0 0 0 0 0 0 0 8 0 0 0 0 0 16 0 0 0 0 0 46 0 0 0 0 0 0 0 0 0 0 0 0 0 0 0 29 0 0 0 1 0 0 0 0 0 0 0 0 0 0 0 1 3 16 0 0 2 0 0 10 0 0 9 0 7 41 19 0 0 25 20 15 9 0 0 0 0 0 0 0 0 0 0 0 0 0 0 0 0 0 0 0 0 0 0 0 0 0 0 50 17 0 0 25 13 0 0 0 0 0 0 0 0 0 0 0 0 0 0 0 0 0 0 11 0 0 0 0 0 0 0 0 0 0 0 4 6 2 75 148 0 15 0 0 0 0 0 0 0 0 0 0 0 0 0 0 0 0 0 0 0 0 27 0 0 0 0 0 0 0 0 
 0 0 2 0 1 2 0 0 0 0 0 0 0 0 0 2 1 2 0 0 264 41 45 57 61 55 385 62 50 38 28 37 0 50 56 33 28 15 395 376 0 0 2 0 0 0 10 0 63 0 0 0 0 2 0 0 0 0 0 0 0 0 3 3 0 0 0 0 0 0 0 0 0 0 3 0 0 0 0 0 0 0 0 0 0 9 0 0 0 0 0 0 0 0 0 0 0 0 0 0 38 0 0 0 0 0 33 71 20 0 0 0 20 31 44 0 2 0 0 52 0 0 0 0 0 1 0 0 0 0 14 0 0 0 0 0 0 0 0 0 0 0 0 0 0 0 0 0 0 0 0 0 0 0 0 9 0 0 0 0 0 0 0 0 0 0 0 0 12 0 0 0 0 0 0 0 0 0 0 0 46 28 0 0 0 0 43 50 0 0 0 0 16 19 21 16 0 1 0 29 0 0 0 0 0 0 0 0 0 0 0 0 0 0 0 0 0 0 0 0 0 0 0 0 0 0 0 0 0 0 0 0 0 4 0 0 0 0 0 0 0 0 0 0 0 0 0 0 0 0 0 2 0 0 17 0 2 0 0 2 0 0 0 0 0 0 0 0 0 0 0 0 0 0 0 0 0 0 0 0 0 0 0 0 2 0 0 0 0 0 
 0 0 2 0 0 2 0 0 0 0 0 0 1 1 0 3 0 3 2 0 200 66 60 283 49 274 583 394 70 76 46 48 50 0 383 50 29 28 81 575 0 3 0 0 0 2 3 35 0 0 0 0 0 2 0 0 0 0 0 2 0 0 2 3 0 0 0 0 0 0 0 0 2 0 3 0 0 0 0 0 0 0 0 0 0 1 0 0 0 1 0 0 0 0 0 0 0 0 0 0 64 25 40 0 0 0 10 65 3 1 0 1 0 16 70 32 72 30 0 26 0 0 0 1 0 0 0 0 0 0 0 0 0 0 0 0 0 0 0 0 0 0 0 0 0 0 0 1 0 0 0 0 0 0 0 5 0 18 5 24 0 0 0 0 0 0 0 0 0 0 3 0 0 0 0 0 0 0 0 1 2 41 21 5 1 26 0 41 49 15 0 0 0 7 56 59 19 30 0 35 0 0 0 0 0 0 0 0 0 11 0 0 0 0 0 0 0 0 0 0 0 0 0 0 0 0 0 0 0 0 0 1 0 0 0 0 0 0 0 0 0 0 2 0 0 0 0 0 0 0 0 0 0 0 11 0 0 0 0 2 1 0 0 0 0 0 0 0 0 0 0 0 0 0 0 0 0 0 0 0 0 0 0 0 0 0 1 0 0 0 
 0 0 3 0 0 0 0 0 0 0 1 0 6 0 0 0 0 2 0 0 395 293 295 87 73 46 256 289 210 98 69 760 56 383 0 109 55 249 64 112 63 62 0 0 0 0 3 0 0 22 0 0 0 2 0 0 0 0 0 0 0 0 3 3 3 50 0 0 0 0 0 3 0 0 3 0 0 0 1 0 0 0 0 0 0 0 0 0 0 0 0 0 0 0 0 0 0 0 0 0 0 53 40 0 0 0 20 10 64 31 21 12 0 10 31 40 44 52 0 0 0 0 0 0 0 0 0 0 0 0 0 0 0 0 0 0 0 0 0 0 0 0 0 0 0 0 0 0 0 0 0 0 0 0 0 0 0 0 15 0 12 0 0 0 0 0 0 0 0 0 5 0 0 0 15 0 0 18 0 0 0 18 35 55 1 0 0 9 38 30 0 2 0 10 28 63 54 58 0 2 0 0 0 0 0 0 0 0 0 0 0 0 0 0 0 0 0 0 0 0 0 1 0 0 0 0 0 0 0 0 0 0 0 0 0 0 0 0 0 0 0 0 36 0 0 0 0 0 0 0 0 0 0 0 11 0 0 0 0 0 1 0 0 0 0 0 0 0 0 0 0 0 0 0 0 0 0 0 0 0 0 9 0 0 0 0 0 0 0 0 
 0 0 5 0 0 0 0 0 0 0 1 0 0 0 0 0 0 0 0 0 17 294 155 64 47 64 126 292 208 425 284 137 33 50 109 0 401 339 35 55 0 0 0 0 0 2 3 0 0 0 0 0 0 2 0 0 0 0 0 1 0 0 4 3 0 55 0 0 0 0 0 0 0 0 2 0 0 0 5 0 0 0 0 0 0 0 0 0 0 0 0 16 0 0 0 0 0 0 0 0 0 31 20 47 9 0 0 1 18 47 32 61 0 1 10 39 8 17 0 2 0 0 0 0 0 0 0 0 0 0 0 0 1 0 0 2 0 0 0 0 0 0 25 0 0 15 0 0 1 0 0 0 0 0 0 0 0 0 0 0 0 0 0 0 0 0 0 3 0 0 2 0 0 0 0 0 0 2 7 0 0 0 16 81 23 0 0 0 4 32 17 47 0 0 2 7 22 25 0 0 0 0 2 0 0 0 0 0 7 2 0 0 0 0 0 0 0 0 0 0 0 0 0 0 0 0 0 2 0 0 0 0 0 0 0 0 0 0 0 0 0 0 0 0 0 0 0 0 0 0 0 0 0 14 7 0 1 3 5 2 0 18 0 0 0 0 19 0 0 0 0 0 0 0 0 0 0 0 0 0 0 26 0 0 0 0 3 0 0 0 
 0 0 0 0 1 0 2 1 1 0 36 30 0 0 0 0 3 0 0 0 43 499 105 261 277 37 45 48 133 388 97 175 28 29 55 401 0 387 44 39 0 0 0 0 0 2 6 3 68 0 0 0 0 67 2 0 0 0 0 17 0 0 6 3 0 48 0 0 1 0 50 0 0 0 3 0 1 1 4 0 0 0 0 2 1 0 1 0 0 0 0 0 0 0 8 0 0 0 1 0 0 39 14 31 10 3 0 0 45 43 45 74 0 0 10 35 5 27 0 0 2 0 0 0 0 14 0 0 0 0 0 0 0 0 0 0 0 0 0 0 0 0 18 0 0 31 0 0 0 0 0 0 1 0 0 1 0 0 0 0 0 0 0 0 0 0 0 0 0 0 0 0 0 0 0 0 0 0 0 0 0 0 8 58 25 0 0 25 4 43 19 33 0 0 1 18 24 30 0 0 0 0 0 0 0 0 1 0 0 0 0 0 0 0 0 0 0 0 0 0 0 0 0 0 0 0 0 0 0 0 0 0 0 0 0 0 0 0 0 0 0 0 0 0 0 0 0 0 0 0 0 1 73 28 9 0 1 0 9 1 2 12 0 0 0 0 9 0 0 0 0 0 0 0 0 0 0 0 0 0 0 31 0 0 0 0 2 0 0 0 
 1 1 3 2 2 0 0 0 0 2 0 1 2 0 0 0 4 1 1 3 28 41 270 564 123 261 42 41 255 222 338 57 15 28 249 339 387 0 45 38 0 0 0 0 2 11 3 0 0 0 2 0 0 2 0 64 0 0 206 0 0 0 55 3 0 8 0 0 3 3 0 0 0 0 4 2 0 6 5 0 0 0 0 0 0 0 0 0 0 0 12 0 0 0 2 0 0 0 0 0 0 12 23 48 37 25 0 0 14 49 49 38 0 0 1 0 17 10 0 0 0 0 0 0 0 0 0 0 0 0 0 0 1 0 0 12 0 0 0 0 0 0 23 0 0 9 0 0 0 0 0 0 0 0 0 0 19 0 0 0 0 0 0 0 0 0 0 0 0 0 0 0 0 0 0 0 0 0 0 0 12 0 28 11 51 0 0 13 6 25 20 56 0 0 0 15 13 0 0 0 0 0 0 0 0 0 0 0 0 0 0 0 0 0 0 0 0 0 55 0 0 0 0 0 0 0 0 0 0 0 0 0 0 13 0 0 0 0 0 0 0 0 1 0 0 1 0 0 0 0 0 0 0 3 10 1 0 147 157 16 13 19 0 0 0 0 11 0 0 0 3 0 0 0 0 0 0 0 0 0 0 14 0 0 0 0 15 0 0 0 
 3 5 3 3 3 330 3 3 4 3 8 5 5 3 3 3 3 28 3 3 39 281 85 62 232 35 68 57 68 270 35 41 395 81 64 35 44 45 0 109 0 0 0 0 0 0 9 0 0 2 0 0 2 4 0 0 0 0 0 3 0 0 2 3 3 0 0 0 0 5 0 0 0 0 2 0 0 0 0 0 0 1 0 0 0 39 0 0 0 0 2 0 0 0 2 0 0 0 0 0 9 0 0 0 14 0 62 5 20 0 0 0 17 83 15 0 5 0 25 14 0 0 0 0 0 0 2 0 0 0 0 0 0 0 0 0 0 0 0 0 0 0 2 0 0 0 0 0 0 0 0 0 0 0 0 1 0 11 0 0 0 0 0 0 0 12 0 0 0 2 0 0 0 0 0 0 0 0 0 0 41 6 1 0 0 0 50 23 0 0 0 0 29 40 1 0 7 0 28 12 0 0 0 0 0 0 0 0 0 0 0 0 0 0 0 0 0 0 0 0 0 0 0 10 0 0 0 0 1 0 0 0 0 0 0 0 0 0 0 1 0 0 0 0 0 0 0 0 0 0 0 0 0 0 7 0 2 0 0 1 0 1 0 0 0 0 0 0 0 0 0 0 0 0 0 0 0 0 0 0 0 0 0 0 0 0 0 0 0 0 
 204 0 0 0 3 0 0 0 0 0 1 0 0 0 33 0 1 0 202 2 593 62 266 284 279 71 432 59 65 78 55 17 376 575 112 55 39 38 109 0 3 3 0 3 0 0 4 2 0 0 0 0 0 2 2 0 0 4 2 0 0 0 3 3 0 0 0 0 0 0 0 0 0 0 3 3 2 0 2 0 0 0 0 0 0 0 0 2 0 0 0 14 0 0 0 0 0 0 0 0 26 10 39 0 0 0 12 68 36 0 0 0 0 20 40 0 23 1 0 39 0 0 0 0 0 0 0 0 0 16 0 0 0 0 1 0 0 4 0 0 0 0 0 0 0 0 2 0 0 0 0 2 0 0 0 5 0 0 2 0 0 0 0 0 0 0 0 0 0 0 0 0 0 0 0 0 0 15 0 0 18 93 20 0 0 0 37 35 1 0 8 0 0 12 17 55 17 19 0 8 0 0 0 0 0 0 0 0 0 0 0 0 0 0 0 0 0 0 0 0 0 2 0 0 0 0 0 0 0 0 3 0 7 0 0 0 0 0 0 0 0 0 0 0 0 0 0 0 0 0 0 0 0 0 8 1 0 0 0 2 0 4 0 0 0 0 0 0 0 0 0 0 0 0 0 0 0 0 0 0 0 0 0 0 0 0 0 0 0 0 
 23 2 4 2 2 2 2 5 2 2 2 2 2 2 2 2 2 2 2 2 0 0 0 0 0 0 0 0 0 0 0 0 0 0 63 0 0 0 0 3 0 88 108 62 44 242 358 272 261 31 52 303 59 184 645 241 68 21 71 49 0 0 1 50 0 2 0 0 0 0 0 1 0 6 0 0 0 0 0 0 0 0 0 0 0 0 0 0 0 0 0 0 0 0 0 0 0 0 0 0 0 0 0 0 0 0 23 0 0 0 0 0 0 0 0 0 0 0 0 0 7 62 46 3 0 0 0 22 27 20 0 0 0 0 54 30 38 0 0 0 0 0 0 0 0 0 0 0 0 0 0 0 0 0 0 0 0 0 0 0 0 0 0 0 0 0 7 22 0 0 0 0 0 0 0 0 0 0 0 0 0 0 0 0 13 0 0 0 0 0 0 0 0 0 0 0 0 0 0 0 41 58 22 10 0 0 0 18 42 7 0 0 9 45 39 24 6 0 0 1 0 0 0 0 0 0 0 0 9 0 0 0 0 0 0 0 0 0 0 0 0 0 0 0 0 0 0 0 0 20 0 3 0 2 0 0 0 0 0 0 0 0 1 0 2 14 0 0 2 0 0 0 0 0 0 0 0 0 0 0 0 0 0 0 0 0 0 0 0 0 
 21 0 0 0 0 3 0 0 0 0 0 0 0 0 0 0 0 71 0 0 0 1 0 0 1 0 1 0 0 0 0 0 0 3 62 0 0 0 0 3 88 0 296 271 33 86 48 295 260 56 29 40 263 123 263 285 279 56 45 41 2 0 1 52 0 2 0 0 0 0 0 0 0 4 2 0 0 0 0 0 0 0 0 0 0 0 0 0 0 0 0 0 0 0 0 0 0 0 0 0 0 0 0 0 0 0 0 0 0 0 0 0 0 0 0 0 0 0 0 16 1 1 7 3 0 0 0 11 22 35 31 0 0 0 0 23 1 9 0 0 1 0 0 0 0 0 0 0 0 0 0 0 0 0 0 0 0 0 0 0 0 0 0 0 0 0 4 0 0 0 2 0 0 0 0 0 0 18 0 0 0 0 0 0 0 0 0 0 0 0 0 0 0 0 0 0 0 0 0 0 6 1 23 38 0 0 0 2 36 52 33 0 0 1 10 85 25 19 0 0 0 0 0 0 0 0 0 0 0 0 0 0 0 0 0 0 0 0 0 0 0 0 12 0 0 0 0 0 0 0 0 12 0 0 0 0 0 0 0 3 0 0 1 0 3 12 2 0 0 0 0 0 0 0 0 0 0 0 0 0 0 0 0 0 0 0 0 0 1 0 
 0 0 0 0 0 0 0 3 0 0 12 0 0 0 0 0 0 0 64 0 0 63 2 0 0 1 0 0 0 0 0 0 2 0 0 0 0 0 0 0 108 296 0 142 482 40 52 189 493 752 31 32 71 323 55 139 92 553 28 20 0 3 2 2 0 1 2 0 0 0 0 0 0 0 0 0 0 0 0 0 0 0 0 0 0 0 0 0 0 0 0 0 0 0 0 0 0 0 0 0 0 0 0 0 0 0 0 0 0 0 6 0 0 0 0 0 0 0 0 0 3 1 0 37 1 0 5 6 6 38 24 38 0 0 6 14 0 29 0 3 2 0 0 0 0 0 0 0 0 0 0 0 0 0 0 0 0 0 0 0 0 0 0 0 0 0 0 0 0 0 0 0 0 0 0 0 0 0 0 0 0 0 0 0 0 0 0 0 0 0 0 0 0 0 0 0 0 0 0 0 17 4 14 25 0 11 3 4 9 34 27 11 0 4 3 35 37 41 0 7 0 0 0 0 0 0 0 0 0 0 0 0 0 0 0 0 0 0 0 0 0 0 7 0 0 0 0 0 0 0 0 2 0 2 0 0 0 0 28 18 0 0 3 1 0 0 0 1 0 1 0 0 0 0 0 0 0 0 0 0 0 0 0 0 0 10 0 0 0 0 
 0 0 0 0 3 0 0 0 0 0 4 0 3 45 0 0 64 2 0 0 0 0 1 0 0 0 0 0 1 0 0 61 0 0 0 0 0 0 0 3 62 271 142 0 118 260 72 80 89 503 124 254 273 95 325 45 40 260 47 81 0 0 2 0 1 1 1 0 0 0 0 0 0 0 0 0 0 0 3 5 0 10 0 0 0 0 0 0 0 0 0 0 0 0 0 0 0 0 0 0 0 0 0 0 0 0 0 0 0 0 0 0 0 0 0 0 0 0 0 0 0 0 0 68 47 16 0 0 0 19 0 32 0 0 0 1 0 18 0 0 9 0 0 0 0 0 28 0 0 0 0 0 1 0 0 0 0 0 26 9 0 0 0 0 0 0 0 0 0 1 0 0 0 0 0 0 0 0 0 0 0 0 0 0 0 0 0 0 0 0 0 0 0 0 0 0 0 0 0 0 0 0 0 0 3 14 0 0 0 0 12 60 0 0 0 0 0 14 0 0 0 0 0 0 0 0 3 0 0 0 0 0 1 0 3 1 1 0 23 3 0 0 0 0 0 0 0 0 0 0 0 9 0 0 0 1 0 0 0 4 0 0 37 36 0 4 3 8 0 0 10 0 0 0 0 0 0 0 0 0 0 0 0 16 11 18 0 0 1 0 
 2 2 2 2 2 2 2 2 2 2 10 2 4 2 2 2 2 2 35 2 0 0 1 0 3 0 0 0 0 1 0 208 0 0 0 0 0 2 0 0 44 33 482 118 0 276 30 76 290 66 116 274 261 273 72 74 41 48 49 76 0 0 2 1 29 0 0 0 0 0 8 0 0 5 0 0 0 0 0 0 0 0 0 0 0 0 0 0 0 0 0 0 0 0 0 0 0 0 0 0 0 0 0 0 0 0 0 0 0 0 0 0 0 0 0 0 0 0 0 3 0 0 0 0 26 43 0 0 0 0 1 0 0 0 0 0 0 0 0 25 22 0 0 0 0 0 20 1 2 0 0 0 15 9 3 0 0 0 40 29 0 7 0 0 0 0 0 0 0 15 0 0 0 0 0 0 0 0 0 0 0 0 0 0 0 0 0 0 0 0 0 0 0 0 0 0 0 0 0 0 0 0 0 1 30 20 0 0 0 0 1 3 0 0 6 0 0 0 0 0 1 0 0 0 0 0 25 0 0 0 0 0 72 0 1 0 0 0 29 8 0 0 0 0 0 0 0 0 0 0 0 0 1 0 0 0 0 0 0 0 0 19 11 2 0 4 0 1 1 0 1 0 0 0 51 0 0 0 0 0 0 2 0 0 1 0 0 0 2 0 
 0 0 0 0 0 0 0 0 1 0 2 0 0 0 0 0 2 1 2 32 1 0 2 6 3 0 0 0 3 6 1 0 0 2 0 2 2 11 0 0 242 86 40 260 276 0 35 53 58 57 59 62 38 47 216 58 68 55 103 42 0 0 3 0 2 3 3 213 0 0 4 3 7 0 6 0 1 3 145 0 0 21 0 0 0 0 0 7 0 0 0 0 0 0 0 0 0 0 0 0 0 0 3 9 4 18 0 0 0 0 10 3 0 0 0 0 0 1 0 0 0 0 0 0 34 19 0 0 0 1 0 0 1 0 0 0 0 1 0 0 20 0 0 0 0 0 0 0 19 0 0 0 16 24 2 28 0 0 18 22 0 6 0 0 0 0 0 0 0 4 0 0 0 0 5 0 0 0 0 0 0 0 0 0 5 0 0 0 0 4 0 2 0 0 0 0 4 0 0 0 0 0 0 0 25 23 0 0 0 0 0 0 0 0 6 1 0 0 2 0 19 0 0 9 0 0 36 0 0 1 0 0 36 3 20 0 0 0 20 36 0 2 2 0 0 0 0 1 0 2 0 9 0 0 0 0 0 1 1 8 0 1 1 0 0 6 6 0 0 0 0 0 0 0 0 0 0 0 0 0 0 0 0 0 0 0 0 0 1 2 
 1 0 3 0 0 6 0 0 0 0 2 0 11 0 0 0 0 0 0 0 3 3 3 3 3 3 4 3 6 3 51 3 10 3 3 3 6 3 9 4 358 48 52 72 30 35 0 77 44 37 50 32 303 205 50 48 47 44 48 251 0 0 2 0 0 1 0 0 0 0 0 0 0 4 22 0 0 0 0 0 0 0 0 0 0 6 0 0 0 0 0 0 0 0 14 0 0 0 0 0 2 0 0 0 0 0 9 0 0 0 0 0 7 8 9 0 0 0 7 1 45 56 11 0 0 0 7 24 9 0 0 0 0 19 24 9 42 0 0 18 0 0 0 0 0 0 0 0 2 0 0 0 0 0 0 0 0 0 0 0 0 0 0 0 0 0 0 0 1 0 0 0 0 0 0 0 0 0 0 0 6 2 0 0 0 0 5 0 0 0 0 0 0 9 0 0 0 0 0 0 33 48 10 3 0 0 13 26 23 0 0 0 12 20 3 0 0 0 0 0 0 0 0 0 0 0 0 0 0 0 0 0 0 0 0 0 0 0 0 0 0 0 0 0 0 0 0 0 0 31 0 4 0 1 0 0 0 0 0 0 0 0 0 0 0 2 2 0 0 0 0 0 0 0 0 0 0 0 0 0 0 0 0 0 0 0 0 0 2 0 
 12 0 2 12 3 0 0 0 0 0 2 0 0 3 0 0 68 0 0 0 0 0 0 0 0 0 0 204 3 65 0 0 0 35 0 0 3 0 0 2 272 295 189 80 76 53 77 0 174 45 55 40 58 258 200 58 108 44 43 38 0 52 7 25 0 1 0 0 0 0 0 0 0 7 0 0 0 6 0 0 0 0 0 0 0 0 0 0 0 0 0 0 0 0 0 0 0 0 11 0 0 0 0 0 0 0 0 0 0 0 0 0 0 0 0 0 0 0 0 0 0 20 20 31 32 5 0 54 42 14 15 1 0 0 14 23 16 14 0 0 7 0 0 0 0 0 0 0 0 0 0 0 0 0 0 0 0 0 5 4 0 0 0 24 0 0 13 0 0 0 0 0 0 0 0 0 0 0 0 0 0 0 0 0 0 0 0 0 0 0 0 0 0 0 0 0 0 0 0 0 21 33 19 23 2 6 0 10 34 67 10 12 0 0 13 37 34 26 0 0 0 0 0 0 0 0 0 0 0 0 0 0 0 0 0 0 0 0 15 0 0 0 0 0 0 0 0 0 0 0 0 11 0 1 0 0 0 0 0 59 0 0 0 0 0 21 2 0 1 0 0 0 0 0 0 2 0 0 0 0 0 0 0 0 0 0 0 0 2 0 
 0 0 0 0 0 0 4 0 0 0 3 64 0 0 0 0 0 0 0 0 0 0 0 0 0 0 62 0 206 0 0 0 63 0 0 0 68 0 0 0 261 260 493 89 290 58 44 174 0 242 41 28 85 162 154 158 124 399 47 54 0 204 2 2 0 1 0 0 0 0 0 0 0 0 0 0 0 0 0 0 0 0 0 0 0 0 0 0 0 0 0 0 12 0 0 0 0 0 0 0 0 0 0 0 0 6 0 0 0 0 0 0 0 0 0 0 0 0 0 0 17 0 2 20 1 15 0 0 12 43 31 66 0 0 1 25 0 36 0 12 0 0 0 0 0 0 0 0 0 0 0 0 0 0 0 0 0 0 1 2 0 0 0 0 0 0 1 0 0 0 0 11 0 0 0 0 0 0 0 0 0 0 0 0 0 0 0 0 0 0 0 0 0 0 0 0 0 0 0 0 20 0 10 18 3 4 0 0 11 41 38 11 0 0 1 20 43 36 0 0 0 0 0 0 0 0 0 0 0 0 0 0 0 0 0 0 0 0 0 0 0 0 19 0 0 0 0 0 0 0 0 5 0 1 0 0 0 0 0 11 0 0 3 1 2 3 2 1 2 0 0 0 0 0 0 0 0 0 0 0 0 0 3 0 10 0 0 0 2 0 
 0 0 0 0 0 0 0 0 0 0 6 0 2 0 0 0 0 0 0 0 0 0 0 0 6 3 0 0 0 0 0 0 0 0 22 0 0 0 2 0 31 56 752 503 66 57 37 45 242 0 289 77 79 143 94 277 231 80 45 291 0 0 1 0 0 2 0 0 0 0 0 0 0 0 0 0 0 0 0 0 0 0 0 0 0 0 0 0 0 0 0 0 0 0 6 0 0 11 0 10 0 0 0 0 0 0 0 0 0 0 0 0 0 0 0 0 0 3 0 0 2 0 0 23 22 0 5 7 0 58 27 40 0 5 3 9 0 4 0 3 5 0 0 0 0 0 0 0 0 0 0 0 0 0 0 0 0 0 1 1 10 0 0 0 0 0 0 0 0 0 0 0 0 12 11 0 0 0 0 0 0 0 0 0 0 0 0 0 0 0 0 0 0 0 0 0 0 0 0 0 0 11 10 19 20 6 4 2 0 11 29 78 4 3 0 0 13 6 0 10 0 0 0 0 0 0 1 0 0 0 0 0 1 0 0 8 0 0 0 0 0 0 11 0 0 0 0 0 0 0 0 4 0 1 0 0 0 0 0 0 0 0 63 68 0 0 0 64 0 0 29 0 0 0 0 0 0 0 0 0 0 0 0 0 45 41 0 0 2 0 
 0 0 0 64 1 0 0 0 0 0 1 0 0 0 0 0 0 0 5 1 0 0 0 0 0 0 2 0 0 0 0 0 0 0 0 0 0 2 0 0 52 29 31 124 116 59 50 55 41 289 0 319 52 24 58 100 107 253 56 73 0 19 7 0 1 2 0 6 7 3 0 0 0 1 3 5 5 5 0 0 0 0 0 0 0 0 0 0 0 0 0 0 0 0 0 0 0 0 0 0 0 0 0 0 0 0 0 0 0 0 0 0 0 0 19 0 0 0 0 0 0 0 0 18 56 10 0 0 0 15 0 36 0 0 0 0 0 11 0 0 4 4 4 6 3 0 15 0 3 0 11 6 0 0 1 8 0 0 21 17 0 0 0 0 0 0 0 0 0 18 0 0 0 0 0 0 0 0 0 0 0 0 0 0 0 0 0 0 0 0 0 0 0 0 0 0 0 0 0 0 0 0 0 0 21 15 0 0 0 0 4 35 0 0 0 0 0 13 0 0 0 0 0 13 10 0 1 0 0 8 6 7 0 0 0 0 1 4 20 0 0 0 0 0 0 0 0 0 0 0 0 5 0 0 0 0 0 0 0 9 0 0 12 5 0 4 9 6 0 0 21 0 0 0 0 0 0 0 0 0 0 0 0 0 19 32 0 0 0 0 
 0 0 0 0 0 0 0 3 0 0 0 0 0 0 0 0 0 0 1 0 0 0 0 0 3 0 0 2 0 0 0 0 0 0 0 0 0 0 0 0 303 40 32 254 274 62 32 40 28 77 319 0 249 43 41 48 60 64 28 46 0 0 18 0 7 5 0 0 0 25 1 1 0 0 0 0 0 0 0 0 0 0 0 0 0 0 0 0 0 0 0 0 0 0 0 0 0 0 0 0 0 0 0 0 0 0 0 0 0 0 13 0 0 0 0 0 0 0 0 0 0 0 0 0 62 25 0 0 0 0 0 0 0 0 0 0 0 0 0 0 3 0 0 0 0 0 24 0 0 0 0 0 34 0 1 0 0 17 40 13 0 0 0 0 0 0 0 0 0 7 0 0 0 0 0 0 0 0 0 0 0 0 0 0 0 0 0 0 25 0 0 0 0 0 0 0 0 0 0 0 0 0 0 0 64 16 0 0 0 0 9 44 0 0 0 0 0 0 0 0 0 0 0 0 0 0 6 0 0 0 0 0 2 1 0 0 0 0 46 3 0 0 0 0 0 0 0 0 0 0 0 2 0 0 0 0 0 0 0 16 0 0 63 66 2 3 1 70 1 2 22 0 0 0 0 0 0 0 0 0 0 0 0 0 24 15 0 0 0 0 
 0 70 0 0 0 0 0 0 0 19 0 0 0 0 0 0 1 1 0 0 1 0 0 0 0 0 65 0 0 0 0 0 0 0 0 0 0 0 2 0 59 263 71 273 261 38 303 58 85 79 52 249 0 78 22 43 25 252 522 103 0 0 1 0 0 2 0 0 0 0 0 0 0 0 0 0 0 0 0 0 0 0 0 0 0 0 0 0 0 0 0 0 0 0 0 0 0 0 0 0 0 0 0 0 0 10 0 0 1 0 0 0 0 0 0 0 0 0 0 0 42 38 10 0 0 0 19 0 0 0 0 0 0 49 28 0 43 0 10 10 0 0 0 0 0 0 0 0 0 0 0 0 0 0 0 0 0 0 0 0 3 0 0 0 0 1 0 16 16 0 0 0 0 0 0 0 0 0 0 8 0 0 0 0 0 0 0 0 0 0 0 0 0 0 0 40 0 0 0 0 41 24 1 0 0 0 16 23 0 0 0 0 19 24 32 1 0 1 0 0 0 0 0 0 0 0 0 0 0 0 0 0 0 0 0 0 0 0 0 0 0 0 0 0 0 0 0 0 0 0 0 9 0 2 0 0 0 0 0 0 0 0 0 0 0 3 1 0 0 0 0 0 0 0 0 0 0 0 0 0 0 0 0 0 0 0 0 0 0 0 
 20 0 0 0 0 0 0 2 0 0 4 0 0 0 4 0 0 0 62 0 2 2 2 2 4 2 2 2 5 2 2 2 2 2 2 2 67 2 4 2 184 123 323 95 273 47 205 258 162 143 24 43 78 0 237 46 73 116 68 305 202 0 1 62 0 2 6 0 0 0 0 0 0 56 0 0 0 1 3 0 0 0 0 0 0 0 0 0 0 0 0 0 0 0 0 0 0 0 0 0 0 0 0 0 0 0 0 0 0 0 0 0 0 0 0 0 0 0 0 0 3 25 17 24 13 0 0 15 43 0 14 6 0 0 28 9 27 1 0 0 7 0 0 0 0 0 3 0 0 0 0 0 1 0 0 0 0 0 6 5 0 0 0 0 18 0 9 0 0 0 0 0 0 10 0 0 0 0 0 0 0 0 0 0 0 0 0 0 0 0 0 0 0 0 0 0 0 0 0 0 47 8 19 65 1 17 0 14 18 17 22 13 0 14 20 24 21 16 0 0 0 0 0 0 0 7 9 0 0 0 0 0 0 0 5 1 0 0 5 3 0 0 23 0 0 0 0 0 0 33 0 16 0 1 0 0 0 0 0 0 0 0 2 0 1 20 0 1 0 0 0 0 0 0 0 0 0 0 0 0 0 0 0 0 0 20 0 0 2 0 
 14 0 55 0 0 0 0 0 0 0 69 0 2 0 0 0 0 0 0 0 0 0 0 0 1 0 0 2 0 0 0 0 0 0 0 0 2 0 0 2 645 263 55 325 72 216 50 200 154 94 58 41 22 237 0 92 45 34 55 92 0 0 4 26 0 1 0 45 0 0 0 0 0 8 0 0 0 0 0 0 0 0 0 0 0 0 0 0 0 0 0 0 0 0 0 0 0 0 10 0 0 0 0 0 0 0 0 0 0 0 0 0 0 0 0 0 0 0 0 0 0 33 32 19 0 0 0 56 28 10 31 0 0 0 17 12 15 14 0 0 0 0 0 0 0 2 0 0 0 0 0 0 0 0 0 0 0 0 0 0 0 0 0 0 0 0 15 0 0 0 0 9 0 0 0 0 0 0 0 0 0 0 0 0 0 0 0 0 0 0 0 0 0 0 0 0 0 0 0 0 14 24 20 14 0 0 0 16 38 22 6 0 0 0 16 34 27 23 0 0 0 0 0 0 0 0 0 0 0 0 0 0 0 0 0 0 0 0 0 0 0 0 2 0 0 0 0 0 0 0 0 10 0 1 0 0 0 0 0 56 0 0 2 0 0 6 4 0 0 0 0 0 0 0 0 0 0 0 0 0 0 0 0 0 0 0 0 0 2 0 
 0 0 0 0 0 0 0 2 0 0 1 0 0 0 0 0 0 0 0 0 0 0 0 0 0 0 0 0 0 0 0 0 0 0 0 0 0 64 0 0 241 285 139 45 74 58 48 58 158 277 100 48 43 46 92 0 194 274 67 65 4 5 2 2 0 1 0 6 0 0 0 1 0 10 5 0 0 0 0 0 0 0 0 0 0 0 0 0 0 0 0 0 0 0 0 0 0 0 0 0 0 0 0 0 0 4 0 0 0 0 0 0 0 0 0 19 0 0 0 0 0 0 1 37 3 0 0 0 2 38 27 36 16 0 0 7 0 27 0 0 0 12 19 1 0 0 0 1 4 11 52 0 0 0 3 6 0 2 0 0 0 0 0 0 0 0 0 0 0 0 0 0 0 0 0 0 0 0 0 0 0 0 0 0 0 0 0 5 0 0 0 0 0 0 0 0 0 0 0 0 18 0 4 26 0 17 0 0 8 60 37 10 0 0 0 21 51 45 0 0 0 3 0 3 3 0 0 0 4 1 1 0 0 0 0 0 5 24 0 0 0 0 22 0 0 0 0 0 0 0 0 6 0 0 0 0 0 1 1 19 0 0 1 1 0 0 6 2 0 0 4 0 0 0 0 0 0 0 0 0 0 0 0 0 0 20 0 0 0 0 
 0 0 2 1 66 0 0 0 0 0 0 0 4 0 0 0 0 30 0 4 0 0 0 0 0 0 0 0 0 0 0 0 0 0 0 0 0 0 0 0 68 279 92 40 41 68 47 108 124 231 107 60 25 73 45 194 0 250 38 45 0 0 2 5 0 31 0 0 53 0 0 0 0 0 0 0 0 0 2 0 0 0 0 0 12 0 0 0 0 0 0 0 0 0 0 0 0 0 0 0 0 0 0 0 0 0 0 0 0 0 0 0 0 0 0 0 0 0 0 0 0 3 11 43 1 0 0 0 17 37 22 39 0 0 0 17 3 18 0 0 0 0 0 0 0 0 0 0 0 0 10 10 0 0 0 0 0 0 0 0 0 0 0 12 0 0 1 0 0 0 0 0 0 0 0 0 0 0 0 0 0 0 0 0 0 0 0 0 0 0 38 0 0 0 0 0 0 0 0 0 10 0 19 45 0 10 0 0 16 64 52 13 0 0 15 22 34 43 0 0 0 0 0 0 0 0 0 0 0 0 0 0 7 0 0 0 0 0 0 0 0 0 9 0 0 0 0 0 0 0 0 9 0 0 0 0 0 0 0 13 0 0 3 0 2 1 0 0 0 0 0 0 0 0 0 0 0 0 0 0 0 0 0 0 1 10 0 0 0 0 
 0 0 0 0 0 0 0 2 0 0 0 0 0 0 4 0 0 0 0 4 0 0 0 0 36 0 2 0 0 0 0 1 0 0 0 0 0 0 0 4 21 56 553 260 48 55 44 44 399 80 253 64 252 116 34 274 250 0 32 42 5 0 2 0 0 2 5 1 3 0 0 0 6 6 0 0 0 0 11 2 0 0 0 0 0 0 0 0 0 0 0 0 0 0 0 0 0 0 0 0 0 0 0 0 0 0 0 0 0 0 0 0 0 0 0 0 0 0 0 0 0 0 0 17 26 0 0 0 0 29 23 39 0 11 0 10 0 5 0 0 5 62 0 0 1 0 0 48 0 7 0 0 0 2 1 16 7 33 1 1 0 0 0 0 0 2 0 0 0 0 0 0 0 0 0 0 0 25 0 0 0 0 0 0 0 0 0 0 0 0 0 0 0 0 0 0 0 0 11 0 0 0 12 27 11 8 0 0 0 27 50 51 0 0 0 1 11 9 0 0 8 15 29 0 0 0 1 26 4 0 0 1 1 10 0 0 4 0 0 0 0 0 13 0 0 0 0 0 1 0 0 9 0 1 0 0 0 0 1 1 0 1 61 62 0 0 11 69 0 0 23 0 0 0 0 0 0 0 0 0 0 0 0 0 24 6 0 0 2 0 
 0 0 0 0 0 0 0 0 0 0 0 0 0 0 0 0 0 0 0 0 0 0 0 0 0 188 0 0 0 0 0 0 0 0 0 0 0 206 0 2 71 45 28 47 49 103 48 43 47 45 56 28 522 68 55 67 38 32 0 302 8 9 4 0 0 1 0 11 3 0 0 0 0 6 9 201 0 0 47 0 0 4 0 0 0 0 0 0 0 0 0 0 0 0 0 0 0 0 0 0 0 0 0 0 0 19 0 0 0 0 0 0 0 0 0 0 0 0 0 0 53 0 0 0 0 0 33 0 0 0 0 1 27 39 0 1 0 0 27 35 0 6 11 0 1 0 0 1 4 4 6 0 0 0 4 12 1 4 0 0 9 0 0 0 0 3 0 0 6 0 0 0 0 0 0 1 0 0 0 7 0 0 0 0 0 12 0 0 0 0 1 0 0 0 0 0 0 0 0 0 0 0 1 0 0 10 32 10 0 0 0 0 74 21 4 9 0 0 0 0 8 2 0 2 2 0 0 3 4 3 1 2 0 1 0 0 5 11 0 0 0 0 0 0 0 0 0 0 0 0 0 8 0 0 0 0 0 0 0 0 0 0 0 0 0 1 13 0 2 0 6 0 0 0 0 0 0 0 0 0 16 0 0 0 0 0 0 0 1 0 
 1 0 0 1 0 0 0 0 0 0 0 0 0 0 0 0 0 0 0 0 0 0 0 0 3 0 0 2 2 0 0 0 0 2 0 1 17 0 3 0 49 41 20 81 76 42 251 38 54 291 73 46 103 305 92 65 45 42 302 0 203 202 3 2 3 10 0 0 3 0 0 0 0 9 0 0 0 59 0 0 0 0 0 0 0 0 0 0 0 0 0 0 0 0 0 0 0 0 0 0 0 0 0 0 0 0 0 0 0 0 0 0 0 0 0 0 0 0 0 0 49 57 10 0 0 0 19 0 0 0 0 0 0 62 35 0 33 0 10 43 0 0 0 0 0 0 0 0 0 0 0 0 0 0 0 0 0 0 0 0 3 0 0 0 0 0 0 0 6 0 0 0 0 0 0 0 0 0 0 2 0 0 0 0 0 0 0 0 0 0 0 0 0 0 0 0 0 0 0 0 44 17 1 0 0 0 12 21 0 0 0 0 30 24 39 19 0 1 0 0 0 0 0 0 0 8 0 0 9 0 0 0 0 0 0 0 0 0 0 0 0 0 0 0 0 0 0 0 0 0 0 12 0 0 0 0 0 0 0 0 0 0 0 0 1 2 0 0 0 0 0 0 0 0 0 0 0 0 0 0 0 0 0 0 0 0 0 0 1 0 
 0 0 0 0 1 0 0 0 0 0 0 0 2 0 0 0 0 0 0 0 0 0 0 0 0 0 2 3 0 0 0 0 0 0 0 0 0 0 0 0 0 2 0 0 0 0 0 0 0 0 0 0 0 202 0 4 0 5 8 203 0 83 96 41 457 42 350 302 65 39 40 39 101 168 225 55 43 37 37 86 0 0 0 0 0 0 0 0 0 0 0 0 0 0 0 0 0 0 0 0 0 0 0 0 0 0 0 0 0 0 0 0 0 0 0 0 0 0 0 0 1 0 0 1 1 1 0 1 1 0 1 8 0 2 1 1 1 1 1 1 0 9 6 0 0 0 12 18 19 21 19 0 0 0 24 12 16 15 0 0 0 0 0 0 0 0 0 0 0 0 0 0 0 0 0 0 3 0 0 0 0 0 0 0 0 0 0 0 0 0 0 0 0 0 0 0 0 0 0 0 0 0 0 0 0 0 0 0 0 0 0 0 0 0 0 0 5 0 0 0 13 35 12 0 0 0 2 11 26 0 0 0 0 13 12 11 32 15 0 1 12 0 0 0 0 0 0 0 0 0 0 0 0 0 10 0 0 0 0 0 0 0 0 0 0 0 10 0 0 0 32 0 0 0 2 0 0 0 0 0 0 0 0 0 0 1 0 0 0 7 
 6 68 2 0 0 0 0 20 0 0 0 0 3 0 0 0 0 3 7 0 6 0 0 0 0 0 0 0 0 0 0 0 0 0 0 0 0 0 0 0 0 0 3 0 0 0 0 52 204 0 19 0 0 0 0 5 0 0 9 202 83 0 246 57 34 44 86 274 238 262 246 27 81 48 223 197 121 37 45 46 1 0 0 0 0 0 0 0 0 0 0 0 4 0 0 0 0 0 16 3 0 0 0 0 0 0 0 0 0 0 0 0 12 0 0 0 0 0 0 0 0 0 0 0 0 0 0 0 0 0 0 0 0 0 0 0 0 0 0 0 0 2 16 0 18 0 0 0 19 0 19 29 0 0 18 16 22 0 0 0 0 0 0 0 0 0 1 0 0 0 0 11 0 1 0 0 0 0 3 0 0 0 0 0 0 0 0 0 0 0 0 0 0 0 0 0 0 0 0 0 0 0 0 0 0 0 0 0 0 0 0 0 0 0 0 0 0 0 0 0 0 8 0 97 63 1 0 0 13 43 39 32 0 0 10 0 0 14 0 0 10 0 0 9 0 0 0 0 0 0 0 0 0 0 7 0 0 0 0 0 0 0 0 0 0 0 15 0 0 0 28 0 0 11 0 7 0 0 0 0 0 0 0 0 0 0 0 0 0 0 
