 0 332 82 480 257 262 691 392 32 70 250 260 83 145 458 36 129 58 46 72 0 0 0 2 2 0 4 2 0 0 0 3 1 0 2 1 0 0 0 0 0 2 2 0 0 0 0 0 0 2 0 0 0 0 0 0 1 3 0 0 0 2 0 0 0 0 0 3 3 33 0 0 2 0 0 2 0 0 3 32 19 22 26 0 0 1 9 57 38 0 0 0 0 21 25 43 10 0 0 0 0 0 0 0 0 0 0 0 0 0 0 0 0 1 0 0 0 0 0 0 0 0 0 0 0 0 0 0 0 0 0 0 0 0 0 2 0 0 0 0 0 0 0 0 0 0 0 0 0 0 0 0 0 0 0 0 0 0 0 0 31 33 0 0 0 0 0 30 11 9 8 1 0 37 29 23 25 0 0 0 0 0 0 0 0 0 0 2 0 0 0 0 0 2 0 0 0 0 0 0 0 0 0 0 0 0 0 0 0 0 0 0 0 0 0 0 0 0 0 0 1 1 0 0 0 0 0 0 0 0 0 0 0 0 2 0 0 0 0 0 0 0 0 0 0 2 0 2 0 0 1 3 0 0 0 0 0 0 0 0 0 0 6 0 0 0 0 0 0 0 0 0 0 0 0 0 0 0 0 0 0 0 0 0 14 0 0 0 0 0 
 332 0 573 296 39 42 515 364 326 37 31 18 120 64 382 294 327 45 50 59 0 0 0 2 0 0 3 2 0 0 2 3 1 0 0 0 2 1 7 2 0 2 2 0 0 0 0 0 0 2 0 0 0 0 0 2 0 3 0 0 0 3 0 0 0 0 0 2 3 7 0 0 3 0 0 2 0 0 7 1 1 12 14 10 0 11 0 16 59 28 16 1 0 1 39 13 26 22 0 0 0 0 0 0 0 0 0 0 0 9 0 0 0 0 0 0 0 0 0 0 0 0 0 0 0 0 0 0 0 0 0 0 0 0 0 0 0 0 0 0 0 0 0 0 0 0 0 0 0 0 0 0 0 0 0 0 0 0 0 0 3 54 1 0 0 0 0 1 17 20 8 7 0 1 0 36 5 26 0 1 0 0 0 0 0 0 0 0 0 0 0 0 0 0 0 11 0 0 0 0 0 0 0 0 0 0 0 0 0 0 0 0 0 0 0 0 0 0 0 0 0 0 0 0 0 0 0 0 0 0 0 0 0 0 0 0 0 0 0 0 0 0 0 0 0 1 0 0 2 2 0 8 0 0 0 0 0 0 0 0 0 0 21 0 0 0 0 0 0 0 0 0 0 0 2 10 0 0 0 0 0 0 0 0 0 0 0 0 0 0 
 82 573 0 110 703 48 87 91 216 625 48 40 64 64 55 175 217 621 46 71 0 2 0 2 0 0 3 1 0 0 0 3 1 0 2 0 0 0 2 0 0 2 2 0 0 0 0 0 0 2 0 0 0 0 0 0 0 3 0 0 0 3 0 0 0 0 0 0 3 0 0 0 2 0 0 2 0 0 3 0 0 73 17 29 0 2 11 1 35 63 47 49 17 1 26 16 43 52 0 0 0 0 0 1 0 0 0 0 0 0 0 0 0 0 0 0 0 0 38 0 0 0 0 0 19 0 0 0 0 0 0 0 0 0 0 2 0 0 0 0 0 0 0 0 0 0 0 0 0 11 0 0 0 9 0 0 0 0 5 0 1 18 46 13 7 0 0 0 14 19 44 27 0 0 0 14 2 29 0 0 0 0 0 0 0 1 0 2 0 0 0 0 0 58 0 0 0 0 0 0 0 0 0 0 0 0 0 0 0 0 0 0 0 0 0 0 0 0 8 0 1 1 20 0 0 0 0 0 0 0 0 0 0 0 2 0 0 0 0 0 0 0 0 0 0 0 2 0 3 2 2 2 1 0 0 0 0 0 0 0 0 0 19 0 0 0 0 0 0 0 0 0 0 0 0 24 0 5 0 0 0 0 0 0 0 0 0 0 0 17 
 480 296 110 0 109 36 318 77 92 391 248 383 287 73 51 46 146 432 298 73 0 2 0 2 0 60 3 0 0 0 0 3 0 0 0 0 51 0 0 0 0 2 2 0 0 0 0 0 0 2 0 0 0 0 0 0 0 3 0 0 0 3 0 0 0 0 0 1 3 0 0 0 2 0 0 2 0 0 3 0 0 0 0 17 63 15 0 12 0 39 25 46 0 0 0 0 0 14 0 0 0 0 0 12 0 0 1 0 0 0 0 0 9 0 0 0 0 0 1 0 0 0 0 0 0 0 0 0 0 0 0 0 0 0 0 0 9 0 0 0 0 0 0 0 0 0 0 12 0 0 0 0 0 0 0 0 0 0 4 0 0 0 50 27 39 16 0 0 0 10 10 31 0 0 0 0 0 0 0 0 0 0 0 0 0 0 0 0 0 0 0 37 21 0 0 0 0 0 2 0 0 0 0 0 0 0 0 0 0 0 0 0 0 0 0 0 0 0 0 0 0 0 0 0 20 0 0 0 0 0 0 0 0 0 0 0 0 0 0 0 0 39 0 0 0 2 28 0 2 66 0 11 2 0 0 0 0 0 0 0 0 0 0 0 0 0 0 0 0 13 0 0 0 0 0 0 13 0 0 0 0 0 0 0 0 0 0 0 0 0 
 257 39 703 109 0 492 47 162 61 87 105 398 164 95 72 62 59 257 78 86 0 0 0 2 0 1 3 2 0 0 0 3 1 0 0 0 0 0 0 0 0 2 2 0 4 0 0 0 0 2 6 0 0 0 0 0 3 3 0 3 0 3 0 0 0 0 0 0 3 4 0 0 7 0 0 6 0 0 3 0 0 0 0 0 81 41 0 0 0 0 11 8 0 0 0 0 0 3 0 0 0 0 0 0 0 0 10 0 0 0 0 0 43 0 0 0 0 0 48 10 9 0 0 0 0 0 0 0 0 0 8 0 0 0 0 0 0 0 0 0 0 0 0 0 0 2 0 0 0 0 0 0 0 0 0 0 0 0 0 0 2 0 0 2 18 14 0 0 0 0 10 0 0 0 1 0 0 0 0 0 0 0 1 0 0 0 0 0 0 0 0 14 44 2 1 0 0 0 32 12 0 0 0 0 0 0 0 2 0 10 0 0 0 0 0 0 0 0 0 0 0 0 0 0 0 0 0 0 0 0 0 8 0 0 0 0 0 0 1 0 0 1 0 0 0 0 9 0 2 5 1 8 0 1 0 0 0 0 0 0 0 0 0 0 0 0 0 0 0 0 0 0 0 0 0 0 12 0 0 0 0 0 0 0 0 2 0 0 0 0 
 262 42 48 36 492 0 44 40 45 89 79 51 37 74 136 51 218 68 57 151 1 0 0 2 0 0 6 2 0 0 0 5 1 0 0 0 0 2 224 0 0 7 4 0 0 0 0 0 0 5 0 0 0 0 0 0 0 5 0 10 0 3 0 2 0 0 1 1 3 0 0 2 6 5 0 6 0 0 3 0 0 0 0 0 30 45 0 0 0 0 0 21 0 0 1 0 0 0 0 0 0 0 0 0 0 0 19 0 0 0 0 0 32 0 0 0 0 0 59 64 0 0 0 0 0 0 0 0 0 0 20 0 0 0 0 2 0 0 0 0 0 0 0 1 0 0 0 0 0 0 0 0 0 1 0 0 0 0 1 0 0 0 1 0 26 9 0 0 0 0 8 0 0 0 0 1 0 0 0 0 16 1 0 0 0 0 0 2 0 0 0 9 27 23 8 0 0 0 80 20 0 0 1 0 0 0 0 0 0 0 0 0 0 0 0 0 0 0 0 0 1 1 0 0 0 0 0 0 0 1 0 0 0 0 2 0 0 0 0 0 0 0 0 0 0 8 0 0 4 0 0 4 0 0 0 0 0 0 1 0 0 0 0 0 0 0 0 0 0 0 0 0 0 0 0 0 0 0 0 0 0 0 0 0 0 0 0 0 0 0 
 691 515 87 318 47 44 0 112 72 39 37 28 467 461 50 27 35 38 41 452 2 0 0 3 3 1 3 3 6 5 3 6 0 0 0 0 0 1 0 2 0 3 3 0 0 3 19 3 0 2 5 0 0 0 0 7 0 5 2 0 0 3 0 0 0 0 0 2 3 44 0 3 4 1 0 2 0 0 3 0 54 40 16 0 2 2 14 29 2 0 0 0 26 42 24 29 0 2 0 30 0 0 0 0 0 0 0 4 0 1 0 0 0 0 0 0 0 0 0 0 0 0 0 0 0 0 0 0 0 0 0 0 0 0 0 0 0 16 0 0 0 0 0 0 0 0 0 0 0 0 0 0 0 0 2 0 3 0 10 0 29 16 2 0 0 0 37 34 0 2 3 0 15 30 44 17 18 0 0 10 0 0 0 0 0 0 0 0 0 0 0 0 0 0 10 0 0 0 0 0 0 0 2 0 0 0 0 0 0 0 0 0 0 0 0 0 0 0 0 0 2 2 0 0 0 0 0 0 0 2 0 1 0 0 0 0 0 2 0 0 0 15 0 0 0 0 0 0 2 2 0 8 0 0 0 0 0 0 0 0 0 0 0 0 0 0 0 0 0 0 0 0 0 0 0 0 0 0 0 0 0 0 0 0 0 0 0 0 0 0 
 392 364 91 77 162 40 112 0 93 252 32 35 107 434 172 48 61 43 60 281 0 0 2 3 75 1 3 1 3 0 0 6 0 0 0 1 1 1 0 2 1 2 2 0 2 0 1 1 3 4 4 0 0 0 0 3 0 7 2 3 0 3 0 54 0 1 6 6 3 48 0 6 10 1 0 2 12 0 3 0 16 32 29 15 0 0 15 47 32 10 16 0 0 0 39 33 30 30 0 9 0 0 0 0 0 0 0 0 2 0 0 0 2 0 0 2 0 0 0 0 2 0 0 0 0 0 0 0 1 0 0 0 0 0 0 0 0 0 0 0 0 0 0 0 0 0 0 0 0 0 0 0 0 0 0 0 0 0 1 0 11 41 39 29 0 0 0 15 33 20 36 0 0 15 5 42 42 0 0 0 0 1 0 12 0 0 0 0 0 0 0 0 0 0 0 0 0 2 1 0 0 0 0 0 0 0 0 0 2 0 0 0 2 0 0 0 0 0 0 0 11 0 0 1 0 0 0 0 0 0 0 0 0 0 0 2 0 0 0 0 0 0 0 0 0 0 0 2 0 0 0 10 0 0 0 0 2 0 0 0 0 0 4 0 2 0 0 0 0 1 0 0 28 0 0 11 0 0 0 0 0 0 0 0 0 0 0 0 0 0 
 32 326 216 92 61 45 72 93 0 354 36 119 84 81 117 167 263 383 132 89 0 4 0 4 2 0 3 3 3 0 2 14 0 0 2 0 0 3 0 0 0 2 2 0 0 0 0 3 0 2 0 0 0 0 0 3 2 10 4 0 0 3 0 3 0 0 0 8 3 0 0 8 6 1 0 2 0 0 3 0 0 39 10 31 0 1 0 1 32 52 40 42 0 0 25 17 71 60 0 0 0 0 0 0 0 0 2 0 0 0 0 0 0 0 0 0 1 14 0 0 0 0 0 0 0 0 0 0 0 0 0 0 0 0 0 0 2 0 0 0 0 0 0 0 0 0 0 0 0 0 0 0 0 0 0 0 0 0 2 0 0 23 44 7 4 0 0 0 14 44 25 34 0 0 0 14 0 20 0 0 1 0 0 0 0 0 2 0 0 1 13 1 0 0 0 0 0 0 0 0 0 8 0 0 0 0 1 0 0 12 0 0 0 0 2 0 0 0 0 0 0 0 0 0 1 0 0 0 0 0 0 0 0 0 0 7 1 0 0 0 0 13 0 0 0 0 2 0 2 3 0 0 0 0 0 0 0 0 0 0 0 0 16 0 0 0 2 0 0 0 0 2 0 0 0 29 0 8 0 0 0 0 0 0 0 0 0 0 0 0 
 70 37 625 391 87 89 39 252 354 0 371 378 59 297 103 363 261 197 100 406 0 0 3 4 2 0 5 3 4 0 2 3 2 207 2 75 2 0 2 8 0 2 2 0 0 0 0 0 0 3 5 2 0 0 0 0 0 6 5 0 0 2 0 0 0 0 0 3 3 0 0 0 2 0 0 2 0 2 3 0 0 6 0 17 0 0 0 0 37 26 13 20 0 0 0 0 64 11 0 0 0 0 0 0 0 0 0 0 0 0 0 0 0 0 0 0 0 0 0 5 0 0 1 0 0 0 0 0 0 0 0 0 0 0 2 0 0 0 0 0 3 0 0 0 0 0 0 0 2 0 0 0 0 0 0 0 0 0 6 2 0 0 19 20 15 11 1 0 0 14 1 25 2 0 0 0 0 34 0 0 0 0 1 0 0 0 0 0 0 0 0 0 2 0 0 0 0 0 0 0 0 0 0 2 0 0 0 0 0 0 0 0 0 0 0 0 0 1 0 0 0 0 0 0 0 0 0 0 0 0 0 0 1 0 1 0 0 0 0 0 0 14 0 0 0 2 174 0 0 89 0 24 10 0 0 0 0 0 2 0 0 0 14 0 0 0 0 0 0 0 0 0 0 0 0 15 0 10 0 0 0 0 0 0 0 0 0 0 0 0 
 250 31 48 248 105 79 37 32 36 371 0 620 27 47 295 71 167 416 40 72 1 7 0 2 0 0 3 2 0 1 0 3 0 0 56 0 0 0 0 0 0 2 2 0 0 0 0 0 0 2 0 0 0 0 0 4 0 3 0 0 0 2 6 0 0 0 0 2 3 0 0 0 2 2 0 2 0 0 3 0 0 0 0 23 79 19 0 0 0 50 28 38 0 0 0 0 2 10 0 17 0 0 0 0 0 0 1 0 0 0 0 0 25 0 0 14 0 0 4 0 0 0 0 0 0 0 0 0 0 0 0 0 0 0 0 0 0 0 0 0 0 0 0 0 2 0 0 0 0 29 0 0 0 0 0 0 0 0 2 0 0 0 40 62 41 20 0 0 0 2 9 24 0 0 1 0 0 2 0 0 0 0 0 0 0 0 0 12 0 0 0 0 14 0 0 0 0 0 0 0 0 0 0 0 0 0 0 0 0 0 0 0 0 0 0 0 0 0 0 15 0 0 0 1 0 0 0 0 0 0 0 0 0 0 0 0 0 0 0 0 0 17 0 0 0 3 96 0 2 12 0 14 3 0 0 0 0 0 0 0 0 0 0 0 0 0 0 0 0 1 0 0 0 0 0 0 14 0 0 0 0 0 0 0 0 0 0 0 0 0 
 260 18 40 383 398 51 28 35 119 378 620 0 52 16 46 46 74 73 37 133 0 0 0 2 2 3 5 0 2 0 0 6 2 0 2 0 0 0 0 0 3 2 36 0 0 0 0 0 0 2 0 4 0 0 0 0 0 3 0 2 2 5 0 0 39 0 0 2 3 0 0 0 10 0 0 2 0 0 3 0 0 0 0 17 52 47 0 21 0 0 13 19 0 0 0 0 0 0 1 0 0 16 0 0 0 0 44 0 0 0 0 0 53 0 0 0 1 46 63 1 0 0 0 0 0 0 0 0 0 0 0 0 0 0 0 0 0 0 0 1 0 0 0 0 0 0 0 0 0 0 0 0 0 0 0 0 0 0 0 0 0 0 0 25 42 22 0 0 0 1 2 0 0 0 0 0 0 1 0 0 2 0 0 0 0 0 2 0 0 1 2 1 46 1 0 0 0 0 57 9 0 13 0 0 0 0 1 0 0 41 0 0 0 0 2 0 0 0 0 0 0 0 0 0 1 0 0 0 0 0 0 0 0 0 0 0 1 0 0 0 0 13 0 0 0 1 178 0 2 179 0 30 10 0 0 0 0 0 0 0 0 0 0 0 0 0 0 0 0 0 0 0 0 0 0 0 9 1 0 0 0 0 0 0 0 0 0 0 0 0 
 83 120 64 287 164 37 467 107 84 59 27 52 0 85 23 35 25 25 484 181 1 0 0 2 0 0 3 3 0 1 0 3 0 0 0 76 0 4 0 1 0 2 2 0 1 0 0 0 0 2 0 2 0 6 0 0 0 3 0 0 0 3 0 0 0 0 0 1 3 0 0 0 2 3 0 2 0 1 3 0 24 43 0 0 0 0 20 15 0 0 0 0 50 39 10 10 1 0 0 14 0 1 0 0 0 0 0 0 0 0 0 0 0 0 0 0 0 0 0 0 0 0 0 0 0 0 0 0 0 0 0 0 0 0 0 0 0 0 18 0 0 0 0 0 0 0 0 0 0 0 0 0 0 0 6 0 0 0 0 0 32 0 0 0 0 0 41 13 0 0 0 0 42 21 41 0 0 0 20 5 0 0 0 0 0 0 0 0 0 0 0 0 0 0 0 19 0 0 0 0 0 0 0 0 0 0 0 0 0 0 0 0 0 0 0 0 0 0 0 0 0 0 0 0 0 0 0 0 0 0 0 0 0 0 0 0 0 0 0 10 0 0 0 0 0 1 0 0 0 1 0 12 0 0 0 0 0 0 0 0 0 0 0 0 0 0 0 0 0 0 0 0 0 0 0 0 0 0 0 0 0 0 0 0 0 0 0 0 0 0 
 145 64 64 73 95 74 461 434 81 297 47 16 85 0 545 277 478 29 92 170 0 0 0 2 0 0 3 2 0 0 0 3 4 0 0 0 0 29 0 0 0 2 2 0 0 0 0 0 0 2 33 0 62 0 63 0 0 3 0 0 0 3 0 0 0 0 0 2 3 32 0 0 2 0 0 2 0 0 3 0 30 41 20 0 2 0 9 51 35 0 0 0 2 21 21 36 15 0 0 0 0 0 0 0 0 0 0 0 0 0 0 0 0 0 0 0 0 0 0 0 0 0 0 0 0 0 0 0 0 0 0 0 0 0 0 0 0 0 13 0 0 0 0 0 0 0 0 0 0 0 0 0 0 9 0 0 0 0 0 0 33 18 1 17 0 0 0 19 11 9 5 1 0 31 28 25 23 1 0 0 0 0 0 0 0 0 0 0 0 3 0 0 0 0 0 0 0 0 0 0 0 0 2 0 0 0 0 12 0 0 0 0 0 0 0 0 0 0 0 0 2 0 0 0 0 0 0 0 0 0 0 0 0 0 1 0 0 0 0 0 0 0 0 0 0 2 0 0 0 0 0 7 0 0 0 0 0 0 0 0 0 0 67 0 0 0 0 0 0 0 0 0 0 0 0 0 0 1 0 0 0 0 0 0 0 1 0 0 0 0 
 458 382 55 51 72 136 50 172 117 103 295 46 23 545 0 86 75 60 97 346 0 0 0 2 1 0 3 1 1 0 5 3 1 0 3 0 0 0 0 0 0 2 2 0 0 0 0 0 1 2 0 1 6 6 0 2 2 3 0 0 0 3 0 1 3 0 0 2 3 54 0 25 2 0 0 2 0 0 3 0 13 30 33 17 0 2 1 40 37 9 16 1 0 0 37 87 37 47 5 0 0 1 0 0 5 0 0 0 0 0 0 0 0 0 0 0 0 0 0 0 0 0 0 0 0 1 0 0 0 0 0 0 0 0 0 0 1 0 0 0 0 0 0 0 0 11 0 0 21 0 0 0 0 0 0 0 9 0 0 0 4 66 9 7 0 0 1 27 24 21 62 1 0 33 0 50 31 0 0 0 0 0 0 0 0 0 0 1 0 0 0 0 0 0 0 0 0 0 0 0 0 0 0 0 0 0 0 0 0 2 0 0 0 32 0 0 0 0 0 0 0 2 0 2 0 0 0 0 0 2 0 0 0 0 1 0 0 2 0 0 0 0 0 0 0 0 2 0 1 0 0 5 0 0 0 2 0 0 0 0 0 0 30 2 0 0 0 0 0 0 0 2 0 0 0 10 0 0 0 0 0 0 0 0 0 0 0 0 0 0 
 36 294 175 46 62 51 27 48 167 363 71 46 35 277 86 0 188 416 41 74 0 0 0 2 1 0 3 1 0 0 0 3 0 0 0 0 0 0 0 0 0 2 2 0 0 0 0 0 0 2 0 0 0 0 61 0 0 3 0 0 0 3 0 0 0 0 0 2 3 0 0 0 2 29 0 2 0 0 3 0 0 28 10 33 0 1 0 0 46 67 80 50 1 0 28 13 49 64 0 0 0 0 0 0 0 1 0 0 0 0 0 0 0 0 0 0 0 0 16 2 0 0 0 2 0 16 0 0 0 12 0 0 0 0 0 0 0 0 0 0 0 0 0 2 0 1 0 23 0 0 0 0 0 2 0 1 0 0 2 0 2 30 41 6 1 0 0 0 16 31 44 88 0 0 0 14 1 21 0 0 0 0 2 0 0 0 0 0 0 0 0 0 0 0 0 0 0 0 0 0 0 0 0 0 0 2 0 1 0 0 0 0 0 0 0 0 0 0 0 0 0 0 0 0 0 2 0 0 0 0 0 0 10 0 0 0 0 0 0 0 0 0 0 0 0 1 2 1 0 2 0 13 0 2 0 0 0 0 0 0 0 0 27 0 0 0 0 0 0 0 0 0 0 0 0 22 0 8 0 0 0 0 0 0 0 0 0 0 0 0 
 129 327 217 146 59 218 35 61 263 261 167 74 25 478 75 188 0 364 247 38 53 0 1 2 0 0 3 1 0 1 0 3 0 0 0 100 0 0 1 111 49 2 2 0 0 0 0 0 0 2 0 0 0 39 0 0 69 3 0 0 0 3 0 0 0 0 0 2 3 0 0 0 2 0 0 2 0 0 3 0 0 6 13 58 0 1 0 1 35 64 37 68 0 0 62 3 38 34 0 0 0 2 0 2 0 0 14 2 0 0 0 0 0 0 0 0 0 0 0 0 0 0 0 0 0 0 0 0 0 0 0 0 0 0 0 0 0 0 0 0 0 0 14 0 0 0 0 0 0 0 0 0 0 0 0 0 0 1 3 5 0 21 38 3 2 9 0 9 14 25 22 17 0 0 0 15 12 23 0 0 0 0 0 0 0 0 0 0 0 0 2 1 0 0 0 0 0 0 0 0 0 12 19 0 0 0 1 0 0 0 0 0 0 0 2 14 0 0 0 0 0 0 6 0 1 0 0 4 0 0 0 0 0 0 0 0 1 0 0 1 0 8 0 0 0 2 93 2 0 0 0 11 0 0 0 0 0 0 0 0 0 0 21 0 0 0 0 0 0 0 0 0 0 0 0 26 0 11 0 0 0 0 0 0 0 0 0 0 0 0 
 58 45 621 432 257 68 38 43 383 197 416 73 25 29 60 416 364 0 54 37 0 86 1 2 0 0 3 1 0 1 0 5 0 0 0 0 2 0 4 79 0 2 4 2 0 0 0 3 0 4 0 0 0 0 66 0 0 5 0 0 0 3 0 0 0 0 0 2 3 0 0 0 2 0 0 2 0 0 3 2 0 29 0 40 3 0 0 0 34 67 38 32 0 0 0 1 33 2 0 0 0 0 0 2 0 0 2 2 0 0 0 0 1 0 0 0 3 0 0 0 0 0 0 0 0 0 0 0 0 0 0 0 0 0 0 0 0 0 0 1 0 0 0 0 0 15 10 0 0 0 0 0 0 0 0 0 0 1 4 0 0 3 35 29 30 11 0 0 0 11 2 37 0 0 0 0 0 50 0 0 0 0 0 0 0 0 0 0 0 0 2 1 2 0 0 0 0 0 0 1 0 0 0 0 0 0 1 0 0 0 0 0 0 0 2 0 0 0 0 0 0 0 0 0 0 0 0 0 0 0 0 0 0 0 0 0 1 0 0 0 0 16 0 0 0 4 171 0 4 171 0 9 9 0 0 0 0 0 0 0 0 0 19 0 0 0 0 0 0 0 0 0 0 0 0 16 0 6 0 0 0 0 0 0 0 0 0 0 0 0 
 46 50 46 298 78 57 41 60 132 100 40 37 484 92 97 41 247 54 0 573 0 0 0 4 0 1 3 1 2 0 0 3 2 74 0 2 0 3 0 0 0 2 2 2 0 1 0 0 0 2 0 1 0 0 0 0 0 3 3 0 0 2 0 0 34 0 0 3 7 0 0 6 2 1 43 2 0 1 3 0 26 20 0 0 11 0 28 1 0 0 0 0 54 27 0 14 0 0 11 41 0 0 0 0 0 0 0 0 0 0 0 0 0 0 0 0 0 0 0 0 0 0 1 0 0 0 0 0 0 0 0 0 0 0 0 0 0 0 0 0 0 0 0 0 0 0 0 0 2 0 0 0 0 0 5 10 0 0 1 2 6 0 0 0 0 0 44 10 0 0 0 0 68 1 15 0 0 0 9 26 0 0 0 0 0 0 0 0 0 0 22 0 2 0 0 0 0 0 0 0 0 0 0 2 0 0 0 0 1 0 0 0 0 0 0 0 9 1 0 0 0 0 0 0 0 0 0 0 0 0 0 0 0 0 0 0 0 0 0 0 0 0 0 0 0 0 0 0 0 0 0 11 0 0 0 0 0 0 0 0 0 0 0 0 0 0 0 0 0 0 0 0 0 0 0 0 0 0 0 0 0 0 0 0 0 0 0 0 0 0 
 72 59 71 73 86 151 452 281 89 406 72 133 181 170 346 74 38 37 573 0 0 0 0 2 0 0 4 2 1 0 0 3 0 0 0 0 0 0 0 0 0 2 2 0 63 0 0 0 3 2 0 10 0 0 0 0 0 3 0 0 0 3 6 0 0 0 0 1 3 0 0 0 2 0 0 2 0 0 3 0 33 16 2 0 0 0 29 10 0 0 2 2 54 46 11 9 0 1 0 61 0 0 0 0 0 0 0 0 0 0 0 0 0 0 15 0 0 2 0 0 0 0 2 0 0 0 0 0 0 0 0 0 0 0 1 0 0 0 0 0 1 0 0 0 0 0 0 0 0 0 1 0 1 0 27 0 0 0 0 0 70 0 0 0 0 0 40 23 0 0 0 0 33 19 32 4 1 1 19 6 0 0 0 2 0 0 0 0 0 0 0 0 9 0 0 0 2 0 0 0 0 1 0 0 0 0 0 0 0 0 0 0 0 0 0 0 0 0 0 0 0 0 0 1 0 0 0 0 0 0 0 0 2 0 0 0 0 0 0 0 0 0 0 0 0 3 2 0 4 2 2 12 0 0 0 0 0 0 0 0 0 0 0 0 0 0 0 0 0 0 0 0 0 10 0 0 0 0 0 0 0 0 0 0 0 0 0 0 0 0 
 0 0 0 0 0 1 2 0 0 0 1 0 1 0 0 0 53 0 0 0 0 75 104 270 34 255 391 274 49 110 35 34 51 345 343 30 43 45 56 209 0 0 0 2 0 0 0 2 0 0 0 5 0 0 3 3 1 2 0 0 0 0 0 0 0 0 0 0 0 0 0 0 3 0 0 48 0 0 0 0 0 0 0 0 0 0 0 0 0 1 0 0 2 0 0 0 0 0 0 0 31 14 27 13 0 0 31 90 50 2 2 0 0 48 32 21 37 0 0 11 0 0 0 0 13 0 0 0 0 0 0 0 0 0 0 0 0 0 0 0 0 0 0 0 0 0 0 9 0 0 0 0 0 3 0 0 0 0 2 12 0 0 0 0 0 0 0 5 2 0 0 0 0 0 0 0 0 0 1 0 37 53 24 2 0 0 43 89 74 20 0 0 0 13 27 77 15 4 0 5 0 0 0 0 0 0 0 0 0 0 0 0 0 0 0 0 0 0 0 0 0 0 12 0 0 0 0 0 0 0 0 0 0 0 0 0 0 0 0 0 0 0 0 0 0 0 0 0 0 0 0 0 0 0 14 2 0 0 0 2 0 9 0 0 0 0 0 0 0 0 0 0 0 0 0 0 0 0 0 0 0 0 0 0 0 0 0 0 0 0 
 0 0 2 2 0 0 0 0 4 0 7 0 0 0 0 0 0 86 0 0 75 0 393 45 47 34 159 311 366 47 18 37 42 247 278 419 279 343 49 48 0 0 0 0 0 0 0 2 0 0 0 0 0 0 3 3 1 4 2 0 0 0 3 0 0 0 0 2 0 0 0 3 5 3 0 0 0 1 0 1 0 0 0 0 2 0 0 0 0 12 0 0 0 0 0 0 0 0 0 0 12 16 34 21 0 0 0 0 28 54 15 8 0 0 0 30 30 45 0 0 0 0 0 0 0 2 0 0 0 0 0 0 0 0 0 0 2 0 14 0 6 0 0 0 0 0 0 4 0 0 0 0 0 2 0 0 0 0 0 0 0 0 0 2 0 2 0 1 0 0 0 0 0 0 0 0 0 0 0 0 0 26 32 22 0 1 2 0 32 23 22 1 2 6 0 55 36 24 0 0 0 0 0 12 0 0 0 0 0 0 1 0 23 0 0 0 0 0 16 0 0 2 0 0 0 0 0 0 0 0 0 0 0 0 0 0 0 0 0 0 0 0 10 0 0 0 0 1 0 0 0 0 0 2 7 1 1 1 0 0 12 11 0 0 0 0 0 0 0 0 0 0 0 0 0 0 0 0 0 0 0 1 0 0 0 0 0 0 0 0 
 0 0 0 0 0 0 0 2 0 3 0 0 0 0 0 0 1 1 0 0 104 393 0 79 39 28 323 88 419 334 65 36 41 56 56 402 212 351 24 37 0 0 0 122 0 0 0 2 63 0 1 0 0 0 3 3 3 2 0 1 0 0 0 0 0 0 0 0 0 0 0 0 1 0 0 0 0 0 0 0 27 0 0 0 0 0 0 0 0 0 0 0 0 0 0 0 0 15 0 0 0 16 36 50 1 0 0 0 0 53 40 32 0 0 0 10 22 29 0 0 0 0 1 0 0 0 0 8 20 0 0 0 11 0 0 0 0 0 0 0 0 0 0 0 0 0 0 0 0 0 0 0 0 0 0 0 0 0 0 0 20 0 0 0 0 0 0 0 0 0 0 0 0 0 0 0 0 0 0 0 0 3 24 27 1 0 0 0 3 53 21 14 0 0 0 17 10 10 0 0 0 0 0 0 0 0 0 0 0 0 0 0 0 0 0 0 0 0 0 0 0 0 0 0 0 0 13 0 0 0 0 0 0 0 0 0 0 0 0 0 0 0 19 0 0 0 0 0 0 0 0 0 0 0 9 4 0 5 2 2 9 2 0 0 0 0 0 0 0 0 0 0 0 0 0 0 0 0 0 0 0 21 0 0 0 0 1 0 0 0 
 2 2 2 2 2 2 3 3 4 4 2 2 2 2 2 2 2 2 4 2 270 45 79 0 92 39 306 81 308 365 122 399 47 288 80 49 123 490 67 131 0 0 0 0 0 0 0 2 19 0 0 0 0 0 4 3 3 5 0 0 0 0 0 0 27 0 0 0 0 0 0 1 0 0 0 0 0 0 0 0 0 0 0 0 0 0 0 0 0 0 0 0 0 0 1 0 0 0 0 0 0 1 0 29 46 20 0 0 11 1 21 35 0 0 0 0 2 3 0 0 0 0 1 0 0 0 0 0 0 0 0 0 0 0 0 0 0 0 11 1 0 0 0 0 0 0 0 0 0 0 0 0 0 0 0 0 0 0 0 0 0 0 0 0 0 0 0 0 0 0 0 0 0 0 0 0 0 0 0 0 18 1 1 57 40 16 0 0 0 18 32 23 0 1 0 0 18 14 0 0 0 0 0 0 0 0 0 0 0 0 0 0 18 0 0 0 0 0 0 0 0 0 0 0 0 0 0 0 0 0 0 0 0 16 9 0 0 0 0 0 0 0 0 0 0 0 0 0 0 0 0 0 0 0 9 4 1 50 44 0 0 0 0 0 0 0 7 0 0 0 0 0 0 0 0 0 0 0 0 0 0 29 0 0 0 0 14 13 0 0 
 2 0 0 0 0 0 3 75 2 2 0 2 0 0 1 1 0 0 0 0 34 47 39 92 0 384 34 73 80 61 103 349 57 49 95 63 43 48 76 69 0 0 0 0 0 0 1 212 0 62 0 0 1 0 29 3 3 5 2 4 0 0 0 0 0 0 0 2 0 1 0 3 3 0 0 0 0 4 0 0 0 0 15 0 0 0 0 0 0 0 0 0 0 0 0 0 0 0 18 0 0 0 0 0 34 59 0 2 0 0 10 18 0 0 0 0 0 0 14 0 0 0 11 1 0 0 27 0 0 0 0 0 21 10 0 2 0 0 41 27 0 0 33 1 0 0 0 0 0 0 0 0 0 0 0 0 0 4 0 0 0 0 0 0 0 12 0 0 0 0 0 0 0 0 11 0 5 0 0 0 0 0 0 0 22 31 1 0 1 0 0 0 0 0 0 0 0 2 0 0 0 0 0 0 0 0 27 0 0 0 0 0 41 0 0 0 0 0 18 31 0 0 0 25 0 0 0 0 0 0 0 0 0 0 0 0 0 0 0 0 0 0 0 0 0 2 0 0 1 0 0 0 0 0 11 3 2 8 5 0 1 0 0 0 0 0 8 0 0 0 0 0 0 0 0 0 0 0 0 0 0 2 0 0 0 0 0 0 0 0 
 0 0 0 60 1 0 1 1 0 0 0 3 0 0 0 0 0 0 1 0 255 34 28 39 384 0 26 115 40 266 65 58 41 108 61 67 52 56 63 58 47 0 0 24 0 0 0 2 0 0 61 0 11 0 65 3 3 3 191 1 0 0 0 0 0 0 0 0 0 2 0 0 1 0 0 0 0 0 0 0 0 0 0 0 0 0 0 0 0 0 2 0 0 0 0 0 0 0 0 0 0 1 0 8 1 60 0 0 0 0 0 0 0 0 0 0 11 0 0 0 0 0 11 0 0 1 42 0 0 0 0 0 35 1 9 1 0 0 43 37 2 0 0 0 0 0 0 12 0 0 0 0 0 0 0 0 0 14 0 0 0 0 0 0 0 1 0 0 0 0 0 0 0 0 0 0 19 0 0 0 0 0 0 0 0 22 1 0 0 0 0 0 1 0 0 2 2 0 0 0 1 1 1 0 0 5 37 0 0 0 2 2 22 0 29 0 0 0 42 63 0 1 0 2 27 2 0 0 9 0 0 0 0 0 0 0 0 0 0 0 0 0 0 0 0 0 0 0 0 0 0 0 0 0 2 2 5 10 0 0 1 1 0 0 0 0 0 0 0 0 0 0 0 0 0 0 0 0 0 0 0 0 0 0 0 0 0 0 0 0 
 4 3 3 3 3 6 3 3 3 5 3 5 3 3 3 3 3 3 3 4 391 159 323 306 34 26 0 86 55 109 25 258 354 303 60 124 33 30 264 203 0 0 0 0 0 1 0 2 0 0 0 66 0 0 3 3 2 2 6 10 0 0 0 0 0 0 0 0 4 0 0 6 53 2 0 0 0 0 0 0 0 0 0 0 0 0 0 1 0 0 0 0 0 0 2 0 0 0 0 0 17 0 10 21 0 0 22 36 17 14 8 13 0 39 68 0 34 11 0 4 0 0 0 0 0 0 0 0 0 0 0 0 0 0 0 0 0 0 0 0 0 14 0 0 0 51 0 0 0 0 0 29 0 0 0 0 0 0 0 0 0 0 1 14 0 0 0 0 0 0 0 18 0 0 0 22 0 0 0 1 24 6 43 10 1 0 25 57 25 26 14 0 0 12 21 8 0 24 1 34 0 0 0 0 2 17 0 2 0 0 0 0 0 0 0 0 0 0 0 0 0 0 0 0 0 0 0 0 2 0 0 0 0 0 0 0 0 0 0 0 0 0 0 0 0 0 0 0 0 0 0 0 0 0 12 0 4 1 0 2 1 0 0 0 0 0 0 0 0 0 0 0 0 0 0 0 0 0 0 0 0 24 0 0 0 0 0 0 0 0 
 2 2 1 0 2 2 3 1 3 3 2 0 3 2 1 1 1 1 1 2 274 311 88 81 73 115 86 0 50 31 28 129 67 290 104 294 30 23 74 69 0 0 0 0 0 0 0 2 0 0 0 2 0 0 3 3 2 2 0 57 0 0 0 0 0 0 0 0 0 0 2 0 2 0 0 0 0 0 0 0 0 0 0 0 0 0 0 0 2 0 0 0 1 0 0 0 0 0 0 0 11 0 31 0 0 12 0 14 45 33 24 8 2 6 3 20 30 0 0 0 0 0 0 0 0 0 0 0 0 0 0 0 0 0 0 0 0 0 0 0 0 0 0 0 0 0 0 2 0 0 0 0 0 2 0 0 0 0 0 0 0 0 0 0 0 0 0 3 0 0 0 0 0 0 0 0 0 2 2 0 1 18 32 0 0 1 1 19 33 23 0 0 0 4 2 27 18 10 0 0 0 0 0 0 0 0 0 0 0 0 0 0 0 0 0 0 0 0 0 0 0 0 0 0 0 0 0 0 0 0 0 0 0 0 0 1 21 2 2 0 0 0 1 0 0 0 2 0 0 0 0 0 0 0 2 0 0 0 0 0 9 8 0 0 0 0 0 0 0 0 0 0 0 0 0 0 2 0 0 0 0 0 0 0 0 0 1 0 0 2 
 0 0 0 0 0 0 6 3 3 4 0 2 0 0 1 0 0 0 2 1 49 366 419 308 80 40 55 50 0 386 37 29 74 74 309 372 177 276 62 62 0 0 0 0 0 1 0 2 18 1 0 0 2 0 3 3 3 5 2 0 0 0 0 1 0 0 0 4 0 0 0 8 5 0 0 0 1 7 45 0 0 0 2 0 0 0 0 0 0 0 0 0 0 0 0 0 1 0 0 0 21 22 66 36 1 1 0 2 5 56 40 26 0 1 0 41 26 27 0 0 0 0 0 0 0 0 0 0 0 0 0 0 0 0 0 0 0 0 0 0 0 0 0 0 0 0 1 8 42 0 0 0 0 0 0 0 0 0 0 0 2 0 1 0 0 0 0 19 0 0 0 0 0 0 0 0 0 0 0 1 0 1 36 64 1 0 0 0 0 14 53 15 0 0 0 16 10 24 0 0 0 0 0 0 0 0 0 0 0 0 0 0 0 0 4 0 0 2 0 0 16 0 0 0 0 0 18 0 0 0 0 0 0 0 0 0 0 0 0 0 0 0 3 0 0 0 0 0 0 0 0 0 0 0 11 2 1 2 5 0 13 0 0 0 0 0 0 0 0 0 0 0 0 0 0 0 0 0 0 0 0 13 0 0 2 0 1 0 0 0 
 0 0 0 0 0 0 5 0 0 0 1 0 1 0 0 0 1 1 0 0 110 47 334 365 61 266 109 31 386 0 362 38 33 40 89 135 410 159 157 71 0 2 0 0 0 0 0 2 10 0 0 0 62 0 4 3 3 3 0 0 0 0 9 0 0 0 0 0 0 53 0 0 0 0 0 0 0 0 0 0 0 0 0 0 0 0 0 0 0 12 0 0 1 0 0 0 0 0 0 0 1 18 23 56 8 1 0 0 0 30 24 15 0 0 0 1 15 49 0 0 0 0 7 0 0 0 0 0 0 0 0 0 0 0 0 0 0 0 0 0 0 0 0 0 0 0 0 1 0 0 0 0 22 0 0 0 0 0 0 0 0 0 0 0 0 0 0 0 1 0 0 0 0 0 0 0 0 9 2 0 0 1 0 93 73 12 0 0 0 27 39 37 0 0 2 0 14 37 0 0 0 0 0 0 0 0 0 0 0 0 0 0 12 0 0 0 0 0 0 0 0 0 0 0 0 0 0 0 0 0 0 0 0 0 0 0 0 0 0 0 0 0 14 0 0 0 0 0 0 0 0 0 0 0 3 0 2 152 156 0 1 1 0 0 0 0 0 0 0 0 0 0 0 0 0 0 0 0 0 0 0 34 0 0 0 0 13 0 0 0 
 0 2 0 0 0 0 3 0 2 2 0 0 0 0 5 0 0 0 0 0 35 18 65 122 103 65 25 28 37 362 0 342 21 35 519 61 155 268 52 63 0 0 0 0 0 0 0 65 3 0 5 0 0 0 4 4 3 17 0 0 0 0 1 0 0 0 0 0 0 2 0 0 1 0 0 2 50 0 0 0 0 0 0 0 0 0 0 0 0 0 0 0 0 0 0 0 0 0 0 0 11 0 0 31 38 20 0 0 0 1 20 35 0 0 0 0 1 1 1 0 0 0 1 2 0 0 0 0 0 0 0 0 0 0 0 0 14 9 5 1 0 0 0 2 0 0 0 0 0 0 0 0 0 0 0 0 0 0 0 0 0 0 0 1 0 0 0 0 0 0 0 0 0 0 0 0 0 0 0 0 0 0 0 30 46 16 0 0 0 18 28 30 0 0 0 0 10 8 0 0 0 1 0 0 0 0 0 0 0 0 0 0 20 0 0 0 0 0 0 0 0 0 0 0 0 0 0 0 0 0 0 0 0 0 0 0 0 0 0 0 0 0 0 0 0 1 0 0 0 0 0 0 0 0 11 0 0 75 82 0 6 0 3 0 0 0 7 0 0 0 0 0 0 0 0 0 0 0 0 0 0 22 0 0 0 0 10 0 0 0 
 3 3 3 3 3 5 6 6 14 3 3 6 3 3 3 3 3 5 3 3 34 37 36 399 349 58 258 129 29 38 342 0 36 38 31 48 71 49 18 40 0 0 0 23 0 0 0 2 4 0 0 0 0 0 65 4 5 66 1 62 0 0 0 1 0 0 0 3 0 1 37 0 2 6 2 0 0 1 0 0 0 0 0 0 0 0 0 0 0 0 0 0 0 0 0 0 0 0 0 0 0 0 0 0 40 39 0 0 0 2 0 20 0 0 0 0 0 0 0 0 0 0 1 0 0 0 0 1 0 0 0 0 5 1 0 0 0 0 21 0 1 0 0 0 2 0 0 0 0 0 0 0 0 0 0 0 0 36 0 0 0 0 0 0 0 0 0 0 0 0 0 0 0 0 0 0 0 0 0 0 0 0 0 22 54 34 0 0 0 23 12 26 0 0 0 0 23 10 0 0 0 0 0 0 0 0 1 0 2 0 0 0 17 0 0 0 1 0 38 1 0 0 0 0 0 0 0 0 0 0 0 9 0 0 0 0 0 0 0 0 0 0 0 0 0 2 0 0 0 0 0 0 0 0 23 0 1 148 154 1 4 0 2 0 0 0 21 0 0 0 0 0 0 0 0 0 0 0 0 0 0 10 0 0 0 0 12 0 0 0 
 1 1 1 0 1 1 0 0 0 2 0 2 0 4 1 0 0 0 2 0 51 42 41 47 57 41 354 67 74 33 21 36 0 69 25 32 26 40 404 251 0 33 0 0 0 0 0 2 0 0 0 4 0 0 3 65 3 2 0 9 0 0 0 0 0 0 0 0 0 0 0 0 1 6 0 1 0 0 0 0 0 0 2 0 12 12 0 0 0 0 0 0 0 13 0 0 0 0 0 0 22 7 0 0 0 1 44 13 0 1 0 0 0 43 55 0 1 0 13 30 0 0 0 0 0 0 0 0 0 0 0 0 0 9 0 0 0 0 0 0 0 0 0 6 0 0 1 0 0 0 0 0 0 1 0 0 9 0 0 0 2 0 0 0 0 0 0 0 0 0 21 0 0 0 0 0 0 0 0 0 58 12 1 0 0 0 48 62 0 1 0 0 6 35 43 12 0 0 9 28 0 0 0 0 0 0 0 0 0 0 0 0 0 0 0 0 0 2 0 0 0 0 0 0 1 0 0 0 0 0 0 0 0 0 0 0 0 0 0 0 0 0 0 0 0 0 0 0 0 0 0 0 0 0 2 2 0 0 0 2 1 0 0 29 0 0 0 0 0 0 0 0 0 0 0 0 0 0 0 0 0 0 0 0 2 0 0 0 0 0 
 0 0 0 0 0 0 0 0 0 207 0 0 0 0 0 0 0 0 74 0 345 247 56 288 49 108 303 290 74 40 35 38 69 0 517 48 39 28 63 208 0 0 0 2 0 0 0 2 0 0 0 64 0 0 3 3 3 2 0 0 0 0 0 0 54 0 0 51 0 0 0 0 1 0 0 0 0 0 0 0 0 0 0 0 0 0 0 0 0 0 0 0 0 0 0 0 0 0 0 0 58 34 11 9 0 14 25 40 57 12 1 0 0 37 25 18 56 1 0 19 0 0 0 0 1 0 0 0 0 0 0 0 0 0 0 0 0 0 0 0 0 0 0 2 0 0 0 5 0 0 0 0 0 17 0 0 0 0 0 0 0 0 0 0 0 0 0 5 0 0 1 0 0 0 0 0 0 0 0 0 26 61 20 0 0 0 34 65 49 13 0 0 0 8 24 54 19 1 0 5 0 0 0 0 0 0 0 0 0 0 0 0 0 0 0 0 0 0 0 0 0 0 0 0 0 0 0 0 0 0 0 0 0 0 0 0 0 0 0 0 0 0 0 0 0 0 0 0 0 0 0 0 0 0 15 1 0 0 0 0 2 9 0 0 0 0 0 0 0 0 0 0 0 0 0 0 0 0 0 0 0 0 0 0 0 0 0 0 0 0 
 2 0 2 0 0 0 0 0 2 2 56 2 0 0 3 0 0 0 0 0 343 278 56 80 95 61 60 104 309 89 519 31 25 517 0 232 38 38 88 76 0 0 0 0 0 0 0 2 0 0 0 0 0 0 3 3 3 4 0 0 0 0 0 0 0 0 0 1 0 0 0 0 0 0 0 0 0 0 0 0 0 0 0 0 0 0 0 0 0 15 0 0 0 0 0 0 0 0 0 0 18 12 19 19 0 0 0 27 26 33 38 0 0 8 20 48 29 0 0 0 0 8 0 0 0 0 0 0 0 0 0 0 0 0 0 0 0 0 0 0 0 0 0 0 0 0 0 3 0 0 0 0 13 2 0 0 0 0 0 0 0 0 0 0 0 0 0 20 0 0 0 0 14 0 1 0 0 0 0 0 0 24 34 0 0 0 3 13 46 15 0 0 0 0 16 15 24 12 0 6 0 0 0 0 0 0 0 0 0 0 0 0 0 0 0 0 0 0 0 16 0 0 0 0 0 0 0 0 0 0 0 0 0 0 0 0 0 0 0 0 0 0 0 0 0 0 0 0 0 0 0 0 0 0 11 0 2 2 0 2 16 8 0 0 0 0 0 0 0 0 0 0 0 0 0 0 0 0 0 0 0 0 0 0 0 0 0 0 0 0 
 1 0 0 0 0 0 0 1 0 75 0 0 76 0 0 0 100 0 2 0 30 419 402 49 63 67 124 294 372 135 61 48 32 48 232 0 233 170 33 178 3 0 0 0 2 0 0 2 15 0 0 0 0 0 3 3 70 4 0 0 0 0 0 3 0 0 0 1 3 0 0 0 2 2 2 0 0 0 0 2 0 0 0 0 0 0 0 0 0 0 0 0 0 0 0 0 0 0 2 1 10 109 41 24 0 0 0 0 40 60 18 13 0 2 0 24 49 44 0 0 0 0 0 0 0 0 0 0 0 0 0 0 0 0 0 0 0 0 23 0 0 0 0 24 1 0 0 4 0 1 0 0 0 2 2 0 0 0 0 0 0 0 0 0 0 0 0 1 0 0 0 0 0 0 0 0 0 0 0 0 0 39 25 38 0 1 0 0 22 16 28 3 0 9 0 37 27 18 0 0 0 0 0 1 28 0 0 0 0 0 0 0 0 0 0 0 0 0 0 0 0 0 0 0 0 0 0 0 0 0 0 0 0 0 0 1 0 0 0 0 0 0 0 0 0 0 1 0 0 0 0 0 0 0 9 2 0 2 2 0 12 10 0 0 0 0 0 0 0 0 0 0 0 0 0 0 0 0 0 0 0 0 0 0 0 0 0 0 0 0 
 0 2 0 51 0 0 0 1 0 2 0 0 0 0 0 0 0 2 0 0 43 279 212 123 43 52 33 30 177 410 155 71 26 39 38 233 0 242 57 28 0 0 0 0 0 0 0 2 6 0 0 0 0 0 3 5 8 3 0 3 0 0 0 0 0 0 0 0 0 1 0 0 1 0 0 0 0 0 0 0 0 0 0 0 0 0 1 0 0 0 0 0 0 0 0 0 0 0 0 0 36 19 60 33 3 0 0 0 6 61 24 20 0 1 2 22 27 42 0 0 0 0 0 0 0 0 0 0 0 0 0 0 0 0 0 0 0 0 0 0 0 0 1 0 0 0 0 11 0 0 0 0 0 0 0 0 0 11 0 0 0 0 0 0 0 0 0 0 0 0 0 0 0 1 0 0 0 0 0 0 0 1 14 46 12 0 0 0 1 23 80 41 0 0 0 6 10 27 0 0 1 0 2 0 0 0 0 0 0 1 0 0 0 0 0 2 0 0 0 1 8 0 0 0 0 0 0 0 0 0 1 0 0 0 0 0 0 0 0 0 0 0 4 0 0 0 0 0 0 0 0 0 0 0 9 0 0 76 6 2 10 0 0 0 0 0 20 0 0 0 0 0 0 0 0 0 0 0 0 0 0 11 0 0 0 0 15 0 0 0 
 0 1 0 0 0 2 1 1 3 0 0 0 4 29 0 0 0 0 3 0 45 343 351 490 48 56 30 23 276 159 268 49 40 28 38 170 242 0 120 30 0 0 0 0 0 0 0 2 8 0 0 0 0 0 3 3 3 2 3 0 0 0 0 0 3 0 0 0 2 0 0 3 1 0 0 0 0 0 0 0 0 0 0 0 0 0 0 0 0 0 0 0 0 0 0 0 0 0 0 0 13 10 27 45 0 0 0 0 0 27 21 19 0 0 0 1 28 73 0 0 0 0 0 0 0 0 0 0 0 0 0 1 0 0 0 0 0 0 0 2 0 1 0 0 0 0 0 0 0 0 0 0 0 0 0 1 0 0 0 0 0 0 0 0 0 0 0 2 0 0 0 1 0 0 0 0 0 1 0 0 0 0 12 52 23 1 0 0 0 37 44 29 0 0 0 0 14 38 1 1 0 0 0 0 0 0 0 0 0 0 0 0 0 0 2 0 0 0 0 0 0 0 2 0 0 0 0 0 0 0 0 0 0 0 0 0 0 1 0 0 0 0 17 0 0 0 0 0 0 0 0 0 0 0 7 0 2 73 157 0 10 3 0 0 0 0 20 0 0 0 0 0 0 0 0 0 0 0 0 0 0 45 0 0 0 0 12 0 0 0 
 0 7 2 0 0 224 0 0 0 2 0 0 0 0 0 0 1 4 0 0 56 49 24 67 76 63 264 74 62 157 52 18 404 63 88 33 57 120 0 225 0 0 0 0 0 0 0 2 0 0 0 0 0 0 71 3 3 2 1 12 0 0 0 0 0 0 0 0 0 0 2 2 1 32 0 7 0 0 1 0 1 0 1 0 16 0 0 0 0 0 1 0 0 0 0 0 0 0 0 0 7 2 0 0 0 0 18 1 0 0 0 0 0 12 17 0 0 0 0 17 0 0 0 0 0 2 0 0 0 0 0 0 0 15 0 0 1 0 0 0 0 0 0 0 0 0 0 0 4 0 0 4 0 0 0 0 0 0 0 0 0 0 0 2 0 8 0 0 0 0 3 0 0 0 0 0 0 0 0 0 10 1 0 0 0 0 3 0 0 0 0 13 10 19 8 1 0 0 11 11 0 1 0 0 0 0 0 0 0 0 1 0 2 0 0 0 0 0 2 0 0 2 0 0 0 0 0 0 0 0 0 0 0 0 0 0 0 0 0 0 0 0 0 0 0 0 0 0 0 0 0 0 0 0 5 0 0 0 0 0 2 0 0 0 0 0 0 0 0 0 0 0 0 0 0 0 0 0 0 0 0 0 0 0 0 0 0 0 0 0 
 0 2 0 0 0 0 2 2 0 8 0 0 1 0 0 0 111 79 0 0 209 48 37 131 69 58 203 69 62 71 63 40 251 208 76 178 28 30 225 0 2 0 3 0 0 0 63 3 0 2 0 10 0 0 3 3 2 2 0 6 0 0 0 0 2 0 0 0 50 0 0 0 2 9 0 0 0 1 0 0 0 0 0 0 0 0 0 0 0 0 0 0 0 0 0 0 0 0 1 0 22 8 0 0 0 0 55 24 7 0 0 0 0 53 73 1 0 0 0 31 0 0 0 0 0 0 2 0 0 0 0 0 0 0 0 0 0 0 0 0 0 0 0 4 0 0 0 0 0 0 0 0 0 4 1 0 0 0 0 0 0 0 0 0 0 0 0 0 0 0 0 0 0 0 0 0 0 0 0 0 56 9 1 0 0 0 68 59 0 26 0 18 6 21 57 8 0 19 9 16 0 0 0 2 0 0 0 0 0 0 0 0 0 0 12 0 0 0 0 0 1 0 3 0 0 0 0 0 0 0 0 0 0 0 0 2 0 0 0 0 0 0 0 0 0 0 0 0 0 0 0 0 0 0 16 0 3 0 0 0 0 0 0 0 0 0 0 0 0 0 0 0 0 0 0 0 0 0 0 0 0 0 0 0 0 0 0 0 0 2 
 0 0 0 0 0 0 0 1 0 0 0 3 0 0 0 0 49 0 0 0 0 0 0 0 0 47 0 0 0 0 0 0 0 0 0 3 0 0 0 2 0 179 82 79 27 261 564 533 61 472 18 102 269 146 180 40 33 32 467 282 0 3 0 0 0 5 0 0 0 2 0 0 0 0 0 0 0 0 1 0 0 0 0 0 0 0 0 0 0 0 0 0 0 0 0 0 0 0 0 0 0 0 0 0 0 0 0 0 0 0 0 0 0 0 0 0 0 0 0 0 26 14 10 30 0 0 0 74 66 25 0 0 0 48 7 38 30 7 18 0 0 1 12 0 0 0 0 0 0 0 0 0 0 0 0 0 0 0 0 4 0 0 0 0 0 0 0 0 0 0 0 0 0 21 0 0 0 0 0 0 0 0 0 0 0 0 0 0 0 0 0 0 0 0 0 19 0 0 0 0 15 43 38 0 0 0 18 14 33 10 10 0 0 29 20 27 58 24 0 0 0 0 0 0 12 0 0 0 0 0 0 0 0 0 0 0 0 0 8 0 0 0 0 0 0 0 0 0 0 0 0 8 0 0 0 0 0 0 0 0 0 0 0 0 1 4 0 0 0 0 0 0 0 0 0 0 0 0 0 0 0 0 0 0 0 6 0 0 1 7 
 2 2 2 2 2 7 3 2 2 2 2 2 2 2 2 2 2 2 2 2 0 0 0 0 0 0 0 0 0 2 0 0 33 0 0 0 0 0 0 0 179 0 338 56 42 48 60 323 94 40 35 36 38 100 118 299 205 45 36 45 0 0 4 0 0 34 0 2 16 4 0 0 3 0 10 9 5 5 3 0 0 0 0 0 14 0 0 0 0 0 0 0 0 0 0 0 0 0 0 0 0 0 0 0 0 0 0 0 0 0 0 0 0 0 0 4 0 0 0 0 10 23 24 32 0 0 0 0 31 34 20 7 0 11 0 0 17 18 0 0 0 19 9 0 0 0 0 0 0 0 4 0 4 0 12 3 14 3 0 0 0 0 0 0 0 0 0 0 0 0 0 16 0 5 0 0 0 0 0 0 0 0 0 0 0 0 0 0 0 0 0 0 0 0 0 0 0 0 0 0 0 7 3 28 0 0 0 15 19 35 34 0 0 10 0 38 10 20 0 0 0 3 0 11 0 0 0 11 0 4 6 3 0 0 0 0 0 10 0 0 0 0 0 0 0 0 0 0 0 0 0 10 0 0 0 0 0 0 0 0 0 0 2 0 0 11 0 0 0 0 11 0 0 9 0 0 0 0 0 0 0 0 0 0 12 21 0 0 1 9 
 2 2 2 2 2 4 3 2 2 2 2 36 2 2 2 2 2 4 2 2 0 0 0 0 0 0 0 0 0 0 0 0 0 0 0 0 0 0 0 3 82 338 0 116 47 34 71 104 281 488 45 62 94 60 60 150 192 307 264 72 0 0 0 0 0 1 0 0 0 1 0 2 0 0 65 0 0 0 4 0 0 0 0 0 0 0 0 21 0 0 0 0 0 0 0 0 0 0 0 0 0 1 0 0 0 0 0 0 0 0 0 0 0 0 0 0 0 0 0 0 0 13 23 34 7 0 0 0 2 12 29 3 0 0 0 0 20 9 0 0 0 38 0 0 0 0 0 0 0 3 6 0 4 0 0 0 4 0 0 0 0 0 0 0 0 0 0 0 0 0 0 0 0 2 0 0 0 0 0 0 0 0 0 0 0 0 0 0 0 0 0 0 0 0 0 0 0 0 0 0 0 0 0 40 11 13 0 16 8 47 20 37 0 3 0 8 0 10 0 0 0 0 0 0 0 0 0 28 0 14 0 0 0 0 0 0 0 17 0 0 0 0 12 0 0 0 0 0 0 0 0 16 0 0 0 0 0 0 0 12 1 0 4 1 0 32 4 1 0 0 13 0 0 0 0 0 0 0 0 0 0 0 0 0 6 14 0 0 2 0 
 0 0 0 0 0 0 0 0 0 0 0 0 0 0 0 0 0 2 2 0 2 0 122 0 0 24 0 0 0 0 0 23 0 2 0 0 0 0 0 0 79 56 116 0 99 286 95 40 120 303 160 230 51 58 68 38 139 324 75 68 0 0 0 4 3 0 0 0 2 1 31 21 2 0 0 0 0 0 1 0 0 0 0 0 0 0 0 0 0 0 0 0 0 0 0 0 0 0 18 0 0 0 0 0 0 0 0 0 0 0 0 0 0 0 0 0 0 0 0 0 0 0 0 0 15 12 0 0 1 14 1 27 0 0 0 0 0 2 0 0 0 1 1 0 5 0 11 0 0 5 6 2 0 0 0 0 0 0 6 0 0 0 0 0 0 0 0 0 0 0 0 0 0 0 0 0 0 0 0 0 0 0 0 0 0 0 0 0 0 13 16 0 0 0 0 0 0 0 0 0 0 0 0 1 34 41 0 0 0 10 22 64 0 0 0 0 0 18 0 0 0 0 0 0 10 2 19 0 0 0 0 0 0 0 0 0 0 0 13 6 0 6 7 0 0 0 0 0 0 0 0 7 0 0 0 0 0 0 0 11 0 0 42 2 0 2 7 32 0 0 16 0 0 0 0 14 0 0 0 0 0 0 0 0 0 0 0 0 2 0 
 0 0 0 0 4 0 0 2 0 0 0 0 1 0 0 0 0 0 0 63 0 0 0 0 0 0 0 0 0 0 0 0 0 0 0 2 0 0 0 0 27 42 47 99 0 275 100 80 293 97 89 234 89 80 73 99 54 38 131 120 0 0 1 0 0 0 0 3 0 12 0 3 0 4 0 0 0 0 0 0 0 0 0 0 0 0 0 0 0 0 0 0 0 0 0 0 47 0 0 0 0 0 0 0 0 0 0 0 0 0 0 0 0 0 0 0 0 0 0 26 5 41 9 0 7 15 0 6 0 0 0 0 0 0 4 2 0 6 0 0 10 0 0 0 0 0 37 0 0 0 20 0 0 0 11 5 0 1 7 19 0 0 0 0 0 0 5 0 4 0 0 0 0 0 0 5 0 0 0 11 0 0 0 0 0 0 0 0 0 0 0 0 0 0 0 0 0 0 0 0 2 5 8 0 1 24 0 0 11 0 0 1 0 6 0 0 0 6 22 0 43 0 0 0 0 0 20 0 0 11 0 0 2 0 0 0 9 0 26 13 0 0 0 0 0 0 0 0 0 0 0 3 1 0 0 0 0 0 0 2 0 0 1 7 0 5 0 1 0 0 0 0 0 0 0 0 0 0 0 0 0 0 0 0 0 0 0 0 1 0 
 0 0 0 0 0 0 3 0 0 0 0 0 0 0 0 0 0 0 1 0 0 0 0 0 0 0 1 0 1 0 0 0 0 0 0 0 0 0 0 0 261 48 34 286 275 0 61 39 36 53 290 277 46 271 50 64 61 54 264 59 0 0 36 1 0 0 0 26 0 5 0 7 1 0 0 0 0 0 119 8 0 4 0 0 0 0 0 0 0 0 0 0 0 0 0 0 0 0 37 0 0 0 0 0 0 0 0 0 0 0 0 0 0 0 0 0 0 0 0 0 0 0 0 0 0 7 0 0 0 0 0 0 0 0 0 0 8 0 20 0 7 11 0 0 0 0 11 0 0 0 0 0 14 15 13 6 0 0 16 22 0 0 1 0 0 0 0 0 5 0 0 0 0 0 0 3 0 0 0 8 0 0 0 0 0 0 0 0 0 0 11 0 0 0 41 0 0 0 0 0 0 0 0 0 0 3 0 0 0 12 0 0 0 0 0 0 0 0 0 0 32 15 0 0 0 0 17 8 0 10 0 0 76 13 6 0 0 0 16 5 0 0 0 0 0 0 0 0 0 0 0 10 0 0 0 0 0 0 0 0 0 21 0 0 0 1 1 0 0 0 0 0 0 0 0 0 0 0 0 0 0 0 0 0 0 0 0 0 0 0 
 0 0 0 0 0 0 19 1 0 0 0 0 0 0 0 0 0 0 0 0 0 0 0 0 1 0 0 0 0 0 0 0 0 0 0 0 0 0 0 63 564 60 71 95 100 61 0 121 257 36 43 51 313 536 51 42 26 26 258 246 34 13 2 1 1 3 22 6 53 0 0 1 5 6 4 55 3 3 3 0 0 5 0 0 0 0 0 0 0 0 0 6 0 0 0 1 0 0 0 0 0 0 0 0 0 1 19 0 0 0 0 0 0 0 20 0 0 0 0 0 30 14 1 0 0 0 20 14 28 0 0 0 9 22 18 44 7 17 11 10 0 5 0 3 0 0 0 0 4 16 0 0 0 0 0 5 1 6 0 4 0 0 0 0 0 0 0 0 0 7 0 0 0 0 0 0 0 0 0 0 1 0 0 0 0 0 0 0 0 0 0 0 0 0 0 0 0 0 0 0 61 20 62 0 0 0 28 20 15 0 0 0 0 28 20 9 22 10 0 0 0 10 7 0 0 0 0 0 10 15 2 1 0 0 0 6 6 0 8 0 0 0 0 0 0 0 0 0 0 0 0 6 0 0 0 0 0 0 0 0 0 0 0 0 0 2 0 0 0 0 0 0 0 0 0 0 0 0 0 0 0 0 0 0 0 0 0 0 2 0 
 0 0 0 0 0 0 3 1 3 0 0 0 0 0 0 0 0 3 0 0 2 2 2 2 212 2 2 2 2 2 65 2 2 2 2 2 2 2 2 3 533 323 104 40 80 39 121 0 303 47 37 58 87 347 143 124 34 37 387 78 0 3 0 51 0 10 0 0 0 0 0 0 0 0 0 0 4 0 2 0 0 0 0 0 0 0 0 0 0 0 0 0 0 0 0 0 0 0 0 0 0 0 0 0 0 0 0 0 0 0 0 0 0 0 0 0 0 0 0 0 21 38 74 40 8 41 0 16 12 25 1 1 0 14 0 14 27 20 0 0 1 0 0 0 0 0 0 0 0 0 0 0 11 0 0 0 4 0 6 3 0 0 0 0 0 0 0 0 0 0 0 0 0 2 0 0 0 0 0 0 0 0 0 0 0 0 0 0 0 0 0 0 0 0 0 0 0 0 0 0 0 14 20 4 13 0 3 19 29 25 7 4 0 9 0 24 3 22 0 0 4 0 0 0 0 0 0 11 0 0 0 0 4 0 1 0 0 0 7 0 0 0 0 0 0 0 0 0 0 0 0 6 0 0 0 0 0 0 0 0 1 0 2 0 0 13 0 0 0 0 21 0 0 0 0 0 0 0 0 0 0 0 0 0 9 9 0 0 2 0 
 0 0 0 0 0 0 0 3 0 0 0 0 0 0 1 0 0 0 0 3 0 0 63 19 0 0 0 0 18 10 3 4 0 0 0 15 6 8 0 0 61 94 281 120 293 36 257 303 0 197 34 102 95 138 383 290 223 111 314 72 0 0 47 0 0 5 0 0 0 2 15 0 0 206 0 0 0 0 9 0 0 0 0 0 0 0 0 0 0 0 0 0 0 0 0 0 0 0 0 0 0 0 4 4 2 0 0 0 0 0 4 8 0 0 0 0 0 7 0 0 1 7 18 27 13 0 0 0 9 33 30 13 0 1 0 0 21 33 0 0 0 2 0 0 0 0 0 0 0 0 0 0 3 0 0 0 3 0 0 0 0 0 0 0 0 0 0 0 0 0 0 0 0 3 0 0 0 0 0 0 0 0 0 6 5 0 0 0 0 5 12 20 0 0 0 0 49 3 0 0 0 6 1 40 0 9 0 6 21 12 24 27 0 1 0 10 9 11 0 0 0 0 0 0 0 0 0 9 0 7 0 0 0 0 0 0 0 8 0 0 0 0 3 0 0 0 0 0 0 0 0 13 0 1 0 0 0 0 6 6 0 0 0 1 1 11 0 1 0 0 5 0 0 0 0 0 0 0 0 0 0 6 0 0 9 9 0 0 0 0 
 2 2 2 2 2 5 2 4 2 3 2 2 2 2 2 2 2 4 2 2 0 0 0 0 62 0 0 0 1 0 0 0 0 0 0 0 0 0 0 2 472 40 488 303 97 53 36 47 197 0 291 105 64 60 85 226 235 349 72 311 0 3 0 0 3 3 0 1 0 2 3 3 0 0 0 0 1 2 4 0 0 0 17 0 23 0 0 0 0 0 0 0 0 0 0 0 0 0 19 0 0 0 0 0 0 0 0 0 0 0 0 0 0 0 0 0 0 0 0 0 0 0 1 10 36 5 0 0 0 23 57 39 0 0 0 0 16 33 0 0 0 1 0 0 0 0 0 0 0 9 4 0 0 0 0 0 0 0 0 0 0 0 0 0 0 0 0 0 0 0 0 0 0 0 0 0 0 0 0 0 0 0 0 0 0 0 0 0 0 0 0 0 0 0 0 0 0 0 0 0 0 0 21 37 47 16 0 0 0 19 35 43 0 0 0 7 0 5 0 0 0 0 0 0 0 0 1 0 0 1 0 0 0 0 0 0 0 0 0 0 0 0 2 0 0 0 0 0 0 0 0 17 0 1 0 0 0 0 0 8 0 0 63 73 2 2 1 63 2 0 0 0 0 0 0 0 0 0 0 0 0 3 7 0 16 1 0 0 0 0 
 0 0 0 0 6 0 5 4 0 5 0 0 0 33 0 0 0 0 0 0 0 0 1 0 0 61 0 0 0 0 5 0 0 0 0 0 0 0 0 0 18 35 45 160 89 290 43 37 34 291 0 247 36 38 51 162 150 283 41 46 0 0 0 0 0 0 0 0 0 7 0 0 0 0 0 0 0 0 0 0 0 0 0 0 0 0 0 0 0 0 0 0 0 0 0 0 0 16 0 0 0 0 0 0 0 0 0 0 0 0 0 0 0 0 0 0 0 0 0 0 10 0 0 0 19 10 0 0 3 11 2 25 0 0 0 0 3 0 0 0 0 0 0 0 0 0 10 0 0 5 15 0 0 0 0 0 0 0 12 0 0 0 6 0 0 0 0 0 0 0 0 0 0 0 0 0 0 0 0 0 0 0 0 0 0 0 0 0 0 0 0 0 0 0 0 0 0 0 0 0 0 0 0 0 22 27 0 0 0 10 11 31 0 0 0 0 0 11 0 0 0 0 0 0 0 0 16 0 6 0 0 0 0 0 0 0 0 0 9 8 0 0 6 0 0 0 0 0 0 0 0 8 0 2 0 0 0 0 2 0 0 0 94 32 0 0 0 31 1 0 0 0 0 0 0 0 0 0 0 0 0 0 0 0 1 0 0 0 0 16 
 0 0 0 0 0 0 0 0 0 2 0 4 2 0 1 0 0 0 1 10 5 0 0 0 0 0 66 2 0 0 0 0 4 64 0 0 0 0 0 10 102 36 62 230 234 277 51 58 102 105 247 0 37 213 239 40 88 81 33 113 0 0 0 0 0 0 0 10 0 6 0 53 2 0 0 3 0 0 3 0 0 0 0 0 0 0 0 0 0 0 0 0 0 0 0 0 0 0 0 0 6 0 0 0 0 0 13 5 7 0 0 0 0 18 3 1 3 26 0 0 0 0 0 0 12 11 0 0 0 0 18 59 0 9 0 0 0 1 0 0 0 0 0 0 0 14 13 0 0 0 2 0 0 0 0 8 0 0 4 13 0 0 0 0 0 0 0 0 0 0 0 0 0 0 0 5 0 0 0 0 35 5 5 0 0 0 4 7 0 0 0 0 0 50 3 1 0 0 0 26 0 0 0 1 36 28 0 0 0 0 21 2 0 0 0 0 0 0 0 0 6 0 0 0 0 0 43 0 0 11 0 0 22 0 33 0 0 0 16 3 0 0 0 0 0 1 0 0 0 0 0 4 0 2 0 0 0 0 1 5 0 1 64 62 0 6 0 62 0 0 0 0 0 0 0 0 0 0 0 0 0 0 0 0 0 0 0 0 0 0 
 0 0 0 0 0 0 0 0 0 0 0 0 0 62 6 0 0 0 0 0 0 0 0 0 1 11 0 0 2 62 0 0 0 0 0 0 0 0 0 0 269 38 94 51 89 46 313 87 95 64 36 37 0 83 252 28 47 41 287 143 0 23 0 0 5 0 0 0 0 2 0 0 20 0 0 0 0 0 0 1 0 0 0 0 0 0 0 0 0 0 19 0 0 0 0 0 0 0 0 0 0 0 0 0 0 0 0 2 0 0 0 0 0 0 0 0 0 0 0 0 18 0 0 0 4 9 8 28 14 4 5 0 22 21 21 17 0 0 14 9 1 0 0 0 0 0 0 0 0 0 0 0 10 15 0 0 0 0 10 0 0 0 0 0 0 0 0 0 0 0 0 0 0 0 0 0 2 0 0 9 0 0 0 0 0 1 0 0 0 0 0 0 0 0 0 0 0 0 0 0 29 11 8 0 7 5 23 25 11 0 0 27 0 24 40 0 65 0 10 10 0 0 0 0 0 0 0 0 0 0 0 0 5 0 0 0 0 0 18 0 0 0 0 0 0 0 0 0 0 0 0 6 0 2 0 1 0 0 2 0 0 0 0 0 1 0 2 0 2 0 0 0 0 0 0 0 0 0 0 0 0 0 5 0 7 0 0 0 0 0 
 0 0 0 0 0 0 0 0 0 0 0 0 6 0 6 0 39 0 0 0 0 0 0 0 0 0 0 0 0 0 0 0 0 0 0 0 0 0 0 0 146 100 60 58 80 271 536 347 138 60 38 213 83 0 222 52 145 49 318 107 0 3 0 0 2 20 0 0 0 2 0 0 0 1 0 0 0 0 1 0 0 0 0 0 0 0 0 0 0 0 0 14 0 0 0 0 0 45 0 0 0 0 0 0 0 0 0 0 0 0 0 0 0 0 0 0 0 0 0 0 73 13 13 16 0 0 0 41 59 19 1 0 0 51 18 36 12 32 48 0 0 0 0 0 0 0 0 0 0 0 0 0 0 0 0 0 0 0 0 3 0 0 0 0 0 0 0 0 0 0 0 0 0 0 0 0 10 0 0 0 0 0 0 0 0 0 0 0 0 0 0 0 0 7 0 0 0 0 0 0 19 77 32 1 0 0 56 17 35 14 20 0 0 23 23 24 74 16 10 0 0 0 0 0 0 0 0 5 0 0 0 0 0 0 0 0 14 0 9 0 0 0 0 0 0 0 0 0 0 0 0 9 0 0 0 0 0 0 0 1 0 0 0 0 0 4 4 0 0 0 0 0 0 0 0 0 0 0 0 0 0 0 0 0 0 14 0 0 1 0 
 0 0 0 0 0 0 0 0 0 0 0 0 0 63 0 61 0 66 0 0 3 3 3 4 29 65 3 3 3 4 4 65 3 3 3 3 3 3 71 3 180 118 60 68 73 50 51 143 383 85 51 239 252 222 0 168 47 37 106 128 0 0 5 5 3 4 0 0 0 5 5 3 0 0 0 3 6 6 1 0 0 0 21 0 0 0 0 0 1 0 0 0 0 0 0 0 0 0 0 0 0 0 0 0 0 18 0 0 0 0 0 0 0 0 0 0 0 0 0 0 48 15 54 45 0 0 15 0 42 2 0 0 1 36 0 17 14 0 24 25 0 0 6 0 4 0 0 0 0 0 3 7 0 0 0 0 0 3 0 0 0 0 0 0 0 0 0 0 0 0 0 0 0 4 0 0 0 0 0 0 0 0 0 1 0 1 0 0 0 0 0 0 0 0 0 0 0 0 0 0 5 47 17 14 0 0 0 1 6 16 21 0 17 8 9 22 0 13 2 9 0 0 0 0 11 33 0 20 0 0 0 2 0 0 0 0 0 0 0 0 0 0 0 0 0 0 0 0 0 33 0 20 0 2 0 0 0 0 2 0 0 0 0 0 0 28 3 0 0 0 5 0 0 0 0 5 0 0 0 0 0 0 0 0 0 2 0 0 0 0 
 0 2 0 0 0 0 7 3 3 0 4 0 0 0 2 0 0 0 0 0 3 3 3 3 3 3 3 3 3 3 4 4 65 3 3 3 5 3 3 3 40 299 150 38 99 64 42 124 290 226 162 40 28 52 168 0 97 195 28 60 0 0 3 0 0 1 0 0 0 1 0 0 0 0 0 0 0 0 15 0 0 0 0 0 12 0 0 0 0 0 0 0 0 0 0 0 0 0 0 0 0 0 1 0 0 0 0 0 0 0 0 0 0 0 0 0 0 0 0 0 0 18 4 14 16 0 0 0 19 0 38 36 0 1 1 1 10 29 1 0 0 13 0 0 0 0 0 0 0 8 50 0 5 0 0 0 3 0 0 0 0 0 0 0 0 0 0 0 0 0 0 0 0 4 0 0 0 0 0 0 0 0 0 0 0 0 0 0 0 0 0 0 0 0 0 0 0 0 0 1 0 0 23 50 7 0 0 14 8 46 64 32 13 0 1 7 0 21 0 0 0 0 0 0 0 0 0 4 0 0 0 0 0 0 0 0 0 0 10 0 0 0 8 0 0 1 0 0 0 0 0 3 0 1 0 0 0 0 2 11 0 0 7 0 0 5 1 1 0 0 19 0 0 0 0 0 0 0 0 0 0 0 0 0 24 0 0 0 0 0 
 1 0 0 0 3 0 0 0 2 0 0 0 0 0 2 0 69 0 0 0 1 1 3 3 3 3 2 2 3 3 3 5 3 3 3 70 8 3 3 2 33 205 192 139 54 61 26 34 223 235 150 88 47 145 47 97 0 273 36 60 0 0 0 5 1 0 0 0 0 6 9 8 0 0 0 0 7 7 3 0 0 0 0 9 0 0 0 0 0 0 0 20 0 0 0 0 0 0 0 0 0 0 0 0 0 0 0 0 0 0 0 0 0 0 0 0 0 0 0 0 0 18 15 9 11 0 0 0 0 8 36 20 0 0 0 0 3 21 0 0 0 6 0 0 11 0 0 0 0 6 9 8 5 0 0 0 10 0 1 1 0 0 0 0 0 0 0 0 0 0 0 2 0 0 0 0 8 0 0 0 0 0 0 0 0 0 0 0 0 0 0 0 0 0 0 0 0 0 0 0 0 28 0 28 50 14 0 35 6 18 6 28 0 0 0 8 0 19 0 0 0 0 0 1 8 5 0 0 0 0 0 5 0 0 0 0 0 0 4 0 0 0 22 0 0 0 0 0 0 0 0 6 0 0 0 0 0 0 0 9 0 0 2 65 0 0 9 0 0 0 28 0 0 0 0 9 0 0 0 0 0 0 0 0 20 14 0 0 2 0 
 3 3 3 3 3 5 5 7 10 6 3 3 3 3 3 3 3 5 3 3 2 4 2 5 5 3 2 2 5 3 17 66 2 2 4 4 3 2 2 2 32 45 307 324 38 54 26 37 111 349 283 81 41 49 37 195 273 0 67 49 0 0 0 0 4 0 0 52 0 2 0 1 0 0 0 0 0 0 1 0 0 0 0 0 0 0 0 0 0 0 0 0 0 0 0 0 0 0 0 0 12 0 0 0 10 0 0 0 0 0 0 0 0 24 8 0 0 0 0 0 5 0 5 12 19 0 0 0 0 8 30 67 0 0 0 0 24 29 0 0 0 7 0 0 0 0 0 0 0 6 21 0 0 0 0 0 0 0 0 0 0 0 0 0 0 0 0 0 0 0 0 0 0 1 0 0 0 0 0 0 0 0 0 0 0 0 0 0 0 0 6 0 0 0 0 0 0 0 0 0 0 0 0 32 50 13 0 0 0 11 27 29 0 0 0 0 0 6 0 0 0 0 0 0 0 0 2 7 0 0 0 17 0 0 0 0 0 0 17 0 0 0 26 0 0 0 0 0 0 0 0 13 0 0 0 0 0 0 1 18 0 0 70 64 1 11 3 65 0 0 0 0 0 0 0 0 0 0 0 0 0 0 0 0 15 15 0 0 1 4 
 0 0 0 0 0 0 2 2 4 5 0 0 0 0 0 0 0 0 3 0 0 2 0 0 2 191 6 0 2 0 0 1 0 0 0 0 0 3 1 0 467 36 264 75 131 264 258 387 314 72 41 33 287 318 106 28 36 67 0 322 5 9 3 0 0 0 3 5 2 0 0 0 3 3 2 3 0 0 51 5 0 0 0 0 0 0 0 0 0 0 0 0 0 0 0 0 0 0 0 0 0 9 0 0 1 1 0 3 0 0 0 0 0 0 0 0 0 0 0 0 0 0 8 0 0 0 42 2 0 0 0 0 47 0 13 3 0 0 13 31 4 0 0 0 0 0 8 0 0 0 0 0 0 0 0 0 0 0 0 1 0 0 0 0 0 0 0 0 0 0 0 0 0 0 0 0 11 0 0 17 0 0 0 0 0 16 5 0 0 0 0 0 0 0 0 0 6 0 0 0 31 0 0 0 0 0 14 9 8 0 0 0 29 14 16 0 0 0 19 33 0 0 0 0 0 0 0 0 0 0 0 0 14 0 0 0 0 0 0 19 0 0 0 0 0 0 0 0 0 0 0 0 0 0 0 0 0 0 0 0 0 0 0 0 0 4 0 0 0 0 2 0 0 0 0 0 0 0 0 0 0 0 0 0 0 0 0 0 2 7 
 0 0 0 0 3 10 0 3 0 0 0 2 0 0 0 0 0 0 0 0 0 0 1 0 4 1 10 57 0 0 0 62 9 0 0 0 3 0 12 6 282 45 72 68 120 59 246 78 72 311 46 113 143 107 128 60 60 49 322 0 2 8 0 1 1 1 1 0 2 2 1 1 2 2 0 0 2 2 2 2 0 0 0 0 0 7 0 0 0 0 0 0 0 0 0 0 0 0 0 0 0 0 0 0 0 0 6 0 0 0 10 0 5 7 0 0 0 17 10 13 12 0 0 0 0 0 15 38 21 0 16 14 30 29 20 23 0 0 15 12 1 0 0 0 0 0 0 0 0 0 0 0 0 0 0 0 0 0 0 0 0 0 0 0 9 0 0 0 0 0 0 0 0 0 0 0 5 0 0 0 7 0 0 0 0 0 7 7 0 0 0 0 16 7 0 0 0 0 3 0 37 17 10 0 0 0 21 18 22 0 0 0 0 40 59 0 60 1 18 15 0 0 0 0 0 0 0 0 0 0 0 14 0 0 15 0 0 0 7 0 0 0 0 0 0 0 0 0 0 0 0 5 0 1 0 0 0 0 2 0 1 0 0 0 0 2 2 0 0 0 0 0 0 0 0 3 0 0 0 0 0 0 0 0 0 1 0 0 0 0 
 0 0 0 0 0 0 0 0 0 0 0 2 0 0 0 0 0 0 0 0 0 0 0 0 0 0 0 0 0 0 0 0 0 0 0 0 0 0 0 0 0 0 0 0 0 0 34 0 0 0 0 0 0 0 0 0 0 0 5 2 0 101 78 40 70 37 310 455 74 39 249 250 265 127 239 37 22 31 33 111 0 0 0 0 0 0 0 0 2 0 0 0 0 0 0 0 0 0 0 0 3 1 1 2 2 2 2 0 3 3 1 2 2 2 3 2 2 2 2 2 0 0 0 0 0 0 0 12 0 0 0 0 0 0 0 0 0 0 0 0 8 10 0 3 0 0 0 7 16 45 9 9 1 1 0 20 7 12 0 0 0 0 1 0 0 0 0 0 0 0 0 0 0 15 0 0 0 0 0 0 0 0 0 0 0 0 0 0 0 0 0 0 0 0 0 0 0 0 0 0 0 0 0 0 15 0 0 0 0 0 0 0 0 0 0 0 0 0 0 0 0 50 36 1 0 0 0 1 37 10 5 1 0 10 28 36 41 17 0 0 2 0 0 0 0 0 0 0 0 0 0 0 0 0 11 0 0 0 0 0 0 0 0 0 0 0 0 0 0 0 0 0 0 0 2 0 0 0 0 0 0 0 0 0 0 0 0 0 0 0 
 2 3 3 3 3 3 3 3 3 2 2 5 3 3 3 3 3 3 2 3 0 0 0 0 0 0 0 0 0 0 0 0 0 0 0 0 0 0 0 0 3 0 0 0 0 0 13 3 0 3 0 0 23 3 0 0 0 0 9 8 101 0 135 70 279 64 129 220 446 40 43 50 478 97 164 344 129 67 40 32 0 0 0 0 0 0 0 0 0 0 0 0 0 0 0 0 0 0 0 0 0 9 0 1 0 1 1 0 0 0 0 1 0 0 0 0 0 1 0 0 3 4 0 0 8 6 5 7 8 0 0 0 0 5 9 2 4 0 0 7 0 0 2 6 15 0 13 8 0 2 8 19 9 0 0 1 1 6 27 0 0 0 0 0 0 0 0 0 0 0 0 0 0 0 0 0 0 0 0 0 0 0 0 0 0 0 0 0 0 0 0 0 0 0 0 0 0 0 0 0 10 1 4 0 10 0 5 7 0 0 0 0 0 6 4 0 24 0 3 0 0 0 1 40 0 2 0 0 33 18 52 0 14 0 0 0 18 14 8 0 16 0 0 3 0 0 0 0 0 0 0 0 0 0 4 0 0 0 0 19 0 0 0 0 0 0 0 0 0 0 15 0 0 16 0 0 0 0 0 0 0 0 0 0 9 0 0 0 0 0 
