 0 64 45 60 46 244 464 432 116 35 39 45 38 164 438 26 47 15 31 137 0 0 0 76 0 3 1 2 0 0 2 75 0 0 0 0 0 0 0 0 0 2 0 0 0 0 0 0 0 0 0 0 0 0 0 0 2 0 0 0 0 0 0 0 0 0 0 0 0 0 3 0 0 0 30 32 0 0 3 2 42 25 31 0 0 0 20 71 20 32 1 0 0 13 25 30 15 12 0 0 0 0 0 0 0 0 0 0 0 0 13 0 0 0 0 0 0 0 0 0 0 1 0 2 2 0 0 0 12 0 14 0 0 2 0 0 0 0 0 0 0 0 0 0 0 0 0 0 0 0 0 0 0 0 0 0 0 0 0 9 46 41 14 0 0 0 1 24 1 0 1 0 0 22 21 0 10 0 0 15 0 0 2 0 0 0 0 2 0 0 0 0 0 0 0 2 0 0 0 0 11 0 2 0 0 0 0 0 0 13 0 0 0 0 0 0 0 0 0 0 0 0 0 2 0 0 0 0 0 2 2 0 0 0 0 0 0 0 0 0 0 0 0 0 0 3 0 0 0 1 0 2 0 0 0 0 0 0 0 0 0 0 0 0 0 0 0 0 0 0 0 0 0 0 0 0 0 0 0 0 0 0 0 0 0 0 0 0 0 0 
 64 0 390 77 73 35 172 339 455 130 41 238 31 314 338 301 200 126 44 51 72 0 1 82 0 6 0 2 2 0 2 76 0 2 0 0 0 0 3 0 0 2 0 0 0 0 3 0 0 0 0 0 0 0 2 0 2 0 0 2 2 0 0 0 3 0 1 0 0 2 54 3 0 0 3 0 6 0 6 4 0 18 41 12 1 0 0 23 69 27 26 2 0 1 23 20 56 61 0 0 0 0 0 0 0 0 0 0 0 0 0 11 0 0 0 1 0 0 13 0 0 0 0 0 0 0 0 0 0 0 0 0 0 0 0 0 0 0 0 0 0 0 0 0 0 0 0 0 2 0 0 0 0 0 0 0 0 0 0 3 6 17 15 25 0 0 0 0 22 60 56 1 0 11 25 20 38 27 0 0 2 0 0 0 0 0 0 0 0 0 0 0 0 0 0 0 0 0 0 0 0 0 0 0 0 7 0 0 0 0 0 0 0 0 0 0 0 0 0 0 0 2 0 0 0 0 0 0 0 0 0 0 0 0 0 0 0 0 0 0 0 2 0 0 0 3 2 0 0 0 0 21 2 0 0 0 0 0 0 0 0 0 20 0 0 0 0 0 0 0 0 0 0 0 0 0 0 0 0 0 0 0 0 0 0 0 0 0 0 0 
 45 390 0 125 59 54 48 77 205 646 59 241 76 60 61 232 513 402 35 45 0 0 1 2 0 3 0 4 0 0 2 2 0 0 0 0 0 0 2 0 0 6 0 0 0 0 0 0 0 0 0 0 0 0 0 0 2 0 0 0 0 0 0 0 0 0 0 0 0 0 2 0 0 0 0 0 0 0 3 2 0 35 47 24 0 0 1 15 99 58 67 14 0 0 11 24 46 37 0 0 0 0 2 0 0 0 2 0 0 0 0 0 0 0 0 0 0 0 0 0 0 0 0 0 0 0 0 0 0 0 0 0 0 0 0 0 0 0 0 0 0 0 0 0 0 17 0 0 0 0 0 0 0 0 0 0 0 0 0 0 8 0 24 12 2 0 0 0 29 49 42 1 0 2 14 56 22 13 0 0 0 0 0 0 0 0 0 0 0 1 0 0 0 0 0 0 0 0 0 0 0 0 0 0 0 2 0 0 0 0 0 0 0 0 0 0 0 0 0 0 0 0 0 0 0 0 0 0 2 1 0 0 6 0 0 0 0 0 0 0 0 2 0 0 0 0 2 0 0 4 0 10 20 0 0 0 0 0 0 0 0 0 21 0 0 0 0 0 0 0 0 0 0 0 0 14 0 32 0 0 0 0 0 0 0 0 0 0 0 0 
 60 77 125 0 83 273 92 60 95 434 196 470 80 97 60 273 288 399 59 67 0 0 1 0 0 37 1 2 2 0 4 2 0 0 77 0 0 0 0 0 0 2 0 0 0 0 29 63 0 0 0 0 0 0 0 62 2 2 0 0 9 2 0 0 0 0 0 0 0 0 2 52 0 0 0 0 0 0 3 2 0 0 0 54 37 1 0 0 15 18 2 34 0 0 0 24 0 1 0 0 1 7 0 0 0 0 0 0 0 0 0 0 0 0 0 0 0 0 9 2 0 0 0 0 0 0 2 0 2 0 0 5 0 0 0 0 0 0 0 0 1 0 0 0 0 0 0 0 0 0 0 6 0 0 0 0 0 1 0 0 0 0 1 60 36 32 0 0 1 2 8 53 0 0 0 51 0 8 0 19 0 0 0 0 0 0 0 0 10 0 0 0 0 0 0 0 0 0 12 2 0 0 0 0 1 0 0 0 0 0 0 0 0 0 0 0 0 0 0 0 7 0 0 0 0 0 0 14 0 0 0 0 1 0 0 0 0 0 2 0 0 21 0 0 0 0 48 2 0 99 3 2 14 0 1 0 0 0 0 7 0 2 18 0 0 0 0 0 0 0 0 0 0 0 0 37 17 27 0 0 0 0 0 0 0 0 0 0 0 0 
 46 73 59 83 0 329 71 56 85 307 395 636 293 85 57 69 47 51 75 296 0 0 0 0 0 3 0 2 0 0 2 1 0 0 0 0 0 0 4 0 0 2 0 0 2 0 0 0 0 0 0 3 0 0 0 2 2 0 64 0 5 0 1 0 0 0 0 0 0 5 6 32 0 0 0 0 0 0 3 2 0 0 0 17 99 13 0 0 0 0 0 10 0 0 0 0 0 0 10 0 0 0 1 0 0 0 18 0 1 0 1 0 8 0 0 0 0 0 45 25 0 0 0 0 0 0 0 0 2 0 0 1 0 0 0 0 0 0 15 0 4 0 0 8 0 0 0 0 0 0 0 0 0 0 0 0 0 7 0 0 0 0 0 13 30 52 0 0 19 0 0 31 0 0 0 0 0 0 0 0 15 0 0 0 0 0 0 0 33 0 0 0 2 0 0 0 0 0 39 9 9 0 0 0 1 0 0 0 0 0 0 0 0 0 0 0 0 0 0 0 0 0 0 0 0 0 0 0 0 19 0 0 0 15 0 0 0 0 0 0 0 13 0 0 0 0 4 0 2 2 3 22 0 5 0 0 0 0 1 0 0 0 0 0 0 0 0 0 0 0 0 0 0 0 0 3 0 0 0 0 0 0 0 0 0 0 0 0 0 0 
 244 35 54 273 329 0 46 52 57 39 83 24 47 51 53 354 143 68 40 48 0 0 74 0 0 3 0 2 0 2 2 0 2 0 0 0 0 0 229 0 0 2 0 0 0 0 0 0 0 0 0 0 0 0 0 2 2 0 0 0 1 5 11 0 0 0 0 10 11 0 2 1 0 1 10 11 11 0 4 2 9 0 0 0 25 30 0 0 0 0 0 0 0 0 0 0 0 0 0 0 0 0 0 0 2 0 45 0 0 0 0 0 31 0 0 0 0 0 48 53 2 0 0 0 0 0 0 0 0 0 0 0 0 0 0 0 0 0 0 0 5 0 0 5 0 0 0 0 0 0 0 0 0 0 0 0 0 8 0 0 0 0 0 0 18 10 0 0 0 0 0 15 0 14 0 0 0 0 0 0 1 0 1 0 0 0 0 9 0 0 0 0 52 24 0 0 0 0 41 24 0 0 0 0 0 0 0 0 0 0 0 0 13 0 0 0 0 0 0 0 0 0 0 0 0 1 0 0 0 0 0 0 0 10 0 0 0 0 0 0 0 0 0 0 0 2 0 1 3 0 1 11 0 0 0 0 0 0 0 0 0 0 0 0 0 0 0 0 0 2 0 0 0 0 0 0 0 0 0 0 0 0 0 0 0 0 0 0 0 0 
 464 172 48 92 71 46 0 118 75 246 51 28 577 478 265 45 27 237 58 351 0 0 0 0 0 3 2 3 0 0 2 2 0 0 0 0 0 0 0 2 0 2 0 0 0 0 0 0 0 0 0 0 0 0 0 0 2 0 0 0 0 0 0 0 0 0 0 0 0 0 2 0 0 0 0 0 0 0 3 2 32 25 0 0 0 0 42 58 0 1 0 0 0 32 23 0 1 0 0 7 0 0 0 0 0 0 0 28 0 0 0 0 0 0 0 0 0 0 0 0 0 0 0 0 0 0 0 0 0 0 18 0 0 2 0 0 0 0 0 0 0 33 0 0 0 0 0 0 0 0 2 0 0 0 0 0 0 0 0 6 41 14 13 0 0 0 14 39 0 1 0 0 40 27 39 0 0 0 0 31 0 0 0 0 0 0 0 2 0 0 0 0 0 0 0 0 0 0 0 0 0 0 0 0 0 0 0 0 0 0 0 0 2 1 0 0 0 0 0 0 0 0 0 2 0 0 0 0 0 0 0 0 0 0 2 0 0 0 0 12 0 0 0 0 0 2 1 0 4 0 2 8 0 0 0 0 0 0 0 0 0 0 0 0 0 0 0 0 0 0 0 0 0 0 0 0 0 0 0 0 0 0 0 0 0 0 0 0 0 0 
 432 339 77 60 56 52 118 0 170 54 263 35 113 554 182 23 24 43 66 68 0 8 0 71 0 3 1 2 0 0 2 19 0 0 0 0 0 0 0 0 0 2 0 0 0 0 0 0 0 0 0 1 0 0 0 0 2 0 0 0 0 0 0 0 0 0 0 0 0 0 3 0 0 3 0 0 1 0 3 2 12 59 44 0 0 0 0 90 32 48 15 0 0 25 39 36 49 14 0 0 0 0 0 0 0 0 0 0 0 0 0 0 0 0 0 0 0 0 0 0 0 0 0 0 0 0 0 0 0 0 0 0 0 0 0 0 0 0 0 0 0 0 0 0 0 0 0 0 0 0 0 0 0 0 0 0 0 0 0 5 11 58 33 0 0 0 0 19 49 25 21 0 0 6 71 30 11 10 0 0 0 0 0 0 0 0 0 0 0 0 0 0 0 0 0 0 0 0 0 0 0 0 0 0 0 0 0 0 0 0 0 0 0 13 0 0 11 0 0 0 2 0 0 0 0 0 15 0 0 0 0 0 0 0 0 0 0 0 0 0 0 0 12 0 0 2 0 0 0 0 0 2 0 0 0 0 0 0 0 2 0 2 1 0 0 0 0 0 0 0 0 0 0 0 0 0 0 0 0 0 0 0 0 0 0 0 0 0 0 0 
 116 455 205 95 85 57 75 170 0 567 279 28 458 127 410 513 193 532 370 54 2 0 0 0 0 3 0 2 3 0 4 3 3 0 76 0 0 0 0 0 0 63 0 0 0 2 0 0 0 0 0 3 2 2 0 0 2 0 0 0 0 1 0 0 0 0 0 0 3 0 3 0 0 0 0 0 0 0 3 4 10 19 29 11 0 0 0 19 30 72 34 10 0 10 18 44 36 56 0 0 0 0 0 0 0 0 0 0 1 0 0 0 0 0 0 0 0 0 0 8 0 0 0 0 0 0 2 0 1 0 0 0 0 0 0 0 0 0 0 0 0 0 0 0 0 0 0 0 0 0 0 23 12 0 0 0 0 0 0 0 8 19 39 20 1 0 24 0 72 45 48 0 0 0 27 43 34 20 0 0 0 0 0 1 0 0 0 0 0 0 0 0 0 0 0 11 0 0 0 2 0 0 0 0 1 0 0 0 0 0 21 0 0 0 0 0 0 0 0 0 0 0 0 0 0 0 0 0 0 0 0 0 1 0 0 0 0 0 2 0 0 0 0 0 0 0 1 0 4 2 1 2 14 0 0 0 0 0 0 0 0 0 0 0 0 0 0 0 0 0 0 0 0 0 0 19 0 9 0 0 0 0 0 0 0 0 0 0 0 0 
 35 130 646 434 307 39 246 54 567 0 414 30 55 85 282 432 241 105 51 83 0 1 1 0 0 3 0 2 0 0 2 3 1 77 0 0 0 0 0 0 0 4 0 0 63 0 0 0 0 0 0 0 0 0 0 0 2 0 31 0 51 0 0 0 0 0 0 0 0 0 2 1 0 0 0 0 0 0 3 2 0 0 15 48 20 10 0 0 27 9 22 26 0 0 1 25 25 38 0 0 0 0 0 0 0 0 0 0 0 0 0 0 0 0 0 0 1 0 1 0 0 0 0 2 2 0 0 0 0 0 0 21 0 24 2 0 0 0 0 0 0 0 0 0 0 0 0 0 0 0 0 0 0 0 0 0 0 0 0 0 0 0 4 22 0 15 0 0 10 19 44 15 0 1 0 17 32 12 0 0 0 0 2 0 0 0 0 2 1 0 0 0 0 0 0 2 0 0 0 0 0 0 2 0 0 0 0 0 0 0 17 0 0 0 7 0 0 0 0 0 11 0 0 2 0 0 0 0 0 1 2 0 0 1 0 0 0 14 0 0 0 1 0 0 0 3 174 0 1 182 0 11 12 0 0 0 0 0 0 1 0 0 11 0 0 0 0 0 0 0 0 0 0 0 0 28 20 36 0 0 0 0 0 0 0 0 0 0 0 0 
 39 41 59 196 395 83 51 263 279 414 0 404 45 35 48 87 290 616 35 74 0 2 2 0 0 3 0 2 0 0 2 2 0 2 0 0 0 8 0 0 0 2 62 0 0 0 0 0 0 0 0 0 0 0 0 0 3 0 0 0 6 0 0 0 0 0 0 0 0 0 3 51 0 0 53 0 0 0 3 2 0 0 0 41 34 14 0 0 15 14 2 46 0 2 0 51 0 1 0 0 0 0 0 0 0 0 0 1 0 0 0 0 0 0 0 0 0 0 9 1 0 0 0 0 0 0 0 0 0 2 0 8 0 0 0 0 0 0 0 0 0 0 0 1 1 0 0 0 0 0 0 0 0 0 0 0 0 0 0 12 0 0 0 91 48 29 2 0 0 2 0 65 0 0 0 42 0 9 34 0 0 0 0 0 2 0 0 0 11 0 0 0 0 0 0 0 0 0 9 64 0 0 0 0 0 0 0 0 0 0 0 0 0 0 0 0 2 0 0 0 0 0 0 0 0 0 2 0 0 0 0 0 0 0 0 1 0 0 0 0 0 19 0 0 0 4 17 0 2 51 1 14 13 1 0 0 0 0 0 0 0 0 18 0 0 0 0 0 0 0 0 0 0 0 0 52 17 10 0 0 0 0 0 0 0 0 0 0 0 0 
 45 238 241 470 636 24 28 35 28 30 404 0 237 21 26 36 81 62 21 37 0 0 0 0 0 166 2 2 0 0 2 1 0 0 0 0 0 1 0 0 0 2 0 0 0 0 0 0 0 0 0 0 0 0 0 0 2 0 1 0 7 0 0 0 0 0 0 0 0 0 3 32 0 0 0 0 0 0 3 2 0 0 0 21 76 20 0 0 0 0 0 87 0 0 0 0 0 0 0 0 0 0 14 0 0 0 0 0 0 0 0 0 7 0 0 0 0 0 20 25 0 0 0 0 0 0 0 0 0 0 0 14 0 0 0 0 0 0 0 0 0 0 0 32 0 0 0 0 0 0 0 16 0 0 0 0 0 0 0 0 0 0 0 9 37 39 0 0 0 0 0 35 0 0 0 0 0 0 0 0 0 0 0 0 0 0 1 0 9 0 0 0 0 0 0 0 0 0 24 0 0 0 0 0 0 0 0 0 0 0 3 0 0 0 0 0 0 0 0 0 0 0 0 0 0 0 0 0 0 0 0 0 0 1 0 0 0 0 0 0 0 11 0 0 0 0 178 2 0 172 0 7 0 0 2 0 0 0 0 0 0 13 0 0 0 0 0 0 0 0 0 0 0 0 0 11 18 32 0 0 0 0 0 0 0 0 0 0 0 0 
 38 31 76 80 293 47 577 113 458 55 45 237 0 73 31 35 31 34 451 311 0 0 0 0 0 3 3 2 0 0 2 1 0 0 0 2 0 0 0 78 0 4 0 0 0 7 0 3 0 0 0 0 0 2 0 0 2 2 0 0 2 0 0 0 0 3 0 39 2 0 2 0 0 0 1 0 0 0 3 33 41 27 0 0 0 0 69 1 0 0 0 0 30 57 1 0 0 0 23 40 0 0 1 0 0 0 0 0 0 0 0 0 0 0 0 0 0 0 0 0 12 0 0 0 30 0 0 0 0 0 17 0 0 0 0 0 0 0 0 0 0 0 0 0 0 0 0 0 0 0 2 0 0 0 0 0 0 0 0 0 55 0 16 0 0 0 33 51 0 0 0 0 26 26 19 0 0 0 2 56 0 0 0 0 0 0 0 0 0 0 0 0 0 0 0 0 0 0 0 0 0 0 0 0 0 0 0 0 0 0 0 0 0 0 0 0 0 0 12 0 0 0 0 0 6 0 0 0 0 0 0 0 0 0 0 0 0 0 0 0 0 0 0 0 0 0 0 0 0 0 0 15 0 0 2 0 0 0 0 0 0 0 0 1 0 0 0 0 0 0 0 0 0 0 0 0 0 0 0 0 0 0 0 0 0 0 0 0 0 0 
 164 314 60 97 85 51 478 554 127 85 35 21 73 0 461 30 22 43 83 225 0 96 0 109 0 5 1 2 0 0 2 87 1 3 0 0 17 0 0 0 0 2 0 0 0 2 0 2 0 0 0 0 0 0 0 0 2 0 0 5 0 2 0 33 6 0 7 2 0 0 3 6 2 4 1 1 0 0 6 4 35 24 19 0 0 0 27 47 20 15 1 0 0 22 27 23 16 8 0 0 0 0 0 0 0 0 13 0 1 0 0 7 0 0 0 0 0 0 0 0 0 0 0 0 0 0 2 0 0 0 56 0 0 0 0 0 12 0 0 0 0 1 0 0 0 0 0 0 0 0 0 0 0 0 0 0 0 0 0 5 39 68 14 0 0 0 0 24 1 0 2 0 0 32 22 0 11 0 0 15 0 0 0 2 0 0 0 0 0 0 0 0 0 0 0 0 0 0 0 2 0 0 0 0 0 0 0 0 0 0 0 0 0 0 0 0 0 0 0 0 0 0 0 0 0 0 0 0 0 0 0 0 1 0 0 0 0 2 2 0 0 0 0 0 0 1 2 1 2 1 0 19 0 0 0 0 0 0 0 0 0 0 0 0 0 0 1 0 0 0 0 0 0 0 0 0 0 0 0 0 0 0 0 0 0 0 0 0 0 0 
 438 338 61 60 57 53 265 182 410 282 48 26 31 461 0 79 65 132 47 85 0 0 0 26 0 3 1 78 0 0 2 61 0 0 0 0 0 0 0 0 0 2 0 0 0 1 0 0 0 0 0 0 0 0 0 0 2 0 0 0 0 0 0 0 0 0 0 0 0 0 3 0 0 0 0 0 0 0 3 2 11 38 43 0 0 0 0 107 35 58 21 0 0 39 63 59 23 13 0 0 0 0 0 0 1 0 0 0 0 0 0 0 2 0 0 0 0 0 0 0 0 0 0 0 0 0 0 0 10 0 0 0 0 0 0 0 0 0 0 0 0 0 0 2 0 0 0 0 0 0 0 0 0 0 0 0 0 0 0 22 12 32 53 0 0 0 0 13 50 48 19 0 0 28 44 24 13 10 0 1 0 0 0 0 0 0 0 0 13 0 0 0 0 17 0 0 0 0 0 0 0 0 0 0 0 0 0 0 0 0 0 0 0 0 0 15 0 0 0 0 0 0 0 0 0 2 0 0 0 8 0 0 0 0 0 11 0 0 0 0 0 0 0 0 0 0 0 0 7 0 2 5 0 0 0 0 0 0 0 0 0 0 0 0 0 0 0 0 0 1 0 0 0 0 0 0 1 0 0 0 0 0 0 0 0 0 0 0 0 0 
 26 301 232 273 69 354 45 23 513 432 87 36 35 30 79 0 293 397 38 136 1 0 0 1 23 5 0 4 0 0 5 3 3 0 2 0 0 3 0 0 0 4 3 0 2 2 0 3 0 2 0 0 2 3 1 0 5 0 0 72 0 0 0 0 31 0 0 60 0 0 3 0 6 2 0 2 0 0 3 2 0 16 32 20 0 1 0 27 50 54 25 9 0 0 10 30 38 33 0 9 0 0 0 0 0 0 0 0 0 0 0 0 0 0 0 0 0 0 0 0 0 0 0 0 0 0 0 0 0 0 0 0 0 0 0 0 0 0 0 0 0 0 0 0 0 0 0 0 0 0 0 0 0 0 0 0 1 0 0 0 7 1 24 8 1 0 0 0 17 37 49 1 0 0 18 39 12 11 0 0 0 0 0 0 1 0 0 0 0 0 0 0 0 0 0 0 0 0 0 0 0 0 0 1 0 0 0 0 0 0 0 0 0 0 0 0 0 0 0 0 0 0 0 0 0 9 0 0 14 0 0 0 0 0 0 0 0 0 0 0 0 0 0 0 0 0 4 0 0 4 0 7 15 0 0 0 0 0 0 0 0 0 20 0 0 0 0 0 0 0 0 0 0 0 0 19 1 10 0 0 0 0 0 0 0 0 0 0 0 0 
 47 200 513 288 47 143 27 24 193 241 290 81 31 22 65 293 0 296 42 43 3 1 1 2 0 3 0 4 0 1 3 8 0 0 0 3 0 0 2 0 0 2 0 0 0 2 0 0 0 2 0 48 3 0 0 2 4 0 0 3 3 0 29 0 0 1 0 2 0 0 3 0 0 1 31 0 1 0 3 2 0 10 18 28 0 12 0 0 27 30 46 17 0 0 0 19 7 41 0 8 0 0 0 0 0 0 0 0 0 0 0 0 2 0 0 0 0 0 0 0 0 0 0 0 0 0 0 0 0 0 0 0 0 0 0 0 0 1 0 0 0 0 0 2 0 0 0 0 0 0 0 0 0 0 0 0 7 0 0 0 0 0 18 20 1 45 0 0 30 33 31 14 0 0 19 19 24 13 0 0 0 0 0 0 0 0 0 0 0 0 0 0 14 0 0 0 0 0 0 0 0 0 0 0 0 0 0 0 0 0 0 0 0 0 0 0 0 0 0 0 0 0 0 0 0 2 0 0 0 0 0 0 0 0 0 0 0 0 0 0 0 1 0 0 0 0 170 0 4 0 0 2 17 1 0 0 0 0 0 23 0 0 20 0 0 69 0 0 0 0 0 0 0 0 0 26 0 11 0 0 0 0 0 0 0 0 0 0 0 0 
 15 126 402 399 51 68 237 43 532 105 616 62 34 43 132 397 296 0 36 265 2 0 8 0 1 3 0 2 0 2 2 1 39 0 0 2 0 0 0 0 0 2 0 0 0 0 0 0 0 0 0 0 5 0 0 0 2 0 0 0 1 0 0 0 0 33 0 0 0 0 3 2 0 0 0 0 0 0 3 2 0 0 14 77 11 11 0 0 31 10 36 34 0 0 0 13 21 41 0 0 0 0 0 0 2 0 0 0 0 0 0 0 1 0 0 0 0 0 0 0 2 0 0 0 0 0 4 25 0 0 0 7 0 0 0 0 0 0 0 0 0 0 0 0 0 12 0 0 0 0 0 0 0 0 0 0 0 0 0 0 0 0 18 18 0 27 0 0 9 16 33 15 0 0 1 15 20 10 0 0 0 0 0 0 0 0 5 0 0 0 0 0 0 0 0 0 0 0 0 0 0 0 0 0 0 0 0 0 0 0 0 0 0 0 0 0 0 0 0 0 0 0 0 0 0 1 0 0 0 0 0 14 0 0 0 0 0 0 0 0 0 0 0 0 0 0 171 1 5 169 0 5 11 0 0 0 0 0 0 0 0 0 10 0 0 0 0 0 0 2 0 0 0 0 0 19 20 30 0 0 0 0 0 0 0 0 0 0 0 0 
 31 44 35 59 75 40 58 66 370 51 35 21 451 83 47 38 42 36 0 394 0 0 0 0 0 5 2 2 2 1 2 0 0 0 0 0 0 0 0 0 0 2 0 0 0 5 0 0 0 63 0 0 2 2 0 0 2 0 0 0 4 8 0 0 0 0 0 0 0 0 3 0 0 0 0 0 1 0 3 2 43 0 0 0 0 0 35 0 0 0 0 0 71 37 0 0 0 0 18 67 1 0 0 13 0 0 0 0 1 0 0 0 0 0 0 0 0 0 0 0 0 0 11 0 0 0 0 14 2 0 0 0 0 0 0 0 0 0 0 0 0 0 0 0 18 0 0 0 0 0 0 0 0 0 0 1 0 0 0 0 17 0 1 0 14 0 47 16 1 0 0 0 56 9 12 0 0 0 25 24 0 0 0 0 0 0 0 0 0 0 0 0 0 0 0 0 0 0 0 0 0 0 0 0 1 0 0 0 0 0 0 0 0 0 0 0 0 0 0 0 0 0 0 0 0 0 0 0 24 0 0 0 0 0 0 0 0 0 0 0 0 0 0 0 0 0 1 0 0 1 0 13 0 0 0 0 0 0 0 0 0 0 0 0 0 0 0 0 0 0 0 0 0 0 0 0 0 0 0 0 0 0 0 0 0 0 0 0 0 0 
 137 51 45 67 296 48 351 68 54 83 74 37 311 225 85 136 43 265 394 0 0 0 0 14 0 3 2 5 0 0 2 1 0 0 0 0 0 0 0 0 0 2 0 0 62 2 0 0 0 0 0 0 3 0 0 0 2 3 0 0 0 0 0 0 0 0 0 0 0 0 2 0 0 0 0 0 0 0 3 2 44 34 0 22 0 0 71 33 0 0 0 0 44 12 10 1 1 0 28 29 0 0 0 0 0 1 0 0 0 1 0 0 0 0 0 0 0 0 0 0 0 0 0 0 0 0 0 0 0 0 35 0 0 0 0 0 0 0 0 0 0 0 0 0 0 0 0 0 0 0 18 1 35 0 0 0 0 0 0 5 119 10 14 0 8 0 23 29 0 0 2 0 31 24 12 0 0 0 5 75 0 0 0 2 0 0 0 0 0 0 0 0 0 0 0 0 0 0 0 0 2 0 0 0 0 0 0 0 0 0 0 0 11 0 1 0 0 0 2 0 0 0 0 0 0 0 19 0 0 0 0 0 0 0 0 0 0 2 0 0 0 0 0 0 1 0 0 0 0 0 1 14 1 0 0 0 0 0 0 0 0 0 0 0 0 0 1 0 0 0 0 0 0 0 2 0 0 0 0 0 0 0 0 0 0 0 0 0 0 0 
 0 72 0 0 0 0 0 0 2 0 0 0 0 0 0 1 3 2 0 0 0 104 158 44 66 50 313 491 30 99 40 45 52 168 371 45 27 32 123 252 0 3 3 0 3 0 0 2 0 3 0 0 0 0 3 6 3 2 4 0 3 3 2 4 4 2 0 6 0 0 0 1 0 3 0 0 0 13 1 0 0 0 0 0 0 0 0 0 0 0 0 0 0 0 0 0 0 0 0 2 31 11 33 0 0 0 0 19 46 23 0 8 9 46 33 24 1 25 1 0 0 1 2 0 0 0 0 0 0 0 0 7 0 0 0 0 1 0 0 2 0 0 0 0 8 1 0 0 0 0 0 0 0 0 0 0 0 0 7 0 0 5 0 4 0 4 0 0 0 0 0 0 0 0 0 0 0 18 0 0 49 64 22 0 0 0 27 59 44 20 0 0 0 1 25 9 14 2 0 0 0 0 0 0 0 0 0 0 0 0 0 0 0 0 0 0 0 0 0 0 0 0 0 0 0 0 0 0 0 0 2 0 2 0 0 0 0 0 0 0 0 0 0 0 0 0 0 0 0 0 0 0 0 0 5 1 0 0 0 1 0 0 0 0 0 0 0 0 0 0 0 0 0 0 0 0 1 0 0 0 0 1 0 0 0 0 0 0 0 0 
 0 0 0 0 0 0 0 8 0 1 2 0 0 96 0 0 1 0 0 0 104 0 417 62 56 34 72 420 310 115 26 51 45 376 376 265 541 75 37 57 0 0 3 0 0 0 0 0 0 0 0 0 0 0 0 0 0 0 0 1 3 3 2 0 0 0 0 3 0 0 0 0 0 2 16 0 0 0 0 0 0 0 0 0 0 0 0 0 0 0 0 0 0 0 0 0 0 0 0 1 0 44 13 15 0 0 0 36 26 46 18 0 0 1 10 14 45 38 2 0 0 0 0 0 0 0 0 0 0 0 0 0 0 0 0 0 2 0 1 0 0 1 0 0 3 0 0 0 0 0 0 0 0 1 0 0 0 0 0 0 1 15 2 12 0 26 0 0 0 0 0 0 0 12 0 0 0 0 0 0 32 17 27 44 13 15 1 15 20 38 8 33 0 0 1 29 15 51 0 0 0 0 0 0 0 0 0 0 2 0 2 0 0 1 0 0 0 0 0 0 0 0 10 0 11 0 0 0 0 0 0 0 0 0 0 0 0 1 0 0 0 15 7 0 0 0 0 0 0 0 0 0 0 0 15 0 1 0 0 1 65 8 0 0 0 0 7 0 0 0 0 0 0 0 0 0 0 0 0 0 0 9 0 0 0 0 16 0 0 0 
 0 1 1 1 0 74 0 0 0 1 2 0 0 0 0 0 1 8 0 0 158 417 0 122 98 65 54 103 256 381 46 41 132 67 298 332 212 344 42 35 0 0 3 65 0 0 0 0 2 0 0 0 0 0 0 0 0 0 0 5 3 3 2 0 0 0 0 3 0 1 0 0 0 3 13 0 0 0 0 0 0 0 0 0 0 0 0 0 0 0 0 0 0 0 0 0 0 0 0 0 0 28 15 44 23 0 0 8 2 32 38 2 0 0 12 37 83 33 0 0 0 0 0 0 0 0 0 0 0 0 0 0 0 0 0 0 0 0 0 1 0 12 0 0 3 0 0 0 0 0 0 0 0 5 0 0 0 0 0 0 0 1 1 18 0 0 0 0 0 0 5 0 0 5 0 0 0 0 0 0 5 7 49 48 25 0 0 0 0 35 18 33 0 0 0 51 22 78 0 0 0 0 0 0 0 0 0 0 0 0 0 0 0 0 0 0 0 0 0 0 0 0 0 0 0 0 18 0 0 0 0 0 0 0 0 5 0 0 0 0 0 0 8 0 0 0 0 0 0 0 0 0 0 0 16 2 1 2 8 0 17 24 0 0 0 0 5 0 0 0 0 0 0 0 0 0 0 0 0 0 0 12 0 0 0 0 7 0 0 0 
 76 82 2 0 0 0 0 71 0 0 0 0 0 109 26 1 2 0 0 14 44 62 122 0 96 44 56 57 60 323 63 311 65 279 77 260 24 257 56 80 0 0 3 0 0 0 0 0 0 0 0 0 2 0 0 0 16 0 0 7 3 3 2 0 3 0 1 2 0 0 0 5 0 3 0 0 0 0 3 1 0 0 2 0 1 0 0 18 21 43 0 0 0 16 13 0 11 7 0 0 0 0 0 23 41 8 0 0 0 0 6 14 0 0 0 25 0 11 0 0 0 0 0 0 0 0 0 0 0 0 0 0 10 0 0 0 0 0 8 0 33 0 0 0 0 0 0 0 0 0 0 0 0 2 0 0 0 0 0 0 12 0 0 0 0 0 0 0 0 0 0 0 0 0 0 0 0 0 0 0 0 0 14 0 16 28 0 0 0 9 17 50 0 0 0 0 0 0 0 0 0 0 0 0 0 0 0 0 0 0 0 0 8 14 0 0 9 0 0 0 0 0 0 0 0 0 14 0 0 19 0 0 0 0 0 0 0 0 0 0 0 0 0 0 0 2 0 0 0 0 0 0 0 0 8 4 2 77 42 0 2 0 2 0 0 0 0 0 0 0 0 0 0 0 1 0 1 0 0 0 0 10 0 0 0 0 0 0 0 0 
 0 0 0 0 0 0 0 0 0 0 0 0 0 0 0 23 0 1 0 0 66 56 98 96 0 375 74 136 77 92 141 262 97 297 78 87 30 42 58 86 0 4 9 0 0 0 1 0 0 4 1 0 4 0 2 0 3 0 0 0 3 3 2 0 0 0 1 6 0 0 0 2 6 3 0 0 0 0 1 0 0 0 0 0 0 0 0 0 0 0 0 0 0 0 0 0 0 0 0 0 0 0 0 2 0 26 0 0 0 0 0 0 0 0 0 0 0 1 2 0 0 0 0 0 0 0 20 0 0 0 0 0 25 1 0 0 2 0 52 28 0 9 0 0 0 14 0 8 0 0 0 5 0 0 0 0 0 0 2 0 2 0 8 0 0 0 0 0 0 0 0 0 5 2 0 1 0 5 0 0 0 0 0 0 17 38 0 2 0 0 0 1 0 0 0 0 0 0 0 0 5 1 0 0 0 0 55 0 0 0 1 0 18 16 0 0 0 0 0 59 0 0 2 0 0 0 0 0 0 0 0 0 0 0 0 0 0 0 0 0 0 0 0 0 0 0 0 0 0 0 0 0 0 0 13 2 2 5 4 0 7 0 0 0 0 0 0 0 0 0 0 0 0 0 0 0 0 0 0 0 0 11 0 0 0 0 0 0 0 0 
 3 6 3 37 3 3 3 3 3 3 3 166 3 5 3 5 3 3 5 3 50 34 65 44 375 0 36 264 37 45 55 41 36 45 110 89 52 66 37 38 0 0 2 0 2 0 0 0 1 0 0 0 1 1 0 0 3 0 149 2 3 3 2 0 0 0 2 2 0 0 0 1 43 3 0 0 0 27 7 7 0 0 0 0 0 0 0 0 0 0 0 0 2 1 0 0 0 0 0 0 0 0 0 0 2 34 0 0 0 0 0 12 0 0 1 0 0 0 0 0 9 0 1 0 0 0 25 0 0 0 0 0 35 26 3 0 0 0 89 31 0 0 2 0 0 4 0 11 0 0 0 24 0 0 0 0 0 0 0 0 1 0 0 0 4 0 0 0 0 0 0 0 4 0 2 2 0 1 0 0 0 0 0 0 12 7 3 0 0 0 0 0 0 0 0 0 0 0 0 3 39 3 0 0 0 0 37 10 0 0 0 0 53 25 36 0 0 0 39 80 0 0 0 1 0 0 0 8 0 0 0 0 0 0 0 0 0 0 0 0 0 0 2 0 0 0 0 0 0 0 0 0 0 0 26 5 4 0 6 1 0 0 0 0 0 0 0 0 0 0 0 0 0 0 0 0 0 37 0 0 0 0 0 0 18 0 0 0 0 0 
 1 0 0 1 0 0 2 1 0 0 0 2 3 1 1 0 0 0 2 2 313 72 54 56 74 36 0 61 36 158 88 34 371 297 36 117 21 37 44 190 0 0 3 0 0 3 0 0 0 0 0 0 0 0 0 5 3 0 0 0 3 77 2 0 0 0 0 2 0 0 0 1 3 3 0 0 0 0 4 0 2 0 0 0 0 2 0 0 0 0 0 0 0 0 0 0 0 0 1 0 17 13 20 0 0 0 5 20 13 8 0 0 18 54 8 25 1 0 0 19 0 0 0 0 0 1 0 0 0 0 0 0 7 2 1 11 0 0 0 0 4 2 0 0 0 0 0 0 0 0 11 0 0 0 0 0 2 0 7 0 0 1 0 0 8 2 0 0 0 0 0 0 0 0 0 1 0 0 0 0 13 11 0 0 0 0 42 9 20 0 0 0 8 14 35 9 19 0 0 19 0 0 0 0 0 0 0 0 0 2 0 0 0 0 0 0 0 0 0 0 0 0 0 0 0 0 0 0 0 0 0 0 0 0 0 0 0 0 0 0 0 0 0 0 0 0 0 0 0 0 0 0 0 0 8 0 0 0 0 4 0 0 0 0 0 0 0 0 0 0 0 0 0 0 0 0 0 0 0 0 0 0 0 0 0 0 3 0 0 2 
 2 2 4 2 2 2 3 2 2 2 2 2 2 2 78 4 4 2 2 5 491 420 103 57 136 264 61 0 393 40 69 27 82 411 222 208 26 34 50 41 0 0 3 0 3 4 6 0 0 6 0 0 6 0 0 0 0 0 0 6 9 3 2 4 0 2 0 3 0 63 2 51 0 4 0 0 3 2 0 0 0 0 0 0 0 0 0 0 0 0 0 0 0 0 1 0 0 0 0 0 0 30 86 0 0 0 0 36 41 37 45 0 0 23 18 50 25 25 0 0 0 0 0 0 0 0 0 0 0 1 0 0 0 0 0 0 0 0 14 0 0 0 0 0 3 0 0 0 0 0 0 1 0 1 0 0 0 0 0 0 1 6 0 5 0 3 0 0 0 0 0 0 0 0 0 0 0 0 0 0 49 12 50 23 0 5 25 33 36 47 13 11 0 0 30 36 37 25 0 0 0 0 0 0 0 0 0 2 2 0 0 0 0 0 0 0 0 0 0 0 0 0 0 0 2 0 0 2 0 20 0 0 1 0 0 0 0 0 0 0 0 0 9 0 0 0 0 0 0 0 0 0 0 2 12 0 0 2 0 2 8 0 0 0 0 0 0 0 0 14 0 0 0 0 2 0 0 2 0 0 0 0 0 0 0 0 0 0 0 0 
 0 2 0 2 0 0 0 0 3 0 0 0 0 0 0 0 0 0 2 0 30 310 256 60 77 37 36 393 0 322 52 18 100 108 387 335 257 492 54 67 0 0 3 0 0 0 0 1 0 0 0 0 2 0 0 0 0 0 0 5 3 3 2 0 0 0 0 2 0 0 0 0 0 3 7 0 0 0 0 0 0 0 0 0 0 0 0 0 0 2 0 0 0 0 17 16 0 0 13 0 13 32 9 13 22 0 0 57 16 25 33 1 0 0 0 69 44 42 0 0 0 0 0 0 0 3 0 0 0 0 0 0 0 0 2 0 0 0 0 0 0 0 0 0 3 0 0 0 0 0 0 0 0 5 0 0 1 0 0 0 0 10 0 5 0 3 1 0 0 0 0 0 0 0 0 2 1 0 0 0 0 10 30 63 87 0 0 0 0 47 12 31 0 0 0 48 22 57 0 0 0 0 0 0 0 0 0 0 0 0 0 0 2 0 0 0 0 0 0 0 0 0 0 0 0 0 2 0 0 0 0 0 0 2 0 0 0 0 0 2 0 0 13 0 0 0 0 0 0 0 0 0 0 0 12 0 1 2 1 3 37 38 0 0 0 0 5 0 0 0 0 0 0 0 0 0 0 0 0 0 0 11 0 0 0 0 14 0 0 0 
 0 0 0 0 0 2 0 0 0 0 0 0 0 0 0 0 1 2 1 0 99 115 381 323 92 45 158 40 322 0 415 37 43 304 82 239 387 90 39 75 40 0 3 0 0 0 0 0 0 0 0 0 0 0 0 0 0 0 0 3 3 3 2 0 0 0 0 2 0 0 0 0 0 3 10 0 0 0 0 0 0 0 0 0 0 0 0 0 0 0 0 0 1 2 0 0 0 0 0 1 0 0 1 40 60 11 0 0 0 20 44 51 0 0 2 27 26 28 0 0 0 0 0 0 0 0 0 0 0 0 2 0 0 0 0 0 0 0 0 0 0 0 1 20 1 0 0 0 0 0 0 0 10 49 0 0 0 0 0 1 0 0 1 0 0 0 1 7 0 0 4 0 0 7 1 0 0 1 0 0 0 25 26 19 26 11 0 0 0 3 32 57 0 0 0 10 10 49 0 0 0 0 0 0 0 0 0 0 0 0 0 0 0 0 0 0 0 0 21 0 0 0 0 2 2 0 21 0 0 0 0 0 15 0 0 0 0 12 1 0 0 0 0 0 0 0 0 0 0 0 0 0 0 0 14 0 3 151 153 0 19 10 0 0 0 0 10 0 0 0 0 0 0 0 0 0 0 0 0 0 0 10 0 0 0 0 12 0 0 0 
 2 2 2 4 2 2 2 2 4 2 2 2 2 2 2 5 3 2 2 2 40 26 46 63 141 55 88 69 52 415 0 275 48 41 37 100 71 336 42 69 0 0 3 0 0 1 0 0 0 0 0 0 0 0 0 0 3 0 0 1 3 3 2 0 2 0 0 2 0 0 0 2 0 3 1 0 0 0 0 0 0 0 0 0 0 0 0 0 0 0 0 0 0 0 0 0 0 0 0 0 0 0 0 25 41 20 0 0 1 1 16 21 0 0 1 26 3 14 0 0 2 0 0 0 0 0 1 0 0 0 0 0 10 0 0 0 0 0 7 10 0 0 0 0 0 0 0 0 0 0 0 0 0 4 0 0 0 0 0 0 1 0 4 0 7 0 0 0 0 0 3 0 0 4 0 0 0 0 0 1 0 18 29 1 18 28 0 0 1 11 39 34 11 0 0 0 2 8 0 0 0 0 0 0 0 0 0 0 0 0 0 0 7 0 0 0 0 0 7 0 0 0 0 0 0 0 9 0 0 0 0 0 0 0 0 0 0 0 0 0 0 0 0 0 0 0 0 0 0 0 0 0 0 0 6 0 0 75 46 4 3 0 0 0 0 0 6 0 0 0 0 0 0 0 0 0 0 0 0 0 0 13 0 0 0 0 1 0 0 0 
 75 76 2 2 1 0 2 19 3 3 2 1 1 87 61 3 8 1 0 1 45 51 41 311 262 41 34 27 18 37 275 0 251 36 41 58 59 58 16 40 0 0 3 3 0 2 0 3 0 2 0 0 0 0 2 0 10 0 0 0 3 3 2 0 1 0 0 2 0 0 0 2 0 3 0 0 0 0 0 0 0 0 11 0 0 0 0 12 22 16 0 0 0 11 12 0 0 10 0 0 0 0 0 18 71 31 0 0 1 0 0 54 0 0 0 0 0 9 0 0 1 0 0 0 0 0 1 0 0 2 0 0 3 0 0 0 0 0 30 0 2 0 0 0 0 8 0 4 0 0 0 2 0 0 1 0 1 0 0 0 6 0 0 0 0 0 13 0 0 0 0 0 0 13 0 0 0 31 0 0 0 0 0 0 30 38 0 0 0 0 36 28 0 0 0 0 2 0 0 0 0 0 0 0 0 0 18 0 0 0 0 0 8 0 17 0 0 0 1 25 0 0 0 0 0 0 18 1 0 0 0 0 0 0 0 0 0 0 0 0 0 0 0 0 0 0 0 0 0 2 0 0 0 0 5 1 0 151 82 2 3 0 0 0 0 0 0 0 0 0 0 0 0 0 0 0 0 2 0 0 0 1 0 0 0 0 0 0 0 0 
 0 0 0 0 0 2 0 0 3 1 0 0 0 1 0 3 0 39 0 0 52 45 132 65 97 36 371 82 100 43 48 251 0 185 242 49 46 34 400 542 0 2 3 201 2 4 2 6 0 2 19 36 0 2 2 6 5 3 3 0 3 3 2 0 3 0 0 3 0 0 0 2 0 3 0 0 0 13 1 0 0 0 0 0 0 21 0 0 0 0 0 0 0 0 0 13 0 0 0 0 55 36 23 0 0 0 57 25 0 0 0 0 37 48 34 0 0 0 2 32 0 0 0 0 0 18 0 20 6 0 0 0 0 0 0 0 0 2 0 0 13 0 0 0 0 0 0 0 0 0 0 0 0 0 0 1 0 8 6 0 0 1 0 0 0 1 20 0 0 0 0 0 0 0 0 0 15 0 0 0 19 31 0 0 0 0 68 30 0 0 0 0 41 51 22 0 0 2 18 36 0 0 0 0 0 0 0 0 1 0 1 2 0 0 0 0 14 0 0 0 0 0 0 0 0 0 0 0 0 0 0 0 0 0 0 0 1 2 0 0 0 0 0 0 0 0 0 0 0 0 0 0 0 0 4 0 1 0 0 1 2 0 0 0 0 0 0 0 0 0 0 0 0 0 0 0 0 0 0 0 0 0 0 0 0 0 0 0 0 2 
 0 2 0 0 0 0 0 0 0 77 2 0 0 3 0 0 0 0 0 0 168 376 67 279 297 45 297 411 108 304 41 36 185 0 469 69 45 33 73 361 0 0 3 0 0 0 0 0 0 0 0 0 0 0 0 0 0 1 1 2 3 3 2 0 0 0 4 2 0 48 0 1 0 3 0 0 0 3 0 0 0 0 0 0 0 1 0 0 0 0 0 0 0 0 0 0 0 0 0 1 48 7 37 0 0 0 0 17 98 19 1 0 21 43 31 23 1 11 2 0 0 0 0 0 0 0 0 0 0 0 0 0 0 0 0 0 2 0 1 0 0 0 0 0 17 0 0 0 0 0 0 0 0 0 0 0 0 0 19 0 0 13 2 3 0 20 0 0 0 0 0 0 0 0 0 0 0 0 0 0 47 36 21 1 0 0 23 51 29 24 0 0 2 3 36 5 16 8 0 0 0 0 0 0 0 0 0 0 2 0 2 0 0 1 0 0 0 0 0 0 0 0 2 0 0 0 0 0 0 0 0 0 0 0 0 0 0 1 0 0 0 0 0 0 0 0 0 0 0 0 0 0 0 0 20 1 2 0 0 2 0 0 0 0 0 0 0 0 0 0 0 0 0 0 0 0 0 0 0 0 0 1 0 0 0 0 0 0 0 0 
 0 0 0 77 0 0 0 0 76 0 0 0 0 0 0 2 0 0 0 0 371 376 298 77 78 110 36 222 387 82 37 41 242 469 0 284 35 26 66 110 0 23 3 0 0 0 0 0 6 0 0 0 0 0 0 0 0 0 0 0 4 3 2 0 0 0 0 5 0 2 0 0 0 2 0 1 2 3 0 0 0 0 0 0 0 0 0 0 0 0 0 0 1 2 0 0 1 0 0 0 0 27 26 1 0 0 0 39 85 46 15 0 1 54 13 33 37 23 0 0 0 0 0 0 0 0 0 0 0 0 1 0 1 0 0 0 0 0 0 0 0 0 0 2 6 0 0 0 0 0 0 18 0 0 0 0 0 19 2 1 0 8 0 7 0 7 0 0 0 0 0 0 0 1 0 0 0 0 0 0 34 9 21 33 1 0 14 26 20 73 9 13 0 0 23 46 29 47 0 0 0 0 0 0 0 0 0 0 0 0 0 0 0 0 0 0 0 0 2 0 0 0 0 2 0 0 0 1 0 0 0 0 0 0 0 0 0 0 0 0 0 0 23 0 0 0 0 0 0 0 0 0 0 0 4 0 2 0 0 0 9 3 0 0 0 0 0 0 0 0 0 0 0 0 0 0 0 0 0 0 0 0 0 0 0 0 0 0 0 0 
 0 0 0 0 0 0 0 0 0 0 0 0 2 0 0 0 3 2 0 0 45 265 332 260 87 89 117 208 335 239 100 58 49 69 284 0 261 205 34 81 0 0 3 0 0 0 2 0 3 0 0 0 1 35 0 0 0 63 0 0 3 3 2 0 0 0 0 2 0 0 0 0 0 20 6 0 0 2 51 0 0 1 0 0 0 0 0 0 0 7 0 0 0 0 0 0 0 0 0 0 1 35 19 30 17 0 0 4 10 18 21 0 0 0 12 12 57 36 0 0 2 0 0 0 0 0 0 0 0 0 0 0 0 0 0 0 0 0 0 1 0 9 0 0 9 0 0 0 4 0 0 0 0 3 0 0 0 0 0 0 0 1 1 9 0 1 0 0 0 0 6 2 0 6 0 0 0 0 0 0 32 13 66 41 18 0 0 14 10 17 15 18 0 0 5 39 18 70 0 0 0 13 0 0 0 0 0 0 0 0 0 0 0 0 0 0 0 0 0 0 0 0 0 14 0 0 7 0 0 0 0 0 0 0 0 0 0 0 0 0 0 0 5 0 0 0 0 0 0 0 0 0 0 0 7 0 2 1 1 0 18 11 0 0 0 0 8 0 0 0 0 0 0 0 0 0 0 0 0 0 0 14 0 0 0 0 26 0 0 0 
 0 0 0 0 0 0 0 0 0 0 0 0 0 17 0 0 0 0 0 0 27 541 212 24 30 52 21 26 257 387 71 59 46 45 35 261 0 356 28 21 0 0 3 0 0 0 0 0 0 0 0 0 0 0 62 0 0 2 0 4 4 30 2 0 0 0 0 3 2 0 0 0 0 3 5 0 2 0 0 0 0 0 0 0 0 0 0 1 0 0 0 2 0 0 0 0 2 0 0 0 0 28 33 7 12 1 0 11 1 24 56 0 0 0 0 41 40 30 0 0 0 0 0 0 0 0 0 0 0 0 0 0 1 0 0 0 0 0 0 0 0 0 0 0 6 0 0 1 0 0 0 0 0 9 0 0 0 0 0 0 1 1 0 1 0 1 0 0 0 0 2 0 25 15 0 0 0 0 0 0 0 13 76 47 17 1 0 0 3 96 26 38 1 0 1 36 41 37 0 0 1 0 6 0 2 0 0 0 0 0 0 0 0 0 0 0 0 0 1 0 0 0 0 0 0 2 1 0 15 0 0 2 0 0 0 0 0 0 0 0 0 0 11 0 0 0 0 0 2 0 0 0 0 0 22 0 1 0 0 0 8 7 10 0 0 2 13 0 0 0 0 0 0 0 2 0 0 0 0 0 0 3 0 0 0 0 13 0 0 0 
 0 0 0 0 0 0 0 0 0 0 8 1 0 0 0 3 0 0 0 0 32 75 344 257 42 66 37 34 492 90 336 58 34 33 26 205 356 0 33 111 0 5 3 0 0 0 0 0 0 0 1 4 0 0 0 0 0 0 0 3 3 3 2 0 0 0 0 3 0 0 0 0 0 2 4 0 0 0 0 4 0 0 0 0 0 0 0 0 0 0 0 0 1 2 0 0 1 0 0 0 0 0 0 38 51 9 0 1 1 0 35 52 0 0 2 55 28 23 0 0 0 0 0 14 0 0 6 0 0 0 1 0 1 0 0 0 0 0 0 0 0 0 1 1 0 0 0 0 0 0 0 0 0 3 0 0 0 0 0 1 0 1 0 1 0 1 0 0 0 0 4 0 0 13 0 6 0 1 0 0 0 14 63 20 27 5 0 0 3 4 41 51 0 0 0 46 15 28 0 0 0 1 0 0 0 0 0 0 0 0 0 0 0 0 0 0 0 35 22 0 0 15 0 2 0 0 21 0 0 0 0 0 0 0 0 0 0 0 0 0 0 0 3 0 0 0 0 0 0 0 0 0 0 0 11 0 1 154 149 3 18 13 3 0 0 0 9 0 0 0 0 0 0 0 0 0 0 0 0 0 0 9 0 0 0 0 10 0 0 0 
 0 3 2 0 4 229 0 0 0 0 0 0 0 0 0 0 2 0 0 0 123 37 42 56 58 37 44 50 54 39 42 16 400 73 66 34 28 33 0 165 0 2 3 0 0 1 0 0 0 0 0 0 0 0 0 11 0 3 61 0 3 3 2 0 0 0 0 2 0 1 2 1 0 3 2 0 0 0 0 0 0 0 0 0 0 24 0 0 0 0 0 0 0 0 0 0 0 0 0 0 27 21 0 0 0 0 50 9 0 33 0 0 46 0 21 0 0 2 24 37 1 0 0 0 0 0 0 0 0 0 0 0 0 0 0 16 18 0 0 0 3 0 0 0 0 0 0 0 0 0 0 0 0 0 0 0 0 7 1 0 0 0 0 0 0 0 0 0 0 0 0 0 0 0 0 0 0 0 0 2 20 0 2 0 0 0 10 2 0 0 0 0 58 99 23 0 0 0 32 57 0 0 0 0 0 0 0 0 0 0 0 0 0 0 0 0 0 0 0 10 0 0 28 0 0 0 0 0 0 0 0 0 0 14 0 0 0 0 0 0 0 0 0 0 0 0 0 0 0 0 0 0 0 0 10 0 0 0 0 2 0 0 0 0 0 0 0 0 0 0 0 0 0 0 0 0 0 0 0 0 0 0 0 0 0 0 0 0 0 0 
 0 0 0 0 0 0 2 0 0 0 0 0 78 0 0 0 0 0 0 0 252 57 35 80 86 38 190 41 67 75 69 40 542 361 110 81 21 111 165 0 0 63 2 0 5 9 26 0 1 2 0 2 4 0 6 3 2 3 2 0 3 3 8 50 45 4 0 2 0 4 2 5 4 7 0 3 0 7 1 0 0 0 0 0 0 1 0 0 0 0 0 0 2 0 0 0 1 0 0 0 32 11 5 0 2 0 16 8 51 10 0 0 10 58 40 11 0 0 0 14 0 21 0 0 0 0 0 0 0 16 1 0 2 0 0 0 0 0 0 0 0 0 2 1 0 0 0 1 0 0 0 0 0 0 0 0 0 0 5 2 0 2 0 0 0 1 0 0 0 0 0 0 0 0 2 0 0 0 0 0 29 27 2 0 2 0 35 82 9 2 0 0 8 85 61 11 22 0 29 61 0 0 0 0 0 0 0 0 0 0 0 0 0 24 0 0 0 0 1 0 0 0 0 0 12 0 0 0 0 0 0 0 0 0 0 0 0 0 2 0 0 0 2 0 0 0 0 0 0 0 0 0 0 0 2 0 0 2 0 0 1 2 0 0 0 0 0 0 0 0 0 0 0 0 0 0 0 0 0 0 15 0 0 0 0 0 0 0 0 0 
 0 0 0 0 0 0 0 0 0 0 0 0 0 0 0 0 0 0 0 0 0 0 0 0 0 0 0 0 0 40 0 0 0 0 0 0 0 0 0 0 0 103 80 36 239 30 247 529 35 39 32 89 278 124 310 242 74 43 56 46 0 0 0 0 0 0 0 0 0 0 0 0 0 0 0 0 1 0 24 0 0 0 0 0 0 0 0 0 0 7 0 0 0 0 0 0 0 0 0 0 0 0 0 0 0 0 0 0 0 0 0 0 0 0 0 0 0 0 0 0 19 56 24 0 0 0 1 29 1 0 0 0 0 0 26 21 14 29 0 1 0 0 0 0 0 0 2 0 0 0 0 11 0 0 0 0 18 0 0 0 0 0 0 0 0 0 0 16 0 0 0 6 0 0 0 0 0 0 0 0 0 0 0 0 0 0 0 0 0 0 0 0 0 0 0 0 0 0 0 0 11 34 21 1 0 0 0 8 7 0 11 1 0 11 12 32 31 7 1 0 0 0 0 0 0 0 3 0 0 0 0 0 0 0 0 0 0 8 0 0 0 0 0 0 0 0 0 0 0 0 0 13 0 0 0 0 0 0 0 0 0 0 0 0 2 0 0 0 0 0 0 0 0 0 0 0 0 0 0 0 0 0 0 0 0 0 0 0 1 0 
 2 2 6 2 2 2 2 2 63 4 2 2 4 2 2 4 2 2 2 2 3 0 0 0 4 0 0 0 0 0 0 0 2 0 23 0 0 5 2 63 103 0 351 60 52 38 68 382 198 300 222 44 75 52 321 458 231 51 55 50 8 4 7 49 0 0 0 0 5 16 17 0 0 2 0 4 5 5 2 5 0 0 0 0 0 0 0 0 13 0 0 0 0 0 0 0 0 0 0 0 0 0 0 0 0 0 0 0 0 0 0 0 0 0 0 0 0 0 0 0 0 18 36 59 0 0 0 0 5 10 12 0 0 0 0 11 22 35 0 0 0 0 0 4 6 4 0 0 0 4 0 2 8 0 0 0 0 6 0 0 0 0 0 1 0 0 0 0 0 0 0 5 0 0 0 0 0 0 0 0 0 0 0 0 0 0 0 0 1 0 8 0 0 0 0 0 0 10 0 0 0 9 36 37 1 0 0 0 21 51 52 57 0 21 0 0 65 44 0 0 0 0 0 26 4 22 0 0 0 0 12 13 0 0 0 0 0 0 0 0 0 0 0 0 0 0 0 0 0 0 0 22 0 0 0 0 0 0 0 22 0 0 0 1 0 4 1 0 2 0 1 0 0 0 0 4 0 0 0 0 0 0 0 0 0 13 0 0 1 0 
 0 0 0 0 0 0 0 0 0 0 62 0 0 0 0 3 0 0 0 0 3 3 3 3 9 2 3 3 3 3 3 3 3 3 3 3 3 3 3 2 80 351 0 145 271 47 66 146 416 313 103 91 71 48 57 431 91 234 57 42 0 8 3 1 0 0 0 3 2 2 1 0 0 4 4 259 9 0 1 0 0 0 0 0 0 0 0 0 0 0 0 0 0 0 35 0 0 0 0 0 0 0 0 0 0 0 0 0 0 0 0 0 0 0 0 0 0 0 0 7 0 0 15 71 11 0 0 0 27 28 81 23 0 0 0 8 21 23 0 0 0 0 31 6 0 0 0 0 0 1 0 2 5 0 0 0 0 10 0 1 2 0 0 0 0 0 0 0 0 0 0 0 0 0 0 0 0 0 0 0 0 0 0 0 0 0 0 0 0 0 0 0 0 0 0 0 0 0 0 0 0 2 21 38 10 20 0 0 22 49 41 41 0 0 0 11 10 35 0 0 0 9 0 22 0 0 0 0 3 3 7 11 0 0 0 0 2 2 15 0 0 0 14 0 0 0 0 0 0 0 0 9 0 0 0 0 0 0 0 33 0 0 6 1 0 18 6 2 0 0 12 0 0 0 0 0 0 0 0 0 0 0 0 0 8 14 0 0 1 0 
 0 0 0 0 0 0 0 0 0 0 0 0 0 0 0 0 0 0 0 0 0 0 65 0 0 0 0 0 0 0 0 3 201 0 0 0 0 0 0 0 36 60 145 0 96 49 60 78 283 531 320 283 46 65 87 271 44 331 63 62 0 0 6 0 0 0 9 0 0 0 1 1 4 8 0 0 0 0 11 3 0 0 0 0 0 0 0 0 0 0 0 0 0 0 0 0 0 0 0 0 0 0 0 0 0 0 0 10 0 0 0 0 0 0 23 0 0 0 0 0 0 0 0 18 12 0 0 0 0 17 19 36 0 0 0 0 3 0 0 0 0 5 0 0 0 0 1 0 0 0 0 1 9 0 0 1 0 0 1 12 2 0 0 0 0 0 0 0 0 0 0 0 0 0 0 0 0 0 4 0 0 0 0 0 0 0 0 0 0 0 0 0 6 0 0 0 0 0 0 0 0 0 0 0 10 17 0 0 0 0 0 21 0 0 0 20 0 0 0 0 20 0 0 0 0 0 0 9 0 0 0 0 7 0 1 0 0 0 19 47 0 0 10 0 0 0 0 0 0 0 0 4 0 0 0 0 0 0 0 10 0 0 34 4 0 13 1 35 2 0 18 0 0 0 0 0 0 0 0 0 0 0 0 0 18 3 0 0 2 0 
 0 0 0 0 2 0 0 0 0 63 0 0 0 0 0 2 0 0 0 62 3 0 0 0 0 2 0 3 0 0 0 0 2 0 0 0 0 0 0 5 239 52 271 96 0 291 63 305 72 130 71 235 300 65 310 75 57 41 92 104 0 0 2 8 0 0 0 1 5 6 9 0 0 5 0 2 2 3 1 0 0 0 0 0 0 0 0 0 0 0 0 0 0 0 0 0 0 0 0 0 0 0 0 0 0 0 11 0 0 0 0 0 0 0 0 0 0 0 0 0 0 0 0 0 16 43 0 0 0 0 0 8 0 19 0 0 0 0 13 0 18 0 0 25 0 8 9 11 0 4 4 0 18 9 0 0 0 0 21 19 2 0 0 0 0 0 0 0 0 0 0 0 0 0 0 0 0 0 32 0 0 0 0 0 0 0 0 0 0 0 0 0 0 0 0 0 0 0 0 0 0 0 0 0 14 27 0 0 0 0 0 0 6 11 1 0 0 0 0 0 0 0 0 0 0 4 30 1 1 1 6 5 23 5 6 0 0 0 31 20 0 0 0 0 0 0 0 0 0 0 0 0 0 0 0 0 0 0 0 1 0 0 5 3 0 0 3 1 0 0 0 0 0 0 0 10 0 0 0 0 0 0 0 0 0 0 0 0 2 0 
 0 0 0 0 0 0 0 0 2 0 0 0 7 2 1 2 2 0 5 2 0 0 0 0 0 0 3 4 0 0 1 2 4 0 0 0 0 0 1 9 30 38 47 49 291 0 32 109 51 268 80 49 31 65 333 128 50 69 77 73 0 0 0 0 0 0 0 0 16 0 50 0 18 0 0 0 0 0 51 0 0 0 0 0 0 0 5 0 0 0 0 0 5 0 0 0 0 0 1 6 0 0 0 0 0 0 0 0 0 0 0 0 0 0 0 0 0 0 0 0 0 0 0 0 13 41 0 0 0 0 0 8 0 0 0 0 0 0 0 9 14 0 0 0 0 0 30 10 1 0 0 0 15 15 0 0 0 0 17 6 6 0 0 0 0 0 4 0 0 8 0 0 14 0 1 0 0 0 7 0 0 0 0 0 0 0 0 0 0 0 0 0 0 0 0 0 0 0 0 0 0 0 0 0 10 19 0 0 0 0 0 0 0 0 0 0 0 0 0 0 17 0 0 0 0 0 31 0 1 0 0 0 10 10 4 3 1 0 16 7 0 0 0 0 0 0 0 0 0 0 0 9 0 0 0 0 0 0 0 0 0 0 0 0 1 6 5 0 0 0 0 0 0 0 0 0 0 0 0 0 0 0 0 0 0 12 0 0 1 0 
 0 3 0 29 0 0 0 0 0 0 0 0 0 0 0 0 0 0 0 0 0 0 0 0 1 0 0 6 0 0 0 0 2 0 0 2 0 0 0 26 247 68 66 60 63 32 0 75 38 240 36 28 533 236 253 32 27 44 85 294 0 0 0 1 51 5 3 0 0 0 0 0 0 0 0 0 0 2 2 0 0 0 0 0 0 0 0 0 0 0 0 0 0 0 0 0 0 0 0 0 0 0 0 0 0 0 0 0 0 0 0 0 0 0 0 0 0 0 0 0 44 14 9 0 0 0 15 54 20 11 0 0 1 9 32 32 7 2 0 0 0 0 0 1 4 1 15 0 0 0 0 0 0 0 0 0 5 0 0 0 2 0 0 0 1 0 0 0 0 0 0 0 0 0 0 0 0 0 0 0 0 0 0 0 0 0 0 0 0 0 0 0 0 0 0 0 0 0 9 0 28 28 15 0 0 0 0 28 10 0 0 0 2 6 22 22 1 0 10 0 0 0 0 0 7 0 0 0 0 0 1 0 0 0 0 0 0 0 0 0 0 0 0 0 0 0 0 0 0 0 0 8 0 0 0 0 0 0 0 2 0 0 0 0 0 0 0 0 0 0 0 0 0 0 0 1 0 0 0 0 13 0 0 0 0 0 0 0 0 0 
 0 0 0 63 0 0 0 0 0 0 0 0 3 2 0 3 0 0 0 0 2 0 0 0 0 0 0 0 1 0 0 3 6 0 0 0 0 0 0 0 529 382 146 78 305 109 75 0 161 44 50 43 324 321 155 108 25 46 123 51 3 0 1 0 0 0 0 2 0 0 0 2 0 2 0 0 1 0 0 0 0 0 0 0 0 0 0 0 0 0 0 0 0 0 0 0 0 0 8 0 0 0 0 0 0 0 0 0 0 0 0 0 0 0 0 0 0 0 0 0 0 20 6 30 26 19 0 18 15 10 12 0 0 0 43 56 15 47 0 0 0 0 0 0 0 0 0 0 0 0 0 0 5 0 0 0 5 0 9 1 2 0 0 0 0 0 0 0 0 0 0 5 0 0 0 0 0 0 0 0 0 0 0 0 0 0 0 0 0 0 0 0 0 0 0 0 0 0 1 0 0 5 21 46 0 30 0 3 40 49 54 37 0 7 0 14 87 40 0 0 0 0 1 16 0 0 0 0 0 0 0 0 0 0 0 0 0 0 3 1 0 0 0 0 0 0 0 0 0 0 0 2 0 0 0 0 0 0 0 1 0 0 0 0 0 0 0 0 0 0 0 0 0 0 0 0 0 0 0 0 0 0 0 0 0 0 0 0 2 0 
 0 0 0 0 0 0 0 0 0 0 0 0 0 0 0 0 0 0 0 0 0 0 2 0 0 1 0 0 0 0 0 0 0 0 6 3 0 0 0 1 35 198 416 283 72 51 38 161 0 259 45 66 88 96 179 202 231 176 67 62 0 0 0 0 0 0 0 0 0 0 0 2 0 0 0 0 24 0 1 50 0 0 0 0 0 0 0 0 0 0 0 0 0 0 0 0 0 0 0 0 0 0 0 0 0 0 0 0 0 0 0 0 0 0 0 0 0 0 0 0 1 1 12 32 0 0 0 0 11 34 13 10 15 0 13 28 32 61 0 0 0 0 0 0 0 0 1 0 0 0 0 0 4 0 0 0 1 0 0 0 2 0 0 0 0 0 0 0 0 0 0 0 0 0 0 0 0 0 0 0 0 0 0 0 0 0 0 0 0 0 0 0 0 0 0 0 0 0 0 0 0 0 23 80 0 0 0 0 22 43 54 19 0 0 0 9 54 39 0 0 0 0 0 13 0 0 0 0 0 0 0 0 0 0 0 0 0 0 9 0 0 0 0 0 0 0 0 0 0 0 0 2 0 2 0 0 0 0 0 4 0 0 3 1 0 8 2 1 0 0 33 0 0 0 0 0 0 0 0 0 0 0 0 0 7 0 0 0 1 2 
 0 0 0 0 0 0 0 0 0 0 0 0 0 0 0 2 2 0 63 0 3 0 0 0 4 0 0 6 0 0 0 2 2 0 0 0 0 0 0 2 39 300 313 531 130 268 240 44 259 0 278 93 258 53 131 213 276 305 88 331 7 0 0 0 0 0 0 0 0 1 0 0 0 0 0 0 1 6 2 3 0 0 0 0 0 0 0 0 5 0 0 0 0 0 0 0 0 0 0 0 0 0 0 0 0 0 0 0 0 0 0 0 0 0 0 0 0 0 0 0 0 0 18 33 11 0 10 0 0 16 13 5 0 0 0 6 11 0 0 0 0 0 0 0 0 0 0 0 0 0 0 0 2 0 0 0 0 0 0 1 0 0 0 0 0 0 0 0 0 0 0 0 0 0 0 0 0 0 0 0 0 0 0 0 0 0 0 0 2 0 0 0 0 0 0 0 0 0 0 0 0 0 12 17 11 4 3 0 0 53 0 32 0 0 0 6 4 13 0 0 0 0 0 0 0 0 0 0 0 0 0 0 11 0 0 0 0 0 10 0 0 0 11 0 0 0 0 0 64 0 0 33 0 1 0 0 0 0 0 16 0 0 63 65 0 6 2 70 0 0 6 0 0 0 0 0 0 0 0 0 0 0 0 0 10 11 0 0 2 0 
 0 0 0 0 0 0 0 0 0 0 0 0 0 0 0 0 0 0 0 0 0 0 0 0 1 0 0 0 0 0 0 0 19 0 0 0 0 1 0 0 32 222 103 320 71 80 36 50 45 278 0 281 74 47 80 95 94 308 29 66 0 0 0 2 5 1 0 1 1 55 8 0 2 5 0 0 14 2 3 0 0 0 0 0 0 0 0 0 0 9 0 0 0 0 0 0 0 0 0 0 0 0 0 0 0 0 0 0 0 0 0 0 0 0 0 0 0 0 0 0 0 0 0 14 31 0 0 0 12 13 18 62 0 0 0 0 0 0 0 0 1 0 0 0 20 4 0 0 0 0 0 0 2 0 0 0 0 0 0 10 2 0 6 0 0 0 0 0 0 0 0 0 0 0 0 0 0 0 0 0 0 0 0 0 0 0 0 0 0 0 0 0 0 0 0 0 0 0 0 0 0 0 0 3 35 53 0 0 0 0 0 4 0 0 0 18 0 0 0 12 0 0 0 0 7 7 0 0 0 0 0 0 5 0 1 0 0 0 15 7 0 0 11 0 0 0 0 0 0 0 0 5 1 0 0 0 1 0 0 8 0 0 38 33 0 10 0 5 4 0 21 0 0 0 0 4 0 0 0 0 0 0 0 0 7 12 0 0 2 8 
 0 0 0 0 3 0 0 1 3 0 0 0 0 0 0 0 48 0 0 0 0 0 0 0 0 0 0 0 0 0 0 0 36 0 0 0 0 4 0 2 89 44 91 283 235 49 28 43 66 93 281 0 234 28 25 92 101 81 61 25 4 14 4 0 0 0 0 5 12 0 54 6 0 14 4 0 3 0 2 2 0 0 0 0 0 0 0 0 0 0 0 0 0 0 0 0 0 0 0 11 0 0 0 0 0 0 0 0 0 4 0 1 0 0 0 0 0 0 0 0 0 0 0 19 9 9 0 0 0 7 22 2 0 0 0 0 0 0 0 0 7 0 1 5 0 0 9 0 0 15 2 12 17 0 0 13 2 5 12 19 1 0 0 0 0 0 0 0 0 0 0 0 0 0 0 0 0 0 9 0 0 0 0 0 0 0 0 0 0 0 0 0 0 0 0 0 0 0 0 0 0 0 0 0 19 10 0 0 0 0 0 10 0 0 0 20 0 0 0 0 0 3 0 2 0 0 0 0 5 7 3 2 8 0 0 2 3 3 32 21 0 0 8 0 0 0 0 0 0 0 0 0 0 0 0 0 0 0 0 17 0 0 47 64 0 0 47 78 0 0 21 0 0 0 0 0 0 0 0 0 0 0 0 0 10 40 0 0 1 0 
 0 0 0 0 0 0 0 0 2 0 0 0 0 0 0 2 3 5 2 3 0 0 0 2 4 1 0 6 2 0 0 0 0 0 0 1 0 0 0 4 278 75 71 46 300 31 533 324 88 258 74 234 0 65 49 228 42 52 437 434 0 0 1 1 4 4 11 0 0 0 2 1 0 0 0 0 45 0 7 0 0 0 0 0 0 0 0 0 0 0 0 0 0 0 0 0 0 0 0 0 0 0 0 0 0 0 0 0 0 0 0 0 0 0 0 0 0 0 0 0 31 29 29 0 0 0 13 84 21 0 0 0 14 25 18 39 16 2 1 13 0 0 0 0 6 2 6 7 0 0 0 0 0 0 0 0 2 0 0 0 0 0 0 0 2 0 0 0 0 0 0 0 1 0 0 8 0 0 0 0 0 0 0 0 0 0 0 0 0 0 0 0 0 0 0 0 0 0 0 0 54 27 8 0 0 0 21 46 0 0 1 0 64 22 33 34 0 0 17 0 0 0 0 0 8 2 0 0 0 0 0 0 0 0 0 0 0 0 0 0 0 0 0 0 0 65 0 0 0 0 0 9 0 0 0 0 0 0 0 0 0 0 0 0 0 0 1 0 0 0 0 0 0 0 0 2 0 0 0 0 0 0 0 0 0 0 0 0 0 0 
 0 0 0 0 0 0 0 0 2 0 0 0 2 0 0 3 0 0 2 0 0 0 0 0 0 1 0 0 0 0 0 0 2 0 0 35 0 0 0 0 124 52 48 65 65 65 236 321 96 53 47 28 65 0 345 43 25 95 77 84 0 0 0 0 0 0 0 0 0 0 0 0 0 0 0 0 0 0 52 0 0 0 0 0 0 0 0 0 0 0 0 18 0 0 0 0 0 0 0 0 0 0 0 0 0 0 0 0 0 0 0 0 0 0 0 0 0 0 0 0 25 70 20 0 0 0 0 42 1 0 1 0 0 2 29 15 34 11 0 0 0 0 9 0 0 0 2 0 0 0 0 1 0 0 0 0 3 0 0 0 1 0 0 0 0 0 0 0 0 0 0 6 0 0 12 0 0 0 0 0 0 0 0 0 0 0 0 0 0 0 0 0 0 15 0 0 0 0 0 0 14 36 21 1 0 0 0 11 15 6 21 0 0 3 21 38 22 2 0 0 0 0 0 0 0 0 0 0 0 0 0 0 0 27 0 0 0 0 0 0 0 0 0 0 0 0 0 0 0 0 0 4 0 0 0 0 0 0 0 0 0 0 0 0 2 2 3 0 0 0 0 0 0 0 0 0 0 0 0 0 0 0 0 0 0 0 0 0 1 0 
 0 2 0 0 0 0 0 0 0 0 0 0 0 0 0 1 0 0 0 0 3 0 0 0 2 0 0 0 0 0 0 2 2 0 0 0 62 0 0 6 310 321 57 87 310 333 253 155 179 131 80 25 49 345 0 389 49 266 89 74 0 0 54 0 0 0 0 0 0 0 0 0 0 0 0 0 0 0 0 0 0 0 0 0 0 0 0 0 0 0 0 0 0 0 0 0 0 0 0 0 0 0 0 0 0 0 0 0 0 0 0 0 0 0 0 0 0 0 0 0 0 20 6 2 0 0 12 19 15 10 8 0 0 0 13 30 15 47 0 0 0 0 0 0 0 0 0 0 0 0 0 0 3 0 0 0 8 0 0 0 2 0 0 0 0 0 0 0 0 0 0 6 0 23 0 0 0 0 0 0 0 0 0 0 0 0 0 0 1 0 0 0 0 0 0 0 9 0 0 0 0 4 22 24 0 0 0 2 37 43 46 33 0 9 0 18 43 31 0 0 0 0 0 19 0 0 0 0 0 0 0 0 0 0 0 0 0 0 0 0 0 0 0 0 0 0 0 0 0 0 0 3 0 0 0 0 0 0 0 0 0 0 1 0 0 2 3 0 2 0 0 0 0 0 0 0 0 0 0 0 0 0 0 0 0 0 0 0 2 1 
 0 0 0 62 2 2 0 0 0 0 0 0 0 0 0 0 2 0 0 0 6 0 0 0 0 0 5 0 0 0 0 0 6 0 0 0 0 0 11 3 242 458 431 271 75 128 32 108 202 213 95 92 228 43 389 0 205 231 29 42 0 0 0 0 3 3 0 0 0 0 0 0 0 0 0 0 0 0 1 0 0 0 0 0 0 12 0 0 0 0 0 0 0 0 0 0 0 0 0 1 7 0 0 0 0 0 6 0 0 0 0 0 3 0 5 0 0 0 0 11 0 1 52 45 9 0 0 1 15 16 9 13 0 0 0 10 100 23 0 0 0 0 0 0 0 0 0 0 0 0 0 0 19 0 0 0 0 0 0 0 2 0 0 0 0 0 0 0 0 0 0 0 0 0 0 0 0 0 0 0 0 3 0 0 0 0 3 5 0 0 0 0 6 7 0 0 0 0 0 7 0 21 8 60 10 9 0 0 30 52 32 43 0 0 0 1 26 61 0 0 0 0 0 24 0 0 0 0 0 0 0 0 0 2 0 0 0 0 5 0 0 0 9 0 0 0 0 0 0 0 0 1 0 0 0 0 0 0 0 6 0 0 0 1 0 10 0 1 0 0 0 0 0 0 0 0 0 0 0 0 0 0 0 0 0 10 0 0 2 0 
 2 2 2 2 2 2 2 2 2 2 3 2 2 2 2 5 4 2 2 2 3 0 0 16 3 3 3 0 0 0 3 10 5 0 0 0 0 0 0 2 74 231 91 44 57 50 27 25 231 276 94 101 42 25 49 205 0 247 39 247 0 0 0 0 0 29 0 0 0 0 1 1 0 0 0 0 0 0 1 0 0 0 0 0 0 0 0 0 0 0 12 0 0 0 0 0 0 0 0 0 0 0 0 0 3 4 0 0 0 0 0 4 0 0 0 0 0 4 0 0 0 1 15 41 10 0 0 0 19 37 23 20 0 0 0 9 13 20 9 0 0 0 0 0 0 0 0 0 4 0 0 0 5 0 0 0 0 0 0 1 2 0 0 0 0 0 0 0 0 0 0 1 0 0 0 0 0 0 0 0 0 0 0 0 0 9 12 0 4 0 4 0 0 0 0 0 0 0 0 0 0 1 20 32 11 11 0 0 20 31 21 27 9 0 0 10 9 29 0 25 0 0 0 11 0 0 3 0 0 0 0 0 0 0 0 6 0 0 20 0 0 0 10 0 0 0 0 0 0 0 0 4 0 1 0 0 0 0 4 21 0 1 0 0 0 14 4 0 1 0 11 0 0 0 0 0 0 0 0 0 0 3 0 0 10 0 0 0 2 0 
 0 0 0 2 0 0 0 0 0 0 0 0 2 0 0 0 0 0 0 3 2 0 0 0 0 0 0 0 0 0 0 0 3 1 0 63 2 0 3 3 43 51 234 331 41 69 44 46 176 305 308 81 52 95 266 231 247 0 257 23 0 0 0 0 3 6 0 0 0 0 0 0 0 0 0 0 0 51 2 0 0 0 0 0 0 0 0 0 0 0 0 1 0 0 0 0 0 0 0 0 0 0 0 0 0 0 0 0 0 0 0 0 0 0 0 0 0 0 11 0 0 0 11 39 19 0 0 0 0 27 20 10 0 0 0 0 20 0 0 0 0 0 0 0 0 0 0 0 0 0 0 0 5 0 0 0 0 0 0 1 0 0 0 0 0 0 0 0 0 0 0 0 0 0 0 0 0 0 0 0 0 0 0 0 0 0 0 0 0 0 0 0 9 0 0 0 0 0 0 0 0 14 12 14 17 16 0 0 0 0 0 49 0 0 0 19 0 12 0 0 0 0 0 0 0 0 0 0 0 0 0 0 6 0 0 0 0 0 13 0 0 0 4 0 0 0 0 0 0 0 0 7 0 0 0 0 0 0 0 21 0 0 62 62 0 11 1 63 2 0 28 0 0 0 0 0 0 0 0 0 0 0 0 0 2 22 0 0 1 0 
 0 0 0 0 64 0 0 0 0 31 0 1 0 0 0 0 0 0 0 0 4 0 0 0 0 149 0 0 0 0 0 0 3 1 0 0 0 0 61 2 56 55 57 63 92 77 85 123 67 88 29 61 437 77 89 29 39 257 0 199 0 9 31 1 0 0 3 0 15 13 4 0 0 0 0 6 7 5 4 0 0 0 0 1 0 9 0 0 0 0 0 0 0 0 0 16 0 0 0 0 20 0 0 0 0 0 9 0 0 0 0 0 17 0 0 0 0 7 2 8 10 3 1 0 0 0 21 0 12 0 10 0 7 24 10 1 22 0 24 26 0 0 7 7 0 3 0 7 0 9 0 1 0 0 0 0 0 9 0 0 0 0 0 0 0 0 0 0 0 0 0 0 0 0 0 0 0 0 0 0 0 0 0 0 0 0 9 0 1 0 0 0 0 20 0 0 0 0 19 19 34 0 0 0 11 0 17 11 10 0 0 0 12 19 35 0 0 0 19 30 10 5 0 8 0 3 0 0 0 0 29 8 0 0 0 0 0 0 0 0 0 0 0 0 0 0 0 0 0 0 0 5 0 0 0 0 0 0 0 0 0 0 0 0 0 0 7 0 0 0 0 0 0 0 0 3 0 0 0 0 0 0 0 0 0 0 0 0 2 0 
 0 2 0 0 0 0 0 0 0 0 0 0 0 5 0 72 3 0 0 0 0 1 5 7 0 2 0 6 5 3 1 0 0 2 0 0 4 3 0 0 46 50 42 62 104 73 294 51 62 331 66 25 434 84 74 42 247 23 199 0 0 0 0 0 0 0 12 0 0 0 25 0 0 0 0 0 0 0 6 0 0 0 0 0 0 0 0 0 0 0 0 0 0 0 15 0 0 0 0 0 21 6 0 0 1 3 0 1 0 0 4 1 0 0 0 0 4 3 0 0 27 17 18 0 0 0 16 53 30 0 0 0 11 31 22 22 10 0 0 18 0 0 0 0 0 0 3 2 0 0 0 0 0 0 0 0 2 0 0 0 0 0 0 0 2 0 0 0 0 0 0 0 1 0 0 1 0 0 0 0 0 0 0 7 6 0 0 0 0 3 1 4 0 0 0 0 0 4 0 0 32 20 8 0 0 0 10 30 0 0 0 0 21 15 28 22 0 0 16 0 0 0 0 0 0 0 1 0 0 0 0 0 0 0 0 0 0 0 0 12 0 0 1 0 0 0 0 0 0 0 0 2 0 0 0 0 0 0 3 0 62 0 0 0 0 0 0 0 0 0 0 0 0 0 0 0 0 0 0 0 0 4 0 0 0 0 0 0 0 0 
 0 2 0 9 5 1 0 0 0 51 6 7 2 0 0 0 3 1 4 0 3 3 3 3 3 3 3 9 3 3 3 3 3 3 4 3 4 3 3 3 0 8 0 0 0 0 0 3 0 7 0 4 0 0 0 0 0 0 0 0 0 101 88 54 151 20 251 238 57 27 48 30 56 159 407 40 47 241 162 57 0 0 0 39 9 0 0 0 0 0 0 8 0 0 0 0 1 0 0 0 0 0 0 0 0 0 0 0 0 0 0 0 0 0 0 0 0 0 1 0 0 0 0 0 0 0 0 0 0 1 0 11 0 6 0 0 0 0 0 0 22 20 7 12 0 0 8 9 31 7 17 24 0 0 22 4 26 0 0 0 0 0 0 7 3 6 0 0 0 0 0 6 0 0 0 2 0 0 0 0 0 0 0 0 0 0 0 0 0 0 0 0 0 0 54 0 0 0 2 0 0 0 0 0 0 0 0 0 0 0 0 0 0 0 0 0 0 0 0 0 1 20 19 10 1 0 0 14 21 72 0 0 0 12 31 23 25 39 0 0 0 0 0 12 0 0 0 0 0 6 0 0 2 0 3 0 14 0 0 0 0 0 0 0 0 0 0 0 0 0 27 0 0 0 2 4 0 0 0 0 0 0 0 0 0 2 0 0 0 0 
 0 0 0 2 0 5 0 0 1 0 0 0 0 2 0 0 0 0 8 0 3 3 3 3 3 3 77 3 3 3 3 3 3 3 3 3 30 3 3 3 0 4 8 0 0 0 0 0 0 0 0 14 0 0 0 0 0 0 9 0 101 0 530 71 54 65 88 277 228 58 34 37 64 59 230 192 223 32 51 58 0 0 0 0 0 0 0 19 0 0 0 0 0 0 0 0 0 0 0 0 0 1 0 1 0 0 1 0 1 0 0 0 1 0 0 1 0 1 1 0 0 0 0 0 0 1 0 0 0 0 0 0 20 0 0 0 0 0 0 0 0 0 15 29 0 0 0 0 0 19 2 29 0 0 0 12 0 65 0 0 2 0 0 0 0 0 0 9 0 0 0 0 0 0 0 0 0 0 0 0 0 0 0 0 0 0 0 0 0 0 0 0 0 0 0 0 0 0 0 0 0 0 0 0 0 0 0 0 0 0 0 0 0 0 0 0 0 0 0 0 0 55 0 40 9 0 0 0 23 24 46 31 0 0 0 16 26 29 0 0 12 0 0 0 0 0 0 0 0 0 0 0 0 0 14 0 0 0 0 1 0 0 0 0 0 0 5 0 0 0 7 0 0 7 0 0 0 0 0 0 0 0 0 0 0 0 0 11 0 0 
