 0 89 67 45 38 15 573 415 81 45 37 36 62 315 397 121 37 37 44 31 0 3 3 0 0 0 0 73 0 0 3 0 0 0 3 2 0 0 0 1 3 0 0 0 0 0 0 0 3 8 0 0 0 0 0 0 0 0 3 3 0 0 0 0 1 0 0 29 0 3 0 0 0 0 0 2 3 0 0 51 25 66 41 1 0 0 23 60 15 0 10 0 2 26 40 85 0 13 0 8 0 0 0 0 0 0 0 0 0 0 0 0 0 0 0 0 0 0 0 0 0 0 0 0 0 0 11 0 0 0 0 0 0 0 0 0 0 0 0 0 0 0 0 0 1 0 0 0 0 2 0 0 0 0 0 0 0 0 0 0 30 27 1 0 0 0 27 8 53 23 0 0 0 10 27 0 41 0 0 0 0 0 0 0 0 19 0 0 0 2 0 0 0 0 0 1 0 0 0 0 0 0 0 0 0 0 0 0 0 0 0 0 0 1 27 0 0 0 0 0 0 0 2 0 0 0 0 0 0 0 0 0 1 0 0 0 0 0 0 2 0 0 0 0 0 0 0 2 0 0 0 7 0 0 0 0 0 0 0 0 0 0 0 0 0 0 0 0 0 0 0 0 0 11 0 3 0 0 0 0 0 0 0 0 0 0 0 0 0 0 
 89 0 440 45 37 117 360 656 395 44 43 27 264 55 545 357 395 51 26 55 0 3 3 2 0 0 0 0 0 0 3 0 0 0 3 0 78 2 0 0 3 0 0 0 62 0 0 0 3 7 0 0 0 0 0 0 0 0 3 3 2 0 0 0 3 0 86 0 0 2 0 0 0 0 0 2 34 0 0 0 0 1 30 42 0 0 0 20 33 72 20 0 9 0 0 10 30 50 0 0 0 0 7 0 0 0 0 0 0 0 0 0 0 1 0 0 0 0 0 0 0 0 1 0 0 0 0 25 1 0 0 0 0 0 0 0 0 0 0 0 0 0 0 0 0 0 0 0 0 0 0 0 0 0 0 0 0 0 0 0 0 16 27 1 0 0 0 18 0 15 11 16 0 10 0 26 2 15 0 0 0 0 0 0 12 0 1 0 0 0 0 0 0 0 0 0 0 0 0 0 0 0 0 0 0 0 0 0 0 0 0 0 0 0 0 0 0 0 0 0 0 0 0 0 0 0 0 2 0 0 0 0 0 0 0 0 0 1 0 0 0 0 0 0 0 0 2 2 0 0 2 0 11 0 0 0 0 0 0 0 0 0 19 0 0 0 0 0 0 0 0 0 0 0 0 17 17 0 0 0 0 0 0 0 0 0 0 0 0 0 
 67 440 0 181 64 33 291 125 599 646 124 254 72 27 117 268 125 414 27 277 0 3 3 0 1 0 0 2 0 0 5 0 0 0 3 0 2 89 0 0 3 0 0 0 0 0 0 1 3 3 0 0 0 0 0 0 58 2 2 3 0 0 0 0 0 0 0 0 0 3 0 0 0 0 0 3 45 1 0 0 0 10 23 43 0 0 0 13 75 60 21 9 29 0 9 42 73 58 0 0 0 0 0 0 0 17 0 0 0 0 0 0 0 0 4 0 0 0 0 0 0 0 0 0 0 0 0 0 0 0 0 0 0 0 0 0 0 0 0 0 0 0 0 0 0 0 0 0 0 0 0 0 0 0 0 0 0 0 0 0 0 24 67 17 0 0 0 14 0 40 18 10 0 0 0 35 0 25 0 0 0 0 0 0 0 0 0 0 0 16 0 0 0 0 0 0 0 0 0 0 0 0 0 0 0 0 0 0 0 0 0 0 0 0 0 0 0 0 0 0 0 0 0 3 0 0 0 0 0 0 0 0 0 0 0 0 0 0 0 0 0 15 0 0 0 2 7 0 2 6 0 1 10 0 0 0 2 0 0 0 1 0 17 0 1 0 0 0 0 0 0 0 0 0 0 25 11 22 0 0 0 0 0 0 0 0 0 0 0 0 
 45 45 181 0 89 34 74 73 80 543 194 399 263 67 279 52 75 643 160 69 0 3 3 1 4 0 0 1 0 2 3 0 0 0 3 1 0 0 0 0 3 0 0 0 0 0 0 0 3 3 0 0 2 0 0 0 0 1 3 3 1 6 0 0 2 0 0 0 0 3 0 0 0 0 0 2 2 0 0 0 0 0 0 1 12 6 0 0 18 20 19 33 0 0 0 0 0 0 0 0 0 0 0 0 0 0 0 0 0 0 0 0 3 0 0 0 0 0 17 0 0 0 14 0 0 0 0 0 0 0 0 0 0 0 0 0 0 0 0 0 0 0 0 0 0 0 0 0 0 0 0 0 0 0 0 0 0 0 0 0 0 0 0 34 37 0 0 0 0 35 29 17 0 0 0 0 0 32 0 1 0 0 0 0 0 0 0 0 0 0 0 0 0 0 0 0 0 5 28 1 0 0 0 0 0 0 0 0 0 0 0 0 0 0 0 0 0 0 0 0 0 0 0 0 0 0 0 0 0 0 0 0 0 0 0 0 0 0 0 0 0 14 0 0 0 2 55 0 2 55 0 3 0 0 0 0 0 0 28 0 0 0 0 0 0 0 0 0 0 0 0 0 0 0 0 16 6 18 0 0 0 0 0 0 0 0 0 0 0 0 
 38 37 64 89 0 450 36 75 92 78 181 347 85 81 83 180 74 41 87 67 0 3 3 0 0 0 0 0 1 0 3 3 0 3 3 0 2 0 2 4 3 0 0 0 0 0 3 0 3 3 2 0 5 0 0 3 0 0 3 3 0 0 0 3 1 0 0 0 48 6 0 0 0 0 0 2 3 0 0 0 0 0 0 0 36 20 0 0 0 0 1 17 0 0 0 0 0 0 0 0 2 0 0 0 0 0 0 0 0 18 0 0 56 17 0 0 0 0 35 17 0 0 0 0 0 0 0 0 0 0 11 0 0 0 19 0 0 0 0 0 0 0 0 0 0 0 2 0 0 0 0 4 0 0 0 0 7 0 0 0 0 0 0 0 28 19 0 0 1 0 0 3 0 0 0 0 0 0 0 4 50 0 0 0 0 0 0 0 0 0 0 1 0 5 0 0 0 6 69 22 0 0 0 0 0 0 0 0 0 4 0 0 0 1 0 0 0 29 0 0 0 0 4 0 0 0 0 0 0 0 0 2 0 0 0 0 0 0 0 0 0 0 0 0 0 2 3 0 4 4 0 3 2 0 0 0 0 0 0 0 0 0 0 0 0 0 0 0 0 0 0 0 0 0 0 0 0 0 0 0 0 0 0 0 0 0 0 0 0 0 
 15 117 33 34 450 0 14 30 44 49 59 48 235 44 272 93 272 63 49 55 0 3 3 1 5 2 0 73 0 0 5 2 0 4 7 0 0 0 297 1 3 6 0 67 72 66 0 0 12 9 0 0 68 0 4 1 0 0 5 3 0 4 0 0 4 0 0 10 0 3 0 0 0 0 6 2 3 1 0 0 0 0 0 0 45 50 0 0 0 0 0 0 0 0 0 0 0 0 0 0 2 0 0 0 0 0 17 0 1 0 0 0 37 19 1 0 0 0 30 33 0 0 0 0 0 0 0 1 0 0 11 0 0 0 0 0 0 0 0 0 3 1 0 0 0 0 4 3 0 0 0 6 2 0 0 0 19 0 0 1 0 0 0 0 34 46 0 0 0 0 0 26 0 0 0 0 0 0 0 5 86 0 0 0 0 0 0 0 0 0 0 2 33 35 1 0 0 0 32 48 0 0 0 0 0 0 0 0 0 0 0 0 0 0 0 0 0 0 0 0 0 0 0 0 0 0 0 0 0 0 0 0 0 0 0 0 0 0 0 0 0 0 0 0 0 1 0 1 4 0 1 10 0 0 0 0 0 0 0 0 0 0 0 0 0 0 0 0 0 0 0 0 0 0 0 0 0 0 0 0 0 0 0 0 0 0 0 0 0 0 
 573 360 291 74 36 14 0 325 66 334 40 14 345 327 41 80 57 134 47 231 2 3 5 0 0 0 0 0 0 0 3 2 0 0 3 0 0 0 2 0 3 0 0 0 0 0 0 0 3 4 0 1 0 0 0 0 1 0 3 3 0 0 0 0 0 0 0 5 0 3 0 63 0 0 0 3 3 1 0 0 65 33 63 13 0 0 11 19 25 10 15 5 23 12 45 33 12 23 0 8 0 0 0 0 0 0 0 0 0 0 0 0 0 0 0 0 0 0 0 0 0 0 0 0 0 0 0 0 0 0 0 0 0 0 0 0 0 0 0 11 0 22 0 0 4 0 1 0 0 0 0 0 0 0 0 0 0 0 0 0 46 63 0 0 0 0 41 29 38 1 0 0 18 34 40 6 23 0 0 9 0 0 0 0 0 0 0 0 0 0 0 0 0 0 0 0 0 0 0 0 0 0 0 0 0 0 0 0 0 0 0 0 0 0 0 0 0 0 0 0 0 0 0 0 0 0 0 0 0 0 0 0 0 0 0 0 0 0 0 0 0 0 20 0 0 0 0 0 0 1 2 3 0 0 0 0 0 0 0 0 0 0 0 0 0 0 0 0 0 0 0 0 0 0 0 0 11 0 0 0 0 0 0 0 0 0 0 0 0 0 
 415 656 125 73 75 30 325 0 348 468 56 233 322 463 143 345 36 60 51 61 2 3 3 0 0 0 0 0 0 0 3 0 0 0 5 0 0 2 0 0 3 15 0 0 0 0 0 0 3 6 0 0 0 0 0 7 0 0 3 3 1 0 0 0 2 0 0 0 0 3 0 0 0 0 0 2 53 0 0 0 6 59 58 33 0 0 7 26 35 0 14 0 30 15 26 24 37 36 0 6 0 0 0 0 0 0 0 0 0 0 0 0 0 0 0 0 0 0 0 0 0 11 0 0 0 0 7 15 0 0 0 0 0 0 0 0 0 0 0 0 0 0 0 26 0 0 0 0 0 0 0 0 0 0 0 0 0 0 0 0 1 15 56 0 0 0 13 27 31 19 0 1 0 12 10 13 21 2 0 0 0 0 0 0 0 0 0 0 0 0 0 0 0 0 0 0 0 0 0 0 0 0 0 0 0 0 0 0 0 19 0 0 0 0 0 0 0 0 0 0 0 0 0 0 0 0 0 0 0 0 0 0 0 0 0 0 0 0 0 0 0 1 0 0 0 2 2 2 1 0 0 6 10 0 0 0 0 0 0 0 0 0 0 0 0 0 0 0 0 0 0 0 0 0 0 16 0 0 0 0 0 0 0 2 0 0 0 0 0 0 
 81 395 599 80 92 44 66 348 0 451 52 44 74 47 397 300 311 143 92 75 0 4 6 4 1 0 0 0 0 0 3 0 1 0 3 146 78 0 0 0 3 0 0 0 0 0 0 0 3 4 0 0 0 0 0 0 0 0 2 3 0 0 0 0 0 0 0 0 0 3 0 1 0 0 0 3 31 1 0 0 0 12 29 40 0 0 1 15 41 62 22 0 18 1 0 30 45 68 0 0 0 0 0 18 0 0 0 0 0 0 0 0 0 0 0 0 2 0 2 1 1 0 0 0 0 0 0 1 0 0 0 0 0 0 0 0 0 0 0 1 0 0 0 0 0 0 1 0 0 0 8 0 0 0 0 0 0 0 0 0 1 17 28 1 0 0 1 10 0 20 15 15 0 9 0 33 12 22 0 0 0 0 0 0 0 0 0 0 0 23 0 0 0 0 0 0 0 0 0 0 1 0 0 0 0 0 0 0 0 0 0 0 0 0 0 0 0 1 0 0 0 0 0 0 0 0 0 0 0 0 0 0 0 0 0 0 0 6 0 0 0 0 0 0 0 2 1 0 2 2 2 7 5 2 2 0 0 0 0 0 0 0 14 0 0 0 0 0 0 0 0 0 0 0 0 13 9 0 0 0 0 0 0 0 0 0 0 0 0 0 
 45 44 646 543 78 49 334 468 451 0 423 267 60 66 97 399 436 383 322 93 0 3 5 0 0 73 0 0 0 0 4 0 0 0 3 2 0 0 2 0 3 0 0 3 0 0 0 0 3 3 0 0 0 0 0 0 0 0 3 3 0 1 0 2 1 0 0 0 0 3 0 0 0 0 0 2 4 0 0 0 0 0 0 48 16 7 0 0 25 56 23 34 0 0 0 2 5 18 0 0 0 0 0 8 0 0 0 1 0 0 0 0 0 0 0 0 0 0 1 0 0 0 8 0 0 0 0 0 0 0 1 0 0 0 0 0 0 0 0 0 1 0 0 0 0 0 0 0 0 0 0 0 0 0 0 0 0 0 0 0 0 15 13 19 14 0 0 0 0 53 34 27 0 0 0 17 0 48 0 0 0 0 0 0 0 0 0 0 0 0 0 0 0 2 0 0 0 0 0 0 0 0 0 0 0 0 0 2 0 0 0 0 0 0 0 0 0 0 0 0 0 0 0 0 2 0 0 0 0 0 0 0 0 0 0 0 0 0 0 0 0 11 0 0 0 0 205 0 2 178 2 10 1 0 2 2 2 0 74 0 0 0 15 0 0 0 0 0 0 0 0 0 0 0 0 6 5 10 0 0 0 0 0 0 0 2 0 0 0 0 
 37 43 124 194 181 59 40 56 52 423 0 325 36 55 68 280 234 631 175 204 3 3 3 0 0 0 0 0 0 0 3 0 0 0 3 0 0 0 0 0 3 0 0 0 0 0 0 0 3 45 0 0 2 0 0 0 0 0 3 3 1 2 0 0 2 0 0 0 0 3 0 3 0 0 0 2 3 0 0 0 0 0 0 0 20 9 0 0 21 27 17 56 0 0 0 1 1 1 0 0 0 0 0 0 0 0 0 0 0 0 0 2 0 0 0 0 0 0 17 0 0 0 25 0 0 0 1 0 0 0 0 2 0 0 0 0 21 0 0 0 0 0 0 27 0 1 0 0 0 0 0 0 0 0 0 0 0 0 0 37 0 14 1 21 39 2 2 0 0 28 22 21 1 0 0 38 0 55 0 0 0 0 0 0 0 0 0 0 0 0 0 0 0 4 0 0 3 3 15 0 0 0 0 0 2 0 0 0 0 2 0 0 0 0 0 0 0 0 0 0 0 0 0 0 0 0 0 0 1 0 0 0 0 0 1 0 0 0 0 0 0 14 0 0 0 1 52 0 2 92 0 6 0 4 0 0 0 0 0 0 0 0 0 0 0 0 0 0 0 0 0 0 0 0 0 2 6 33 0 0 0 0 0 0 0 0 0 0 0 0 
 36 27 254 399 347 48 14 233 44 267 325 0 18 34 17 20 66 72 40 29 0 3 3 1 0 0 0 0 0 0 3 0 0 0 3 0 0 1 2 0 3 52 0 0 0 0 0 0 3 3 0 0 0 0 0 0 0 0 3 3 0 7 0 0 1 0 0 0 0 3 0 0 0 0 0 2 3 0 0 0 0 0 0 0 36 44 0 0 0 1 27 31 0 0 0 0 0 11 0 0 0 0 0 0 0 0 0 0 0 0 0 0 28 0 12 0 0 0 25 0 0 0 8 0 0 0 0 0 0 0 18 0 0 0 0 0 0 0 0 0 0 0 0 0 0 0 0 0 0 0 0 0 0 0 0 0 0 0 0 0 0 0 0 18 30 48 0 10 0 1 15 18 0 0 0 0 0 22 0 16 0 0 0 0 0 0 0 0 0 0 0 0 1 0 0 0 0 3 45 1 0 0 0 0 0 0 0 0 0 0 0 0 0 0 0 0 0 0 0 0 0 0 0 0 0 0 0 0 0 0 0 0 0 0 0 0 0 0 0 0 0 0 0 0 0 0 180 0 1 180 1 5 0 0 0 0 0 0 0 0 0 0 0 0 0 0 0 0 0 0 0 0 0 0 0 14 0 0 0 0 0 0 0 0 0 0 0 0 0 0 
 62 264 72 263 85 235 345 322 74 60 36 18 0 80 34 245 54 44 695 300 0 3 5 0 73 0 0 0 0 0 3 0 0 0 4 0 0 0 0 0 3 5 0 0 0 1 0 0 3 3 0 0 0 0 0 0 0 0 3 3 0 0 0 6 1 0 0 0 0 3 0 0 0 0 0 2 3 45 0 0 35 24 1 0 0 0 14 52 14 0 0 0 12 38 45 13 0 0 6 24 0 0 0 0 0 0 0 0 0 0 0 0 0 0 0 0 9 0 0 0 0 0 0 0 0 0 0 0 2 0 0 0 2 0 0 0 0 0 0 0 0 0 0 1 6 14 3 0 0 0 0 0 0 0 0 0 2 0 0 0 57 15 2 0 0 0 39 10 0 0 0 0 8 14 19 6 1 0 0 12 0 0 0 0 0 11 0 0 0 0 0 0 0 0 0 0 0 0 0 0 0 0 0 0 0 0 0 0 0 13 0 0 0 0 0 0 0 0 0 0 0 0 0 0 0 0 0 0 0 0 0 0 0 0 0 0 0 0 1 0 0 0 0 0 0 0 0 2 1 0 0 0 1 0 2 1 0 0 0 0 3 0 0 0 0 0 0 0 0 0 0 0 0 0 0 0 0 0 0 0 0 0 0 0 0 0 0 0 0 0 
 315 55 27 67 81 44 327 463 47 66 55 34 80 0 689 71 37 47 91 108 0 3 3 0 2 0 0 0 0 2 3 0 3 0 3 76 0 0 0 0 3 0 0 0 0 0 0 0 3 8 0 0 0 0 0 0 0 0 2 3 0 0 0 0 0 0 0 0 0 3 0 0 0 0 45 3 5 1 0 0 26 43 47 9 0 0 23 56 11 1 0 0 3 69 75 15 0 9 1 6 0 0 0 0 0 0 0 0 0 0 0 0 0 0 0 0 0 0 0 0 0 0 0 0 0 0 0 0 0 0 0 0 0 0 0 0 0 0 0 0 0 0 0 0 0 0 6 0 0 0 0 0 0 0 0 0 0 0 0 0 32 33 0 0 0 0 30 8 37 22 0 0 0 10 40 0 29 0 0 1 0 10 0 0 0 0 0 0 0 0 0 0 0 0 0 0 0 0 0 0 0 0 0 0 0 0 0 0 0 0 0 0 0 0 0 0 0 19 0 0 0 0 0 0 0 0 0 0 0 0 0 51 0 0 0 0 0 0 0 0 0 0 0 0 0 0 0 0 2 0 0 6 0 0 0 0 0 0 0 0 0 0 0 0 0 0 0 0 0 0 0 0 0 0 0 0 0 0 0 0 0 0 0 0 0 0 0 0 0 0 
 397 545 117 279 83 272 41 143 397 97 68 17 34 689 0 169 64 58 136 111 0 3 5 0 0 0 0 0 0 0 3 27 0 0 3 0 2 0 0 0 3 0 0 0 0 0 0 0 3 10 0 0 0 0 0 0 0 0 3 3 3 0 0 0 5 0 1 0 0 2 0 0 0 0 0 2 53 0 2 0 7 41 73 16 2 0 9 26 51 0 15 2 17 16 20 33 84 47 0 0 0 1 5 2 0 0 0 0 0 0 0 0 0 0 0 0 0 0 0 0 0 0 0 1 0 0 0 0 10 0 2 0 0 0 0 0 0 0 0 0 1 0 0 0 0 0 0 13 0 0 0 1 0 0 0 0 0 0 0 0 0 35 51 0 0 0 12 31 29 10 0 1 0 11 13 38 21 0 0 0 0 0 0 0 0 0 0 1 0 0 0 0 0 0 0 0 0 0 0 0 0 0 0 0 0 0 0 2 0 0 0 0 0 0 0 0 2 0 0 0 0 0 0 0 2 0 0 0 0 0 0 0 0 0 0 0 0 0 0 0 0 1 0 0 0 3 0 2 2 1 2 11 66 0 0 0 1 0 0 0 0 0 0 0 0 0 0 0 0 0 0 0 0 0 0 15 0 0 0 0 0 0 0 0 0 0 0 0 0 0 
 121 357 268 52 180 93 80 345 300 399 280 20 245 71 169 0 440 332 33 148 0 3 7 0 0 0 0 0 0 0 3 0 2 0 3 0 0 0 0 0 3 0 0 3 0 0 0 0 9 15 2 0 0 0 0 0 3 0 3 3 0 0 0 0 1 0 0 0 0 3 0 0 0 48 0 2 33 0 36 0 1 11 15 44 0 0 0 0 64 56 40 0 16 0 23 40 48 72 0 0 0 0 0 0 0 0 0 0 0 0 0 0 0 0 0 0 0 0 0 0 0 0 1 0 0 0 0 0 0 0 0 0 2 0 0 0 0 0 0 0 0 0 0 0 0 0 0 0 0 0 0 0 0 0 18 0 0 0 0 0 0 49 111 1 0 0 0 13 2 42 16 14 0 0 0 27 0 22 0 0 0 0 12 0 0 0 0 26 0 0 0 0 0 0 0 2 0 0 0 0 0 0 0 0 0 2 0 0 0 16 0 0 0 0 0 0 0 0 0 0 0 0 1 0 0 0 0 0 0 0 0 0 2 0 0 0 0 0 0 10 0 0 0 0 0 0 6 0 0 4 0 14 11 0 0 0 2 0 0 0 0 0 38 0 2 0 0 0 0 0 0 0 0 0 0 18 8 19 0 0 0 0 0 0 8 0 0 0 0 0 
 37 395 125 75 74 272 57 36 311 436 234 66 54 37 64 440 0 519 29 33 3 4 5 2 0 0 0 0 0 0 5 40 0 3 5 0 0 2 0 0 5 3 0 0 3 2 0 0 3 3 2 0 0 0 3 3 0 0 3 3 0 0 0 0 0 0 90 2 0 3 0 0 0 3 0 6 55 3 0 0 2 11 21 41 0 0 35 0 68 73 24 7 18 0 0 40 58 49 0 0 0 0 0 0 0 0 0 0 0 0 0 0 0 0 0 0 0 0 0 0 0 0 0 2 0 0 0 0 0 0 0 0 10 0 0 0 0 2 0 0 0 0 0 0 0 0 0 14 0 2 13 8 0 0 0 0 0 0 0 0 0 16 86 14 0 0 0 16 1 70 14 10 0 0 0 79 0 24 0 0 0 0 0 20 0 0 0 0 2 2 0 0 0 2 0 1 3 0 0 0 0 0 0 14 0 0 0 0 0 0 0 0 0 0 0 0 0 0 0 0 10 0 2 0 0 0 0 0 0 0 0 0 1 0 0 0 0 0 0 2 0 13 0 0 0 2 2 1 0 1 0 15 10 0 0 0 0 0 0 0 0 0 8 0 0 0 0 0 0 0 0 0 0 0 0 18 17 19 0 0 0 0 0 0 0 0 0 0 0 0 
 37 51 414 643 41 63 134 60 143 383 631 72 44 47 58 332 519 0 74 254 1 3 3 0 0 0 2 0 2 0 4 0 0 0 56 0 0 0 1 0 3 0 104 0 0 0 0 0 5 3 0 0 0 0 0 0 3 0 3 3 2 0 0 0 3 0 0 0 0 2 0 0 0 0 0 2 32 0 0 0 1 0 0 35 18 7 0 0 17 60 20 33 0 0 0 0 0 14 0 0 0 0 0 0 0 0 0 0 0 0 1 0 0 0 0 0 0 0 0 0 0 0 33 0 0 0 0 1 0 1 0 0 0 0 0 0 0 2 0 2 0 0 0 0 0 0 0 0 11 0 0 0 0 0 0 0 0 0 2 0 0 15 0 22 7 0 0 1 1 43 35 37 0 0 1 31 0 42 0 0 0 0 0 0 0 0 0 0 0 0 0 0 0 0 0 0 0 0 0 0 2 0 0 0 0 0 0 0 0 0 0 0 0 0 7 0 0 2 0 0 0 0 0 2 0 0 0 0 0 0 0 0 0 0 0 0 0 0 0 0 0 10 0 0 0 8 176 0 0 168 3 6 2 1 0 0 0 0 0 0 0 0 15 0 0 0 0 0 0 0 0 0 0 0 0 1 9 16 0 0 0 0 0 0 0 0 0 0 0 0 
 44 26 27 160 87 49 47 51 92 322 175 40 695 91 136 33 29 74 0 405 0 3 3 0 0 0 0 0 0 0 3 3 2 0 3 0 0 0 0 2 3 0 0 7 0 0 0 0 3 3 0 0 0 0 0 0 0 0 3 3 2 0 0 0 3 0 0 0 0 2 0 0 0 0 0 2 2 0 0 48 71 0 0 0 0 0 31 4 0 0 0 0 19 8 24 1 0 0 22 24 0 0 0 0 0 0 0 0 0 0 0 0 0 0 0 0 0 0 0 0 0 0 10 0 0 0 0 0 0 0 0 0 0 0 0 0 0 0 0 0 0 0 0 3 12 0 4 0 0 0 0 0 0 0 0 0 0 0 0 0 69 2 6 0 0 0 21 31 1 0 0 0 32 19 0 9 2 2 19 32 0 0 0 0 0 0 1 0 0 0 0 0 0 0 0 0 0 1 0 0 0 0 0 0 0 0 0 0 1 0 2 0 0 0 0 0 0 0 0 0 0 0 0 0 0 0 0 11 0 0 0 0 0 0 0 0 0 0 0 9 0 0 0 0 0 1 2 0 1 2 0 2 0 0 0 0 0 0 73 0 0 0 0 0 0 0 0 0 0 0 0 0 0 0 0 0 0 0 0 0 0 0 0 0 0 0 0 0 0 0 
 31 55 277 69 67 55 231 61 75 93 204 29 300 108 111 148 33 254 405 0 84 3 3 0 32 19 0 0 2 0 76 1 0 0 3 0 0 2 1 2 3 3 0 0 0 0 0 0 3 3 0 0 0 0 0 0 0 0 3 3 3 0 0 2 3 0 0 3 0 2 0 0 0 0 0 2 2 0 0 1 35 18 0 0 1 0 0 9 2 0 0 1 1 53 64 13 0 15 7 28 0 0 0 1 0 0 0 0 0 0 0 0 21 0 0 0 0 0 0 0 0 0 0 0 0 0 0 0 0 0 2 0 0 0 0 0 0 3 0 0 2 0 0 0 9 0 6 0 0 0 0 2 0 0 0 0 12 10 0 0 13 0 3 0 0 0 17 8 0 0 0 0 15 11 20 5 0 0 1 9 0 0 0 0 0 0 0 2 0 0 0 0 0 1 0 0 0 0 0 0 0 0 0 0 0 0 0 1 0 0 0 0 0 0 0 0 1 0 0 0 0 0 0 0 1 0 0 0 0 0 0 0 0 0 20 0 0 0 0 0 0 0 0 0 0 1 0 0 4 0 0 6 0 0 0 0 0 0 0 0 0 0 0 0 0 0 0 0 0 0 0 0 0 0 0 0 0 0 0 0 0 0 0 0 0 1 0 0 0 0 
 0 0 0 0 0 0 2 2 0 0 3 0 0 0 0 0 3 1 0 84 0 120 309 318 171 52 417 392 27 34 30 56 55 156 378 43 219 35 58 199 64 0 3 4 2 0 4 3 0 0 4 6 4 7 1 1 3 2 0 2 0 2 4 0 3 11 0 5 6 0 11 3 0 3 0 0 3 8 2 0 0 0 0 0 0 0 0 0 2 0 0 0 0 0 1 0 0 0 0 10 12 21 42 0 1 0 0 64 25 15 1 0 0 25 52 15 23 36 0 9 0 0 0 0 8 0 0 0 0 0 0 0 0 0 0 0 0 0 0 0 0 0 0 0 0 0 0 0 0 4 0 0 0 0 0 0 0 14 2 0 0 6 0 0 0 0 0 0 0 2 3 0 0 0 1 0 5 0 0 0 78 57 12 29 7 0 12 31 29 22 0 7 0 9 14 17 34 62 0 10 0 2 0 0 0 0 0 0 0 0 0 0 0 0 0 0 0 0 0 0 0 0 2 0 0 1 0 0 0 0 0 0 0 0 0 0 0 0 0 2 0 0 0 0 0 0 0 0 0 0 0 0 0 1 4 0 1 0 0 0 3 2 0 0 0 0 0 0 0 0 0 2 10 0 0 0 0 0 0 0 0 0 0 0 0 0 0 0 0 0 
 3 3 3 3 3 3 3 3 4 3 3 3 3 3 3 3 4 3 3 3 120 0 373 77 41 253 52 453 353 52 481 237 260 55 320 249 203 35 46 73 0 0 3 2 0 15 2 0 0 2 0 3 1 0 0 1 4 0 0 61 0 0 0 0 0 3 0 0 3 11 0 16 0 0 0 0 0 3 3 0 0 0 0 6 0 0 0 0 0 0 0 0 0 0 0 0 0 0 0 0 0 0 50 18 10 0 0 20 36 22 35 4 0 0 27 29 18 41 0 0 11 0 0 0 0 0 0 0 0 0 0 0 0 0 0 0 1 0 0 0 19 0 0 0 0 0 0 1 2 0 0 0 0 0 0 0 0 0 0 2 0 0 20 0 0 0 0 1 0 0 0 0 0 3 0 0 4 0 0 0 1 4 40 45 64 0 0 21 36 55 21 22 0 0 13 43 28 10 0 0 0 0 0 0 0 0 0 0 0 0 0 0 0 0 0 10 0 0 1 0 0 0 0 0 0 0 0 0 0 0 0 0 0 0 0 0 0 0 0 0 0 0 5 0 0 0 0 0 0 0 0 0 0 0 7 0 0 0 0 0 21 0 0 0 0 75 9 0 0 0 0 0 0 0 0 0 0 0 0 0 0 15 0 0 0 0 0 0 0 0 
 3 3 3 3 3 3 5 3 6 5 3 3 5 3 5 7 5 3 3 3 309 373 0 336 105 50 51 98 293 295 284 43 81 54 54 194 182 368 62 55 0 0 3 4 0 65 2 0 0 0 0 3 0 0 0 1 3 0 0 0 0 0 0 0 0 3 0 1 3 2 0 0 0 0 0 0 0 3 2 0 0 0 0 0 0 0 0 0 0 0 0 0 0 0 0 0 0 0 0 0 0 1 23 44 15 0 13 0 33 34 64 80 0 0 1 32 17 34 0 0 0 14 0 0 0 0 0 0 0 0 0 0 0 0 0 0 0 0 0 0 17 0 0 0 0 0 2 0 0 0 0 0 0 12 0 3 0 0 1 0 1 0 0 0 0 0 2 0 0 0 2 0 0 0 0 0 0 0 0 0 0 7 38 9 11 0 0 2 19 28 38 53 0 0 0 35 29 24 0 0 0 0 0 0 0 0 0 0 0 0 0 0 1 0 0 0 2 0 0 0 0 0 0 0 0 0 0 0 0 0 10 0 0 0 2 0 0 0 0 0 0 0 16 0 0 2 0 0 0 0 0 0 0 0 49 0 2 4 3 1 15 11 0 0 0 0 12 0 0 0 0 0 0 0 0 0 0 2 0 0 0 49 0 0 0 0 19 0 0 0 
 0 2 0 1 0 1 0 0 4 0 0 1 0 0 0 0 2 0 0 0 318 77 336 0 83 251 64 63 59 328 402 342 268 47 68 59 171 413 85 57 0 0 3 4 0 0 2 0 0 0 0 3 0 207 0 208 7 0 0 0 0 0 0 0 1 3 0 0 3 0 0 0 0 0 0 0 1 3 2 0 0 0 0 0 0 0 0 0 0 0 6 0 0 0 0 0 0 1 0 0 0 0 1 21 20 75 15 0 0 14 20 54 0 0 0 1 24 1 0 0 0 0 0 0 0 0 0 0 0 0 0 0 0 0 0 0 0 0 11 0 0 0 0 0 0 0 0 0 0 0 0 0 0 0 0 3 0 0 8 0 8 12 0 0 12 0 0 22 0 0 0 0 0 0 0 0 0 0 0 0 0 0 14 7 12 33 0 0 2 0 10 41 0 0 0 7 10 7 0 0 2 0 8 0 21 0 0 0 0 0 0 0 13 0 0 0 0 0 11 12 0 0 0 1 0 0 0 2 0 0 0 0 0 0 0 0 0 0 0 0 0 0 12 0 0 0 0 0 0 0 0 0 0 0 8 0 1 56 46 0 1 15 0 0 0 0 3 0 0 0 0 0 0 57 2 0 0 0 0 0 0 3 0 0 0 0 12 0 0 0 
 0 0 1 4 0 5 0 0 1 0 0 0 73 2 0 0 0 0 0 32 171 41 105 83 0 360 36 61 72 285 174 591 72 50 97 64 263 48 79 88 0 0 3 4 0 0 2 0 0 0 0 2 0 0 0 0 5 1 0 0 0 0 0 0 0 3 0 0 2 0 0 0 0 0 1 0 1 3 2 0 0 0 0 0 0 0 0 0 0 0 0 0 0 0 0 0 0 0 0 0 0 0 0 0 15 19 0 0 0 0 0 17 0 0 0 1 0 0 0 0 1 1 0 0 0 0 15 0 2 1 0 0 30 0 0 0 0 0 22 28 0 0 2 0 0 8 0 0 1 0 0 0 0 0 0 0 0 6 0 0 0 0 0 0 0 0 0 0 0 0 0 0 0 0 0 0 0 0 1 0 0 0 0 7 20 25 0 0 0 0 0 9 0 0 0 0 0 0 0 0 0 0 0 0 0 0 37 0 0 10 2 0 41 0 0 0 0 0 40 33 0 0 0 0 0 0 0 0 0 0 0 0 0 0 0 0 0 0 1 0 0 0 0 0 0 0 0 0 0 0 0 0 0 1 15 0 4 3 2 2 10 0 0 0 0 0 0 0 0 0 0 0 0 0 0 0 1 0 0 0 0 1 0 0 0 0 0 0 0 0 
 0 0 0 0 0 2 0 0 0 73 0 0 0 0 0 0 0 0 0 19 52 253 50 251 360 0 31 254 44 268 293 37 29 96 70 38 77 60 41 252 2 2 3 5 0 0 5 1 0 0 0 29 5 0 0 2 9 2 192 4 0 5 3 3 0 6 1 0 5 2 0 0 0 2 0 1 1 5 2 0 0 0 0 0 0 0 0 0 0 0 0 0 0 0 0 0 0 0 0 0 0 0 0 0 7 14 0 0 0 0 0 16 0 0 0 0 0 0 0 0 12 0 0 0 0 0 43 11 0 0 13 0 60 11 2 0 0 0 100 93 0 0 0 0 0 0 0 0 7 0 0 0 0 0 0 0 0 0 0 0 0 0 0 0 0 0 0 0 0 0 0 0 0 0 0 0 0 0 0 0 0 0 0 0 6 16 0 0 0 0 0 0 0 0 0 0 0 1 0 13 40 1 0 0 0 0 46 9 0 0 0 0 29 33 7 0 0 0 27 6 0 0 0 0 0 0 0 0 0 0 0 0 0 0 58 0 0 0 0 0 0 0 0 0 0 0 0 0 0 0 0 0 2 0 13 1 1 0 0 0 2 0 0 0 0 0 0 0 0 0 0 0 0 0 0 0 0 0 0 0 0 0 0 0 0 0 0 0 0 0 
 0 0 0 0 0 0 0 0 0 0 0 0 0 0 0 0 0 2 0 0 417 52 51 64 36 31 0 64 127 28 252 68 416 355 45 23 32 42 57 300 0 0 3 3 0 1 2 22 0 0 0 3 1 13 1 1 3 0 0 0 0 0 0 0 3 3 0 0 3 40 4 0 0 0 0 0 0 13 2 0 0 0 0 0 0 0 0 0 0 0 0 0 0 12 0 0 14 0 0 0 45 45 4 0 0 0 33 46 24 17 2 0 11 52 26 16 11 7 25 15 0 0 0 0 0 0 0 0 0 0 0 0 0 0 0 0 0 0 0 0 0 0 0 0 0 0 0 0 0 0 0 0 0 1 0 0 0 0 2 0 0 10 0 0 0 0 0 0 0 1 4 0 0 0 0 0 10 0 0 0 20 46 9 3 0 0 68 22 11 2 1 0 61 30 35 0 15 0 14 12 2 0 0 0 0 0 0 0 0 0 0 2 0 0 0 0 0 0 0 0 0 0 1 0 0 2 0 0 0 0 0 0 0 0 0 0 0 0 0 0 0 0 0 0 0 0 0 0 0 0 0 1 0 0 10 0 3 0 0 0 0 0 0 0 0 0 0 0 0 0 0 0 0 0 0 0 0 0 0 0 0 0 0 0 0 0 0 0 0 0 
 73 0 2 1 0 73 0 0 0 0 0 0 0 0 0 0 0 0 0 0 392 453 98 63 61 254 64 0 82 47 24 33 85 381 208 58 38 42 76 49 0 0 3 207 0 3 2 0 0 0 0 3 0 0 0 2 10 0 0 0 0 0 0 0 0 3 0 51 3 2 1 0 0 0 0 0 0 3 2 0 0 0 6 41 0 0 0 0 0 0 0 0 0 0 0 0 0 0 0 0 0 19 40 0 0 0 0 12 84 26 10 0 0 32 58 16 30 26 0 0 0 0 0 0 0 0 0 0 0 0 0 0 0 0 0 0 0 0 2 0 0 0 0 0 0 0 0 0 0 0 0 0 0 2 0 0 0 0 0 0 0 0 19 0 0 0 0 0 0 0 1 0 0 0 0 0 4 0 0 0 1 33 42 20 8 0 0 43 58 41 15 0 0 0 8 26 44 9 1 7 0 0 0 0 0 0 0 0 0 0 0 0 0 0 0 0 0 0 0 0 0 0 0 0 0 0 0 0 6 0 0 0 0 0 0 0 0 0 0 0 0 0 0 0 0 0 0 0 0 0 0 0 0 0 4 0 0 0 0 0 14 1 0 0 0 0 0 0 0 0 0 0 0 21 0 0 0 0 0 0 0 0 0 0 0 0 0 0 0 0 
 0 0 0 0 1 0 0 0 0 0 0 0 0 0 0 0 0 2 0 2 27 353 293 59 72 44 127 82 0 307 41 61 100 313 97 341 355 369 173 72 0 0 3 4 0 1 64 0 0 3 0 3 0 0 0 1 3 0 0 0 0 0 0 0 0 6 0 0 3 3 0 0 0 0 0 0 0 7 2 0 0 0 0 0 0 0 0 1 0 0 0 1 0 0 0 0 13 0 0 0 2 1 37 54 48 0 0 0 34 37 46 41 0 0 0 32 15 22 0 0 0 0 0 0 24 1 0 0 0 0 0 0 0 2 0 0 0 0 1 0 5 0 0 0 0 0 0 0 0 0 0 0 0 3 0 9 0 0 11 0 0 0 0 0 0 2 0 0 0 0 0 0 0 0 0 2 1 0 0 1 0 10 22 9 18 0 0 5 34 15 51 43 0 0 0 36 19 13 1 0 0 0 0 0 2 0 0 10 0 0 0 0 0 0 0 0 0 0 0 0 0 0 0 0 0 0 0 0 0 0 0 0 0 0 0 0 0 0 0 0 0 0 14 0 0 0 0 0 0 0 0 0 0 0 11 1 2 2 9 0 19 51 12 0 0 0 4 0 0 0 10 0 0 0 0 0 0 0 0 0 0 28 0 0 0 0 8 0 0 0 
 0 0 0 2 0 0 0 0 0 0 0 0 0 2 0 0 0 0 0 0 34 52 295 328 285 268 28 47 307 0 358 44 54 69 118 288 259 109 112 187 0 0 3 3 0 0 210 0 0 0 0 3 26 0 0 2 3 0 0 0 0 0 0 3 0 3 0 0 3 0 0 0 0 0 0 0 0 3 5 0 0 0 0 0 0 0 1 0 0 0 0 0 5 0 0 0 0 0 0 0 0 0 13 28 9 11 0 0 0 5 27 18 0 0 0 12 13 11 0 0 0 1 0 0 0 0 0 0 2 8 0 0 0 0 0 0 0 0 0 2 18 0 2 0 1 0 0 0 1 0 0 0 0 0 12 11 0 0 17 0 0 0 0 0 0 0 0 0 0 0 0 1 0 9 0 0 0 0 0 0 0 0 0 58 27 18 0 0 0 29 33 12 0 0 0 0 7 10 0 0 0 0 0 0 0 0 1 0 0 0 2 0 0 0 0 2 0 0 0 2 0 0 0 0 0 0 0 0 0 0 0 0 0 0 0 0 0 0 0 0 0 0 11 0 0 0 0 0 0 0 0 0 0 0 13 0 6 153 76 0 3 28 0 0 0 0 18 0 0 0 0 0 0 0 0 0 2 0 0 0 0 29 0 0 0 0 5 0 0 0 
 3 3 5 3 3 5 3 3 3 4 3 3 3 3 3 3 5 4 3 76 30 481 284 402 174 293 252 24 41 358 0 401 32 26 61 51 412 435 38 291 0 0 3 4 0 0 2 0 0 2 0 3 0 0 0 1 7 0 0 0 0 0 0 0 0 3 0 0 3 0 0 0 0 0 0 0 1 3 2 0 0 0 0 0 0 0 2 0 0 0 0 0 0 0 0 0 0 0 0 0 0 19 0 24 27 15 0 0 0 11 42 51 11 0 0 1 7 0 2 0 1 2 0 0 2 0 0 0 1 2 0 0 10 0 0 0 0 13 7 0 0 0 1 0 2 0 0 0 2 0 0 0 0 0 0 4 16 0 11 0 5 0 0 0 0 0 0 40 0 0 0 2 0 0 0 0 0 0 2 0 0 0 0 10 12 32 0 11 0 0 19 38 0 0 0 0 18 17 0 0 26 0 0 0 0 0 1 0 0 0 1 0 11 0 0 0 0 0 21 14 0 0 0 0 0 0 0 0 0 0 0 0 0 0 0 0 0 0 2 0 0 0 12 0 0 0 0 0 0 0 0 38 0 0 14 0 4 89 79 2 5 35 0 0 0 0 5 0 0 0 0 0 0 0 0 0 0 0 0 0 14 0 0 0 0 0 11 0 0 0 
 0 0 0 0 3 2 2 0 0 0 0 0 0 0 27 0 40 0 3 1 56 237 43 342 591 37 68 33 61 44 401 0 125 27 278 43 134 52 35 150 0 0 3 3 0 0 211 0 0 0 0 3 0 0 0 1 6 0 0 0 0 0 0 0 0 3 0 0 3 0 0 0 0 0 0 0 1 3 2 0 0 0 0 1 0 0 0 0 10 0 0 0 0 0 0 0 0 0 0 0 0 1 0 2 30 32 0 0 0 0 21 27 0 0 0 0 18 0 0 0 0 0 0 0 0 0 6 0 0 0 0 0 29 0 0 0 0 0 35 13 0 0 0 0 0 0 0 0 0 0 0 1 0 0 0 0 0 0 3 0 6 0 0 0 0 0 0 0 0 0 0 0 0 0 0 0 0 0 0 0 15 2 0 18 19 47 0 0 0 0 19 16 0 0 0 0 0 1 0 0 1 0 0 0 0 0 10 0 0 0 3 0 6 1 0 0 0 0 55 22 0 0 0 0 0 0 1 0 0 0 0 0 0 0 0 0 0 0 0 0 0 0 0 0 0 0 0 0 0 0 0 0 0 0 5 2 1 151 150 0 3 0 0 0 0 0 0 0 0 0 0 0 0 0 0 0 9 0 0 0 0 0 0 0 0 0 0 0 0 0 
 0 0 0 0 0 0 0 0 1 0 0 0 0 3 0 2 0 0 2 0 55 260 81 268 72 29 416 85 100 54 32 125 0 69 42 233 36 41 423 483 0 0 3 70 0 107 2 0 0 0 0 3 0 200 0 202 3 0 0 0 0 0 0 0 3 3 0 6 3 0 3 0 0 0 0 0 0 5 2 0 0 0 0 2 9 5 0 0 0 0 0 0 0 0 0 0 0 0 0 0 47 26 0 1 0 0 34 36 17 5 0 14 21 13 2 12 0 0 26 22 0 0 0 0 0 0 0 0 0 0 1 0 0 0 0 1 0 0 0 0 0 0 0 0 0 0 0 0 0 0 0 14 0 0 0 0 0 0 0 0 0 4 2 0 13 0 0 0 0 0 0 1 0 0 0 0 0 0 0 0 31 32 0 0 0 0 94 19 0 0 0 0 85 51 33 1 0 0 16 45 0 0 0 0 0 0 0 0 0 0 8 0 0 0 0 0 0 0 6 0 0 0 0 0 0 0 2 0 0 0 0 0 1 0 0 0 0 0 0 0 0 0 0 0 0 0 0 0 0 0 0 0 0 0 9 1 0 0 0 0 1 0 0 0 0 0 0 0 0 0 0 0 0 0 0 0 13 0 0 0 0 0 0 0 0 0 0 0 0 0 
 0 0 0 0 3 4 0 0 0 0 0 0 0 0 0 0 3 0 0 0 156 55 54 47 50 96 355 381 313 69 26 27 69 0 632 35 61 29 312 261 0 0 3 3 0 1 2 62 0 0 0 3 2 0 0 2 3 0 0 0 26 0 0 0 0 3 0 0 3 0 9 0 0 0 0 0 0 6 2 0 0 0 0 0 0 0 0 0 0 0 0 0 0 0 0 0 0 0 0 0 13 34 39 0 1 0 1 58 23 13 0 0 3 19 99 17 29 37 1 10 0 0 0 0 0 0 0 0 0 0 9 0 0 0 5 0 0 0 0 0 0 0 8 0 0 0 0 0 0 0 0 0 0 0 0 1 0 0 0 0 0 3 0 0 0 0 0 0 0 0 10 0 0 1 0 0 4 0 0 0 25 22 11 22 8 0 23 33 15 21 0 7 1 12 16 12 23 15 0 19 3 0 11 0 0 0 0 0 0 0 0 0 0 0 0 0 0 0 0 0 0 0 0 0 0 0 0 0 0 0 0 0 0 0 0 0 0 0 12 0 0 0 0 0 0 0 0 0 0 0 0 0 0 0 10 2 0 0 0 0 2 0 0 0 0 0 0 0 0 0 0 0 0 0 0 0 0 0 0 0 0 0 0 0 0 0 0 0 0 0 
 3 3 3 3 3 7 3 5 3 3 3 3 4 3 3 3 5 56 3 3 378 320 54 68 97 70 45 208 97 118 61 278 42 632 0 89 63 268 105 154 0 0 3 4 0 3 2 0 0 0 0 3 1 0 0 1 3 0 3 0 0 0 0 0 0 3 0 0 3 9 3 0 0 0 0 0 0 3 2 0 0 0 0 0 1 0 0 0 0 0 0 0 0 0 0 0 0 0 0 0 2 30 34 1 0 2 0 30 45 31 18 0 1 27 51 30 40 22 0 3 0 0 0 0 0 0 0 0 0 0 2 0 0 0 0 0 0 0 0 0 0 0 0 0 0 0 0 0 0 0 2 0 0 2 2 0 0 0 14 0 1 2 0 0 0 0 0 0 0 0 23 0 0 0 0 0 6 0 0 0 1 18 63 43 5 1 0 28 47 62 13 1 0 7 8 84 37 8 1 2 0 10 2 0 0 0 2 0 0 0 0 0 0 0 0 0 0 0 0 0 0 0 0 0 2 0 0 15 0 0 0 0 0 0 0 0 0 0 0 0 0 0 2 0 0 1 0 0 0 0 0 0 0 0 13 0 2 0 0 2 28 2 0 0 0 0 0 0 0 0 0 0 0 0 0 0 0 0 0 0 0 0 0 0 0 0 0 0 0 0 
 2 0 0 1 0 0 0 0 146 2 0 0 0 76 0 0 0 0 0 0 43 249 194 59 64 38 23 58 341 288 51 43 233 35 89 0 183 339 46 54 0 0 3 2 2 1 1 0 0 1 0 0 0 0 0 2 0 2 0 0 0 0 0 0 1 0 0 0 0 4 3 0 0 0 0 0 0 0 0 0 0 0 0 0 0 0 0 0 0 0 0 0 0 0 0 0 0 0 1 0 0 0 30 40 30 0 0 0 24 56 35 29 0 1 1 37 14 7 0 0 0 0 1 0 0 0 0 0 0 0 14 0 0 0 0 0 0 0 0 0 5 0 0 0 0 0 0 0 0 0 0 0 0 4 0 8 0 0 0 0 1 0 0 0 0 0 0 0 0 0 1 0 0 0 0 0 1 1 0 0 0 20 39 15 19 0 2 1 24 17 45 26 0 0 2 48 21 7 0 0 0 0 0 0 0 0 0 0 0 0 0 0 0 0 2 0 0 0 0 0 0 0 0 0 0 0 0 0 0 0 0 0 0 0 0 0 1 8 0 0 0 0 21 0 0 0 0 0 0 0 0 0 0 0 6 1 0 2 2 0 23 15 0 0 0 0 3 0 0 0 0 0 0 0 0 0 0 0 0 0 0 27 0 0 0 0 8 0 0 0 
 0 78 2 0 2 0 0 0 78 0 0 0 0 0 2 0 0 0 0 0 219 203 182 171 263 77 32 38 355 259 412 134 36 61 63 183 0 359 319 45 0 0 3 4 0 1 2 0 0 0 2 3 1 0 0 2 3 0 3 3 0 0 0 2 0 3 0 0 3 0 0 1 0 0 0 0 65 2 2 0 0 0 0 0 0 2 0 0 0 0 0 0 0 0 0 0 0 0 2 0 0 0 35 46 37 31 0 0 26 28 22 24 0 0 0 29 9 33 0 0 0 0 0 0 0 0 0 0 0 0 0 0 0 0 0 0 0 0 0 0 7 0 0 0 0 19 0 0 0 11 0 0 0 5 22 3 0 0 1 0 1 0 0 0 0 0 12 0 0 0 23 0 0 3 0 0 0 0 0 0 0 10 12 8 14 3 1 0 15 10 38 48 0 0 1 26 9 23 0 0 0 0 0 0 0 0 1 0 0 0 0 0 14 2 1 0 0 0 0 1 0 0 0 0 0 0 0 0 0 0 0 0 0 0 0 0 2 0 0 0 0 0 12 0 0 0 0 0 0 0 0 0 0 0 6 0 1 79 0 2 12 12 0 0 0 0 13 0 0 0 0 0 0 0 0 0 0 0 0 0 0 25 0 0 0 0 11 0 0 0 
 0 2 89 0 0 0 0 2 0 0 0 1 0 0 0 0 2 0 0 2 35 35 368 413 48 60 42 42 369 109 435 52 41 29 268 339 359 0 44 45 0 0 3 5 0 0 2 0 0 0 0 3 0 0 0 2 3 0 3 0 2 0 0 0 0 3 0 0 3 0 0 0 0 0 0 0 0 3 2 0 0 0 0 0 25 0 0 0 0 0 0 0 0 0 0 0 0 0 0 0 14 0 34 36 22 36 15 0 0 29 58 69 0 0 0 25 27 18 0 0 0 0 0 0 0 0 0 0 0 0 0 0 0 0 0 0 0 0 0 0 18 0 0 0 0 0 0 0 0 0 0 0 0 1 0 10 0 0 17 0 5 21 0 0 0 0 0 2 0 0 0 0 0 0 0 0 0 0 0 0 6 0 6 20 19 34 0 0 2 18 47 41 0 0 0 12 6 26 0 0 2 0 0 0 0 0 1 0 0 0 0 0 0 0 0 0 0 0 0 0 0 0 0 11 0 0 0 2 0 0 0 0 0 1 0 0 0 0 0 0 0 0 13 0 0 0 0 0 0 0 0 0 0 29 13 0 0 153 151 0 76 28 2 0 0 0 13 0 0 0 0 0 0 0 0 0 0 0 0 0 0 33 0 0 0 0 9 0 0 0 
 0 0 0 0 2 297 2 0 0 2 0 2 0 0 0 0 0 1 0 1 58 46 62 85 79 41 57 76 173 112 38 35 423 312 105 46 319 44 0 284 2 59 3 56 9 57 2 0 0 0 0 6 67 0 34 1 10 2 0 6 0 3 1 8 7 10 0 0 5 2 4 5 0 1 3 5 0 18 4 0 0 0 0 0 27 10 0 2 0 0 0 3 0 0 0 0 0 0 0 0 22 10 0 0 0 0 50 10 13 0 0 0 17 24 0 24 0 0 44 27 0 0 0 0 0 2 0 0 0 0 0 2 1 1 0 0 0 0 0 0 0 0 0 0 0 0 0 0 0 0 0 4 0 0 0 0 3 0 7 0 0 0 0 0 0 15 0 0 0 0 1 3 0 0 0 0 2 0 0 4 22 22 0 0 0 0 49 9 0 0 0 0 51 30 39 0 1 1 18 40 0 0 0 0 0 0 0 0 0 0 0 0 0 0 0 0 0 0 0 0 0 0 0 0 0 0 0 0 0 0 0 0 0 0 0 0 0 0 0 0 0 0 0 0 0 0 0 0 0 0 1 0 0 0 11 0 0 0 0 0 0 0 0 0 0 0 0 0 0 0 0 0 0 0 0 0 0 0 0 0 0 0 0 0 0 0 2 0 0 0 
 1 0 0 0 4 1 0 0 0 0 0 0 0 0 0 0 0 0 2 2 199 73 55 57 88 252 300 49 72 187 291 150 483 261 154 54 45 45 284 0 0 0 3 64 0 62 2 0 0 0 0 3 1 1 0 2 3 0 0 0 0 0 46 0 3 3 3 0 32 0 6 0 0 0 0 0 0 7 2 0 0 0 0 0 0 3 13 1 0 0 0 0 0 0 0 0 0 0 0 0 32 30 0 0 0 0 49 52 39 13 0 0 28 19 27 13 15 0 47 9 0 0 0 0 0 0 0 0 0 0 0 1 0 2 0 0 0 0 0 0 0 0 7 0 0 0 0 0 0 0 1 3 0 0 0 0 0 0 0 21 0 7 0 0 2 2 0 0 0 0 0 0 0 0 0 0 0 14 0 1 8 66 10 0 0 0 93 27 5 0 0 0 29 32 57 1 1 2 5 40 0 0 0 0 2 0 0 0 0 0 0 0 0 0 29 0 0 0 0 0 0 0 0 0 0 0 2 0 0 0 0 0 0 0 0 0 0 0 0 0 0 0 0 0 0 0 0 0 0 0 0 0 0 0 23 0 2 0 0 1 1 0 0 0 0 0 0 0 0 0 0 0 0 0 0 0 0 0 0 0 0 0 0 0 0 0 0 0 0 0 
 3 3 3 3 3 3 3 3 3 3 3 3 3 3 3 3 5 3 3 3 64 0 0 0 0 2 0 0 0 0 0 0 0 0 0 0 0 0 2 0 0 81 70 60 233 43 360 322 46 27 18 71 42 143 228 110 45 46 45 266 0 0 0 0 0 0 0 0 0 0 0 0 0 2 0 3 0 0 0 46 0 0 0 0 0 0 0 1 0 4 0 0 0 0 0 9 0 0 0 0 0 0 0 0 0 0 0 0 0 0 0 0 0 0 0 0 0 0 0 0 0 35 51 1 0 0 0 49 26 8 0 0 0 18 19 25 32 0 0 0 0 0 0 0 0 0 22 0 0 0 0 0 0 0 0 0 0 0 0 0 0 0 0 0 0 0 0 0 0 0 0 0 0 0 0 0 0 0 18 0 0 0 0 0 0 0 0 0 0 0 0 0 0 0 0 0 13 0 0 0 18 25 67 0 0 0 0 15 19 15 3 0 0 0 21 54 65 5 0 0 0 0 0 0 0 0 0 0 0 0 0 0 0 0 0 0 0 0 0 0 0 0 0 0 0 0 0 0 0 0 0 3 0 0 0 0 0 0 0 0 0 0 0 0 2 2 2 0 1 0 0 0 0 0 0 0 0 0 0 0 0 0 0 0 0 0 0 0 2 0 
 0 0 0 0 0 6 0 15 0 0 0 52 5 0 0 0 3 0 0 3 0 0 0 0 0 2 0 0 0 0 0 0 0 0 0 0 0 0 59 0 81 0 399 80 56 265 62 336 333 69 255 45 56 47 498 191 284 277 265 49 0 0 0 9 4 5 0 0 0 0 2 8 0 2 3 0 0 0 0 0 0 0 8 0 0 0 0 0 0 0 0 0 0 0 0 0 0 0 0 0 1 19 0 0 0 0 0 0 0 0 0 0 0 0 0 0 0 0 0 0 0 6 29 15 32 0 0 1 14 31 10 12 0 0 0 10 15 16 0 0 0 0 0 0 1 12 22 0 0 0 0 0 0 0 0 0 0 0 0 0 0 0 0 0 0 0 0 0 9 0 0 0 0 0 0 0 0 0 0 18 0 0 0 0 0 0 0 0 0 0 0 0 0 0 0 0 0 0 0 0 0 17 0 26 0 1 0 0 13 20 24 22 0 0 0 7 24 29 0 0 0 0 0 0 2 8 0 0 0 0 0 0 0 0 0 0 0 0 0 0 0 0 0 0 0 0 2 0 0 0 0 10 0 0 1 1 0 0 0 3 0 0 0 1 1 2 0 0 0 0 0 0 0 0 0 1 0 0 0 0 0 0 0 0 8 18 0 0 2 0 
 0 0 0 0 0 0 0 0 0 0 0 0 0 0 0 0 0 104 0 0 3 3 3 3 3 3 3 3 3 3 3 3 3 3 3 3 3 3 3 3 70 399 0 112 70 39 62 74 455 266 45 41 47 76 265 485 104 332 74 54 0 0 0 0 2 0 0 0 0 0 0 2 0 0 4 2 51 0 0 0 0 0 0 0 0 0 0 0 0 0 0 0 0 0 0 0 0 0 0 0 0 0 0 0 0 0 0 0 0 0 0 0 0 0 0 0 0 0 0 0 0 0 0 34 29 27 0 0 10 75 31 42 0 0 0 0 0 63 0 0 0 0 0 0 1 0 0 0 33 2 0 0 0 0 0 0 0 0 0 0 0 0 0 0 0 0 0 0 4 0 0 0 0 0 0 5 0 0 0 0 0 0 0 0 0 0 0 0 0 0 0 0 0 0 0 0 0 0 0 0 0 0 0 29 10 1 0 0 0 42 31 49 0 0 0 0 25 35 0 0 0 0 0 0 0 0 0 0 0 0 0 0 0 0 0 0 0 0 0 0 0 0 11 0 0 0 0 0 0 0 0 3 0 0 0 0 0 0 0 27 0 0 5 1 2 7 3 2 0 0 6 0 0 0 0 0 0 0 0 0 0 0 0 0 8 15 0 0 0 0 
 0 0 0 0 0 67 0 0 0 3 0 0 0 0 0 3 0 0 7 0 4 2 4 4 4 5 3 207 4 3 4 3 70 3 4 2 4 5 56 64 60 80 112 0 109 108 70 53 87 242 153 187 92 73 65 40 260 188 92 87 0 3 0 2 0 0 1 43 0 0 4 1 2 1 2 0 0 0 4 1 0 0 19 0 18 21 0 0 0 0 0 0 15 0 0 0 0 0 8 7 1 0 0 0 0 0 8 0 1 0 0 0 9 0 0 0 0 14 5 0 0 0 0 4 8 26 0 0 0 1 74 45 0 0 19 0 0 13 0 0 0 0 0 0 0 0 0 0 0 0 0 4 2 0 0 0 1 0 21 14 0 0 0 0 0 11 0 0 0 0 0 60 7 0 0 7 0 0 0 0 9 10 0 0 0 0 10 0 0 0 0 0 11 0 10 0 0 0 1 0 0 0 0 42 41 33 0 0 0 0 12 35 0 0 0 0 0 0 0 0 0 0 0 0 0 0 0 0 0 0 0 0 16 0 0 0 0 66 13 20 0 0 20 0 0 0 0 0 2 0 0 7 0 0 0 0 0 2 0 24 0 27 1 12 0 9 1 6 0 0 0 0 0 0 0 0 0 0 0 0 0 0 0 0 0 0 0 0 0 0 
 0 62 0 0 0 72 0 0 0 0 0 0 0 0 0 0 3 0 0 0 2 0 0 0 0 0 0 0 0 0 0 0 0 0 0 2 0 0 9 0 233 56 70 109 0 262 250 51 87 61 325 284 79 108 70 70 49 66 96 90 0 0 5 8 5 0 0 1 9 58 7 36 0 1 6 52 0 8 0 0 0 0 0 0 0 0 0 0 0 0 0 0 0 0 0 0 0 0 0 0 0 0 0 0 0 0 0 0 0 0 19 0 0 0 0 0 0 0 0 0 0 0 0 0 0 13 0 2 0 0 0 0 0 0 0 0 0 0 0 0 0 6 0 6 6 6 0 0 0 1 0 0 14 8 0 0 0 0 23 25 0 0 0 0 0 0 0 0 0 0 0 0 0 4 0 0 0 0 0 0 0 0 0 0 0 0 0 0 0 0 0 0 0 0 0 0 0 0 0 0 0 0 0 0 43 19 0 0 0 0 0 9 0 0 0 0 0 3 0 0 0 0 0 1 4 1 21 0 0 0 18 6 47 0 1 0 0 12 8 33 0 0 0 0 0 0 0 0 0 0 0 5 0 0 0 0 0 0 0 2 0 0 1 1 0 5 9 1 0 2 0 0 0 0 0 7 0 0 0 0 0 0 0 0 0 0 0 0 0 0 
 0 0 0 0 0 66 0 0 0 0 0 0 1 0 0 0 2 0 0 0 0 15 65 0 0 0 1 3 1 0 0 0 107 1 3 1 1 0 57 62 43 265 39 108 262 0 27 35 54 48 377 80 34 251 268 78 94 64 49 60 0 0 8 0 0 0 0 0 0 1 0 0 0 2 0 0 0 0 55 1 0 0 0 0 24 0 0 0 0 0 0 0 0 0 0 0 0 0 1 0 1 0 0 0 0 0 9 0 1 0 0 0 9 0 0 0 0 0 6 0 0 0 0 0 1 10 0 0 0 0 26 0 0 0 0 0 0 0 0 0 7 0 0 0 0 0 21 0 21 0 0 4 8 2 0 0 2 0 5 15 0 0 0 4 0 11 0 0 0 0 0 0 0 2 0 0 0 0 0 0 10 11 0 0 0 0 11 0 0 0 0 0 12 0 12 0 0 0 0 0 0 0 0 0 9 0 0 0 0 0 0 0 0 0 0 0 0 0 0 0 1 6 0 0 0 0 27 0 0 0 0 0 0 10 0 0 0 0 12 0 0 0 0 0 0 0 0 0 0 0 0 1 0 0 64 0 0 0 0 0 0 0 4 5 0 1 0 0 1 0 0 0 0 0 0 23 0 0 0 0 0 0 0 0 0 0 0 0 2 0 
 0 0 0 0 3 0 0 0 0 0 0 0 0 0 0 0 0 0 0 0 4 2 2 2 2 5 2 2 64 210 2 211 2 2 2 1 2 2 2 2 360 62 62 70 250 27 0 82 53 49 33 271 288 386 96 31 46 14 79 312 0 0 0 0 0 57 0 0 0 0 0 0 2 0 3 0 0 0 5 0 0 0 0 0 0 0 0 0 0 0 0 0 0 1 0 0 0 0 0 0 0 0 0 0 0 0 0 0 0 0 0 0 0 0 0 0 0 0 0 0 25 30 0 0 14 0 0 29 23 22 1 0 0 21 50 28 18 0 0 0 0 0 18 0 0 6 3 10 0 0 0 0 12 5 0 0 0 0 5 0 0 0 0 0 7 0 0 0 0 0 0 0 0 0 0 0 0 0 0 0 0 0 0 0 0 0 0 0 0 0 0 0 0 0 0 0 0 0 0 0 19 17 47 1 0 0 1 24 23 15 0 0 0 2 32 19 11 14 1 16 0 0 0 0 0 0 17 0 7 0 0 0 8 4 2 0 0 0 8 6 0 0 0 0 0 0 0 0 0 0 0 8 0 0 0 0 0 0 0 0 0 0 1 0 0 2 2 0 0 0 0 0 0 0 0 0 0 0 0 0 0 0 0 0 0 0 0 4 1 0 
 0 0 1 0 0 0 0 0 0 0 0 0 0 0 0 0 0 0 0 0 3 0 0 0 0 1 22 0 0 0 0 0 0 62 0 0 0 0 0 0 322 336 74 53 51 35 82 0 285 30 63 35 105 394 133 207 46 28 115 76 53 3 0 0 0 0 0 0 0 45 0 0 0 0 11 0 0 4 1 0 0 0 0 0 0 0 0 0 0 0 0 0 0 0 0 0 0 0 0 0 0 21 0 0 0 0 0 0 0 0 0 0 0 0 0 0 0 0 0 0 0 29 24 9 0 0 0 19 30 30 2 10 0 5 0 21 83 19 0 0 0 0 0 0 0 0 21 0 0 0 1 0 0 0 0 0 0 0 0 0 0 0 0 0 19 0 0 0 7 0 0 0 0 0 0 0 0 0 0 0 0 0 0 0 0 0 0 0 0 0 0 0 0 0 0 0 0 0 0 10 6 28 94 0 0 0 0 0 4 14 7 10 0 0 0 22 34 52 0 0 0 0 0 0 0 0 0 0 0 0 0 0 0 7 0 5 0 0 0 0 0 0 0 0 0 0 0 0 0 0 0 4 0 0 0 0 0 0 0 0 0 0 2 1 0 0 0 0 0 0 0 0 0 0 0 0 0 0 0 0 0 0 0 0 9 15 0 0 1 5 
 3 3 3 3 3 12 3 3 3 3 3 3 3 3 3 9 3 5 3 3 0 0 0 0 0 0 0 0 0 0 0 0 0 0 0 0 0 0 0 0 46 333 455 87 87 54 53 285 0 305 69 29 115 78 312 512 326 415 104 495 0 0 212 7 47 0 0 0 6 10 19 3 0 1 21 11 0 5 0 0 0 0 0 0 0 0 0 0 0 0 0 0 0 0 0 0 0 0 0 0 0 0 0 0 0 11 0 0 0 0 0 0 0 0 2 0 11 0 0 0 0 0 0 31 13 24 0 0 9 34 19 33 0 0 0 3 0 54 0 0 0 0 0 7 7 5 0 0 0 1 6 11 0 0 0 0 0 0 0 0 0 0 0 0 10 0 0 0 13 0 0 0 0 0 0 9 0 0 0 0 0 0 0 0 0 0 0 0 0 0 0 0 0 3 0 0 0 0 0 0 0 0 0 26 11 0 0 0 0 21 28 18 0 0 0 1 1 29 0 0 0 0 0 5 15 2 0 0 0 0 7 26 0 0 0 0 0 0 2 0 0 0 11 0 0 0 0 0 0 0 0 0 0 0 0 0 0 0 0 10 0 0 2 1 2 14 11 5 0 0 7 0 0 0 0 4 0 0 0 0 0 0 0 0 17 15 0 0 1 0 
 8 7 3 3 3 9 4 6 4 3 45 3 3 8 10 15 3 3 3 3 0 2 0 0 0 0 0 0 3 0 2 0 0 0 0 1 0 0 0 0 27 69 266 242 61 48 49 30 305 0 295 39 47 74 312 145 251 140 96 311 0 0 0 0 0 2 0 5 0 0 44 0 0 2 1 0 4 3 0 22 8 7 6 1 0 0 6 19 3 0 0 1 0 0 4 4 5 11 0 0 0 0 0 0 0 0 7 0 0 0 0 0 0 0 0 0 0 0 0 0 0 0 0 60 43 29 0 0 0 10 28 35 0 0 0 0 0 14 0 0 0 0 0 0 10 0 0 0 0 12 0 0 6 0 0 0 0 0 0 15 20 1 5 0 0 0 2 2 13 0 0 0 1 0 4 8 4 0 0 0 0 0 0 0 0 24 0 0 0 0 0 0 0 0 0 0 0 0 0 0 0 0 0 32 29 8 0 0 0 25 55 23 0 0 0 0 0 0 0 0 0 0 0 0 0 0 0 0 1 0 0 0 0 0 0 0 0 0 24 0 0 0 12 0 0 0 0 0 0 0 0 0 0 0 0 0 0 0 0 24 0 0 71 69 1 6 2 67 0 0 10 0 0 0 0 0 0 0 0 0 0 2 0 0 1 0 0 0 0 0 
 0 0 0 0 2 0 0 0 0 0 0 0 0 0 0 2 2 0 0 0 4 0 0 0 0 0 0 0 0 0 0 0 0 0 0 0 2 0 0 0 18 255 45 153 325 377 33 63 69 295 0 267 48 52 502 84 109 283 280 101 0 0 207 2 0 0 209 30 0 52 0 1 0 1 0 0 0 0 0 0 0 0 0 0 0 0 0 0 0 0 0 0 0 0 0 0 0 0 0 0 0 0 0 0 0 0 0 0 0 13 0 0 0 0 0 10 0 0 0 0 0 0 0 8 2 26 0 0 0 0 13 23 0 0 0 0 0 13 0 0 0 5 0 0 0 0 0 0 0 3 0 0 18 0 0 0 0 0 13 45 0 0 0 0 0 0 0 0 0 0 0 0 0 3 0 6 0 0 0 0 0 0 0 0 0 0 0 0 0 0 0 0 0 0 0 0 0 0 0 0 0 0 0 24 94 61 0 0 0 0 24 27 0 0 0 0 0 0 0 0 0 0 0 0 0 0 17 0 0 0 0 0 19 0 14 0 0 22 25 19 0 0 29 0 0 0 0 0 0 0 0 11 0 0 0 0 0 0 0 10 0 0 34 35 0 23 2 33 0 0 6 0 0 0 0 0 0 0 0 0 0 1 0 0 0 0 0 0 0 0 
 0 0 0 0 0 0 1 0 0 0 0 0 0 0 0 0 0 0 0 0 6 3 3 3 2 29 3 3 3 3 3 3 3 3 3 0 3 3 6 3 71 45 41 187 284 80 271 35 29 39 267 0 236 42 58 30 93 103 35 51 0 2 6 2 0 2 0 6 70 24 0 50 2 11 51 1 0 1 0 0 0 0 0 0 0 0 0 0 0 0 0 0 0 0 0 0 0 0 0 0 0 0 0 0 0 0 0 0 0 0 0 0 0 0 0 0 0 0 0 0 0 0 0 7 8 16 13 0 0 0 0 1 0 0 0 0 0 1 0 0 1 17 0 0 0 0 2 0 0 4 0 0 18 0 0 0 0 0 23 30 0 0 0 0 0 0 0 0 0 0 0 0 0 0 0 4 0 0 0 0 0 0 0 0 0 0 0 0 0 0 0 0 0 0 0 0 0 0 0 0 0 0 0 0 28 30 0 0 0 0 0 19 0 0 0 0 0 0 0 0 0 29 0 0 0 0 33 0 0 0 0 0 20 0 0 0 0 13 34 26 0 0 0 0 0 0 0 0 0 0 0 0 0 0 0 0 0 0 0 12 0 2 110 64 0 4 1 72 0 0 0 0 0 0 0 0 0 2 0 0 0 0 0 0 0 0 0 0 2 0 
 0 0 0 2 5 68 0 0 0 0 2 0 0 0 0 0 0 0 0 0 4 1 0 0 0 5 1 0 0 26 0 0 0 2 1 0 1 0 67 1 42 56 47 92 79 34 288 105 115 47 48 236 0 63 44 32 40 45 374 110 0 4 5 6 1 0 31 0 15 16 27 4 4 2 0 10 0 6 53 0 0 0 0 0 0 14 0 0 0 0 1 0 0 0 0 0 0 0 0 0 0 0 0 0 1 0 1 0 0 0 0 0 0 0 0 18 0 0 0 17 15 0 1 0 0 0 18 15 0 0 0 0 15 48 33 0 0 0 0 7 0 0 0 8 7 11 0 0 0 0 5 16 0 0 0 0 0 0 0 0 0 0 0 2 18 11 0 0 0 0 0 9 0 0 0 0 0 0 0 0 10 0 0 0 1 17 9 0 0 0 0 0 9 0 0 0 0 0 12 10 15 0 6 0 0 0 18 40 19 1 0 0 0 26 19 26 0 0 1 15 0 0 0 4 18 3 0 0 0 0 6 8 0 0 0 0 0 0 0 0 0 0 0 0 0 0 0 0 0 0 0 0 0 0 0 0 0 0 0 0 0 0 0 0 0 0 14 0 0 0 0 0 0 0 0 4 0 0 0 0 0 0 0 0 0 0 0 0 2 0 
 0 0 0 0 0 0 0 0 0 0 0 0 0 0 0 0 0 0 0 0 7 0 0 207 0 0 13 0 0 0 0 0 200 0 0 0 0 0 0 1 143 47 76 73 108 251 386 394 78 74 52 42 63 0 301 282 22 31 128 322 0 0 0 0 0 7 0 0 3 0 0 0 0 2 0 0 0 0 0 0 0 0 0 0 0 0 0 0 0 0 0 0 0 20 0 0 0 0 0 0 0 0 0 0 0 0 0 22 0 0 0 0 0 0 0 0 0 0 0 15 1 26 53 0 0 0 0 8 31 0 0 0 0 20 12 25 39 0 0 0 0 0 0 0 0 0 11 0 0 0 0 0 0 0 0 0 0 0 0 0 0 0 0 0 1 0 0 0 0 22 0 0 0 0 0 0 0 0 0 0 0 0 0 0 0 0 0 0 0 0 0 0 0 0 0 0 0 0 0 0 23 49 29 0 0 0 0 12 20 9 1 0 0 0 13 28 42 12 1 1 0 0 0 0 0 0 0 0 0 0 0 0 0 0 0 9 0 0 0 0 0 0 0 0 0 0 0 0 0 0 0 3 0 0 0 0 0 0 0 0 0 0 0 0 0 0 3 0 0 0 0 20 0 0 0 0 0 0 0 0 0 0 0 0 3 0 0 0 2 0 
 0 0 0 0 0 4 0 0 0 0 0 0 0 0 0 0 3 0 0 0 1 0 0 0 0 0 1 0 0 0 0 0 0 0 0 0 0 0 34 0 228 498 265 65 70 268 96 133 312 312 502 58 44 301 0 239 72 254 79 347 0 0 51 0 0 2 0 0 0 0 0 0 0 0 3 0 0 0 0 0 0 0 0 0 0 0 0 0 0 0 0 0 0 0 0 0 0 0 0 0 0 0 0 11 0 0 0 0 10 0 0 0 0 0 0 0 0 0 0 0 0 66 43 10 0 0 1 19 35 37 0 14 0 0 1 24 36 33 1 0 0 0 0 0 0 0 25 0 0 0 0 0 0 0 0 0 0 0 0 0 0 0 0 0 0 0 0 0 5 0 0 0 0 0 0 0 0 0 0 0 0 0 0 0 0 0 0 0 0 0 0 0 0 0 0 0 0 0 0 0 1 30 25 0 0 0 0 1 20 15 7 11 0 1 0 22 36 52 0 0 0 0 0 0 0 0 0 0 0 0 0 0 0 0 0 0 0 0 0 0 0 0 0 0 0 0 0 0 0 17 0 5 0 2 0 0 0 0 0 0 0 0 0 0 1 3 2 0 0 0 1 0 0 0 0 0 0 0 0 0 0 0 0 0 7 9 0 0 0 0 
 0 0 0 0 3 1 0 7 0 0 0 0 0 0 0 0 3 0 0 0 1 1 1 208 0 2 1 2 1 2 1 1 202 2 1 2 2 2 1 2 110 191 485 40 70 78 31 207 512 145 84 30 32 282 239 0 234 122 45 87 1 0 0 0 0 0 3 0 0 0 0 0 5 6 6 0 0 0 1 3 0 0 0 0 0 0 0 0 0 0 0 0 0 0 0 0 0 0 0 0 0 0 0 0 0 0 0 0 0 0 0 8 0 0 0 0 0 0 0 0 0 0 26 32 23 9 0 0 8 108 21 23 0 0 0 19 17 25 0 0 0 1 3 0 0 0 11 3 1 0 0 0 0 0 0 0 1 1 0 0 0 0 0 0 15 0 0 0 21 11 0 0 0 0 0 0 0 0 0 0 0 0 0 0 0 0 0 0 0 0 0 0 0 0 0 0 0 0 0 0 0 10 0 39 16 0 0 0 10 21 41 13 0 0 0 9 13 15 0 0 2 0 3 0 0 0 0 3 8 8 12 0 0 2 7 0 0 1 0 1 0 0 11 0 0 0 0 0 0 0 0 2 0 0 0 0 0 0 0 2 0 0 1 0 2 1 0 32 0 0 1 0 0 47 0 0 0 0 0 0 0 0 0 0 9 14 0 0 0 0 
 0 0 58 0 0 0 1 0 0 0 0 0 0 0 0 3 0 3 0 0 3 4 3 7 5 9 3 10 3 3 7 6 3 3 3 0 3 3 10 3 45 284 104 260 49 94 46 46 326 251 109 93 40 22 72 234 0 491 41 249 0 0 3 0 0 0 0 0 0 0 0 0 0 0 3 0 0 1 0 0 0 0 0 0 0 0 0 1 0 0 0 0 0 0 34 0 0 0 0 0 0 0 0 0 0 7 0 0 0 0 1 3 0 0 7 0 1 0 0 0 0 0 0 26 25 18 0 0 10 27 15 37 1 0 0 1 1 34 3 0 0 0 0 0 0 0 0 0 0 0 0 0 0 0 0 0 0 0 0 0 0 0 0 0 0 0 0 0 4 0 0 0 0 0 0 5 0 0 0 0 0 0 0 5 9 6 0 0 0 0 0 0 0 0 0 1 0 0 0 0 0 0 0 36 10 5 0 0 0 20 72 54 0 0 0 0 1 28 7 5 0 0 0 0 0 0 0 0 0 0 0 0 0 0 0 0 0 0 0 0 0 0 15 0 0 0 0 0 0 0 0 5 0 1 0 0 0 0 9 32 0 0 0 0 1 10 0 0 0 0 7 0 0 0 0 0 0 0 0 0 0 0 0 0 6 14 0 0 0 0 
 0 0 2 1 0 0 0 0 0 0 0 0 0 0 0 0 0 0 0 0 2 0 0 0 1 2 0 0 0 0 0 0 0 0 0 2 0 0 2 0 46 277 332 188 66 64 14 28 415 140 283 103 45 31 254 122 491 0 24 33 0 0 1 6 0 3 0 2 4 5 6 2 0 2 5 1 1 12 0 0 0 0 0 0 0 0 0 0 0 0 0 0 0 0 0 0 0 0 0 0 0 0 0 0 0 0 0 0 0 0 0 0 0 0 0 0 0 0 0 0 0 0 0 26 61 24 0 0 3 1 32 16 0 0 0 0 0 20 0 0 0 0 0 5 6 4 0 0 0 6 0 0 11 0 0 0 0 1 0 15 0 0 0 0 0 0 0 0 2 0 0 0 0 0 0 5 0 0 0 6 0 0 0 0 0 0 0 0 0 0 0 6 0 0 0 0 0 0 0 0 0 0 0 46 11 7 0 0 0 31 41 7 0 0 0 0 0 0 0 0 0 0 0 1 5 1 0 0 0 0 2 5 0 0 0 0 0 1 25 0 0 0 12 0 0 0 0 0 0 0 0 0 0 0 0 0 0 0 0 14 0 0 64 62 1 36 10 69 0 0 3 0 0 0 0 8 0 0 0 0 0 0 0 0 0 12 0 0 2 0 
 3 3 2 3 3 5 3 3 2 3 3 3 3 2 3 3 3 3 3 3 0 0 0 0 0 192 0 0 0 0 0 0 0 0 3 0 3 3 0 0 45 265 74 92 96 49 79 115 104 96 280 35 374 128 79 45 41 24 0 407 0 0 0 0 1 6 0 0 0 0 0 0 0 1 0 0 0 6 0 0 0 0 0 0 0 0 0 0 0 0 0 0 0 0 0 0 11 0 0 0 0 0 0 0 0 0 0 0 0 0 0 0 0 0 0 0 0 0 0 0 55 0 1 7 0 8 85 23 0 8 6 16 27 32 41 10 0 0 13 15 0 0 0 0 0 9 0 0 0 0 0 0 0 1 0 0 0 0 1 8 0 0 0 0 17 0 0 0 0 0 0 0 0 0 0 0 0 0 0 0 0 0 0 0 0 4 0 0 0 0 0 0 0 0 0 0 0 0 0 0 19 1 5 6 8 4 63 29 33 0 0 1 22 40 20 0 0 0 28 22 0 0 8 0 0 0 0 0 0 8 0 0 0 0 49 0 0 0 8 0 0 0 0 0 0 0 0 0 0 0 0 4 0 0 0 0 0 0 0 0 0 0 2 0 0 1 0 0 2 0 0 0 0 0 0 0 0 0 0 0 0 0 6 0 7 0 0 0 1 0 
 3 3 3 3 3 3 3 3 3 3 3 3 3 3 3 3 3 3 3 3 2 61 0 0 0 4 0 0 0 0 0 0 0 0 0 0 3 0 6 0 266 49 54 87 90 60 312 76 495 311 101 51 110 322 347 87 249 33 407 0 2 0 0 0 0 0 3 0 0 0 0 0 10 4 0 0 0 0 3 4 0 0 0 0 0 0 0 0 0 0 0 0 0 0 0 0 0 0 0 0 0 10 0 0 1 0 0 0 0 0 0 0 0 0 0 0 0 0 0 0 37 0 0 0 0 0 18 32 1 0 0 0 14 50 40 6 0 0 10 7 0 1 2 0 0 5 0 4 2 0 0 0 0 1 0 0 0 0 0 0 0 0 0 0 4 0 0 0 0 0 0 0 0 0 0 0 0 0 0 0 0 0 0 0 0 7 0 0 0 0 0 0 0 0 0 0 0 0 0 0 24 0 8 39 0 0 13 31 20 1 0 0 1 52 35 12 0 0 26 14 6 0 2 0 0 0 0 2 10 0 0 0 0 5 48 0 0 0 0 0 0 0 0 0 0 0 0 0 0 0 0 3 0 0 0 0 0 0 0 0 0 0 0 0 0 2 2 0 0 0 0 0 0 0 0 0 0 0 0 0 0 0 0 0 0 0 0 0 2 0 
 0 2 0 1 0 0 0 1 0 0 1 0 0 0 3 0 0 2 2 3 0 0 0 0 0 0 0 0 0 0 0 0 0 26 0 0 0 2 0 0 0 0 0 0 0 0 0 53 0 0 0 0 0 0 0 1 0 0 0 2 0 134 51 43 249 25 244 282 45 41 37 55 60 98 282 73 244 250 42 88 0 0 0 0 0 0 0 0 0 0 0 0 0 0 0 0 0 0 0 0 0 0 0 0 0 0 0 0 0 14 0 0 0 0 0 0 0 0 8 0 0 0 0 0 0 0 0 0 0 0 0 0 0 0 0 0 0 0 0 0 0 8 27 5 5 12 0 17 25 20 20 8 6 4 10 18 10 0 0 3 0 0 0 0 0 0 0 0 0 0 0 0 3 0 0 0 0 0 0 0 0 0 0 0 0 0 0 0 0 0 0 9 0 0 0 0 0 0 0 7 0 0 20 0 0 0 0 0 0 0 0 0 0 0 0 0 0 0 0 0 2 27 29 7 17 0 1 51 7 34 5 0 0 0 2 20 37 7 0 0 5 0 0 0 0 0 0 0 0 0 0 0 0 0 4 0 0 0 0 0 0 0 0 0 0 0 0 0 0 0 9 0 0 0 0 0 0 0 0 0 0 0 0 0 0 0 0 31 0 0 
 0 0 0 6 0 4 0 0 0 1 2 7 0 0 0 0 0 0 0 0 2 0 0 0 0 5 0 0 0 0 0 0 0 0 0 0 0 0 3 0 0 0 0 3 0 0 0 3 0 0 0 2 4 0 0 0 0 0 0 0 134 0 454 60 273 37 86 212 204 45 267 35 49 50 238 192 314 58 47 68 0 0 0 0 3 6 0 0 0 0 8 16 0 0 0 0 0 0 0 0 0 0 0 0 0 0 0 0 0 0 0 0 0 0 0 0 0 0 0 0 0 0 8 0 0 0 0 0 0 0 0 0 0 0 0 0 0 0 0 0 6 14 8 9 0 0 0 29 9 17 39 12 18 9 9 9 11 11 0 0 0 0 0 10 7 6 0 0 0 0 1 3 0 0 0 0 0 0 8 0 0 3 0 0 0 0 0 0 0 0 0 0 0 0 0 0 0 0 0 0 0 0 0 0 0 0 0 0 0 0 0 0 0 0 0 0 0 0 0 0 0 22 23 38 0 1 0 0 12 4 54 19 0 0 0 27 18 16 0 0 0 0 0 0 0 0 0 0 0 3 0 0 0 0 7 0 0 0 0 0 55 0 0 0 0 0 8 0 0 0 18 0 0 0 2 46 0 0 0 0 0 0 0 0 0 2 0 0 0 0 
