 0 336 107 46 32 54 564 327 246 60 19 28 35 166 325 35 45 53 38 63 0 2 2 0 0 0 1 40 0 2 0 0 0 0 1 0 3 0 4 3 2 0 2 0 7 0 2 2 3 0 0 3 0 3 0 0 0 0 0 2 0 1 0 0 2 0 3 0 6 0 3 3 2 0 3 0 3 0 5 3 83 49 29 0 0 0 11 47 10 0 0 0 23 28 35 39 20 10 0 0 0 0 0 0 0 0 0 0 2 0 0 0 0 0 0 0 0 0 0 0 0 0 0 0 0 14 0 0 0 0 0 10 0 0 0 0 0 0 0 0 4 0 0 0 0 4 0 0 0 0 4 0 0 0 0 0 0 0 0 0 14 7 21 2 0 8 17 28 16 0 1 0 12 14 46 10 10 0 0 64 0 0 0 0 0 0 0 0 10 0 0 0 0 0 0 0 0 0 0 0 0 0 0 0 0 0 0 0 0 0 0 0 0 0 0 0 0 0 0 0 0 0 0 0 0 0 0 0 0 0 0 0 0 0 0 0 0 0 0 0 0 0 0 0 0 2 0 0 1 0 2 11 0 0 0 0 0 0 0 0 0 0 0 0 0 0 0 0 0 0 0 0 0 0 0 0 0 0 0 0 0 0 0 0 0 0 0 0 0 0 
 336 0 373 64 32 59 141 601 448 243 53 51 50 250 334 342 288 345 39 57 0 8 4 0 1 0 0 0 0 1 0 0 0 0 0 0 3 0 5 3 2 0 0 0 2 3 5 4 5 0 0 2 0 5 0 0 0 0 0 2 0 0 2 0 0 0 3 38 0 1 3 4 0 0 0 0 2 0 0 7 6 33 102 19 9 0 18 19 41 55 45 2 0 14 24 67 79 28 0 0 0 0 0 0 0 1 0 1 0 1 0 0 0 0 0 0 0 0 0 0 2 0 0 0 0 0 0 0 0 0 0 0 0 0 0 0 1 0 0 0 0 0 24 0 0 2 0 0 1 0 0 0 0 0 0 0 0 0 0 0 0 7 15 27 1 3 0 13 20 30 31 21 0 18 21 36 28 51 0 17 0 0 0 0 1 0 0 0 0 0 0 0 0 0 0 0 0 0 1 0 2 0 0 0 0 1 0 0 0 0 0 0 0 0 0 0 0 2 0 0 0 0 0 0 0 0 0 0 0 0 0 0 0 0 0 0 0 0 0 0 0 16 0 0 0 2 5 0 0 0 0 11 0 1 0 0 0 0 0 0 0 0 20 0 0 0 0 0 1 1 0 0 0 0 0 0 0 8 0 0 0 0 0 0 0 0 0 0 0 0 
 107 373 0 146 54 26 99 91 556 645 36 60 55 66 56 174 96 409 45 56 0 3 2 4 36 0 0 0 0 1 0 0 2 2 0 0 3 0 2 5 2 3 13 0 0 1 0 0 3 0 2 2 0 3 0 0 64 0 3 2 0 0 0 0 0 0 3 0 0 0 2 3 0 0 0 0 3 0 0 7 0 0 33 30 10 0 0 1 45 35 38 11 0 0 2 20 56 13 0 2 0 0 0 0 0 0 2 0 0 0 1 0 0 0 0 0 11 0 1 0 0 0 0 0 0 0 0 10 0 0 0 0 0 0 0 0 0 2 0 0 0 0 0 5 0 1 0 0 0 0 0 2 0 0 3 0 0 0 0 0 0 6 5 19 22 0 0 0 31 32 51 53 0 0 2 63 14 54 0 0 0 0 0 0 0 0 0 1 0 0 0 2 0 0 3 0 0 0 0 0 0 0 1 0 0 0 0 0 0 0 0 0 0 0 2 0 0 0 0 0 0 0 0 0 0 5 0 0 1 0 0 0 0 0 0 0 0 0 8 0 0 16 0 0 0 0 9 0 0 5 2 4 4 0 0 0 0 0 0 0 0 0 3 0 0 0 0 0 0 0 0 0 0 0 0 14 41 5 0 0 0 0 0 0 0 0 0 0 0 1 
 46 64 146 0 100 35 89 82 75 516 209 427 152 342 39 36 65 385 74 79 0 5 2 7 0 74 1 0 0 0 1 0 0 0 2 0 3 1 2 3 3 0 0 0 0 0 1 0 3 0 0 2 0 3 2 0 0 0 0 2 0 0 0 0 0 0 3 0 0 0 4 3 0 0 0 0 2 0 0 3 0 0 32 21 24 17 0 0 0 6 16 37 0 0 2 18 3 15 0 0 0 0 0 0 0 0 2 0 0 0 0 0 40 0 0 0 2 0 0 1 3 0 0 0 0 0 0 0 0 0 0 0 2 0 0 0 0 2 0 0 0 0 0 7 0 0 0 0 16 0 0 2 0 0 7 0 0 0 0 0 0 1 0 31 35 31 0 0 0 13 34 42 0 10 2 0 0 1 0 0 1 0 0 0 0 0 0 1 0 0 0 0 0 0 0 0 1 0 12 0 0 0 15 0 0 0 0 0 0 0 0 0 0 7 0 0 0 0 0 0 0 0 10 0 0 0 0 0 3 0 14 0 0 0 0 0 0 0 0 0 0 14 0 0 0 1 77 0 0 18 0 9 1 2 0 0 0 0 0 0 1 0 20 2 0 0 0 0 0 0 0 0 0 0 0 43 9 0 0 0 0 0 0 0 0 0 0 0 0 0 
 32 32 54 100 0 422 73 96 88 93 63 401 70 94 160 79 67 41 68 79 2 4 67 0 0 1 0 0 0 0 0 2 1 1 0 0 4 2 2 3 2 0 0 0 0 0 5 0 3 0 0 2 0 3 1 0 0 3 0 2 0 0 0 0 0 0 3 0 10 0 33 3 0 0 0 0 3 0 0 3 0 0 0 1 22 34 2 19 0 0 1 6 0 0 0 0 0 0 0 0 8 0 0 0 0 0 0 0 0 0 0 0 37 0 0 0 0 0 62 39 0 0 0 0 0 0 0 0 1 0 0 0 0 0 0 0 0 0 0 0 0 14 0 0 0 0 0 0 0 0 1 0 0 0 6 0 0 13 0 0 2 0 0 0 11 24 0 0 0 0 0 0 0 0 0 0 0 0 0 0 21 0 0 0 0 0 10 0 0 0 0 0 52 0 0 0 0 0 26 28 0 0 0 0 0 0 0 0 0 0 0 0 0 10 0 0 0 0 0 0 0 0 0 1 0 0 0 0 0 0 0 0 0 0 0 0 0 0 0 0 0 0 0 0 0 3 6 2 2 3 0 5 25 0 0 0 0 0 0 0 0 0 1 0 0 0 0 0 0 0 0 0 0 0 0 0 1 0 0 0 0 0 0 0 0 0 0 0 0 0 
 54 59 26 35 422 0 39 23 31 58 66 73 32 279 57 90 88 140 58 42 3 3 3 3 1 2 2 1 1 2 1 2 3 0 0 0 4 2 228 8 4 2 1 0 2 2 7 29 3 11 0 4 2 5 0 0 0 2 0 4 0 0 2 0 0 2 4 0 0 2 33 5 0 0 0 0 9 2 0 4 0 0 0 0 0 27 0 0 0 0 0 0 0 0 0 0 0 0 0 0 18 1 0 0 0 0 11 10 0 0 0 0 14 1 0 0 0 0 22 42 0 0 0 0 0 0 0 0 0 0 1 0 0 0 0 0 0 0 0 0 0 0 0 0 0 0 0 0 0 0 0 0 0 0 2 0 0 0 0 4 0 0 0 19 10 0 0 0 0 0 0 0 0 0 0 0 0 0 0 0 16 0 0 0 0 0 24 0 0 0 0 0 41 33 1 0 0 0 46 68 0 10 0 0 0 0 0 0 0 0 0 0 0 0 0 0 0 0 0 0 0 1 0 0 0 0 0 0 6 0 0 0 0 0 0 0 0 0 0 0 0 0 0 0 0 38 0 1 0 9 0 11 0 0 2 0 0 0 1 0 0 0 0 1 0 0 0 0 0 0 0 0 0 39 0 0 0 0 0 0 0 0 0 0 0 0 0 0 0 0 
 564 141 99 89 73 39 0 69 42 40 47 34 467 418 50 121 44 44 65 391 0 91 4 3 0 0 0 0 0 1 0 45 0 0 0 0 6 0 2 3 4 0 1 2 1 0 0 0 3 6 0 2 0 3 0 3 2 2 0 7 0 0 1 0 3 2 3 0 0 0 9 6 0 3 0 4 3 2 0 2 21 21 2 0 0 0 44 24 0 11 0 0 0 92 62 17 0 19 1 64 0 0 0 0 0 0 0 0 0 0 0 0 0 0 0 0 0 4 2 2 0 0 0 0 0 1 0 0 0 0 0 0 0 0 0 0 0 0 0 0 0 0 0 0 0 0 0 13 0 0 37 0 0 0 0 0 0 2 0 0 25 11 0 4 0 5 17 35 20 0 0 0 30 28 26 28 2 0 27 13 0 0 35 0 8 0 0 0 0 0 0 0 0 0 0 0 0 0 0 0 0 0 0 0 0 0 0 0 0 0 0 0 0 2 0 0 0 0 0 0 0 0 0 0 0 0 0 0 0 0 0 0 0 0 0 0 0 1 0 0 0 0 0 0 0 1 0 1 1 0 0 8 0 0 0 0 0 0 0 0 0 0 1 0 0 0 0 0 0 0 0 0 0 0 0 0 0 0 0 0 0 0 0 0 0 0 0 0 0 0 
 327 601 91 82 96 23 69 0 415 54 26 36 116 422 156 48 87 30 51 54 0 6 2 2 0 1 0 3 0 1 7 0 3 0 2 0 3 2 2 3 2 3 0 3 0 0 0 0 3 0 0 4 1 3 0 2 3 0 2 2 0 0 5 0 0 0 3 0 0 0 2 3 0 0 0 0 3 0 0 3 9 30 31 0 1 0 13 48 34 30 51 0 0 59 47 28 17 11 10 0 0 0 0 0 0 0 0 0 0 0 0 0 0 0 1 0 0 0 0 0 0 0 0 0 0 0 0 0 0 0 0 0 0 0 0 0 0 0 1 0 0 0 0 1 2 4 0 0 0 0 0 0 0 0 0 34 0 15 0 0 10 4 23 9 0 6 0 24 57 0 0 0 0 16 39 49 31 20 0 10 0 0 0 0 0 0 2 0 0 0 0 0 0 0 0 0 0 0 0 0 0 0 0 0 0 0 0 0 0 0 0 0 0 6 2 0 0 0 0 0 0 0 0 0 0 0 0 0 0 0 0 0 0 0 0 0 0 0 0 0 0 0 0 0 0 0 0 0 1 0 0 9 0 0 1 0 0 0 0 0 0 0 0 0 0 0 1 0 0 0 0 0 0 0 0 0 0 0 0 0 0 0 0 0 0 0 0 0 0 0 
 246 448 556 75 88 31 42 415 0 350 55 30 289 404 220 175 277 533 77 298 0 2 2 0 0 0 2 2 0 2 4 0 0 75 0 0 3 0 4 5 2 0 0 0 0 0 0 0 3 0 0 3 2 3 0 0 0 2 0 32 0 0 0 0 0 0 3 0 0 0 3 3 0 0 0 0 3 0 0 3 0 0 39 22 0 0 0 6 60 20 53 23 0 0 0 0 45 22 0 0 0 0 0 0 0 0 0 0 2 0 0 0 0 0 0 0 0 0 0 0 0 0 0 0 0 0 0 0 0 0 0 0 0 0 0 0 0 0 0 0 0 0 0 4 0 0 0 0 0 0 0 0 0 0 0 0 0 0 0 0 0 42 56 21 14 1 0 13 28 37 27 21 0 0 4 34 6 51 0 0 0 0 0 0 0 0 0 0 0 0 0 0 0 0 0 0 0 0 0 0 0 0 0 0 0 0 0 0 0 18 0 0 0 0 0 0 0 0 0 0 0 0 0 0 0 0 0 0 0 0 0 0 0 0 0 0 0 0 0 0 0 0 0 0 0 4 3 2 0 3 1 12 0 0 11 0 0 0 0 0 0 0 0 0 0 0 0 0 0 0 0 0 0 0 0 16 13 9 0 0 0 0 0 0 0 0 0 0 0 0 
 60 243 645 516 93 58 40 54 350 0 451 46 269 276 71 531 440 105 83 157 0 3 7 2 0 1 74 0 0 1 0 0 0 0 0 0 3 75 2 3 2 0 0 0 2 0 0 0 3 0 0 2 0 3 0 0 0 0 0 2 0 69 0 0 0 0 3 0 43 1 2 3 0 0 0 0 2 0 0 2 0 0 41 37 29 0 1 0 14 19 115 46 0 1 1 16 45 33 1 0 0 0 0 0 1 0 0 1 0 0 0 0 0 0 0 2 0 0 0 1 0 0 0 0 0 0 0 0 20 0 0 0 0 0 1 0 0 0 0 0 0 0 0 6 0 0 0 0 0 0 0 0 0 0 0 0 0 0 0 1 0 12 14 55 19 8 0 2 1 32 41 37 0 0 1 0 0 32 0 0 0 0 0 0 0 0 0 0 0 0 0 0 0 0 0 0 0 0 0 0 12 0 0 0 0 0 0 0 0 0 0 1 0 0 1 0 0 0 0 2 0 0 0 0 0 0 0 0 9 0 0 2 0 0 0 0 0 0 0 0 0 10 0 0 0 0 178 0 4 174 0 2 10 0 0 0 0 0 0 0 73 0 20 0 0 0 0 0 0 0 0 0 0 0 0 31 11 12 0 0 0 0 0 0 0 8 0 0 0 6 
 19 53 36 209 63 66 47 26 55 451 0 468 38 113 61 88 114 422 46 91 2 24 46 0 2 0 2 2 0 0 2 0 0 0 0 1 3 0 2 3 2 0 0 0 0 0 0 0 3 0 0 2 0 3 0 0 0 0 0 2 0 0 0 0 0 2 3 0 0 0 3 3 0 0 0 0 3 0 0 3 0 0 4 41 46 9 0 0 0 0 34 124 0 0 1 16 1 4 0 0 1 0 0 0 0 0 0 0 0 0 2 0 29 0 0 0 0 0 0 2 0 0 0 0 0 0 0 0 0 0 0 0 0 0 44 0 0 0 0 0 0 0 0 3 0 0 0 0 0 0 0 0 0 0 5 0 0 0 0 0 0 3 0 22 54 25 0 0 0 21 27 41 0 0 0 13 1 3 0 0 0 0 1 0 0 0 0 0 0 0 5 0 0 0 0 15 0 0 3 0 0 0 2 0 0 0 0 0 0 9 0 0 0 10 0 0 0 0 0 0 1 0 0 0 0 0 0 0 12 0 0 0 0 0 0 2 0 0 0 1 0 16 0 0 0 0 59 2 0 47 0 13 2 0 0 0 0 0 0 0 1 0 14 0 0 0 0 0 0 0 0 0 0 0 0 26 14 3 0 0 0 0 0 0 0 0 0 1 0 0 
 28 51 60 427 401 73 34 36 30 46 468 0 22 35 41 26 89 69 70 37 0 2 2 0 0 0 1 1 0 0 0 1 1 0 75 0 27 2 5 3 3 0 5 0 2 0 0 0 3 0 0 6 0 3 0 0 0 1 0 2 0 0 0 0 0 0 3 0 0 0 57 3 0 0 0 0 4 0 0 3 0 0 14 19 14 2 0 0 0 0 44 31 0 0 2 0 1 15 0 0 0 0 6 0 0 0 0 0 0 0 1 0 31 0 0 0 15 0 1 71 0 0 0 0 0 0 0 0 0 0 0 0 2 0 0 0 0 2 0 0 0 0 0 0 0 0 0 0 0 0 0 2 0 0 3 23 0 0 0 0 0 0 0 49 25 35 0 0 0 0 0 0 0 0 0 0 0 0 0 0 0 0 0 0 0 0 0 0 0 0 0 0 0 0 0 0 0 0 67 20 0 0 0 0 0 0 0 0 0 0 0 0 0 4 0 0 0 0 0 0 0 0 0 0 0 0 0 0 9 0 0 0 0 0 0 1 0 0 0 1 0 0 0 0 0 0 173 0 0 181 0 12 10 0 0 0 0 0 0 0 0 0 15 0 0 0 0 0 0 0 0 0 0 0 0 13 0 0 0 0 0 0 0 0 0 0 0 0 0 0 
 35 50 55 152 70 32 467 116 289 269 38 22 0 253 37 40 37 28 504 523 0 3 2 0 0 0 0 0 0 2 0 0 0 0 0 62 3 2 2 3 2 0 64 0 2 0 0 0 3 0 0 2 0 3 0 0 0 0 0 2 0 0 0 16 0 0 3 0 0 2 4 3 0 0 0 0 3 0 0 3 46 42 18 0 0 0 33 0 0 0 0 0 17 16 10 19 0 0 56 48 0 0 0 0 0 0 0 0 0 0 0 0 0 0 0 0 0 0 0 0 0 0 1 0 0 0 0 0 0 0 0 0 0 0 0 0 8 0 0 0 0 0 0 0 0 0 0 0 0 0 9 0 2 2 0 16 0 0 0 0 35 13 0 5 0 0 38 0 0 0 0 0 28 22 0 6 0 0 17 24 0 0 0 0 0 0 0 0 0 0 0 17 0 0 2 1 0 0 0 0 0 1 0 2 0 0 0 0 0 0 4 0 0 0 0 0 0 0 0 0 0 0 0 0 2 17 0 0 1 0 0 0 0 1 0 0 0 0 0 0 0 0 0 0 0 0 0 0 4 1 0 5 0 0 0 0 0 0 0 0 0 0 0 0 0 0 0 0 0 0 0 0 0 0 0 0 0 0 0 0 0 0 0 0 0 0 0 0 0 22 
 166 250 66 342 94 279 418 422 404 276 113 35 253 0 482 24 44 44 77 404 0 3 2 4 0 0 0 0 1 2 0 0 0 0 2 2 3 2 3 3 2 0 0 0 2 0 0 0 3 0 0 2 0 3 0 0 0 0 0 2 0 0 0 0 0 0 8 0 0 0 12 3 4 0 0 0 2 45 0 3 86 61 1 0 0 0 12 27 13 2 0 1 0 42 26 57 20 20 1 1 0 0 0 0 0 0 0 0 0 0 0 0 0 0 0 0 0 0 0 0 0 0 0 0 0 0 0 0 0 0 0 0 0 0 0 0 0 0 0 0 0 0 3 0 0 3 0 0 0 0 4 0 10 0 44 0 0 0 0 0 15 34 21 2 0 7 22 30 26 0 1 1 13 26 45 25 19 0 0 20 0 0 0 0 0 0 0 0 0 0 32 0 0 0 0 0 0 0 0 0 0 0 0 0 0 0 0 0 0 0 0 0 0 0 0 0 0 0 0 0 0 0 9 0 0 0 0 0 0 0 0 0 0 0 0 0 2 0 0 0 0 1 0 0 0 0 2 0 2 2 1 3 0 2 0 0 0 0 0 0 0 0 0 0 2 0 0 0 0 0 0 0 0 0 0 0 0 0 0 0 0 0 0 0 0 0 0 0 0 0 
 325 334 56 39 160 57 50 156 220 71 61 41 37 482 0 79 267 46 75 102 0 2 2 0 0 0 0 0 3 1 0 2 0 0 0 0 3 0 2 3 2 0 0 2 0 3 0 0 3 0 0 3 0 3 0 2 0 0 0 2 0 0 0 0 0 0 3 4 0 0 3 3 0 8 0 0 3 0 0 3 17 37 10 0 1 2 58 71 49 31 17 2 0 27 44 20 17 12 0 0 0 0 0 0 0 0 0 0 0 0 0 0 0 0 0 0 0 0 0 0 0 0 0 0 40 0 0 10 0 0 12 0 0 0 0 0 0 0 0 0 0 2 0 0 0 6 0 2 0 0 0 0 0 0 0 0 0 0 0 0 0 19 17 0 0 4 0 51 60 0 1 0 0 9 57 41 31 17 0 27 0 0 1 0 0 0 0 0 15 0 0 0 0 10 0 0 0 0 0 0 0 0 0 0 0 0 1 0 0 0 0 0 0 0 0 0 0 0 0 0 0 0 0 0 0 0 0 0 0 0 0 0 0 0 0 0 0 0 0 1 0 2 0 0 0 1 0 2 0 0 0 7 0 0 0 0 0 0 0 0 0 0 0 0 0 0 0 0 0 0 0 0 0 0 0 0 0 0 0 0 0 0 0 0 0 0 0 0 0 0 
 35 342 174 36 79 90 121 48 175 531 88 26 40 24 79 0 266 392 27 68 0 3 2 0 0 0 0 104 0 1 3 0 0 0 0 0 3 0 2 3 2 0 0 0 0 0 4 3 3 0 0 2 0 3 0 0 0 2 0 2 0 0 0 0 0 0 3 0 0 0 2 3 0 0 0 2 2 0 38 3 0 0 33 19 15 0 0 2 35 28 41 26 0 0 1 21 38 13 0 0 0 0 0 0 0 0 0 0 0 0 0 0 0 0 0 1 0 0 17 0 0 0 0 0 0 0 0 0 0 0 0 0 0 0 0 0 0 0 0 0 0 0 0 4 0 0 0 0 0 0 0 0 2 2 0 0 0 0 0 0 0 9 26 18 13 1 0 0 28 40 42 44 0 0 6 10 11 47 0 0 0 0 0 0 0 0 0 0 14 0 0 0 0 0 2 1 0 0 0 0 0 1 0 2 10 0 0 0 0 0 0 0 0 0 0 0 0 0 0 0 7 0 0 0 2 0 0 0 3 0 0 0 0 1 0 0 0 0 0 0 0 21 0 0 0 0 2 0 1 7 0 20 0 0 0 0 0 0 0 0 0 0 11 0 0 0 0 0 0 0 0 0 0 0 0 15 12 9 0 0 0 0 0 8 0 0 0 0 0 0 
 45 288 96 65 67 88 44 87 277 440 114 89 37 44 267 266 0 414 56 26 16 3 2 3 2 0 0 3 1 1 0 0 0 0 0 4 3 0 8 27 2 0 0 0 2 0 0 8 3 0 39 2 0 7 0 1 0 0 1 2 0 0 4 3 58 7 10 1 0 0 2 5 0 0 0 2 9 0 0 3 1 0 33 16 9 0 1 5 48 40 34 13 0 2 1 20 29 10 0 0 0 0 0 0 0 0 0 10 0 0 0 0 0 0 0 2 0 0 0 0 0 0 1 0 0 0 0 0 0 0 0 0 0 0 0 0 0 0 0 0 0 0 0 5 0 1 0 0 8 0 0 0 2 2 0 0 0 0 0 0 0 6 6 36 22 0 0 0 32 32 30 47 0 0 4 11 10 44 0 0 0 0 0 0 0 0 0 0 0 0 0 0 0 0 2 1 0 0 0 0 0 1 0 2 0 0 0 0 0 0 0 0 0 0 0 0 0 0 0 0 0 0 0 0 2 0 0 0 1 0 0 0 0 1 0 0 4 0 8 0 0 16 0 0 0 1 3 2 0 1 0 11 0 0 0 0 0 0 0 2 0 0 1 0 0 0 0 0 0 0 0 0 0 0 0 21 9 7 0 0 0 0 0 0 0 0 0 0 0 8 
 53 345 409 385 41 140 44 30 533 105 422 69 28 44 46 392 414 0 58 69 2 3 4 0 0 0 0 0 0 1 0 0 0 0 0 0 3 0 2 3 2 0 0 0 2 1 0 0 3 0 0 2 0 3 0 0 0 0 0 2 0 0 0 0 0 0 3 0 0 0 2 3 0 0 0 0 3 0 0 3 0 0 38 47 22 0 0 0 21 18 31 66 0 0 0 19 50 26 0 0 0 0 0 0 0 0 0 0 0 0 0 0 0 0 0 0 0 0 18 1 0 0 0 0 0 0 0 0 0 0 0 0 0 0 0 0 0 0 0 0 0 0 0 6 0 0 0 0 0 0 0 0 0 0 0 0 0 2 0 0 0 22 12 49 43 11 0 0 0 34 39 40 0 0 0 0 3 33 0 0 0 0 0 0 0 0 0 0 0 0 0 0 0 0 0 0 0 0 0 0 0 0 0 0 0 20 13 0 0 0 0 0 0 1 0 0 0 0 0 0 0 1 0 0 14 0 0 0 9 0 0 0 0 0 0 0 0 0 0 0 0 11 0 0 0 2 176 1 2 172 3 8 36 0 0 0 0 0 0 0 0 0 37 0 0 0 0 0 0 0 0 0 0 0 0 25 16 31 0 0 0 0 0 0 0 0 0 0 0 0 
 38 39 45 74 68 58 65 51 77 83 46 70 504 77 75 27 56 58 0 611 17 6 7 0 0 0 2 0 0 1 0 0 0 0 4 3 5 0 5 5 2 0 0 0 7 2 4 4 5 0 0 2 5 5 0 0 0 1 0 2 0 0 0 0 0 0 3 5 0 0 2 3 4 0 6 0 5 0 5 4 2 1 2 0 0 0 33 0 0 0 0 0 40 25 17 0 0 0 31 52 19 5 0 0 0 0 0 18 0 0 12 0 0 0 0 0 0 0 0 2 0 0 0 0 0 0 0 0 0 0 0 2 0 0 0 0 0 0 0 0 0 0 0 0 0 0 0 0 0 0 5 0 0 0 0 1 0 2 0 0 25 0 0 6 0 0 17 0 1 0 2 0 24 24 0 10 2 0 30 17 0 0 1 0 0 0 0 0 1 13 0 0 0 0 0 0 0 0 0 0 0 0 0 0 0 0 0 0 0 0 0 0 9 1 0 0 0 0 0 0 6 0 0 0 13 0 0 0 0 1 0 0 0 0 0 0 0 0 0 0 0 0 0 0 0 0 1 0 3 0 0 20 0 0 0 0 0 0 0 0 0 0 0 0 0 0 0 0 0 0 0 0 0 0 0 0 0 0 0 0 0 0 0 0 0 0 0 0 0 0 
 63 57 56 79 79 42 391 54 298 157 91 37 523 404 102 68 26 69 611 0 0 3 2 0 0 0 2 0 0 2 3 0 1 2 0 0 3 0 4 6 2 0 0 0 2 0 0 0 3 0 0 4 0 3 0 0 71 0 72 2 0 0 0 0 0 73 3 0 0 0 12 3 0 0 0 0 3 0 0 3 51 45 0 0 10 14 39 0 0 9 0 0 19 21 15 19 0 11 50 91 14 0 0 0 0 0 0 0 0 0 0 0 0 0 0 0 0 0 0 0 0 0 0 0 0 0 0 0 0 1 0 0 0 0 0 0 0 0 0 0 0 0 0 0 0 0 0 0 0 0 5 0 0 0 0 1 0 2 0 0 47 16 0 6 0 0 36 9 0 0 0 0 24 12 44 29 11 0 26 15 0 0 0 0 0 0 0 0 0 0 0 0 0 0 0 0 0 0 0 0 0 0 0 0 0 0 0 0 0 0 0 0 0 2 0 0 0 0 0 0 0 0 0 0 0 0 0 0 0 1 0 0 0 0 0 0 0 1 0 0 0 0 0 0 0 0 0 0 2 0 0 15 0 0 2 0 0 0 0 6 0 0 0 0 0 0 0 0 0 0 0 0 0 0 0 0 0 0 0 0 0 0 0 0 0 0 0 0 0 0 
 0 0 0 0 2 3 0 0 0 0 2 0 0 0 0 0 16 2 17 0 0 170 114 53 33 334 633 475 44 45 38 235 84 246 354 51 32 37 36 125 0 0 0 0 2 0 0 0 0 0 1 0 0 0 5 0 0 1 0 0 3 0 0 45 0 0 0 0 0 0 0 0 1 0 0 0 0 0 2 0 0 0 0 0 0 0 2 0 0 0 0 0 0 0 0 0 0 0 0 0 1 36 18 31 0 15 0 54 60 21 12 0 0 38 37 9 31 0 0 0 0 0 0 0 0 0 0 0 0 0 10 0 1 0 0 0 0 0 0 0 0 0 0 0 0 0 0 1 0 0 11 0 0 0 0 0 0 0 0 0 0 0 0 0 0 0 3 0 0 3 0 0 0 0 0 0 1 0 0 0 36 65 9 0 0 0 9 15 55 15 9 0 2 33 22 22 24 28 5 0 0 20 0 0 0 0 0 0 0 0 0 0 1 0 0 0 0 0 0 0 0 0 0 2 0 0 0 0 6 0 0 0 0 0 1 0 0 0 0 0 0 0 0 0 0 0 0 0 0 0 0 1 0 0 3 0 2 0 0 1 0 0 0 0 0 0 0 0 0 0 0 0 0 0 0 0 14 0 0 0 0 0 0 0 0 0 7 0 0 0 
 2 8 3 5 4 3 91 6 2 3 24 2 3 3 2 3 3 3 6 3 170 0 379 81 33 249 65 467 319 78 18 30 56 67 377 346 272 263 40 256 0 0 0 1 2 2 0 1 0 1 2 0 0 0 0 66 0 0 0 0 3 0 6 0 7 0 0 0 0 0 0 0 0 0 0 0 0 0 2 1 0 0 14 0 0 0 0 0 0 7 0 0 0 0 24 0 0 0 0 0 0 0 39 8 0 0 0 14 32 42 80 3 0 0 49 25 45 35 0 0 0 0 0 0 0 0 0 0 0 0 0 0 0 0 0 0 0 0 0 0 0 0 0 0 0 0 0 0 0 0 0 0 0 0 0 0 0 0 0 0 0 0 0 0 0 0 3 0 0 7 0 0 0 0 0 10 2 0 0 0 10 0 108 10 12 0 1 11 34 55 41 0 0 0 1 24 20 69 0 0 0 0 0 0 0 0 0 0 0 0 0 0 0 0 0 0 0 0 0 0 0 0 0 0 0 0 0 0 0 12 0 0 0 0 0 0 0 0 0 0 0 0 19 0 0 0 2 0 0 0 0 0 0 0 0 0 0 0 0 0 15 17 0 0 0 0 19 0 0 0 0 0 0 0 0 0 0 0 0 0 0 21 0 0 0 0 9 1 0 0 
 2 4 2 2 67 3 4 2 2 7 46 2 2 2 2 2 2 4 7 2 114 379 0 179 78 41 49 90 288 273 108 29 69 50 66 228 246 277 31 205 0 0 0 0 2 0 0 2 2 2 3 0 0 0 0 0 0 0 0 0 3 0 0 0 0 0 0 0 0 0 0 0 0 0 0 1 5 0 85 0 0 0 0 0 0 0 0 0 0 0 0 0 0 0 0 0 0 0 0 0 0 0 17 30 16 0 0 0 1 26 24 41 0 0 0 24 8 39 0 0 0 0 0 0 0 0 0 0 0 0 0 0 1 0 12 0 0 0 0 0 0 10 0 0 12 0 0 10 0 0 0 0 0 0 0 0 0 10 2 0 0 0 0 0 0 0 5 0 0 7 0 0 0 0 0 0 14 0 0 0 0 0 16 48 21 1 0 13 0 39 62 32 0 0 0 61 38 38 0 0 0 0 0 0 0 0 0 0 0 8 0 0 0 0 0 0 0 0 2 0 0 0 0 0 0 0 0 0 0 0 0 0 0 0 0 0 0 0 0 0 0 0 13 0 0 0 0 0 0 0 0 0 0 0 6 2 0 79 2 0 11 11 0 0 0 0 13 0 0 0 0 0 0 0 0 0 0 0 0 0 0 30 0 0 0 0 0 0 0 0 
 0 0 4 7 0 3 3 2 0 2 0 0 0 4 0 0 3 0 0 0 53 81 179 0 110 131 148 71 63 530 214 353 88 272 59 54 106 343 60 189 0 0 0 0 1 0 0 1 7 0 2 0 0 2 0 0 0 0 5 0 8 0 2 0 52 51 0 52 0 0 0 0 46 0 0 0 0 0 2 0 0 0 0 0 0 0 0 0 0 0 0 0 0 0 0 0 11 0 0 0 0 0 14 35 28 30 0 0 0 1 23 33 0 0 13 7 1 15 0 0 0 0 0 0 0 2 2 0 0 0 0 0 0 0 0 0 0 0 86 0 0 0 0 0 9 0 0 0 0 9 0 0 0 0 0 0 0 0 0 0 0 0 1 0 0 0 0 0 2 0 0 1 0 0 0 0 0 0 4 0 1 0 0 37 41 26 0 0 1 1 12 52 0 2 0 25 0 1 0 0 0 0 0 0 0 0 0 0 0 0 0 0 1 0 2 0 0 0 28 8 0 0 7 0 0 0 2 0 0 0 0 0 0 0 0 0 0 0 0 0 0 0 0 0 0 0 0 0 0 0 0 0 0 0 0 0 0 49 80 0 2 6 0 0 0 0 0 0 0 0 0 0 0 0 0 0 1 0 0 0 0 13 0 0 0 0 1 0 0 0 
 0 1 36 0 0 1 0 0 0 0 2 0 0 0 0 0 2 0 0 0 33 33 78 110 0 409 36 52 79 62 63 419 70 46 50 69 42 57 53 292 0 0 0 0 0 0 0 33 2 2 2 0 0 0 0 0 0 0 1 0 5 0 2 0 0 52 0 0 0 0 0 0 0 0 0 0 6 0 2 0 1 0 0 5 0 0 0 0 0 0 1 0 0 0 0 0 0 13 0 0 0 0 0 1 37 55 0 0 0 0 0 0 0 0 0 0 0 0 0 0 11 4 0 0 0 27 9 1 0 0 0 0 37 0 0 0 0 0 38 29 0 0 0 0 0 0 0 0 0 0 0 0 0 0 0 0 0 0 0 0 0 0 0 0 0 0 0 0 0 0 0 0 0 0 0 0 0 0 7 0 0 0 0 12 2 29 1 0 0 0 0 2 0 0 0 0 0 0 0 0 10 0 0 0 0 0 57 1 0 0 0 0 50 11 0 0 0 0 41 29 0 0 0 0 0 0 0 1 0 0 0 0 0 0 0 0 0 1 0 0 0 0 0 0 0 0 0 0 0 0 0 0 0 0 0 0 6 4 8 0 3 2 0 0 0 0 0 0 0 0 0 0 0 0 0 0 0 0 0 0 0 0 0 0 0 0 0 0 0 0 
 0 0 0 74 1 2 0 1 0 1 0 0 0 0 0 0 0 0 0 0 334 249 41 131 409 0 40 375 38 269 44 70 46 48 54 70 40 274 38 64 0 211 0 0 0 1 0 0 9 0 1 0 0 0 0 0 0 211 187 0 3 0 0 0 8 3 0 0 0 0 0 0 0 0 0 0 0 0 2 0 0 0 0 0 0 0 0 0 0 0 0 0 0 1 0 0 0 0 0 0 0 0 0 0 28 31 0 0 0 0 2 0 0 0 0 0 0 0 0 0 15 0 0 0 0 1 24 0 0 0 0 0 27 20 18 0 0 0 23 47 0 0 0 0 0 0 0 0 0 0 0 0 0 0 0 0 0 0 4 0 0 0 2 0 0 0 0 0 1 0 0 1 0 0 0 0 10 0 0 0 0 0 0 0 14 37 0 0 0 0 0 0 0 1 0 0 0 0 0 0 13 0 0 0 0 2 52 0 0 0 0 0 57 14 21 1 0 0 35 19 0 0 15 6 0 0 1 0 0 0 0 0 0 0 0 0 0 0 0 0 0 0 0 0 0 0 0 0 0 0 0 0 0 1 2 2 1 0 0 0 6 1 0 0 0 0 0 0 0 0 0 0 0 0 0 0 0 0 0 0 0 0 0 0 0 0 0 0 0 0 
 1 0 0 1 0 2 0 0 2 74 2 1 0 0 0 0 0 0 2 2 633 65 49 148 36 40 0 62 37 30 244 32 669 410 46 38 30 48 120 393 0 0 0 0 1 0 0 1 0 0 2 0 0 0 0 0 0 0 0 0 3 0 0 0 0 0 0 0 0 0 0 0 0 0 0 0 0 0 2 0 0 0 0 0 0 1 0 0 0 0 0 21 0 0 0 0 0 0 0 15 33 42 12 0 0 0 88 27 27 0 0 0 14 32 20 11 13 0 0 0 0 0 0 0 0 0 0 0 0 1 0 0 0 0 22 0 0 0 0 1 1 0 0 0 1 0 0 0 0 0 0 0 0 0 0 0 0 0 0 5 0 0 0 0 0 0 0 0 0 0 0 2 0 0 0 0 0 0 0 0 32 35 0 0 0 0 18 27 7 0 0 0 0 32 37 0 37 1 21 6 0 0 0 0 0 0 1 0 0 2 0 0 0 0 0 0 0 0 0 0 0 0 0 0 0 2 0 0 0 0 0 0 0 0 42 0 0 0 0 0 0 0 0 0 0 1 0 0 0 0 0 0 0 0 4 0 0 0 0 3 1 0 0 0 0 0 0 0 0 0 0 0 0 0 0 0 0 2 0 0 0 0 0 0 0 18 0 0 0 0 
 40 0 0 0 0 1 0 3 2 0 2 1 0 0 0 104 3 0 0 0 475 467 90 71 52 375 62 0 266 21 26 47 127 595 235 39 18 41 52 59 0 0 0 0 1 0 63 0 0 0 1 0 0 0 64 0 0 0 0 0 3 0 0 0 0 2 0 0 0 0 0 1 0 0 0 0 0 0 2 0 0 0 0 0 0 0 0 0 0 0 0 0 0 0 0 0 0 0 0 0 0 27 28 3 1 0 0 45 61 72 0 0 0 1 26 20 44 15 0 0 0 0 0 0 0 0 0 0 0 1 0 0 0 0 0 0 0 0 0 1 1 0 0 0 1 0 0 0 0 0 0 8 0 0 0 0 0 0 0 2 0 0 0 0 0 0 4 0 0 2 0 0 0 0 0 0 0 0 0 0 24 43 43 8 0 0 3 23 48 10 25 0 0 1 2 22 12 53 0 0 0 0 0 0 0 0 1 0 0 2 0 0 0 0 0 0 0 0 0 0 0 0 0 0 0 2 0 0 0 0 0 0 0 0 0 0 0 0 0 0 0 0 19 0 0 1 0 0 0 0 0 0 0 0 1 0 0 0 0 2 9 0 0 0 0 0 13 0 0 0 0 0 0 0 0 0 0 2 0 0 0 0 0 9 0 0 11 0 0 0 
 0 0 0 0 0 1 0 0 0 0 0 0 0 1 3 0 1 0 0 0 44 319 288 63 79 38 37 266 0 154 29 33 112 77 246 248 336 188 74 63 0 0 0 2 2 4 0 0 1 0 1 0 0 4 0 0 0 0 0 0 3 0 2 0 2 3 0 2 0 0 0 0 0 0 0 0 0 0 2 0 0 0 0 0 0 0 0 2 0 0 0 0 0 0 2 0 0 0 0 0 0 0 45 39 0 0 0 14 18 41 35 15 0 2 6 23 28 41 0 0 0 2 0 0 0 0 0 0 0 0 0 0 0 0 0 0 0 0 1 0 0 0 0 0 10 0 0 0 0 0 0 0 0 0 0 0 0 0 0 0 0 0 0 1 0 0 0 0 0 3 0 0 0 0 0 0 3 0 1 0 6 0 28 24 29 0 0 13 30 61 36 0 0 0 0 62 19 26 0 0 0 0 1 0 0 0 0 1 0 0 0 0 0 0 0 0 0 0 0 0 0 0 0 0 0 0 0 0 0 0 0 0 0 0 9 0 0 0 0 0 0 0 18 0 0 0 0 0 0 0 0 0 0 0 3 5 1 1 78 0 13 11 0 2 0 0 8 0 0 0 0 0 0 0 0 0 0 0 0 0 0 21 0 0 2 0 6 0 0 0 
 2 1 1 0 0 2 1 1 2 1 0 0 2 2 1 1 1 1 1 2 45 78 273 530 62 269 30 21 154 0 303 257 40 292 281 590 452 517 49 88 0 0 0 0 2 0 0 1 0 0 2 0 0 0 0 0 0 0 0 0 3 0 0 0 0 0 0 0 0 0 0 0 0 2 0 0 0 0 2 0 0 0 0 0 0 0 0 0 0 0 0 0 0 0 0 0 0 0 0 0 0 0 0 25 27 0 0 0 0 0 8 36 0 0 0 10 0 13 0 0 0 0 0 0 0 0 0 0 0 0 0 9 1 0 0 0 0 0 0 0 0 0 0 0 20 0 0 0 0 0 0 0 0 0 0 0 0 0 0 0 0 0 0 0 0 0 0 0 0 0 0 0 0 0 0 0 8 0 3 0 0 1 0 25 14 0 0 0 0 8 14 39 0 0 0 19 0 1 0 0 0 0 0 0 0 0 0 0 0 0 0 0 0 0 0 19 0 0 0 0 0 0 0 12 0 0 0 0 0 0 0 0 0 0 0 0 0 0 0 0 0 0 0 0 0 0 0 0 0 0 0 0 0 0 0 2 0 151 73 0 2 9 0 0 0 0 0 0 0 0 0 0 0 0 0 0 0 0 0 0 0 20 0 0 0 0 0 0 0 1 
 0 0 0 1 0 1 0 7 4 0 2 0 0 0 0 3 0 0 0 3 38 18 108 214 63 44 244 26 29 303 0 357 12 68 77 312 188 344 24 51 0 0 0 0 4 3 0 0 0 0 1 3 0 0 0 0 0 4 7 0 5 0 0 0 0 3 0 0 0 65 0 1 0 6 0 2 0 0 2 0 0 0 0 0 0 0 0 14 0 0 0 0 0 0 1 0 0 0 0 0 0 0 0 27 38 38 0 21 71 1 14 59 0 1 0 7 0 16 0 0 0 1 0 0 0 0 0 0 0 0 0 0 0 0 0 0 0 0 45 11 3 4 0 0 9 0 1 3 1 1 0 0 0 3 3 0 0 0 0 1 0 0 0 0 0 0 0 0 0 0 0 0 0 0 0 0 0 0 6 0 0 0 0 37 36 44 0 0 0 0 15 67 0 0 0 25 0 0 18 2 3 0 2 0 0 0 5 0 0 0 0 0 9 0 0 0 0 0 51 13 0 0 0 0 0 0 0 0 0 0 0 2 0 0 0 0 0 0 0 0 0 0 0 0 0 0 0 0 0 0 0 0 0 0 9 0 0 54 52 1 1 0 0 0 0 0 0 0 0 0 0 0 0 0 0 0 0 0 0 0 0 38 0 0 0 0 0 0 0 0 
 0 0 0 0 2 2 45 0 0 0 0 1 0 0 2 0 0 0 0 0 235 30 29 353 419 70 32 47 33 257 357 0 47 31 24 21 45 72 26 49 0 0 0 3 4 0 0 2 8 4 4 0 3 1 0 0 0 0 8 0 9 0 3 0 0 1 0 0 5 0 0 1 2 2 0 1 5 0 2 0 0 0 0 0 0 0 0 0 0 0 0 0 0 0 0 0 0 19 0 0 0 0 0 15 46 37 0 0 0 0 0 3 0 0 0 3 0 0 0 0 5 0 0 0 0 0 9 0 0 0 0 0 26 0 2 0 0 0 25 17 0 0 0 0 0 0 16 0 0 0 0 0 0 0 0 0 2 0 1 0 0 0 0 0 0 0 0 0 0 0 0 0 0 0 0 0 0 0 6 0 0 0 0 15 22 53 1 0 0 0 0 43 0 0 0 0 0 0 0 0 1 0 0 1 0 0 24 0 0 0 0 0 38 0 0 0 0 0 45 8 0 0 0 0 0 0 25 0 0 0 0 0 0 0 0 0 0 1 0 0 0 0 0 0 0 0 0 0 0 0 0 0 0 0 6 1 0 189 148 0 4 2 0 0 0 0 0 0 0 0 0 0 0 0 0 0 0 0 0 0 0 0 0 0 0 0 0 0 0 0 
 0 0 2 0 1 3 0 3 0 0 0 1 0 0 0 0 0 0 0 1 84 56 69 88 70 46 669 127 112 40 12 47 0 297 258 26 250 242 419 232 0 100 0 0 2 0 67 0 0 0 1 0 1 0 0 0 0 0 0 0 3 52 0 0 0 0 0 0 0 0 1 0 1 0 0 0 13 0 2 0 0 1 0 0 3 15 0 0 0 0 0 0 0 0 0 0 0 0 1 0 52 10 0 2 0 0 43 21 0 1 0 0 11 36 12 7 20 0 8 11 0 0 0 0 0 0 1 0 0 0 0 0 0 0 0 0 0 0 0 0 0 0 0 12 0 0 0 0 0 0 0 0 0 0 0 0 0 0 0 4 2 17 0 0 0 0 0 2 0 0 0 6 0 0 0 0 0 0 0 0 41 15 2 0 0 0 53 18 2 0 0 0 3 50 42 1 11 0 20 25 0 0 0 0 0 0 0 0 0 0 0 18 0 0 0 0 0 0 0 0 0 0 0 0 1 0 0 0 0 0 0 0 0 0 0 0 0 0 0 0 0 0 0 0 0 0 0 0 0 0 0 0 0 0 5 2 2 0 0 3 0 2 0 0 0 0 0 0 0 0 0 0 0 0 0 0 2 0 0 0 0 0 0 0 0 0 0 0 0 0 
 0 0 2 0 1 0 0 0 75 0 0 0 0 0 0 0 0 0 0 2 246 67 50 272 46 48 410 595 77 292 68 31 297 0 401 41 40 98 55 159 0 0 0 0 2 0 0 1 0 0 2 0 19 0 0 1 0 0 0 0 3 0 0 0 0 0 0 0 0 0 0 0 0 0 0 0 0 0 2 0 0 0 0 0 0 0 0 0 0 0 0 0 0 0 0 0 0 0 0 0 0 55 37 8 0 0 1 45 93 27 10 0 0 37 29 12 21 6 0 0 0 0 0 0 0 0 0 0 0 0 0 16 0 0 0 0 0 0 0 0 0 0 0 0 0 0 0 0 0 0 0 0 0 0 0 0 0 0 0 1 0 0 0 0 0 0 3 0 0 2 0 0 12 0 0 0 0 0 0 0 44 45 13 0 0 0 13 2 41 9 8 0 2 13 32 15 41 21 0 0 0 0 0 0 1 0 1 0 0 0 0 0 0 0 0 0 0 2 0 0 0 0 0 0 0 0 0 0 1 0 0 0 0 0 0 0 0 0 0 0 0 20 0 0 10 0 0 0 0 0 0 0 0 0 0 0 4 0 0 2 0 0 0 0 0 0 2 0 0 0 0 0 0 0 0 0 0 0 0 0 0 0 0 0 0 0 10 0 0 0 
 1 0 0 2 0 0 0 2 0 0 0 75 0 2 0 0 0 0 4 0 354 377 66 59 50 54 46 235 246 281 77 24 258 401 0 83 38 51 50 116 204 0 0 0 2 0 0 1 0 204 2 0 0 0 0 0 0 0 2 0 4 0 0 63 0 0 0 0 0 0 0 0 0 0 0 0 0 0 2 0 0 0 2 0 0 0 0 0 0 2 0 0 0 0 0 0 0 0 0 0 0 28 49 8 0 0 0 27 58 38 11 0 0 1 33 7 29 51 0 0 0 0 0 0 0 0 0 0 0 0 0 0 0 0 0 0 0 0 0 0 0 0 0 0 1 0 0 0 0 0 0 0 0 2 0 0 0 0 0 1 0 2 0 0 0 0 14 0 0 7 12 1 1 0 0 0 2 0 0 0 24 34 39 12 0 0 1 32 54 30 44 1 0 0 1 22 26 47 1 1 0 0 0 0 0 0 0 0 0 0 0 0 0 0 0 0 0 0 0 0 0 0 0 0 0 0 0 0 0 0 1 0 0 0 0 0 0 0 2 0 0 0 19 0 0 0 0 0 0 0 0 0 0 0 5 0 0 0 0 1 9 2 0 0 0 0 23 0 0 0 0 0 0 0 0 0 0 0 0 0 0 0 0 0 0 0 7 0 0 0 
 0 0 0 0 0 0 0 0 0 0 1 0 62 2 0 0 4 0 3 0 51 346 228 54 69 70 38 39 248 590 312 21 26 41 83 0 212 354 41 73 7 0 0 1 1 38 0 1 0 0 2 0 0 0 0 0 1 0 0 7 3 0 6 6 3 0 0 0 9 1 0 0 0 0 0 0 11 0 2 0 0 0 0 0 0 0 14 0 0 0 0 0 0 0 0 0 9 0 0 0 0 0 17 36 7 0 0 0 1 26 15 32 0 0 1 16 16 73 0 0 0 0 0 0 0 0 0 0 0 0 0 0 0 0 0 0 0 0 1 0 0 0 0 0 15 0 0 0 0 0 0 0 0 0 0 0 0 0 0 0 0 0 0 0 0 0 6 9 0 5 0 0 6 0 0 0 10 0 0 0 0 0 39 37 38 0 0 60 0 25 53 10 0 0 0 47 5 22 0 0 0 0 0 0 0 0 0 0 0 0 0 0 0 0 0 0 0 0 0 0 0 0 0 0 0 0 0 0 0 0 0 0 0 0 0 0 0 0 0 0 0 0 26 0 0 0 0 0 0 0 0 0 0 0 0 0 1 2 2 0 9 8 31 0 0 0 13 0 0 0 0 0 0 7 0 0 0 0 0 0 0 61 0 0 0 0 0 0 0 4 
 3 3 3 3 4 4 6 3 3 3 3 27 3 3 3 3 3 3 5 3 32 272 246 106 42 40 30 18 336 452 188 45 250 40 38 212 0 297 254 30 0 10 0 0 1 0 0 1 0 0 2 0 0 0 0 0 0 1 2 0 3 3 0 0 0 0 0 0 0 0 0 1 0 0 0 53 1 0 2 0 0 0 0 0 0 0 0 0 0 0 0 0 0 0 0 0 0 0 0 0 0 0 14 28 1 0 0 0 0 14 20 41 0 0 0 32 19 35 0 0 0 0 0 0 0 0 0 0 0 0 0 0 0 0 0 0 0 0 0 0 0 0 0 0 9 0 0 0 0 0 0 0 0 0 0 0 0 0 0 0 0 0 0 0 0 0 4 0 0 13 0 0 0 0 0 0 8 0 0 0 0 0 15 74 26 12 0 1 0 37 53 24 0 0 0 42 8 33 0 0 0 0 0 0 0 0 0 0 0 0 0 0 0 0 0 0 0 0 0 0 0 0 0 0 0 0 0 0 0 0 0 0 0 0 0 0 0 0 0 0 0 0 1 0 0 0 0 0 0 0 0 0 0 2 2 0 1 0 72 0 12 8 0 0 0 0 13 0 0 0 0 0 0 0 0 0 0 0 0 0 0 30 0 0 0 0 0 0 0 0 
 0 0 0 1 2 2 0 2 0 75 0 2 2 2 0 0 0 0 0 0 37 263 277 343 57 274 48 41 188 517 344 72 242 98 51 354 297 0 26 35 0 0 0 0 4 2 0 1 0 0 2 5 61 1 0 0 0 2 2 0 109 0 0 0 0 0 0 0 0 0 0 0 0 0 0 0 0 0 2 0 0 0 0 0 1 0 0 0 0 0 0 0 0 0 0 0 0 0 0 0 0 0 2 31 29 0 0 0 0 0 20 36 0 0 0 16 6 22 0 0 0 1 0 2 0 0 0 0 0 3 0 0 2 0 0 0 0 0 5 0 0 0 0 0 11 0 0 0 0 0 0 0 0 1 0 0 0 0 0 0 0 0 0 0 0 0 0 0 0 0 0 0 10 0 1 2 1 0 6 0 0 0 0 40 17 37 0 0 0 21 24 54 0 0 1 17 7 0 0 0 0 0 0 0 0 0 0 0 0 0 0 0 0 0 0 0 0 0 0 0 0 0 0 0 0 0 0 0 3 0 2 0 0 0 0 0 0 0 0 0 0 0 0 0 0 0 0 0 0 0 0 0 3 0 2 0 8 146 151 0 6 10 0 0 0 0 0 0 0 0 0 0 0 0 0 0 0 0 0 0 0 71 0 0 0 0 0 0 0 17 
 4 5 2 2 2 228 2 2 4 2 2 5 2 3 2 2 8 2 5 4 36 40 31 60 53 38 120 52 74 49 24 26 419 55 50 41 254 26 0 327 0 0 0 0 0 0 1 1 50 32 2 0 0 0 0 0 0 1 0 0 3 0 0 0 0 0 0 0 0 0 56 0 0 0 0 0 4 1 2 53 0 0 0 17 10 31 0 0 20 0 0 0 0 0 0 0 0 0 0 0 54 2 3 0 0 0 78 9 0 0 0 0 21 11 11 0 0 0 49 0 0 0 0 0 0 0 0 0 0 12 0 0 0 0 0 0 1 0 0 0 1 0 0 0 1 19 0 0 0 0 0 0 0 0 0 0 0 0 0 12 13 0 0 0 0 0 0 0 0 0 1 10 0 0 0 0 0 0 0 0 30 0 0 0 0 18 22 23 1 0 0 0 48 32 14 0 0 0 46 33 0 0 0 0 0 0 0 0 0 2 0 22 0 0 0 0 0 0 0 0 0 0 0 0 0 2 0 0 0 0 0 0 0 14 0 0 0 15 0 0 0 0 0 0 0 0 0 0 0 0 0 0 0 0 8 1 0 0 0 0 1 0 0 0 0 0 0 0 0 0 0 0 0 0 0 0 0 0 0 0 0 0 0 0 0 0 0 0 0 0 
 3 3 5 3 3 8 3 3 5 3 3 3 3 3 3 3 27 3 5 6 125 256 205 189 292 64 393 59 63 88 51 49 232 159 116 73 30 35 327 0 0 2 1 2 2 2 0 1 2 0 2 0 0 2 0 0 1 0 0 0 3 0 0 0 0 2 0 1 0 0 0 2 0 0 0 0 0 28 2 2 0 0 0 0 0 22 0 0 0 0 0 0 0 15 0 0 0 0 0 0 43 10 0 0 0 0 43 32 11 0 0 1 33 69 11 11 76 0 1 0 0 0 0 0 2 0 0 0 0 0 0 0 0 0 0 0 0 2 9 0 0 0 0 0 0 0 0 0 0 2 0 0 0 0 0 0 0 0 0 28 0 0 8 0 2 0 0 0 0 0 0 10 0 0 0 0 0 0 0 0 39 28 0 0 0 0 62 35 0 0 1 0 1 41 43 0 12 0 13 18 0 0 0 0 0 0 0 0 0 0 0 0 0 0 0 0 0 0 0 0 0 0 0 0 0 0 4 0 0 0 0 0 0 0 0 0 0 0 0 0 0 0 0 0 0 1 0 0 11 0 0 0 0 0 2 0 3 0 0 3 2 0 0 0 0 0 0 0 0 0 0 0 0 16 0 0 0 0 0 0 0 0 0 0 0 0 0 0 0 0 
 2 2 2 3 2 4 4 2 2 2 2 3 2 2 2 2 2 2 2 2 0 0 0 0 0 0 0 0 0 0 0 0 0 0 204 7 0 0 0 0 0 105 78 265 249 52 291 270 59 238 63 242 107 116 226 39 154 41 257 72 0 0 0 0 0 0 0 1 0 0 0 0 0 0 0 0 0 2 0 0 0 0 0 0 0 0 0 0 0 0 0 0 0 0 0 0 0 0 0 0 0 0 0 0 0 0 0 0 0 0 0 0 11 0 0 0 0 3 0 0 21 30 26 48 5 19 0 17 51 10 11 0 0 0 30 25 14 24 0 0 0 0 0 0 4 0 0 0 0 0 0 0 7 0 0 4 0 0 0 0 0 0 3 19 0 0 0 0 0 0 0 0 0 0 0 0 0 0 0 0 0 0 0 0 0 0 0 0 0 0 0 0 0 0 0 0 0 0 0 0 11 55 1 4 2 9 0 32 57 22 10 11 0 0 14 35 31 10 0 0 0 0 0 0 0 0 11 0 0 0 14 0 0 0 0 0 2 0 0 0 0 0 0 0 0 0 0 0 0 0 0 7 0 2 0 0 1 0 0 0 0 0 1 0 2 2 2 0 0 0 0 0 2 0 0 0 0 0 0 0 0 0 5 0 9 14 0 0 2 0 
 0 0 3 0 0 2 0 3 0 0 0 0 0 0 0 0 0 0 0 0 0 0 0 0 0 211 0 0 0 0 0 0 100 0 0 0 10 0 0 2 105 0 293 91 247 21 44 279 238 69 70 22 71 36 235 249 209 272 42 55 0 8 0 0 0 0 0 0 1 0 0 0 0 0 0 0 0 0 0 1 0 30 0 0 0 3 0 0 0 0 0 0 0 0 0 0 0 0 0 0 0 0 0 0 0 0 0 0 0 0 0 0 0 0 0 0 0 0 0 0 8 36 32 48 0 0 0 4 55 53 9 26 0 10 9 36 40 14 0 0 0 0 6 0 0 0 0 0 11 0 0 4 0 0 0 0 0 0 0 0 0 0 1 0 0 0 0 0 0 0 0 0 0 0 0 0 0 0 0 0 0 0 0 0 0 0 0 0 0 0 0 0 0 0 0 0 0 0 0 0 0 41 38 28 0 0 0 0 16 25 53 2 0 8 0 14 58 32 0 0 0 0 0 0 0 0 0 0 0 0 0 0 0 0 0 0 0 0 0 0 0 0 0 0 0 2 0 0 0 0 0 5 0 1 2 0 0 1 2 0 0 0 0 0 2 20 0 0 0 0 9 0 0 0 0 0 0 0 0 0 0 3 0 0 11 11 0 0 0 0 
 2 0 13 0 0 1 1 0 0 0 0 5 64 0 0 0 0 0 0 0 0 0 0 0 0 0 0 0 0 0 0 0 0 0 0 0 0 0 0 1 78 293 0 80 42 236 60 124 121 263 66 39 80 40 45 169 166 241 16 38 0 14 4 0 13 0 0 1 0 0 0 0 0 0 0 0 0 0 0 0 0 0 0 0 0 0 0 0 0 0 0 0 0 0 0 0 0 0 0 0 0 0 0 0 0 0 0 0 0 0 0 0 0 0 0 0 0 0 0 0 2 13 1 19 8 0 0 1 1 16 12 24 0 0 0 22 30 37 0 0 0 0 24 0 0 0 7 0 0 0 0 14 0 0 0 0 0 0 0 0 0 0 0 0 0 0 0 0 0 0 0 0 0 0 0 0 0 0 0 0 0 0 0 0 0 0 0 0 0 0 0 0 0 0 0 0 0 0 0 0 0 0 25 9 0 0 0 0 0 30 59 51 0 0 0 0 10 22 0 0 0 0 0 0 0 0 0 0 0 0 0 0 0 0 0 0 0 1 10 0 0 0 9 0 0 0 0 0 0 0 0 6 0 0 0 0 0 0 0 2 0 0 1 4 0 42 0 1 0 0 26 0 0 0 0 0 0 0 0 0 0 0 0 0 10 16 0 0 2 12 
 0 0 0 0 0 0 2 3 0 0 0 0 0 0 2 0 0 0 0 0 0 1 0 0 0 0 0 0 2 0 0 3 0 0 0 1 0 0 0 2 265 91 80 0 104 28 58 295 304 303 110 287 60 480 66 67 176 215 97 57 3 1 3 0 1 0 0 0 0 0 0 0 0 0 0 2 0 0 0 0 0 0 0 0 0 0 0 0 0 0 0 0 0 0 0 0 0 0 0 0 0 0 0 4 26 0 0 0 0 0 0 0 0 0 0 0 0 0 0 0 0 0 1 5 34 24 0 0 0 2 30 8 0 0 0 8 1 10 0 0 0 0 0 0 0 0 0 0 4 0 0 16 0 0 0 0 0 0 0 0 0 0 0 0 0 0 0 0 0 0 2 0 0 0 0 0 0 0 0 0 0 1 0 0 0 0 0 0 0 0 0 0 0 0 0 0 0 0 0 0 11 0 3 7 28 23 0 0 0 5 13 46 0 11 0 1 1 4 0 0 0 0 0 0 11 0 0 0 0 13 0 0 11 0 0 0 0 0 10 14 0 0 22 0 0 0 0 1 0 0 0 0 0 0 0 0 1 0 0 17 0 0 16 44 0 2 4 36 2 0 0 0 0 0 0 0 0 0 0 0 0 0 42 0 7 0 0 0 2 0 
 7 2 0 0 0 2 1 0 0 2 0 2 2 2 0 0 2 2 7 2 2 2 2 1 0 0 1 1 2 2 4 4 2 2 2 1 1 4 0 2 249 247 42 104 0 413 267 70 290 140 92 179 76 66 71 103 50 84 103 275 0 0 0 0 0 0 0 0 5 0 0 0 8 0 0 0 0 0 0 0 0 0 0 0 0 0 0 0 0 0 0 0 0 0 0 0 0 0 0 0 0 0 0 21 0 0 0 0 0 0 0 0 0 0 0 0 0 67 0 0 0 0 3 0 18 40 0 0 2 7 0 0 0 0 0 0 0 0 2 0 17 0 0 0 0 0 55 0 0 0 0 0 11 1 0 0 0 0 2 23 0 0 0 0 0 0 0 0 0 0 3 0 0 0 0 0 0 0 0 0 0 0 0 0 0 0 0 0 0 0 0 0 0 0 0 0 0 0 0 0 0 0 0 0 15 18 0 0 0 0 0 0 0 9 0 0 0 0 0 0 2 0 0 0 0 0 13 1 0 10 0 0 57 3 0 0 0 0 7 24 0 0 0 0 0 0 0 0 0 0 0 3 0 0 0 0 0 1 0 2 0 16 2 1 0 3 2 1 0 0 0 0 0 0 0 0 0 0 0 0 0 0 0 0 0 0 0 0 2 2 
 0 3 1 0 0 2 0 0 0 0 0 0 0 0 3 0 0 1 2 0 0 2 0 0 0 1 0 0 4 0 3 0 0 0 0 38 0 2 0 2 52 21 236 28 413 0 27 42 81 51 73 233 119 42 65 78 60 50 52 41 0 0 0 0 0 0 1 0 0 0 0 0 6 0 0 7 0 0 102 1 0 0 0 0 0 13 0 0 0 0 0 0 0 0 0 0 11 0 0 0 0 0 0 0 0 0 0 0 0 0 0 0 0 0 0 0 0 0 0 48 0 0 0 0 7 23 3 1 1 0 0 0 0 0 3 0 0 0 0 0 14 4 0 0 0 0 21 1 0 0 0 0 33 12 0 0 0 0 7 35 26 0 0 0 0 0 0 11 0 0 11 0 0 0 0 0 8 0 0 0 0 0 7 0 0 0 0 0 0 0 0 0 0 0 0 0 0 0 0 0 0 1 0 0 7 4 0 5 6 0 0 0 0 0 6 0 0 0 0 0 39 1 0 0 0 0 25 20 0 0 18 0 6 71 32 0 0 0 31 65 0 0 0 0 0 0 0 0 0 0 0 4 0 0 0 0 0 0 0 0 0 0 0 0 4 5 1 0 0 0 0 0 0 0 0 0 0 0 0 0 0 0 0 0 0 0 0 0 2 9 
 2 5 0 1 5 7 0 0 0 0 0 0 0 0 0 4 0 0 4 0 0 0 0 0 0 0 0 63 0 0 0 0 67 0 0 0 0 0 1 0 291 44 60 58 267 27 0 56 38 35 38 37 290 267 51 41 88 33 43 253 0 1 23 4 25 0 0 3 54 0 2 0 0 0 0 0 0 4 0 0 0 0 0 1 0 2 0 0 0 0 1 0 0 0 0 0 0 0 0 0 0 0 0 0 0 0 3 3 0 10 0 0 5 1 0 0 4 0 16 7 26 1 1 1 0 0 14 14 10 31 0 1 0 7 12 2 0 24 0 32 0 0 27 0 0 0 0 0 0 0 0 0 7 0 20 0 0 0 0 0 0 8 0 0 6 0 0 0 0 0 0 0 0 0 0 0 0 0 0 0 0 0 0 0 0 0 1 0 13 0 0 0 65 1 0 0 0 0 26 1 54 39 10 0 0 0 0 53 59 28 1 5 0 8 37 26 0 0 0 7 0 0 0 0 0 0 0 0 6 0 0 0 0 0 0 0 0 0 0 0 0 0 0 0 0 0 0 0 0 0 0 15 0 2 0 0 0 0 0 0 0 0 0 0 0 2 0 0 2 0 0 0 0 0 0 0 0 0 0 0 0 0 0 0 0 0 0 0 2 0 
 2 4 0 0 0 29 0 0 0 0 0 0 0 0 0 3 8 0 4 0 0 1 2 1 33 0 1 0 0 1 0 2 0 1 1 1 1 1 1 1 270 279 124 295 70 42 56 0 343 25 259 51 118 348 65 481 275 38 65 61 0 211 0 1 0 0 0 0 0 0 0 0 0 0 0 0 1 10 0 0 0 0 0 0 0 0 5 0 0 0 0 0 0 0 0 0 0 0 0 0 0 0 0 0 0 0 0 0 0 0 0 0 0 3 0 0 0 0 0 0 8 71 25 20 5 4 0 0 28 46 14 15 0 0 29 93 26 60 0 1 2 0 5 0 5 0 0 0 0 0 0 3 5 0 0 0 0 0 1 0 0 0 5 0 0 0 0 0 0 0 0 0 0 0 0 0 0 0 0 0 0 0 0 0 0 0 0 0 0 0 0 0 0 0 0 0 0 0 0 0 1 12 41 3 1 5 0 43 27 19 23 3 0 1 0 16 15 53 0 0 0 0 0 0 0 0 2 1 3 0 0 0 2 0 0 0 0 0 0 0 0 0 1 0 0 0 0 0 0 0 0 11 0 0 0 0 0 0 0 0 0 0 0 0 0 4 2 0 2 0 0 0 0 0 0 0 0 0 0 0 0 0 2 0 18 19 0 0 2 0 
 3 5 3 3 3 3 3 3 3 3 3 3 3 3 3 3 3 3 5 3 0 0 2 7 2 9 0 0 1 0 0 8 0 0 0 0 0 0 50 2 59 238 121 304 290 81 38 343 0 304 285 40 94 307 92 135 324 217 109 46 0 239 0 0 0 0 0 1 0 0 0 0 0 0 0 1 3 0 0 0 0 16 0 14 0 0 0 0 0 0 0 0 0 0 0 0 0 0 0 0 0 0 0 0 5 4 0 0 0 20 0 0 0 0 0 0 0 0 0 0 11 13 1 36 7 0 2 1 1 20 10 24 4 0 0 23 37 35 3 3 0 0 7 2 0 1 0 0 0 15 0 39 0 21 0 0 0 0 0 0 0 0 0 0 0 0 0 0 0 0 0 0 0 14 0 0 0 0 0 0 0 0 0 0 0 0 0 0 0 0 0 0 0 0 0 0 0 0 0 0 9 0 34 8 0 0 3 3 0 31 75 98 3 0 7 0 10 22 19 6 0 0 0 0 0 0 0 0 0 0 0 0 0 0 0 0 0 0 10 0 0 0 7 0 0 0 0 0 0 0 0 1 0 1 0 0 0 0 0 1 0 0 3 1 0 4 2 1 1 0 40 0 0 0 0 0 0 0 0 0 0 0 0 0 10 0 0 0 0 0 
 0 0 0 0 0 11 6 0 0 0 0 0 0 0 0 0 0 0 0 0 0 1 2 0 2 0 0 0 0 0 0 4 0 0 204 0 0 0 32 0 238 69 263 303 140 51 35 25 304 0 313 60 46 64 89 277 151 121 280 74 0 3 0 0 0 0 0 0 0 0 45 0 0 51 0 0 2 3 0 51 0 0 0 0 0 0 0 0 7 0 0 0 0 0 0 0 0 0 0 0 0 0 17 0 0 0 0 0 0 0 4 0 0 0 0 0 0 0 0 0 0 2 4 28 29 41 0 8 6 25 11 18 14 2 0 3 37 4 0 0 0 0 1 0 1 0 0 0 1 0 0 5 1 0 0 0 0 0 0 0 0 0 0 0 0 0 0 0 0 0 0 0 0 0 0 0 0 0 0 0 0 0 0 0 1 10 0 0 0 0 0 0 0 0 0 0 0 0 0 0 0 4 16 41 25 0 0 1 0 47 21 28 0 2 0 5 5 5 0 0 0 0 0 0 0 0 0 0 0 0 0 0 2 10 0 0 11 0 23 0 0 0 8 0 0 0 0 0 0 0 0 10 0 0 0 0 0 0 0 21 0 29 64 64 0 10 0 70 0 0 19 0 0 0 2 0 0 0 0 0 0 0 0 0 0 0 0 0 0 0 
 0 0 2 0 0 0 0 0 0 0 0 0 0 0 0 0 39 0 0 0 1 2 3 2 2 1 2 1 1 2 1 4 1 2 2 2 2 2 2 2 63 70 66 110 92 73 38 259 285 313 0 289 49 77 61 101 222 239 459 57 6 2 0 0 48 0 7 27 0 2 0 1 2 4 2 0 0 0 0 7 0 0 15 0 0 0 0 0 0 0 0 0 0 0 0 0 0 0 24 0 0 0 0 0 0 0 0 0 0 0 0 0 0 0 0 0 0 0 0 0 0 0 0 1 45 38 0 0 0 1 17 16 0 0 11 0 4 0 0 0 0 4 3 0 0 4 0 0 14 0 0 0 0 0 16 4 0 8 0 7 0 0 0 0 0 0 0 0 0 0 0 0 0 0 0 0 0 0 0 0 0 0 0 0 0 0 0 0 0 0 0 0 0 0 0 0 0 0 0 0 0 0 1 9 30 29 0 0 0 0 13 38 0 0 0 0 0 0 0 0 9 10 10 0 0 0 0 0 7 5 0 1 10 0 0 3 4 11 31 9 0 0 14 0 0 0 0 0 0 0 0 3 0 0 0 0 0 0 0 23 0 0 8 32 0 7 4 37 2 0 0 0 0 0 0 0 0 0 0 0 0 0 0 0 0 0 0 0 2 0 
 3 2 2 2 2 4 2 4 3 2 2 6 2 2 3 2 2 2 2 4 0 0 0 0 0 0 0 0 0 0 3 0 0 0 0 0 0 5 0 0 242 22 39 287 179 233 37 51 40 60 289 0 34 39 42 31 129 69 50 38 9 3 2 2 0 0 3 12 3 4 0 3 56 6 3 0 0 0 2 0 0 0 0 0 0 0 0 0 0 0 0 0 0 0 0 0 0 0 0 0 0 0 0 0 0 0 0 0 0 0 0 0 0 0 0 0 0 0 0 6 0 0 0 0 46 28 0 0 0 0 0 10 0 0 0 0 0 0 0 0 9 6 0 6 0 0 9 0 0 3 0 18 57 0 6 10 7 5 6 38 0 0 0 0 0 0 0 0 0 0 0 2 0 0 0 8 0 0 0 0 0 0 0 0 0 0 0 0 0 0 24 0 0 0 0 0 0 0 0 0 0 11 0 11 63 32 0 0 0 0 1 2 0 0 0 0 14 0 12 0 1 0 33 4 4 0 19 14 15 7 1 0 25 0 0 1 5 14 26 4 0 0 0 0 0 0 0 0 0 0 0 4 0 0 0 0 0 2 0 64 0 0 63 64 2 5 18 63 6 0 13 0 0 0 0 0 0 0 0 0 0 0 0 0 0 0 0 0 2 0 
 0 0 0 0 0 2 0 1 2 0 0 0 0 0 0 0 0 0 5 0 0 0 0 0 0 0 0 0 0 0 0 3 1 19 0 0 0 61 0 0 107 71 80 60 76 119 290 118 94 46 49 34 0 92 31 28 45 265 318 106 0 0 0 4 7 0 0 9 0 0 0 0 0 0 0 0 0 0 0 0 0 0 0 0 0 0 0 0 0 0 0 0 0 0 0 0 0 0 0 0 0 0 0 0 0 0 0 0 0 0 0 0 0 0 0 0 0 0 0 0 54 0 0 0 6 18 26 42 10 1 0 0 0 27 15 0 0 5 0 20 9 0 0 0 3 0 3 0 0 0 0 0 0 0 0 0 0 0 58 0 0 0 0 0 0 0 0 0 0 0 0 0 11 0 0 0 0 16 0 0 0 0 0 0 0 0 0 0 0 0 0 0 10 0 0 0 0 0 0 0 40 13 0 3 3 9 11 1 12 0 0 1 0 23 37 15 0 0 0 6 0 0 0 0 0 0 28 0 0 0 0 0 7 0 0 0 7 0 0 0 0 0 0 0 0 0 0 0 0 0 0 10 0 0 0 0 0 0 0 0 1 0 0 0 0 0 3 0 0 0 0 0 0 0 0 0 0 0 0 0 0 0 0 0 1 0 0 0 1 0 
 3 5 3 3 3 5 3 3 3 3 3 3 3 3 3 3 7 3 5 3 0 0 0 2 0 0 0 0 4 0 0 1 0 0 0 0 0 1 0 2 116 36 40 480 66 42 267 348 307 64 77 39 92 0 310 31 102 34 109 87 1 0 0 0 0 0 0 3 0 0 0 0 0 0 0 0 0 5 0 0 0 0 0 0 0 0 0 0 0 0 0 0 0 0 0 0 0 0 0 0 0 0 0 0 0 22 0 0 0 0 0 0 0 0 0 0 0 0 0 0 42 46 38 16 0 0 0 30 31 45 11 0 0 0 24 42 17 24 0 1 0 0 0 0 0 0 0 0 0 0 0 0 11 0 0 0 0 0 1 0 0 0 5 0 0 0 0 0 11 0 0 0 0 0 0 0 0 0 0 0 0 0 0 0 0 0 0 0 0 0 0 0 0 0 0 0 0 0 0 0 1 33 5 1 0 0 0 46 43 25 21 0 0 0 18 60 26 27 0 1 0 0 0 0 0 0 0 0 0 0 0 0 0 0 0 0 0 0 0 0 0 0 0 0 0 0 0 0 0 0 0 0 0 0 0 0 0 0 0 0 0 0 0 0 0 2 0 0 1 0 0 0 0 0 0 0 0 0 0 0 4 0 0 0 0 9 0 0 1 0 
 0 0 0 2 1 0 0 0 0 0 0 0 0 0 0 0 0 0 0 0 5 0 0 0 0 0 0 64 0 0 0 0 0 0 0 0 0 0 0 0 226 235 45 66 71 65 51 65 92 89 61 42 31 310 0 63 40 45 67 123 0 1 0 0 0 0 6 12 0 2 1 0 3 0 0 0 0 4 15 4 0 0 0 0 0 0 10 0 0 0 0 0 0 0 0 0 0 0 0 0 0 0 0 0 0 0 0 0 0 0 0 10 0 0 0 0 0 0 0 0 5 56 34 45 0 0 0 0 23 56 9 15 0 0 30 64 21 53 5 0 1 0 8 0 0 5 0 4 0 1 0 5 37 5 6 0 0 0 0 3 0 0 6 0 0 0 0 0 0 0 0 0 0 0 0 11 0 0 0 0 0 0 0 0 0 0 0 0 0 0 0 0 0 0 0 0 0 0 0 0 0 13 64 11 0 0 0 49 23 37 21 0 0 0 0 23 19 47 0 0 7 2 0 0 0 0 0 4 10 1 0 0 1 4 10 3 0 0 36 6 0 0 1 0 0 0 0 0 0 0 0 18 0 0 0 0 0 0 0 0 21 0 0 0 0 0 0 0 0 0 0 0 0 0 0 0 0 0 0 0 0 0 0 0 71 19 0 0 2 0 
 0 0 0 0 0 0 3 2 0 0 0 0 0 0 2 0 1 0 0 0 0 66 0 0 0 0 0 0 0 0 0 0 0 1 0 0 0 0 0 0 39 249 169 67 103 78 41 481 135 277 101 31 28 31 63 0 486 236 24 55 53 5 0 0 0 0 0 0 0 0 0 0 0 0 0 0 0 0 0 0 0 0 0 0 0 0 0 0 0 8 0 0 0 0 0 0 0 0 0 0 0 0 0 0 0 0 0 0 0 0 0 0 0 0 0 0 0 0 0 0 0 13 0 19 7 0 0 0 0 10 9 31 0 0 0 15 29 27 0 0 0 0 22 0 0 0 0 0 0 0 0 9 0 0 0 0 0 0 0 0 0 0 0 0 10 0 0 0 0 0 0 0 0 0 0 0 0 0 0 0 0 0 0 0 0 0 0 0 0 0 0 0 0 10 0 0 0 0 0 0 0 0 37 32 0 0 0 0 4 28 43 47 0 0 0 0 10 20 0 0 0 0 0 0 0 0 0 0 0 0 0 0 0 0 0 0 0 0 14 0 0 0 6 0 0 0 0 0 0 0 0 6 0 0 0 0 0 0 0 2 0 0 2 1 0 3 0 2 2 0 8 0 0 0 0 0 0 0 0 0 0 0 0 0 9 15 0 0 2 0 
 0 0 64 0 0 0 2 3 0 0 0 0 0 0 0 0 0 0 0 71 0 0 0 0 0 0 0 0 0 0 0 0 0 0 0 1 0 0 0 1 154 209 166 176 50 60 88 275 324 151 222 129 45 102 40 486 0 135 35 39 2 3 0 0 0 0 0 0 55 0 0 0 0 0 0 0 0 0 0 0 0 0 0 0 0 0 0 0 0 0 0 0 0 0 0 0 0 0 0 0 0 0 0 0 0 0 0 0 0 3 0 0 0 0 0 0 0 0 0 0 0 29 13 62 0 0 0 0 3 33 10 28 0 0 0 21 15 31 0 0 0 0 3 0 0 0 0 0 0 0 0 5 0 0 0 0 0 0 0 0 0 0 5 0 0 0 0 0 0 0 0 0 0 0 0 0 18 0 0 0 0 0 0 0 0 0 0 0 0 0 0 0 0 0 0 0 0 0 0 0 0 11 20 13 0 0 0 8 19 16 19 32 0 0 0 13 11 23 0 1 0 0 0 0 0 0 0 0 0 0 1 0 0 0 0 0 0 0 11 0 0 0 7 0 0 1 0 0 0 0 0 0 0 0 0 0 0 0 0 12 0 0 68 0 0 1 2 0 0 0 19 0 0 0 0 0 0 0 0 0 0 0 0 0 2 0 0 0 1 0 
 0 0 0 0 3 2 2 0 2 0 0 1 0 0 0 2 0 0 1 0 1 0 0 0 0 211 0 0 0 0 4 0 0 0 0 0 1 2 1 0 41 272 241 215 84 50 33 38 217 121 239 69 265 34 45 236 135 0 49 45 0 3 0 0 0 0 2 0 0 0 0 0 23 0 0 0 3 0 0 0 0 0 0 0 0 0 0 0 0 0 0 0 0 0 0 1 0 0 0 0 0 0 0 0 0 0 0 0 0 0 0 0 0 0 0 0 0 0 0 0 0 0 0 25 11 3 14 0 0 15 12 27 0 0 0 0 24 0 0 0 0 0 3 0 0 0 0 0 0 0 0 6 0 0 0 0 0 0 0 0 0 0 0 0 0 0 0 0 0 0 0 0 0 0 0 0 0 0 0 0 0 5 0 0 0 0 0 0 0 0 0 0 0 13 0 0 0 0 0 0 0 0 13 34 13 2 0 0 0 22 34 39 0 0 0 0 0 34 0 0 0 0 0 0 0 0 0 0 0 0 7 0 19 0 0 0 0 0 13 0 0 0 9 0 0 0 0 0 0 0 0 1 0 0 0 0 0 0 0 12 0 29 61 65 0 8 0 64 2 0 20 0 0 0 0 0 0 0 0 0 0 0 0 0 1 0 0 0 0 0 
 0 0 3 0 0 0 0 2 0 0 0 0 0 0 0 0 1 0 0 72 0 0 0 5 1 187 0 0 0 0 7 8 0 0 2 0 2 2 0 0 257 42 16 97 103 52 43 65 109 280 459 50 318 109 67 24 35 49 0 329 0 0 0 2 3 4 0 1 0 0 0 0 0 0 0 0 35 0 0 0 0 0 0 0 0 0 0 0 0 0 0 0 0 0 0 0 0 0 0 0 0 0 0 7 0 0 0 0 0 0 1 0 0 0 0 0 0 3 0 3 21 0 0 0 0 0 37 13 18 1 0 0 3 30 12 0 0 0 12 38 0 0 0 5 0 0 1 0 0 0 0 0 0 0 0 0 0 0 5 11 0 0 0 0 0 0 0 0 0 0 0 0 0 0 0 0 0 0 0 0 0 0 0 3 11 5 0 0 0 0 0 3 0 0 0 3 0 19 0 0 51 0 0 0 0 0 75 0 0 0 0 0 36 19 37 1 0 0 0 8 0 0 0 0 19 0 0 0 0 0 0 0 0 0 0 0 0 0 0 0 0 0 0 0 0 0 0 0 0 0 0 2 0 2 0 0 0 0 31 2 0 0 0 0 2 2 2 0 0 0 0 0 0 0 0 2 0 0 0 0 0 0 0 0 0 0 0 0 0 0 
 2 2 2 2 2 4 7 2 32 2 2 2 2 2 2 2 2 2 2 2 0 0 0 0 0 0 0 0 0 0 0 0 0 0 0 7 0 0 0 0 72 55 38 57 275 41 253 61 46 74 57 38 106 87 123 55 39 45 329 0 0 6 6 5 4 7 0 5 25 0 0 0 0 0 5 5 3 0 0 0 0 0 0 0 0 0 0 0 0 0 0 0 0 0 0 0 0 0 0 0 0 0 0 0 0 0 0 0 0 0 0 1 0 0 0 0 0 0 0 0 13 0 0 0 0 0 19 24 17 0 0 0 0 30 18 0 0 0 1 35 0 6 0 5 0 0 0 0 0 3 6 6 0 0 0 6 7 0 1 10 0 0 0 0 0 0 0 0 0 0 0 0 0 0 0 7 1 0 0 0 0 0 0 0 0 0 0 0 0 0 0 0 0 0 0 0 0 0 0 0 54 12 0 0 0 0 16 4 7 0 0 0 1 9 32 11 0 0 0 8 0 0 5 3 8 0 0 0 0 6 5 0 0 0 0 10 6 0 0 0 0 0 0 0 0 0 0 0 0 0 0 13 0 0 0 0 0 0 0 0 0 0 0 0 0 0 6 0 0 0 7 0 0 0 0 0 0 0 0 0 0 0 0 0 0 0 0 0 0 0 
 0 0 0 0 0 0 0 0 0 0 0 0 0 0 0 0 0 0 0 0 3 3 3 8 5 3 3 3 3 3 5 9 3 3 4 3 3 109 3 3 0 0 0 3 0 0 0 0 0 0 6 9 0 1 0 53 2 0 0 0 0 88 121 97 32 57 273 233 22 257 36 24 70 102 234 37 34 24 24 164 0 0 0 0 0 0 0 0 0 0 0 0 0 0 0 0 0 0 0 0 0 0 0 3 2 6 0 7 0 0 0 0 0 0 0 0 0 0 0 0 0 0 0 0 0 0 0 0 0 0 0 0 12 0 0 0 0 0 3 0 0 17 26 3 0 22 9 9 4 15 0 0 0 1 11 9 10 14 0 0 0 0 0 0 0 0 0 0 0 0 0 0 6 0 0 0 0 0 0 0 0 0 0 2 2 6 0 0 10 1 0 0 0 0 0 0 0 0 0 0 0 0 0 0 0 0 0 0 0 0 0 0 8 0 0 0 0 0 4 6 0 28 27 23 0 0 0 9 15 29 8 0 0 16 10 18 27 14 18 0 0 0 0 0 0 0 0 0 0 0 0 0 0 0 9 0 0 3 0 0 0 0 0 0 0 0 0 0 0 0 4 2 0 1 0 1 0 0 0 0 0 0 0 0 0 0 0 0 0 0 
 1 0 0 0 0 0 0 0 0 69 0 0 0 0 0 0 0 0 0 0 0 0 0 0 0 0 0 0 0 0 0 0 52 0 0 0 3 0 0 0 0 8 14 1 0 0 1 211 239 3 2 3 0 0 1 5 3 3 0 6 88 0 243 67 43 55 64 213 175 55 84 257 75 100 457 226 93 57 44 40 0 14 0 0 17 0 0 0 0 0 0 0 0 0 0 0 0 0 0 0 0 0 0 0 0 0 0 0 0 0 0 0 0 0 0 0 0 0 0 0 2 9 1 5 0 0 0 1 25 0 6 7 0 0 0 6 1 9 0 0 0 17 6 14 0 0 0 9 5 15 17 5 0 0 9 14 1 0 0 0 20 0 0 0 0 0 0 0 0 0 0 0 0 0 0 0 0 0 0 0 0 0 0 0 0 0 0 0 0 0 0 0 0 0 0 0 0 0 0 0 0 0 4 4 0 0 0 0 0 5 1 8 0 0 3 0 0 13 0 0 0 0 28 22 9 0 0 0 0 23 36 0 0 0 0 0 32 0 6 0 8 0 8 0 0 0 0 0 0 0 0 0 0 0 10 0 0 0 0 0 0 0 0 0 0 0 22 0 0 0 14 0 0 8 1 0 0 0 0 0 0 0 0 0 0 0 0 0 0 0 
