 0 117 71 69 38 257 563 336 241 45 24 139 256 160 401 40 22 34 258 155 0 0 2 0 0 4 0 0 204 0 0 0 3 0 0 0 203 0 0 0 0 0 0 0 0 2 0 0 0 0 2 4 0 0 0 0 2 2 0 0 0 0 0 0 3 0 0 3 2 2 3 0 0 2 0 0 3 0 3 3 14 80 31 0 0 1 23 49 0 0 0 0 1 38 29 20 15 0 2 1 0 0 0 0 0 16 1 0 0 0 0 0 2 0 0 0 0 0 0 0 11 0 0 1 0 2 0 0 0 0 0 0 0 0 0 0 0 0 0 0 0 0 0 0 0 15 0 0 0 0 0 0 0 0 4 0 2 0 0 0 25 26 17 17 0 1 9 16 26 0 0 0 1 23 41 37 0 17 0 18 1 0 0 0 0 0 0 0 0 0 0 0 0 0 0 0 0 0 0 0 0 0 0 0 0 0 0 0 0 11 0 0 0 21 0 0 0 0 0 0 0 0 2 0 0 0 0 0 0 0 0 0 0 0 0 0 0 0 0 0 0 0 0 0 0 1 2 0 0 0 1 6 0 0 0 0 0 0 0 0 0 0 0 26 0 0 0 2 0 0 0 0 0 0 0 0 0 0 0 0 0 0 0 0 0 0 0 0 0 0 
 117 0 505 91 199 57 78 603 427 48 51 21 39 49 420 345 510 45 101 144 0 1 3 0 0 3 0 0 73 65 0 6 4 3 2 74 1 0 1 0 0 4 3 4 3 68 2 1 0 5 2 2 1 2 3 0 2 2 0 5 3 0 0 1 3 0 3 3 2 3 3 0 0 4 3 0 3 0 2 4 0 40 29 16 10 0 0 8 110 35 24 11 0 8 40 23 24 18 0 0 0 0 0 0 0 0 0 0 2 0 0 0 0 0 0 0 0 0 0 0 0 0 0 0 0 0 0 0 0 0 0 0 0 0 0 0 0 0 0 0 0 0 0 0 0 0 1 0 0 0 0 2 0 0 6 0 0 0 0 0 14 0 30 26 0 2 0 1 35 55 12 21 0 1 23 24 19 44 0 1 0 0 0 0 2 0 0 0 0 0 0 0 0 0 0 0 0 2 0 0 0 43 0 0 0 0 2 0 0 0 0 0 0 0 0 0 0 0 0 0 0 0 0 0 0 0 0 0 0 0 0 2 0 4 0 0 0 0 2 0 0 0 0 0 0 2 2 0 0 1 0 3 4 43 0 0 0 0 0 0 0 0 0 0 0 0 0 0 0 0 0 0 0 0 0 0 0 0 0 0 0 0 0 0 0 0 0 0 0 0 
 71 505 0 342 55 24 86 117 264 432 41 46 262 50 57 294 192 302 236 46 0 1 0 0 0 2 0 0 0 0 74 0 3 0 0 0 77 0 0 0 0 0 0 0 0 2 0 0 0 0 2 1 2 0 0 0 2 2 0 0 0 0 0 0 0 0 0 3 2 2 3 49 0 2 0 0 3 0 2 3 0 12 22 44 32 1 0 0 75 42 102 17 0 1 8 23 23 46 0 0 0 0 0 0 0 0 0 0 0 1 1 0 0 0 0 0 0 0 11 1 0 0 0 0 0 0 0 0 0 0 0 0 0 0 0 0 2 0 0 0 0 0 22 0 0 0 0 19 0 0 0 0 11 0 0 0 0 0 0 0 0 0 9 34 0 4 0 0 58 30 16 28 0 0 2 16 13 24 0 0 0 0 0 0 0 0 0 0 0 2 0 0 0 0 29 0 0 0 1 0 1 0 0 0 0 0 4 0 0 0 0 0 0 2 0 1 0 0 0 0 0 0 0 0 0 0 0 0 0 0 4 0 2 0 0 0 0 0 0 0 0 1 0 0 0 1 14 0 1 5 0 1 16 0 0 0 0 0 0 0 0 0 9 0 0 0 0 0 0 0 0 0 0 0 0 26 0 21 0 0 0 0 0 0 0 0 0 0 0 0 
 69 91 342 0 330 49 131 96 96 433 118 426 76 40 277 260 142 298 71 363 0 0 0 0 0 1 69 13 0 2 1 13 3 0 0 0 2 0 0 0 2 0 0 0 0 2 63 0 1 3 2 0 2 0 0 0 2 111 61 2 0 0 0 2 0 0 3 3 2 2 3 3 0 56 0 0 3 0 3 3 0 0 10 33 44 73 0 0 0 56 12 12 0 2 0 30 15 20 0 0 13 0 0 0 0 0 0 0 0 0 0 0 0 1 0 0 0 1 13 0 0 0 0 0 0 0 0 0 0 0 1 0 0 0 0 0 0 0 0 0 0 0 0 7 0 0 0 0 0 0 0 0 0 0 1 0 0 0 1 0 0 0 1 23 33 50 0 2 1 15 34 25 0 0 0 20 11 0 1 1 0 0 0 0 2 0 0 0 0 0 0 0 0 0 0 0 0 0 15 17 0 0 15 0 0 0 2 0 0 0 0 0 0 0 0 0 0 0 39 0 0 0 0 0 0 0 0 0 0 0 0 0 0 0 0 0 0 0 0 0 0 14 0 0 0 0 12 0 2 90 0 4 15 0 1 0 0 0 0 0 0 0 18 0 0 0 0 0 0 0 0 0 0 2 0 39 14 14 0 0 0 0 0 0 0 0 0 0 0 0 
 38 199 55 330 0 405 75 77 311 67 98 408 59 47 165 57 78 35 53 213 0 1 0 0 0 1 0 0 0 0 0 0 3 0 0 0 2 1 41 0 3 70 0 0 0 2 64 0 66 0 2 0 0 0 0 0 2 2 0 0 0 0 0 0 0 0 0 3 2 2 3 0 0 3 0 0 3 0 2 7 0 0 1 1 28 61 0 0 0 1 0 33 0 0 1 0 0 0 0 0 27 0 0 0 0 0 43 0 0 0 1 0 102 0 0 0 0 0 74 13 0 0 0 0 0 0 0 0 0 0 10 0 0 0 0 0 0 0 0 0 2 0 0 5 0 0 0 2 0 0 0 0 0 0 0 0 0 0 0 0 0 0 0 2 44 15 0 20 0 0 1 11 0 0 0 0 0 0 0 0 16 0 0 0 0 0 14 0 0 1 0 0 71 0 0 0 0 0 29 77 0 0 14 0 0 23 0 0 0 0 0 0 0 1 0 0 0 4 0 0 0 0 0 0 5 0 0 1 0 0 0 0 0 0 0 0 0 0 11 0 0 27 0 0 0 0 3 1 0 7 0 2 2 0 0 0 0 0 0 0 0 0 0 0 0 0 0 0 0 0 0 0 0 0 0 0 18 0 0 0 0 0 0 0 0 0 0 0 0 0 
 257 57 24 49 405 0 23 45 273 33 116 147 20 34 249 148 68 54 49 41 0 0 0 2 0 37 0 0 0 0 2 0 6 0 0 0 1 0 224 0 0 27 0 0 0 2 1 0 65 0 2 0 0 0 0 0 2 2 0 0 0 0 0 0 0 0 0 12 2 2 3 0 0 2 0 0 0 0 3 10 0 0 0 0 27 29 0 0 0 0 0 18 0 0 0 0 0 0 0 0 19 0 1 0 0 0 31 0 0 0 1 0 36 0 20 0 0 0 42 34 0 0 0 0 0 0 0 0 0 0 11 0 0 0 0 0 0 0 0 0 2 0 9 0 0 0 0 4 0 0 0 0 0 0 0 0 0 0 0 0 0 0 0 2 26 21 0 0 0 0 0 0 0 0 1 0 0 0 8 0 14 0 0 0 0 0 11 1 0 1 0 1 56 0 0 0 0 0 31 24 44 0 0 0 0 0 0 0 0 0 0 0 0 1 0 0 0 0 0 0 0 0 0 0 0 0 0 0 0 0 0 0 1 0 0 0 0 0 0 0 0 13 0 0 0 1 2 1 3 4 0 5 0 0 0 0 0 0 0 0 0 0 0 0 0 0 0 0 0 0 0 13 0 0 0 0 0 0 0 0 0 0 0 0 0 0 0 0 0 0 
 563 78 86 131 75 23 0 153 289 251 69 38 837 445 54 255 34 35 59 543 1 2 0 0 0 2 0 0 0 0 1 0 3 0 0 83 2 0 0 0 0 0 0 0 0 2 0 0 5 0 4 45 1 0 0 0 2 2 0 0 0 0 0 0 0 0 0 3 2 2 4 0 0 3 0 3 2 1 2 2 24 21 14 0 0 0 26 32 0 0 0 0 27 11 30 0 14 0 10 9 0 0 0 0 0 0 0 0 0 0 1 0 0 0 0 0 0 0 1 0 0 0 0 1 0 0 11 0 0 0 0 0 0 0 0 0 0 0 0 0 0 0 0 0 0 13 0 2 2 0 0 0 0 0 0 0 0 0 0 12 9 28 1 5 0 0 23 61 0 1 0 0 18 28 10 21 0 4 12 53 0 0 0 0 0 0 0 0 0 0 0 0 0 0 0 0 0 0 0 0 0 0 0 0 0 0 0 0 0 18 0 0 0 0 0 0 0 0 0 0 0 4 2 0 0 3 0 1 0 0 0 0 0 0 0 1 0 0 0 0 0 0 0 0 0 4 0 0 1 0 0 13 2 0 0 0 0 0 0 0 0 0 2 1 0 0 0 0 0 0 0 0 0 0 0 0 0 0 0 0 0 0 0 0 0 0 0 0 0 0 
 336 603 117 96 77 45 153 0 330 53 46 65 106 370 194 151 34 263 54 135 0 0 67 0 0 2 1 0 0 78 0 0 3 0 1 0 61 2 0 0 23 0 0 0 0 2 15 0 0 0 2 0 24 22 0 0 2 2 3 21 0 0 0 0 0 2 3 3 2 2 3 0 0 2 0 61 3 0 90 3 1 40 30 0 0 0 16 75 42 12 2 0 0 56 14 17 16 25 0 0 0 0 0 0 1 0 0 0 0 0 0 0 0 0 14 0 2 0 0 0 0 0 0 0 0 0 2 0 0 0 0 0 0 0 0 0 10 0 0 0 0 0 1 0 0 0 2 0 0 0 0 0 0 0 8 0 15 0 0 1 16 10 22 0 0 0 1 72 33 1 15 0 0 0 14 26 0 12 1 0 0 0 0 0 0 0 0 0 0 0 0 0 2 0 0 0 0 0 0 0 0 0 0 0 0 0 0 0 0 0 0 0 0 0 0 0 0 0 0 0 0 0 0 0 0 0 1 0 1 0 2 0 0 1 2 0 0 0 0 0 0 0 0 0 0 1 0 0 2 2 0 5 0 0 2 0 0 0 0 0 0 0 0 0 0 0 0 0 0 0 0 0 0 0 0 0 0 0 0 0 0 0 0 0 0 0 0 0 0 0 
 241 427 264 96 311 273 289 330 0 485 53 38 303 64 94 299 257 299 69 80 0 2 90 1 0 2 0 0 0 0 3 0 3 0 0 0 2 0 0 1 0 0 0 0 0 2 0 0 0 0 2 0 0 0 0 0 2 2 0 0 0 0 34 0 0 0 24 3 2 2 3 0 0 3 0 0 52 0 2 2 0 13 14 49 23 8 0 0 57 50 45 8 0 0 1 23 24 43 0 0 0 0 0 0 7 0 0 0 2 0 2 0 0 0 0 0 0 0 2 0 19 0 0 0 0 0 0 0 0 0 0 0 0 15 0 0 0 0 0 0 0 0 2 0 0 0 0 0 1 19 0 3 0 0 0 0 0 0 0 0 0 0 10 32 0 0 0 0 16 45 16 37 0 0 2 19 31 18 0 0 0 0 0 0 0 0 0 0 0 2 0 0 6 0 0 0 0 0 0 0 0 0 0 0 0 0 0 0 0 10 0 0 0 0 0 0 0 0 0 0 0 0 3 0 0 0 0 2 0 0 0 0 0 0 0 0 0 0 0 0 0 0 0 0 0 0 6 1 0 2 2 1 24 0 0 0 0 0 0 0 0 0 10 0 0 0 0 0 0 0 0 0 0 0 0 58 15 31 0 0 0 0 0 0 0 0 0 0 0 0 
 45 48 432 433 67 33 251 53 485 0 646 123 35 56 120 287 374 374 59 84 2 80 6 0 0 3 0 0 0 0 0 0 3 0 3 1 1 0 0 0 8 0 0 0 10 2 1 0 0 0 2 0 0 0 0 0 11 2 0 0 0 0 0 0 0 0 0 3 2 2 11 0 0 3 0 0 3 0 2 3 1 0 19 71 14 18 0 0 14 30 23 19 0 0 0 15 48 41 0 0 0 0 0 0 1 2 0 0 0 0 0 0 1 0 0 0 2 0 10 0 0 0 0 0 1 0 0 0 0 0 0 0 0 0 0 0 0 0 0 0 0 0 1 0 2 0 0 0 0 1 0 0 0 2 0 0 0 0 0 1 0 0 0 36 0 0 0 0 34 31 34 50 15 0 0 10 44 34 12 0 0 0 0 0 0 0 0 0 0 0 0 0 2 0 0 0 5 0 0 1 0 0 5 7 0 0 0 0 0 2 0 0 0 0 0 0 0 0 0 0 0 0 0 0 0 0 0 0 0 0 0 0 0 0 2 0 0 0 0 0 0 0 0 0 0 133 175 2 0 173 0 4 11 2 0 0 0 0 0 0 0 0 21 0 0 0 0 0 0 0 0 0 0 0 0 44 4 39 0 0 0 0 0 0 0 0 0 0 0 0 
 24 51 41 118 98 116 69 46 53 646 0 440 31 38 54 69 403 332 35 54 0 1 0 3 0 1 2 0 0 2 1 0 3 0 2 0 4 1 0 1 0 1 0 0 0 2 64 0 0 0 2 0 0 0 1 0 2 2 0 1 0 0 0 0 0 0 0 3 2 2 3 0 0 46 0 21 0 0 2 2 0 0 10 32 40 53 0 0 0 13 11 14 0 0 0 28 27 22 0 0 0 0 0 0 0 0 0 0 0 0 0 0 0 0 0 0 0 0 23 0 0 0 0 0 0 0 0 0 0 0 0 0 0 0 0 0 0 0 0 0 0 0 0 8 0 0 0 0 0 0 0 0 0 0 0 0 0 0 0 0 0 0 0 25 44 0 0 0 0 16 26 31 0 0 0 13 9 2 0 0 0 0 0 0 0 0 0 0 0 0 1 0 1 0 0 0 0 0 9 11 0 0 14 0 0 0 0 0 0 0 0 0 0 0 0 0 0 0 0 0 0 0 0 0 0 0 0 0 0 0 0 0 0 0 0 0 0 0 0 0 0 57 0 0 0 0 52 0 1 94 0 5 15 0 0 0 0 0 0 0 0 0 15 2 0 0 0 0 0 0 0 0 0 0 0 18 14 14 0 0 0 0 0 0 0 0 0 0 0 0 
 139 21 46 426 408 147 38 65 38 123 440 0 23 38 52 47 58 91 25 44 0 1 6 1 2 0 2 3 1 8 0 2 3 0 4 0 3 0 2 0 0 1 0 0 0 2 35 0 1 0 4 0 0 0 0 0 9 4 0 81 0 0 1 0 0 2 2 3 2 2 3 0 2 2 0 49 3 0 2 3 2 0 0 3 29 47 0 0 0 0 2 26 0 0 0 0 0 13 0 0 0 0 0 0 0 0 14 0 0 0 0 0 56 0 1 0 1 0 69 41 0 0 0 14 0 0 1 0 0 0 0 0 0 0 0 1 0 0 0 0 0 0 0 19 24 0 0 1 0 0 0 1 0 0 0 0 0 0 0 2 0 0 0 7 51 17 0 0 2 0 31 9 0 0 0 0 15 0 0 0 0 0 0 0 0 0 0 0 0 0 0 0 28 0 0 0 0 1 5 4 0 0 11 0 0 0 13 0 0 0 0 24 2 0 0 0 0 0 0 0 0 0 0 0 0 0 2 0 0 0 1 1 26 0 0 0 0 0 0 0 0 47 0 0 0 4 179 4 0 205 0 6 0 0 0 0 0 0 0 0 0 0 0 0 0 0 0 0 0 0 0 0 0 0 0 0 9 5 0 0 0 0 0 0 0 0 0 0 0 0 
 256 39 262 76 59 20 837 106 303 35 31 23 0 109 19 29 44 28 387 175 0 3 0 0 0 1 0 0 0 0 1 0 3 0 0 0 1 0 0 0 0 0 0 2 0 2 0 0 0 0 66 0 0 0 0 0 2 2 0 0 0 0 0 0 0 0 0 3 2 39 6 0 0 2 0 0 0 0 3 6 44 5 0 0 0 0 15 47 0 0 0 0 18 20 14 0 0 0 21 15 0 0 0 0 0 0 0 0 0 0 0 0 0 0 0 0 0 0 0 0 0 0 0 0 0 0 0 0 0 0 0 0 0 0 0 0 11 0 0 0 0 0 0 0 0 6 0 0 0 0 0 0 0 0 0 0 0 0 0 0 26 12 11 13 0 0 32 10 0 0 0 0 16 17 35 0 0 0 0 24 0 0 0 0 0 0 0 0 0 0 0 0 0 0 0 0 0 0 0 0 0 0 0 0 0 0 0 0 0 0 0 0 0 0 0 0 0 2 0 0 0 0 0 0 0 0 0 0 0 0 0 0 0 0 0 0 0 0 0 10 0 36 0 0 0 1 0 0 0 0 2 6 0 0 0 0 0 0 0 0 0 0 0 0 0 0 0 0 0 0 0 0 0 0 0 0 0 0 0 0 0 0 0 0 0 0 0 0 0 0 
 160 49 50 40 47 34 445 370 64 56 38 38 109 0 673 48 27 33 75 189 0 1 74 0 0 3 0 1 0 0 0 0 4 3 0 0 2 3 0 0 0 0 0 0 0 2 0 0 0 0 2 22 0 0 0 0 2 2 0 0 1 0 0 0 0 0 2 3 4 2 3 0 0 3 0 0 3 0 2 3 14 47 34 0 0 0 23 54 2 1 2 1 0 23 61 20 14 0 0 0 0 0 32 0 0 0 0 0 0 1 0 0 0 0 9 0 0 0 32 0 0 0 0 0 0 0 0 0 2 0 0 0 0 0 0 2 0 0 0 0 0 0 0 0 0 14 0 0 0 0 0 0 0 0 7 0 0 0 0 0 25 9 19 4 1 2 9 33 32 1 0 0 0 11 34 35 0 23 0 14 0 1 1 0 0 0 0 0 0 0 0 0 0 0 0 0 0 0 0 0 0 1 0 0 2 0 0 0 1 0 0 0 0 0 31 0 0 0 0 0 0 0 0 0 0 0 0 0 0 0 0 0 0 0 0 0 0 0 0 0 0 0 0 0 0 2 0 0 0 1 2 2 0 0 0 0 0 0 0 0 0 0 0 0 0 0 0 0 0 0 0 0 0 0 0 0 0 0 0 0 0 0 0 0 0 0 0 0 0 0 
 401 420 57 277 165 249 54 194 94 120 54 52 19 673 0 244 36 28 45 90 0 0 4 0 0 5 0 0 0 0 74 0 3 0 0 0 2 0 0 1 3 0 0 0 0 2 0 2 0 63 2 5 0 0 0 0 2 2 3 0 0 2 0 0 3 0 0 3 7 4 3 0 0 2 0 0 2 2 3 3 0 84 62 0 0 0 10 19 42 21 16 0 0 18 35 10 16 27 0 0 0 0 0 0 0 0 0 0 0 1 1 0 0 0 0 7 0 0 0 1 0 0 0 0 0 0 0 0 0 0 0 0 0 0 0 0 2 0 0 0 0 0 0 0 0 1 0 0 0 0 0 0 0 0 6 0 0 0 0 0 8 10 22 3 0 3 0 14 33 23 15 0 0 1 17 43 0 26 1 9 0 0 0 0 0 0 0 0 0 2 0 0 0 0 0 0 0 0 1 0 0 0 0 0 18 0 0 0 0 0 0 0 0 2 0 1 0 0 0 0 0 0 0 0 0 0 0 0 0 0 0 0 2 0 0 0 0 0 6 0 0 1 0 0 0 0 1 2 0 4 2 10 0 0 0 0 0 0 0 0 79 0 0 0 0 0 0 0 0 0 0 0 0 0 0 0 0 0 0 0 0 0 0 0 0 0 0 0 0 0 
 40 345 294 260 57 148 255 151 299 287 69 47 29 48 244 0 191 129 41 358 0 78 0 0 0 1 2 0 0 2 0 0 3 0 0 0 4 1 0 0 0 0 0 0 0 2 0 0 0 0 2 0 0 0 0 0 2 2 0 0 0 0 0 0 0 0 0 3 2 2 3 0 0 3 0 0 0 0 2 3 0 23 21 74 0 0 0 0 60 38 36 20 0 16 8 7 30 31 0 0 0 0 0 0 0 0 0 0 0 0 0 0 0 0 0 0 0 0 0 0 0 0 0 1 0 8 0 0 0 0 0 0 0 0 0 0 0 0 0 26 0 0 0 0 0 25 0 0 0 0 1 0 0 0 0 0 0 0 0 0 0 0 26 34 0 5 0 0 38 34 14 40 0 0 3 19 9 16 0 3 0 0 0 0 0 0 0 0 0 0 0 1 0 0 0 0 0 0 0 0 0 0 0 0 0 0 0 0 0 0 0 0 0 0 0 0 0 0 0 0 0 0 0 0 0 0 0 0 0 0 0 0 0 0 7 0 0 0 0 0 0 0 0 0 0 0 3 0 2 1 0 4 0 0 0 0 0 0 0 0 0 0 12 0 0 0 0 0 0 0 0 0 0 0 0 47 0 60 0 0 0 0 0 0 0 0 0 0 0 0 
 22 510 192 142 78 68 34 34 257 374 403 58 44 27 36 191 0 293 49 44 0 2 0 0 0 2 0 0 0 0 1 63 5 1 1 0 2 1 2 0 0 0 0 0 0 2 0 0 0 61 2 0 0 0 0 0 2 2 0 0 0 0 0 0 0 0 0 3 2 2 2 51 0 3 0 0 0 0 2 2 0 28 38 49 13 28 0 1 46 113 29 14 0 0 0 19 29 86 0 0 0 11 0 0 0 6 0 0 0 0 0 0 0 0 0 0 0 0 30 0 0 0 0 0 0 0 0 0 0 12 0 0 0 0 0 0 0 0 0 0 0 0 0 0 0 0 0 0 0 0 0 0 0 0 0 0 0 0 0 0 0 0 11 25 0 0 0 0 14 32 16 58 0 0 19 15 15 13 0 0 0 0 0 0 0 0 0 0 0 0 0 0 0 0 0 0 0 0 0 0 0 0 0 0 0 0 0 0 0 0 0 0 0 0 0 0 0 0 0 0 0 0 0 0 0 0 0 0 0 0 0 0 0 0 0 0 0 0 0 0 0 0 0 0 0 0 0 1 0 106 0 1 14 0 0 0 0 0 78 0 0 0 12 0 0 0 0 0 0 0 0 0 0 0 26 22 1 25 0 0 0 0 0 0 0 0 0 0 0 0 
 34 45 302 298 35 54 35 263 299 374 332 91 28 33 28 129 293 0 30 30 0 1 0 0 0 1 0 0 0 0 0 0 3 0 2 0 1 2 0 0 0 0 26 0 0 5 0 0 0 0 2 0 0 0 0 0 2 2 0 0 0 3 0 0 0 0 0 5 2 2 3 0 0 2 0 2 3 0 2 3 2 0 4 27 11 25 0 0 1 15 37 19 5 1 1 11 23 25 0 0 0 0 0 7 0 0 0 0 0 0 0 0 1 0 1 0 0 0 52 0 0 0 0 0 0 0 0 0 0 0 0 0 0 0 0 0 0 0 0 0 0 0 0 0 0 0 0 0 0 0 0 1 0 0 0 0 0 0 0 2 0 0 1 20 0 0 0 0 2 9 15 22 0 0 0 9 17 16 0 0 0 0 0 0 0 0 0 0 0 0 0 0 0 0 0 0 0 1 0 1 0 0 0 0 14 0 0 0 0 0 0 0 2 0 0 0 24 0 0 0 0 0 0 0 0 0 2 0 0 0 1 1 0 1 0 0 0 0 0 0 0 0 0 0 0 1 86 0 2 214 3 6 10 0 2 0 0 0 0 0 0 0 11 0 0 0 0 0 0 0 0 0 0 0 0 8 0 0 0 0 0 0 0 0 0 0 0 0 0 8 
 258 101 236 71 53 49 59 54 69 59 35 25 387 75 45 41 49 30 0 356 0 2 0 0 0 2 0 0 0 0 1 0 3 0 0 0 2 0 0 0 0 0 0 0 0 2 0 0 0 0 2 32 0 1 0 0 2 3 0 0 0 0 0 0 0 0 0 2 2 2 4 0 1 3 0 0 0 0 2 1 33 15 0 0 0 0 52 4 0 0 0 7 58 8 1 0 0 0 35 13 0 0 0 0 0 0 0 0 0 0 0 0 0 0 0 0 0 0 0 0 0 0 0 0 0 0 0 0 0 0 0 0 0 0 0 0 0 0 0 21 0 0 0 0 0 0 0 0 0 0 29 0 0 0 0 2 0 0 0 0 11 10 0 0 0 0 24 7 0 0 0 0 32 23 0 0 0 0 23 64 0 0 0 0 0 0 0 0 0 0 0 0 0 0 0 0 0 0 0 0 0 0 0 0 0 0 0 14 0 0 0 0 0 0 0 0 0 0 0 0 0 0 0 0 0 23 0 0 0 14 0 0 0 0 0 8 0 19 0 0 0 0 0 0 0 2 0 2 0 0 0 8 0 0 0 0 0 0 0 0 0 0 0 0 0 0 0 0 0 0 0 0 0 0 0 0 0 0 0 0 0 0 0 0 0 0 0 0 0 0 
 155 144 46 363 213 41 543 135 80 84 54 44 175 189 90 358 44 30 356 0 4 1 4 0 0 2 35 0 0 0 0 5 3 3 1 0 3 0 0 0 0 2 3 3 3 5 3 0 0 3 2 2 3 0 3 0 2 2 61 2 0 0 0 0 3 0 0 3 2 2 5 4 0 7 5 0 3 3 2 5 46 18 42 11 0 0 33 102 15 8 2 0 27 11 24 0 14 0 8 20 0 0 0 0 0 2 0 0 0 0 0 0 0 0 0 0 0 0 0 0 0 0 0 0 0 0 0 0 3 0 0 0 0 0 0 0 0 0 0 0 0 0 0 0 0 6 2 0 0 0 0 1 0 0 2 0 0 0 2 0 28 10 11 2 17 0 33 69 45 0 0 11 26 14 0 1 0 0 8 24 0 0 0 0 0 0 0 0 0 0 0 0 0 0 0 0 0 1 0 0 0 0 0 0 0 0 0 0 0 0 0 0 0 0 0 0 0 0 0 0 0 0 0 0 0 0 0 0 0 0 0 1 0 0 0 0 0 0 0 0 0 0 0 0 0 91 0 0 0 4 3 0 0 0 0 0 0 0 0 0 0 2 0 0 0 0 2 0 0 0 0 0 0 0 0 0 0 0 0 0 0 0 0 0 0 0 0 0 0 2 
 0 0 0 0 0 0 1 0 0 2 0 0 0 0 0 0 0 0 0 4 0 100 80 36 35 45 474 376 122 110 26 30 60 123 372 45 29 41 50 69 3 2 2 3 2 4 4 0 5 7 0 3 4 1 2 3 0 0 0 210 0 2 0 1 2 0 0 0 0 2 0 0 2 6 2 0 0 0 3 2 0 0 0 0 0 0 0 0 0 0 0 1 0 0 0 15 0 0 9 0 22 10 28 0 0 0 21 40 37 29 1 0 0 16 53 49 58 26 0 1 0 0 0 0 0 0 0 0 0 0 0 0 0 0 0 0 0 0 0 0 0 0 0 0 1 0 0 0 0 2 0 0 0 0 0 0 0 0 0 0 0 6 0 0 0 6 5 0 0 5 0 1 0 0 0 0 1 0 0 0 11 52 5 1 0 0 79 34 54 0 11 0 0 41 35 15 82 1 0 0 0 0 0 0 0 0 0 0 0 0 2 7 0 0 0 0 0 0 0 2 35 0 0 0 0 0 0 0 0 0 0 0 0 0 1 0 0 1 0 0 0 0 0 0 0 1 0 0 0 0 0 0 0 0 2 1 0 0 0 4 11 0 0 0 0 0 0 0 0 0 0 0 0 0 0 0 0 0 0 0 0 0 0 0 0 0 0 0 0 0 
 0 1 1 0 1 0 2 0 2 80 1 1 3 1 0 78 2 1 2 1 100 0 459 56 22 260 75 634 332 44 245 32 144 301 369 283 227 42 280 41 2 0 5 0 3 0 9 8 6 3 2 3 0 0 0 2 0 0 0 0 0 0 8 0 0 2 0 0 0 3 0 0 0 0 3 0 7 0 0 0 2 0 0 0 0 0 0 0 0 0 1 0 0 0 0 0 0 0 17 0 2 25 24 30 0 1 0 15 52 70 49 25 0 1 11 20 35 26 0 0 0 0 0 0 2 0 0 0 0 0 0 0 0 0 0 0 0 0 0 0 0 0 0 0 0 0 0 1 0 0 0 0 0 0 1 0 0 0 0 0 0 0 0 0 0 0 0 0 0 2 1 0 0 0 0 0 0 0 0 0 0 2 59 76 0 0 4 0 18 27 39 0 0 14 0 49 38 20 0 0 0 0 0 7 0 0 0 0 0 0 0 0 0 2 0 0 2 0 0 0 0 0 0 0 0 2 0 0 0 0 0 1 0 0 13 0 0 2 0 0 0 0 0 0 0 0 0 0 0 0 0 0 0 0 5 2 1 0 0 0 16 20 0 0 0 0 12 0 0 0 0 0 0 0 0 0 0 0 0 0 0 5 0 0 0 0 7 0 0 0 
 2 3 0 0 0 0 0 67 90 6 0 6 0 74 4 0 0 0 0 4 80 459 0 131 275 54 46 87 338 398 126 36 86 78 66 157 255 567 27 237 2 210 2 0 0 0 4 7 4 3 0 3 1 0 0 3 0 0 0 0 0 5 6 1 0 1 0 0 0 2 3 0 2 0 0 0 7 7 49 0 0 0 0 0 0 0 0 0 0 0 0 0 0 0 0 0 0 0 0 21 0 37 26 36 0 0 0 0 13 35 33 23 0 0 16 12 7 14 8 0 0 0 0 0 0 0 0 0 0 0 0 0 1 0 0 0 2 0 0 0 1 0 1 0 0 0 0 0 0 0 0 0 2 0 0 0 0 0 0 0 0 1 0 0 0 0 0 0 0 0 0 0 0 0 0 0 0 0 0 0 0 0 34 71 10 11 0 0 2 54 24 11 1 0 1 12 9 32 0 0 0 0 0 0 0 0 1 0 0 0 0 0 0 0 0 0 0 0 0 0 1 1 0 0 0 0 0 0 0 0 0 0 2 0 0 21 0 0 7 2 0 0 10 0 0 0 20 0 0 0 0 0 0 0 8 0 2 5 5 2 3 8 0 0 0 0 0 0 0 0 0 0 0 0 0 0 0 0 0 0 0 16 0 0 0 0 5 0 0 0 
 0 0 0 0 0 2 0 0 1 0 3 1 0 0 0 0 0 0 0 0 36 56 131 0 45 53 62 59 72 303 225 263 83 101 81 22 134 265 73 43 2 5 2 0 0 0 0 0 2 3 0 3 0 0 0 2 0 2 0 0 0 0 0 0 0 5 0 0 0 3 105 0 0 0 0 0 1 2 0 0 0 0 0 0 0 0 0 0 0 0 0 0 0 0 0 0 0 0 0 0 0 0 0 55 8 19 0 0 17 0 11 18 0 0 0 12 0 7 0 0 0 0 0 11 0 0 0 0 0 0 0 0 0 0 0 0 0 0 13 0 0 0 0 9 0 14 0 0 0 0 12 0 0 13 0 0 0 0 0 0 0 2 0 0 0 0 0 0 0 0 0 0 4 0 0 0 0 0 0 6 0 0 0 38 12 31 0 0 0 38 11 51 0 0 0 1 3 23 0 0 0 0 0 0 0 0 1 0 0 0 0 0 0 0 0 0 0 0 25 0 0 0 0 0 0 0 0 0 0 0 0 0 0 0 0 0 0 0 0 0 0 0 9 0 0 0 0 0 0 0 0 0 0 0 2 13 0 51 84 0 0 1 0 0 0 0 0 0 0 0 0 0 0 0 0 0 0 0 0 0 0 26 0 0 0 0 0 0 0 0 
 0 0 0 0 0 0 0 0 0 0 0 2 0 0 0 0 0 0 0 0 35 22 275 45 0 380 137 124 73 64 89 319 65 56 137 67 40 239 68 50 5 0 4 0 0 15 0 0 3 3 0 26 1 0 0 3 0 0 16 1 3 1 0 2 3 0 0 0 8 54 0 0 1 0 0 0 0 2 0 0 0 11 0 0 0 0 0 0 0 0 0 0 0 0 0 0 0 0 0 0 0 14 0 2 15 67 0 0 0 0 10 30 0 0 0 0 0 0 0 0 20 0 0 0 0 0 13 1 0 0 0 0 40 0 1 0 0 0 55 54 0 0 0 0 0 0 0 0 0 0 0 0 0 0 0 0 0 0 0 0 0 0 0 0 0 0 1 0 0 0 0 0 0 5 0 0 0 0 0 0 0 0 0 1 53 66 0 0 0 0 0 9 0 0 6 0 0 1 0 0 0 0 0 0 0 0 14 1 0 0 0 0 9 0 1 0 0 0 54 41 0 0 1 0 16 0 0 0 0 0 0 0 0 0 0 0 0 0 0 0 0 0 0 0 0 0 0 0 0 0 0 0 0 0 10 0 0 2 2 0 3 0 0 0 0 0 0 0 0 0 0 0 0 0 0 0 0 0 0 0 0 0 0 0 0 0 0 0 0 0 
 4 3 2 1 1 37 2 2 2 3 1 0 1 3 5 1 2 1 2 2 45 260 54 53 380 0 39 36 37 94 87 60 29 28 73 288 249 53 44 214 4 0 2 0 0 22 0 0 2 3 0 3 67 1 0 2 0 0 149 0 0 0 0 0 0 0 0 0 0 3 0 0 0 0 0 0 0 0 0 47 0 0 0 0 0 0 0 0 0 0 0 7 0 8 0 0 0 0 2 0 0 0 0 1 10 2 0 0 0 0 1 18 0 0 0 0 0 0 0 0 27 0 0 0 0 2 28 0 0 15 0 0 12 0 0 0 34 0 34 64 0 0 0 0 0 2 0 0 0 0 0 0 0 0 0 0 0 0 0 0 0 0 3 0 0 0 0 0 0 0 0 0 0 4 0 0 0 0 0 0 0 0 9 0 17 36 0 0 0 0 0 1 0 0 0 0 0 0 0 0 0 1 0 0 0 0 12 20 3 1 0 0 12 12 21 0 0 0 22 39 0 7 0 0 14 0 0 0 0 1 0 0 0 0 0 0 1 0 0 0 0 0 2 0 0 66 0 0 0 1 0 0 0 1 11 4 7 4 5 6 5 0 0 0 0 0 0 0 0 0 0 0 0 0 0 0 0 0 0 0 0 1 0 0 0 0 0 0 0 2 
 0 0 0 69 0 0 0 1 0 0 2 2 0 0 0 2 0 0 0 35 474 75 46 62 137 39 0 305 48 57 45 47 422 589 45 118 44 255 52 362 2 0 2 0 0 0 2 1 3 3 0 4 0 0 0 2 0 0 62 8 0 0 0 0 0 0 0 0 0 3 0 0 0 0 0 0 0 0 0 0 0 0 12 0 0 0 0 23 0 2 0 0 0 0 0 0 0 0 0 0 19 0 14 0 0 0 41 45 26 24 0 0 3 62 24 50 47 1 0 36 0 0 0 0 0 0 0 0 0 0 0 0 0 0 0 0 0 0 0 0 0 0 0 0 4 0 0 0 0 4 0 0 0 0 0 0 0 0 0 1 0 0 0 1 0 0 0 0 0 3 0 0 0 0 2 0 0 0 11 0 21 53 8 0 0 0 69 49 40 1 0 0 0 44 35 0 8 0 1 0 2 0 0 0 0 0 0 0 0 0 0 0 0 0 0 2 0 0 12 0 0 0 0 0 0 0 0 0 0 0 0 0 0 0 0 0 10 0 19 0 0 0 0 0 0 0 0 0 0 0 0 0 0 0 6 0 2 0 0 2 2 0 15 0 0 0 0 0 0 0 0 0 0 0 0 0 0 0 0 0 0 0 0 0 0 0 0 0 0 0 
 0 0 0 13 0 0 0 0 0 0 0 3 0 1 0 0 0 0 0 0 376 634 87 59 124 36 305 0 162 30 19 57 89 395 158 185 45 234 283 44 2 63 2 0 0 0 2 2 3 3 0 3 0 0 2 2 0 0 0 0 0 0 0 0 0 1 0 0 57 3 0 0 0 0 0 0 9 0 0 0 0 0 0 0 0 0 0 0 0 0 1 0 0 0 0 0 0 0 0 0 0 37 39 2 0 1 0 67 46 28 12 1 0 9 20 48 32 32 0 0 0 0 0 0 0 0 0 0 0 0 0 0 0 0 0 0 0 0 0 0 0 0 1 0 0 0 0 1 0 0 0 0 0 2 0 0 0 0 0 0 0 1 0 0 0 0 2 0 0 11 0 0 0 0 0 0 0 0 0 0 10 37 54 20 0 0 55 2 36 23 14 0 0 44 13 61 34 25 11 0 0 0 0 0 0 0 0 0 0 0 0 0 0 0 0 0 2 0 0 0 10 0 0 0 0 0 0 0 0 0 0 1 0 9 0 0 0 2 0 0 0 0 0 0 0 0 0 0 0 0 0 0 1 1 7 4 1 0 0 0 6 0 0 0 0 0 0 0 0 0 0 0 0 0 0 0 0 0 0 0 0 14 0 0 0 0 0 0 0 0 
 204 73 0 0 0 0 0 0 0 0 0 1 0 0 0 0 0 0 0 0 122 332 338 72 73 37 48 162 0 298 51 28 60 90 198 370 238 329 98 55 2 0 2 0 0 0 5 4 2 3 0 3 0 0 0 2 0 0 0 0 0 0 8 0 0 1 0 0 0 3 0 0 0 0 0 0 4 5 0 0 0 0 0 0 0 0 0 0 0 0 0 0 0 0 0 0 0 0 0 0 0 26 24 22 0 0 0 1 32 22 50 21 0 1 9 13 1 20 0 1 0 0 0 0 0 0 0 0 0 0 8 0 0 0 0 0 0 0 0 0 0 0 0 0 0 0 0 0 0 0 0 0 0 0 0 0 0 0 0 0 0 0 0 0 0 0 0 0 0 0 0 0 0 0 0 0 0 0 0 0 0 0 43 28 10 10 1 1 0 108 15 2 0 1 0 35 11 33 0 0 0 0 0 0 0 0 0 0 0 0 0 0 0 0 0 0 0 0 0 0 0 0 0 0 0 0 0 0 0 0 0 0 0 0 0 0 0 0 0 0 0 0 0 0 0 0 0 0 0 0 0 0 0 0 2 0 2 3 1 1 2 15 0 0 0 0 14 0 0 0 0 0 0 0 0 0 0 0 0 0 0 13 0 0 0 0 8 0 0 0 
 0 65 0 2 0 0 0 78 0 0 2 8 0 0 0 2 0 0 0 0 110 44 398 303 64 94 57 30 298 0 408 41 43 78 145 324 268 179 88 79 2 2 2 0 0 0 3 3 3 3 0 3 0 0 0 2 0 0 0 0 0 0 7 0 0 5 0 0 0 3 0 0 0 0 0 30 3 6 0 0 0 0 0 0 0 0 0 0 0 1 0 0 0 0 0 0 0 0 0 0 0 1 11 42 11 7 0 0 14 14 49 30 1 0 0 1 0 11 0 0 0 0 0 0 0 0 0 0 0 0 0 0 1 0 0 0 0 0 1 0 21 0 0 0 0 2 14 0 0 0 0 0 0 0 0 0 0 0 0 0 0 4 0 0 0 0 1 0 0 0 0 0 0 0 0 0 0 0 0 0 1 1 1 41 16 14 1 0 1 28 53 26 0 0 0 11 13 17 0 0 2 0 0 0 0 0 0 0 0 0 0 0 0 0 0 2 0 0 1 0 2 0 0 0 0 0 0 0 0 0 0 0 0 0 0 0 0 0 0 0 0 0 11 0 0 0 0 0 0 0 0 0 0 0 4 1 2 168 152 3 0 14 0 0 0 0 9 0 0 0 0 0 0 0 0 0 0 0 0 0 0 8 0 0 0 0 10 0 0 0 
 0 0 74 1 0 2 1 0 3 0 1 0 1 0 74 0 1 0 1 0 26 245 126 225 89 87 45 19 51 408 0 345 52 34 93 88 472 356 25 48 2 3 2 21 0 0 0 0 2 6 0 6 0 0 0 2 0 2 2 0 1 0 3 0 0 3 0 0 2 6 5 1 0 0 3 0 0 6 0 0 0 0 0 0 0 0 0 0 0 0 0 0 0 0 0 0 0 0 0 0 0 0 0 24 20 28 0 0 22 1 11 18 0 0 0 10 0 20 0 14 0 0 0 0 0 0 0 0 0 0 0 0 0 0 0 0 1 0 25 0 0 0 0 0 0 0 0 0 0 0 2 0 0 0 0 0 0 0 0 0 0 5 0 0 0 0 0 0 0 0 0 0 0 0 0 0 0 0 0 0 0 0 0 20 35 42 0 0 0 27 12 35 0 0 0 1 3 11 0 0 0 0 0 3 2 0 1 0 0 0 0 0 0 0 2 0 0 0 53 0 0 0 0 0 0 0 0 0 0 0 0 0 0 0 0 0 0 0 0 0 0 0 10 0 0 0 0 0 0 0 0 0 0 0 11 1 4 22 47 1 7 0 0 0 0 0 0 0 0 0 0 0 0 0 0 0 0 0 0 0 0 8 0 0 0 0 0 0 0 0 
 0 6 0 13 0 0 0 0 0 0 0 2 0 0 0 0 63 0 0 5 30 32 36 263 319 60 47 57 28 41 345 0 63 29 49 21 89 60 29 24 4 6 4 1 0 0 26 22 3 3 0 7 2 1 0 6 0 2 1 3 0 0 0 1 0 3 0 0 0 4 2 0 2 0 0 0 2 3 0 0 0 0 11 0 0 0 0 0 0 9 0 0 0 0 0 0 0 0 0 0 0 0 1 13 36 40 0 0 0 0 22 37 0 0 0 0 0 13 0 0 1 0 0 0 0 0 0 0 0 0 0 0 1 0 0 0 0 0 3 9 0 0 0 0 0 0 0 0 0 0 0 0 1 0 0 0 0 0 0 0 0 2 0 0 0 0 0 0 0 0 0 0 0 2 0 0 0 0 0 0 0 0 0 20 7 31 0 0 0 0 17 46 0 0 0 0 0 9 0 0 0 0 0 0 0 0 16 1 0 0 0 0 1 0 0 0 0 0 43 1 0 0 0 0 1 0 0 0 0 0 0 0 0 0 2 0 0 0 0 0 0 0 5 0 0 0 2 0 0 0 0 0 0 0 1 4 0 147 150 0 4 1 0 1 0 0 1 0 0 0 0 0 0 0 0 0 0 2 0 0 0 10 0 0 0 0 0 0 0 0 
 3 4 3 3 3 6 3 3 3 3 3 3 3 4 3 3 5 3 3 3 60 144 86 83 65 29 422 89 60 43 52 63 0 299 39 67 32 32 514 197 2 1 2 0 0 0 2 0 3 3 0 3 0 0 0 2 0 0 0 6 36 0 0 0 0 0 0 2 0 3 0 0 0 0 0 0 0 0 0 3 0 0 16 0 0 2 0 0 0 0 0 0 0 0 0 0 0 0 0 0 62 0 20 0 0 0 40 0 0 0 0 0 11 19 11 30 1 0 0 16 0 0 0 0 0 7 2 0 0 0 0 0 0 0 0 0 0 0 1 2 0 0 0 0 6 0 0 0 0 12 0 0 0 0 0 0 0 0 0 0 0 1 0 0 0 20 0 0 0 0 0 0 0 0 0 0 0 0 8 0 29 42 0 0 0 66 15 38 9 0 0 0 15 71 37 0 0 1 45 22 0 0 0 0 0 0 0 0 0 0 0 2 0 0 0 0 20 0 0 0 0 0 0 0 0 0 0 0 0 2 0 0 46 0 0 0 0 0 0 0 0 0 1 0 0 0 0 0 0 0 0 0 0 0 3 0 2 0 0 0 4 0 0 0 0 0 0 0 0 0 0 0 0 0 0 0 0 0 0 0 0 0 0 0 0 0 0 0 0 0 
 0 3 0 0 0 0 0 0 0 0 0 0 0 3 0 0 1 0 0 3 123 301 78 101 56 28 589 395 90 78 34 29 299 0 806 258 27 25 74 97 2 1 2 0 0 0 1 0 5 3 0 3 1 0 0 3 0 0 0 6 0 0 0 1 0 0 0 0 0 2 0 0 2 0 0 0 0 0 0 0 0 0 0 0 0 0 0 0 0 0 0 0 0 0 0 0 0 0 0 0 35 10 36 0 0 0 19 52 36 38 0 0 0 31 39 50 49 32 0 14 0 0 0 0 0 0 0 0 1 0 0 0 0 0 2 0 0 0 0 0 0 0 0 0 2 0 0 0 0 2 0 0 0 0 0 0 0 1 0 0 0 0 0 0 0 0 0 0 0 4 0 0 0 1 0 0 0 12 2 0 14 40 21 0 0 0 55 32 40 0 30 0 0 52 36 20 26 1 0 15 0 0 0 0 0 0 0 0 0 0 0 0 0 0 0 0 0 0 0 0 0 0 0 2 1 0 0 0 0 0 0 0 0 0 0 0 0 0 0 0 0 0 0 0 0 0 0 0 0 0 0 0 0 0 17 2 1 0 2 2 11 0 0 0 0 63 0 0 0 0 0 0 0 0 0 0 0 0 0 0 0 5 0 0 0 0 1 0 0 1 
 0 2 0 0 0 0 0 1 0 3 2 4 0 0 0 0 1 2 0 1 372 369 66 81 137 73 45 158 198 145 93 49 39 806 0 182 52 37 191 68 5 0 9 2 0 0 27 2 4 5 1 16 1 0 0 6 3 0 0 0 3 2 0 58 7 55 0 1 0 3 2 3 1 0 0 0 22 4 0 0 0 0 0 0 0 0 12 0 19 2 0 0 0 0 0 0 0 0 0 0 0 45 35 1 0 0 1 46 46 36 20 1 2 23 30 42 43 32 2 0 0 0 0 0 0 0 0 0 0 0 0 0 1 0 0 0 0 0 0 0 0 0 0 0 0 0 0 0 0 0 0 0 0 0 0 0 0 0 0 0 0 0 0 0 0 0 2 0 0 5 1 0 14 0 0 0 0 0 0 0 12 63 47 22 1 0 9 1 46 24 23 0 0 26 10 23 32 28 0 0 0 11 0 0 0 0 0 0 0 0 0 0 7 0 0 1 0 0 0 0 0 0 0 0 0 0 0 0 0 0 0 0 0 0 0 0 0 0 0 17 0 0 0 0 0 0 0 0 0 0 0 0 0 0 16 2 3 1 0 0 13 3 0 0 0 0 0 0 1 0 0 0 0 0 0 0 0 0 0 0 0 26 0 2 0 0 0 0 0 0 
 0 74 0 0 0 0 83 0 0 1 0 0 0 0 0 0 0 0 0 0 45 283 157 22 67 288 118 185 370 324 88 21 67 258 182 0 246 689 55 88 2 0 2 0 0 0 4 4 5 3 0 3 0 0 0 2 0 1 0 1 0 0 6 0 0 1 0 0 5 3 0 0 0 0 0 0 6 11 0 0 1 0 0 0 0 0 0 0 0 0 2 0 0 0 0 0 0 0 0 0 1 82 26 19 0 2 0 0 27 25 29 17 0 0 0 13 1 51 0 0 0 0 0 0 1 0 0 0 0 0 0 0 0 0 0 0 0 0 0 0 0 0 0 0 0 0 0 2 7 0 0 0 0 0 2 0 0 0 0 0 0 2 0 0 1 0 0 0 0 0 2 0 0 0 0 0 0 0 0 0 0 9 42 26 10 12 18 0 0 91 73 1 0 8 0 22 12 34 0 0 0 14 0 0 0 0 1 19 0 0 0 0 0 1 0 0 1 0 0 0 0 0 0 0 0 0 0 18 0 0 0 2 0 0 0 0 0 0 0 0 0 0 0 0 0 0 0 0 0 0 0 0 0 2 10 1 0 3 2 1 1 8 0 0 0 0 0 0 0 0 0 0 0 0 0 0 0 0 0 0 0 16 0 0 0 0 4 0 0 0 
 203 1 77 2 2 1 2 61 2 1 4 3 1 2 2 4 2 1 2 3 29 227 255 134 40 249 44 45 238 268 472 89 32 27 52 246 0 221 39 21 2 46 2 1 0 0 3 5 3 3 0 3 0 0 0 2 0 2 0 0 0 0 7 0 0 5 1 0 0 3 0 0 3 0 0 4 4 7 32 3 0 0 0 0 0 0 0 0 0 0 16 0 11 0 0 0 0 0 0 0 0 0 0 24 2 0 1 0 12 19 12 16 0 0 10 0 7 0 0 0 0 0 0 0 10 0 0 0 0 0 0 0 1 0 0 0 0 0 2 0 5 0 19 0 0 0 0 0 0 0 0 0 0 0 0 0 0 0 0 1 0 1 0 0 0 0 0 0 0 0 0 0 0 0 2 0 0 0 0 0 0 0 11 27 0 14 0 0 1 18 52 13 0 0 0 19 20 23 0 0 0 0 0 0 0 0 0 0 0 0 0 0 0 0 0 0 0 0 0 0 0 0 0 0 0 0 0 0 0 0 0 0 0 0 0 0 8 0 0 0 0 0 50 0 0 0 2 0 0 0 0 0 0 0 5 4 0 76 0 0 6 0 1 0 0 0 9 0 0 0 0 0 0 0 0 0 0 0 0 0 0 0 0 0 1 0 9 0 0 0 
 0 0 0 0 1 0 0 2 0 0 1 0 0 3 0 1 1 2 0 0 41 42 567 265 239 53 255 234 329 179 356 60 32 25 37 689 221 0 37 237 2 6 2 0 0 3 3 3 4 3 3 3 1 0 0 3 0 2 0 2 0 0 9 2 0 7 0 2 0 3 1 2 3 1 0 0 4 6 0 2 0 0 0 0 0 0 0 18 0 0 0 0 0 0 0 0 0 0 0 0 0 0 9 31 25 7 2 0 1 22 79 25 0 0 2 0 0 19 0 0 0 0 0 0 0 0 0 0 0 0 0 0 1 0 0 0 0 0 9 0 0 0 0 0 0 0 0 0 0 0 0 0 0 0 0 0 0 0 0 2 0 7 0 2 0 7 0 0 0 0 0 0 0 1 1 0 0 0 0 0 0 0 3 30 11 26 0 0 0 9 51 32 0 0 0 27 18 11 8 0 0 0 0 0 0 0 0 0 0 0 0 0 0 0 0 0 0 0 8 0 0 0 0 0 0 0 0 0 2 0 0 0 0 0 0 0 0 0 0 0 0 0 2 0 0 0 0 0 0 0 0 0 0 0 16 3 3 150 150 2 3 13 0 0 0 0 9 0 0 0 0 0 0 0 0 0 0 0 0 0 0 8 0 0 0 0 9 0 0 3 
 0 1 0 0 41 224 0 0 0 0 0 2 0 0 0 0 2 0 0 0 50 280 27 73 68 44 52 283 98 88 25 29 514 74 191 55 39 37 0 398 2 62 2 0 2 0 2 0 64 3 0 3 0 0 0 2 33 0 0 1 0 0 0 0 0 0 0 5 0 3 0 0 0 0 0 0 0 0 0 5 0 0 0 0 0 16 0 0 0 0 0 1 0 0 0 0 0 0 0 0 21 0 0 0 0 0 14 0 0 1 0 0 75 29 10 0 0 0 13 19 0 0 0 0 0 1 2 0 0 0 10 0 0 0 0 0 0 0 1 2 0 0 0 0 4 0 0 1 0 6 0 0 0 0 0 0 0 0 0 0 0 0 0 0 6 19 0 0 0 0 0 0 0 0 0 0 0 0 2 0 40 7 0 0 0 0 21 10 0 0 0 0 35 11 0 0 1 0 30 41 0 0 0 0 0 0 0 0 0 0 0 2 0 0 0 0 0 0 0 1 0 0 0 0 0 0 0 0 0 2 0 10 0 0 0 0 0 0 0 0 0 0 1 0 0 0 0 0 0 0 0 0 0 0 9 2 2 0 1 0 2 0 0 0 0 0 0 0 0 0 0 0 0 0 0 0 0 0 0 0 0 0 0 0 0 0 0 0 0 0 
 0 0 0 0 0 0 0 0 1 0 1 0 0 0 1 0 0 0 0 0 69 41 237 43 50 214 362 44 55 79 48 24 197 97 68 88 21 237 398 0 2 1 2 0 0 26 2 0 4 3 0 3 1 28 0 3 0 60 0 5 0 0 0 1 0 0 0 5 0 2 0 0 2 0 0 0 0 0 0 5 0 0 0 0 0 0 0 0 0 0 0 0 0 0 1 0 0 0 0 0 50 0 46 0 2 0 52 1 6 0 1 0 9 29 24 24 1 0 0 24 0 0 0 0 0 5 0 0 0 0 0 0 0 1 0 0 0 2 0 0 0 0 0 0 8 0 0 0 0 7 0 0 0 0 0 0 1 0 0 0 0 2 0 0 0 15 0 0 0 0 0 0 0 0 0 0 0 0 7 0 23 18 0 0 0 0 25 52 7 0 0 0 11 42 32 0 0 1 44 7 0 0 0 0 0 0 0 0 0 0 0 6 0 0 0 0 0 0 0 0 13 0 0 13 0 0 0 10 0 0 0 0 0 0 0 0 0 0 0 0 0 0 0 0 0 0 0 0 0 0 0 0 0 0 6 0 0 0 0 6 1 0 0 0 0 0 0 0 0 0 0 2 0 0 0 0 0 0 0 0 0 0 0 0 0 0 0 0 0 0 
 0 0 0 2 3 0 0 23 0 8 0 0 0 0 3 0 0 0 0 0 3 2 2 2 5 4 2 2 2 2 2 4 2 2 5 2 2 2 2 2 0 76 288 57 47 27 226 240 258 23 32 249 59 46 254 26 25 38 36 51 0 0 0 0 0 2 0 0 4 0 0 0 5 0 0 0 0 0 0 0 0 0 0 0 0 0 0 0 0 0 0 0 0 0 0 0 0 0 0 0 0 0 0 0 0 0 0 0 0 0 0 0 0 0 0 0 0 0 0 0 0 12 12 0 0 0 0 27 23 7 0 0 0 9 44 52 1 7 0 0 0 0 0 0 0 0 12 0 0 0 0 0 0 0 10 0 0 0 0 0 0 0 0 0 6 0 0 0 0 0 0 0 0 0 0 0 0 4 0 0 0 21 0 0 0 0 0 0 0 0 0 0 0 0 0 0 0 0 0 0 12 36 21 0 0 0 0 19 27 15 0 1 0 10 53 29 31 28 0 0 0 0 0 0 0 0 0 0 0 13 0 0 0 0 9 0 0 0 0 0 0 0 10 0 0 0 0 0 0 0 0 9 0 0 0 0 0 0 0 0 0 0 1 0 0 0 0 0 0 0 0 0 0 0 0 0 0 0 0 0 0 0 0 0 0 0 0 0 1 0 
 0 4 0 0 70 27 0 0 0 0 1 1 0 0 0 0 0 0 0 2 2 0 210 5 0 0 0 63 0 2 3 6 1 1 0 0 46 6 62 1 76 0 265 487 271 35 103 468 127 53 31 40 53 136 272 152 103 34 47 74 0 0 0 0 5 0 0 5 4 0 0 0 0 0 0 0 0 0 0 4 0 0 0 0 0 8 0 0 0 0 0 0 19 0 0 0 0 0 0 14 0 0 0 6 40 0 15 0 0 3 6 0 10 0 0 0 0 0 39 10 0 53 10 2 0 0 0 0 20 32 9 0 1 7 0 8 8 32 0 0 0 0 0 0 0 1 0 0 0 0 0 0 0 0 0 11 0 0 6 0 0 0 0 0 0 11 1 0 0 0 0 0 0 0 0 0 0 0 0 0 11 0 0 5 0 0 0 0 0 0 5 11 11 0 0 0 6 0 0 0 0 11 11 11 0 1 0 1 1 1 10 16 0 0 0 4 47 9 0 0 0 0 0 0 0 0 0 0 0 0 0 0 0 0 0 3 0 0 0 0 0 0 18 0 0 0 0 0 0 0 0 6 0 1 0 0 0 0 6 9 0 0 0 0 0 9 0 0 0 0 17 0 0 0 0 0 0 0 0 0 0 11 0 0 0 0 0 0 0 0 
 0 3 0 0 0 0 0 0 0 0 0 0 0 0 0 0 0 26 0 3 2 5 2 2 4 2 2 2 2 2 2 4 2 2 9 2 2 2 2 2 288 265 0 151 45 26 48 311 136 529 50 38 64 100 272 193 137 222 22 39 6 0 0 0 0 0 0 0 0 11 0 0 0 0 0 51 0 52 0 0 0 0 0 0 0 0 0 0 0 0 0 0 0 0 0 0 0 0 0 0 0 25 0 0 0 0 0 0 0 0 0 0 0 0 0 0 0 0 0 0 0 7 16 44 0 0 2 0 19 38 16 8 0 1 0 10 30 70 0 0 1 0 0 0 0 10 2 1 0 0 0 0 1 2 0 18 0 0 6 3 0 0 0 0 0 0 0 0 0 0 0 0 0 0 0 0 0 0 0 0 0 0 15 0 0 0 0 0 29 0 0 0 0 0 0 0 0 0 0 0 0 0 0 34 19 0 8 0 0 7 58 26 0 0 0 12 13 23 0 0 0 0 0 0 0 0 0 0 0 0 0 0 0 0 0 0 0 0 0 0 0 0 0 0 0 0 2 0 0 0 0 3 0 0 0 0 0 0 0 6 0 0 1 1 0 15 2 1 2 0 7 0 0 0 0 0 0 0 0 0 0 4 0 0 0 9 0 0 0 0 
 0 4 0 0 0 0 0 0 0 0 0 0 2 0 0 0 0 0 0 3 3 0 0 0 0 0 0 0 0 0 21 1 0 0 2 0 1 0 0 0 57 487 151 0 542 32 286 54 93 573 382 281 87 69 44 69 334 409 63 301 7 0 0 0 0 0 0 0 0 3 0 27 0 0 0 0 0 0 0 0 0 0 0 0 0 0 0 0 0 0 0 0 0 0 0 0 0 0 0 0 0 0 0 0 0 0 0 0 0 0 0 0 0 0 0 0 0 0 0 0 0 0 0 0 21 43 0 0 0 0 10 21 0 0 0 0 0 11 0 0 0 0 0 0 0 10 0 0 0 0 0 0 0 5 0 3 0 0 9 1 0 0 0 0 0 0 0 0 0 0 0 0 0 0 0 0 0 0 0 0 0 0 0 0 0 0 0 0 0 0 0 0 0 0 0 0 0 0 0 0 0 0 0 10 34 25 0 0 0 7 12 30 0 0 0 0 0 0 0 0 0 0 0 0 0 0 0 0 0 0 0 0 33 0 0 0 0 0 23 0 0 0 0 0 0 0 0 0 0 0 0 5 0 2 0 0 0 0 0 0 0 0 35 6 0 3 2 51 0 0 2 0 0 0 0 0 0 0 0 0 0 1 0 0 8 0 0 0 0 0 
 0 3 0 0 0 0 0 0 0 10 0 0 0 0 0 0 0 0 0 3 2 3 0 0 0 0 0 0 0 0 0 0 0 0 0 0 0 0 2 0 47 271 45 542 0 288 257 285 305 89 107 452 518 74 79 57 45 49 66 95 2 0 0 0 0 0 0 0 0 0 30 1 0 0 2 48 0 0 0 0 0 0 0 0 0 0 0 0 0 0 0 0 0 0 0 0 0 0 0 0 0 0 0 0 0 0 0 0 0 0 0 0 0 0 0 0 0 0 0 0 0 0 0 4 15 30 0 0 0 7 4 24 0 12 0 0 0 8 0 0 18 0 0 0 0 0 0 0 0 0 0 0 10 3 7 0 0 0 23 5 0 0 0 0 0 0 0 0 0 0 0 0 0 0 0 2 0 0 0 0 0 0 0 0 0 0 0 0 0 0 7 0 0 0 0 0 0 0 0 0 0 0 0 6 8 20 0 0 0 0 1 12 0 10 0 1 17 3 0 0 0 0 0 0 0 0 24 0 0 0 0 0 31 9 0 0 0 19 25 29 0 0 0 0 0 0 0 0 0 0 0 2 0 0 0 0 0 0 0 0 0 17 3 4 0 5 2 2 2 0 0 0 0 0 0 0 0 0 0 0 0 0 3 0 3 0 0 0 0 0 
 2 68 2 2 2 2 2 2 2 2 2 2 2 2 2 2 2 5 2 5 4 0 0 0 15 22 0 0 0 0 0 0 0 0 0 0 0 3 0 26 27 35 26 32 288 0 49 94 49 254 288 62 27 40 280 62 49 40 117 46 0 0 0 0 0 0 0 0 0 0 0 0 2 0 5 3 0 0 120 6 0 0 0 0 0 0 0 0 0 0 0 0 0 0 0 0 0 0 0 0 2 4 0 0 0 5 0 0 0 0 0 2 0 0 0 0 0 0 0 22 1 0 0 0 25 0 0 0 3 0 0 0 3 0 0 0 1 0 9 10 23 0 0 0 0 0 9 11 0 0 0 0 6 0 8 0 4 0 18 28 0 0 0 0 0 0 0 0 0 0 0 0 0 0 0 0 11 0 0 0 0 0 0 0 4 11 0 0 0 0 0 0 0 0 0 0 0 0 0 0 4 1 0 0 15 16 3 2 0 1 0 6 9 2 19 0 0 0 0 6 27 0 0 14 0 0 40 1 0 0 0 0 22 12 1 0 1 0 28 49 0 0 0 0 0 0 0 0 0 0 0 6 0 0 0 0 0 0 0 2 0 0 1 0 0 7 1 4 0 0 0 0 0 0 0 0 0 0 0 0 0 0 0 0 0 0 0 0 1 0 
 0 2 0 63 64 1 0 15 0 1 64 35 0 0 0 0 0 0 0 3 4 9 4 0 0 0 2 2 5 3 0 26 2 1 27 4 3 3 2 2 226 103 48 286 257 49 0 145 41 245 37 86 527 150 29 43 52 21 64 403 0 0 0 0 0 0 0 18 0 0 0 0 0 0 0 0 0 0 0 0 0 0 0 0 0 3 0 0 19 30 9 26 0 0 0 0 0 16 0 0 0 0 1 0 0 0 0 0 2 14 0 0 0 0 1 0 0 7 25 0 0 14 10 0 0 0 0 22 13 0 0 0 9 10 36 20 0 0 0 0 0 0 0 0 0 0 14 0 0 0 4 4 0 0 0 0 0 0 0 2 0 0 0 0 14 15 3 0 0 0 18 0 0 0 0 15 9 15 0 0 0 0 7 0 0 0 0 0 1 5 2 0 1 0 1 7 1 4 4 11 20 6 0 0 0 0 20 39 27 25 0 0 11 14 20 7 0 0 1 0 0 0 0 0 0 0 0 0 0 0 0 0 0 0 0 0 0 0 0 0 0 0 0 0 0 0 0 0 0 66 0 7 0 1 0 0 2 0 1 0 0 0 0 0 0 2 0 0 2 0 0 0 0 0 0 0 0 0 0 0 0 0 0 0 0 0 0 0 0 0 
 0 1 0 0 0 0 0 0 0 0 0 0 0 0 2 0 0 0 0 0 0 8 7 0 0 0 1 2 4 3 0 22 0 0 2 4 5 3 0 0 240 468 311 54 285 94 145 0 79 58 40 216 133 502 399 136 44 33 58 70 0 0 0 0 0 0 0 0 0 0 0 1 0 0 0 0 0 0 0 0 0 0 0 0 0 0 0 0 0 0 0 0 0 0 0 0 0 11 0 0 6 0 0 0 0 0 0 0 2 7 0 0 0 0 0 0 0 3 0 14 0 16 10 21 0 0 0 0 13 29 10 7 0 3 0 51 22 4 0 0 0 0 0 0 0 0 2 0 0 0 0 0 0 0 0 0 0 0 2 0 0 0 0 0 0 0 0 0 0 0 0 0 0 0 0 0 0 6 0 0 0 0 8 0 0 0 0 0 0 6 3 0 0 0 0 3 1 5 0 0 10 27 33 2 0 0 0 15 33 26 51 11 0 0 9 32 48 30 0 0 0 0 0 0 0 0 0 0 0 0 0 0 0 0 0 0 0 0 0 0 0 0 42 0 0 0 0 0 0 0 0 6 0 2 0 0 0 0 1 21 0 0 10 0 2 65 0 0 1 0 0 0 0 0 0 10 0 0 0 0 0 0 0 0 0 14 0 0 0 0 
 0 0 0 1 66 65 5 0 0 0 0 1 0 0 0 0 0 0 0 0 5 6 4 2 3 2 3 3 2 3 2 3 3 5 4 5 3 4 64 4 258 127 136 93 305 49 41 79 0 232 41 251 319 125 73 109 93 304 103 73 1 0 0 0 0 2 3 0 0 4 0 0 5 0 0 3 0 0 8 1 0 0 0 0 10 0 0 0 0 0 0 0 0 0 0 0 0 0 0 0 22 0 0 0 0 0 0 0 0 0 0 0 5 0 0 0 0 0 1 12 0 0 8 18 0 0 0 0 20 18 14 17 0 0 0 0 3 27 0 0 4 4 0 0 0 0 0 7 0 0 0 0 1 8 2 6 0 0 14 3 0 0 0 0 0 0 0 0 0 0 0 0 0 0 0 0 0 0 3 0 0 0 0 0 0 0 0 0 0 0 0 0 7 6 0 0 0 0 19 5 0 0 0 33 11 0 0 0 0 7 28 16 0 0 0 0 0 34 0 0 6 6 0 0 0 10 10 4 0 0 0 0 4 5 6 1 0 0 0 0 0 0 0 0 0 0 0 0 0 1 0 5 2 2 0 0 0 0 0 1 0 0 2 0 2 6 0 1 0 0 4 0 0 0 0 0 2 14 0 0 0 0 0 0 0 16 0 0 2 0 
 0 5 0 3 0 0 0 0 0 0 0 0 0 0 63 0 61 0 0 3 7 3 3 3 3 3 3 3 3 3 6 3 3 3 5 3 3 3 3 3 23 53 529 573 89 254 245 58 232 0 502 81 279 369 324 470 166 143 100 300 7 0 0 0 0 0 0 53 0 6 0 11 0 0 0 0 1 0 0 0 0 0 0 0 0 0 0 0 0 0 10 0 0 0 0 0 0 0 0 0 0 0 0 0 0 0 0 0 0 0 0 0 0 0 0 0 0 0 0 0 0 0 17 0 12 12 0 0 0 1 7 17 0 0 0 1 19 16 0 0 0 0 0 0 0 12 0 0 0 0 0 0 0 3 0 11 0 0 0 0 0 0 0 0 0 0 0 0 10 0 0 0 0 0 0 0 0 1 0 0 0 0 0 0 0 0 0 0 0 0 0 0 0 0 0 0 0 0 0 0 1 0 0 38 27 7 0 0 0 2 25 28 0 0 0 1 1 1 0 0 0 0 0 0 0 0 0 0 0 0 0 0 10 0 0 0 0 0 7 0 0 0 0 0 0 0 0 0 0 0 0 5 0 1 0 0 0 0 0 3 0 0 94 63 2 7 2 69 0 0 22 0 0 0 26 0 0 0 0 0 0 3 0 0 25 0 0 0 0 0 
 2 2 2 2 2 2 4 2 2 2 2 4 66 2 2 2 2 2 2 2 0 2 0 0 0 0 0 0 0 0 0 0 0 0 1 0 0 3 0 0 32 31 50 382 107 288 37 40 41 502 0 272 60 47 93 69 157 273 34 58 3 0 0 0 5 7 0 0 0 0 0 9 0 0 0 49 0 0 0 0 0 0 0 0 0 0 0 0 0 0 0 0 0 0 0 0 0 0 0 0 24 0 0 0 1 0 0 0 0 0 0 0 0 0 0 0 0 0 0 0 0 0 0 1 61 44 14 0 0 9 27 17 0 9 0 0 0 9 0 0 0 0 0 0 0 10 0 0 0 0 0 0 0 16 0 4 0 0 11 0 0 0 0 0 0 0 0 9 0 0 0 0 0 0 0 0 1 0 0 0 0 0 0 0 0 0 0 0 0 0 7 0 0 0 0 0 0 0 0 0 0 0 0 10 12 18 0 0 0 6 14 18 0 7 0 0 0 1 0 0 0 0 0 0 0 0 1 0 12 0 0 0 19 0 0 0 0 0 25 0 0 0 0 0 0 0 0 0 0 0 0 4 0 0 0 0 0 0 0 7 0 0 48 3 0 0 1 5 0 0 0 0 0 0 0 0 0 0 0 0 0 0 0 0 12 0 0 0 2 0 
 4 2 1 0 0 0 45 0 0 0 0 0 0 22 5 0 0 0 32 2 3 3 3 3 26 3 4 3 3 3 6 7 3 3 16 3 3 3 3 3 249 40 38 281 452 62 86 216 251 81 272 0 242 50 51 270 83 116 30 47 3 2 0 3 2 2 0 0 0 0 0 9 2 0 0 0 0 1 0 55 3 0 11 0 0 0 2 0 0 4 0 0 5 4 3 0 0 0 0 5 0 0 0 0 0 0 0 0 0 0 6 0 0 0 0 0 0 16 0 0 0 0 1 0 43 34 0 0 0 0 0 23 0 0 0 0 0 0 0 0 1 0 0 0 0 0 0 0 0 0 12 0 9 6 0 0 1 0 26 28 0 0 0 0 0 0 8 55 0 0 0 0 0 4 0 6 0 4 10 0 0 0 0 0 0 0 0 0 0 0 0 0 0 0 0 0 0 0 0 0 0 0 0 0 23 28 0 0 0 0 1 11 0 8 0 16 0 0 0 0 0 0 0 0 0 0 0 13 0 0 0 0 69 0 0 0 0 0 61 28 0 0 0 0 0 0 0 0 0 0 0 12 0 2 0 0 0 0 0 2 0 1 78 63 2 2 0 69 0 0 0 0 0 0 0 0 0 0 0 0 0 0 0 0 30 0 0 0 0 0 
 0 1 2 2 0 0 1 24 0 0 0 0 0 0 0 0 0 0 0 3 4 0 1 0 1 67 0 0 0 0 0 2 0 1 1 0 0 1 0 1 59 53 64 87 518 27 527 133 319 279 60 242 0 140 31 27 32 240 307 208 43 0 0 0 0 4 0 0 0 5 0 0 0 3 0 0 2 0 4 0 0 0 0 0 0 0 0 0 0 0 0 0 0 0 0 0 0 0 0 0 0 0 0 0 0 1 0 0 16 0 0 0 0 0 0 0 0 0 0 0 27 16 0 0 0 0 29 26 22 0 0 0 30 35 63 0 14 0 1 37 0 0 0 0 0 0 4 0 0 0 6 3 0 0 0 0 0 0 0 0 0 0 0 0 0 0 2 0 0 0 0 0 0 0 0 0 0 5 0 0 0 0 0 0 2 9 0 0 0 0 0 0 0 11 0 0 0 0 0 0 18 19 0 0 0 0 15 22 3 5 0 0 5 37 10 10 0 0 9 1 0 0 0 0 0 0 0 0 0 0 0 0 0 0 0 0 0 0 0 0 0 0 0 0 0 0 0 0 0 0 0 18 0 2 0 0 0 0 0 0 0 0 1 0 1 4 2 0 0 0 0 0 0 0 0 0 0 0 0 0 0 0 0 0 0 0 0 0 0 0 
 0 2 0 0 0 0 0 22 0 0 0 0 0 0 0 0 0 0 1 0 1 0 0 0 0 1 0 0 0 0 0 1 0 0 0 0 0 0 0 28 46 136 100 69 74 40 150 502 125 369 47 50 140 0 226 68 78 103 78 160 0 0 0 0 0 0 0 0 0 0 0 0 0 0 0 0 0 0 0 0 0 0 0 0 0 0 0 0 9 0 0 0 0 0 0 0 0 0 7 0 0 0 0 0 0 0 0 20 0 0 0 0 0 0 0 0 0 0 0 0 6 7 4 13 0 0 10 36 37 19 1 1 2 31 15 13 5 18 0 0 0 0 0 0 0 0 0 0 0 0 0 0 0 0 0 3 0 0 15 0 0 0 0 0 0 0 2 0 0 0 0 0 0 0 0 0 0 3 0 0 0 0 0 0 0 0 0 0 0 0 0 0 0 0 0 0 0 0 0 0 12 29 37 25 0 0 2 6 31 14 12 12 0 0 27 24 14 31 0 0 0 0 0 0 0 0 0 0 0 0 0 0 0 0 0 0 0 0 0 0 0 0 11 0 0 0 0 0 0 0 0 2 0 1 0 0 0 0 0 1 0 0 2 0 0 0 0 0 0 0 13 0 0 0 0 0 0 0 0 0 0 0 0 0 1 0 0 0 0 0 
 0 3 0 0 0 0 0 0 0 0 1 0 0 0 0 0 0 0 0 3 2 0 0 0 0 0 0 2 0 0 0 0 0 0 0 0 0 0 0 0 254 272 272 44 79 280 29 399 73 324 93 51 31 226 0 164 62 32 60 126 0 0 0 0 0 0 0 0 0 0 0 0 0 0 0 0 0 2 0 0 0 0 0 0 0 0 0 10 0 0 0 0 0 0 0 0 0 0 0 0 0 0 0 0 0 0 0 14 0 0 0 0 0 0 0 0 0 0 0 0 0 22 11 41 0 0 1 3 22 67 23 8 15 10 11 40 42 11 0 0 0 12 0 0 0 0 5 0 0 0 0 0 0 0 0 8 0 0 4 0 0 0 0 0 0 0 1 0 0 0 0 0 0 0 0 0 0 4 0 0 0 0 0 0 0 0 18 0 0 0 0 0 0 0 0 0 12 0 0 0 12 27 14 13 2 0 0 35 29 29 10 18 0 0 29 17 29 23 0 0 0 0 0 0 9 0 0 0 0 0 0 0 0 0 0 0 0 0 0 0 0 0 5 0 0 0 0 0 0 0 0 8 0 2 0 0 0 0 0 11 0 0 2 0 0 0 3 0 0 0 0 0 0 0 0 0 0 0 0 0 0 0 0 0 0 11 0 0 0 0 
 0 0 0 0 0 0 0 0 0 0 0 0 0 0 0 0 0 0 0 0 3 2 3 2 3 2 2 2 2 2 2 6 2 3 6 2 2 3 2 3 26 152 193 69 57 62 43 136 109 470 69 270 27 68 164 0 300 223 58 295 5 0 0 0 0 1 8 6 0 6 0 1 0 6 3 0 0 0 0 0 0 0 0 0 0 0 0 0 0 0 0 0 0 8 0 0 0 0 0 0 0 0 0 0 0 0 0 0 0 0 0 0 0 0 0 0 0 0 0 0 0 0 17 22 2 2 0 0 19 42 21 22 0 8 0 12 25 34 0 0 0 9 8 7 0 1 0 2 3 0 0 0 0 0 9 20 6 6 6 0 0 0 0 0 0 0 0 0 0 0 0 0 0 0 0 0 0 0 0 0 0 0 0 0 0 0 0 10 0 0 0 0 0 0 0 0 0 0 0 0 0 13 14 37 11 0 0 0 0 7 76 17 0 0 0 19 8 21 0 0 2 3 27 0 0 0 0 12 7 0 0 0 7 0 0 3 1 0 0 0 0 0 0 0 0 0 0 0 0 0 0 7 0 0 0 0 0 0 0 17 0 0 2 1 0 7 0 5 0 0 21 0 0 0 0 0 0 0 0 0 0 0 0 0 0 25 0 0 2 0 
 2 2 2 2 2 2 2 2 2 11 2 9 2 2 2 2 2 2 2 2 0 0 0 0 0 0 0 0 0 0 0 0 0 0 3 0 0 0 33 0 25 103 137 334 45 49 52 44 93 166 157 83 32 78 62 300 0 278 41 34 0 0 0 0 0 0 0 0 0 9 0 0 0 0 0 0 0 0 0 0 0 0 0 0 0 0 0 0 0 0 0 0 0 0 0 0 0 0 0 0 0 0 0 0 0 0 0 0 0 0 0 0 0 0 0 0 0 0 0 0 3 6 28 25 0 0 9 6 22 19 10 19 4 8 6 5 12 25 0 0 0 0 0 0 0 4 0 0 0 0 0 0 0 5 0 6 0 0 12 0 0 0 0 0 0 0 0 0 0 0 0 0 0 0 0 0 0 0 0 0 0 0 0 0 0 0 0 0 0 0 0 0 0 0 0 0 0 0 0 0 3 11 2 23 21 0 4 0 2 13 36 20 0 3 14 0 2 10 0 0 0 0 0 0 0 0 0 0 0 0 0 3 10 0 0 0 0 0 7 0 0 0 1 0 0 0 0 0 0 0 0 10 0 0 0 0 0 0 0 0 0 0 0 62 0 10 0 0 0 0 3 0 0 0 0 0 0 0 0 0 0 0 0 0 0 16 0 0 2 0 
 2 2 2 111 2 2 2 2 2 2 2 4 2 2 2 2 2 2 3 2 0 0 0 2 0 0 0 0 0 0 2 2 0 0 0 1 2 2 0 60 38 34 222 409 49 40 21 33 304 143 273 116 240 103 32 223 278 0 175 259 8 0 0 0 0 0 0 0 2 4 0 4 2 0 0 0 1 1 0 0 0 0 0 0 0 0 0 0 0 0 0 0 0 0 0 0 0 0 0 0 0 0 0 0 0 0 0 0 0 0 0 0 0 0 0 0 0 0 0 0 0 0 16 3 17 31 0 0 0 0 12 28 0 0 0 0 11 33 0 0 0 0 0 0 0 20 0 0 0 0 0 0 0 6 0 6 0 0 4 0 0 0 0 0 0 0 0 0 0 0 0 0 0 0 0 0 0 0 0 0 0 0 0 0 0 0 0 0 0 0 0 0 0 15 0 0 0 0 0 0 0 0 0 54 43 7 0 0 7 9 21 21 0 0 0 8 0 12 0 0 0 0 0 0 0 0 0 0 0 0 0 0 20 0 18 0 0 0 7 0 0 0 0 0 0 0 0 0 0 0 0 7 0 0 0 0 0 0 0 7 0 0 65 63 2 11 0 62 0 0 9 0 0 0 0 0 0 20 0 0 0 0 0 0 14 14 0 0 0 0 
 0 0 0 61 0 0 0 3 0 0 0 0 0 0 3 0 0 0 0 61 0 0 0 0 16 149 62 0 0 0 2 1 0 0 0 0 0 0 0 0 36 47 22 63 66 117 64 58 103 100 34 30 307 78 60 58 41 175 0 281 4 0 0 0 0 1 9 0 0 1 0 0 5 3 1 0 0 0 0 0 0 0 1 0 0 0 0 0 0 0 0 0 0 0 0 0 0 0 0 0 0 0 0 0 0 14 0 0 0 0 25 0 0 7 0 0 0 0 0 0 35 22 0 0 0 0 40 6 20 0 0 0 39 22 32 0 27 0 27 31 5 5 3 1 0 0 0 5 1 0 7 6 0 0 6 3 4 0 0 0 0 0 0 7 0 0 4 0 0 0 0 0 0 11 0 0 0 0 0 0 0 0 0 0 13 10 0 0 0 0 0 0 0 0 0 0 0 0 0 0 15 2 0 0 0 0 38 12 1 0 0 0 26 8 2 1 0 0 17 34 8 7 19 0 14 0 0 7 0 0 0 0 5 8 0 1 0 0 0 0 0 0 1 0 0 0 0 0 0 0 0 16 0 0 0 0 0 0 0 0 0 0 0 0 0 1 0 0 0 0 0 0 0 0 0 0 0 0 0 0 0 0 0 0 0 0 0 0 1 0 
 0 5 0 2 0 0 0 21 0 0 1 81 0 0 0 0 0 0 0 2 210 0 0 0 1 0 8 0 0 0 0 3 6 6 0 1 0 2 1 5 51 74 39 301 95 46 403 70 73 300 58 47 208 160 126 295 34 259 281 0 0 0 0 42 0 0 0 0 0 0 0 0 2 0 0 0 0 0 0 0 0 0 0 0 0 0 0 0 0 0 0 0 0 0 0 0 0 0 0 0 5 0 6 0 0 0 0 13 0 0 0 18 2 6 6 3 4 3 0 9 12 16 0 0 0 0 42 38 34 0 0 0 4 23 62 1 10 0 0 44 0 0 0 0 0 0 2 0 0 0 3 7 0 0 0 0 0 0 0 0 0 0 0 0 0 11 4 0 0 0 0 0 0 0 0 0 0 1 0 0 1 6 0 0 1 0 7 11 9 0 0 0 0 4 6 3 0 0 1 0 10 9 0 0 0 0 34 14 1 0 0 0 6 49 16 10 0 0 22 1 0 0 0 0 0 0 0 0 0 0 0 0 0 0 0 0 0 0 0 0 0 0 0 0 0 0 0 0 0 0 0 17 0 0 0 0 0 0 0 0 0 0 0 0 2 3 2 0 2 0 0 0 0 0 0 0 0 0 0 0 0 0 0 0 0 0 0 0 0 0 
 0 3 0 0 0 0 0 0 0 0 0 0 0 1 0 0 0 0 0 0 0 0 0 0 3 0 0 0 0 0 1 0 36 0 3 0 0 0 0 0 0 0 6 7 2 0 0 0 1 7 3 3 43 0 0 5 0 8 4 0 0 80 86 49 38 65 310 291 265 43 35 51 81 118 227 46 53 46 35 47 0 1 0 0 0 0 0 0 0 0 0 0 0 0 0 0 0 0 0 0 0 0 0 0 0 0 0 0 14 0 0 0 0 0 0 0 0 0 0 0 0 0 0 1 7 12 0 0 0 0 7 0 0 0 0 0 1 12 0 0 0 7 63 7 0 0 0 0 32 10 0 0 0 18 39 17 39 16 23 2 0 0 0 5 0 0 0 0 0 0 0 0 0 0 0 0 0 0 0 0 0 0 0 0 0 13 0 0 0 0 0 0 0 0 0 0 0 0 0 0 0 0 0 0 23 3 0 0 0 7 0 3 0 0 0 0 0 0 0 0 36 23 33 0 0 0 1 24 27 15 9 0 13 9 25 65 15 35 2 0 23 0 0 0 0 0 0 0 0 0 0 0 0 0 13 0 0 0 0 0 0 0 0 0 0 0 0 5 0 0 6 0 0 0 1 0 0 0 0 0 0 0 0 0 0 0 0 4 0 0 
 0 0 0 0 0 0 0 0 0 0 0 0 0 0 2 0 0 3 0 0 2 0 5 0 1 0 0 0 0 0 0 0 0 0 2 0 0 0 0 0 0 0 0 0 0 0 0 0 0 0 0 2 0 0 0 0 0 0 0 0 80 0 226 63 45 50 94 282 236 52 40 39 56 81 467 209 270 64 35 63 0 0 0 0 0 0 0 0 0 0 0 0 0 0 0 0 0 0 0 0 0 0 0 0 0 0 0 0 0 0 0 0 0 0 0 0 0 0 0 0 0 0 0 0 0 0 0 0 0 0 0 0 0 0 0 0 0 0 0 0 0 0 0 23 0 5 0 0 17 35 0 10 0 0 0 0 0 17 0 0 0 0 0 0 0 0 0 0 0 0 0 0 0 0 0 0 0 0 0 0 0 0 0 10 0 0 0 0 0 0 0 0 0 0 0 0 0 0 0 0 0 0 0 0 0 0 0 8 0 0 0 0 0 0 0 0 0 0 0 0 0 0 14 10 6 4 0 0 46 19 25 1 0 0 0 8 6 46 0 0 9 0 0 0 0 0 0 0 0 0 0 0 0 0 6 0 0 0 0 0 0 0 0 0 0 0 9 0 0 0 17 0 0 3 1 0 0 0 0 0 0 0 0 0 0 0 0 20 0 0 
