 0 98 83 52 31 52 353 251 146 46 44 37 88 159 230 23 35 256 39 246 0 0 0 1 3 0 6 0 3 0 2 2 0 0 3 3 0 0 0 0 2 21 13 1 0 0 3 0 0 11 4 0 0 0 2 3 0 3 0 0 3 0 0 0 3 0 0 6 3 0 3 0 0 0 5 0 0 0 3 0 11 27 66 0 0 0 0 39 20 0 0 0 0 3 38 12 0 35 0 0 0 0 0 0 0 0 0 11 1 1 0 0 0 0 0 0 0 0 0 0 0 0 0 0 0 0 0 0 0 0 0 0 0 0 0 0 0 0 0 0 0 0 0 0 0 0 0 0 0 0 0 0 0 0 0 0 0 2 0 0 15 18 1 0 0 0 36 21 1 0 0 5 0 16 27 2 0 6 0 11 0 0 0 0 18 0 0 0 0 0 0 0 0 0 0 0 0 0 0 0 0 0 0 0 0 0 0 0 0 0 0 0 0 0 0 0 0 0 0 18 0 0 0 1 0 0 0 0 0 0 0 0 0 0 0 0 7 0 0 0 0 2 0 0 0 0 0 0 4 0 0 7 0 0 0 0 0 0 0 0 0 0 0 0 0 0 0 0 0 0 0 0 0 0 0 0 0 0 0 0 0 0 0 0 0 0 0 0 0 0 
 98 0 478 285 48 257 62 360 638 262 36 249 54 102 333 355 448 53 22 55 0 1 0 1 3 2 3 0 3 1 2 1 2 72 3 1 1 0 36 1 2 6 1 1 0 0 3 0 0 2 0 0 0 0 38 3 0 3 0 0 3 0 0 3 3 0 37 3 3 0 2 0 0 0 0 0 0 0 3 0 0 12 8 0 1 0 0 1 26 41 10 5 0 0 1 29 35 52 0 0 0 0 0 0 0 0 0 2 0 0 0 0 0 0 0 0 0 0 0 1 0 2 0 0 0 0 0 0 9 0 0 14 0 0 3 0 0 0 0 0 0 7 0 0 0 0 0 6 0 3 0 0 0 0 0 0 1 0 0 0 9 32 33 1 0 0 0 13 28 39 44 0 2 1 25 21 14 15 0 0 0 0 0 0 0 0 0 0 0 0 0 0 0 14 0 0 0 0 0 0 0 0 0 0 0 0 0 0 0 1 0 0 0 0 0 0 0 0 1 0 0 0 0 0 0 0 0 0 0 0 0 0 0 0 0 0 6 3 0 0 0 58 0 0 0 4 2 0 0 2 0 2 0 2 0 0 0 0 1 0 0 0 11 0 0 0 2 0 0 0 0 0 0 0 0 18 0 13 0 0 0 0 0 0 0 0 0 0 0 0 
 83 478 0 133 54 38 66 97 208 423 44 39 49 109 344 196 181 316 34 64 0 0 0 2 3 0 101 0 3 0 2 0 0 0 5 3 2 0 1 1 0 4 0 2 0 0 3 0 0 2 0 0 0 0 1 3 0 3 0 2 3 0 2 2 3 0 0 5 3 0 2 0 0 1 3 0 2 0 3 2 0 9 23 29 0 3 0 0 9 50 25 27 0 0 2 15 53 12 0 0 0 0 0 0 0 0 0 0 0 0 0 0 0 10 0 0 0 0 0 0 0 9 0 0 0 0 0 0 27 0 0 10 0 0 0 0 0 0 0 2 2 4 0 0 0 0 0 2 0 2 0 0 0 0 0 0 0 0 0 0 0 18 33 64 0 39 0 14 46 26 38 11 0 0 13 42 28 55 0 0 0 0 0 0 0 0 0 0 0 0 0 0 0 0 0 0 0 0 0 0 0 0 0 0 0 0 0 0 0 0 0 0 0 0 0 0 0 0 0 0 0 0 0 0 0 0 0 0 0 0 0 0 0 0 0 0 0 0 0 0 0 20 0 0 0 3 7 1 0 5 0 8 16 0 0 0 0 0 0 13 0 0 7 0 0 0 0 0 0 0 0 0 0 0 1 37 0 15 0 0 0 0 0 0 0 0 0 0 0 0 
 52 285 133 0 93 30 74 83 108 419 168 427 67 72 77 54 130 340 106 61 0 0 0 1 3 0 3 2 3 0 4 0 0 0 3 2 0 0 0 0 0 0 0 2 0 0 3 0 0 2 0 0 0 0 2 3 0 3 0 0 3 0 0 0 3 0 0 3 4 0 3 0 0 0 0 0 45 0 4 0 0 2 17 47 34 16 1 0 39 19 43 29 0 0 0 0 10 0 0 0 0 0 0 0 0 0 0 0 0 0 0 0 2 0 0 0 0 0 14 0 0 0 0 1 0 8 0 0 0 0 0 0 3 0 0 0 0 18 0 0 0 0 0 0 0 0 0 2 2 2 0 0 1 0 0 5 0 0 0 0 1 3 0 46 33 29 2 2 19 0 1 16 0 0 0 54 2 42 0 0 0 0 0 0 0 0 0 2 0 0 0 0 0 0 0 0 0 0 13 1 0 0 0 0 0 0 0 2 0 7 0 0 0 0 0 0 0 0 1 0 0 0 0 0 0 0 0 0 0 0 0 0 0 0 10 0 1 0 0 2 0 15 0 0 0 42 11 2 0 54 1 5 16 0 0 0 0 0 0 0 0 0 1 0 0 0 0 0 0 2 0 0 0 0 0 12 16 1 0 0 0 0 0 0 0 11 0 0 0 0 
 31 48 54 93 0 477 240 280 120 93 82 421 68 102 56 85 66 38 258 90 0 0 0 36 3 0 3 211 3 80 2 0 0 2 3 3 0 0 11 1 0 0 0 0 0 0 4 0 0 2 0 2 0 4 2 42 0 3 0 2 3 0 1 0 5 45 0 3 9 0 3 2 0 0 0 0 47 0 3 2 0 0 0 7 14 42 0 0 0 0 15 0 0 0 0 0 0 0 0 0 0 0 0 0 0 12 13 1 0 0 0 0 41 0 2 0 0 0 41 13 0 0 0 0 22 0 0 0 0 0 0 0 0 0 0 0 0 0 0 0 0 0 5 0 0 0 7 2 1 0 0 5 0 0 0 0 0 0 0 0 0 6 0 12 31 47 0 0 0 0 0 28 0 0 2 0 0 0 0 0 1 0 0 0 0 0 46 0 0 0 0 0 13 0 0 0 0 0 48 5 0 0 0 0 0 0 0 0 0 0 0 0 0 0 0 0 0 0 0 0 0 0 0 0 0 0 0 0 0 0 0 0 0 0 0 0 0 0 0 0 0 0 0 0 0 5 3 0 0 4 3 8 0 2 0 0 0 0 0 0 0 0 0 0 0 0 0 0 0 0 0 0 0 0 0 0 0 0 0 0 0 0 0 0 0 0 0 0 0 0 
 52 257 38 30 477 0 118 38 148 56 201 80 111 80 54 91 52 51 37 54 0 0 0 0 5 0 4 0 3 1 2 0 5 0 4 76 1 0 323 4 2 0 0 0 0 0 15 0 0 2 63 62 0 72 2 3 0 3 0 0 3 0 0 0 3 0 0 3 3 0 3 0 0 5 0 0 0 0 3 0 0 0 0 0 0 50 0 0 0 0 0 0 0 0 0 0 0 0 0 0 12 0 2 0 0 0 32 21 6 0 0 0 43 0 40 0 0 0 40 18 0 0 0 0 13 0 0 0 0 0 0 0 0 0 0 0 0 0 0 0 0 0 7 0 0 0 52 2 10 0 2 6 0 0 0 0 0 1 0 0 0 0 0 0 16 13 0 0 0 4 0 0 0 0 4 1 0 0 1 0 2 0 0 0 2 0 37 0 2 0 1 0 21 1 3 0 0 0 31 39 0 0 0 0 0 0 0 0 0 0 0 0 0 0 0 0 0 0 0 0 0 0 0 16 0 0 0 0 0 0 0 0 0 0 0 0 2 0 0 0 0 0 0 0 0 0 1 0 4 0 0 20 2 0 0 0 0 0 0 0 0 0 0 0 0 0 0 0 0 0 0 0 0 0 0 0 0 0 0 0 0 0 0 0 0 0 0 0 0 0 
 353 62 66 74 240 118 0 76 60 50 19 110 465 348 33 243 39 263 47 292 0 0 0 2 3 0 3 0 3 2 4 0 0 0 3 2 0 0 0 2 1 0 5 2 0 0 3 0 120 2 0 0 0 0 3 3 0 2 0 0 3 0 0 0 3 0 0 3 2 4 8 0 0 0 2 0 0 0 3 0 55 29 77 0 0 0 14 33 1 0 0 5 38 54 57 32 0 10 12 17 0 0 0 0 0 0 0 0 0 42 0 0 0 0 0 0 0 0 0 0 0 1 0 1 0 0 0 0 0 0 0 0 0 0 0 0 0 0 0 0 0 0 0 0 0 0 0 2 0 0 1 0 0 0 0 0 0 1 0 0 34 1 0 0 0 0 32 31 0 0 0 7 16 34 27 2 0 0 2 11 0 0 0 0 1 0 0 0 1 0 0 0 2 0 1 0 13 0 1 0 0 0 0 0 0 0 0 0 0 0 0 0 0 0 0 0 0 0 0 0 0 0 0 0 0 0 0 0 0 0 0 0 1 0 0 0 1 0 0 0 0 2 0 0 0 0 0 0 0 1 0 23 0 0 2 0 0 0 0 2 2 0 0 0 0 0 0 0 0 0 0 0 0 0 0 0 0 0 0 0 0 0 0 0 0 0 0 0 0 0 
 251 360 97 83 280 38 76 0 79 41 249 23 108 344 355 116 22 40 43 41 0 0 0 2 3 0 3 0 3 74 2 0 0 0 3 3 0 0 0 0 1 3 1 0 27 0 3 0 0 2 0 0 0 0 3 3 0 2 54 0 3 0 0 0 3 0 0 3 2 0 3 0 0 0 0 0 0 0 3 0 0 15 31 0 0 0 0 0 13 24 0 13 0 25 17 0 15 26 0 13 11 0 0 0 0 0 0 0 0 0 0 0 0 0 0 0 0 0 0 0 0 0 0 0 0 0 0 0 0 0 0 0 0 0 0 0 0 0 0 0 0 0 0 0 0 0 0 0 0 0 0 0 0 0 0 29 0 0 0 0 3 31 13 0 0 0 0 13 14 1 20 4 0 13 15 0 14 6 0 0 0 0 0 0 0 0 0 0 0 0 0 0 0 0 0 0 0 0 0 0 0 0 0 0 0 0 0 0 0 0 0 0 0 0 0 0 0 0 11 0 0 0 10 0 0 0 0 0 0 0 0 0 0 0 0 0 0 0 0 0 0 0 0 0 0 2 0 0 0 0 0 12 0 0 0 0 0 0 0 0 0 0 0 0 0 0 0 0 0 0 0 0 0 0 0 5 0 0 0 0 0 0 0 0 0 0 0 0 0 0 
 146 638 208 108 120 148 60 79 0 439 82 234 90 135 168 264 571 536 75 101 0 97 73 4 3 0 106 74 5 2 2 7 0 206 3 3 0 0 0 0 0 23 0 63 0 0 3 4 0 2 0 71 0 0 3 3 0 2 0 0 40 0 0 0 3 0 0 5 2 3 5 0 0 0 0 1 0 0 3 0 0 9 47 34 0 0 0 2 7 69 9 25 0 1 0 21 47 11 0 0 0 0 0 0 0 0 0 0 0 0 0 0 0 0 0 0 14 0 0 0 0 0 0 1 0 0 0 0 0 0 0 8 19 0 0 0 0 0 0 0 0 3 1 0 0 0 0 2 0 1 0 0 0 0 0 0 0 9 0 0 0 19 28 25 1 22 0 15 49 28 61 0 0 0 13 38 25 64 0 0 0 0 0 0 0 0 0 0 0 0 0 0 0 0 0 0 0 1 0 0 0 0 0 0 0 0 0 0 0 0 0 0 14 2 0 1 0 0 0 0 0 0 0 0 0 0 0 0 0 14 0 0 2 0 14 0 0 0 0 14 0 20 0 0 1 3 9 0 2 3 0 18 15 2 0 0 0 0 0 0 0 0 11 0 0 0 1 0 0 0 0 0 0 0 0 21 0 18 0 0 0 0 0 7 0 0 0 0 0 0 
 46 262 423 419 93 56 50 41 439 0 453 72 54 100 96 393 277 145 68 105 0 0 0 1 5 0 3 2 4 0 2 0 0 2 3 1 1 0 0 0 2 0 1 1 0 0 4 0 0 2 0 0 0 0 67 3 0 2 0 0 3 0 0 3 3 0 0 9 2 0 3 0 0 0 2 0 0 0 3 0 0 0 11 52 28 0 0 0 17 29 101 44 0 0 0 39 19 9 0 0 0 0 0 0 0 0 0 2 0 0 0 0 0 0 0 0 0 0 0 1 0 0 0 1 0 0 0 0 0 0 0 10 0 0 0 0 0 0 0 0 0 0 0 0 0 0 0 0 0 1 0 0 0 0 0 2 0 0 8 0 0 0 12 27 15 21 0 0 51 33 19 34 2 0 1 16 10 32 0 0 0 0 0 5 0 0 1 0 0 10 0 0 0 0 3 0 0 0 0 0 0 0 6 0 0 0 0 0 0 0 0 0 0 0 0 0 0 0 1 0 0 0 0 0 0 0 0 0 0 0 0 0 0 0 0 0 0 0 0 2 0 17 0 0 0 1 178 0 0 188 0 2 14 0 0 0 0 0 0 0 0 0 11 0 0 0 0 0 0 0 0 0 0 0 0 26 19 18 0 0 0 0 0 0 0 0 0 0 0 0 
 44 36 44 168 82 201 19 249 82 453 0 456 29 47 259 92 179 540 44 292 0 0 0 1 3 0 3 0 3 0 2 0 0 0 3 2 0 1 0 0 0 0 0 1 0 0 3 3 0 2 0 0 0 0 3 3 0 2 0 0 2 0 0 0 3 0 0 3 2 0 3 0 0 0 0 0 0 0 3 0 0 0 22 50 56 17 0 0 6 12 38 40 0 0 0 1 10 0 0 0 0 0 0 0 0 0 12 0 0 0 0 0 0 0 0 0 0 0 30 0 0 0 7 0 0 0 0 0 0 0 0 0 0 0 0 0 0 0 0 0 0 0 0 0 0 0 0 2 0 0 0 0 0 0 0 3 0 0 0 0 0 0 0 35 43 30 0 0 22 0 0 36 0 0 0 12 0 36 0 0 0 0 0 0 0 36 0 0 0 0 6 0 0 0 0 0 0 0 35 0 0 0 0 0 0 0 0 0 0 0 0 0 0 0 0 0 0 0 0 0 0 0 0 0 0 0 0 0 0 0 0 0 0 0 0 0 10 0 0 0 0 21 0 0 0 8 54 2 0 103 0 2 15 3 0 0 0 0 0 0 0 0 0 0 1 0 0 0 0 0 0 0 0 0 0 9 8 0 0 0 0 0 0 0 0 0 0 0 0 0 
 37 249 39 427 421 80 110 23 234 72 456 0 111 50 30 489 137 61 31 48 0 2 1 3 5 0 6 0 36 1 6 0 0 0 2 1 2 74 3 0 4 0 2 0 0 0 6 0 1 5 0 2 0 0 1 5 0 6 0 5 5 2 2 0 4 0 0 37 5 2 2 0 0 0 0 0 1 39 5 0 0 0 2 33 46 50 0 0 0 1 30 30 0 0 0 0 0 0 0 0 0 0 8 2 0 0 0 0 0 13 0 1 40 24 0 0 0 0 71 0 2 0 0 0 1 0 0 0 0 0 0 0 0 0 0 1 0 0 0 0 0 0 5 0 0 0 0 2 0 0 0 0 0 0 0 21 0 0 0 0 0 0 0 19 34 25 0 0 0 1 0 43 0 0 0 0 7 0 0 2 0 0 0 0 0 0 11 0 0 0 0 0 10 0 0 0 1 0 45 0 0 0 0 0 0 0 0 0 0 0 0 0 0 0 0 0 1 0 0 0 0 0 0 0 1 0 0 9 0 0 0 0 3 0 0 0 0 0 2 0 0 0 0 0 0 0 173 0 8 188 2 7 2 0 1 0 0 0 0 0 0 0 0 0 0 0 0 0 0 1 1 0 0 0 0 0 18 0 0 0 0 0 0 0 0 0 0 0 0 0 
 88 54 49 67 68 111 465 108 90 54 29 111 0 299 55 41 35 120 459 210 0 0 0 1 3 0 3 1 3 0 4 0 0 0 3 1 0 0 0 0 1 1 0 63 0 0 3 0 0 2 0 0 0 0 2 3 0 3 0 0 3 0 0 0 3 0 0 3 3 0 7 0 0 0 0 0 0 0 3 0 47 27 2 1 0 0 44 35 0 0 0 0 35 26 79 0 0 0 8 29 0 0 0 0 0 0 0 0 0 0 0 0 1 0 0 0 0 0 0 0 0 0 0 18 0 0 0 0 0 1 7 0 0 0 0 0 0 0 0 0 0 1 0 0 0 0 0 0 1 0 0 0 2 2 0 0 0 0 0 0 18 0 0 0 0 0 34 15 0 0 0 39 28 20 20 20 1 0 2 56 0 0 0 0 0 0 0 0 0 0 0 0 0 0 0 0 2 0 0 2 0 0 0 1 0 0 0 0 0 0 10 0 0 0 0 0 0 0 0 0 0 0 0 0 0 0 0 0 0 0 19 0 15 0 0 0 0 0 0 0 0 0 0 0 0 3 0 0 0 2 0 5 0 0 2 0 0 0 0 0 0 0 0 0 0 0 0 0 0 0 0 0 0 0 0 0 0 0 0 0 0 0 0 0 0 0 0 0 0 0 
 159 102 109 72 102 80 348 344 135 100 47 50 299 0 757 68 57 40 62 98 0 0 0 1 3 74 3 0 3 0 2 0 0 0 2 1 0 0 0 0 2 1 4 0 0 0 3 0 0 2 0 0 0 0 1 3 0 3 0 0 3 0 0 0 3 0 0 3 3 0 42 0 0 0 0 0 0 0 3 0 34 27 40 0 0 21 0 20 24 0 0 21 0 17 38 0 0 65 0 11 0 0 0 0 0 0 0 0 0 0 0 0 0 0 0 0 0 0 0 0 0 0 0 0 0 0 0 0 0 0 0 1 0 0 0 0 0 0 0 13 0 0 12 0 0 0 0 0 0 0 0 0 0 0 0 0 0 0 0 0 20 15 0 0 0 0 23 32 1 0 20 16 0 24 20 0 0 5 0 6 0 0 0 0 0 0 0 0 0 0 0 0 0 0 0 0 0 0 0 0 0 0 0 0 0 0 0 0 29 0 0 14 0 0 0 0 0 0 0 0 0 0 0 0 0 0 0 0 0 0 0 0 0 0 0 0 0 0 0 0 0 0 18 0 0 3 0 0 2 1 1 11 2 0 0 0 0 0 2 0 0 0 0 0 0 0 0 2 0 0 0 0 0 0 0 0 0 0 0 0 0 0 0 0 0 0 0 0 0 0 
 230 333 344 77 56 54 33 355 168 96 259 30 55 757 0 259 136 62 57 169 0 0 0 2 78 2 4 0 3 1 2 0 0 0 3 3 1 2 0 0 1 3 0 2 0 0 3 0 0 2 0 0 0 0 3 3 0 4 0 0 2 0 0 0 3 0 0 3 2 0 3 0 0 0 0 0 0 0 3 0 0 12 15 0 0 0 0 14 20 29 1 10 6 12 10 20 27 29 0 15 0 0 0 0 0 0 0 0 0 0 0 0 0 11 0 0 0 0 2 0 0 0 0 0 0 0 0 1 0 0 0 0 0 0 0 0 0 0 0 0 0 11 0 0 0 0 0 2 0 4 0 0 0 0 0 0 0 2 0 0 1 34 36 0 0 9 1 29 8 23 43 13 0 0 34 40 17 6 0 0 0 0 0 0 2 0 0 0 1 0 0 0 0 0 0 0 0 0 1 0 0 14 0 0 0 0 0 0 0 0 0 0 0 0 0 0 2 0 0 0 14 0 0 0 0 0 1 0 0 0 0 0 0 0 0 0 6 0 0 0 0 3 0 0 0 2 0 0 0 0 0 5 0 0 0 0 0 0 0 0 0 0 10 0 0 0 0 0 0 12 0 0 0 0 0 8 0 0 0 0 0 0 0 0 0 0 0 0 0 0 
 23 355 196 54 85 91 243 116 264 393 92 489 41 68 259 0 255 224 49 53 83 0 0 1 5 0 3 0 3 0 5 0 0 0 2 83 0 0 0 120 2 3 0 2 0 0 3 0 3 2 3 26 0 0 1 7 0 3 0 0 3 0 0 0 2 0 47 3 3 0 1 0 0 0 0 6 0 0 3 4 0 20 16 9 0 0 0 1 34 38 1 28 0 0 1 16 77 17 0 0 0 0 0 0 0 0 0 2 0 0 0 0 2 0 0 0 0 0 0 1 0 0 0 1 0 0 0 0 0 0 0 13 2 0 0 0 0 0 0 0 0 6 0 0 0 0 0 2 0 5 0 0 0 0 0 2 0 0 0 0 1 23 33 20 0 13 2 13 48 23 30 0 2 0 16 30 14 42 0 0 0 0 0 0 0 0 1 2 0 0 7 0 0 1 0 0 0 0 0 0 0 0 0 0 0 0 0 2 0 1 0 0 0 0 0 0 0 0 1 0 0 0 0 0 0 0 0 0 0 0 0 0 0 0 1 0 0 0 0 2 0 23 0 0 0 0 2 2 0 1 0 5 13 0 0 0 0 0 0 0 0 0 1 0 0 0 0 0 0 0 0 0 0 0 0 24 1 17 0 0 0 0 0 0 0 0 0 0 0 0 
 35 448 181 130 66 52 39 22 571 277 179 137 35 57 136 255 0 470 40 32 0 0 0 0 3 0 3 1 3 0 4 0 1 0 2 2 0 0 207 0 18 4 0 1 0 0 3 0 0 2 0 0 0 0 1 3 0 3 0 0 3 0 0 0 3 0 0 3 3 0 2 0 0 0 0 0 33 0 3 0 0 0 20 12 0 0 0 9 5 18 14 28 0 1 0 1 42 10 0 0 1 0 0 0 0 0 0 0 0 0 0 0 0 0 0 0 0 2 12 0 0 0 2 0 1 0 1 0 2 9 0 30 0 13 0 0 0 0 0 0 0 2 0 0 0 0 0 1 0 0 0 1 0 0 0 5 0 0 0 0 0 10 11 28 18 20 1 2 56 27 17 0 0 0 14 14 21 34 0 0 0 0 0 1 0 0 0 0 0 0 0 1 0 0 0 0 0 0 1 0 0 0 0 0 0 0 0 0 0 0 0 0 0 9 0 0 0 0 0 0 0 0 0 0 0 0 0 0 0 2 2 0 0 0 19 0 0 0 0 0 0 20 0 0 0 1 88 0 2 0 0 13 15 0 2 0 0 0 0 0 0 0 1 0 0 0 0 0 0 0 0 0 0 0 0 13 0 23 0 0 0 0 0 0 0 0 0 0 0 0 
 256 53 316 340 38 51 263 40 536 145 540 61 120 40 62 224 470 0 138 128 0 0 0 1 76 0 25 0 3 0 2 0 0 2 2 1 2 2 74 0 2 0 0 71 0 0 3 0 0 2 63 0 0 0 1 3 1 5 0 0 3 0 0 0 3 0 0 3 3 0 2 1 0 6 0 0 0 0 3 0 0 0 4 34 29 1 0 0 0 89 31 27 0 7 0 25 15 2 0 40 0 0 0 0 0 0 0 0 0 0 0 0 0 0 0 0 0 0 0 0 0 0 0 0 0 0 0 0 0 0 0 10 0 0 0 0 0 0 0 0 0 0 1 0 0 0 0 0 13 0 0 0 0 0 0 0 0 2 0 0 0 0 11 27 0 21 0 0 27 39 21 38 2 0 0 19 0 24 14 0 0 0 0 0 2 0 0 0 1 0 0 0 0 0 0 0 0 1 1 0 0 13 0 0 0 0 0 0 0 0 0 0 0 1 0 11 57 0 0 0 0 0 0 0 0 0 0 0 0 0 9 0 0 0 0 0 1 0 0 0 0 18 0 0 0 0 88 0 2 176 0 6 14 2 0 0 0 0 0 0 0 0 12 0 0 0 1 0 0 0 0 0 0 0 0 15 13 0 0 0 0 0 0 0 0 0 0 0 0 0 
 39 22 34 106 258 37 47 43 75 68 44 31 459 62 57 49 40 138 0 344 0 0 0 2 5 0 3 0 3 0 2 0 0 0 3 2 0 1 0 0 0 0 0 33 0 0 3 0 52 2 0 0 0 0 2 3 0 3 0 5 3 0 0 6 3 0 0 4 3 0 11 0 0 0 0 0 0 0 3 0 18 0 1 0 0 0 40 15 0 0 0 0 58 24 0 0 0 0 22 26 9 0 0 0 0 0 0 2 0 0 0 0 0 0 0 0 0 0 0 0 0 0 0 0 0 0 0 1 0 0 0 0 0 0 0 0 0 0 0 0 0 0 0 0 0 0 0 2 0 0 0 0 0 0 0 0 7 0 0 0 12 0 0 0 0 0 14 1 0 0 0 0 33 1 1 0 0 0 12 21 0 0 0 0 0 0 0 0 0 0 0 0 2 0 0 0 0 0 0 0 0 0 0 18 0 0 0 0 0 1 0 0 1 0 0 0 0 0 0 0 0 0 0 0 0 0 0 0 0 0 0 0 0 0 0 0 0 0 0 0 0 0 0 0 0 3 0 0 1 0 0 5 0 0 0 0 0 0 0 0 0 0 0 0 0 0 0 0 0 0 0 0 0 0 0 0 0 0 0 0 0 0 0 0 0 0 0 0 0 0 
 246 55 64 61 90 54 292 41 101 105 292 48 210 98 169 53 32 128 344 0 0 0 0 1 10 0 5 0 3 0 2 0 0 3 5 40 0 0 2 2 1 0 4 111 0 0 65 0 0 7 4 0 0 0 2 65 2 65 0 0 3 0 0 3 3 0 0 3 2 0 10 0 0 2 3 0 0 0 5 0 36 16 1 0 0 0 25 19 0 0 0 0 29 21 52 0 0 2 6 41 0 0 0 0 0 0 0 0 1 0 0 0 0 0 0 0 0 0 0 0 0 0 0 0 0 0 0 0 0 0 0 0 0 0 0 0 0 0 0 0 0 0 0 0 0 0 0 1 10 0 0 0 0 0 0 0 0 1 0 0 10 0 1 0 0 0 35 0 0 0 0 2 11 24 1 1 0 0 0 18 0 0 0 0 0 0 0 0 2 0 0 0 0 0 0 0 0 0 2 0 0 0 0 0 0 0 0 0 0 0 0 0 0 0 0 0 0 0 0 0 0 0 0 0 0 0 2 0 0 0 0 0 0 11 0 0 2 0 0 0 0 2 0 0 0 0 0 0 0 0 0 11 0 0 0 0 0 0 0 0 0 0 0 0 0 0 0 0 0 0 0 0 0 0 0 0 0 0 0 0 0 0 0 0 0 0 0 0 0 0 
 0 0 0 0 0 0 0 0 0 0 0 0 0 0 0 83 0 0 0 0 0 115 82 86 36 39 347 424 241 245 249 49 49 114 400 34 43 30 39 240 2 0 0 0 0 3 2 0 5 0 0 2 0 6 0 0 0 1 0 0 0 0 0 0 0 0 0 0 0 0 0 0 3 0 0 0 0 2 0 0 0 0 0 0 0 0 0 0 0 0 0 0 0 0 0 0 0 0 0 0 27 35 78 8 0 0 0 36 2 1 21 0 0 27 0 14 8 19 0 31 0 0 0 0 0 0 0 0 0 0 0 0 0 11 0 0 0 1 0 0 0 0 0 0 11 0 0 2 0 0 0 0 0 0 0 0 0 0 0 0 0 0 0 0 0 11 0 0 2 0 0 0 0 2 0 0 0 0 0 0 49 23 37 2 0 0 0 33 39 2 0 0 2 42 36 13 37 1 0 0 0 0 0 0 0 0 2 0 0 2 0 0 0 0 0 0 0 0 0 0 0 0 0 0 0 0 0 11 0 0 0 0 0 0 0 0 0 0 0 0 0 0 0 0 0 2 0 0 0 0 0 0 0 0 7 0 0 0 0 0 0 1 0 0 0 0 0 0 0 0 0 0 0 0 0 0 0 0 0 0 0 0 0 0 0 0 0 0 0 0 
 0 1 0 0 0 0 0 0 97 0 0 2 0 0 0 0 0 0 0 0 115 0 464 58 125 30 107 622 614 265 31 35 148 94 359 288 283 62 79 41 2 0 0 0 0 3 2 0 208 0 0 6 0 4 3 220 0 0 0 0 0 0 0 69 0 0 0 0 10 46 0 0 3 0 0 0 0 5 0 0 0 0 0 0 0 0 0 0 0 0 0 0 0 0 0 0 0 0 0 0 0 38 23 37 1 0 0 14 25 63 63 0 0 0 14 42 37 59 0 0 0 0 0 0 0 0 0 0 0 0 0 0 0 0 0 0 0 0 0 0 0 0 0 0 4 1 0 2 0 0 0 0 0 0 0 0 0 10 0 0 0 0 0 0 0 2 0 0 1 0 0 0 14 0 0 0 0 0 0 6 0 22 33 39 35 0 0 1 55 59 32 55 0 28 25 67 28 21 0 0 0 0 0 0 0 0 0 0 0 0 2 0 0 1 0 0 0 0 0 0 0 0 0 2 0 0 0 0 0 0 2 0 1 0 13 0 0 0 0 0 0 0 12 0 0 0 0 0 0 0 0 0 0 0 7 1 0 0 0 0 0 8 0 0 0 0 8 0 1 0 0 0 0 0 0 0 0 0 0 0 0 3 0 8 0 0 4 0 0 0 
 0 0 0 0 0 0 0 0 73 0 0 1 0 0 0 0 0 0 0 0 82 464 0 105 33 244 94 91 394 276 36 30 52 49 57 168 175 384 38 245 63 0 0 0 0 3 2 0 0 0 0 2 0 5 1 0 0 1 0 0 47 0 4 0 0 0 0 0 4 0 0 0 3 0 0 0 0 2 0 0 0 17 0 0 0 0 0 0 0 0 0 0 0 0 0 0 0 0 0 0 0 14 27 62 12 12 0 13 27 107 28 45 0 0 13 48 40 61 0 0 0 0 0 0 0 0 0 0 0 0 0 0 0 0 0 0 0 0 0 0 0 0 0 0 0 0 0 0 0 13 0 0 0 0 0 0 0 0 0 0 0 0 0 0 0 0 0 0 0 0 0 0 0 29 0 0 0 0 0 2 0 13 26 50 37 0 0 9 0 37 55 62 0 0 13 74 16 28 0 0 0 0 0 0 0 0 0 0 0 0 0 0 1 0 0 0 0 0 0 0 0 0 0 0 0 0 0 0 0 0 0 0 0 0 0 0 0 0 0 0 0 0 10 0 0 0 0 0 0 0 0 0 0 0 13 0 0 7 12 0 14 10 0 0 0 0 8 0 0 0 0 0 0 0 0 0 0 0 0 0 0 26 0 0 0 0 12 0 0 0 
 1 1 2 1 36 0 2 2 4 1 1 3 1 1 2 1 0 1 2 1 86 58 105 0 176 61 114 52 165 293 133 259 68 570 84 52 204 293 267 73 10 0 0 0 0 3 2 0 0 0 0 2 0 5 0 0 0 0 0 2 0 0 0 0 0 0 1 0 6 15 0 0 3 0 44 0 0 2 0 0 0 0 0 0 0 0 0 0 12 0 0 0 0 0 0 0 0 0 0 0 0 0 0 41 53 23 0 0 0 0 11 33 0 0 0 0 0 5 15 0 0 0 0 0 0 0 0 0 0 0 0 0 2 0 1 0 0 0 2 37 0 0 0 0 0 7 0 0 0 0 0 0 0 0 0 0 4 0 0 1 0 0 0 0 0 0 0 0 0 0 0 0 0 0 0 0 0 0 0 0 0 0 34 0 21 31 0 2 0 0 33 11 0 0 0 18 1 0 0 0 0 0 0 0 0 0 0 0 0 0 0 0 26 0 0 0 0 0 0 1 0 0 0 0 0 0 0 0 0 0 0 0 0 0 0 0 0 0 0 0 0 0 0 0 0 0 0 0 0 1 0 0 0 0 7 4 2 57 4 0 1 1 0 0 0 0 0 0 0 0 0 0 0 9 0 0 0 0 0 0 0 27 0 0 0 0 23 0 0 3 
 3 3 3 3 3 5 3 3 3 5 3 5 3 3 78 5 3 76 5 10 36 125 33 176 0 367 51 47 68 110 82 340 38 75 59 518 98 39 134 96 1 0 0 2 0 3 2 5 0 0 0 2 0 5 0 0 0 2 1 0 0 2 0 2 0 0 3 0 0 7 0 1 9 0 0 0 0 2 0 0 0 0 0 0 0 0 0 0 0 0 0 0 0 0 0 0 0 3 0 0 2 0 1 0 25 38 0 0 0 0 2 1 0 0 0 0 0 0 0 0 0 0 1 0 0 0 42 54 0 0 2 0 43 10 1 0 0 0 53 30 11 1 0 0 0 2 0 0 0 0 0 20 0 0 4 0 1 0 0 9 2 0 0 0 0 0 0 12 34 0 0 0 0 2 0 0 0 0 0 18 0 0 14 2 10 70 0 0 0 0 1 0 0 0 0 0 0 0 0 0 10 8 0 0 0 0 37 1 0 0 16 0 60 2 0 0 0 0 50 21 0 0 0 0 0 0 0 0 0 0 0 0 0 0 0 0 0 0 0 0 0 0 0 0 0 0 0 0 0 0 0 0 0 0 9 3 3 2 2 0 0 1 19 0 0 0 0 0 0 0 0 0 0 0 0 0 2 0 0 0 0 1 0 0 2 0 0 0 0 0 
 0 2 0 0 0 0 0 0 0 0 0 0 0 74 2 0 0 0 0 0 39 30 244 61 367 0 29 33 273 38 61 497 41 84 128 97 54 77 48 58 2 0 0 0 0 6 2 5 0 0 2 5 0 4 1 1 0 0 196 1 0 0 0 2 0 0 3 0 3 0 0 5 10 0 3 3 0 4 0 17 0 0 0 0 0 0 0 0 0 0 0 0 0 0 0 0 0 0 0 0 0 0 0 0 1 19 0 0 0 0 0 0 0 0 0 0 0 0 0 0 19 0 0 0 0 0 35 12 1 0 0 0 53 19 39 0 0 0 36 36 0 0 0 0 0 0 0 0 0 0 0 0 0 0 45 0 0 0 1 1 0 0 0 0 0 0 0 6 2 0 0 0 0 0 0 0 0 0 0 0 0 0 0 0 42 23 0 0 0 0 0 0 0 0 0 0 0 1 0 0 2 0 0 0 0 0 69 12 0 0 0 0 15 44 0 1 0 0 81 56 0 0 0 1 0 0 0 0 0 0 0 0 0 0 0 0 0 0 0 0 0 0 0 0 0 0 0 0 0 0 0 0 1 7 20 4 5 0 0 4 8 1 0 0 0 0 1 0 0 0 0 0 0 0 0 0 0 0 0 0 0 0 0 0 0 0 0 0 0 0 
 6 3 101 3 3 4 3 3 106 3 3 6 3 3 4 3 3 25 3 5 347 107 94 114 51 29 0 117 481 257 106 30 317 349 87 23 71 32 51 184 0 0 0 0 0 3 2 0 0 1 62 2 0 4 0 0 1 0 0 0 0 10 5 0 0 0 0 1 2 11 0 0 3 3 1 2 6 14 0 0 0 0 0 2 0 0 0 10 0 12 0 0 0 0 0 0 0 0 0 0 13 18 10 0 0 0 14 20 9 0 2 0 0 19 0 1 0 12 0 31 0 1 0 0 0 0 0 0 0 0 0 0 0 0 0 0 0 0 0 0 0 0 0 0 4 0 0 0 2 0 0 0 0 0 0 0 0 0 0 0 0 0 2 0 7 0 0 1 0 0 0 0 2 0 0 0 0 0 1 0 28 51 0 19 0 0 4 19 27 0 1 0 15 44 31 0 5 1 0 15 0 0 0 0 0 0 0 0 1 0 0 0 0 0 0 13 0 0 0 0 0 0 0 0 0 2 0 0 0 0 9 0 0 0 0 0 0 0 0 0 0 0 0 0 0 0 2 0 0 0 0 0 0 0 14 1 0 0 0 3 6 2 0 1 0 0 0 0 0 0 0 0 0 0 0 0 0 2 0 0 0 0 0 0 0 0 0 0 0 0 
 0 0 0 2 211 0 0 0 74 2 0 0 1 0 0 0 1 0 0 0 424 622 91 52 47 33 117 0 83 47 39 62 68 602 134 264 32 48 38 52 1 0 0 67 0 3 2 0 14 0 0 2 0 5 0 0 5 1 0 0 0 0 0 0 0 0 0 0 0 0 0 0 3 0 0 0 76 2 0 0 0 0 0 0 0 0 0 0 0 0 0 0 0 0 0 0 0 0 0 0 0 44 45 17 0 0 0 30 17 24 49 0 0 0 1 25 32 35 0 1 0 0 0 0 0 0 0 0 0 0 0 0 38 0 0 0 0 0 0 0 0 0 0 0 5 0 2 1 0 0 0 0 0 0 0 0 0 0 0 0 0 0 0 0 0 7 0 0 0 0 0 0 0 0 0 0 0 0 0 6 0 43 37 21 5 0 0 58 68 39 18 2 0 39 39 23 41 27 0 0 0 0 0 1 0 0 0 0 0 0 0 0 1 2 0 0 0 0 0 0 2 0 0 0 2 0 15 0 0 0 0 0 0 0 0 0 0 2 0 11 0 0 1 0 0 0 0 0 0 0 0 0 0 0 6 0 0 0 0 2 0 0 0 0 0 0 0 0 74 0 0 0 0 0 0 0 0 0 0 0 0 0 0 0 0 0 0 0 0 0 
 3 3 3 3 3 3 3 3 5 4 3 36 3 3 3 3 3 3 3 3 241 614 394 165 68 273 481 83 0 366 274 271 48 297 92 158 156 454 64 102 1 0 0 0 0 9 6 0 2 0 0 2 0 5 0 0 0 5 0 0 0 0 6 0 0 0 0 50 29 1 0 0 3 0 0 0 0 2 0 4 9 0 20 0 0 0 0 0 0 0 4 11 0 0 0 0 0 0 0 1 0 22 66 43 14 10 0 13 25 69 24 35 0 0 19 29 30 25 0 0 0 0 0 0 0 0 0 0 0 0 0 0 0 0 0 0 0 0 2 0 0 0 0 0 0 2 0 1 0 0 0 0 0 0 0 0 0 0 0 0 0 0 0 0 0 1 0 0 0 0 0 0 0 3 0 0 0 0 0 4 0 17 14 34 44 0 0 11 0 79 39 32 0 4 15 52 44 32 0 0 0 0 0 0 0 0 0 0 0 0 0 0 0 0 0 0 0 0 0 0 0 0 0 0 0 0 0 1 0 0 0 0 0 0 0 0 0 0 0 10 0 0 21 0 0 0 0 0 0 0 0 0 0 0 11 1 0 2 3 0 13 7 0 0 0 0 9 0 0 0 0 0 0 0 0 0 0 0 0 0 0 19 0 0 0 0 41 0 0 0 
 0 1 0 0 80 1 2 74 2 0 0 1 0 0 1 0 0 0 0 0 245 265 276 293 110 38 257 47 366 0 406 138 175 300 167 303 230 425 79 102 3 0 0 0 0 3 2 0 1 0 0 2 0 5 0 0 0 1 0 0 0 0 0 0 0 0 0 0 8 9 0 0 3 0 0 0 0 2 0 0 0 0 22 0 0 0 0 0 0 0 2 0 0 0 0 13 0 0 0 1 0 2 1 33 20 25 0 0 16 38 44 52 0 0 12 8 35 13 0 0 0 0 19 0 0 0 0 0 0 0 0 0 1 0 0 0 0 0 2 22 0 0 0 0 0 2 0 2 0 0 0 0 0 0 0 0 3 0 0 0 0 4 0 0 0 0 0 0 0 0 0 0 0 17 0 0 0 0 0 1 0 0 9 19 31 20 0 2 0 17 15 31 0 0 2 21 0 10 0 0 0 0 0 0 0 0 0 0 0 0 0 0 36 0 0 0 30 0 0 0 0 0 0 0 0 0 0 1 0 0 0 0 0 0 0 0 0 0 0 0 0 0 12 0 0 0 0 0 0 0 0 0 0 0 11 0 0 99 148 0 18 10 0 0 0 0 0 0 0 0 0 0 0 0 0 0 0 0 0 0 0 49 0 0 0 0 24 0 0 0 
 2 2 2 4 2 2 4 2 2 2 2 6 4 2 2 5 4 2 2 2 249 31 36 133 82 61 106 39 274 406 0 585 22 50 49 122 185 572 35 80 1 2 1 0 0 3 2 74 3 0 2 2 0 5 0 0 0 0 0 0 0 0 0 0 0 0 3 0 5 5 0 0 3 0 0 0 0 2 1 0 0 0 0 0 0 0 0 0 0 0 0 0 0 0 0 0 0 0 0 0 0 0 0 35 49 23 2 2 0 2 20 70 0 0 1 4 12 2 0 0 0 0 0 0 0 2 9 0 0 0 0 0 0 0 1 0 0 0 0 20 0 0 0 0 0 7 0 3 0 0 0 0 0 0 0 0 10 0 0 1 0 0 0 0 0 0 0 0 0 0 0 0 0 7 0 0 1 0 0 0 0 0 15 2 24 26 0 0 0 0 20 26 0 0 0 73 0 11 0 0 0 0 0 0 0 0 0 0 0 0 0 0 34 0 0 0 0 0 1 0 0 1 0 0 0 0 0 0 0 0 0 0 0 0 0 0 2 0 0 0 0 0 5 0 0 2 0 0 0 0 0 0 0 0 18 0 0 51 6 0 12 2 0 0 0 0 0 0 0 0 0 0 0 0 0 0 0 0 0 0 0 22 0 0 0 0 21 0 0 0 
 2 1 0 0 0 0 0 0 7 0 0 0 0 0 0 0 0 0 0 0 49 35 30 259 340 497 30 62 271 138 585 0 22 260 41 32 61 308 47 44 2 0 0 0 0 3 2 2 0 2 0 2 0 4 0 0 0 0 0 0 0 0 0 0 0 0 5 0 2 5 0 2 8 0 0 0 0 2 0 0 0 2 0 0 0 0 0 0 0 0 0 0 0 21 0 0 0 0 0 0 0 0 0 22 23 6 0 0 0 0 36 22 0 0 1 0 25 0 0 0 0 0 0 0 0 0 2 0 1 0 0 2 13 0 0 0 1 19 18 21 0 0 0 2 0 31 0 0 0 0 0 0 0 0 12 0 8 0 0 2 0 0 0 0 0 2 0 10 0 0 0 0 0 1 0 0 0 0 0 2 0 0 1 0 16 47 0 0 0 0 0 32 0 2 0 0 0 10 0 0 0 0 0 0 0 0 15 0 0 0 0 0 44 22 0 0 2 0 31 12 0 0 0 0 0 0 0 0 0 2 0 0 0 0 0 0 0 0 0 0 0 0 1 0 0 0 0 0 0 0 0 0 0 0 15 0 1 179 221 0 5 0 0 0 0 0 0 0 0 0 0 0 0 0 0 0 0 0 0 0 0 29 0 0 0 0 0 0 0 0 
 0 2 0 0 0 5 0 0 0 0 0 0 0 0 0 0 1 0 0 0 49 148 52 68 38 41 317 68 48 175 22 22 0 43 26 20 100 47 424 440 2 0 0 0 0 3 9 0 200 0 0 2 0 65 2 200 0 1 0 0 0 0 0 1 0 0 0 0 0 51 0 0 3 17 0 0 0 2 0 0 0 0 0 0 0 26 0 0 0 0 0 0 0 0 0 0 0 0 0 0 97 2 23 0 0 0 39 26 21 0 0 0 10 33 45 0 0 0 3 31 0 0 0 0 0 0 0 0 0 0 0 0 0 0 0 0 0 0 0 0 0 0 0 0 20 0 3 2 8 0 0 2 0 0 0 0 0 0 0 0 0 0 0 0 0 0 0 0 0 10 0 0 0 0 2 2 0 0 11 0 51 8 0 0 0 0 31 22 0 0 0 0 22 11 24 0 21 0 37 47 0 0 0 28 0 0 0 0 0 0 1 0 0 2 0 0 0 0 2 0 0 0 0 1 0 0 0 0 0 0 0 0 2 0 0 0 0 0 0 0 0 0 0 0 0 0 0 0 0 0 0 0 0 0 5 0 1 0 0 0 1 1 0 0 0 0 0 0 0 0 0 0 0 0 0 0 0 0 0 0 0 0 0 0 0 0 0 0 0 0 
 0 72 0 0 2 0 0 0 206 2 0 0 0 0 0 0 0 2 0 3 114 94 49 570 75 84 349 602 297 300 50 260 43 0 641 256 39 28 81 476 2 0 0 0 0 3 2 0 7 0 0 2 0 3 0 0 0 0 0 0 41 0 0 5 0 0 0 0 0 0 0 0 3 0 0 0 0 2 0 0 0 0 0 0 0 0 0 0 0 0 0 0 0 0 0 0 0 0 0 0 39 89 26 1 0 0 0 27 17 13 32 0 0 27 0 10 10 12 0 44 0 0 0 0 0 0 0 1 0 0 0 0 0 0 0 0 0 0 0 0 0 0 0 0 14 0 0 1 0 0 2 0 0 2 0 1 0 0 0 0 0 0 0 0 0 7 0 0 0 0 0 0 0 0 0 0 0 0 0 1 61 36 34 8 0 0 0 30 68 3 0 0 0 50 54 48 35 1 0 0 0 2 0 0 2 0 0 0 0 0 0 0 0 0 0 0 0 0 0 0 0 0 1 0 0 0 0 0 0 0 0 0 0 0 0 0 0 0 0 0 0 0 0 0 0 0 0 0 0 0 0 0 0 0 2 0 0 0 0 1 0 2 0 0 0 0 0 0 0 0 0 0 0 0 0 0 0 0 0 0 0 0 0 0 0 0 0 0 0 0 
 3 3 5 3 3 4 3 3 3 3 3 2 3 2 3 2 2 2 3 5 400 359 57 84 59 128 87 134 92 167 49 41 26 641 0 294 41 26 43 125 1 0 0 3 3 3 73 0 5 0 0 69 0 70 0 3 2 0 0 0 0 0 2 0 3 2 0 0 0 0 3 4 3 0 0 0 1 2 0 0 0 0 0 0 0 0 0 0 0 0 0 0 7 0 0 12 0 0 0 0 1 42 38 16 9 0 0 39 15 22 86 0 13 3 2 33 15 36 0 0 0 1 0 0 0 0 0 0 0 0 0 0 0 2 0 0 0 0 0 0 0 0 0 0 9 3 0 0 0 2 0 0 0 0 0 0 0 0 0 0 0 0 1 0 0 6 0 2 0 0 14 0 1 0 0 0 0 0 2 4 0 33 31 22 5 0 0 29 45 33 16 1 0 27 28 23 36 32 0 0 0 0 0 0 0 0 0 0 2 0 0 0 0 0 0 0 0 0 0 0 0 0 0 0 0 1 0 0 0 0 0 0 0 0 0 0 0 0 0 0 0 0 31 0 0 0 0 0 0 0 0 0 0 0 15 0 0 0 0 0 14 0 1 0 0 0 0 0 0 0 0 0 0 0 0 0 0 1 0 0 0 0 0 0 0 0 0 0 0 0 
 3 1 3 2 3 76 2 3 3 1 2 1 1 1 3 83 2 1 2 40 34 288 168 52 518 97 23 264 158 303 122 32 20 256 294 0 180 502 40 287 4 3 2 3 1 5 2 0 0 11 0 4 0 5 2 0 2 1 0 0 0 0 0 1 0 0 27 0 8 0 0 0 3 1 0 0 0 3 1 0 0 0 0 0 0 0 0 0 0 0 0 0 0 0 0 0 0 0 0 0 0 18 18 23 20 10 0 13 17 55 26 28 0 0 0 29 22 57 0 0 0 0 0 0 0 0 0 0 0 0 0 0 0 0 0 0 0 0 0 0 0 0 0 0 0 0 0 1 12 0 0 0 6 0 0 1 0 0 0 0 0 0 0 0 0 1 0 0 0 0 0 0 0 4 0 0 0 0 0 3 0 14 1 40 27 5 0 10 1 37 49 20 0 4 15 39 28 26 0 2 0 0 0 0 0 0 0 0 0 0 0 0 0 0 0 0 0 0 0 0 0 3 11 0 0 0 0 0 0 0 0 0 0 0 0 0 0 0 0 0 0 0 0 0 0 0 2 0 0 0 0 1 0 0 0 2 0 2 2 1 16 3 0 0 0 0 3 0 0 0 0 0 0 0 0 0 0 0 0 0 0 0 0 0 0 0 15 0 0 0 
 0 1 2 0 0 1 0 0 0 1 0 2 0 0 1 0 0 2 0 0 43 283 175 204 98 54 71 32 156 230 185 61 100 39 41 180 0 330 40 34 1 0 2 0 2 5 2 0 2 0 0 4 0 5 0 0 1 0 0 0 11 0 0 0 0 0 0 0 4 2 0 3 5 0 0 0 0 4 37 3 0 0 0 0 0 0 0 0 0 0 0 0 0 0 0 0 0 1 0 0 0 23 17 40 12 10 0 36 33 40 41 40 0 0 13 35 28 40 0 0 0 0 1 0 0 0 0 0 0 0 1 0 0 0 0 0 0 0 0 0 0 15 0 0 18 0 0 1 0 0 0 12 0 0 0 8 0 0 0 0 1 0 0 0 0 1 0 0 0 0 0 0 0 3 2 0 0 0 0 3 0 14 19 43 43 0 0 9 0 44 29 48 0 3 15 42 9 19 0 0 0 0 0 0 0 0 0 0 0 0 0 0 0 0 2 0 0 0 0 1 0 0 0 0 0 0 0 0 0 0 0 0 0 0 0 0 0 12 0 0 0 0 13 0 0 1 0 0 0 0 0 0 0 0 7 2 0 10 74 1 12 4 0 0 0 0 8 0 0 0 0 0 0 0 0 0 0 0 0 0 0 8 0 0 0 0 12 0 0 0 
 0 0 0 0 0 0 0 0 0 0 1 74 0 0 2 0 0 2 1 0 30 62 384 293 39 77 32 48 454 425 572 308 47 28 26 502 330 0 60 40 2 0 1 57 0 5 2 0 1 0 0 2 0 4 0 207 0 0 2 0 0 0 0 0 0 0 0 32 8 4 0 0 3 0 0 0 0 2 0 0 0 0 0 0 0 0 0 0 0 21 0 0 0 0 0 0 0 0 0 0 1 0 13 66 29 0 0 0 12 89 14 70 0 0 13 19 43 63 0 0 0 0 1 0 0 0 0 1 0 0 0 0 0 0 0 0 0 0 1 3 0 2 0 0 0 1 0 0 0 0 0 0 0 1 0 0 2 0 0 0 1 0 0 2 0 0 0 0 0 0 0 0 18 7 1 0 0 0 0 2 0 0 11 21 40 0 0 0 0 6 79 72 0 0 0 30 0 10 0 0 0 2 0 0 0 0 0 0 0 0 0 0 0 0 2 0 0 0 1 1 0 0 0 0 0 0 0 0 0 0 0 0 0 0 0 18 0 0 0 0 0 0 13 0 0 0 0 0 0 0 0 0 0 0 6 0 0 169 148 2 10 8 0 0 0 0 9 0 0 0 0 0 0 0 0 0 0 0 0 0 0 20 0 0 0 0 11 0 0 0 
 0 36 1 0 11 323 0 0 0 0 0 3 0 0 0 0 207 74 0 2 39 79 38 267 134 48 51 38 64 79 35 47 424 81 43 40 40 60 0 481 2 0 0 0 0 3 13 0 0 2 0 4 0 40 0 0 0 0 0 0 0 0 0 5 0 0 0 50 0 0 0 2 3 5 1 0 0 2 0 0 0 0 21 0 0 22 0 0 0 0 0 0 0 0 0 0 0 0 0 0 31 0 4 0 0 0 78 6 16 0 0 0 30 12 30 0 0 1 10 45 0 0 0 0 15 0 0 0 0 0 0 0 0 0 0 0 0 0 0 0 0 0 3 0 0 0 8 0 7 0 0 42 0 1 0 1 0 0 0 0 0 0 0 0 18 0 0 0 0 11 0 0 0 0 3 0 0 0 0 19 11 10 0 0 0 0 33 18 0 0 0 0 29 12 12 0 0 0 18 47 0 0 0 10 2 0 0 0 0 0 0 0 0 0 0 0 0 0 0 0 0 1 0 0 0 0 0 0 0 0 0 0 0 0 0 0 0 0 0 0 0 0 0 0 0 0 0 0 0 1 0 0 0 0 6 2 1 0 0 2 1 0 0 0 0 0 0 0 0 0 0 0 0 0 0 0 0 0 0 0 0 0 0 0 0 0 0 0 0 0 
 0 1 1 0 1 4 2 0 0 0 0 0 0 0 0 120 0 0 0 2 240 41 245 73 96 58 184 52 102 102 80 44 440 476 125 287 34 40 481 0 2 0 0 0 0 3 11 0 0 5 0 2 0 8 0 0 0 0 0 0 0 6 0 0 0 0 0 0 0 1 0 0 15 3 0 0 0 2 0 0 0 0 0 0 0 12 1 0 1 0 0 0 0 0 0 0 0 0 0 0 44 9 31 0 0 0 41 61 9 0 0 0 9 32 7 0 0 3 0 54 0 20 0 0 0 0 0 0 0 0 0 0 0 0 0 0 0 0 0 0 0 0 19 0 6 0 0 1 0 0 0 0 0 0 0 0 0 0 0 0 0 0 0 0 0 0 0 0 10 1 1 0 0 2 1 0 0 0 0 0 54 28 0 0 0 0 21 35 10 0 1 0 22 32 31 0 5 1 11 42 0 0 0 0 0 0 2 0 0 2 0 0 0 0 0 0 0 0 0 0 0 0 0 0 0 0 0 0 0 0 0 0 0 0 0 0 0 0 0 0 0 0 0 0 0 0 0 0 0 0 0 0 0 0 14 0 0 0 0 1 2 0 0 0 0 0 0 0 0 0 0 0 0 0 0 0 0 2 0 0 0 0 0 0 0 0 0 0 0 0 
 2 2 0 0 0 2 1 1 0 2 0 4 1 2 1 2 18 2 0 1 2 2 63 10 1 2 0 1 1 3 1 2 2 2 1 4 1 2 2 2 0 149 137 273 48 38 230 183 67 54 45 33 73 86 167 77 34 40 46 239 0 0 0 0 0 0 50 0 0 0 0 2 0 0 13 0 0 0 2 2 0 0 0 0 0 0 0 0 0 0 0 0 0 0 0 0 0 0 0 0 0 0 0 0 0 0 0 0 0 0 0 0 0 0 0 0 0 0 0 0 11 19 20 0 0 0 8 13 28 0 0 24 0 12 10 29 34 4 0 1 0 0 0 0 0 0 0 0 0 0 0 0 0 0 0 0 0 0 2 0 0 0 9 0 0 0 0 1 0 0 0 0 12 0 0 0 0 0 0 0 0 0 0 0 0 1 0 0 0 0 0 0 0 0 0 0 0 0 0 0 21 39 21 11 0 0 0 24 12 0 0 0 0 23 13 0 30 18 0 0 0 0 0 0 0 0 0 0 0 0 0 0 0 0 0 0 7 0 0 0 0 0 0 0 0 0 0 0 0 2 0 4 24 2 1 0 0 0 1 2 0 0 71 0 0 2 2 0 0 0 15 0 0 0 0 0 0 37 0 0 0 0 0 0 0 0 0 0 2 0 
 21 6 4 0 0 0 0 3 23 0 0 0 1 1 3 3 4 0 0 0 0 0 0 0 0 0 0 0 0 0 2 0 0 0 0 3 0 0 0 0 149 0 445 70 38 31 70 239 201 102 65 57 39 38 417 156 201 40 52 62 0 0 0 0 0 0 0 0 72 28 0 0 0 0 0 0 0 0 0 0 0 0 1 1 0 0 0 0 2 20 0 0 0 1 0 4 3 0 0 0 0 0 0 0 0 0 0 0 0 0 0 0 0 0 16 0 0 0 0 0 0 0 25 24 0 0 0 0 18 13 21 1 0 0 0 0 16 41 0 0 0 0 0 0 0 0 0 0 0 0 0 0 0 0 0 0 0 0 0 0 3 8 5 8 0 0 0 0 4 1 17 0 0 0 0 29 0 2 0 0 0 0 0 0 0 0 0 0 0 0 0 0 0 0 0 0 0 0 0 0 0 0 18 22 23 0 0 0 4 0 26 0 0 0 0 21 18 18 0 0 0 0 0 0 0 0 0 0 0 0 0 0 0 0 0 0 0 0 28 0 0 0 0 0 0 0 1 0 0 0 0 0 0 1 0 0 0 0 0 1 0 0 13 1 0 11 0 0 0 0 14 0 0 0 0 0 0 0 0 0 0 5 0 0 0 0 0 0 1 0 
 13 1 0 0 0 0 5 1 0 1 0 2 0 4 0 0 0 0 0 4 0 0 0 0 0 0 0 0 0 0 1 0 0 0 0 2 2 1 0 0 137 445 0 340 116 27 71 131 198 504 40 41 60 271 283 219 95 261 54 49 0 0 0 0 5 0 0 0 0 0 0 0 0 0 2 0 0 0 0 0 0 3 4 0 0 0 0 5 5 0 0 0 17 4 3 1 0 0 0 0 0 0 0 0 0 0 0 0 0 0 0 0 0 0 0 0 0 0 0 1 0 13 59 69 1 2 0 0 8 38 66 0 0 0 0 0 0 28 0 0 0 0 0 0 0 0 0 0 0 0 0 0 0 10 0 0 0 0 0 0 0 13 0 4 0 0 2 3 28 0 0 0 4 3 3 0 0 0 0 6 0 0 0 0 0 0 0 0 0 0 0 0 0 0 0 0 0 0 0 0 0 11 20 22 31 20 0 0 40 60 42 26 0 0 0 30 0 88 0 9 0 0 0 0 0 0 0 0 0 0 0 10 0 0 0 0 0 0 16 0 0 0 18 0 0 0 2 0 0 31 0 7 0 1 0 2 0 0 0 20 0 0 1 4 1 2 0 1 1 0 0 17 0 0 0 0 0 0 0 0 0 0 0 2 25 19 0 0 0 8 
 1 1 2 2 0 0 2 0 63 1 1 0 63 0 2 2 1 71 33 111 0 0 0 0 2 0 0 67 0 0 0 0 0 0 3 3 0 57 0 0 273 70 340 0 95 51 95 78 65 255 86 170 44 89 290 45 69 230 75 236 0 0 3 0 0 1 0 0 0 0 0 1 0 0 0 3 0 0 0 0 0 0 0 0 0 0 0 0 16 0 0 0 19 3 0 0 0 0 8 2 0 0 0 0 0 0 0 0 0 0 0 6 0 0 0 0 0 0 0 0 0 0 0 13 39 30 0 0 0 0 10 15 20 0 0 0 0 0 0 0 0 0 0 0 0 0 0 2 0 0 0 0 0 0 0 0 0 0 18 11 0 0 0 7 0 0 0 0 0 0 0 0 22 0 0 0 7 0 0 7 0 0 0 0 0 0 0 0 0 0 0 5 0 0 0 0 0 0 0 0 0 0 0 0 9 29 0 0 0 18 9 14 0 0 0 0 0 1 0 0 0 0 0 0 0 0 0 0 0 22 0 0 1 0 0 0 0 0 11 19 0 0 0 0 0 0 1 0 0 0 0 7 0 0 0 0 0 0 0 30 0 0 2 4 0 2 2 38 1 0 0 0 0 0 0 0 0 0 0 0 0 0 0 0 0 0 0 0 0 0 
 0 0 0 0 0 0 0 27 0 0 0 0 0 0 0 0 0 0 0 0 0 0 0 0 0 0 0 0 0 0 0 0 0 0 3 1 2 0 0 0 48 38 116 95 0 477 60 64 90 114 305 235 70 95 310 68 80 269 76 99 0 0 53 0 0 4 0 2 0 4 0 2 56 51 0 8 0 4 5 7 0 0 0 0 0 0 0 0 0 0 0 0 0 0 0 0 0 0 0 0 5 0 0 0 0 0 7 0 0 0 0 0 0 0 0 0 0 0 0 0 0 0 0 0 12 42 0 0 0 0 1 13 0 0 0 0 0 0 0 0 5 2 0 0 0 0 6 0 0 0 1 0 13 45 0 1 0 0 26 23 0 0 0 0 10 0 0 0 0 0 0 0 0 0 0 0 0 0 0 0 0 0 0 0 0 0 0 0 0 0 0 0 0 0 0 0 0 0 0 0 0 0 0 0 11 18 0 0 0 1 1 21 0 0 0 0 0 0 0 0 8 0 0 0 0 0 32 0 0 0 0 0 11 0 0 0 0 0 18 50 0 0 0 0 0 0 0 0 0 0 0 2 0 0 0 0 0 0 0 0 0 15 3 3 0 5 0 1 0 0 0 0 0 0 0 0 0 0 0 0 0 0 6 0 7 0 0 0 2 0 
 0 0 0 0 0 0 0 0 0 0 0 0 0 0 0 0 0 0 0 0 3 3 3 3 3 6 3 3 9 3 3 3 3 3 3 5 5 5 3 3 38 31 27 51 477 0 36 26 43 48 82 503 26 61 47 52 72 483 248 60 0 0 0 3 2 2 0 0 0 3 6 4 24 0 0 0 0 4 104 1 0 0 0 0 0 0 0 0 6 0 0 0 0 0 0 0 0 0 0 0 0 8 0 0 0 0 0 0 0 0 10 0 0 0 0 0 0 0 0 0 0 0 0 0 4 1 0 0 0 0 0 0 0 0 0 0 0 0 0 0 10 0 0 4 0 0 22 0 0 5 0 8 20 21 0 36 0 0 13 11 0 0 0 0 6 0 0 0 0 0 0 0 0 0 0 0 0 0 0 0 0 0 0 0 0 0 0 0 0 0 0 0 0 0 0 0 0 0 0 0 0 0 0 0 6 0 0 0 0 0 0 3 0 0 0 0 0 0 0 0 22 26 0 0 3 0 30 0 0 0 0 0 36 21 0 0 0 3 9 53 0 0 0 0 0 0 0 0 0 0 0 8 0 0 0 0 2 0 0 0 0 0 1 0 1 2 0 5 0 0 0 0 0 0 0 5 0 0 0 0 0 0 0 0 0 0 0 0 0 0 
 3 3 3 3 4 15 3 3 3 4 3 6 3 3 3 3 3 3 3 65 2 2 2 2 2 2 2 2 6 2 2 2 9 2 73 2 2 2 13 11 230 70 71 95 60 36 0 105 43 28 38 30 334 462 40 39 28 24 80 228 0 0 0 0 16 0 0 0 0 0 0 6 0 0 9 0 0 0 0 5 0 0 0 0 0 0 0 0 0 0 0 0 0 0 8 0 0 0 0 0 0 0 2 0 0 1 3 0 0 0 0 0 9 1 0 0 0 0 0 8 11 17 0 1 0 0 4 22 37 0 0 0 4 35 0 61 24 1 0 0 0 0 0 0 0 0 0 0 0 0 0 0 0 0 0 0 0 0 10 0 4 0 0 0 3 0 0 0 0 0 5 0 0 0 0 0 0 0 0 0 0 0 0 0 0 0 5 1 0 0 0 0 7 0 1 0 0 0 1 8 41 30 10 0 0 0 0 56 4 0 1 0 0 26 26 22 16 0 0 8 0 0 0 0 0 0 0 0 0 0 0 0 0 2 0 0 0 0 0 0 0 0 0 0 0 0 0 0 0 0 0 23 0 0 0 0 0 0 0 0 0 0 1 0 0 2 2 0 2 0 0 0 0 0 0 0 0 0 0 0 0 0 0 0 0 1 0 0 0 0 
 0 0 0 0 0 0 0 0 4 0 3 0 0 0 0 0 0 0 0 0 0 0 0 0 5 5 0 0 0 0 74 2 0 0 0 0 0 0 0 0 183 239 131 78 64 26 105 0 167 36 32 51 85 201 103 126 52 61 85 61 0 0 0 0 2 0 0 0 53 0 0 1 0 0 6 0 0 0 0 0 0 0 0 0 0 0 0 0 0 0 0 0 0 0 0 0 0 0 0 0 0 0 0 0 27 5 0 0 0 0 19 0 0 9 0 0 0 0 0 0 1 17 39 21 0 0 12 14 17 20 0 0 3 17 16 40 52 18 6 11 0 0 0 0 0 0 0 0 0 0 0 0 28 0 0 0 0 0 0 0 4 1 0 0 0 0 0 0 0 0 4 0 0 0 0 0 0 4 0 0 0 0 0 0 5 6 9 0 0 0 0 0 0 0 0 0 0 0 0 0 0 9 31 34 1 0 6 20 24 9 8 1 0 0 7 56 60 26 5 7 0 0 0 0 0 0 0 0 0 0 0 0 0 0 0 0 14 0 0 0 0 0 0 0 0 0 0 0 0 0 0 11 0 1 0 0 0 0 0 1 0 0 0 0 0 13 2 0 0 0 7 0 0 0 0 0 0 0 0 0 0 0 0 0 0 2 0 0 1 0 
 0 0 0 0 0 0 120 0 0 0 0 1 0 0 0 3 0 0 52 0 5 208 0 0 0 0 0 14 2 1 3 0 200 7 5 0 2 1 0 0 67 201 198 65 90 43 43 167 0 229 52 25 78 90 183 384 125 406 82 76 0 0 0 0 4 0 7 0 0 0 0 0 0 0 0 0 0 0 0 0 0 0 0 0 0 0 0 0 0 0 0 0 0 0 0 0 0 0 0 0 0 6 0 0 0 0 0 5 3 29 5 0 0 0 0 5 41 4 0 0 0 9 17 27 0 0 0 0 9 23 30 0 0 0 30 0 12 31 0 0 0 0 0 0 0 0 0 0 0 0 0 0 0 0 0 0 0 0 0 0 0 6 0 9 0 0 0 0 0 0 0 0 15 0 0 0 0 0 0 0 0 6 0 2 0 0 0 0 10 6 14 0 0 5 0 6 8 6 0 0 1 6 16 22 45 20 0 0 31 55 13 10 0 0 0 80 12 23 0 0 0 0 0 0 0 0 1 0 0 0 0 0 0 0 0 0 0 0 13 1 0 0 10 0 0 0 0 0 0 0 0 13 0 2 1 0 0 0 0 36 0 0 1 1 2 0 0 1 0 0 0 0 0 0 0 0 0 0 0 0 0 0 0 0 11 11 0 0 2 0 
 11 2 2 2 2 2 2 2 2 2 2 5 2 2 2 2 2 2 2 7 0 0 0 0 0 0 1 0 0 0 0 2 0 0 0 11 0 0 2 5 54 102 504 255 114 48 28 36 229 0 430 93 57 299 316 450 703 127 73 112 0 0 0 0 3 0 0 0 0 0 54 0 7 0 2 0 7 1 0 0 0 0 0 0 0 0 0 0 0 0 0 0 0 0 0 14 0 0 0 0 0 0 0 0 0 0 0 0 0 0 0 0 0 0 0 0 0 0 0 0 0 0 1 18 8 17 0 0 0 11 45 11 0 0 0 0 0 22 0 0 7 0 0 0 0 0 5 0 0 0 0 0 3 0 0 0 0 0 5 51 0 4 0 3 0 0 6 0 0 0 0 0 39 0 0 0 0 0 0 0 0 0 0 0 0 0 0 0 0 0 0 0 0 0 0 0 0 0 0 3 0 1 0 8 55 33 0 0 0 15 26 30 0 0 0 2 1 12 0 0 0 0 0 0 0 0 6 0 0 0 0 0 1 0 0 0 0 0 9 14 0 0 14 0 0 0 0 0 0 0 0 10 0 2 0 0 0 0 0 5 0 0 64 64 0 3 0 63 2 0 0 0 0 0 0 0 0 0 0 0 0 3 4 0 13 18 0 0 2 0 
 4 0 0 0 0 63 0 0 0 0 0 0 0 0 0 3 0 63 0 4 0 0 0 0 0 2 62 0 0 0 2 0 0 0 0 0 0 0 0 0 45 65 40 86 305 82 38 32 52 430 0 217 39 31 292 62 138 180 45 70 0 0 0 0 0 3 2 0 0 0 0 0 11 0 0 5 0 0 0 3 0 0 0 0 0 0 0 0 0 14 0 0 0 0 0 0 0 0 0 0 0 47 0 0 0 0 0 0 0 0 0 0 0 0 0 0 0 0 0 0 0 0 0 16 19 42 0 0 0 1 11 26 0 0 0 0 0 0 0 0 15 4 0 0 0 0 0 10 0 0 0 0 0 8 9 0 0 0 10 16 0 0 0 5 0 0 0 0 0 0 0 0 4 0 0 15 0 0 0 0 0 0 0 0 0 0 0 0 0 0 0 0 0 0 0 0 0 0 0 0 0 0 0 0 9 47 0 0 0 18 19 20 0 0 0 11 0 0 0 0 8 4 4 0 0 0 0 18 18 0 0 0 5 5 5 0 0 0 27 31 0 0 0 0 0 0 0 0 0 0 0 2 0 0 0 0 0 0 0 30 0 0 63 3 0 4 0 43 0 0 0 0 0 0 0 0 0 0 0 0 0 0 0 0 10 0 0 0 0 0 
 0 0 0 0 2 62 0 0 71 0 0 2 0 0 0 26 0 0 0 0 2 6 2 2 2 5 2 2 2 2 2 2 2 2 69 4 4 2 4 2 33 57 41 170 235 503 30 51 25 93 217 0 55 55 38 110 102 121 239 32 0 0 0 0 1 11 51 0 0 2 0 0 2 0 0 8 0 5 1 0 0 0 0 0 0 0 0 0 0 0 0 0 0 0 0 0 0 0 0 0 0 0 0 0 0 0 0 0 0 0 0 0 5 0 0 0 0 0 0 0 0 0 0 0 13 73 0 0 0 0 0 20 0 0 0 0 0 0 0 0 7 0 0 7 0 0 0 0 0 0 0 0 0 33 0 0 0 0 17 58 0 0 0 0 0 0 0 0 0 0 0 0 0 0 0 0 0 0 0 0 0 0 0 0 0 0 0 0 0 0 0 0 0 0 0 0 0 0 0 0 0 0 0 0 10 25 0 0 0 0 0 29 13 0 0 0 0 0 0 0 3 0 0 0 0 0 0 0 0 0 0 0 7 0 0 0 0 0 22 57 0 0 0 0 0 0 0 0 0 0 0 9 0 1 0 0 0 0 0 1 0 1 62 62 0 6 2 63 0 0 0 0 0 0 0 0 0 0 0 0 0 3 0 0 0 0 0 0 1 0 
 0 0 0 0 0 0 0 0 0 0 0 0 0 0 0 0 0 0 0 0 0 0 0 0 0 0 0 0 0 0 0 0 0 0 0 0 0 0 0 0 73 39 60 44 70 26 334 85 78 57 39 55 0 105 50 39 24 33 409 264 0 0 0 0 0 0 0 0 0 0 0 2 0 0 0 0 0 1 0 5 0 0 0 0 0 0 0 7 0 0 0 0 0 0 0 0 0 0 0 0 0 0 0 0 0 0 0 0 0 0 0 0 0 0 0 0 0 15 0 0 100 23 0 0 0 0 42 30 11 0 0 0 10 79 61 0 4 0 13 24 0 0 0 0 0 0 0 0 0 0 0 0 0 0 1 0 0 0 21 0 0 0 0 0 0 0 0 0 0 0 0 2 0 0 0 0 0 0 0 0 0 0 0 0 0 14 0 0 0 0 0 0 0 0 0 0 0 0 0 0 27 81 0 0 0 0 36 38 11 0 0 8 0 45 24 0 0 0 0 13 0 0 0 0 0 0 0 0 0 0 0 0 0 2 0 0 0 0 0 0 0 0 0 0 0 0 0 0 0 0 0 7 0 0 0 0 0 0 0 0 0 0 0 0 0 2 1 0 0 0 0 0 0 16 0 0 0 0 0 0 0 0 0 0 0 0 0 0 0 0 
 0 0 0 0 4 72 0 0 0 0 0 0 0 0 0 0 0 0 0 0 6 4 5 5 5 4 4 5 5 5 5 4 65 3 70 5 5 4 40 8 86 38 271 89 95 61 462 201 90 299 31 55 105 0 339 45 22 60 114 206 0 0 0 0 13 4 0 0 0 0 0 13 0 6 0 0 0 0 0 0 0 0 0 0 0 20 0 0 0 0 0 0 0 0 0 1 0 0 0 0 6 0 0 0 0 0 14 0 1 0 0 0 16 1 0 0 0 0 0 17 9 21 11 0 16 0 6 8 11 11 0 0 0 12 0 17 16 11 0 0 0 0 0 0 0 2 0 0 0 0 0 0 0 0 0 0 0 0 0 0 4 0 0 0 0 0 0 0 0 0 8 0 0 0 0 0 0 0 0 0 1 0 0 0 0 0 7 0 0 0 0 0 7 0 20 0 0 0 0 20 0 85 23 11 0 0 0 0 6 0 0 0 0 59 27 4 27 5 0 0 0 0 0 0 3 0 0 0 0 0 0 0 0 0 0 0 0 0 0 0 0 0 0 0 0 0 0 0 0 0 0 4 0 0 0 0 0 2 0 0 0 0 2 0 0 12 0 0 0 0 13 0 0 0 0 0 0 0 0 0 0 0 0 0 0 0 0 0 0 0 
 2 38 1 2 2 2 3 3 3 67 3 1 2 1 3 1 1 1 2 2 0 3 1 0 0 1 0 0 0 0 0 0 2 0 0 2 0 0 0 0 167 417 283 290 310 47 40 103 183 316 292 38 50 339 0 377 75 278 51 126 0 0 0 0 2 0 0 1 0 0 0 51 0 0 18 0 0 2 0 0 0 0 0 0 0 0 0 0 0 0 0 0 0 0 0 0 0 0 0 0 0 0 0 0 0 0 0 0 0 0 0 0 0 0 0 0 0 0 13 0 0 17 50 21 0 0 0 9 18 60 0 0 0 10 12 56 44 13 0 0 0 0 0 0 0 0 0 0 0 8 0 0 0 0 0 0 16 0 7 0 3 1 0 0 0 0 0 0 0 0 3 0 0 0 0 0 0 0 0 0 0 0 0 0 0 0 0 0 0 0 0 4 0 17 0 0 0 0 0 0 7 26 32 21 0 0 0 20 21 35 7 1 0 0 8 31 44 36 0 0 0 0 0 0 0 0 0 0 0 0 0 0 0 0 0 0 0 0 0 0 0 0 0 0 0 0 0 0 0 0 0 5 0 0 0 0 0 0 0 0 0 0 2 0 0 17 1 0 2 0 8 0 0 0 0 0 0 0 0 0 0 0 0 0 0 1 0 0 0 0 
 3 3 3 3 42 3 3 3 3 3 3 5 3 3 3 7 3 3 3 65 0 220 0 0 0 1 0 0 0 0 0 0 200 0 3 0 0 207 0 0 77 156 219 45 68 52 39 126 384 450 62 110 39 45 377 0 209 202 33 64 0 0 0 0 7 32 0 0 0 0 0 2 0 0 5 0 0 0 0 0 0 0 0 0 0 0 0 0 0 0 0 0 0 0 0 0 0 0 0 0 0 0 0 0 0 18 0 0 0 0 0 0 0 0 0 0 0 0 0 0 32 13 89 58 0 0 0 5 11 56 22 19 3 0 18 0 18 37 0 0 0 0 0 0 0 0 0 0 0 0 0 0 0 0 0 0 0 0 0 1 0 3 0 3 0 0 0 0 0 0 0 13 25 0 0 0 0 0 0 0 0 0 0 0 0 0 0 0 0 0 0 0 0 0 0 0 0 0 0 7 20 46 8 29 27 9 0 5 38 26 33 25 0 7 1 24 18 85 0 0 0 0 0 0 0 0 0 0 0 0 0 0 0 0 0 0 0 0 22 1 0 0 22 0 0 0 0 0 0 0 0 7 0 2 0 0 0 0 0 10 0 0 1 1 0 0 0 0 1 0 0 0 0 0 0 0 0 0 0 0 0 0 0 0 19 20 0 0 2 0 
 0 0 0 0 0 0 0 0 0 0 0 0 0 0 0 0 0 1 0 2 0 0 0 0 0 0 1 5 0 0 0 0 0 0 2 2 1 0 0 0 34 201 95 69 80 72 28 52 125 703 138 102 24 22 75 209 0 255 35 42 0 0 0 207 3 0 0 0 0 0 0 0 15 0 1 0 0 0 0 0 0 0 0 0 0 0 0 0 0 0 0 0 0 0 0 0 0 0 0 0 0 0 0 0 0 0 0 0 0 0 0 0 0 0 0 0 0 0 0 0 0 13 72 37 2 0 0 1 9 27 48 0 0 0 0 0 0 28 0 0 5 3 0 0 0 0 0 5 0 0 0 0 0 9 5 0 0 0 0 19 0 12 0 4 0 0 0 20 0 0 0 0 11 0 0 0 0 0 0 0 0 0 0 0 0 0 0 0 0 0 0 0 0 0 0 0 0 0 0 0 0 0 8 11 21 23 0 0 19 41 24 5 0 0 1 21 0 28 0 0 3 0 1 0 0 0 0 0 0 0 1 0 11 4 0 0 0 0 17 7 0 0 13 0 0 0 0 0 0 0 0 5 0 0 0 0 0 0 0 24 0 0 0 0 1 3 1 0 0 0 0 0 0 0 0 0 0 0 0 0 0 0 0 0 13 30 0 0 0 0 
 3 3 3 3 3 3 2 2 2 2 2 6 3 3 4 3 3 5 3 65 1 0 1 0 2 0 0 1 5 1 0 0 1 0 0 1 0 0 0 0 40 40 261 230 269 483 24 61 406 127 180 121 33 60 278 202 255 0 38 32 0 0 0 0 0 0 0 0 0 0 0 0 0 0 0 0 0 0 0 3 0 0 0 0 0 0 0 0 0 0 0 0 0 0 0 0 0 0 0 0 2 0 0 0 0 0 0 0 0 0 0 0 0 0 0 0 0 0 0 0 0 0 0 30 6 7 0 0 0 19 29 7 0 0 0 0 0 18 0 0 4 0 0 0 0 0 0 0 9 0 0 0 0 1 0 0 0 0 0 11 0 3 0 9 0 0 13 0 0 0 0 0 5 0 0 0 0 35 0 0 0 0 0 0 0 0 0 0 0 0 0 6 0 0 0 0 0 10 0 0 0 0 0 13 30 24 0 0 2 9 32 15 0 0 0 0 0 14 0 0 0 10 0 0 0 0 0 0 18 19 0 7 0 20 0 0 0 0 14 20 0 0 14 0 0 0 0 0 2 0 0 8 0 2 0 0 0 0 0 8 0 2 66 62 0 3 3 69 1 0 0 0 0 0 0 0 0 0 0 0 0 0 0 0 30 10 0 0 2 0 
 0 0 0 0 0 0 0 54 0 0 0 0 0 0 0 0 0 0 0 0 0 0 0 0 1 196 0 0 0 0 0 0 0 0 0 0 0 2 0 0 46 52 54 75 76 248 80 85 82 73 45 239 409 114 51 33 35 38 0 270 0 0 0 0 7 10 0 0 0 0 0 6 1 2 0 0 0 0 0 5 0 17 0 0 0 0 0 0 0 0 0 0 0 0 0 0 0 0 0 0 0 0 0 0 36 7 0 0 0 0 0 3 0 0 0 12 0 0 0 0 28 0 0 0 0 0 21 10 2 0 0 13 27 30 32 0 0 0 17 23 0 0 0 16 0 3 0 0 0 0 0 0 0 0 0 0 0 0 5 0 0 0 0 0 0 0 0 1 0 0 0 0 0 0 0 0 0 0 0 0 0 0 0 0 0 28 0 0 0 0 0 0 0 0 0 0 0 0 0 0 29 0 0 0 0 0 12 19 0 0 0 0 0 13 17 0 8 0 22 35 0 0 0 0 6 0 0 0 0 0 0 0 0 0 0 0 0 0 0 0 0 0 0 0 0 0 0 0 0 0 0 9 0 0 0 0 0 0 0 0 0 0 0 0 0 0 0 0 0 0 0 0 0 0 0 0 0 0 0 0 0 0 0 0 0 0 0 0 0 0 
 0 0 2 0 2 0 0 0 0 0 0 5 0 0 0 0 0 0 5 0 0 0 0 2 0 1 0 0 0 0 0 0 0 0 0 0 0 0 0 0 239 62 49 236 99 60 228 61 76 112 70 32 264 206 126 64 42 32 270 0 3 1 0 2 2 4 4 0 0 0 3 7 6 5 2 2 3 2 0 5 0 0 0 0 0 0 0 0 0 0 0 0 0 0 0 0 0 0 4 0 0 0 0 0 0 0 0 0 0 0 0 0 0 0 0 0 0 0 0 0 23 21 0 0 0 38 7 19 25 0 0 0 0 34 17 9 1 0 4 9 0 0 0 0 0 0 0 0 0 0 0 0 0 0 0 0 0 11 3 0 3 0 20 0 0 0 0 0 0 20 3 0 0 0 0 0 0 0 0 0 0 0 0 0 0 9 0 0 5 0 0 0 0 0 0 0 0 0 5 0 44 11 10 0 0 0 14 25 7 0 0 0 0 19 19 35 9 0 13 57 0 0 0 0 2 0 0 0 0 0 0 0 0 0 0 0 4 0 0 0 0 0 0 0 0 0 0 0 64 0 0 5 0 0 0 0 0 0 0 0 0 0 0 0 0 3 2 0 0 0 0 0 0 0 0 0 0 0 0 0 0 0 0 0 0 0 0 0 0 0 
 3 3 3 3 3 3 3 3 40 3 2 5 3 3 2 3 3 3 3 3 0 0 47 0 0 0 0 0 0 0 0 0 0 41 0 0 11 0 0 0 0 0 0 0 0 0 0 0 0 0 0 0 0 0 0 0 0 0 0 3 0 328 286 46 28 28 242 186 79 66 27 26 80 145 200 50 37 30 38 114 0 0 0 0 0 0 0 0 0 0 5 0 0 0 0 0 0 0 0 0 0 0 0 0 0 0 0 0 13 0 0 0 0 0 0 0 0 0 0 0 0 0 0 0 0 0 0 0 0 0 0 0 0 0 0 0 0 0 0 0 10 20 26 4 0 0 0 6 11 2 0 9 0 0 10 12 18 8 0 0 0 0 0 0 0 0 0 0 0 0 0 0 0 0 0 2 0 0 0 0 0 0 0 0 0 0 0 0 0 0 0 0 0 0 0 0 0 0 0 0 0 0 0 0 0 0 0 0 0 0 0 0 0 10 0 0 0 0 0 0 9 26 15 26 4 0 0 25 26 48 0 0 0 0 9 29 0 0 0 0 0 0 0 0 0 0 0 0 0 0 0 0 0 0 3 0 0 0 0 0 0 0 0 0 0 0 4 0 0 0 0 0 0 18 2 2 0 0 0 0 0 0 0 0 0 2 0 0 0 0 
 0 0 0 0 0 0 0 0 0 0 0 2 0 0 0 0 0 0 0 0 0 0 0 0 2 0 10 0 0 0 0 0 0 0 0 0 0 0 0 6 0 0 0 0 0 0 0 0 0 0 0 0 0 0 0 0 0 0 0 1 328 0 281 41 48 35 68 218 210 52 23 43 46 112 218 214 179 56 47 59 0 9 0 0 0 0 0 0 0 0 0 0 0 0 0 0 0 0 0 0 0 2 0 0 0 0 0 0 0 0 33 0 0 0 0 0 0 0 0 0 0 0 0 0 0 0 0 0 0 0 0 0 0 0 0 0 0 0 0 0 0 19 31 7 9 0 0 6 6 0 21 1 0 0 0 14 12 10 0 0 0 0 0 0 0 0 0 0 0 0 0 0 0 0 0 27 3 0 0 0 0 0 0 0 0 0 0 0 0 0 0 0 0 0 0 0 0 0 0 0 0 0 0 0 0 0 50 0 0 0 0 0 0 0 0 0 0 0 0 0 0 10 2 19 1 17 0 18 83 39 27 14 0 0 0 32 5 32 0 0 3 0 0 0 0 0 0 0 0 0 0 0 0 0 5 0 0 0 0 0 0 0 0 1 0 0 0 0 0 0 14 0 0 2 2 1 0 0 0 0 0 0 0 0 0 1 0 0 0 1 
