 0 108 381 66 27 278 357 663 30 42 71 26 371 176 230 56 27 31 40 312 2 0 1 0 4 0 74 0 3 0 2 0 0 2 1 3 0 4 3 3 2 0 0 2 3 0 3 0 0 2 2 3 3 3 0 2 24 0 0 0 29 0 0 0 0 0 0 5 0 3 0 0 3 0 0 0 2 0 1 0 54 45 27 0 0 0 10 48 29 0 0 0 0 10 41 61 34 15 0 1 0 0 0 0 0 0 2 0 1 0 0 0 0 0 0 0 0 0 0 0 0 19 0 0 0 0 0 20 0 0 0 0 0 0 0 0 0 0 0 0 0 0 0 0 0 0 0 0 0 0 0 0 0 0 0 25 0 0 0 0 65 17 10 0 0 0 23 46 24 10 0 0 13 28 28 83 0 0 1 11 0 0 0 0 32 0 0 0 0 0 0 0 0 0 0 0 0 0 0 1 0 0 1 0 0 0 0 0 0 0 0 0 0 0 0 0 0 5 0 0 2 0 0 0 0 0 0 0 0 0 0 0 0 0 0 0 0 0 0 0 0 0 0 0 0 0 0 0 0 1 2 7 0 0 0 0 0 0 0 0 0 0 0 0 0 0 0 0 0 0 0 0 0 0 0 0 0 0 0 0 0 0 0 0 0 0 0 0 0 0 
 108 0 390 63 114 247 151 582 413 252 29 229 40 46 277 636 252 41 40 35 0 0 3 2 1 0 0 0 0 0 3 0 2 3 2 5 1 4 2 0 37 3 0 2 0 0 2 0 0 3 0 0 2 3 62 1 25 1 4 0 2 2 0 0 0 1 1 3 1 3 0 1 2 0 0 1 2 10 0 2 0 31 20 0 0 2 0 13 26 51 14 12 0 0 21 41 77 31 1 0 0 0 0 0 0 0 0 0 0 9 0 0 0 0 0 0 0 0 0 0 0 0 0 0 18 0 0 0 0 0 0 0 0 0 0 36 2 0 0 0 0 0 0 0 0 0 0 0 0 0 0 15 0 0 0 4 0 0 0 0 28 41 29 11 0 0 0 22 44 20 18 36 0 28 25 32 1 36 0 0 0 0 0 0 0 0 0 0 0 0 0 0 0 0 0 0 0 0 0 0 0 0 0 0 0 0 0 0 0 0 0 0 0 0 0 0 0 0 0 0 0 0 0 0 0 0 0 0 0 0 0 0 0 0 0 0 0 0 0 0 0 0 0 0 0 1 1 0 0 2 0 2 17 0 0 0 0 0 0 0 2 0 0 0 0 0 0 0 0 0 0 0 0 0 0 21 0 0 0 0 0 0 0 0 0 0 0 0 0 0 
 381 390 0 107 38 276 49 91 220 327 47 38 290 57 136 117 196 395 44 326 2 2 3 0 6 2 0 0 0 2 2 4 4 5 2 5 2 64 0 0 2 0 0 1 0 9 0 0 0 1 4 0 4 3 0 1 2 0 0 0 0 0 0 0 0 0 0 3 0 6 0 0 0 46 37 0 2 4 2 0 0 18 1 0 9 1 0 0 26 44 8 27 0 0 0 2 47 46 2 1 0 0 1 0 1 0 0 0 0 0 0 1 0 0 0 0 0 0 0 0 0 0 0 0 0 0 0 0 0 0 0 0 18 0 0 0 0 1 0 0 0 0 0 0 0 0 0 0 0 0 0 0 2 0 0 0 0 0 0 3 1 35 42 22 0 3 0 1 25 52 15 38 0 5 1 18 21 11 0 0 0 11 1 0 2 0 0 0 0 0 0 0 0 0 2 0 0 0 0 0 0 0 0 0 0 0 0 0 0 2 0 0 0 0 0 0 0 0 0 24 7 6 0 13 0 0 0 0 0 0 0 0 0 0 0 0 0 0 0 0 0 0 0 0 0 2 1 0 0 2 0 11 15 0 0 0 0 0 0 0 25 0 34 0 0 0 0 0 0 1 0 0 0 0 0 8 10 0 0 0 0 0 0 0 0 0 0 0 0 0 
 66 63 107 0 102 38 54 62 88 462 491 407 54 65 52 58 240 388 86 250 0 1 0 0 2 0 0 0 0 0 2 0 0 3 1 3 0 77 2 2 2 0 0 9 0 2 0 0 0 0 2 0 2 3 0 2 0 0 0 0 0 0 0 0 0 1 0 3 0 3 0 0 0 0 0 2 2 3 1 0 0 0 6 54 88 14 0 0 0 0 30 27 0 0 0 0 2 7 0 0 0 0 0 0 9 0 0 0 0 0 0 0 10 0 0 0 0 0 29 2 0 0 0 0 0 0 0 0 0 0 0 0 0 0 12 0 0 0 0 0 19 0 0 0 0 0 0 0 0 0 0 0 1 0 0 0 0 0 0 0 0 14 1 19 12 10 0 0 0 14 20 28 0 0 0 0 24 11 0 0 0 0 0 0 0 0 0 0 0 0 0 10 0 0 0 0 0 0 13 0 0 0 0 0 0 0 0 9 0 0 0 0 9 0 0 0 0 0 0 0 0 0 0 0 0 0 0 0 0 7 0 0 0 0 0 0 0 0 0 0 0 10 0 0 0 0 54 0 2 59 0 9 0 0 0 0 0 0 0 0 0 0 15 0 0 0 0 0 0 0 0 0 0 0 0 12 38 9 0 0 0 0 0 0 0 0 0 0 0 0 
 27 114 38 102 0 443 39 72 60 58 164 377 66 63 88 75 83 49 56 42 0 0 0 0 2 0 1 0 0 0 2 0 1 2 0 3 0 3 61 0 63 0 0 10 0 0 0 0 0 0 0 0 6 3 21 3 1 2 0 0 0 0 0 0 0 5 0 3 0 3 0 2 0 0 0 2 2 0 2 0 0 0 0 0 20 44 0 0 0 0 0 24 0 0 0 0 0 0 0 0 6 0 0 0 0 0 24 0 0 0 0 0 12 0 1 9 0 0 48 1 0 0 0 0 0 11 0 0 0 0 0 0 0 0 0 0 0 0 0 0 0 0 0 0 0 0 0 0 0 0 0 0 2 0 0 0 0 0 0 0 0 0 0 0 91 27 0 0 0 17 0 8 0 15 0 0 14 0 0 0 0 0 12 0 0 0 2 1 0 20 0 0 27 0 0 0 0 0 51 13 0 0 0 0 0 0 0 0 0 0 0 0 29 0 0 0 0 0 0 0 0 0 0 0 0 0 0 0 0 0 0 0 0 0 0 0 0 0 0 0 0 0 0 0 0 4 4 2 1 4 0 0 0 0 0 0 1 0 0 0 0 0 0 0 2 0 0 0 0 0 0 0 0 0 0 0 0 0 0 0 0 0 0 0 0 0 0 0 0 0 
 278 247 276 38 443 0 228 40 49 58 68 29 47 270 60 80 75 77 53 53 2 0 0 0 3 0 1 0 0 0 3 0 3 2 0 3 0 3 296 4 4 0 0 3 4 0 0 36 0 0 0 0 2 3 0 4 0 0 0 0 0 0 0 9 2 3 0 3 49 3 32 2 0 0 0 0 2 1 1 0 0 0 0 0 5 45 0 0 0 0 0 10 0 0 0 0 0 0 0 0 51 0 0 0 0 0 78 0 0 0 0 0 57 1 17 13 1 0 13 27 0 0 0 0 0 13 0 0 1 0 0 0 0 0 2 0 0 0 0 0 0 0 0 0 1 0 0 0 0 0 0 0 5 0 0 0 0 0 0 2 0 0 0 0 58 18 0 2 0 5 0 54 1 2 0 0 0 0 0 0 0 0 0 0 0 0 23 16 0 0 0 10 17 59 1 0 0 0 34 16 0 0 0 0 0 0 0 0 0 0 0 0 4 0 0 0 0 0 0 0 0 0 0 0 0 0 1 36 8 0 0 0 0 0 0 0 0 0 0 0 0 0 0 0 0 11 10 1 0 0 0 15 0 0 0 0 0 0 0 0 0 0 0 0 0 0 0 0 0 0 0 0 0 0 0 0 0 0 0 0 0 0 0 0 0 0 0 0 0 0 
 357 151 49 54 39 228 0 46 55 21 38 548 354 782 55 38 113 41 47 154 1 0 0 3 2 1 1 0 3 4 4 0 0 2 0 3 1 6 0 3 2 0 0 0 0 0 4 0 0 0 4 1 2 3 0 3 0 2 0 0 0 0 0 0 0 3 0 3 2 3 0 1 6 0 0 0 2 0 0 0 35 28 9 0 0 0 41 29 9 0 0 0 64 39 17 11 10 0 0 28 0 0 0 1 0 0 0 0 0 0 0 0 0 0 0 0 0 0 0 0 0 0 0 7 0 0 0 0 0 0 0 0 0 0 0 0 0 0 0 0 0 0 0 10 0 1 0 0 0 0 0 0 0 0 0 0 0 0 6 0 5 0 0 0 0 0 14 6 4 1 0 12 10 12 7 0 0 0 0 1 0 0 0 0 0 0 0 0 0 0 0 0 0 7 0 0 0 0 0 0 0 0 0 0 0 12 0 0 0 0 0 0 0 0 6 0 0 0 0 0 0 0 0 0 0 0 0 0 0 0 0 0 0 0 0 0 0 0 0 0 0 0 0 0 0 0 0 0 0 0 0 11 0 0 0 0 0 0 0 0 0 0 0 0 0 0 0 0 0 0 0 0 0 0 0 0 0 0 0 0 0 0 0 0 0 0 0 0 0 0 
 663 582 91 62 72 40 46 0 105 61 34 104 70 419 221 260 94 55 283 64 0 5 2 0 3 2 0 0 2 2 80 0 0 4 1 3 0 3 0 0 2 0 0 0 3 0 0 2 0 3 5 0 2 3 0 2 21 0 2 0 0 0 0 0 0 1 0 36 0 3 0 0 0 0 0 0 2 0 2 0 23 48 24 0 0 0 18 9 29 28 0 0 0 38 14 33 44 30 0 0 0 0 0 2 0 0 0 0 0 0 0 0 0 0 0 0 0 0 0 0 0 0 0 20 0 0 20 0 0 0 0 1 0 1 0 0 11 0 0 0 0 8 0 0 0 2 0 0 0 17 0 0 0 0 0 8 0 0 0 0 20 43 28 0 0 0 0 9 30 19 14 0 0 21 29 22 0 12 0 0 0 0 0 0 0 0 0 0 0 0 0 0 2 0 0 0 0 0 0 14 0 0 0 0 0 0 0 0 0 0 0 0 0 0 0 0 0 0 0 0 0 0 0 0 0 0 0 0 0 0 0 1 0 0 0 0 0 0 0 0 0 0 0 0 0 0 0 0 0 1 0 10 14 0 0 0 0 0 0 0 1 0 0 0 0 0 0 0 3 0 0 0 0 0 0 0 0 0 0 0 0 0 0 0 0 0 0 0 0 0 
 30 413 220 88 60 49 55 105 0 454 30 109 61 90 175 628 268 599 105 53 0 0 0 4 5 1 1 0 0 0 2 0 2 4 0 3 0 6 0 0 2 0 0 1 0 6 0 0 0 6 0 0 2 3 0 3 5 3 8 0 0 0 0 0 0 3 0 3 0 3 0 1 0 0 0 0 2 5 2 0 1 0 9 37 3 23 0 0 22 60 34 31 0 0 2 0 42 31 0 0 0 0 0 0 0 0 0 9 0 0 0 0 0 0 0 0 0 0 1 0 0 0 0 0 0 0 0 0 0 0 0 0 0 0 0 0 0 0 0 0 0 0 0 0 0 0 0 0 0 0 0 0 0 0 0 3 0 0 0 0 0 32 38 18 0 0 0 0 11 30 39 33 0 0 0 11 48 46 0 0 0 0 0 0 0 0 0 0 0 0 0 0 0 0 0 0 0 0 0 0 0 0 0 0 0 0 13 0 14 0 0 0 0 0 0 0 0 0 0 0 0 0 0 0 0 0 0 0 0 0 0 0 0 0 0 0 0 12 0 0 0 9 0 0 0 0 7 1 1 4 2 16 25 0 0 0 0 0 0 0 0 0 21 0 0 0 0 0 0 0 0 0 0 0 0 38 10 18 0 0 0 0 0 0 0 0 0 0 0 0 
 42 252 327 462 58 58 21 61 454 0 344 75 334 59 96 449 271 219 104 52 0 0 0 2 1 0 0 0 0 0 2 2 0 2 0 3 0 4 75 0 2 0 0 2 0 4 0 0 0 0 0 0 2 3 0 3 0 0 0 0 0 0 0 0 0 3 0 3 0 3 0 2 0 0 0 0 2 4 0 0 0 0 11 63 66 19 0 0 13 33 72 36 0 0 1 0 19 16 0 0 0 1 0 0 0 0 0 0 0 1 0 0 1 0 0 0 0 0 34 0 0 0 0 0 0 0 0 0 0 0 0 0 0 2 0 0 0 0 0 0 20 0 0 0 0 0 6 0 0 0 0 2 0 0 0 0 0 0 0 0 1 8 18 23 0 1 1 0 0 18 32 23 0 3 0 0 27 32 0 0 0 0 0 0 0 0 0 0 0 0 0 0 0 0 0 0 0 0 0 0 0 0 0 0 0 0 0 9 0 0 0 0 0 0 0 0 2 0 0 0 0 0 0 0 0 0 0 0 0 0 0 2 0 0 0 0 0 0 0 1 0 20 0 0 0 2 180 2 1 188 0 6 0 0 0 0 0 0 0 0 0 0 16 0 0 0 0 0 0 0 0 0 0 0 0 40 16 7 0 0 0 0 0 0 0 0 0 0 0 0 
 71 29 47 491 164 68 38 34 30 344 0 337 46 267 81 98 173 393 154 39 2 0 0 0 4 0 1 0 4 0 2 0 0 2 1 5 0 4 4 3 2 0 0 2 3 13 2 0 0 2 2 3 5 3 0 2 3 0 62 0 0 0 0 0 0 0 0 5 1 3 0 0 4 0 0 0 2 0 2 0 0 0 0 34 62 22 0 0 0 0 29 36 0 0 0 0 1 10 0 0 1 0 1 0 2 0 2 0 0 0 0 2 11 0 0 0 0 0 72 4 0 0 0 0 0 28 0 0 0 0 0 0 0 0 0 0 9 2 0 0 0 19 0 0 0 0 0 0 0 0 0 0 11 0 0 0 0 0 2 0 2 12 1 21 11 6 10 0 0 18 21 57 0 1 0 0 25 11 0 0 0 0 0 21 0 0 0 0 0 0 0 0 0 0 1 0 0 0 23 10 0 0 0 0 0 0 0 10 0 0 0 0 11 0 0 0 0 1 9 0 0 0 0 0 0 0 0 0 15 0 0 0 0 0 0 0 0 2 0 0 0 11 0 0 0 2 97 2 1 48 0 25 0 0 0 0 0 0 0 0 0 0 24 0 0 0 0 0 0 2 2 0 0 0 0 0 9 1 0 0 0 0 0 0 0 0 0 0 0 0 
 26 229 38 407 377 29 548 104 109 75 337 0 23 35 70 22 304 75 43 41 0 0 0 0 1 3 0 0 0 0 2 0 2 2 0 11 0 3 1 0 2 0 0 5 0 0 0 0 0 0 0 0 2 3 0 3 4 0 0 0 0 0 0 0 0 3 0 3 0 3 0 1 0 0 0 0 2 1 1 0 0 0 0 30 45 30 0 0 0 1 42 21 0 0 0 0 0 0 0 0 0 0 0 2 0 0 0 0 0 0 0 0 49 0 15 18 0 0 30 0 0 0 0 0 0 9 0 0 0 0 0 0 0 0 0 0 0 0 0 0 0 0 0 0 14 1 0 0 0 0 0 0 8 0 0 0 0 0 0 0 0 4 0 12 3 13 0 0 12 0 30 9 0 2 1 0 0 13 0 0 0 0 0 0 0 0 0 0 0 0 9 0 0 0 0 0 0 0 29 0 0 0 0 0 0 11 0 7 0 0 0 0 6 0 0 0 0 0 0 0 0 0 0 0 0 0 0 0 0 0 0 0 0 0 0 0 0 0 0 0 0 16 0 0 0 2 175 0 0 175 2 10 0 1 0 0 0 0 0 0 0 0 0 0 0 0 0 0 0 0 0 0 0 0 0 0 2 0 0 0 0 0 0 0 0 0 0 0 0 0 
 371 40 290 54 66 47 354 70 61 334 46 23 0 74 46 25 29 113 376 337 0 0 0 2 0 2 4 0 2 0 4 2 0 2 0 3 1 5 0 0 4 0 0 2 0 0 0 0 0 0 0 0 2 4 2 3 0 0 0 0 0 0 0 0 0 2 0 3 0 3 0 1 0 0 0 2 2 0 1 0 38 13 0 0 0 0 34 52 0 2 0 0 47 28 38 13 0 2 26 52 0 0 0 0 0 2 0 0 0 0 0 0 0 1 0 0 0 0 0 0 0 0 0 0 0 0 0 13 0 0 0 0 0 0 0 0 0 0 0 0 0 0 0 0 0 0 0 0 0 0 0 2 0 0 0 0 0 0 0 0 16 0 0 1 2 0 32 80 17 0 0 0 45 12 10 12 0 0 0 16 0 0 0 0 0 0 2 0 0 0 0 0 0 0 0 0 0 0 0 0 0 0 0 0 0 0 2 0 0 0 0 0 0 0 0 0 0 0 0 0 0 0 0 0 0 23 0 0 0 0 0 0 0 0 0 2 1 0 0 0 0 0 0 0 16 3 2 0 4 0 0 20 0 0 0 0 0 0 0 0 0 0 0 0 0 0 0 0 0 0 0 0 0 0 0 0 0 0 0 0 0 0 0 0 0 0 0 0 0 0 
 176 46 57 65 63 270 782 419 90 59 267 35 74 0 281 41 32 52 204 356 0 0 0 1 1 2 0 0 0 0 2 0 0 2 1 4 0 4 0 0 2 0 0 2 0 0 0 30 0 0 0 0 2 3 0 2 3 0 0 0 0 0 0 0 0 40 0 3 0 3 0 0 0 0 0 0 2 1 0 0 51 48 45 0 0 0 18 30 7 0 0 0 0 18 50 41 16 10 0 0 1 0 0 0 0 0 0 0 0 0 0 0 0 2 0 12 0 0 0 0 0 0 0 0 0 0 0 0 0 0 0 13 0 0 0 0 0 0 0 0 0 0 0 0 0 0 0 0 0 0 0 0 0 0 0 4 0 30 0 15 40 28 1 0 0 0 18 39 35 11 0 0 18 12 38 22 0 0 1 25 0 0 0 0 0 0 0 0 0 0 0 0 0 0 0 0 0 0 0 1 0 0 0 0 0 0 0 0 9 0 0 0 0 0 0 0 0 0 0 0 2 0 0 0 0 0 0 0 0 0 0 0 0 9 0 0 0 0 0 0 0 1 0 0 0 0 0 0 0 0 2 17 0 0 0 0 0 0 0 0 0 0 0 0 0 0 0 0 0 0 0 0 0 0 0 0 0 11 0 0 0 0 0 0 0 0 0 0 0 0 
 230 277 136 52 88 60 55 221 175 96 81 70 46 281 0 220 132 79 280 73 0 0 0 2 2 0 0 0 6 73 2 1 0 4 2 4 1 3 0 3 2 0 2 3 2 0 2 2 0 0 3 3 2 3 3 2 11 2 0 0 8 3 3 3 3 0 0 6 2 3 3 0 8 2 0 49 7 0 0 1 17 27 10 0 0 0 1 9 36 25 10 0 0 31 5 17 63 30 0 0 0 0 0 0 0 0 0 0 0 0 0 0 0 0 0 12 0 0 0 0 0 16 0 0 0 0 0 2 0 0 0 0 0 0 25 0 0 0 0 0 0 0 0 0 0 0 0 0 2 0 0 0 0 0 0 16 0 0 0 0 25 26 19 0 0 0 0 18 9 39 0 0 0 7 4 12 0 10 0 0 0 0 0 0 0 0 0 0 0 0 12 0 0 0 0 0 0 0 0 0 9 0 0 0 0 0 0 0 0 0 0 0 0 0 0 0 0 0 0 0 0 0 0 0 0 1 18 0 0 0 0 0 0 0 0 0 2 0 0 0 0 0 0 0 0 0 2 0 0 2 0 9 0 0 0 0 0 0 0 0 0 0 3 0 0 0 2 0 0 0 2 0 0 0 0 0 0 0 0 0 0 0 0 0 0 0 0 0 0 0 
 56 636 117 58 75 80 38 260 628 449 98 22 25 41 220 0 359 612 256 265 0 0 0 0 2 0 2 0 0 0 2 0 0 2 0 3 2 6 0 0 3 0 0 0 0 3 0 0 0 0 0 0 2 3 0 3 2 0 0 0 0 0 0 0 13 3 5 5 0 3 0 3 0 0 0 1 2 12 52 2 0 1 9 20 1 6 0 0 25 72 21 24 0 0 5 1 67 24 0 0 0 15 0 0 0 0 0 0 0 0 0 0 0 0 0 0 2 1 0 0 0 0 0 0 0 0 0 0 0 0 0 0 0 0 0 0 0 0 0 0 0 0 0 1 0 0 1 0 0 2 0 0 0 2 0 4 0 0 0 0 25 30 30 20 0 0 0 0 14 24 16 58 2 1 3 10 23 29 0 0 0 0 0 0 0 0 0 0 0 0 0 0 0 2 0 0 0 0 0 0 0 0 0 0 0 0 0 0 0 0 0 0 0 0 0 0 0 0 0 0 0 0 0 0 0 0 0 0 0 0 0 0 0 0 0 0 0 0 0 1 0 1 0 0 0 3 6 2 2 6 2 15 14 0 0 0 0 0 0 0 0 0 14 0 0 0 0 0 0 0 0 0 0 0 0 25 11 9 0 0 0 0 0 0 0 0 0 0 0 0 
 27 252 196 240 83 75 113 94 268 271 173 304 29 32 132 359 0 243 30 34 0 0 0 0 1 0 0 1 0 4 3 2 0 2 3 79 0 4 0 0 3 0 0 0 0 10 3 0 0 0 0 0 2 3 0 2 0 0 3 2 0 1 0 2 0 0 0 5 2 3 2 0 0 1 0 0 2 13 2 0 0 0 8 23 16 5 0 0 13 31 55 34 0 0 0 1 68 30 9 0 0 0 0 2 0 0 0 0 0 2 0 0 0 0 0 0 0 0 1 0 0 0 0 0 0 0 0 0 0 0 0 0 0 1 0 0 0 0 0 0 0 0 0 0 0 2 0 0 0 18 0 0 0 0 0 0 0 0 6 0 0 2 32 61 0 0 0 0 0 22 46 46 0 2 1 3 25 27 0 0 0 0 0 0 0 0 0 9 0 0 0 0 2 0 0 0 0 0 0 0 0 0 0 0 0 17 0 10 0 0 0 14 0 0 0 0 0 0 0 0 0 0 0 0 0 0 0 0 0 0 0 1 0 0 0 0 0 0 0 0 0 20 0 0 0 1 172 0 2 4 2 4 19 0 2 0 0 0 0 0 74 0 21 0 0 16 0 0 0 0 0 0 0 0 0 29 14 12 0 0 0 0 0 0 0 0 0 0 0 0 
 31 41 395 388 49 77 41 55 599 219 393 75 113 52 79 612 243 0 27 37 1 0 0 0 2 2 0 0 4 1 5 0 3 5 0 6 0 4 62 0 2 0 0 2 0 4 0 0 0 0 0 0 2 3 0 3 0 0 0 0 0 1 0 23 0 2 0 7 0 3 0 1 0 0 1 0 4 5 0 2 0 0 14 79 63 17 0 0 34 29 69 38 0 0 1 0 18 23 0 0 0 0 0 0 0 0 17 0 0 14 0 0 0 0 0 0 0 0 2 0 0 0 0 0 0 0 0 0 0 0 0 0 0 0 0 0 0 0 0 0 0 1 0 0 0 0 0 0 0 0 0 0 0 0 0 0 0 0 0 0 1 11 32 25 0 0 0 0 0 20 27 24 0 3 0 0 30 31 0 0 0 0 0 0 0 0 0 0 0 0 0 0 0 0 0 0 0 0 0 0 2 0 0 0 0 2 0 9 0 0 0 0 0 2 0 0 0 0 1 0 0 0 0 0 0 0 0 0 0 0 0 0 0 0 0 0 0 0 0 0 0 19 0 0 0 1 171 2 3 174 1 4 0 0 0 0 0 0 0 0 0 0 16 0 0 0 0 0 0 0 0 0 0 0 0 53 5 17 0 0 0 0 0 0 0 0 0 0 0 0 
 40 40 44 86 56 53 47 283 105 104 154 43 376 204 280 256 30 27 0 217 0 0 0 0 7 0 0 0 0 0 2 1 76 2 0 3 0 4 0 0 2 0 0 1 0 0 0 0 5 61 0 0 2 9 0 3 0 0 0 0 0 0 0 0 0 2 0 3 0 3 0 1 0 0 0 0 2 0 2 0 10 11 0 14 0 0 26 14 0 0 0 0 33 13 1 18 0 0 27 31 0 0 0 0 0 0 1 0 2 0 0 0 0 1 9 0 0 0 0 0 0 0 0 0 0 0 0 0 0 0 0 0 0 0 0 0 0 0 0 0 0 0 0 0 0 0 0 0 0 0 0 3 0 0 0 0 0 0 0 0 33 0 0 0 2 0 37 0 0 0 0 0 19 10 0 0 0 0 11 32 0 0 0 1 0 0 0 0 0 0 0 0 0 0 0 0 0 0 0 2 0 0 2 0 0 0 0 0 0 0 0 0 0 0 0 0 0 0 0 0 1 0 0 0 0 0 0 0 0 0 0 0 0 0 0 2 0 0 0 0 0 0 0 0 0 0 0 0 1 0 0 18 0 0 0 0 0 0 0 0 0 0 0 0 0 0 0 0 0 0 0 0 0 0 0 0 0 0 0 0 0 0 0 0 0 0 0 0 0 0 
 312 35 326 250 42 53 154 64 53 52 39 41 337 356 73 265 34 37 217 0 2 2 0 0 2 0 0 1 0 0 2 0 0 3 0 3 0 4 1 1 2 0 0 1 0 0 0 0 0 0 0 59 2 4 0 3 0 0 0 61 0 1 0 0 0 2 0 3 0 3 0 1 0 0 0 0 2 0 2 0 42 29 1 1 0 20 36 57 21 0 0 1 34 36 29 28 0 0 0 24 0 0 0 0 0 0 0 0 0 0 0 0 0 0 0 0 0 0 0 0 0 0 0 0 2 0 0 0 0 0 1 0 0 0 0 2 0 0 0 0 0 1 1 0 0 14 0 0 0 0 1 0 0 0 1 0 0 0 0 0 14 0 0 0 0 0 45 47 12 0 2 22 38 36 8 4 0 0 0 10 0 0 0 0 0 0 0 0 0 1 0 0 0 0 1 1 0 0 0 0 0 0 0 0 0 0 0 0 0 0 0 0 0 0 0 0 0 0 12 0 0 0 2 0 2 0 0 0 0 0 0 0 0 0 0 0 0 0 0 0 0 0 0 0 0 3 3 0 0 0 0 3 0 0 0 0 0 0 0 0 0 0 0 0 0 0 0 0 0 0 0 0 0 0 0 0 0 0 0 0 0 0 0 0 0 0 0 0 0 0 
 2 0 2 0 0 2 1 0 0 0 2 0 0 0 0 0 0 1 0 2 0 69 62 38 360 50 411 376 31 35 18 238 74 343 339 140 288 43 46 232 0 1 1 2 1 0 0 0 0 2 2 4 2 0 0 0 0 0 0 0 0 0 0 0 0 0 0 0 0 0 0 0 0 3 34 0 0 0 0 52 0 0 0 0 0 0 0 0 0 0 0 0 0 0 0 0 0 0 0 0 1 36 36 0 0 0 9 45 14 17 0 0 0 97 34 18 33 0 0 19 0 0 0 0 0 0 0 0 0 0 0 0 0 0 0 0 0 0 0 0 0 0 0 0 0 0 0 0 0 3 0 0 0 0 0 0 0 0 0 3 0 0 21 0 0 0 0 0 26 0 0 0 0 2 0 0 0 0 0 10 25 46 47 0 0 0 29 20 1 34 12 0 4 17 35 39 35 21 0 15 1 11 0 0 0 0 0 0 0 0 0 0 0 0 0 0 0 0 0 0 0 0 0 0 0 0 2 0 0 0 0 0 0 0 0 0 0 0 0 0 0 0 0 0 0 0 0 0 0 0 0 0 0 0 2 0 2 0 0 0 0 0 0 0 0 0 0 0 0 0 0 0 0 0 0 0 0 0 0 0 0 0 0 0 0 0 0 0 0 0 
 0 0 2 1 0 0 0 5 0 0 0 0 0 0 0 0 0 0 0 2 69 0 455 63 35 100 67 861 399 62 20 37 51 46 370 285 569 43 40 47 0 3 5 2 3 0 2 0 0 4 2 0 2 0 2 0 0 4 2 204 1 0 2 0 6 0 0 0 0 0 1 0 0 3 8 0 0 0 0 2 0 10 5 0 0 0 0 0 0 0 0 0 0 0 0 0 0 0 0 0 0 52 97 10 10 0 1 0 80 25 40 22 0 0 10 2 58 38 0 0 0 0 0 0 0 0 0 0 0 0 0 0 0 0 0 0 0 0 2 0 0 11 0 0 0 0 0 0 0 0 0 0 0 0 0 0 0 15 0 8 0 0 0 0 0 0 0 0 0 0 0 0 0 2 0 12 0 0 0 3 7 9 19 41 0 0 0 0 53 55 29 31 0 0 9 47 40 22 0 0 0 0 0 0 0 0 0 0 0 0 0 0 0 10 0 0 0 0 0 0 0 0 0 0 0 0 0 0 0 0 0 0 0 0 0 0 0 0 0 0 0 0 12 0 0 0 0 0 0 0 0 0 0 0 8 2 1 0 0 2 39 9 0 0 0 0 8 0 0 0 0 0 0 0 0 0 0 0 0 0 0 38 0 0 0 0 25 0 0 0 
 1 3 3 0 0 0 0 2 0 0 0 0 0 0 0 0 0 0 0 0 62 455 0 132 265 45 76 316 267 367 34 45 71 62 54 366 115 290 49 139 0 7 0 1 0 0 0 0 0 4 3 0 2 0 0 0 0 14 2 0 0 0 27 0 4 0 0 0 0 2 0 0 0 2 3 1 0 1 0 0 0 20 0 0 0 0 0 0 0 0 0 0 0 0 0 0 0 0 0 0 0 30 27 32 52 0 0 0 37 19 28 18 0 0 0 9 33 35 0 0 0 0 0 0 0 0 0 2 0 0 0 0 0 1 0 0 0 0 0 0 0 0 0 0 0 0 0 0 0 0 0 2 0 0 0 0 0 11 0 4 0 0 2 0 0 0 0 0 0 0 1 0 2 0 8 6 1 0 0 46 1 1 10 42 0 8 0 0 60 34 23 10 0 0 0 26 31 47 0 2 0 0 0 0 2 1 0 0 0 0 0 0 0 0 0 0 6 1 0 2 1 0 0 0 0 0 0 0 0 0 0 0 0 0 0 0 0 0 0 0 0 0 10 0 0 0 0 0 0 0 0 0 0 0 0 2 0 3 2 1 12 1 0 0 0 0 3 0 0 0 0 2 0 0 0 0 0 0 0 0 0 32 0 0 0 0 19 0 0 0 
 0 2 0 0 0 0 3 0 4 2 0 0 2 1 2 0 0 0 0 0 38 63 132 0 92 124 100 74 82 367 138 361 71 79 60 70 45 276 107 95 0 0 0 1 0 208 0 1 0 2 2 0 2 0 0 0 0 0 0 0 0 0 0 0 0 1 0 0 0 0 0 0 3 3 3 0 0 0 0 0 0 0 1 0 0 7 0 0 0 0 0 0 7 0 0 0 0 0 0 0 0 0 0 54 28 15 0 2 0 13 17 29 0 0 0 1 0 13 0 0 0 0 0 0 2 0 0 0 0 0 0 0 1 0 0 0 0 0 19 5 0 0 0 0 0 0 0 0 0 0 0 0 0 0 0 0 0 0 7 0 0 0 0 0 1 0 0 0 0 0 0 1 0 0 0 0 0 0 0 0 2 0 0 12 35 13 0 0 0 0 31 20 0 0 0 0 0 33 1 0 0 0 0 0 0 0 1 0 0 0 0 0 3 0 0 0 2 0 21 0 0 1 0 0 0 0 0 0 0 0 0 9 0 0 0 0 0 0 0 0 0 0 6 0 0 0 0 0 0 0 0 0 0 0 4 1 2 88 75 1 0 0 0 0 0 0 0 0 0 0 0 0 0 0 0 0 0 0 0 0 0 0 0 0 0 0 0 0 0 0 
 4 1 6 2 2 3 2 3 5 1 4 1 0 1 2 2 1 2 7 2 360 35 265 92 0 363 45 264 92 87 68 774 104 69 160 62 304 40 73 326 0 0 2 3 2 1 65 2 2 36 4 0 2 0 2 2 1 1 2 0 0 0 2 2 2 0 0 3 2 0 2 0 0 3 4 0 0 0 2 0 0 0 0 0 0 0 0 0 2 0 0 0 0 1 0 0 0 0 0 0 0 0 0 1 9 40 0 0 5 8 9 10 0 0 0 0 2 8 2 0 2 0 2 1 0 0 0 0 0 0 0 0 23 1 0 0 0 0 13 45 0 0 0 9 0 0 0 1 0 0 0 13 0 0 0 0 0 0 0 4 0 0 0 0 0 0 18 0 0 0 0 0 0 2 0 0 0 2 0 0 0 0 0 3 24 28 0 0 0 0 0 6 0 0 0 0 0 0 0 0 1 1 0 0 0 0 0 0 0 0 0 2 1 0 0 10 0 0 34 9 0 0 0 0 0 0 0 0 0 0 0 0 0 0 0 0 0 0 0 2 0 13 0 0 0 0 2 0 0 0 0 0 0 0 5 3 2 5 3 2 3 0 2 2 0 0 0 0 0 0 0 0 0 0 0 0 0 0 0 0 0 0 0 0 0 0 0 0 0 1 
 0 0 2 0 0 0 1 2 1 0 0 3 2 2 0 0 0 2 0 0 50 100 45 124 363 0 46 252 46 36 72 83 49 256 60 96 54 53 59 75 0 0 0 1 0 0 0 2 0 4 2 0 6 1 1 64 0 2 207 3 0 0 0 0 0 0 0 0 0 0 0 0 0 3 2 0 0 0 0 0 0 0 2 0 0 0 0 0 0 0 0 0 0 0 0 0 0 0 0 0 0 2 0 0 0 40 2 1 0 2 0 0 0 0 0 0 0 0 0 0 38 1 0 0 1 1 8 0 0 0 7 0 53 28 0 1 0 0 47 49 0 0 0 0 0 4 0 0 31 0 0 0 0 11 0 0 0 0 3 0 0 0 0 0 2 0 0 0 0 0 0 2 0 1 0 0 0 0 0 0 1 0 0 0 15 36 0 0 0 0 0 0 0 0 0 0 0 0 2 0 13 0 0 0 0 0 34 0 0 0 0 0 28 15 0 2 1 0 97 59 0 2 0 0 0 0 0 0 0 0 0 0 0 0 0 0 0 0 0 0 0 0 0 0 0 0 0 0 0 0 0 0 0 0 8 4 0 0 0 1 0 0 0 0 0 0 0 0 0 0 0 0 0 0 0 0 0 0 0 0 0 0 0 0 0 0 0 0 0 0 
 74 0 0 0 1 1 1 0 1 0 1 0 4 0 0 2 0 0 0 0 411 67 76 100 45 46 0 93 42 237 40 37 420 286 61 23 30 240 53 281 0 0 5 64 7 0 3 6 3 2 2 4 2 2 0 0 62 1 1 0 47 2 0 0 4 0 0 0 0 7 1 0 0 3 5 4 0 0 0 9 0 0 0 0 0 1 0 0 0 0 0 0 0 0 0 0 0 0 0 0 15 18 1 0 0 0 11 55 11 9 0 0 1 42 14 19 16 0 0 35 0 0 9 0 0 0 0 0 0 0 0 0 0 0 0 0 0 2 1 2 0 0 0 0 0 0 0 0 0 6 1 0 1 0 0 0 0 0 0 3 0 11 0 13 0 0 0 0 0 8 0 0 0 1 0 0 0 0 2 9 27 12 24 0 8 0 14 34 0 23 0 0 59 36 27 3 8 0 0 18 0 0 0 0 0 0 0 1 0 0 0 1 0 0 0 0 0 0 0 10 0 0 0 1 0 0 0 0 0 0 0 0 0 0 0 0 0 0 0 0 0 0 0 0 0 0 0 0 0 2 0 0 0 0 2 0 4 1 0 0 3 0 0 0 0 0 0 0 0 0 0 0 0 0 0 0 0 0 0 0 0 0 0 0 0 0 0 0 0 0 
 0 0 0 0 0 0 0 0 0 0 0 0 0 0 0 0 1 0 0 1 376 861 316 74 264 252 93 0 105 29 41 19 332 336 174 305 47 258 73 46 0 8 0 1 0 0 0 0 0 3 2 7 2 0 0 0 0 8 0 0 0 0 0 0 5 0 0 0 0 0 0 0 0 3 2 0 0 0 0 0 0 0 0 15 0 15 0 0 0 0 0 0 0 0 0 0 0 0 0 0 0 41 34 0 2 0 0 39 13 33 10 1 0 0 17 22 47 20 0 12 0 0 0 0 0 0 0 0 0 0 0 0 0 0 0 9 0 0 0 0 0 0 0 0 0 0 0 0 0 0 0 0 0 0 0 0 0 0 0 18 0 0 0 0 0 0 0 0 0 0 0 0 0 10 0 12 0 0 0 6 26 28 19 33 0 1 0 12 25 48 20 0 0 8 8 15 44 37 0 0 0 0 0 0 0 0 0 0 0 0 0 0 0 0 0 0 0 0 0 0 0 0 0 0 0 0 0 0 0 0 0 0 0 0 0 0 0 0 0 0 0 0 9 0 0 0 0 0 0 0 0 0 0 0 8 2 0 0 0 2 3 0 13 0 0 0 0 0 0 0 0 0 0 0 0 0 0 1 0 0 0 2 0 0 0 0 1 0 0 0 
 3 0 0 0 0 0 3 2 0 0 4 0 2 0 6 0 0 4 0 0 31 399 267 82 92 46 42 105 0 393 44 31 202 93 100 362 178 272 76 193 0 7 0 1 2 0 0 0 4 2 2 2 2 3 0 0 0 37 0 0 0 2 0 6 6 0 18 0 0 0 0 1 0 3 6 2 0 0 0 0 0 0 0 0 0 0 0 0 0 0 10 0 0 0 0 0 0 0 0 0 0 58 23 37 41 0 0 0 37 21 22 21 0 0 0 10 27 39 1 0 0 0 0 0 0 0 0 0 0 0 0 0 0 0 0 0 1 2 1 2 0 0 0 0 0 0 0 0 0 0 9 0 1 0 0 0 0 11 0 1 0 0 0 0 0 0 0 0 0 0 0 0 0 0 0 11 0 1 2 0 0 0 9 50 0 7 0 0 59 55 23 13 0 0 0 18 32 43 0 0 0 0 0 0 0 0 0 1 0 0 0 1 0 0 0 0 0 0 0 0 0 0 0 1 0 0 0 0 0 0 0 0 0 0 0 0 0 0 0 0 0 0 9 0 0 0 0 0 0 0 0 0 0 0 5 0 0 2 2 0 16 11 0 0 0 0 5 0 0 0 0 0 0 0 0 0 0 0 0 0 0 31 0 0 0 0 19 0 0 1 
 0 0 2 0 0 0 4 2 0 0 0 0 0 0 73 0 4 1 0 0 35 62 367 367 87 36 237 29 393 0 373 28 59 79 114 208 345 354 63 99 0 5 0 4 1 3 2 0 0 2 2 0 3 0 2 3 1 3 0 0 0 3 2 0 3 0 0 2 4 0 0 0 6 0 0 0 0 1 2 2 0 0 0 0 0 0 0 0 0 0 13 0 0 0 0 0 0 0 0 0 0 12 18 95 63 0 0 0 19 10 55 34 0 0 0 0 0 58 0 0 0 0 0 0 0 0 0 0 13 0 0 0 0 0 0 0 0 0 12 1 0 0 0 0 0 0 0 0 1 0 0 0 0 0 0 0 0 14 1 0 0 0 0 0 0 0 0 0 0 0 0 0 0 0 0 6 0 0 0 0 0 0 0 12 56 4 0 0 53 0 31 85 0 0 0 12 2 18 0 0 0 0 0 0 0 0 1 0 0 0 0 0 0 0 0 0 0 0 0 0 0 0 0 0 0 0 0 0 0 0 0 0 0 0 0 0 0 0 0 0 0 0 0 0 0 0 0 0 0 0 0 0 0 0 6 1 0 153 150 3 16 11 0 0 0 0 9 0 0 0 2 0 0 0 0 0 0 0 0 0 0 33 0 8 0 0 12 0 0 0 
 2 3 2 2 2 3 4 80 2 2 2 2 4 2 2 2 3 5 2 2 18 20 34 138 68 72 40 41 44 373 0 333 33 247 71 281 108 274 34 82 0 2 0 1 3 3 0 0 0 2 5 6 2 6 0 2 3 0 0 0 0 0 0 0 3 2 0 26 0 0 0 2 0 6 2 0 0 1 0 0 0 1 0 1 0 0 0 0 0 0 0 0 0 0 1 0 0 0 2 0 0 0 2 71 43 15 0 0 3 13 31 28 0 0 0 0 0 2 0 0 0 3 0 11 0 0 30 0 0 0 0 0 1 3 0 0 0 0 20 0 0 0 0 0 0 1 0 0 0 8 1 0 0 0 0 0 0 0 3 0 0 0 0 0 0 0 0 0 0 0 0 0 0 0 0 1 0 0 0 0 0 1 0 17 26 11 0 0 1 0 40 40 0 0 0 0 0 30 0 8 0 0 0 0 0 0 0 0 0 1 0 0 2 0 0 0 0 0 28 0 0 1 0 0 0 0 0 0 0 0 2 4 0 0 0 0 0 0 0 0 0 0 0 0 0 0 0 0 0 0 0 0 0 0 13 0 2 41 51 1 2 4 0 0 0 0 0 0 0 12 0 0 0 0 0 0 0 0 0 0 0 1 0 0 0 0 0 0 0 3 
 0 0 4 0 0 0 0 0 0 2 0 0 2 0 1 0 2 0 1 0 238 37 45 361 774 83 37 19 31 28 333 0 31 48 27 29 90 86 33 43 0 0 0 2 0 0 0 0 0 2 2 0 2 0 0 1 0 1 1 0 0 0 0 0 0 0 48 0 0 0 0 0 0 3 2 0 0 0 0 0 0 0 0 0 0 2 0 0 0 0 0 0 0 0 0 0 0 1 0 0 0 0 0 24 13 33 0 0 0 19 22 29 0 1 0 0 0 10 0 0 1 0 0 0 0 0 0 0 0 0 0 0 30 1 1 1 0 0 61 43 0 0 0 0 0 6 0 0 20 0 0 0 9 0 0 0 0 0 14 2 14 0 0 0 0 0 0 0 0 2 0 0 0 2 0 0 0 0 0 0 0 0 0 19 66 56 0 0 0 0 19 29 0 0 0 0 0 0 9 0 0 0 0 0 0 0 10 0 0 0 0 0 19 0 0 0 0 0 49 42 0 0 0 0 0 0 0 2 0 1 0 0 0 0 0 2 0 0 0 0 0 0 0 0 0 2 0 0 0 0 0 73 0 0 8 4 0 185 151 2 2 0 0 0 0 0 0 0 0 0 0 0 0 0 0 0 0 0 0 0 18 0 0 1 0 0 0 0 0 0 
 0 2 4 0 1 3 0 0 2 0 0 2 0 0 0 0 0 3 76 0 74 51 71 71 104 49 420 332 202 59 33 31 0 310 37 42 49 260 454 412 2 0 46 3 5 0 0 0 0 4 2 0 2 0 0 0 0 2 0 0 0 0 0 0 0 0 0 0 0 0 0 0 0 3 3 0 0 0 0 0 0 0 0 15 0 13 0 0 0 0 0 0 0 0 0 0 0 0 0 0 59 0 0 0 0 0 25 44 17 0 0 0 23 35 24 0 10 0 0 46 0 0 0 0 0 0 0 0 0 30 0 0 0 0 0 2 0 0 0 0 0 0 0 0 0 0 0 0 0 8 0 0 0 0 0 0 1 0 0 18 0 0 0 0 0 4 0 0 0 5 0 0 0 3 0 1 0 0 0 1 21 10 12 9 0 0 47 35 0 0 0 0 24 33 29 12 0 0 2 37 0 0 0 0 0 0 0 0 0 0 0 0 0 0 0 0 0 0 0 0 0 0 0 0 0 0 0 0 0 0 0 0 0 18 0 0 0 0 0 0 0 0 0 0 0 0 0 0 0 0 0 0 0 0 8 1 1 0 0 1 1 0 0 0 0 0 0 0 0 0 0 0 0 0 0 0 0 2 0 0 0 0 0 0 0 0 0 0 0 0 
 2 3 5 3 2 2 2 4 4 2 2 2 2 2 4 2 2 5 2 3 343 46 62 79 69 256 286 336 93 79 247 48 310 0 338 268 54 240 99 177 0 0 0 2 59 0 0 0 0 2 2 0 2 63 0 63 0 0 0 0 0 0 0 0 1 10 0 0 0 0 1 0 0 3 2 0 0 0 1 0 0 0 0 0 0 0 0 2 0 0 0 0 0 0 0 0 0 0 0 0 0 35 18 0 7 0 12 38 12 18 3 2 0 25 0 17 29 0 0 19 0 0 0 0 0 0 0 0 0 0 0 0 0 0 0 0 0 0 0 0 0 0 0 0 0 0 0 0 15 56 0 0 0 0 0 0 0 0 0 5 0 0 0 0 1 1 0 0 0 0 0 0 0 2 0 0 0 0 0 12 23 21 48 2 0 0 11 31 0 36 19 0 0 1 20 22 17 0 0 24 0 0 0 0 0 0 0 0 0 0 2 0 0 2 0 1 0 0 0 0 0 0 0 0 0 0 0 0 0 0 0 0 0 0 0 0 0 0 0 0 0 0 0 0 0 0 0 0 0 0 0 0 0 0 11 2 2 0 0 3 2 2 1 0 0 0 0 0 0 0 0 0 0 0 0 0 0 0 0 0 0 0 0 0 0 0 0 0 0 0 
 1 2 2 1 0 0 0 1 0 0 1 0 0 1 2 0 3 0 0 0 339 370 54 60 160 60 61 174 100 114 71 27 37 338 0 537 332 255 77 148 0 6 0 3 2 1 61 0 0 2 2 3 2 0 0 0 3 3 0 0 0 0 0 0 3 40 0 0 0 0 0 0 0 3 2 0 0 0 1 0 0 0 0 0 0 0 0 0 0 0 0 0 0 12 0 0 0 0 0 0 0 50 20 0 0 0 0 36 20 44 10 1 0 0 17 28 67 12 0 19 0 0 0 0 0 0 0 0 0 0 0 0 0 0 0 0 0 0 0 0 0 0 0 0 0 0 9 0 0 0 0 0 0 12 0 0 0 0 0 9 0 0 0 0 0 0 0 0 0 1 0 0 0 1 17 0 0 0 0 6 13 14 18 53 0 1 0 18 28 69 21 0 1 0 6 11 55 34 0 0 0 0 0 0 0 0 0 0 0 0 0 0 0 0 0 0 0 0 0 0 0 0 0 0 0 0 0 0 0 0 0 0 0 0 0 0 0 0 0 0 0 0 12 0 0 0 0 0 0 0 0 0 0 0 12 0 2 0 0 0 2 0 0 0 0 0 0 0 0 0 0 0 0 0 0 0 0 0 0 0 0 3 0 0 0 0 0 0 0 0 
 3 5 5 3 3 3 3 3 3 3 5 11 3 4 4 3 79 6 3 3 140 285 366 70 62 96 23 305 362 208 281 29 42 268 537 0 555 122 251 64 0 6 0 1 0 0 0 0 0 2 2 0 2 0 0 0 0 21 0 0 0 0 0 0 5 0 0 0 0 2 1 0 0 3 2 2 1 0 1 0 0 0 0 0 0 0 0 0 0 0 0 0 0 0 0 0 0 0 0 0 0 26 44 50 12 1 0 0 37 36 76 30 0 0 12 11 41 63 0 0 0 0 0 0 0 0 0 0 0 0 0 0 0 0 0 0 0 0 1 0 0 0 0 0 0 1 0 0 0 0 0 0 0 0 0 0 0 10 0 4 0 0 0 0 0 0 0 0 0 0 0 0 0 2 0 6 5 0 0 3 7 2 18 45 0 0 1 0 57 39 24 29 0 0 12 28 100 38 0 0 0 0 0 0 0 0 0 0 1 0 0 0 0 0 0 0 0 0 0 0 0 0 0 0 0 0 0 0 0 0 0 0 0 0 0 0 0 0 0 0 0 0 10 0 0 0 0 0 0 0 0 0 0 0 0 1 0 1 1 2 18 10 0 0 0 0 9 0 0 0 0 0 0 0 0 0 0 0 0 0 0 27 0 0 0 0 6 0 0 0 
 0 1 2 0 0 0 1 0 0 0 0 0 1 0 1 2 0 0 0 0 288 569 115 45 304 54 30 47 178 345 108 90 49 54 332 555 0 303 27 31 1 9 29 1 0 1 0 0 0 2 2 1 65 0 0 0 0 4 0 0 0 0 0 0 6 0 0 0 0 0 0 0 0 3 52 0 0 0 0 1 0 0 0 0 0 0 8 0 0 0 0 0 0 0 16 2 0 0 0 0 0 36 27 26 39 1 0 0 40 15 34 14 0 0 0 10 34 25 0 0 1 0 0 0 0 0 0 0 0 0 0 0 0 0 0 0 0 0 1 0 0 2 0 0 0 0 0 0 0 11 0 0 0 0 0 0 0 8 0 4 0 2 0 0 0 0 0 0 2 0 0 0 0 0 0 4 0 0 0 12 1 1 14 45 1 8 0 0 84 27 25 10 0 0 0 12 29 42 0 0 0 0 0 0 0 1 0 0 0 0 0 0 0 0 0 0 0 0 1 0 0 0 1 0 0 0 0 0 0 0 0 12 0 0 0 0 0 0 0 0 0 0 9 0 0 2 0 0 0 0 0 0 0 0 9 1 1 1 0 1 11 1 0 0 0 0 9 0 0 0 0 0 0 0 0 0 0 0 0 0 0 30 0 0 0 0 9 0 0 0 
 4 4 64 77 3 3 6 3 6 4 4 3 5 4 3 6 4 4 4 4 43 43 290 276 40 53 240 258 272 354 274 86 260 240 255 122 303 0 26 22 0 3 4 2 2 0 3 0 0 2 4 3 2 2 0 0 0 1 0 4 2 2 1 0 2 0 0 1 1 4 0 0 2 3 2 1 1 2 0 0 0 0 0 0 0 0 0 0 0 0 0 0 0 0 0 0 0 2 0 0 0 45 0 44 44 0 0 0 24 15 16 41 0 0 0 0 0 44 0 0 0 0 0 0 0 0 0 0 0 2 0 0 0 0 0 2 0 0 21 0 0 0 6 0 0 0 0 0 0 0 0 0 0 0 0 0 1 52 0 2 0 12 0 0 0 0 0 0 0 1 0 0 0 2 9 11 0 0 0 1 0 3 1 11 7 0 0 0 30 0 21 35 1 0 0 18 0 25 0 0 0 0 0 0 0 0 0 0 0 0 0 0 0 0 0 0 0 0 0 14 17 0 0 0 0 0 0 0 0 8 0 0 0 0 0 1 0 0 0 2 0 0 0 0 0 0 1 0 0 0 0 0 0 0 7 0 3 82 147 5 36 0 0 0 0 0 53 0 0 0 0 0 0 0 0 0 0 0 0 0 0 13 0 0 0 0 19 0 0 1 
 3 2 0 2 61 296 0 0 0 75 4 1 0 0 0 0 0 62 0 1 46 40 49 107 73 59 53 73 76 63 34 33 454 99 77 251 27 26 0 273 0 0 5 0 7 0 0 0 1 2 2 0 5 0 0 0 0 13 5 5 0 4 0 0 0 0 0 0 0 0 52 0 0 3 2 0 0 1 0 0 0 10 0 0 7 25 1 0 0 1 0 0 0 0 0 0 0 0 0 0 42 11 0 0 0 0 31 0 0 0 0 0 35 0 27 0 0 35 13 45 0 0 0 0 0 0 0 0 0 0 0 0 0 0 0 0 0 0 13 35 0 0 0 0 10 0 12 0 0 0 0 0 0 0 0 0 0 0 0 0 0 0 0 0 29 14 0 0 0 3 0 0 0 1 0 0 0 0 0 0 9 0 0 0 0 0 50 30 0 2 0 0 39 30 11 1 9 12 18 29 0 0 0 2 0 0 0 0 0 0 1 0 0 0 0 0 0 0 0 0 0 0 0 0 0 0 0 0 0 3 0 0 0 0 0 0 0 0 0 0 0 0 0 0 0 0 0 0 0 0 0 0 0 0 7 2 0 0 0 3 1 0 0 0 0 0 0 0 0 0 0 0 0 0 0 0 0 0 0 0 0 0 0 0 0 0 0 0 0 0 
 3 0 0 2 0 4 3 0 0 0 3 0 0 0 3 0 0 0 0 1 232 47 139 95 326 75 281 46 193 99 82 43 412 177 148 64 31 22 273 0 0 5 8 3 204 0 0 0 5 205 4 4 2 0 0 0 10 0 0 2 0 0 0 0 0 0 0 0 0 0 3 0 0 3 2 0 0 0 1 0 0 0 0 0 1 18 10 0 0 0 0 0 0 0 0 0 0 0 0 0 30 1 16 0 0 0 15 54 18 9 0 0 22 25 17 0 10 1 0 12 0 0 0 0 7 0 0 0 0 0 0 0 0 2 0 0 0 0 0 0 0 0 0 2 0 0 0 0 0 6 0 0 0 0 0 0 0 0 0 48 0 0 1 0 0 23 0 0 0 3 2 1 1 1 0 0 2 0 0 0 50 17 10 0 0 0 16 25 0 0 0 0 24 63 11 30 11 0 8 40 0 0 0 0 1 0 0 0 0 0 0 0 9 0 0 0 0 2 0 1 2 0 0 0 0 0 2 0 0 0 0 0 0 0 0 0 2 0 0 0 0 0 0 0 0 1 0 0 0 0 0 0 0 9 13 0 0 0 0 1 4 2 0 0 0 0 0 0 0 0 0 2 0 0 0 0 0 0 0 0 0 0 0 0 0 0 0 0 0 0 
 2 37 2 2 63 4 2 2 2 2 2 2 4 2 2 3 3 2 2 2 0 0 0 0 0 0 0 0 0 0 0 0 2 0 0 0 1 0 0 0 0 94 67 286 41 46 287 223 34 63 20 31 45 170 375 31 52 39 45 73 0 0 0 4 0 1 0 0 1 0 0 0 0 0 0 0 0 0 0 0 0 0 0 0 0 0 0 1 0 0 0 0 0 0 0 0 0 1 0 0 0 0 0 0 0 0 0 0 0 0 0 0 0 0 0 0 0 5 0 0 0 25 75 1 0 0 27 74 20 11 0 0 0 8 24 13 37 0 0 0 3 0 0 0 0 0 5 18 0 0 4 0 0 0 3 0 3 0 0 0 0 0 0 0 0 0 0 0 0 0 0 3 0 0 0 0 0 8 0 0 0 0 0 0 0 0 0 0 0 0 0 0 0 0 0 0 0 0 0 0 18 30 30 0 0 0 5 4 22 10 0 0 0 26 28 31 49 1 0 0 0 0 0 0 0 1 0 0 0 0 0 0 0 0 0 0 0 0 0 0 0 0 0 0 0 0 0 0 0 0 0 6 0 0 0 0 0 0 0 0 0 0 0 0 0 0 2 0 0 0 0 0 0 0 0 0 0 0 0 0 0 0 0 0 0 0 0 0 2 0 
 0 3 0 0 0 0 0 0 0 0 0 0 0 0 0 0 0 0 0 0 1 3 7 0 0 0 0 8 7 5 2 0 0 0 6 6 9 3 0 5 94 0 358 61 36 41 68 309 178 265 34 43 56 59 241 249 181 96 52 47 0 1 0 0 0 0 0 0 3 0 2 0 0 6 1 0 0 0 0 0 0 0 0 0 0 0 0 0 0 0 0 0 0 0 0 0 0 0 0 0 0 7 11 0 11 0 0 0 11 6 0 2 0 0 4 0 6 0 0 0 0 0 8 4 0 0 1 7 21 17 18 0 0 0 0 16 64 17 0 0 0 0 0 0 0 0 0 0 0 0 8 0 0 1 0 0 0 0 0 0 0 0 0 12 0 6 0 0 0 0 0 0 0 0 0 0 3 0 0 0 16 3 16 0 0 0 0 0 8 9 24 7 0 15 0 9 4 5 0 0 0 0 7 30 0 0 0 0 29 38 40 65 0 0 0 108 55 19 0 0 0 0 0 0 0 0 0 0 0 0 0 0 12 0 7 0 0 0 0 0 0 0 9 0 0 0 0 0 0 0 0 0 0 1 0 0 0 0 0 0 0 0 0 0 0 7 0 1 0 0 9 0 0 0 0 0 0 0 0 0 0 2 0 0 0 9 0 0 0 0 
 0 0 0 0 0 0 0 0 0 0 0 0 0 0 2 0 0 0 0 0 1 5 0 0 2 0 5 0 0 0 0 0 46 0 0 0 29 4 5 8 67 358 0 126 82 26 77 104 373 470 55 41 95 66 341 124 202 268 261 269 0 0 2 0 0 0 0 0 3 0 16 0 52 5 5 0 0 0 0 0 0 0 0 0 0 0 0 0 0 0 0 0 0 0 0 0 0 0 11 0 0 0 0 0 0 0 0 0 0 0 0 0 0 0 0 0 0 0 0 0 18 1 1 29 20 0 5 7 17 10 36 9 0 0 5 37 36 33 0 0 0 0 0 0 0 0 0 0 8 3 0 0 0 5 0 0 0 0 0 0 0 0 0 2 0 9 7 2 0 0 0 2 0 0 0 0 0 1 0 0 0 19 0 0 0 0 0 0 0 0 0 0 0 0 0 0 0 0 0 0 0 0 21 34 16 11 1 1 20 11 21 32 0 7 6 20 3 53 0 0 0 0 0 0 0 0 0 0 0 9 0 0 0 0 0 0 9 0 0 0 0 0 6 0 0 0 0 0 0 0 0 2 0 2 0 0 0 0 0 2 0 0 2 1 0 14 2 1 0 0 11 0 0 0 0 0 0 0 0 0 0 0 3 25 12 3 0 0 0 0 
 2 2 1 9 10 3 0 0 1 2 2 5 2 2 3 0 0 2 1 1 2 2 1 1 3 1 64 1 1 4 1 2 3 2 3 1 1 2 0 3 286 61 126 0 93 44 90 73 87 211 102 227 114 108 77 60 127 105 103 60 0 0 0 6 4 0 0 0 0 0 0 0 0 0 5 0 0 0 2 0 0 0 0 6 0 15 0 0 0 0 0 1 0 0 0 0 0 0 0 0 0 0 0 0 0 0 0 0 0 0 0 0 3 0 0 5 0 0 16 0 0 0 11 10 49 8 0 0 0 12 55 15 0 0 0 3 1 13 0 0 0 0 0 0 0 0 0 0 0 0 0 0 0 11 0 0 0 0 0 0 0 0 0 1 7 32 0 19 0 0 9 12 0 0 0 0 0 6 0 0 0 0 0 0 0 1 0 1 4 0 0 0 0 0 0 0 0 0 3 0 0 0 0 0 26 9 0 9 0 0 1 20 0 0 0 0 0 4 0 0 0 0 0 0 0 0 9 9 0 0 0 0 0 0 0 0 0 0 7 0 0 3 0 0 0 0 8 0 0 0 0 2 0 0 0 0 0 1 0 8 0 15 8 36 0 19 1 0 0 0 23 0 0 0 0 0 0 0 0 0 0 3 0 0 11 0 0 0 0 3 
 3 0 0 0 0 4 0 3 0 0 3 0 0 0 2 0 0 0 0 0 1 3 0 0 2 0 7 0 2 1 3 0 5 59 2 0 0 2 7 204 41 36 82 93 0 259 60 73 101 309 60 226 116 275 102 83 68 43 93 299 0 0 0 0 0 0 0 0 211 0 0 0 0 0 0 0 0 0 1 0 0 0 0 0 3 0 0 0 0 0 0 0 0 0 0 0 0 0 0 0 10 0 0 0 0 0 9 1 0 0 0 0 0 1 1 0 0 0 0 5 0 0 0 0 0 3 0 0 0 2 0 1 0 0 0 0 19 0 0 0 0 0 0 0 0 0 13 0 33 0 0 0 9 0 0 0 0 0 21 13 5 0 0 0 3 0 4 0 0 0 0 0 0 0 0 0 0 0 0 0 0 0 0 0 0 0 4 10 0 0 0 0 70 1 1 0 1 0 0 2 0 0 0 0 0 75 0 0 0 0 0 0 0 0 0 0 0 0 0 0 21 0 0 0 0 0 24 10 0 0 0 0 25 28 29 0 0 0 28 9 0 0 0 0 0 0 0 0 0 0 0 4 0 0 0 0 0 0 0 2 0 0 1 2 0 1 2 1 0 1 0 0 0 0 0 0 0 0 0 0 0 4 0 4 0 0 0 0 0 0 
 0 0 9 2 0 0 0 0 6 4 13 0 0 0 0 3 10 4 0 0 0 0 0 208 1 0 0 0 0 3 3 0 0 0 1 0 1 0 0 0 46 41 26 44 259 0 36 253 56 39 47 69 84 64 48 76 75 53 266 57 0 0 0 0 0 1 0 0 0 0 0 0 1 0 0 0 0 0 104 0 0 0 0 3 0 0 0 0 8 0 2 19 0 0 0 0 6 0 0 0 0 0 0 0 0 0 0 0 0 0 0 0 0 0 0 19 0 0 1 0 0 0 0 0 0 0 0 0 0 0 0 0 0 0 0 0 0 0 0 0 0 0 0 0 0 0 24 10 0 0 14 0 28 10 0 0 0 0 4 4 3 0 7 15 6 0 2 0 0 0 3 5 0 0 12 1 4 3 0 0 0 0 0 0 0 0 0 0 0 0 0 0 0 0 0 0 0 0 0 0 0 0 0 0 0 20 0 7 0 0 0 0 0 0 0 0 0 0 0 0 82 0 0 0 0 0 12 11 0 0 0 0 37 24 23 0 0 0 20 38 0 4 0 0 0 0 2 0 0 0 0 6 0 0 10 0 0 0 0 0 0 0 9 0 0 6 0 0 0 0 0 0 0 0 0 0 0 0 0 0 0 0 0 0 0 0 0 0 1 0 
 3 2 0 0 0 0 4 0 0 0 2 0 0 0 2 0 3 0 0 0 0 2 0 0 65 0 3 0 0 2 0 0 0 0 61 0 0 3 0 0 287 68 77 90 60 36 0 94 55 57 40 41 305 499 43 30 26 41 279 534 0 9 5 55 0 2 0 3 5 8 0 2 30 0 0 6 5 3 0 1 0 0 0 0 0 0 0 0 0 0 0 0 0 0 0 0 0 0 0 0 0 0 0 0 0 0 0 0 0 0 0 0 0 0 0 0 0 0 0 0 0 16 38 0 0 0 37 18 12 20 0 0 0 19 48 12 9 0 0 0 10 0 7 3 0 0 2 8 7 6 19 1 0 0 20 0 5 6 0 0 0 0 0 0 0 0 0 0 0 0 0 0 0 0 0 0 0 10 0 0 0 0 0 0 0 0 0 0 0 0 0 0 0 0 0 0 0 0 0 0 14 32 14 0 0 0 11 38 11 10 0 0 15 26 61 0 11 0 31 1 0 0 0 7 4 0 0 0 0 0 5 1 0 0 0 0 4 6 0 0 0 0 0 0 0 0 0 0 0 0 0 0 0 2 0 0 0 0 0 0 0 0 2 0 0 0 0 0 0 0 2 0 0 0 0 0 0 0 0 0 0 0 0 0 0 0 0 0 0 0 
 0 0 0 0 0 36 0 2 0 0 0 0 0 30 2 0 0 0 0 0 0 0 0 1 2 2 6 0 0 0 0 0 0 0 0 0 0 0 0 0 223 309 104 73 73 253 94 0 149 45 38 40 113 350 121 38 49 317 282 54 0 2 0 0 6 61 0 0 2 0 0 0 0 53 0 0 3 0 3 0 0 0 0 0 13 0 17 0 0 0 0 0 0 0 0 13 0 0 0 0 0 0 0 0 0 0 0 0 0 0 0 0 0 0 0 0 9 0 0 0 8 0 5 0 0 10 3 16 28 18 0 0 0 0 2 28 18 18 0 0 0 0 0 0 6 0 4 3 0 0 8 0 0 0 0 0 0 0 0 0 10 0 0 6 0 1 0 1 0 0 0 1 0 0 0 0 0 0 0 0 0 0 0 0 0 0 0 0 0 0 0 0 0 0 0 0 0 0 0 0 0 22 25 20 0 0 0 8 56 40 0 0 0 0 25 27 44 0 0 0 0 0 0 0 0 0 0 0 0 0 0 0 0 2 0 0 1 0 0 0 0 0 0 0 0 0 0 0 0 32 0 0 0 1 0 0 0 0 0 1 0 0 2 0 2 1 0 0 0 0 0 0 0 0 0 0 0 0 0 0 0 0 0 0 0 0 0 0 0 0 
 0 0 0 0 0 0 0 0 0 0 0 0 0 0 0 0 0 0 5 0 0 0 0 0 2 0 3 0 4 0 0 0 0 0 0 0 0 0 1 5 34 178 373 87 101 56 55 149 0 235 255 26 102 85 238 236 175 167 104 263 0 3 0 18 5 0 0 0 3 55 29 18 0 13 0 0 0 3 0 0 0 0 0 0 0 0 0 0 0 0 0 0 0 0 0 0 0 0 0 0 0 0 0 0 0 1 0 0 0 0 0 0 0 0 0 0 0 0 0 0 0 0 4 10 0 0 0 4 9 17 49 0 0 0 0 29 28 34 0 0 0 0 0 0 1 4 0 0 0 0 1 7 0 5 0 0 0 0 0 0 0 0 0 55 0 4 0 2 0 0 0 2 0 0 0 0 0 0 0 0 0 0 0 0 0 0 0 0 0 0 0 12 0 0 0 0 0 0 0 0 0 0 1 31 5 0 0 1 31 19 26 38 10 0 0 35 19 73 0 0 0 0 0 0 0 5 0 2 2 0 0 5 0 0 0 0 6 0 0 0 0 0 0 0 0 0 0 0 0 0 0 8 0 0 0 0 0 0 0 0 0 0 1 1 0 11 1 1 1 0 20 0 0 0 0 5 0 0 0 0 0 0 0 0 9 11 0 0 2 0 
 2 3 1 0 0 0 0 3 6 0 2 0 0 0 0 0 0 0 61 0 2 4 4 2 36 4 2 3 2 2 2 2 4 2 2 2 2 2 2 205 63 265 470 211 309 39 57 45 235 0 270 45 54 61 103 282 464 334 318 91 0 2 19 0 0 9 0 0 0 0 10 1 3 4 0 0 0 0 0 0 0 0 0 0 0 0 0 0 0 0 0 0 0 0 0 0 0 0 0 0 0 0 0 0 0 0 0 0 0 0 0 0 0 0 0 0 0 0 0 0 0 0 0 26 50 28 0 0 0 16 33 12 0 0 0 0 11 8 0 0 0 0 0 0 0 0 0 0 0 0 0 0 0 5 0 0 0 0 1 0 0 0 0 1 0 7 0 11 0 0 0 18 0 0 0 0 0 0 0 0 0 0 0 0 0 0 0 0 0 0 0 0 0 0 0 0 0 0 0 0 0 30 0 24 45 6 0 0 0 0 31 20 0 0 0 19 0 25 0 0 0 0 0 0 0 0 0 6 0 0 0 0 0 0 0 0 4 0 0 0 0 0 3 0 0 0 0 0 0 0 0 5 0 1 0 0 0 0 0 15 0 0 64 64 0 18 0 63 0 0 9 0 0 0 0 0 0 0 0 0 0 0 0 0 12 18 0 0 0 0 
 2 0 4 2 0 0 4 5 0 0 2 0 0 0 3 0 0 0 0 0 2 2 3 2 4 2 2 2 2 2 5 2 2 2 2 2 2 4 2 4 20 34 55 102 60 47 40 38 255 270 0 263 36 37 47 80 156 174 57 102 5 8 39 22 0 0 0 0 0 3 26 0 0 5 19 6 5 0 1 0 0 0 0 0 0 0 0 0 0 0 0 0 0 0 0 0 0 0 0 0 0 0 0 0 0 0 0 0 0 0 0 0 0 0 0 0 0 0 0 0 9 0 0 24 67 61 0 0 0 15 46 17 0 0 0 0 0 8 0 0 0 16 9 5 0 0 0 0 7 2 8 0 0 8 0 0 5 7 10 0 0 0 0 0 0 2 0 3 0 0 0 3 0 0 0 0 0 0 0 0 0 0 0 12 3 0 0 0 0 0 6 0 0 0 0 0 0 0 0 0 0 0 0 3 79 55 0 0 0 0 9 23 0 0 0 0 0 9 0 0 0 7 5 3 1 0 17 4 0 4 1 0 0 0 1 19 18 7 9 1 0 0 7 0 0 0 0 0 0 0 0 6 0 0 0 0 0 0 0 19 0 0 35 6 0 13 6 33 0 0 0 0 0 0 0 0 0 0 0 0 0 0 0 0 14 13 0 0 0 0 
 3 0 0 0 0 0 1 0 0 0 3 0 0 0 3 0 0 0 0 59 4 0 0 0 0 0 4 7 2 0 6 0 0 0 3 0 1 3 0 4 31 43 41 227 226 69 41 40 26 45 263 0 37 48 252 49 66 101 26 43 0 0 5 0 0 25 0 0 0 0 0 0 0 1 0 0 0 0 0 0 0 0 0 0 0 0 0 0 0 0 0 0 0 0 0 0 0 0 0 0 0 0 2 0 0 0 0 20 0 31 0 0 0 6 2 0 1 0 0 0 0 0 0 1 26 18 0 0 0 1 9 7 0 0 1 0 0 0 0 0 0 0 0 0 0 14 2 0 0 0 0 0 0 0 0 0 0 0 27 0 8 0 0 0 0 0 2 1 0 0 0 1 0 0 0 0 0 0 0 0 3 6 0 0 0 0 2 0 2 0 0 0 0 6 6 4 2 4 0 0 0 0 0 3 23 30 0 0 0 0 0 0 0 0 0 0 0 3 3 0 0 0 0 0 0 0 8 8 0 6 0 0 14 1 1 0 0 0 11 0 0 0 0 0 0 0 0 0 0 0 0 4 0 0 0 0 0 0 0 13 0 27 63 64 4 3 0 66 0 0 0 0 0 0 0 0 0 0 0 0 0 0 0 0 0 1 0 0 0 0 
 3 2 4 2 6 2 2 2 2 2 5 2 2 2 2 2 2 2 2 2 2 2 2 2 2 6 2 2 2 3 2 2 2 2 2 2 65 2 5 2 45 56 95 114 116 84 305 113 102 54 36 37 0 308 37 56 52 37 379 131 0 0 0 0 0 0 50 62 1 49 0 0 0 0 0 0 0 0 0 0 0 0 0 0 0 0 8 0 0 0 3 0 0 0 0 0 0 0 0 0 0 0 0 0 0 0 0 0 0 0 0 0 0 0 0 0 0 0 0 0 24 35 20 0 0 0 30 10 0 0 0 0 11 27 55 0 0 0 9 0 6 0 0 0 0 0 1 11 0 0 0 0 0 0 5 0 4 0 0 0 0 0 0 0 0 0 0 0 0 0 0 0 0 0 0 0 0 4 0 0 0 0 0 0 0 0 0 0 0 0 0 0 0 0 0 0 0 0 0 0 52 21 0 0 0 0 17 22 4 1 1 0 6 41 23 0 0 0 0 9 0 0 0 0 0 2 0 0 0 0 0 0 0 0 0 0 0 0 0 0 0 0 0 0 0 0 0 0 0 0 0 3 0 0 0 0 0 0 0 0 0 0 2 0 2 2 0 0 2 0 0 0 0 0 0 0 0 0 0 0 0 0 0 0 0 0 0 0 2 10 
 3 3 3 3 3 3 3 3 3 3 3 3 4 3 3 3 3 3 9 4 0 0 0 0 0 1 2 0 3 0 6 0 0 63 0 0 0 2 0 0 170 59 66 108 275 64 499 350 85 61 37 48 308 0 323 135 39 33 104 141 0 0 0 0 0 0 0 0 0 0 0 0 0 0 0 0 0 0 0 0 0 0 0 0 0 0 3 0 0 0 0 0 6 11 0 0 0 0 0 2 0 0 0 0 0 0 0 0 0 0 0 0 0 0 0 0 0 0 0 0 0 22 28 0 0 0 23 21 30 20 0 0 0 7 36 8 56 0 0 0 14 0 0 2 0 0 4 10 0 0 7 0 0 0 21 0 5 0 0 0 0 0 0 0 0 0 7 0 0 0 0 0 10 0 0 0 0 3 7 0 0 0 0 0 0 0 0 0 0 0 0 0 0 0 0 0 0 0 0 0 11 14 20 0 0 0 1 10 19 18 1 0 1 28 20 23 32 0 0 0 0 0 0 10 0 0 0 0 0 0 0 0 0 0 0 10 0 0 0 0 0 0 0 0 0 0 0 0 0 0 0 7 0 2 0 0 0 0 0 0 0 0 0 0 2 1 2 0 1 0 0 0 0 0 0 0 0 0 0 0 0 0 0 0 0 0 0 0 0 0 
 0 62 0 0 21 0 0 0 0 0 0 0 2 0 3 0 0 0 0 0 0 2 0 0 2 1 0 0 0 2 0 0 0 0 0 0 0 0 0 0 375 241 341 77 102 48 43 121 238 103 47 252 37 323 0 123 60 99 263 131 0 0 1 2 3 2 0 0 2 0 6 6 22 0 0 2 0 0 0 0 0 0 0 0 0 0 0 0 0 0 0 0 0 0 0 0 0 0 0 0 0 0 0 0 0 0 0 0 0 0 0 0 0 0 0 0 0 0 14 0 0 1 47 1 0 0 0 45 24 17 0 0 0 0 2 29 16 22 0 0 0 0 0 0 23 2 3 2 0 1 2 5 0 0 0 0 0 0 0 0 0 0 0 7 0 1 6 0 0 0 0 0 0 0 0 0 0 0 0 0 0 0 0 0 0 0 0 0 0 0 0 0 0 0 0 0 0 0 0 0 1 11 24 9 0 0 0 7 34 41 1 0 0 3 9 22 33 0 0 0 0 0 0 0 0 9 0 0 0 0 0 5 0 0 0 0 1 0 0 0 0 0 0 0 0 2 0 0 0 0 0 2 0 0 0 0 0 0 0 0 0 0 0 0 2 0 3 0 0 0 0 0 0 3 0 7 0 0 0 0 0 0 0 0 0 0 0 0 1 0 
 2 1 1 2 3 4 3 2 3 3 2 3 3 2 2 3 2 3 3 3 0 0 0 0 2 64 0 0 0 3 2 1 0 63 0 0 0 0 0 0 31 249 124 60 83 76 30 38 236 282 80 49 56 135 123 0 146 282 43 69 0 0 5 2 7 21 0 0 1 0 3 23 0 3 0 0 0 0 0 0 0 0 9 0 0 0 0 0 0 0 0 0 0 0 0 0 0 0 0 0 0 0 0 0 0 0 0 0 0 0 0 0 0 0 0 0 0 0 0 11 0 0 0 19 25 0 0 0 0 10 36 21 8 0 0 21 6 38 0 0 0 0 0 0 8 0 0 0 0 0 3 0 0 21 0 0 0 0 0 0 0 0 0 2 0 3 0 3 0 0 0 3 0 0 0 0 0 0 0 0 0 0 0 0 0 0 0 0 0 0 0 0 0 0 0 0 0 0 0 0 0 0 0 35 10 0 0 0 18 11 29 39 0 0 0 6 0 24 0 0 0 0 0 14 0 0 0 0 0 0 0 0 0 0 0 0 10 0 0 0 0 0 9 0 0 0 0 0 0 0 0 11 1 0 0 0 0 0 0 2 0 0 1 1 2 15 2 1 2 0 5 0 0 0 0 0 0 0 0 0 0 0 0 0 14 28 0 0 1 0 
 24 25 2 0 1 0 0 21 5 0 3 4 0 3 11 2 0 0 0 0 0 0 0 0 1 0 62 0 0 1 3 0 0 0 3 0 0 0 0 10 52 181 202 127 68 75 26 49 175 464 156 66 52 39 60 146 0 208 45 32 0 0 10 0 0 0 0 0 7 0 3 0 0 3 0 0 0 0 0 0 0 6 5 0 0 0 0 0 5 5 3 6 0 0 52 9 5 6 0 0 0 0 8 0 0 0 0 0 0 0 0 0 0 0 0 0 0 0 0 0 0 0 9 19 31 0 0 0 10 12 32 20 0 0 0 11 8 23 0 0 0 0 0 0 0 0 0 0 0 0 0 0 0 6 0 0 0 0 0 0 9 19 2 9 0 7 0 7 11 7 0 5 0 13 0 8 0 0 0 0 0 0 3 0 0 0 0 0 0 0 0 0 0 0 0 0 0 0 0 0 0 0 0 27 30 0 0 0 16 20 30 35 0 0 0 8 0 28 0 0 0 0 0 0 0 0 0 0 0 0 0 0 0 0 1 0 10 0 0 0 0 0 9 0 0 0 0 0 0 29 0 4 0 1 0 0 0 0 0 0 0 0 64 0 0 42 1 0 0 0 8 0 0 7 0 0 0 0 0 0 0 0 0 0 17 14 0 0 0 13 
 0 1 0 0 2 0 2 0 3 0 0 0 0 0 2 0 0 0 0 0 0 4 14 0 1 2 1 8 37 3 0 1 2 0 3 21 4 1 13 0 39 96 268 105 43 53 41 317 167 334 174 101 37 33 99 282 208 0 45 31 0 2 3 0 6 1 3 0 6 0 6 1 4 10 1 0 2 0 0 0 0 0 0 0 0 0 0 0 0 0 0 0 0 0 0 0 0 0 0 0 0 2 2 0 3 0 0 0 4 15 0 2 0 0 2 0 3 0 1 0 0 0 8 26 17 16 0 8 1 17 16 11 0 0 0 6 11 4 0 0 0 0 0 0 0 0 0 0 0 0 15 0 0 5 0 0 0 0 1 0 0 0 0 0 0 13 0 7 0 0 0 6 0 0 0 0 0 0 0 0 3 0 6 0 0 12 0 0 6 12 4 5 0 0 0 3 2 4 0 0 8 0 0 45 16 0 0 1 18 2 41 25 0 0 0 30 32 37 0 0 0 0 0 0 0 0 0 17 0 6 0 0 0 0 0 0 11 0 0 0 0 0 14 0 0 0 0 0 0 0 0 11 0 15 0 0 0 0 1 10 0 1 0 62 0 12 3 62 0 0 12 0 0 0 0 0 0 0 0 0 0 1 0 0 0 10 0 0 0 5 
 0 4 0 0 0 0 0 2 8 0 62 0 0 0 0 0 3 0 0 0 0 2 2 0 2 207 1 0 0 0 0 1 0 0 0 0 0 0 5 0 45 52 261 103 93 266 279 282 104 318 57 26 379 104 263 43 45 45 0 549 0 0 0 3 55 4 0 8 0 0 0 0 0 0 2 0 0 51 0 0 0 0 0 0 0 0 0 0 0 10 0 0 0 0 0 0 0 0 0 0 0 0 0 0 0 32 0 0 0 0 0 0 0 0 0 0 0 0 0 0 38 5 2 0 0 0 10 0 0 0 0 0 19 31 51 0 0 0 19 18 5 0 0 0 0 0 0 1 0 0 0 0 0 0 0 0 1 0 0 0 0 0 0 0 0 0 0 0 0 0 0 0 0 0 0 0 0 0 0 0 0 6 0 29 1 0 0 1 0 0 0 0 0 0 0 0 0 0 0 0 10 15 0 0 0 0 41 22 0 0 0 0 14 22 13 0 0 0 22 4 0 0 8 8 0 0 0 0 0 0 0 0 0 0 0 0 0 0 0 0 0 0 0 0 0 0 0 0 0 0 0 0 0 2 0 0 0 0 0 0 0 0 0 0 1 2 0 0 0 0 0 0 0 0 0 1 0 0 0 0 0 0 0 0 0 0 0 0 0 0 
 0 0 0 0 0 0 0 0 0 0 0 0 0 0 0 0 2 0 0 61 0 204 0 0 0 3 0 0 0 0 0 0 0 0 0 0 0 4 5 2 73 47 269 60 299 57 534 54 263 91 102 43 131 141 131 69 32 31 549 0 0 0 0 0 0 0 0 3 1 0 0 0 2 0 0 0 0 0 6 0 0 0 0 0 0 0 0 0 0 0 0 0 0 10 0 0 0 0 0 0 9 0 0 0 1 0 0 0 0 0 0 1 0 1 0 0 0 0 0 0 26 46 21 0 0 0 24 10 1 0 0 0 15 35 46 0 0 0 18 1 23 0 0 0 1 0 10 18 0 0 0 0 7 30 10 0 5 0 6 23 0 0 0 0 0 0 0 0 0 0 0 0 0 0 0 0 0 18 0 0 0 0 0 0 0 0 0 0 0 0 0 0 0 0 0 0 0 0 0 0 50 19 1 0 0 0 37 17 2 1 0 0 13 40 25 0 3 0 0 7 5 0 0 0 0 0 1 16 2 0 0 0 9 1 6 0 0 0 8 10 0 0 0 0 0 0 0 0 0 0 0 2 0 0 0 0 0 0 0 0 0 0 0 0 0 3 0 0 0 0 0 0 0 0 0 0 0 0 0 0 0 0 0 0 0 0 0 0 0 0 
 29 2 0 0 0 0 0 0 0 0 0 0 0 0 8 0 0 0 0 0 0 1 0 0 0 0 47 0 0 0 0 0 0 0 0 0 0 2 0 0 0 0 0 0 0 0 0 0 0 0 5 0 0 0 0 0 0 0 0 0 0 99 66 42 26 38 230 577 458 47 65 31 117 179 254 240 28 49 51 137 0 0 0 0 0 0 0 0 0 0 0 0 0 0 0 0 0 0 0 0 21 0 0 0 0 0 0 0 16 0 0 0 0 0 0 0 0 0 0 0 0 16 0 0 0 0 0 0 0 0 0 0 0 2 0 0 0 0 0 0 7 35 43 1 4 0 0 1 26 8 0 0 0 4 17 34 45 8 0 1 3 3 0 0 0 0 0 0 0 0 9 0 0 0 0 0 0 0 0 0 0 0 0 0 5 0 0 0 0 0 0 0 0 0 0 0 0 0 0 0 0 0 0 0 0 0 0 0 1 0 0 0 0 0 0 0 0 0 0 0 3 15 35 2 2 0 2 9 14 30 7 0 0 12 1 20 8 19 0 1 0 0 0 12 0 0 0 0 0 0 0 0 0 0 7 0 0 0 0 0 0 0 0 0 0 0 11 0 0 0 11 2 0 0 1 0 0 0 0 0 0 0 0 0 0 0 0 0 0 0 
 0 2 0 0 0 0 0 0 0 0 0 0 0 0 3 0 1 1 0 1 0 0 0 0 0 0 2 0 2 3 0 0 0 0 0 0 0 2 4 0 0 1 0 0 0 0 9 2 3 2 8 0 0 0 0 0 0 2 0 0 99 0 247 106 30 23 81 214 445 49 53 252 270 68 199 182 86 243 38 50 0 0 0 0 0 0 0 6 0 0 0 0 0 0 0 0 0 0 2 0 0 0 0 0 15 0 0 0 0 0 0 0 0 0 0 0 0 0 1 0 0 0 0 0 0 0 0 0 0 0 0 0 0 0 0 0 0 0 0 0 0 22 31 33 20 0 0 0 12 27 70 0 0 2 4 19 21 6 0 0 14 0 0 0 0 0 0 0 0 0 0 0 0 0 6 14 0 0 0 0 0 0 0 0 0 0 0 0 0 0 0 0 0 0 16 22 0 0 0 0 0 0 0 6 0 0 0 0 0 0 0 0 0 0 0 0 0 0 0 0 0 29 20 35 27 1 0 1 7 36 34 3 0 0 0 29 24 29 0 0 23 0 0 0 0 0 0 0 0 0 0 0 0 0 11 0 0 0 0 0 0 0 0 0 0 0 14 0 0 0 7 1 0 21 1 0 0 0 0 0 0 0 0 0 0 0 0 14 5 0 
