 0 81 90 52 127 198 475 419 77 36 48 37 46 145 419 43 119 46 31 144 1 0 0 0 0 0 0 0 0 2 2 0 0 3 7 0 1 0 0 2 0 0 0 2 0 1 0 3 0 2 2 0 0 0 0 0 2 41 0 0 0 0 0 2 0 0 0 1 0 0 0 4 2 0 0 1 3 3 3 0 16 49 14 0 0 0 11 32 11 0 0 0 0 34 42 23 36 2 0 0 2 0 0 0 0 0 0 0 0 0 0 0 2 0 0 0 0 0 0 0 0 0 0 0 0 0 2 0 2 0 0 0 0 0 0 0 0 0 0 0 0 0 0 0 0 0 0 0 0 0 0 0 2 0 0 0 0 0 0 0 19 26 22 0 0 0 0 42 13 5 10 13 0 0 34 2 27 15 0 19 0 0 0 0 0 0 0 0 0 0 0 0 0 0 0 0 13 0 0 0 0 2 0 0 0 0 0 0 0 0 0 0 0 11 0 0 2 0 2 0 0 0 0 2 0 0 0 0 1 0 0 0 0 1 0 0 0 2 0 0 0 0 0 0 2 1 2 2 2 0 0 8 0 0 0 0 0 0 0 0 0 0 0 0 0 0 0 0 0 1 0 0 0 0 0 0 0 0 0 0 0 0 0 0 0 0 0 0 0 0 
 81 0 369 89 49 252 59 462 317 122 29 32 46 275 411 674 399 253 44 50 0 0 0 2 2 0 72 0 0 0 3 0 0 3 3 1 1 0 3 2 3 63 0 2 0 2 0 0 4 2 0 2 0 2 6 0 3 4 0 7 0 5 0 2 0 0 0 0 0 0 0 0 3 0 0 0 33 2 3 0 13 20 43 7 0 0 1 8 63 47 20 1 0 0 15 48 37 29 0 0 0 0 0 0 0 0 0 0 0 0 0 0 10 0 0 0 0 0 0 0 0 0 0 0 0 0 0 0 0 0 0 0 0 0 0 16 0 0 0 0 0 0 0 0 0 0 0 0 0 0 0 0 0 0 0 0 0 0 0 0 14 5 74 33 0 0 0 27 19 37 20 0 0 0 24 28 32 16 0 0 0 0 0 0 0 0 0 0 0 0 0 15 0 0 0 0 0 0 0 0 0 0 0 0 0 0 0 0 0 0 0 0 0 0 0 0 0 0 0 0 0 0 0 0 0 0 0 12 0 0 0 0 0 0 0 0 0 0 0 0 0 0 0 0 0 1 0 1 4 1 1 8 0 0 0 0 0 0 0 0 2 0 0 0 0 2 0 0 0 0 0 0 0 0 0 0 0 23 0 0 0 0 0 0 0 0 0 0 0 11 
 90 369 0 169 80 241 62 117 397 374 130 20 56 60 73 194 257 325 36 37 2 0 1 0 0 0 2 0 4 0 0 0 0 3 3 0 41 0 3 3 0 0 0 2 0 0 0 3 0 0 0 0 0 0 0 0 2 4 0 8 0 4 0 0 0 0 0 0 0 0 0 0 0 0 0 0 3 3 3 0 0 3 52 51 0 0 0 2 43 45 74 0 0 0 32 25 68 56 0 0 1 0 0 0 0 0 0 0 0 0 0 16 1 0 2 0 0 0 0 0 0 0 0 0 0 0 1 0 0 15 0 0 0 0 0 0 0 0 2 0 0 2 0 0 0 0 0 0 0 0 0 0 0 0 0 0 0 0 0 0 4 26 32 44 16 0 0 0 15 16 27 20 0 0 0 30 10 63 0 0 0 0 0 0 0 0 0 0 0 0 0 0 0 0 2 0 0 1 16 0 0 1 0 0 0 0 0 0 0 35 0 0 0 0 0 0 0 0 2 0 0 0 0 0 0 0 0 0 1 9 0 0 0 2 0 0 0 1 0 0 0 14 0 0 0 0 93 0 0 3 0 9 8 0 2 0 0 0 0 0 0 0 0 0 0 0 0 0 0 2 0 0 0 0 0 11 0 47 0 0 0 0 0 0 0 0 0 0 0 0 
 52 89 169 0 73 30 280 63 86 679 179 403 59 309 43 60 66 388 266 88 0 0 0 0 2 0 0 0 0 1 74 0 0 5 3 0 1 0 0 1 0 0 0 2 0 0 0 0 0 0 0 0 0 0 0 0 1 2 0 36 0 0 0 0 0 0 0 0 0 0 0 0 0 0 0 0 3 3 2 0 0 0 31 36 10 29 0 0 2 13 37 32 0 0 0 0 9 45 0 0 0 0 0 0 0 0 0 0 0 0 0 0 0 0 0 0 0 0 0 0 0 0 0 0 0 0 0 0 0 0 0 0 0 0 0 0 0 0 0 0 0 0 0 0 0 0 0 0 0 0 0 0 0 0 0 0 9 0 0 14 3 0 0 14 49 0 0 0 0 2 17 19 0 0 0 0 7 19 0 0 0 0 0 0 0 0 0 0 0 0 0 10 0 0 0 0 0 0 28 0 0 0 0 0 0 0 0 0 0 0 0 0 0 0 0 0 0 0 0 0 0 0 0 0 0 0 0 0 0 0 0 0 0 0 0 0 0 0 0 0 0 9 0 0 0 0 71 2 2 13 0 6 11 0 0 0 0 0 0 0 0 0 8 0 0 0 0 0 0 0 0 0 0 0 0 34 14 0 0 0 0 0 0 0 0 0 0 0 0 0 
 127 49 80 73 0 429 43 74 61 104 91 652 459 277 77 96 288 267 72 127 0 0 0 0 2 30 1 0 75 0 0 2 0 3 3 0 0 0 0 4 0 0 0 2 0 0 0 0 0 0 0 59 0 0 0 0 0 3 0 0 0 1 0 0 0 49 0 0 0 0 0 0 0 0 0 0 2 2 3 0 0 0 1 0 42 40 0 0 0 0 3 21 14 2 0 10 3 0 0 0 0 0 0 0 0 0 34 0 0 0 1 0 19 0 15 0 0 0 22 16 0 2 0 0 0 0 0 0 0 0 2 0 0 0 0 0 0 0 0 0 0 0 0 0 0 0 0 1 0 0 1 0 0 0 0 0 0 2 0 0 0 0 0 0 11 7 0 0 0 0 1 16 0 0 0 0 0 1 0 0 0 0 15 0 0 0 1 0 0 0 0 0 9 3 0 0 0 0 25 43 0 0 0 0 0 0 22 0 0 0 0 0 0 0 2 0 0 0 0 0 0 2 0 0 0 0 0 0 0 0 0 0 0 0 0 0 0 0 0 0 0 1 0 0 0 2 6 0 2 7 0 14 3 0 0 0 0 0 0 0 0 0 0 0 0 0 0 0 0 0 0 0 0 22 0 28 14 0 0 0 0 0 0 0 0 0 0 0 0 0 
 198 252 241 30 429 0 250 55 267 140 293 34 42 68 266 329 64 70 33 49 2 7 0 2 2 4 1 0 4 33 2 4 1 4 76 4 2 3 343 4 5 0 0 2 3 4 6 3 0 2 3 2 0 0 0 0 1 3 0 7 4 5 0 0 5 10 0 0 0 1 10 3 1 4 0 0 2 3 7 0 0 1 0 0 59 63 2 2 0 0 0 11 0 0 0 0 1 0 3 0 14 0 0 0 0 6 44 1 0 0 0 0 28 30 0 0 0 0 38 34 0 0 0 0 0 0 0 0 0 0 0 0 0 0 0 0 0 0 0 0 0 0 0 0 0 0 0 0 0 0 0 0 0 0 0 0 0 0 0 0 0 0 0 0 14 18 0 0 0 0 0 11 0 0 0 9 0 0 0 0 1 0 0 0 2 0 42 0 1 0 0 0 46 20 0 6 0 0 54 61 0 0 0 0 0 0 0 0 0 2 0 0 0 0 0 0 0 2 0 0 0 0 0 0 0 0 0 1 0 0 0 1 0 0 0 0 0 0 0 0 0 0 0 0 14 1 0 0 0 6 4 2 0 4 0 0 0 0 0 0 0 0 0 0 0 0 0 0 0 0 0 0 0 0 0 0 0 0 0 0 0 0 0 0 0 0 0 0 0 0 
 475 59 62 280 43 250 0 73 39 29 33 25 505 398 59 134 29 43 52 388 2 0 0 2 0 0 0 0 0 2 0 0 0 3 3 0 2 0 0 2 0 0 0 2 0 0 0 0 0 0 0 0 0 0 0 0 1 69 0 0 51 0 0 0 0 0 0 3 0 0 0 5 0 0 0 0 2 2 3 0 70 26 0 0 0 0 15 28 9 0 0 0 57 63 52 2 19 0 0 24 0 0 0 0 0 0 0 0 7 0 0 0 2 0 0 0 0 0 0 0 0 0 0 0 0 0 0 0 0 0 19 0 0 0 0 0 0 0 0 0 0 0 0 0 2 0 0 0 0 0 0 0 0 0 0 0 0 0 0 0 37 26 2 0 0 0 10 20 14 0 0 17 2 0 14 0 19 1 0 0 0 0 0 0 0 0 0 0 0 0 0 0 0 0 9 0 0 0 0 0 0 0 2 20 0 0 0 0 0 0 0 0 0 0 0 0 0 0 0 0 0 0 0 0 0 0 0 0 0 0 0 0 0 0 0 0 0 0 0 0 0 0 0 0 0 0 2 1 0 2 0 6 0 0 0 0 0 0 0 0 0 0 0 0 0 0 0 0 0 0 0 0 0 0 0 0 0 0 0 0 0 0 0 0 0 0 0 0 0 0 
 419 462 117 63 74 55 73 0 271 124 48 38 96 498 266 196 54 58 59 48 1 0 0 11 3 0 1 0 0 0 0 0 0 3 3 1 2 0 2 3 0 0 0 2 0 0 1 2 1 0 0 0 1 0 0 0 4 64 0 0 0 4 0 3 0 2 0 0 0 0 0 15 46 0 0 0 3 3 3 0 15 40 20 0 0 0 15 42 28 9 3 1 2 21 22 32 27 9 0 0 0 0 0 0 0 0 0 0 0 0 33 0 0 0 0 0 0 2 0 0 0 11 0 0 0 0 0 0 0 0 0 0 0 0 0 0 0 0 0 0 0 0 0 0 1 0 0 12 2 0 0 0 0 0 0 0 0 0 2 0 29 48 33 34 0 0 1 17 22 18 10 36 0 0 34 48 9 10 0 0 0 0 0 0 0 0 0 0 0 0 0 0 0 0 0 0 8 0 1 0 0 0 0 0 3 0 0 0 0 0 0 0 0 0 0 0 0 0 0 0 0 0 0 0 0 0 0 0 0 0 0 0 0 15 0 0 0 0 0 0 0 0 0 0 0 0 2 0 1 0 2 7 0 0 0 0 0 0 0 0 0 0 1 0 0 0 0 0 0 0 0 0 0 2 0 0 0 0 0 0 0 0 0 0 0 0 0 0 0 0 
 77 317 397 86 61 267 39 271 0 241 42 244 316 85 250 362 314 217 77 73 0 0 0 0 0 0 1 2 2 5 0 0 0 5 5 1 24 0 0 76 6 0 0 2 0 0 62 0 0 0 0 0 0 0 0 0 4 5 0 8 0 4 0 0 33 0 0 0 0 0 0 0 0 5 0 0 2 3 3 30 10 47 46 21 0 0 0 19 37 49 30 7 0 0 15 34 34 51 0 1 0 0 0 0 0 0 0 0 0 0 0 0 1 0 11 0 0 0 0 1 0 0 0 0 0 0 2 0 0 0 0 0 0 0 0 26 0 0 1 0 0 0 0 0 0 0 0 0 0 0 0 15 2 0 0 0 0 0 13 0 0 11 28 44 2 0 0 0 16 36 10 1 0 0 14 40 10 9 0 0 0 0 0 0 0 0 0 0 0 0 0 0 0 0 0 0 0 2 0 0 0 0 0 0 0 0 0 0 0 0 0 0 0 0 0 0 2 0 0 0 0 0 0 0 0 0 0 0 1 0 0 0 0 0 0 0 0 2 0 0 0 9 0 0 0 1 5 0 2 0 0 11 0 0 0 0 0 0 0 1 0 0 7 0 0 0 0 0 0 1 0 0 0 0 0 0 0 19 0 0 0 0 0 0 0 0 0 0 0 0 
 36 122 374 679 104 140 29 124 241 0 433 35 38 272 67 555 390 123 93 108 0 0 0 0 0 2 0 0 0 2 0 1 0 3 65 0 1 0 0 2 0 0 0 2 0 0 0 0 0 0 0 0 0 0 0 2 2 6 0 5 0 4 0 0 0 1 0 0 0 0 0 0 0 0 2 0 2 2 3 0 0 0 32 36 0 2 0 0 26 38 68 34 0 0 0 9 26 27 0 0 0 0 0 0 0 0 0 0 0 0 0 0 0 0 0 0 0 0 0 0 0 0 0 0 0 0 0 0 0 0 0 0 0 0 0 0 0 0 0 0 0 0 0 0 0 0 0 0 0 0 0 0 0 0 0 0 0 0 0 0 5 0 15 10 20 0 0 0 32 13 13 13 0 0 1 0 22 15 0 0 0 0 0 0 0 0 0 0 0 0 0 7 0 0 15 0 0 0 24 0 0 0 0 0 0 0 0 0 0 0 0 0 0 0 0 0 0 0 0 0 0 0 0 0 0 0 1 26 0 0 0 0 0 0 0 0 0 0 0 0 0 11 0 0 0 1 172 0 0 177 0 8 19 0 0 0 0 0 0 0 0 0 14 0 0 0 0 0 0 0 0 0 0 0 0 12 14 14 0 0 0 0 0 0 0 0 0 0 0 10 
 48 29 130 179 91 293 33 48 42 433 0 450 236 46 262 117 109 415 21 270 0 0 2 0 0 0 1 0 1 0 0 0 0 3 4 0 1 0 0 6 0 0 35 3 0 0 0 0 0 0 0 0 0 0 0 0 1 3 0 2 0 2 0 0 0 0 38 0 0 0 0 4 0 0 0 0 2 2 3 0 0 0 44 35 11 27 0 0 1 9 36 72 0 0 0 1 10 33 0 0 0 0 0 0 0 0 6 0 0 0 0 0 0 12 0 0 0 0 0 14 0 0 0 0 0 0 0 0 0 0 0 0 0 0 0 0 0 0 0 0 0 0 0 0 0 0 0 0 0 0 0 0 0 0 0 0 0 0 0 0 3 0 0 13 71 0 0 0 0 0 17 21 0 0 0 0 11 25 0 0 0 0 0 0 0 0 0 0 0 0 0 0 0 0 0 0 0 0 19 0 0 0 0 0 0 0 0 0 0 0 0 0 0 0 0 0 0 11 0 0 0 0 0 0 0 0 0 0 0 0 0 0 0 0 0 0 0 0 18 0 0 14 0 0 0 1 64 0 4 90 0 6 11 4 0 0 0 0 0 0 0 0 8 0 0 0 0 0 0 0 0 0 0 0 0 83 14 0 0 0 0 0 0 0 0 0 0 0 0 0 
 37 32 20 403 652 34 25 38 244 35 450 0 35 39 39 32 283 287 31 23 0 0 0 0 0 0 0 1 0 2 0 0 20 5 3 0 0 0 0 3 0 0 0 2 0 0 74 0 0 0 0 0 0 0 0 1 0 5 0 0 0 2 0 0 0 1 0 0 0 0 0 0 0 0 50 0 2 2 3 0 0 0 9 14 48 29 0 0 0 12 34 45 0 14 0 0 8 0 0 0 0 0 0 0 7 0 38 0 0 0 0 0 76 0 0 0 0 0 72 19 0 0 0 0 0 0 0 0 0 0 0 0 0 0 0 0 0 0 0 0 0 0 0 0 0 0 0 0 0 0 0 8 0 0 0 0 0 0 0 0 0 0 0 0 47 23 0 0 0 0 21 28 0 0 0 0 1 1 0 0 15 0 0 0 0 0 0 0 0 0 0 0 0 0 0 0 0 14 42 27 0 0 0 0 0 0 0 0 0 0 0 0 0 0 0 0 0 0 0 0 0 0 0 0 0 0 0 0 0 0 0 0 0 0 0 0 0 0 0 0 0 0 0 0 0 2 174 0 0 178 0 9 14 0 0 0 0 0 0 0 0 0 18 0 0 0 0 0 0 0 0 0 0 0 0 24 11 0 0 0 0 0 0 0 0 0 0 0 0 0 
 46 46 56 59 459 42 505 96 316 38 236 35 0 92 43 69 219 415 470 198 2 0 0 0 1 0 0 0 0 2 5 7 0 3 3 0 1 1 0 1 0 0 0 2 0 0 0 0 0 0 0 0 0 0 0 58 4 4 0 0 0 0 0 0 0 0 0 4 0 0 0 0 3 0 0 0 3 3 2 5 21 13 0 0 0 0 22 17 0 0 0 0 39 16 19 0 0 0 15 34 0 0 0 0 0 0 2 0 0 0 0 0 0 0 0 0 0 0 0 0 0 0 0 0 0 0 0 0 8 0 0 0 0 0 0 0 0 0 26 0 8 0 0 0 6 0 0 0 0 0 0 0 0 0 0 0 0 0 0 0 38 0 0 0 0 0 31 32 1 0 0 0 19 41 0 0 0 0 0 0 0 0 0 0 0 0 0 0 0 0 0 0 0 0 0 0 0 0 0 0 0 0 2 0 0 0 0 0 0 0 0 0 0 0 0 0 0 0 0 0 0 0 0 19 0 0 0 0 0 0 0 0 0 0 0 0 0 0 0 0 0 0 0 0 0 0 0 0 2 1 0 8 0 0 0 0 0 0 24 0 0 0 0 0 0 0 0 0 0 0 2 0 0 0 0 0 0 0 0 0 0 0 0 0 0 0 0 0 0 0 
 145 275 60 309 277 68 398 498 85 272 46 39 92 0 479 45 289 252 95 250 1 0 0 0 0 2 0 0 0 8 2 0 0 5 7 0 1 0 78 2 0 0 0 2 0 0 0 3 0 2 1 0 0 0 0 0 2 40 0 0 0 0 0 2 0 0 0 2 3 0 0 41 2 0 0 1 4 2 3 0 49 59 23 1 0 0 18 54 8 1 0 0 5 26 5 37 29 1 0 0 0 0 2 0 0 0 0 0 0 0 0 0 0 0 0 0 16 0 0 0 0 0 10 0 0 0 0 0 0 0 0 0 0 0 29 0 0 0 0 0 0 0 0 0 0 0 0 0 0 0 0 1 0 0 0 0 0 0 0 0 34 29 25 11 0 0 0 45 10 0 10 12 1 1 67 9 20 17 0 0 0 0 0 0 0 0 0 0 0 0 0 0 0 0 0 0 0 0 0 0 0 0 0 0 0 0 0 0 0 0 0 0 0 0 0 0 0 0 0 0 0 0 0 0 0 0 0 0 0 0 0 14 0 3 0 0 0 0 1 0 0 0 0 0 0 2 0 0 0 3 1 17 0 0 0 0 0 0 0 0 0 0 0 0 0 0 0 0 0 0 0 0 0 0 0 0 0 0 0 0 0 0 0 0 0 0 0 0 0 0 
 419 411 73 43 77 266 59 266 250 67 262 39 43 479 0 159 124 37 72 125 1 0 0 0 0 0 2 0 0 0 0 0 0 3 3 2 2 0 0 3 0 0 0 2 0 0 0 0 0 0 0 0 0 0 0 0 2 67 0 0 0 6 0 0 0 0 0 0 0 0 0 6 0 0 0 0 2 2 3 0 29 38 33 0 0 0 22 39 38 14 1 0 0 18 26 33 38 11 0 0 0 0 1 0 0 0 0 0 0 0 0 0 0 0 0 0 0 0 0 0 0 12 0 0 0 0 0 0 0 0 0 0 0 0 0 0 0 0 0 0 0 0 0 1 2 0 0 0 0 0 0 2 0 0 0 0 0 0 0 0 52 56 41 34 0 0 0 31 20 17 12 14 0 0 52 50 27 15 0 0 0 0 0 0 0 0 0 0 0 0 0 0 0 0 0 0 0 0 0 23 0 0 0 0 0 0 0 0 0 0 0 0 0 0 0 0 0 0 0 0 0 0 0 0 0 0 0 0 0 0 0 0 0 0 15 0 2 0 2 0 0 0 0 0 0 2 2 0 2 0 0 11 0 0 2 0 0 0 0 0 0 0 1 0 0 0 0 0 0 0 0 0 0 0 0 0 0 0 0 0 0 0 0 0 0 0 0 0 0 0 
 43 674 194 60 96 329 134 196 362 555 117 32 69 45 159 0 206 328 59 83 0 0 2 0 0 3 3 6 0 2 0 0 0 3 3 0 2 0 0 2 0 0 2 2 2 0 0 0 0 0 0 2 0 0 3 2 3 4 0 5 37 4 3 0 0 3 7 2 0 0 0 2 0 0 0 2 3 2 3 2 0 0 31 36 0 0 0 13 38 38 46 1 0 0 11 31 11 76 0 11 0 0 0 0 0 0 0 0 5 0 0 0 0 0 0 0 0 0 1 0 0 0 0 0 0 0 0 0 0 0 0 0 0 0 0 0 0 51 0 0 0 0 0 0 0 0 0 0 0 0 0 0 0 0 0 0 0 0 0 0 7 9 43 22 0 0 0 0 26 30 6 0 0 0 0 36 36 36 0 0 0 0 0 0 0 0 0 0 0 0 0 6 0 0 0 0 0 0 0 0 0 14 1 0 0 0 0 0 0 2 0 0 0 0 0 0 0 2 0 0 0 0 0 0 0 0 0 8 0 0 0 0 0 0 0 0 0 0 0 16 0 10 0 0 0 1 1 0 3 2 1 6 0 0 0 0 0 0 0 0 0 0 1 0 0 0 1 0 0 0 0 0 0 0 0 0 1 15 0 0 0 0 0 0 0 0 0 0 0 10 
 119 399 257 66 288 64 29 54 314 390 109 283 219 289 124 206 0 580 109 45 0 0 1 0 2 0 0 0 1 0 0 0 2 5 4 0 2 0 0 3 0 0 0 2 3 0 0 0 0 0 0 53 0 4 3 0 2 4 0 3 0 12 0 0 0 0 47 1 0 0 0 0 0 0 0 0 3 3 3 0 1 1 30 34 0 0 0 10 48 53 37 3 0 3 10 32 12 68 0 0 0 0 0 0 0 0 0 0 0 0 14 0 0 0 0 0 0 0 0 0 0 2 0 0 0 0 0 0 0 0 1 0 0 0 0 0 0 0 0 0 0 0 0 0 0 0 14 1 0 0 1 0 0 0 0 0 0 2 0 0 6 13 27 49 3 0 0 0 9 37 15 8 0 0 1 40 11 21 0 0 0 0 0 0 0 0 27 0 0 0 0 0 0 0 0 0 0 0 0 0 2 8 0 0 0 8 1 0 0 0 0 0 0 0 1 0 0 0 0 0 0 2 0 0 0 0 0 0 0 0 0 0 0 0 0 0 0 0 0 0 0 11 0 0 0 0 4 0 2 1 0 9 0 0 1 0 0 0 0 0 0 0 1 0 0 0 0 0 0 0 0 0 0 0 0 0 0 18 0 0 0 0 0 0 0 0 0 0 0 0 
 46 253 325 388 267 70 43 58 217 123 415 287 415 252 37 328 580 0 44 31 0 0 3 0 1 0 0 0 0 0 0 0 0 3 3 0 1 0 0 3 0 0 0 2 0 0 0 0 0 0 0 0 0 0 0 0 1 4 0 5 0 6 0 0 0 0 0 0 0 0 0 0 0 0 0 0 2 2 3 0 0 1 34 46 0 0 0 7 48 41 62 33 0 1 0 9 29 26 0 0 0 18 0 0 0 0 0 0 0 2 2 0 0 0 0 0 0 0 0 0 0 1 0 0 0 0 0 0 0 0 0 0 0 0 0 0 0 0 0 0 0 0 0 0 0 0 1 1 0 15 1 0 0 0 0 0 0 1 0 0 4 0 25 10 22 0 0 0 32 20 21 18 1 0 0 6 9 14 24 0 0 0 0 0 0 0 29 0 0 0 0 0 0 0 0 0 0 0 17 0 34 0 0 0 0 9 2 0 0 0 0 0 0 24 0 0 0 0 0 0 0 0 0 0 0 0 0 0 0 0 0 0 0 0 0 0 0 0 0 0 0 12 0 0 0 0 170 3 0 175 2 14 19 0 0 0 0 0 0 0 0 0 14 0 0 0 0 0 0 0 0 0 0 0 0 12 0 23 0 0 0 0 0 0 0 0 0 0 0 0 
 31 44 36 266 72 33 52 59 77 93 21 31 470 95 72 59 109 44 0 412 2 0 201 0 0 0 0 0 0 0 0 42 0 204 8 0 2 0 2 2 0 0 0 2 0 2 3 0 0 0 0 0 0 0 0 0 68 3 0 0 2 0 0 0 0 0 0 1 3 0 0 0 0 0 0 0 2 2 3 4 33 0 0 0 0 0 44 13 0 0 0 0 35 10 31 0 0 0 54 65 0 0 0 0 0 0 0 0 0 6 0 2 0 0 0 0 0 0 0 0 0 0 0 0 0 0 0 0 0 0 0 0 0 0 0 0 0 0 0 0 29 0 0 0 11 0 0 0 0 0 0 2 0 0 0 0 0 0 0 0 13 0 0 0 0 0 45 3 0 0 0 0 50 34 0 0 0 0 0 29 0 0 0 0 0 0 0 0 0 0 0 0 0 0 0 0 0 0 0 0 0 0 0 0 0 0 0 0 0 0 0 0 0 0 0 0 0 0 0 0 0 0 0 0 0 0 0 7 0 0 0 0 0 0 0 1 2 0 2 0 0 0 0 0 0 0 0 2 0 0 2 2 0 0 0 0 0 0 0 0 0 0 0 0 0 0 0 0 0 0 0 0 0 0 0 0 0 0 0 0 0 0 0 0 0 0 0 0 0 0 
 144 50 37 88 127 49 388 48 73 108 270 23 198 250 125 83 45 31 412 0 4 0 0 3 0 2 0 3 2 2 0 0 3 6 6 2 1 3 2 2 3 3 3 70 3 0 0 2 0 2 3 0 0 0 3 0 2 6 2 0 0 0 0 2 0 3 0 6 0 0 0 0 0 0 0 1 3 3 3 8 24 29 0 0 0 0 21 30 0 0 0 0 50 32 20 0 16 0 19 24 0 0 0 0 0 0 2 0 0 0 0 0 0 0 0 0 0 0 0 0 0 0 0 0 0 0 0 0 0 0 11 0 0 0 6 0 0 0 0 1 1 0 0 0 5 0 0 18 0 0 0 0 0 0 0 0 13 0 0 0 27 10 0 0 0 0 21 28 0 0 0 0 18 25 15 27 0 7 0 0 0 1 0 0 0 0 0 0 32 0 0 0 0 0 0 0 0 0 0 0 0 0 0 2 0 0 0 0 0 0 1 0 0 0 9 0 0 0 0 0 0 0 0 0 1 0 0 0 0 0 0 14 0 17 0 0 0 0 0 0 0 0 0 0 0 0 3 0 2 0 0 4 0 0 0 0 0 0 0 0 0 0 0 0 0 1 0 0 1 0 0 0 0 0 0 0 0 0 0 0 0 0 0 0 0 0 0 0 0 0 
 1 0 2 0 0 2 2 1 0 0 0 0 2 1 1 0 0 0 2 4 0 68 55 37 35 24 519 508 28 39 20 33 32 195 481 21 238 31 21 145 3 0 0 0 2 63 2 0 0 0 0 0 0 0 0 2 0 3 0 1 3 0 0 0 2 0 0 0 0 3 0 3 6 0 0 0 0 0 0 51 4 0 0 0 0 0 0 0 0 0 0 0 0 0 2 0 0 0 0 0 26 23 13 0 0 0 6 15 43 15 0 0 15 11 37 31 17 7 0 6 0 0 0 0 0 0 0 0 0 0 0 0 0 0 0 0 0 0 0 0 1 0 0 0 0 1 0 3 0 0 0 0 0 0 0 0 0 0 0 0 0 0 0 0 5 0 6 22 0 0 0 2 0 0 0 2 0 0 0 0 39 28 30 0 0 0 3 8 17 9 0 1 0 14 19 17 13 23 0 14 0 0 0 0 0 0 0 0 0 0 0 0 0 0 0 0 0 2 0 0 5 0 0 12 0 0 0 0 0 0 0 7 0 0 0 0 0 0 0 0 0 0 0 0 0 0 0 0 0 0 0 0 0 0 7 2 2 0 0 0 2 0 0 0 0 0 0 0 0 0 0 0 0 0 0 0 0 0 0 0 0 2 0 0 0 0 0 0 0 2 
 0 0 0 0 0 7 0 0 0 0 0 0 0 0 0 0 0 0 0 0 68 0 383 59 23 47 95 625 363 47 28 37 253 83 358 368 198 53 41 35 6 0 0 0 2 0 0 0 0 23 0 0 0 0 0 2 0 3 0 0 3 0 0 0 2 0 0 0 0 3 0 3 3 0 0 65 0 0 0 0 0 0 0 0 0 0 0 0 0 0 0 0 0 0 0 0 0 0 0 0 10 46 38 9 0 0 0 31 29 73 39 20 0 0 0 36 73 41 0 0 0 0 0 0 0 0 0 0 0 0 0 0 0 0 0 0 0 12 0 0 0 0 0 0 0 0 0 4 1 0 0 0 0 0 3 0 12 0 0 0 63 0 11 2 0 0 0 0 0 0 0 0 0 0 0 0 0 0 0 0 0 49 53 36 0 1 0 12 40 24 35 37 0 0 12 32 30 46 0 0 0 2 0 0 1 0 0 0 0 0 0 0 0 0 0 0 0 0 0 0 0 0 0 0 0 0 0 0 0 0 0 0 0 0 0 0 0 0 0 0 0 0 8 0 0 0 0 0 0 0 0 0 0 0 9 0 0 0 1 0 0 0 0 0 0 0 0 0 0 0 0 0 0 35 0 0 0 0 0 0 0 24 0 0 0 0 0 0 0 0 
 0 0 1 0 0 0 0 0 0 0 2 0 0 0 0 2 1 3 201 0 55 383 0 321 52 56 71 354 212 367 284 30 138 276 279 136 159 344 76 125 3 0 0 0 2 0 0 4 0 4 0 0 0 0 0 2 0 3 0 0 3 0 0 2 2 0 2 1 0 4 2 4 4 0 1 3 1 0 51 0 0 0 0 0 0 0 0 0 0 1 0 0 0 1 0 0 0 0 1 0 0 11 18 24 0 0 0 42 0 38 45 9 0 0 0 0 57 37 0 0 0 0 0 0 0 0 0 0 0 0 0 0 1 0 0 0 0 0 1 0 0 0 0 0 0 0 0 32 0 0 0 0 0 0 8 0 0 0 0 0 0 0 0 7 0 0 6 1 0 0 2 0 0 0 0 0 0 0 14 2 0 13 17 45 9 0 0 0 23 46 46 27 0 0 6 29 40 15 0 0 0 0 0 0 0 0 1 0 0 0 0 0 1 0 0 0 0 0 0 0 0 0 0 0 0 0 0 0 0 0 0 0 0 0 1 0 0 0 8 11 0 0 6 0 0 0 1 0 0 0 0 0 0 0 5 0 1 2 3 2 2 0 0 0 0 0 0 0 0 0 0 0 0 0 0 0 0 0 0 0 0 19 0 0 2 0 19 0 0 0 
 0 2 0 0 0 2 2 11 0 0 0 0 0 0 0 0 0 0 0 3 37 59 321 0 168 259 90 73 127 377 226 438 71 73 56 57 118 337 101 51 3 0 0 0 2 0 0 7 0 0 0 0 0 0 0 2 0 5 0 0 3 28 0 0 2 0 0 0 0 3 0 3 0 55 0 0 0 0 0 0 0 0 0 0 0 0 0 0 0 0 0 0 0 0 0 0 0 0 0 0 0 7 2 38 48 2 0 0 0 0 45 19 0 0 0 1 0 10 0 0 0 0 2 0 0 0 1 0 0 0 0 0 0 0 0 0 0 0 22 26 0 0 0 0 0 9 0 0 0 2 0 0 0 0 1 0 0 0 0 0 0 0 0 4 0 0 0 0 1 0 0 0 7 0 1 0 0 0 0 0 0 1 0 31 9 6 0 0 3 19 19 43 0 0 0 0 0 0 0 0 0 0 0 0 0 0 0 0 0 6 0 1 1 0 0 0 0 0 24 0 0 11 1 0 1 0 0 0 0 0 1 0 0 0 0 0 0 0 0 0 0 0 0 0 0 1 0 0 0 0 0 0 78 0 5 0 0 12 14 4 16 9 0 0 0 0 26 0 0 0 0 0 2 0 0 0 0 0 0 0 0 0 0 0 0 0 14 0 0 0 
 0 2 0 2 2 2 0 3 0 0 0 0 1 0 0 0 2 1 0 0 35 23 52 168 0 381 54 70 82 295 91 349 69 92 293 58 136 50 64 73 3 0 0 0 2 0 0 1 0 0 0 0 0 0 0 2 5 3 1 1 3 0 0 0 2 0 0 0 0 3 0 3 0 0 0 0 0 0 0 0 0 0 0 0 2 0 0 0 0 0 1 0 2 0 0 0 0 0 0 0 0 1 0 0 49 37 0 0 0 0 0 13 0 0 0 0 0 0 0 0 17 0 0 0 0 0 10 0 0 0 0 0 47 0 1 0 0 0 47 31 0 0 7 0 0 0 0 0 0 0 0 0 1 0 1 0 0 0 0 0 0 0 0 1 0 2 0 0 0 0 0 0 4 0 6 0 0 6 0 0 0 0 0 0 26 0 0 0 0 0 2 28 0 0 0 0 1 0 0 0 0 1 0 0 0 0 8 0 0 0 0 0 24 1 0 0 0 0 20 40 0 0 0 0 0 0 0 0 0 0 0 0 1 0 0 14 0 0 0 1 0 0 0 0 0 0 0 0 0 0 0 0 0 0 14 0 7 4 2 2 1 2 0 0 0 0 1 0 0 0 0 0 0 0 0 0 0 2 0 0 0 0 0 0 0 0 0 0 0 0 
 0 0 0 0 30 4 0 0 0 2 0 0 0 2 0 3 0 0 0 2 24 47 56 259 381 0 34 107 279 54 82 74 235 48 68 103 55 55 69 252 3 0 0 0 2 0 0 0 0 0 0 63 0 0 0 2 12 3 197 15 3 0 0 0 2 0 0 0 0 3 0 3 0 0 0 0 0 0 0 0 0 0 0 0 0 0 0 0 0 0 0 0 0 0 0 0 0 0 0 0 0 0 2 0 4 58 0 12 0 0 0 32 0 0 0 1 0 0 0 0 11 0 2 0 0 0 64 0 0 0 0 0 28 0 0 1 0 0 43 33 0 0 2 0 0 1 0 0 0 2 0 0 0 13 0 0 0 0 0 0 0 0 0 0 0 1 0 0 0 0 0 0 8 0 7 0 0 6 0 0 0 0 23 0 65 75 0 0 0 0 0 9 0 0 0 0 0 1 0 0 14 0 0 0 0 0 14 1 0 0 0 1 37 2 7 0 0 0 33 29 0 0 1 0 1 0 0 0 0 8 1 0 0 0 0 0 0 0 0 0 0 0 0 0 0 1 0 0 0 0 0 0 0 10 11 0 0 0 1 1 12 1 0 0 0 0 0 0 0 0 0 0 0 0 0 0 0 0 0 0 0 0 0 0 0 0 0 0 0 0 
 0 72 2 0 1 1 0 1 1 0 1 0 0 0 2 3 0 0 0 0 519 95 71 90 54 34 0 401 66 55 29 46 431 419 263 110 36 61 72 334 3 0 0 0 2 0 0 0 0 0 0 1 0 0 0 2 0 3 0 0 3 0 1 0 2 0 0 0 0 3 2 3 2 0 0 0 0 2 8 3 0 0 0 0 0 0 0 0 14 0 0 0 0 0 0 0 0 0 0 0 51 17 3 0 0 0 14 26 18 3 0 0 37 28 91 20 1 1 14 16 0 0 0 0 0 0 0 0 0 0 0 0 0 0 2 0 0 8 0 0 0 0 0 0 0 4 0 0 0 0 0 0 0 20 0 0 0 0 0 0 0 0 0 0 0 0 1 0 0 0 0 17 0 0 0 0 0 0 1 0 53 12 2 0 1 0 12 46 35 1 0 0 3 31 25 14 8 9 0 10 0 0 0 1 0 0 0 0 0 0 0 0 1 0 0 0 0 0 0 0 0 0 0 2 0 0 0 0 0 0 0 2 0 1 0 0 0 0 0 0 0 0 0 0 19 0 0 0 0 0 0 0 0 0 289 0 0 0 0 2 1 1 1 0 0 0 0 0 0 0 0 0 0 0 0 0 0 0 0 0 0 0 0 0 0 0 0 0 0 0 
 0 0 0 0 0 0 0 0 2 0 0 1 0 0 0 6 0 0 0 3 508 625 354 73 70 107 401 0 283 63 31 22 77 649 148 126 32 45 65 66 5 0 0 0 2 0 0 3 0 2 1 5 0 4 0 2 0 4 0 0 3 2 0 2 2 0 0 0 0 5 0 3 6 0 0 2 1 0 0 10 2 0 0 0 0 0 0 0 0 0 0 0 0 0 0 0 0 0 0 0 30 25 45 0 10 0 0 59 40 25 54 1 14 14 26 42 107 27 2 1 0 0 0 1 0 0 7 0 0 0 0 0 0 0 0 0 0 0 0 0 0 0 0 0 0 0 0 4 0 0 2 0 0 0 0 0 0 0 0 0 0 0 0 0 0 0 0 0 0 2 0 0 0 0 0 0 0 4 0 0 32 28 14 1 0 0 0 28 33 22 24 0 2 23 28 54 43 56 0 14 0 0 0 0 0 0 0 0 0 0 0 0 0 6 0 0 17 0 0 0 2 0 0 0 0 0 0 0 0 0 0 0 0 0 0 0 0 0 0 0 0 0 0 0 0 0 0 0 0 0 0 0 0 0 19 1 0 0 0 0 2 0 0 0 0 0 0 0 0 0 0 0 0 0 0 0 0 0 0 0 0 12 0 0 0 0 0 0 0 0 
 0 0 4 0 75 4 0 0 2 0 1 0 0 0 0 0 1 0 0 2 28 363 212 127 82 279 66 283 0 334 266 39 168 98 170 203 185 269 73 60 3 0 0 2 4 3 0 33 0 3 0 0 0 0 0 5 0 3 0 0 6 0 8 0 2 2 3 0 0 5 2 4 0 0 0 0 50 2 2 0 0 0 0 0 0 0 0 0 7 0 0 0 0 0 0 0 0 0 0 0 0 18 16 11 0 0 0 31 15 59 27 10 0 0 0 23 49 53 0 0 0 0 0 0 0 0 6 0 0 0 0 0 2 0 2 0 31 0 0 0 0 0 0 0 0 0 0 2 0 0 0 3 0 0 9 0 0 0 1 17 0 0 0 4 0 0 0 0 0 0 0 0 0 0 13 0 0 0 0 0 0 22 11 51 18 0 0 2 13 41 29 71 0 0 0 29 30 32 0 0 0 0 0 0 0 0 0 0 0 0 0 0 2 0 0 0 0 0 0 0 0 0 0 2 0 0 0 0 0 0 0 2 0 0 0 0 0 0 0 0 0 0 6 0 0 0 0 0 0 0 2 0 0 0 17 2 0 2 1 2 1 2 2 0 0 0 0 0 0 0 0 2 0 0 1 0 0 0 0 0 0 25 0 0 1 0 10 0 0 0 
 2 0 0 1 0 33 2 0 5 2 0 2 2 8 0 2 0 0 0 2 39 47 367 377 295 54 55 63 334 0 435 254 48 145 191 395 273 212 294 46 3 0 1 1 2 0 0 8 0 0 63 2 1 0 1 2 2 3 1 1 3 0 46 0 2 0 0 0 30 3 2 3 0 0 0 0 0 0 0 0 0 0 0 0 0 0 0 0 0 0 2 0 0 0 0 0 0 16 4 0 1 44 1 39 0 0 0 0 0 33 32 58 0 0 0 0 2 0 0 0 0 0 0 0 0 0 0 0 0 0 0 0 0 0 0 0 0 2 0 10 0 0 0 0 0 0 0 1 0 0 0 0 0 0 8 0 2 0 0 0 0 0 0 31 0 0 0 0 0 0 0 0 3 2 0 0 0 0 0 0 0 32 23 56 2 19 0 0 14 18 19 39 0 0 1 14 10 0 0 0 0 0 0 0 0 0 0 0 0 0 0 0 0 0 21 0 0 0 7 0 0 0 0 0 0 0 0 0 2 0 0 0 2 0 0 2 9 0 0 0 0 0 57 0 0 0 0 0 0 0 0 0 0 0 26 2 0 149 152 0 12 8 0 0 0 0 10 0 0 0 0 0 0 0 0 0 0 1 0 0 0 9 0 0 0 0 12 0 0 0 
 2 3 0 74 0 2 0 0 0 0 0 0 5 2 0 0 0 0 0 0 20 28 284 226 91 82 29 31 266 435 0 481 105 42 58 80 131 584 66 131 3 0 0 0 3 0 0 7 0 0 0 0 0 0 0 2 63 3 1 0 3 0 0 2 2 0 0 0 0 56 0 3 0 2 0 0 1 27 0 0 0 0 0 0 0 0 0 0 0 0 0 0 0 0 0 0 26 0 0 0 0 0 0 27 62 1 0 0 0 0 16 18 0 0 0 0 1 11 0 0 7 0 0 0 0 0 0 0 0 0 0 0 0 0 0 0 0 0 31 14 0 0 0 0 0 0 0 1 0 0 0 0 0 0 4 0 0 0 0 0 0 1 0 4 0 0 0 0 0 0 0 0 7 0 1 0 1 0 0 0 0 0 1 56 9 17 0 0 0 18 42 46 0 0 0 0 0 1 0 0 0 0 0 0 0 0 0 0 0 0 0 0 28 0 0 0 0 0 14 1 0 0 0 0 0 0 0 0 0 0 1 0 0 0 0 0 0 0 0 0 0 0 15 0 0 0 0 0 1 0 0 0 0 0 13 2 1 88 79 0 2 4 0 0 0 0 2 0 0 5 0 0 0 0 0 0 0 0 0 0 0 0 0 0 0 0 14 0 0 0 
 0 0 0 0 2 4 0 0 0 1 0 0 7 0 0 0 0 0 42 0 33 37 30 438 349 74 46 22 39 254 481 0 52 40 39 265 60 283 57 241 2 0 0 0 2 0 0 7 64 0 0 1 0 0 0 2 0 3 0 0 3 0 4 0 2 0 0 0 0 3 0 3 0 0 0 0 0 0 0 0 0 0 2 0 0 0 0 0 0 0 0 1 0 0 0 0 0 0 0 0 2 0 0 12 47 82 0 0 0 0 0 43 2 0 0 0 0 2 0 0 0 0 0 0 0 0 0 0 0 0 0 0 22 0 0 2 0 0 14 11 0 0 22 0 0 5 1 0 0 0 0 2 0 2 2 0 8 0 0 2 0 0 0 0 19 1 0 1 0 0 0 0 3 0 0 0 0 1 0 0 1 0 0 0 6 18 3 0 0 0 13 36 0 0 0 1 10 0 0 0 0 2 0 0 0 0 0 0 0 2 0 0 28 0 0 2 0 0 83 24 0 0 0 0 0 0 0 0 0 0 0 0 0 0 0 0 0 0 0 0 0 0 2 0 0 2 0 0 0 0 0 0 0 0 20 1 4 149 148 0 11 14 0 0 0 0 23 0 0 0 0 0 0 0 0 0 0 0 0 0 0 0 0 0 0 0 1 0 0 2 
 0 0 0 0 0 1 0 0 0 0 0 20 0 0 0 0 2 0 0 3 32 253 138 71 69 235 431 77 168 48 105 52 0 98 43 47 34 29 472 270 3 0 0 0 2 0 0 0 0 0 0 0 0 0 0 2 0 6 0 0 3 0 0 0 2 2 0 0 0 3 0 3 0 0 0 0 2 0 0 0 0 0 0 0 2 33 0 0 0 0 0 1 2 0 0 0 0 0 0 0 20 20 0 0 10 0 30 0 0 0 0 0 44 31 32 0 2 0 13 35 2 0 0 0 0 0 0 0 0 0 0 0 0 0 0 0 0 0 0 0 0 0 16 0 0 4 0 0 0 0 0 0 0 0 0 0 0 0 0 0 0 0 1 0 0 0 0 0 0 0 0 2 0 0 0 4 0 0 0 0 27 15 0 1 0 0 40 30 19 0 0 0 29 48 11 36 16 0 0 14 0 0 0 0 0 0 0 0 0 0 0 0 0 0 0 0 0 0 0 0 0 1 0 0 0 0 0 0 0 0 0 0 0 0 0 1 0 0 0 2 0 0 0 0 0 0 0 0 0 0 0 0 0 1 2 0 0 0 0 2 0 0 0 0 0 0 0 0 0 0 0 0 0 0 0 0 0 2 0 0 0 0 0 0 0 0 0 0 0 0 
 3 3 3 5 3 4 3 3 5 3 3 5 3 5 3 3 5 3 204 6 195 83 276 73 92 48 419 649 98 145 42 40 98 0 396 41 44 39 78 234 2 0 0 0 4 0 0 6 0 0 0 6 0 0 0 2 2 3 0 0 60 0 0 0 2 0 0 6 0 3 0 6 6 0 0 0 4 0 0 0 0 0 0 0 0 8 0 0 0 0 1 0 0 0 0 0 0 10 0 0 95 52 43 0 0 0 0 29 47 14 18 0 10 42 47 54 41 9 0 12 0 0 0 0 0 0 0 0 0 0 1 0 0 0 0 0 0 1 0 0 0 0 0 2 0 7 0 3 0 0 0 0 2 0 1 0 1 0 0 0 0 0 0 0 0 29 0 0 0 0 0 0 0 1 0 0 0 0 0 0 75 95 31 1 0 0 0 26 23 0 9 0 0 34 32 36 38 41 9 4 0 0 0 0 0 0 0 0 0 0 0 0 0 0 3 0 0 0 0 0 6 0 0 0 0 0 0 0 0 0 0 0 0 0 8 0 0 0 0 0 0 0 0 0 0 0 0 0 30 0 0 0 0 0 3 0 0 0 2 1 4 2 0 0 0 0 0 0 0 0 0 0 0 0 0 0 0 0 0 0 0 2 0 0 0 0 0 0 0 0 
 7 3 3 3 3 76 3 3 5 65 4 3 3 7 3 3 4 3 8 6 481 358 279 56 293 68 263 148 170 191 58 39 43 396 0 94 255 100 67 74 2 0 0 0 2 0 0 4 0 0 6 3 0 0 0 2 0 6 0 0 11 0 0 0 2 0 0 0 0 3 0 3 13 0 0 0 3 0 0 0 0 0 0 0 0 0 0 2 0 0 0 0 0 0 0 0 0 0 0 0 15 24 31 0 0 7 0 93 46 26 33 0 0 14 33 34 56 33 0 1 0 0 0 0 0 0 0 0 0 0 0 0 0 0 0 0 0 0 0 0 0 0 0 0 0 0 0 9 0 0 0 0 0 0 0 0 0 0 0 0 0 0 0 0 0 0 0 0 0 0 0 0 0 0 0 0 0 0 0 0 37 46 17 1 0 0 0 22 38 31 33 0 0 15 21 22 23 41 0 24 0 0 0 0 0 0 0 0 0 0 0 0 0 0 0 0 0 0 0 0 0 0 0 0 0 0 0 0 0 0 0 5 0 0 0 0 0 0 0 0 0 0 0 0 0 0 0 0 0 0 0 0 0 0 3 0 3 0 0 0 2 0 0 0 0 8 0 0 0 0 0 0 0 0 0 0 0 0 0 0 0 31 0 0 0 0 0 0 0 0 
 0 1 0 0 0 4 0 1 1 0 0 0 0 0 2 0 0 0 0 2 21 368 136 57 58 103 110 126 203 395 80 265 47 41 94 0 217 335 258 54 2 207 0 0 2 0 0 0 0 0 0 1 0 210 0 2 0 64 0 0 3 0 0 0 2 0 0 0 0 3 0 3 0 0 0 51 0 2 0 0 0 0 0 0 0 0 0 0 0 0 0 0 0 0 0 0 0 0 0 0 0 9 24 29 0 0 0 39 2 25 40 6 0 2 0 0 47 79 0 0 0 0 0 0 0 0 0 13 0 0 0 0 0 0 0 0 0 0 0 0 0 0 0 0 0 0 0 0 0 0 16 0 0 0 21 0 0 1 0 0 0 0 0 7 0 0 0 0 0 0 0 0 0 0 0 0 0 0 1 0 0 23 13 65 13 0 0 0 21 32 32 29 0 0 0 12 64 8 0 0 0 0 0 0 0 0 0 0 0 0 0 0 0 0 0 0 0 0 0 0 0 0 0 0 0 0 0 0 0 0 0 0 0 0 0 0 0 0 0 0 0 0 3 0 0 0 0 0 0 0 0 0 0 0 16 2 0 2 3 2 2 0 0 0 0 0 0 0 0 0 28 0 0 0 0 0 0 0 0 0 0 17 0 0 0 0 10 0 0 0 
 1 1 41 1 0 2 2 2 24 1 1 0 1 1 2 2 2 1 2 1 238 198 159 118 136 55 36 32 185 273 131 60 34 44 255 217 0 274 64 38 64 0 0 0 2 0 64 0 0 0 0 1 0 0 0 6 0 3 0 0 3 0 0 0 2 0 0 0 0 3 0 3 0 0 0 0 0 0 0 0 0 0 0 0 0 0 0 0 0 0 0 0 0 1 7 0 0 0 0 1 1 10 0 17 0 2 0 15 8 28 19 12 0 0 0 0 32 31 0 0 0 0 0 0 0 0 0 8 0 0 0 0 0 0 0 0 0 0 0 2 0 0 0 0 0 0 0 1 6 0 0 14 0 0 6 0 0 0 0 0 0 0 0 0 2 0 0 0 0 0 0 0 0 0 0 0 0 0 0 0 0 0 12 30 11 0 0 0 10 30 38 16 0 0 0 11 15 19 0 0 0 0 0 0 0 0 0 0 0 0 0 0 0 9 0 0 1 0 9 0 1 0 0 0 10 0 0 0 0 0 0 0 0 0 0 0 0 0 0 0 0 0 4 0 0 0 0 0 0 1 0 0 0 0 17 0 2 73 0 0 1 0 0 0 0 0 13 0 0 0 0 0 0 0 0 0 0 0 0 0 0 15 0 2 0 0 13 0 0 1 
 0 0 0 0 0 3 0 0 0 0 0 0 1 0 0 0 0 0 0 3 31 53 344 337 50 55 61 45 269 212 584 283 29 39 100 335 274 0 62 50 3 0 0 0 2 0 0 6 0 0 0 0 66 0 0 2 0 3 0 0 3 0 0 0 2 0 0 0 0 3 0 3 0 0 0 0 1 0 0 0 0 0 0 0 0 0 0 0 0 0 0 0 0 0 0 9 0 0 0 0 0 12 2 39 0 0 0 1 0 51 28 43 0 0 0 0 0 6 0 0 0 0 0 0 0 0 0 12 0 0 0 0 0 0 0 0 0 0 2 0 0 0 0 0 0 0 0 0 0 0 0 0 0 0 4 0 0 0 0 0 0 2 0 11 0 0 0 0 0 0 0 0 0 22 0 0 2 8 0 0 0 32 16 67 1 11 0 0 19 6 44 29 0 0 0 13 9 0 0 0 0 0 0 0 0 0 0 0 0 0 0 0 0 0 0 0 0 0 12 1 0 0 0 0 0 0 0 0 18 0 0 0 0 0 0 0 0 0 0 9 0 0 10 0 0 0 0 0 0 0 0 0 0 0 11 2 3 161 146 0 13 8 0 0 0 0 11 0 0 0 0 0 0 0 0 0 0 0 0 0 0 10 0 0 0 0 17 0 0 0 
 0 3 3 0 0 343 0 2 0 0 0 0 0 78 0 0 0 0 2 2 21 41 76 101 64 69 72 65 73 294 66 57 472 78 67 258 64 62 0 318 3 0 3 0 7 0 0 4 0 0 0 3 2 201 0 5 0 4 0 0 52 0 2 0 2 11 3 3 0 2 0 6 0 0 0 0 0 50 0 3 0 0 1 0 11 37 2 0 0 0 0 0 0 0 0 0 0 0 0 0 2 0 0 0 0 0 15 0 1 0 0 1 22 34 0 0 8 2 16 26 0 0 0 0 0 0 0 0 0 0 0 0 0 1 0 2 0 0 0 0 0 0 0 0 0 0 1 0 1 0 0 2 0 2 0 0 0 0 0 1 0 0 0 0 0 0 0 0 0 0 0 4 0 0 0 3 0 0 0 0 2 5 1 0 0 0 44 21 21 0 0 0 31 19 17 44 1 0 0 33 0 2 0 0 10 0 0 0 0 2 0 0 0 0 0 0 0 0 0 0 0 0 0 0 0 0 0 0 0 0 0 0 0 0 0 0 0 0 0 0 0 0 2 0 0 2 0 0 0 0 0 0 0 0 22 4 2 0 0 2 2 0 0 0 0 0 0 0 0 0 11 0 0 2 0 0 0 0 0 0 0 0 0 0 0 0 0 0 0 2 
 2 2 3 1 4 4 2 3 76 2 6 3 1 2 3 2 3 3 2 2 145 35 125 51 73 252 334 66 60 46 131 241 270 234 74 54 38 50 318 0 3 0 0 0 2 0 0 0 0 0 0 1 0 0 0 2 0 3 0 0 3 0 0 51 2 2 0 0 0 3 0 3 0 0 0 0 0 0 0 27 0 0 22 0 6 30 0 0 0 0 0 0 0 0 0 0 0 0 0 0 27 12 1 0 0 0 16 22 10 0 0 0 18 24 34 0 0 0 11 35 0 0 0 0 1 0 0 0 0 0 0 0 1 0 1 0 0 0 0 0 0 0 0 0 0 3 0 0 0 0 0 0 0 0 0 0 0 0 2 0 0 0 0 0 0 0 2 0 0 0 2 0 2 0 0 0 0 0 0 0 32 13 0 0 2 0 41 30 9 19 0 0 28 24 31 12 8 0 0 20 0 0 0 2 0 0 0 0 0 0 0 0 2 0 0 0 0 0 0 0 0 0 0 0 0 0 0 13 0 0 0 1 0 2 0 0 0 0 0 0 0 0 0 0 0 0 0 0 0 0 0 0 0 0 8 0 0 0 0 0 2 0 0 0 0 0 0 0 0 0 0 1 0 0 0 0 0 0 0 0 0 0 0 0 2 0 0 0 0 0 
 0 3 0 0 0 5 0 0 6 0 0 0 0 0 0 0 0 0 0 3 3 6 3 3 3 3 3 5 3 3 3 2 3 2 2 2 64 3 3 3 0 133 85 62 21 35 269 326 51 458 43 30 59 105 261 29 42 30 26 347 0 0 0 0 0 6 0 0 0 0 0 0 0 3 5 0 0 0 0 0 0 0 0 0 0 0 0 0 0 0 0 0 0 0 0 0 0 0 0 0 0 0 0 0 0 0 0 0 18 0 0 0 0 0 0 0 0 0 0 0 0 46 28 20 0 0 0 42 22 31 14 0 0 66 27 44 29 10 0 0 0 0 0 0 0 0 0 0 21 0 0 0 0 0 0 19 27 0 0 0 16 0 0 0 8 4 0 0 0 0 13 0 0 12 0 0 0 6 0 0 0 0 0 0 0 0 0 0 0 0 7 0 0 0 22 0 0 0 0 0 55 33 16 0 0 0 9 35 7 22 0 0 0 18 12 66 35 4 0 0 0 8 10 0 0 0 0 0 1 0 3 0 0 0 0 0 0 0 0 0 0 0 0 0 0 0 0 0 0 20 0 5 0 3 0 0 0 0 0 2 0 0 2 0 0 2 0 0 0 0 0 0 0 0 0 0 0 0 0 0 0 0 0 0 0 0 2 0 2 0 
 0 63 0 0 0 0 0 0 0 0 0 0 0 0 0 0 0 0 0 3 0 0 0 0 0 0 0 0 0 0 0 0 0 0 0 207 0 0 0 0 133 0 294 68 22 33 76 373 219 39 59 38 35 53 247 433 158 46 50 51 1 0 0 0 0 0 0 0 51 0 0 0 1 0 2 1 0 0 2 0 0 0 0 0 0 0 0 0 0 0 0 0 0 0 0 0 0 0 0 0 0 0 0 0 0 0 0 0 0 0 0 0 0 0 0 0 0 0 0 0 0 22 12 17 0 2 0 1 11 34 28 0 0 3 0 21 34 29 0 1 0 3 0 0 0 0 0 0 0 0 0 0 0 0 0 0 1 0 0 0 0 0 0 0 1 1 0 0 0 0 0 0 0 0 0 0 15 8 0 0 0 0 0 0 0 0 0 0 0 0 0 10 0 0 0 0 0 0 0 0 0 8 46 40 9 0 0 16 17 7 17 8 0 0 12 61 11 37 0 0 0 0 0 0 0 0 0 0 0 0 0 0 0 0 0 0 0 0 0 0 0 0 0 0 0 0 0 0 0 0 0 10 0 1 0 0 0 0 0 0 0 2 0 0 0 1 1 0 0 0 9 0 0 0 0 0 0 0 0 0 0 0 0 0 0 21 0 0 0 9 
 0 0 0 0 0 0 0 0 0 0 35 0 0 0 0 2 0 0 0 3 0 0 0 0 0 0 0 0 0 1 0 0 0 0 0 0 0 0 3 0 85 294 0 325 38 37 80 325 281 320 281 249 265 54 278 246 99 301 42 36 0 0 206 2 0 50 51 0 0 51 0 0 0 0 0 0 1 0 0 0 0 0 0 0 0 0 0 0 0 0 0 0 0 0 0 0 0 0 0 0 0 0 0 0 0 0 0 0 0 0 0 0 0 0 0 0 0 0 0 0 0 0 0 36 7 10 0 0 13 11 55 10 0 0 0 2 7 31 0 0 0 2 0 0 0 0 1 23 0 0 0 0 0 0 0 0 0 0 0 0 0 0 0 0 0 0 0 0 0 0 0 0 0 0 0 0 0 0 0 0 0 0 0 0 0 0 0 0 0 0 0 10 0 0 0 0 0 0 0 0 0 0 6 46 1 0 0 0 8 30 19 64 0 0 0 26 0 25 0 0 0 0 0 0 0 0 0 13 0 0 0 0 0 0 0 0 0 0 32 0 0 0 9 0 0 0 0 0 0 0 0 5 0 0 0 0 0 0 0 3 0 0 1 1 0 40 1 1 0 0 6 0 0 0 0 0 0 0 0 0 0 0 0 5 12 8 0 0 0 0 
 2 2 2 2 2 2 2 2 2 2 3 2 2 2 2 2 2 2 2 70 0 0 0 0 0 0 0 0 2 1 0 0 0 0 0 0 0 0 0 0 62 68 325 0 51 32 94 79 66 286 369 228 273 117 279 57 41 243 282 67 0 0 0 4 0 0 0 0 0 0 0 0 0 0 0 3 0 0 0 0 0 0 0 0 0 0 0 0 0 0 0 0 0 0 0 0 0 0 0 0 0 0 0 0 0 0 0 0 0 0 0 0 0 0 0 0 0 0 0 11 0 0 8 19 31 27 0 0 0 6 4 39 0 0 0 5 0 5 0 0 0 0 0 0 0 0 0 0 0 0 0 0 11 0 0 0 1 0 8 10 0 0 0 0 0 0 0 0 0 0 0 0 0 0 0 1 0 0 0 0 0 0 0 0 0 0 0 8 0 0 0 0 0 0 0 0 0 0 0 0 0 0 5 34 18 16 0 0 1 10 14 24 0 0 0 0 15 10 0 0 0 0 0 0 0 0 13 15 0 0 0 0 0 0 0 0 0 0 7 2 0 0 10 0 0 0 0 0 0 0 0 3 0 0 0 0 0 0 0 17 0 13 35 37 4 13 2 37 1 0 1 0 0 0 0 0 0 0 0 0 0 3 6 0 11 0 0 0 0 0 
 0 0 0 0 0 3 0 0 0 0 0 0 0 0 0 2 3 0 0 3 2 2 2 2 2 2 2 2 4 2 3 2 2 4 2 2 2 2 7 2 21 22 38 51 0 254 272 65 67 74 69 236 59 65 253 296 55 267 49 68 0 0 0 3 0 4 2 0 0 0 0 3 3 0 0 19 125 0 1 0 0 0 0 10 0 0 0 0 0 0 0 0 0 0 0 0 0 0 0 0 0 0 0 0 0 0 0 0 0 0 0 0 0 0 0 0 0 0 0 0 0 0 0 0 0 18 0 0 0 0 0 36 0 0 0 0 0 0 0 0 1 0 0 23 0 0 19 0 0 0 0 0 11 0 0 0 0 0 16 20 0 0 0 0 0 0 0 7 0 0 0 0 0 0 0 0 0 0 0 0 10 0 0 0 0 0 0 0 0 0 0 0 0 0 0 0 0 0 0 0 0 0 0 0 14 3 0 0 0 0 23 0 0 0 0 0 0 0 0 0 7 10 0 0 0 9 30 0 0 0 0 0 36 10 2 0 0 0 7 30 0 0 0 0 0 0 0 0 1 0 0 0 0 0 0 1 0 1 0 3 0 0 28 1 0 2 1 1 0 0 0 0 0 0 0 0 0 0 0 0 0 0 0 0 0 0 0 0 1 0 
 1 2 0 0 0 4 0 0 0 0 0 0 0 0 0 0 0 0 2 0 63 0 0 0 0 0 0 0 3 0 0 0 0 0 0 0 0 0 0 0 35 33 37 32 254 0 452 36 264 269 89 62 249 253 71 326 69 57 68 250 7 0 0 6 0 0 5 2 0 0 0 0 6 5 0 17 6 0 108 2 0 0 0 0 0 0 0 0 14 0 0 0 0 0 0 0 0 0 0 0 0 0 0 0 0 0 10 0 0 0 0 0 0 0 0 0 0 0 0 0 0 0 0 0 0 0 0 0 0 0 0 0 0 0 0 0 0 0 0 0 0 5 1 1 0 0 24 4 0 2 0 0 10 7 23 22 0 2 7 26 0 0 0 0 0 0 0 0 0 0 0 0 0 0 0 0 1 0 18 0 0 0 0 0 0 0 0 0 0 0 0 0 0 15 0 0 0 0 0 0 0 0 0 0 0 8 0 0 4 0 0 0 0 0 0 0 0 0 0 0 2 22 5 0 0 0 41 0 6 0 0 0 41 53 22 0 0 1 11 32 0 0 0 0 0 0 1 0 0 0 0 12 0 0 0 0 0 0 0 0 0 0 2 0 5 1 1 0 1 0 0 0 0 0 0 0 0 0 0 0 0 0 0 0 0 0 0 0 0 0 
 0 0 0 0 0 6 0 1 62 0 0 74 0 0 0 0 0 0 3 0 2 0 0 0 0 0 0 0 0 0 0 0 0 0 0 0 64 0 0 0 269 76 80 94 272 452 0 93 63 24 28 44 548 487 295 50 25 28 61 231 0 0 0 0 0 0 0 0 0 0 0 5 1 0 0 0 1 0 0 0 0 0 0 0 0 0 0 0 0 0 0 0 0 0 0 0 0 0 0 0 0 7 0 0 0 1 19 0 0 0 0 0 0 0 0 0 9 0 0 0 28 32 21 0 0 0 29 51 27 5 0 0 19 30 37 3 17 1 0 10 0 0 0 15 0 0 0 0 0 0 0 0 0 0 0 0 0 0 0 0 0 0 0 0 5 0 0 0 0 0 5 0 0 8 0 0 0 5 0 0 0 0 0 0 0 1 0 0 0 0 0 0 0 0 0 0 0 15 0 0 49 28 3 1 0 0 16 45 11 20 0 0 13 34 25 14 35 0 0 11 0 0 0 0 0 19 0 0 0 0 0 0 0 0 0 0 0 0 0 0 0 0 0 0 0 2 0 0 0 0 0 9 2 0 0 0 0 0 0 0 0 0 0 0 2 0 4 1 1 0 0 0 0 0 0 0 0 0 0 0 0 0 0 0 0 1 0 0 0 0 
 3 0 3 0 0 3 0 2 0 0 0 0 0 3 0 0 0 0 0 2 0 0 4 7 1 0 0 3 33 8 7 7 0 6 4 0 0 6 4 0 326 373 325 79 65 36 93 0 271 248 68 29 55 322 178 40 32 45 50 67 0 0 0 3 2 2 0 0 0 1 3 2 0 0 0 0 3 3 0 0 0 0 0 0 0 1 0 0 0 0 0 0 0 0 0 0 0 0 0 0 0 0 0 1 5 0 0 0 0 1 0 2 0 2 0 0 0 6 0 0 0 23 12 21 1 6 0 11 40 28 27 0 3 20 0 49 29 73 7 4 0 9 0 0 0 0 0 0 0 0 0 0 0 0 0 0 6 0 0 0 0 0 9 0 21 9 0 0 0 0 1 0 0 1 0 0 0 7 0 0 0 0 0 4 15 6 0 0 0 17 0 4 0 0 0 1 0 0 0 0 18 20 4 2 1 0 0 15 18 27 15 22 0 0 9 38 34 17 0 3 0 0 0 0 0 0 0 0 0 0 0 0 0 0 0 0 0 0 0 0 0 0 2 0 0 0 0 0 0 32 0 12 0 2 0 0 0 0 7 0 0 0 1 0 0 1 0 0 1 0 1 0 1 0 0 0 0 0 0 0 0 2 0 0 0 9 0 0 0 0 
 0 4 0 0 0 0 0 1 0 0 0 0 0 0 0 0 0 0 0 0 0 0 0 0 0 0 0 0 0 0 0 64 0 0 0 0 0 0 0 0 51 219 281 66 67 264 63 271 0 412 48 29 269 133 254 268 112 167 66 78 0 0 0 2 0 0 0 0 0 0 0 0 0 0 0 0 0 0 0 0 0 0 0 0 0 0 0 0 0 0 0 0 0 0 0 0 0 0 0 0 0 0 0 0 0 0 0 0 0 0 0 0 7 0 0 0 0 6 0 0 15 9 11 22 29 1 17 1 8 23 50 0 0 13 0 15 50 38 0 0 0 6 1 0 0 0 0 0 0 0 0 0 0 0 0 0 5 0 0 0 0 0 0 0 15 3 0 0 0 6 0 0 0 0 0 0 0 0 0 0 0 0 0 0 0 0 0 0 0 0 0 0 0 0 0 0 4 0 0 0 0 0 31 53 0 0 0 0 26 3 40 35 0 0 1 28 10 43 0 0 0 0 0 0 0 1 1 0 0 0 0 0 0 13 0 0 0 0 0 0 0 0 9 0 0 0 0 0 0 0 0 6 0 0 0 0 0 0 0 1 0 0 2 1 2 3 0 1 0 0 22 0 0 0 0 0 0 0 0 0 0 0 0 0 0 10 0 0 0 0 
 2 2 0 0 0 2 0 0 0 0 0 0 0 2 0 0 0 0 0 2 0 23 4 0 0 0 0 2 3 0 0 0 0 0 0 0 0 0 0 0 458 39 320 286 74 269 24 248 412 0 269 58 259 85 121 389 213 301 50 276 0 0 21 10 2 5 0 0 0 0 1 3 0 1 0 1 0 0 0 0 0 0 0 0 0 0 0 0 0 0 0 0 0 0 0 0 0 0 0 0 0 0 0 0 0 0 0 1 0 0 0 0 0 0 0 0 0 0 0 0 0 0 0 28 49 12 0 0 0 11 59 21 0 0 0 0 0 2 0 0 0 0 0 0 0 11 1 0 0 0 0 0 3 0 0 0 0 0 0 0 0 0 20 0 0 0 0 0 10 0 0 0 0 0 0 0 0 0 0 0 0 0 0 0 0 0 0 12 3 0 0 0 12 0 0 0 0 0 0 0 0 0 16 125 23 18 0 0 0 93 17 28 0 0 0 15 0 16 0 0 0 0 0 0 6 5 0 8 0 0 0 0 0 0 0 0 0 0 20 0 0 0 3 0 0 0 0 0 0 0 0 7 10 0 0 0 0 0 0 22 0 0 63 64 0 10 0 63 0 0 21 0 0 0 0 0 0 0 0 0 0 0 0 0 7 15 0 0 2 0 
 2 0 0 0 0 3 0 0 0 0 0 0 0 1 0 0 0 0 0 3 0 0 0 0 0 0 0 1 0 63 0 0 0 0 6 0 0 0 0 0 43 59 281 369 69 89 28 68 48 269 0 260 47 39 58 126 101 480 38 93 0 0 52 4 0 0 0 0 55 0 0 0 0 0 2 4 2 53 4 0 2 0 0 0 0 0 0 0 0 0 0 0 0 0 0 0 0 0 0 0 0 0 0 0 0 0 0 0 0 0 0 0 0 0 0 13 0 0 0 0 0 0 0 14 56 74 0 0 1 0 0 58 0 0 0 0 1 1 0 0 1 0 0 0 0 0 1 0 0 0 0 0 31 0 0 0 0 0 14 15 0 0 0 0 0 0 9 0 0 0 0 0 0 0 0 0 0 0 0 0 0 0 0 0 0 0 0 0 0 0 0 0 0 0 0 0 0 0 0 0 0 0 0 18 59 48 0 0 0 9 2 40 0 0 0 0 0 4 0 0 1 0 0 0 0 0 28 22 0 0 0 0 5 0 0 0 0 0 19 7 0 0 8 0 0 0 0 0 0 0 0 3 0 1 0 0 0 0 0 8 0 0 3 4 0 27 3 2 0 0 0 0 0 0 0 0 0 0 0 0 0 0 0 0 8 1 0 0 0 0 
 0 2 0 0 59 2 0 0 0 0 0 0 0 0 0 2 53 0 0 0 0 0 0 0 0 63 1 5 0 2 0 1 0 6 3 1 1 0 3 1 30 38 249 228 236 62 44 29 29 58 260 0 48 39 240 269 308 79 40 45 0 0 0 5 0 0 0 0 0 0 0 0 0 0 0 36 7 0 0 1 0 0 0 0 0 10 0 0 0 0 0 0 0 0 0 0 0 0 0 0 16 5 4 0 0 0 0 6 4 0 4 0 0 0 14 2 4 0 0 0 0 0 0 0 31 14 0 0 0 0 0 12 0 0 0 0 0 0 0 0 0 0 0 0 0 0 12 0 0 0 0 0 14 0 0 0 0 0 11 15 0 0 0 10 0 0 0 0 0 0 0 0 9 0 0 0 0 0 0 0 3 2 10 1 0 0 0 2 0 0 1 0 0 8 15 0 1 7 0 0 0 0 0 0 28 26 0 0 0 0 6 0 0 0 0 0 0 0 0 0 0 1 0 0 0 0 15 0 0 0 0 0 28 0 0 6 0 0 0 35 0 0 0 0 0 0 0 0 0 0 0 6 0 1 0 0 0 0 0 12 0 2 63 64 2 2 0 63 2 0 0 0 0 0 1 0 0 0 0 0 0 1 0 0 0 0 0 0 0 0 
 0 0 0 0 0 0 0 1 0 0 0 0 0 0 0 0 0 0 0 0 0 0 0 0 0 0 0 0 0 1 0 0 0 0 0 0 0 66 2 0 59 35 265 273 59 249 548 55 269 259 47 48 0 59 55 29 45 39 367 240 0 0 0 0 0 0 0 0 0 0 0 0 0 0 0 0 0 0 0 0 0 0 0 0 0 0 0 0 0 0 0 0 0 0 0 0 0 0 0 0 0 0 0 0 0 22 0 0 1 0 0 0 0 0 0 19 0 0 0 0 31 34 8 0 0 0 35 32 22 0 0 0 26 21 44 9 1 0 0 11 0 0 1 0 0 0 0 0 0 0 0 0 0 0 0 0 0 0 0 0 0 0 0 0 1 1 0 0 0 0 23 0 0 21 0 0 0 0 0 0 0 0 0 0 0 27 0 0 0 0 0 0 0 0 0 0 0 0 0 0 39 8 9 0 0 0 13 31 2 1 0 0 12 27 19 0 8 0 0 11 0 0 0 0 0 0 0 9 0 0 0 0 0 0 0 0 0 0 0 0 0 0 0 0 0 0 0 0 0 0 0 3 0 0 0 0 0 0 0 0 0 0 0 0 2 1 0 0 0 0 0 0 0 0 0 0 0 0 0 0 0 0 0 0 0 0 0 0 2 0 
 0 2 0 0 0 0 0 0 0 0 0 0 0 0 0 0 4 0 0 0 0 0 0 0 0 0 0 4 0 0 0 0 0 0 0 210 0 0 201 0 105 53 54 117 65 253 487 322 133 85 39 39 59 0 367 33 40 27 282 149 0 0 3 0 0 2 3 1 0 0 1 2 0 0 0 0 2 50 0 4 0 0 0 0 0 0 0 0 0 0 0 0 0 0 0 0 0 0 0 0 0 0 0 0 0 0 0 0 0 0 0 0 0 0 0 0 0 0 0 0 7 34 35 20 0 0 0 42 40 32 11 0 0 36 38 42 83 0 0 0 0 0 0 0 0 0 0 0 0 0 0 0 0 0 0 0 5 0 0 0 0 0 0 0 9 4 0 0 0 0 5 0 0 5 0 0 11 12 0 0 0 0 0 0 0 0 0 0 0 0 0 0 0 0 0 0 0 0 0 0 51 49 20 0 1 0 11 58 22 24 2 0 1 12 27 19 30 7 0 0 0 0 0 0 0 0 0 0 0 0 0 0 11 0 0 0 0 0 0 0 0 0 0 0 0 0 0 0 0 0 0 3 0 0 0 0 0 0 0 0 0 0 0 0 0 3 1 0 0 0 0 0 0 0 0 0 0 0 0 0 0 0 0 0 0 0 0 0 2 0 
 0 6 0 0 0 0 0 0 0 0 0 0 0 0 0 3 3 0 0 3 0 0 0 0 0 0 0 0 0 1 0 0 0 0 0 0 0 0 0 0 261 247 278 279 253 71 295 178 254 121 58 240 55 367 0 328 50 43 90 320 0 2 0 4 2 1 0 0 0 3 5 2 0 0 0 0 0 3 0 0 0 9 0 11 0 0 0 0 0 0 0 0 0 0 0 0 0 0 0 0 0 0 0 0 0 0 0 0 0 0 0 0 0 3 0 0 0 0 0 0 0 27 23 4 0 0 0 22 19 22 32 0 0 24 1 27 37 31 12 11 0 10 0 12 4 2 0 0 0 0 0 0 0 0 0 0 28 0 0 0 0 0 0 0 18 4 0 0 0 0 0 0 0 0 0 0 0 6 0 0 0 0 0 0 0 0 0 0 0 0 0 0 0 0 0 0 0 0 0 0 19 21 4 1 0 0 4 13 11 16 9 7 0 0 10 49 32 14 0 0 0 0 0 0 26 1 0 0 0 0 0 5 7 0 0 0 0 0 0 0 0 0 0 0 0 0 0 0 0 0 0 2 0 0 0 0 0 0 0 0 0 0 2 0 0 0 3 0 0 0 4 0 0 0 0 4 0 0 0 0 0 0 0 0 0 10 0 0 0 0 
 0 0 0 0 0 0 0 0 0 2 0 1 58 0 0 2 0 0 0 0 2 2 2 2 2 2 2 2 5 2 2 2 2 2 2 2 6 2 5 2 29 433 246 57 296 326 50 40 268 389 126 269 29 33 328 0 114 291 259 57 0 0 0 4 0 52 0 0 0 0 0 0 0 0 0 0 0 0 0 0 0 0 0 0 0 0 0 0 0 0 0 0 0 0 0 0 0 0 0 0 0 0 0 0 0 0 0 0 0 0 0 0 0 0 0 0 0 0 0 0 13 0 0 16 8 25 0 0 73 4 24 39 0 0 0 0 6 28 0 0 4 6 0 0 0 0 2 0 0 0 0 13 7 3 0 0 0 0 31 8 0 0 0 0 0 0 0 0 0 0 0 0 0 0 0 0 13 0 0 8 0 0 0 0 0 0 0 0 0 0 0 0 0 0 0 0 0 0 0 0 0 0 21 41 8 10 0 0 10 16 40 31 0 0 0 23 0 37 0 0 4 0 0 0 0 0 7 26 0 0 0 0 0 0 0 0 0 0 31 2 0 0 11 0 0 0 0 0 0 0 0 11 0 0 0 0 0 0 0 1 0 0 2 1 1 61 3 1 0 0 28 0 0 0 0 0 0 0 0 0 0 0 0 0 7 9 0 0 0 0 
 2 3 2 1 0 1 1 4 4 2 1 0 4 2 2 3 2 1 68 2 0 0 0 0 5 12 0 0 0 2 63 0 0 2 0 0 0 0 0 0 42 158 99 41 55 69 25 32 112 213 101 308 45 40 50 114 0 215 302 50 0 0 0 2 0 0 0 0 1 0 0 0 0 0 0 0 2 56 0 0 0 0 0 6 0 0 0 0 0 0 0 0 0 0 0 0 0 0 0 0 7 0 0 0 1 6 0 0 0 0 0 7 0 0 0 0 0 0 0 0 0 1 0 24 16 0 40 0 12 0 78 23 7 1 0 0 7 21 0 1 17 3 0 0 0 0 0 0 0 0 0 0 0 0 0 0 1 0 0 0 0 0 0 0 0 0 0 0 0 0 0 0 0 0 0 0 0 0 0 3 0 0 0 0 0 2 0 0 0 0 13 1 0 0 0 0 0 0 0 0 4 0 1 64 0 0 6 1 1 29 18 43 6 1 0 3 1 8 4 7 12 0 0 2 2 0 16 0 0 0 1 0 0 0 0 0 0 0 6 6 0 0 9 0 0 0 0 0 0 1 0 10 0 1 0 0 0 0 3 3 0 0 3 0 0 0 0 0 0 0 21 0 0 1 0 0 0 0 0 0 0 0 0 0 6 8 0 0 0 0 
 41 4 4 2 3 3 69 64 5 6 3 5 4 40 67 4 4 4 3 6 3 3 3 5 3 3 3 4 3 3 3 3 6 3 6 64 3 3 4 3 30 46 301 243 267 57 28 45 167 301 480 79 39 27 43 291 215 0 39 16 0 0 0 10 0 0 0 0 0 0 0 0 0 0 0 0 0 0 0 0 0 16 0 0 0 0 0 17 0 0 0 0 0 18 4 0 0 0 0 0 5 0 0 0 0 0 0 0 0 0 0 32 0 0 0 0 0 0 0 0 0 0 0 16 26 7 0 0 1 9 26 22 0 12 0 0 0 1 0 0 0 0 0 0 0 0 1 0 0 0 0 0 0 0 0 0 0 0 0 0 0 7 0 0 0 0 0 21 4 0 10 0 0 0 6 0 7 0 0 0 0 0 0 0 0 0 0 0 0 0 0 0 0 0 0 0 0 0 0 0 0 0 12 70 39 51 0 0 0 23 56 26 0 0 0 15 0 18 0 0 0 0 0 0 0 0 0 27 0 0 0 0 0 0 0 0 0 0 4 0 0 0 3 0 0 0 0 0 0 0 0 10 0 0 0 0 0 0 0 21 0 0 61 64 0 18 0 61 1 0 20 0 0 0 0 0 0 0 0 0 0 0 0 0 14 16 0 0 2 0 
 0 0 0 0 0 0 0 0 0 0 0 0 0 0 0 0 0 0 0 2 0 0 0 0 1 197 0 0 0 1 1 0 0 0 0 0 0 0 0 0 26 50 42 282 49 68 61 50 66 50 38 40 367 282 90 259 302 39 0 292 0 4 5 0 0 0 0 0 20 9 0 0 0 0 51 4 3 7 0 24 0 0 0 0 0 0 0 0 0 0 0 0 0 0 0 0 0 0 0 0 0 0 0 1 0 14 0 0 0 0 0 1 0 0 0 0 0 0 0 0 42 0 0 0 0 0 36 15 1 0 0 0 42 1 13 0 0 0 22 70 0 0 16 0 8 0 0 0 5 0 8 15 0 20 0 8 11 0 0 0 0 0 0 0 0 0 0 0 0 0 0 0 1 0 21 0 0 0 0 0 0 0 0 0 22 36 0 0 0 0 0 0 0 0 0 0 0 0 0 0 1 12 0 0 0 0 20 7 60 0 0 0 26 9 4 11 0 0 8 36 22 0 0 0 0 0 0 0 0 7 9 0 0 0 0 0 5 5 0 0 0 0 0 0 0 0 0 0 0 0 0 6 0 0 0 0 0 0 0 0 0 1 0 0 1 2 0 0 0 0 4 0 0 0 0 10 0 0 0 0 0 0 0 0 0 0 0 0 0 0 
 0 7 8 36 0 7 0 0 8 5 2 0 0 0 0 5 3 5 0 0 1 0 0 0 1 15 0 0 0 1 0 0 0 0 0 0 0 0 0 0 347 51 36 67 68 250 231 67 78 276 93 45 240 149 320 57 50 16 292 0 0 0 0 0 0 0 0 0 0 0 0 0 0 0 0 0 0 0 0 0 0 0 5 10 0 0 0 0 17 4 2 6 0 0 0 8 5 5 0 0 0 0 0 0 0 10 0 0 0 0 0 0 0 0 0 0 0 0 0 0 19 9 10 0 0 0 28 11 18 0 0 0 4 60 45 12 0 0 0 32 0 0 0 0 0 0 0 0 0 0 0 14 0 24 0 0 0 0 0 0 0 3 6 2 19 0 0 0 0 8 3 0 0 3 1 3 0 5 0 0 0 0 0 0 0 21 0 0 0 4 0 0 0 0 0 0 0 0 1 0 51 6 15 0 0 0 21 24 9 2 0 0 8 23 17 0 11 0 0 15 0 0 0 26 0 0 0 0 0 0 0 0 0 0 0 0 0 0 0 0 0 5 0 0 0 0 5 0 0 0 0 3 0 2 0 0 0 0 0 2 0 0 3 0 1 0 0 0 0 0 0 0 0 0 0 0 0 0 0 0 0 0 0 0 0 0 0 0 0 0 
 0 0 0 0 0 4 51 0 0 0 0 0 0 0 0 37 0 0 2 0 3 3 3 3 3 3 3 3 6 3 3 3 3 60 11 3 3 3 52 3 0 1 0 0 0 7 0 0 0 0 0 0 0 0 0 0 0 0 0 0 0 132 80 58 29 52 266 239 61 41 44 28 69 327 246 53 46 37 261 56 0 0 0 0 10 0 0 0 0 0 0 0 0 0 0 0 0 0 0 0 0 0 3 0 0 0 0 0 8 1 2 0 0 0 0 0 2 2 0 0 0 0 0 0 0 0 7 0 0 0 9 0 0 0 0 0 0 0 0 0 0 27 14 11 0 0 0 17 11 56 1 0 0 0 9 13 0 23 0 0 0 0 0 0 0 0 0 1 0 0 0 0 0 0 0 0 14 0 0 0 0 0 0 0 0 0 0 0 0 0 0 0 0 0 0 0 0 0 0 0 0 0 0 0 0 0 0 0 0 0 0 0 0 0 14 0 0 0 0 0 0 59 40 20 0 0 0 0 92 0 8 0 0 0 18 40 15 0 0 0 0 0 0 0 0 0 0 0 0 0 0 0 0 0 6 0 0 0 0 0 0 0 0 0 0 0 6 0 0 0 8 0 0 0 2 0 0 0 0 0 0 0 0 0 0 0 0 0 0 0 
 0 5 4 0 1 5 0 4 4 4 2 2 0 0 6 4 12 6 0 0 0 0 0 28 0 0 0 2 0 0 0 0 0 0 0 0 0 0 0 0 0 0 0 0 0 0 0 0 0 0 0 0 0 0 2 0 0 0 4 0 132 0 225 80 22 58 49 282 160 246 41 23 93 94 197 204 138 51 48 48 4 2 3 5 0 0 0 0 5 4 0 0 0 0 8 2 0 4 0 0 0 0 0 0 0 0 0 0 0 0 0 0 0 0 0 0 0 0 0 0 0 0 0 0 1 0 0 0 0 0 0 0 0 0 0 3 0 0 0 23 1 25 12 19 0 0 0 5 12 27 12 9 0 3 0 22 24 10 13 0 0 0 5 10 0 0 0 7 6 49 16 0 0 0 2 5 4 4 0 0 0 0 0 0 0 0 4 0 0 0 0 0 0 0 0 0 0 0 0 0 0 0 0 0 0 0 0 0 0 0 0 0 0 3 0 0 0 0 0 11 1 0 0 15 0 0 0 0 12 29 17 1 0 0 9 19 25 30 0 14 11 0 0 9 0 0 0 0 0 0 0 0 0 0 5 0 0 0 0 0 0 0 0 0 0 0 9 2 0 0 43 0 0 25 2 0 0 0 0 0 0 0 0 0 0 2 0 0 0 0 
