 0 89 96 269 50 35 661 342 34 32 26 41 311 129 412 60 27 22 422 39 0 0 0 2 0 6 2 0 0 3 0 2 3 0 0 0 1 0 0 0 3 0 0 4 3 0 0 3 0 0 0 2 1 0 36 1 0 0 1 0 0 0 2 0 7 0 3 0 1 0 0 0 0 0 0 32 3 0 3 0 18 94 3 13 1 0 2 20 20 39 0 0 0 27 46 46 15 50 1 27 20 0 0 0 0 0 0 0 0 0 0 0 0 0 0 0 0 16 0 0 0 0 0 0 0 0 0 0 2 0 0 0 15 0 0 0 0 0 0 0 0 0 0 0 0 0 0 0 0 0 0 0 0 0 0 5 0 0 0 0 26 16 7 2 0 0 0 40 0 21 0 0 11 37 26 2 44 0 8 38 0 0 0 0 0 0 0 0 0 0 0 0 0 0 0 0 0 0 0 0 0 0 0 10 0 0 0 0 0 0 13 0 0 0 0 0 0 0 0 0 0 0 0 0 0 0 0 0 11 0 0 0 0 0 0 0 0 0 0 0 0 0 0 0 0 0 0 0 0 0 0 4 0 0 0 0 0 0 0 0 0 0 0 0 0 0 0 0 0 0 0 0 0 0 0 0 0 0 0 0 0 0 0 0 0 0 0 0 0 0 
 89 0 615 291 53 22 59 365 235 122 36 41 60 84 419 386 381 33 52 212 2 3 0 4 0 3 3 3 6 3 0 1 5 3 0 3 4 0 2 0 6 0 0 5 3 0 2 4 0 1 0 0 0 0 0 0 1 0 3 4 0 0 7 0 6 0 7 0 1 1 0 0 3 0 0 4 0 2 7 0 18 39 41 9 1 2 0 9 26 17 19 17 0 18 31 21 42 22 0 0 0 0 0 0 0 0 1 0 0 0 0 0 0 0 0 0 0 16 0 0 1 0 0 0 0 0 0 0 0 0 0 1 0 0 0 0 0 0 0 13 0 0 1 0 36 0 0 1 0 0 0 3 0 0 0 0 0 3 0 2 11 27 7 3 0 0 0 13 41 19 17 14 0 1 1 29 27 20 0 0 0 0 0 0 0 0 0 0 0 0 0 0 0 0 0 0 0 0 0 0 0 0 0 0 0 0 0 0 0 0 0 0 0 0 2 0 16 0 0 0 0 0 0 0 0 2 0 0 0 0 0 0 0 0 0 0 0 0 15 2 0 0 0 0 0 1 0 0 0 0 0 12 0 0 1 0 0 0 0 0 0 0 0 0 0 1 0 0 0 0 0 0 0 0 0 14 1 12 0 0 0 0 0 0 0 0 0 0 0 0 
 96 615 0 425 44 259 55 105 287 327 122 60 70 63 260 505 457 269 119 283 31 0 0 3 1 3 0 2 1 3 2 1 3 2 0 0 0 1 0 0 3 0 0 1 3 0 68 2 0 0 0 0 0 0 55 0 0 0 0 0 0 0 2 0 1 0 3 0 3 0 5 0 0 0 0 0 0 0 3 0 0 1 34 18 18 0 0 9 10 17 42 24 0 0 14 16 9 2 0 0 0 0 0 0 0 0 0 0 0 1 0 0 0 1 0 0 0 0 0 0 0 0 0 0 0 0 0 0 0 0 0 1 0 0 0 0 0 0 0 0 0 0 1 0 35 0 0 0 0 0 0 2 0 1 0 0 0 5 0 0 36 16 13 26 0 18 0 0 25 28 9 11 0 0 1 45 8 37 0 0 0 0 0 0 0 0 0 0 0 0 0 0 0 0 0 0 0 0 0 0 0 0 0 0 0 0 0 0 0 0 0 0 0 0 0 0 0 0 0 0 0 0 0 0 0 2 0 0 0 0 0 0 8 0 0 0 0 0 0 2 0 28 0 0 0 2 96 1 2 3 2 9 14 0 0 0 0 0 0 0 0 0 16 0 0 0 0 0 0 0 0 0 0 0 0 26 17 21 0 0 0 0 0 0 0 0 0 0 0 0 
 269 291 425 0 111 262 100 283 91 456 165 393 63 54 288 52 50 299 169 101 0 0 1 2 0 3 0 0 0 3 0 0 3 0 0 0 0 0 2 0 3 0 0 2 3 0 68 2 0 0 0 0 0 0 0 0 0 0 0 0 0 0 2 0 1 0 2 0 19 0 31 0 0 0 0 0 0 0 3 0 1 0 0 29 39 0 0 0 0 15 34 25 0 0 0 13 31 16 0 2 0 0 0 0 0 0 0 0 0 0 0 0 0 0 0 0 0 0 37 0 0 0 1 0 25 0 0 0 0 0 0 0 0 0 0 1 0 0 0 0 2 0 0 0 0 0 0 0 0 0 0 0 1 0 4 0 4 1 0 0 0 2 9 33 18 31 13 0 0 42 17 11 0 5 0 20 0 14 0 0 0 0 0 0 0 0 0 0 0 0 0 13 1 0 0 0 0 0 1 0 0 8 0 0 0 0 11 0 0 0 0 0 0 25 0 0 0 9 0 0 0 0 0 0 0 0 0 0 0 1 0 0 0 0 0 0 0 0 0 0 0 15 0 0 0 3 99 0 2 58 0 9 24 0 0 1 0 0 0 0 74 0 9 0 0 0 0 0 0 0 0 0 0 0 0 17 13 0 0 0 0 0 0 0 0 0 0 0 0 0 
 50 53 44 111 0 445 48 54 59 81 297 509 63 49 63 76 269 44 73 83 0 1 0 3 0 5 0 2 0 3 0 0 6 0 0 2 2 3 2 1 3 2 0 1 5 0 0 2 0 4 0 0 0 0 2 0 0 2 0 65 0 0 2 0 4 0 3 1 8 0 0 2 0 0 0 0 0 0 3 0 0 0 0 11 32 32 0 0 0 9 0 9 0 0 0 0 0 0 0 0 0 0 2 0 0 2 5 0 0 0 0 0 31 0 2 8 0 0 51 66 0 0 0 0 0 0 12 0 0 0 0 0 0 0 0 0 0 0 0 0 0 0 0 0 2 0 0 0 0 19 0 0 0 0 26 0 0 0 0 0 0 0 0 17 46 0 0 0 0 1 10 17 0 0 0 0 0 0 0 0 0 0 0 0 0 0 19 0 0 0 0 0 58 0 0 0 0 0 41 15 0 0 0 21 0 0 2 0 2 2 0 0 0 14 0 0 0 0 1 0 0 0 0 0 1 0 0 0 0 0 0 10 0 0 0 0 0 0 0 0 0 0 0 0 0 4 2 1 3 4 0 21 2 0 1 0 0 0 0 0 2 0 0 0 0 0 0 0 0 2 0 0 0 0 2 0 0 0 0 0 0 0 0 0 0 0 0 0 0 0 
 35 22 259 262 445 0 33 29 51 268 87 53 457 39 74 297 143 66 42 46 0 0 0 1 0 3 0 0 0 2 0 2 6 1 2 0 0 0 327 2 3 0 0 3 3 0 0 3 0 0 0 1 0 0 2 1 0 0 0 38 0 0 2 0 9 0 2 0 12 0 0 0 0 0 0 0 0 0 2 45 0 0 0 0 12 55 0 0 0 0 0 13 0 0 0 0 0 0 0 0 21 0 0 0 0 0 15 10 0 0 0 0 54 2 1 0 0 0 25 67 0 0 0 0 0 0 0 0 0 0 0 0 0 0 0 0 0 0 0 0 0 0 0 0 0 0 0 0 0 0 0 0 0 0 0 0 0 0 0 0 0 1 0 1 34 1 1 5 0 0 0 10 0 0 0 0 0 0 0 0 0 1 0 0 0 0 34 0 0 0 0 0 40 0 0 0 0 0 65 71 5 0 0 17 0 0 0 2 0 0 0 0 0 0 0 0 0 0 0 0 0 0 0 0 0 0 0 0 0 2 0 0 0 0 0 0 0 1 0 0 0 2 0 0 0 0 2 1 4 4 2 9 0 0 0 0 0 0 0 0 0 0 0 0 0 0 0 0 0 0 0 0 0 0 0 0 0 0 0 0 0 0 0 0 0 0 0 0 0 0 
 661 59 55 100 48 33 0 536 45 42 40 59 930 426 53 53 38 28 197 338 2 2 3 4 0 3 0 0 0 3 0 2 5 0 0 0 0 0 0 0 3 0 0 2 3 0 0 2 0 0 0 1 0 0 0 41 0 62 0 0 0 0 4 0 3 0 2 2 4 3 0 0 0 0 2 0 0 0 5 0 48 1 12 0 0 0 61 17 22 1 0 0 1 3 20 42 0 0 7 13 0 0 0 0 0 0 0 0 0 0 0 0 0 0 0 0 0 0 0 0 0 0 0 0 0 0 0 0 0 0 0 0 0 0 0 0 0 0 0 0 0 0 0 0 0 0 0 0 0 0 0 0 12 0 0 10 0 0 0 0 24 10 0 0 0 0 2 27 1 2 0 0 2 33 35 0 44 1 22 36 0 0 0 0 0 0 0 0 0 0 0 0 0 0 0 0 0 0 0 0 0 0 0 0 0 0 0 0 0 0 0 0 0 0 0 0 0 5 0 0 0 0 0 0 0 0 0 0 0 0 0 0 0 0 0 0 0 0 0 0 0 0 0 0 0 0 0 0 2 0 0 11 0 0 0 0 0 0 0 0 0 0 0 0 0 0 0 0 0 0 0 0 0 0 0 0 0 0 0 0 0 0 0 0 0 0 0 0 0 0 
 342 365 105 283 54 29 536 0 259 25 66 134 312 585 111 157 43 26 221 277 0 1 0 2 0 3 0 0 0 3 0 0 3 0 0 0 0 0 2 0 3 0 0 3 5 0 3 3 0 0 0 0 2 0 2 4 0 0 0 0 1 2 2 0 3 3 2 0 2 0 0 0 3 0 0 1 26 0 3 2 11 57 0 0 0 0 0 29 30 25 9 2 0 8 5 35 12 10 0 5 0 0 0 0 0 0 0 0 0 0 0 0 0 11 0 0 0 0 0 0 0 0 0 0 0 0 0 0 0 0 0 0 0 0 0 0 0 0 0 0 0 0 0 0 13 0 0 0 0 0 0 1 0 0 0 0 0 3 0 0 12 28 21 13 0 0 0 20 29 4 17 0 0 19 16 27 14 0 0 15 0 0 0 0 0 0 0 0 0 0 0 0 0 0 0 0 0 0 0 0 0 0 0 0 1 0 0 0 0 0 0 0 0 0 0 0 0 0 0 0 0 0 0 0 0 0 0 0 0 0 0 0 0 0 0 0 0 0 0 0 0 0 0 0 0 0 2 0 0 0 0 13 0 0 0 0 0 0 0 0 0 0 0 0 0 0 0 0 0 0 0 0 0 0 0 0 0 0 0 0 0 0 0 0 0 0 0 0 0 0 
 34 235 287 91 59 51 45 259 0 303 34 51 93 71 246 295 270 224 68 77 0 88 0 2 2 3 0 2 0 5 77 0 3 0 0 3 3 0 1 0 3 0 3 4 3 0 0 3 3 2 0 0 0 0 2 1 0 0 0 0 0 53 4 0 1 0 2 2 6 0 0 0 0 2 0 0 0 0 4 2 16 28 42 20 34 0 0 12 18 100 16 29 0 18 19 35 25 14 0 0 0 0 1 0 0 1 0 0 0 0 0 0 0 0 0 2 0 0 1 0 0 0 0 0 0 0 0 0 0 0 0 0 0 0 0 0 0 0 0 0 0 0 0 0 23 0 0 30 0 0 0 3 0 0 0 2 0 4 0 0 1 26 10 9 0 0 0 17 67 2 28 20 0 2 0 40 15 44 2 1 0 0 0 0 0 0 0 0 0 0 0 0 0 0 0 0 0 0 0 0 0 0 0 0 0 0 0 0 0 1 0 13 0 0 0 0 0 0 1 0 0 0 0 0 2 0 0 0 0 0 0 0 0 0 0 0 0 0 0 0 0 0 0 0 0 1 3 0 0 4 1 13 0 0 0 0 0 0 0 0 0 0 0 0 0 0 0 0 2 0 0 0 0 0 1 17 17 10 0 0 0 0 0 0 0 0 0 0 0 0 
 32 122 327 456 81 268 42 25 303 0 368 48 67 273 73 603 607 97 61 180 0 0 0 3 2 6 3 1 0 7 0 0 3 0 2 0 3 2 0 0 3 2 3 0 6 0 34 2 0 0 3 0 0 2 0 0 0 1 3 1 0 0 50 0 2 3 3 0 3 0 7 3 0 0 0 0 0 0 5 0 0 0 36 20 39 0 0 11 0 24 24 35 0 0 15 11 26 16 0 0 0 0 0 0 0 0 0 0 0 0 0 0 0 0 0 0 12 0 1 0 0 0 0 19 16 0 0 0 1 0 0 0 0 0 0 0 0 0 0 0 0 0 0 0 0 0 0 0 0 0 0 2 0 0 0 0 0 3 0 0 1 1 15 10 0 20 0 0 1 9 5 35 0 7 0 18 14 21 0 0 0 22 8 0 0 0 0 0 0 0 0 0 0 0 0 0 0 0 0 0 0 0 0 0 0 0 0 0 0 0 0 0 0 0 0 0 0 0 0 0 0 0 0 0 0 0 0 0 0 2 0 0 0 0 0 0 0 0 0 0 0 10 13 0 0 0 174 0 2 198 0 9 10 0 0 0 0 0 0 0 0 0 11 0 0 0 0 0 0 0 0 0 0 0 0 28 11 0 0 0 0 0 0 0 0 1 0 0 0 0 
 26 36 122 165 297 87 40 66 34 368 0 307 35 28 43 99 300 541 38 71 0 0 0 25 0 9 0 0 0 7 0 5 3 0 103 0 4 0 0 0 3 0 0 0 4 0 6 2 0 0 0 0 0 0 0 0 0 0 0 17 0 0 2 0 0 0 3 0 3 0 1 0 0 0 0 0 0 0 4 0 0 0 1 22 33 0 0 0 0 16 45 12 0 0 0 15 14 15 0 0 0 0 0 0 0 0 1 1 0 0 0 0 0 0 0 0 0 0 39 0 0 0 0 0 11 0 0 0 0 0 22 0 0 0 0 0 0 0 0 0 0 0 0 0 0 1 0 0 0 0 0 0 0 0 7 0 0 2 0 0 0 0 9 20 43 23 0 0 0 0 11 18 0 4 0 1 0 14 0 2 0 0 0 0 0 0 1 0 0 0 0 0 0 1 0 0 2 0 1 0 0 0 0 2 0 0 0 0 41 16 0 0 0 0 0 0 0 0 0 0 0 2 0 0 0 0 0 0 0 0 0 0 0 1 0 0 0 0 0 0 0 14 0 0 0 3 53 0 3 48 0 11 4 0 0 0 0 0 0 0 0 0 9 0 0 0 0 0 0 0 0 0 0 0 0 0 14 0 0 0 0 0 0 0 0 0 0 0 0 0 
 41 41 60 393 509 53 59 134 51 48 307 0 48 25 28 249 65 74 21 23 0 0 0 8 0 3 0 0 5 3 0 6 3 0 1 3 2 0 1 6 3 0 0 2 6 0 0 2 0 0 2 2 0 0 0 0 3 0 0 2 2 0 4 3 7 0 2 0 8 2 5 0 0 0 2 0 3 2 3 1 0 0 0 60 30 0 0 0 0 1 15 29 0 0 0 0 23 14 0 0 1 0 0 0 0 0 0 0 0 0 0 0 24 0 0 12 0 0 68 1 13 0 0 0 15 0 0 0 0 0 0 0 0 0 0 0 0 0 0 0 0 0 4 0 0 0 0 0 0 0 0 0 0 0 5 0 0 0 0 0 0 0 14 31 32 24 0 1 0 0 4 32 0 4 0 0 0 0 0 0 0 0 0 0 0 0 16 0 0 0 0 0 11 0 0 0 0 0 60 10 0 0 0 0 0 0 0 0 0 0 0 0 0 10 0 0 9 0 0 0 0 0 0 0 0 0 0 0 0 0 0 0 0 0 0 0 0 0 19 0 0 0 0 0 0 2 203 2 0 184 0 6 0 1 2 0 0 0 0 0 0 0 9 0 0 0 0 0 0 0 2 0 0 0 0 0 0 0 0 0 0 0 0 0 0 0 0 0 0 0 
 311 60 70 63 63 457 930 312 93 67 35 48 0 94 42 261 62 19 364 148 0 0 0 3 0 3 2 0 0 3 0 0 3 0 0 0 1 0 0 2 3 0 0 2 3 0 0 2 2 0 0 0 0 0 0 0 0 0 0 0 0 0 2 0 2 0 2 0 2 0 0 0 0 0 0 0 0 0 3 0 43 0 0 0 0 0 48 34 20 0 0 0 13 80 60 8 0 0 5 33 0 0 0 0 0 9 0 0 0 0 0 0 0 0 0 0 0 0 0 0 0 0 0 0 0 0 0 0 0 0 0 0 0 0 0 0 0 0 0 0 0 0 0 0 0 0 0 0 0 0 0 0 0 17 0 10 0 0 10 0 21 1 0 0 0 0 51 14 0 0 0 0 25 14 19 0 16 0 14 42 0 0 0 0 0 0 0 0 0 0 0 0 0 0 0 1 0 0 0 0 0 0 0 0 0 0 0 0 0 0 0 2 0 0 0 0 0 0 0 0 0 0 0 0 0 0 0 0 0 0 0 0 0 0 0 0 0 0 0 0 0 0 0 0 0 0 2 0 0 0 0 14 0 0 0 0 0 0 0 0 0 0 0 0 0 0 0 0 0 0 0 0 0 0 0 0 0 0 0 0 0 0 0 0 0 0 0 0 0 0 
 129 84 63 54 49 39 426 585 71 273 28 25 94 0 643 36 36 17 79 83 0 44 0 5 0 4 0 1 0 3 0 0 3 0 0 0 1 0 0 0 3 0 0 1 3 0 0 2 0 0 0 0 0 0 0 1 0 0 0 0 0 0 2 0 1 0 3 0 3 0 0 0 39 0 0 0 0 0 3 0 18 72 3 0 1 2 1 14 30 20 6 0 0 30 54 45 14 44 0 24 0 0 0 0 0 0 0 0 0 0 0 0 0 0 0 0 0 0 0 0 0 0 0 0 0 0 0 0 0 3 0 0 1 0 0 0 1 0 0 0 0 1 0 0 0 0 22 0 0 0 0 0 0 0 2 5 0 0 0 2 25 15 9 2 0 17 0 42 2 19 0 0 10 49 32 2 35 0 6 44 2 0 0 0 0 0 0 0 0 0 0 0 0 0 0 0 0 0 0 0 0 0 0 0 0 0 0 0 0 0 0 0 0 0 1 0 0 0 0 0 0 0 0 0 0 0 0 0 0 0 0 0 0 0 0 0 1 0 0 0 0 0 0 0 0 0 0 0 0 0 2 6 0 0 0 0 0 0 0 0 0 0 0 0 0 0 0 0 0 0 0 0 0 0 0 0 0 0 0 0 0 0 0 0 0 0 0 0 0 0 
 412 419 260 288 63 74 53 111 246 73 43 28 42 643 0 404 74 21 55 126 0 0 0 3 0 3 75 0 0 3 0 1 3 0 0 0 1 0 0 1 3 0 0 1 3 0 0 2 0 0 0 0 0 0 0 2 0 0 72 0 0 0 2 0 0 0 3 0 3 0 1 0 0 0 0 0 0 0 3 0 11 57 38 9 0 2 0 10 29 19 8 0 0 15 12 54 23 43 0 0 0 0 0 0 0 0 0 0 0 0 0 0 0 0 0 0 0 0 0 0 0 0 0 0 0 0 0 0 0 1 0 1 0 0 0 0 1 0 0 2 0 0 0 0 15 0 0 1 0 0 0 2 0 0 2 0 0 0 0 2 15 44 8 4 0 0 0 26 32 16 13 9 0 27 15 61 28 10 0 18 0 0 0 0 0 0 0 0 6 0 0 0 0 0 0 0 0 0 0 0 0 0 0 0 0 0 0 0 0 0 0 0 0 0 2 0 0 0 0 0 0 0 0 0 0 1 0 19 0 0 0 0 0 0 0 0 0 0 0 2 0 0 0 0 0 2 2 0 89 0 0 18 0 0 0 0 0 0 0 0 0 0 0 0 0 0 0 0 0 0 0 0 0 0 0 0 0 14 0 0 0 0 0 0 0 0 0 0 0 0 
 60 386 505 52 76 297 53 157 295 603 99 249 261 36 404 0 269 320 28 284 2 1 2 2 0 3 1 40 0 3 0 0 3 2 0 0 0 0 0 0 3 0 0 1 3 0 0 2 0 0 0 0 0 0 0 1 0 0 0 0 0 0 2 0 1 0 2 0 3 0 0 0 0 2 0 0 0 0 5 0 0 25 44 21 37 0 0 6 29 72 27 22 0 0 8 15 10 0 0 0 0 0 0 0 0 0 0 0 0 0 0 0 0 0 0 0 0 0 0 0 0 0 0 0 0 0 0 14 0 0 0 0 16 0 0 0 0 0 0 0 0 0 0 10 19 0 0 0 0 0 0 3 0 0 0 0 0 4 0 0 5 65 22 9 0 0 0 2 47 0 30 18 0 3 0 49 19 46 0 0 0 0 0 0 0 14 1 0 0 0 0 0 0 0 0 0 0 0 13 0 0 0 0 0 0 0 0 0 0 0 0 0 0 0 0 0 0 0 0 0 0 0 0 0 0 0 0 0 0 0 0 0 0 0 0 0 0 0 0 0 0 23 0 0 0 0 3 1 2 1 1 13 0 0 0 0 0 0 0 0 0 0 12 0 0 0 0 0 0 0 0 0 0 0 0 17 14 10 0 0 0 0 0 2 2 0 0 0 0 0 
 27 381 457 50 269 143 38 43 270 607 300 65 62 36 74 269 0 566 30 87 0 0 1 2 0 6 2 0 0 3 1 1 4 0 0 2 1 76 5 0 3 0 0 3 7 2 68 3 0 60 2 2 4 0 5 5 3 2 0 0 0 2 5 0 3 6 2 0 3 0 7 2 6 2 0 0 6 0 3 4 0 12 42 19 15 0 0 54 47 74 40 25 0 0 8 33 7 18 0 0 0 0 0 0 0 0 0 0 0 0 0 0 0 0 0 0 0 0 1 0 0 0 0 0 1 0 0 0 0 0 0 0 0 0 0 0 0 0 0 0 0 0 0 0 18 0 0 0 0 0 0 1 0 0 0 0 0 5 0 0 4 32 11 11 0 0 0 3 36 20 33 11 0 0 0 72 16 35 0 0 0 0 0 0 0 0 1 0 0 0 0 0 0 0 0 0 0 0 0 0 0 0 0 0 0 0 0 0 0 0 0 0 0 0 0 0 0 0 0 0 0 0 0 0 0 0 0 0 0 10 0 0 0 0 0 0 20 0 0 0 0 16 0 0 0 0 0 0 0 0 1 8 16 0 0 0 0 0 0 0 0 0 14 0 0 0 0 0 0 0 0 0 0 0 0 29 20 10 0 0 0 0 0 0 0 0 0 0 0 0 
 22 33 269 299 44 66 28 26 224 97 541 74 19 17 21 320 566 0 41 125 0 0 0 1 0 3 2 0 2 2 0 0 3 0 7 0 0 0 151 2 3 0 0 3 3 0 0 3 0 0 0 1 0 0 2 1 0 0 0 0 0 0 2 0 6 0 2 0 0 0 0 0 0 2 29 0 0 2 3 0 0 1 41 14 77 0 0 9 0 31 29 45 12 0 18 22 12 18 0 0 0 1 0 0 0 0 0 0 0 0 0 0 0 0 0 0 0 0 3 0 0 1 0 0 15 1 0 0 0 0 0 1 0 0 0 0 0 0 0 0 0 0 0 1 0 1 0 0 20 0 0 2 0 0 0 0 0 3 0 0 1 0 10 13 0 20 0 0 3 1 5 23 0 3 0 18 0 18 0 0 0 9 0 0 15 0 0 0 0 0 0 0 0 0 0 0 0 0 0 0 1 0 0 0 0 0 0 0 0 0 0 0 0 0 0 0 4 0 0 0 0 0 0 18 0 0 0 1 0 0 0 0 0 0 0 0 0 0 0 0 0 19 0 0 0 3 173 0 0 88 3 12 0 0 0 0 0 0 0 0 0 0 17 0 0 0 1 0 0 0 0 0 0 1 0 19 34 0 0 0 0 0 0 0 0 0 0 0 0 0 
 422 52 119 169 73 42 197 221 68 61 38 21 364 79 55 28 30 41 0 358 0 1 2 3 2 3 77 0 2 3 2 1 4 0 0 0 0 0 0 0 3 0 1 2 3 0 3 6 0 0 0 0 0 3 0 2 4 3 0 0 2 0 2 0 0 3 3 0 3 0 5 2 0 0 0 0 1 2 3 0 23 0 0 1 0 0 98 9 0 1 0 0 22 13 13 0 0 0 18 32 0 0 0 0 0 0 0 0 0 9 0 0 0 2 0 0 0 0 0 0 0 0 0 0 21 0 0 0 0 0 0 2 0 0 0 0 0 0 0 0 0 0 2 0 0 0 0 0 0 0 0 0 0 2 0 0 0 0 0 0 12 0 0 0 0 0 34 0 0 0 0 0 24 28 2 11 0 0 47 13 0 0 0 0 0 0 0 0 0 0 0 0 0 30 0 9 0 0 0 0 0 0 0 0 0 0 0 0 0 0 0 0 5 0 0 0 0 0 0 0 0 0 0 0 0 1 0 0 0 0 0 0 0 0 0 0 0 0 0 1 0 0 0 0 0 3 2 0 15 0 0 16 0 0 0 0 0 0 0 0 56 0 0 0 0 0 0 0 0 0 0 0 0 0 0 0 0 0 0 0 0 0 0 0 0 0 0 0 0 0 
 39 212 283 101 83 46 338 277 77 180 71 23 148 83 126 284 87 125 358 0 1 0 0 3 0 3 0 0 0 3 0 1 3 0 0 0 1 0 0 0 3 0 0 1 3 0 0 2 0 0 0 1 0 0 0 0 0 2 0 0 0 0 2 0 1 0 3 0 3 0 0 0 0 0 0 0 0 0 3 0 22 0 0 11 21 2 25 11 1 9 10 14 13 20 29 0 18 0 11 34 0 0 0 0 0 0 0 0 0 0 0 5 0 0 0 0 0 15 0 0 0 0 0 0 0 0 0 0 0 0 0 1 0 0 0 0 0 0 0 2 0 7 0 0 0 0 0 1 0 0 0 14 0 0 2 0 0 20 0 2 11 1 0 15 0 0 33 7 19 0 21 0 14 16 13 19 1 10 18 5 0 0 0 0 0 0 0 0 0 0 0 0 0 0 0 0 0 0 0 0 0 0 0 0 0 0 0 0 0 0 0 0 0 0 2 0 0 0 0 0 0 0 0 0 0 1 0 0 0 0 0 0 0 0 0 0 0 0 0 2 0 0 0 0 0 2 3 2 2 0 0 1 0 0 0 0 0 0 0 0 0 0 1 0 0 0 0 0 0 0 0 0 0 0 0 32 0 13 0 0 0 0 0 0 0 0 0 0 0 0 
 0 2 31 0 0 0 2 0 0 0 0 0 0 0 0 2 0 0 0 1 0 161 291 45 30 65 386 343 55 39 36 95 272 212 345 29 29 237 39 209 0 0 0 0 0 0 2 0 0 3 0 0 20 3 52 0 0 0 1 1 27 0 0 0 0 3 0 7 2 0 0 0 2 0 0 0 0 0 1 0 0 0 0 0 0 0 0 0 0 0 0 0 1 0 0 0 0 1 0 0 38 27 35 0 0 0 0 23 15 6 15 0 0 35 27 35 40 39 0 1 0 0 0 0 0 0 0 0 0 0 0 0 0 0 14 0 0 0 0 0 0 0 0 0 3 11 0 0 0 0 0 0 0 0 0 0 0 0 0 0 0 0 0 0 0 3 0 0 0 0 0 0 0 7 5 0 0 0 0 0 41 28 1 1 0 7 0 30 26 15 9 0 0 30 38 11 0 16 0 0 0 0 0 0 0 1 0 0 0 0 0 0 0 0 0 1 0 0 1 0 0 0 0 0 2 1 0 0 0 0 0 0 0 0 0 0 0 0 0 0 0 0 0 0 0 0 0 0 0 0 0 0 0 0 1 0 0 0 0 0 0 0 0 0 0 0 0 0 0 0 0 0 0 0 0 0 2 0 0 0 0 1 0 0 0 0 0 0 0 0 
 0 3 0 0 1 0 2 1 88 0 0 0 0 44 0 1 0 0 1 0 161 0 363 60 40 29 173 556 517 279 44 24 43 128 325 326 276 46 27 46 3 1 0 3 2 0 3 3 0 5 0 3 3 2 3 0 66 0 1 0 0 0 12 0 2 8 0 3 2 0 0 0 5 3 0 0 3 1 55 0 0 0 0 0 0 0 1 0 1 0 12 0 0 0 0 0 0 0 0 0 2 52 30 21 0 2 41 2 40 21 15 4 0 0 18 7 67 22 0 0 0 0 0 0 0 0 0 0 0 0 0 0 2 0 0 0 0 0 0 0 0 16 0 0 1 0 2 0 0 0 0 0 0 0 0 0 1 0 1 0 0 0 0 0 0 8 0 0 0 0 0 0 0 0 0 0 0 0 0 5 1 19 34 29 6 9 0 20 43 66 32 7 0 0 9 32 35 29 0 2 0 0 0 0 0 0 0 0 0 0 0 0 0 0 0 0 0 0 0 0 0 1 0 0 0 0 0 0 0 0 0 0 0 0 0 0 0 0 0 0 0 0 9 0 0 0 0 0 0 0 0 0 0 0 8 0 0 0 0 0 3 10 0 0 0 0 6 0 0 0 0 0 0 0 0 0 0 0 0 0 0 1 0 0 0 0 0 0 0 0 
 0 0 0 1 0 0 3 0 0 0 0 0 0 0 0 2 1 0 2 0 291 363 0 107 54 47 290 132 490 357 64 34 122 43 279 379 145 356 43 103 0 0 0 0 0 0 3 0 0 2 0 0 3 67 0 1 7 0 3 8 0 0 8 0 0 3 0 3 2 0 3 0 4 0 0 0 0 0 4 0 14 0 2 0 0 0 0 0 0 0 0 0 0 0 0 0 0 0 0 0 0 10 28 34 8 0 9 0 39 84 21 29 0 11 0 0 16 14 0 0 0 0 0 0 0 0 0 0 0 0 1 0 0 0 0 0 2 0 1 0 0 0 0 0 0 0 0 0 0 0 0 0 0 9 0 2 0 0 0 15 0 0 0 0 0 0 2 0 1 0 0 0 0 0 1 0 0 0 0 6 0 0 37 64 34 1 0 0 13 36 33 1 14 0 0 39 52 24 0 0 0 0 0 0 0 0 0 0 0 0 0 3 0 0 0 0 0 0 0 0 0 0 0 0 0 0 0 0 0 0 0 2 0 0 0 0 0 14 0 0 0 0 14 0 0 0 0 0 0 0 0 0 0 0 12 2 0 2 7 2 20 9 64 0 0 0 18 0 0 0 0 0 0 0 0 0 0 0 0 0 0 29 0 0 0 0 21 0 0 0 
 2 4 3 2 3 1 4 2 2 3 25 8 3 5 3 2 2 1 3 3 45 60 107 0 307 29 164 301 77 316 126 281 105 64 82 253 54 261 88 279 0 0 0 0 0 0 11 0 0 3 0 0 3 2 0 0 2 0 2 25 0 0 0 0 0 3 0 3 2 0 0 0 2 0 0 0 1 0 0 0 0 0 0 0 0 0 0 0 0 0 0 0 0 0 0 0 0 0 0 0 0 2 0 32 60 21 0 0 0 0 11 33 0 0 0 0 0 10 0 0 0 0 0 0 0 0 0 0 0 0 0 0 4 0 0 0 0 0 26 0 0 0 0 0 0 0 0 0 0 0 0 0 2 7 0 0 0 0 0 0 0 12 0 0 0 0 19 0 0 0 0 2 0 0 0 0 0 0 0 0 0 0 0 9 44 13 0 0 0 24 0 31 0 15 0 0 16 20 0 0 0 0 0 0 0 0 0 0 0 0 0 0 0 0 0 0 0 2 33 11 0 0 0 0 0 0 0 0 0 0 0 3 0 0 0 0 0 0 0 0 0 0 0 0 0 0 0 0 0 0 0 0 0 0 0 0 1 45 16 0 20 0 0 0 0 0 0 0 0 0 0 0 0 0 0 0 0 0 0 0 0 13 0 0 0 0 0 0 0 1 
 0 0 1 0 0 0 0 0 2 2 0 0 0 0 0 0 0 0 2 0 30 40 54 307 0 360 259 357 63 106 116 350 129 76 96 246 57 49 72 65 0 0 0 0 0 0 0 0 1 3 0 0 3 2 0 0 0 0 1 0 0 0 0 0 0 5 0 3 53 0 0 0 2 0 0 0 0 0 0 0 0 0 0 0 0 0 0 0 0 0 0 0 0 0 0 0 0 0 0 0 0 13 0 0 31 9 0 0 0 0 0 0 0 0 0 0 0 0 0 0 9 0 0 0 0 0 20 0 0 0 0 0 71 38 1 0 0 0 38 35 0 1 0 0 0 0 0 0 0 0 0 0 0 0 0 0 0 8 4 0 5 0 0 0 20 0 7 0 0 0 0 0 0 0 0 20 0 0 0 0 0 0 0 0 31 22 8 0 0 1 0 43 0 0 0 0 0 0 0 0 15 0 0 10 0 0 24 0 0 0 0 0 45 0 0 0 0 0 40 53 1 0 0 0 0 0 0 0 0 0 0 0 0 2 0 0 0 0 0 0 0 0 0 0 0 0 0 0 0 0 0 0 0 0 1 0 0 2 5 0 5 0 0 0 0 0 0 0 0 0 0 0 0 12 0 0 0 0 0 0 0 0 0 0 0 0 1 0 0 0 
 6 3 3 3 5 3 3 3 3 6 9 3 3 4 3 3 6 3 3 3 65 29 47 29 360 0 262 34 36 54 79 148 69 45 48 71 61 125 275 56 0 0 0 3 0 0 0 0 0 6 0 0 3 2 0 0 0 0 196 0 0 0 0 3 2 3 2 3 2 2 0 0 2 0 49 0 0 18 0 0 0 0 0 0 0 0 0 0 0 0 0 0 0 0 0 0 0 0 0 0 0 0 1 0 1 8 0 0 0 0 0 0 0 0 2 0 0 0 0 0 23 0 0 0 0 0 32 2 0 0 5 0 17 15 8 0 0 0 15 40 0 0 0 0 0 0 0 0 0 0 0 0 2 0 0 0 0 0 4 0 4 0 0 0 0 0 5 0 0 0 0 0 0 0 2 0 0 0 0 0 0 0 0 0 7 67 0 0 0 0 0 12 0 0 0 0 1 0 0 0 16 0 0 1 0 0 22 9 0 0 0 0 51 9 15 0 0 1 23 30 0 0 0 0 0 0 0 0 0 0 0 0 0 9 0 0 0 0 1 0 0 0 0 0 0 0 0 0 0 0 0 0 0 1 0 0 0 0 99 0 1 1 0 0 0 0 0 0 0 0 0 0 0 0 0 0 0 0 0 0 0 0 0 0 0 0 0 0 0 0 
 2 3 0 0 0 0 0 0 0 3 0 0 2 0 75 1 2 2 77 0 386 173 290 164 259 262 0 257 267 20 38 36 486 356 54 50 37 36 56 444 0 1 0 5 39 0 0 0 0 3 0 0 3 2 0 0 203 0 2 1 0 0 0 0 1 3 0 6 2 0 0 49 2 2 0 0 1 0 0 0 0 0 0 0 0 0 0 0 0 1 0 0 0 0 0 0 0 0 0 0 35 7 22 0 2 0 23 36 59 62 0 0 26 75 81 53 24 13 0 0 0 0 0 0 0 0 0 0 0 0 0 0 0 0 0 0 0 0 0 0 0 0 0 0 6 0 0 0 0 0 0 0 1 0 0 0 0 0 0 0 0 0 0 0 0 1 0 0 0 0 0 0 0 0 3 0 0 0 0 0 44 22 0 0 0 4 35 21 22 3 0 0 14 48 50 23 0 31 0 16 0 0 0 0 0 0 0 0 0 0 0 0 0 0 0 0 0 1 0 0 0 0 0 0 0 0 0 0 0 0 0 0 0 0 0 0 0 0 0 0 0 0 0 0 0 0 0 0 0 0 0 0 0 0 1 0 4 0 0 1 2 0 0 0 0 0 0 0 0 0 0 0 0 0 0 0 0 0 0 0 0 0 0 0 0 0 0 0 0 0 
 0 3 2 0 2 0 0 0 2 1 0 0 0 1 0 40 0 0 0 0 343 556 132 301 357 34 257 0 169 113 243 24 123 604 226 64 66 179 71 43 0 6 3 3 0 2 3 0 0 7 3 0 3 2 0 0 1 6 1 3 0 6 0 2 3 6 3 6 2 3 0 0 2 2 0 0 0 0 2 0 0 0 0 0 0 0 0 0 0 0 15 0 0 0 0 0 0 0 0 0 0 21 43 10 0 0 10 1 29 60 23 13 0 0 16 55 55 34 0 0 0 0 0 0 0 0 0 0 0 0 0 0 0 0 0 0 0 0 0 0 0 8 0 0 48 0 0 0 0 0 0 0 0 0 0 14 0 0 0 0 0 0 0 0 0 4 0 0 0 0 0 0 0 1 3 0 0 0 0 20 1 22 30 18 0 8 0 16 48 28 12 0 0 25 32 11 9 30 1 0 0 0 0 0 0 0 1 0 0 0 0 0 0 0 0 0 0 0 0 0 0 0 0 0 0 0 0 0 0 0 0 0 0 0 0 0 0 0 0 0 0 0 12 0 0 2 0 0 0 0 2 0 0 0 0 0 0 0 0 0 2 13 0 0 0 0 7 0 0 0 0 0 0 0 0 0 0 4 0 0 0 0 0 1 0 0 0 0 0 0 
 0 6 1 0 0 0 0 0 0 0 0 5 0 0 0 0 0 2 2 0 55 517 490 77 63 36 267 169 0 307 50 31 135 61 383 205 181 271 315 151 0 0 0 0 0 0 1 0 0 3 0 0 3 2 0 0 6 0 2 4 0 0 5 0 0 53 0 3 2 0 0 0 2 0 0 0 0 0 3 0 0 0 0 0 0 0 0 0 0 0 0 0 0 0 1 0 0 0 1 0 1 31 57 26 0 0 10 0 44 46 9 25 0 0 18 0 23 20 0 0 0 1 0 0 0 0 0 2 21 1 0 0 0 0 0 0 0 0 0 0 1 0 0 2 0 0 0 0 17 0 0 0 0 0 0 0 1 0 0 0 9 2 0 2 0 6 0 0 0 0 0 0 0 0 0 0 0 0 0 5 1 21 30 44 23 7 0 2 25 15 35 2 0 0 0 42 58 9 0 0 0 0 0 0 0 0 0 0 0 0 0 0 0 0 0 0 0 0 0 1 0 0 0 0 0 0 0 0 31 0 1 0 0 1 4 0 0 0 0 0 0 0 12 0 0 0 0 0 0 0 0 0 0 0 3 0 2 2 2 0 4 14 0 0 0 0 15 0 0 0 0 0 0 0 0 0 0 0 0 0 0 21 0 0 0 0 16 0 0 0 
 3 3 3 3 3 2 3 3 5 7 7 3 3 3 3 3 3 2 3 3 39 279 357 316 106 54 20 113 307 0 621 60 287 92 109 400 564 216 109 83 62 0 0 0 17 0 6 0 0 2 0 0 3 2 0 1 3 0 3 3 0 0 7 0 0 3 0 3 2 0 0 0 48 0 0 0 0 0 6 0 0 0 5 0 0 0 0 0 0 0 0 0 0 0 0 0 0 0 0 0 0 13 4 39 27 26 0 0 28 19 18 39 0 0 0 0 0 2 0 0 0 0 0 0 0 0 0 0 0 0 0 0 0 0 0 4 0 0 14 0 0 1 0 0 0 0 0 0 0 0 0 0 0 20 0 0 0 2 0 0 0 0 0 0 0 0 0 0 0 0 0 0 0 0 0 0 0 0 0 0 0 1 12 20 43 12 0 0 0 14 57 7 0 14 0 20 47 17 0 0 0 0 0 0 0 0 0 0 0 0 0 0 0 0 0 18 0 0 0 0 0 0 0 0 0 0 0 18 0 0 0 18 0 0 0 0 0 0 0 0 0 0 0 0 0 0 0 0 0 0 0 0 0 0 0 1 1 158 152 0 13 1 0 0 0 2 0 0 0 0 0 0 0 0 0 0 0 0 0 0 0 20 0 0 0 0 5 0 0 0 
 0 0 2 0 0 0 0 0 77 0 0 0 0 0 0 0 1 0 2 0 36 44 64 126 116 79 38 243 50 621 0 369 38 35 60 117 91 383 44 52 0 0 0 0 0 0 4 0 0 3 0 0 3 2 0 0 4 0 2 12 0 0 2 0 0 3 0 3 2 0 0 0 2 0 0 0 0 0 0 0 0 0 0 0 0 0 0 0 0 0 0 0 0 0 0 0 0 0 0 0 0 2 0 21 62 46 0 0 13 1 58 36 0 0 0 0 0 10 0 0 0 0 0 0 0 0 1 0 0 0 0 0 9 0 0 0 0 0 32 0 0 2 0 0 0 0 0 0 0 0 0 0 0 3 0 0 0 1 0 0 0 0 0 0 0 0 1 0 0 0 0 0 0 0 0 18 0 0 0 0 0 0 0 12 60 28 24 1 0 33 17 47 0 0 1 0 13 40 0 0 0 0 0 5 0 0 2 0 0 0 0 47 23 0 0 11 0 0 34 11 0 0 0 0 0 0 0 0 0 0 0 11 0 0 0 0 0 0 0 0 0 0 0 0 0 0 0 0 0 0 0 0 0 0 3 0 0 3 13 1 28 0 0 0 0 0 1 0 0 0 0 0 0 0 0 0 0 14 0 0 0 13 0 0 0 0 9 0 0 0 
 2 1 1 0 0 2 2 0 0 0 5 6 0 0 1 0 1 0 1 1 95 24 34 281 350 148 36 24 31 60 369 0 100 22 29 51 80 285 30 38 0 0 0 2 2 0 2 0 0 9 0 0 3 2 0 0 3 0 2 10 0 0 0 0 0 3 0 3 2 0 37 0 2 0 0 0 0 0 0 3 0 2 0 0 0 0 0 0 0 0 0 0 0 0 0 0 2 0 0 0 0 0 0 18 85 44 0 0 0 0 15 28 0 0 0 0 0 0 0 0 0 0 0 0 0 0 16 0 1 0 0 0 19 0 1 0 0 0 52 20 0 0 0 0 0 0 0 0 0 0 2 0 0 13 0 0 0 2 0 0 0 0 0 0 0 0 0 0 0 0 0 0 0 0 0 0 0 0 0 0 0 0 0 0 20 34 0 0 0 1 18 54 0 0 0 0 0 0 0 0 0 0 0 0 0 0 10 2 0 0 0 0 74 0 1 0 20 0 44 37 0 0 0 0 0 0 0 0 0 1 0 17 1 12 11 0 0 0 0 0 0 0 1 0 0 2 0 0 0 2 0 0 0 0 7 2 6 158 163 0 6 0 0 0 0 0 7 1 0 0 0 0 0 0 0 0 0 1 0 0 0 0 0 0 0 0 1 0 0 0 
 3 5 3 3 6 6 5 3 3 3 3 3 3 3 3 3 4 3 4 3 272 43 122 105 129 69 486 123 135 287 38 100 0 562 125 60 59 40 608 403 0 2 3 0 1 0 6 0 0 3 0 0 3 4 0 1 0 0 4 77 0 3 0 2 2 3 2 5 2 0 0 9 2 0 0 0 2 0 0 0 0 1 0 0 0 32 0 0 0 0 0 0 0 0 0 0 0 0 0 0 42 1 23 0 0 0 36 42 2 0 0 0 21 70 33 3 7 11 1 23 2 0 0 0 9 0 0 0 0 0 0 0 0 0 0 0 0 0 0 0 0 0 0 0 0 0 0 0 0 0 1 0 0 0 0 0 0 0 0 0 0 0 0 0 1 1 0 4 0 0 0 20 0 0 0 0 0 24 0 0 50 28 0 0 0 1 78 24 1 0 1 0 35 47 36 42 0 0 19 45 0 0 0 0 0 0 0 1 0 0 0 0 0 0 0 0 0 0 0 0 0 0 0 0 0 0 0 0 0 1 0 0 0 0 0 0 5 0 0 0 0 0 1 0 0 0 0 0 0 0 0 0 0 0 4 4 0 0 0 2 4 0 0 0 0 0 0 0 0 0 0 0 0 0 0 0 0 0 0 0 0 0 0 0 0 0 0 0 0 0 
 0 3 2 0 0 1 0 0 0 0 0 0 0 0 0 2 0 0 0 0 212 128 43 64 76 45 356 604 61 92 35 22 562 0 484 104 118 21 196 266 0 0 0 0 0 0 0 0 64 3 0 2 3 2 0 0 0 0 2 1 0 0 0 0 0 3 0 12 2 0 0 0 2 0 0 0 0 0 0 0 0 1 0 0 18 0 0 0 0 0 0 0 0 0 0 0 0 0 0 0 20 32 33 0 0 0 1 21 36 19 12 0 0 29 33 69 26 39 1 0 2 0 0 0 0 0 0 0 0 0 0 0 0 0 0 0 0 0 0 0 0 0 0 0 8 0 0 0 0 0 0 0 0 0 0 0 0 13 0 0 0 0 0 0 0 7 0 0 0 0 0 0 0 0 7 0 0 0 0 0 39 46 31 2 0 7 1 43 34 12 10 0 9 26 32 21 0 43 0 0 0 0 0 0 0 0 0 1 0 0 0 0 0 0 15 0 0 0 0 0 0 0 0 0 0 0 0 0 0 0 0 0 0 0 0 0 0 0 0 0 0 0 1 0 0 0 0 0 0 0 0 0 0 0 8 2 0 0 0 0 0 1 0 0 0 0 0 0 0 0 0 0 0 0 0 0 0 0 0 0 0 0 0 0 0 0 0 0 0 0 
 0 0 0 0 0 2 0 0 0 2 103 1 0 0 0 0 0 7 0 0 345 325 279 82 96 48 54 226 383 109 60 29 125 484 0 109 58 114 100 104 0 0 3 0 1 0 0 0 0 4 0 0 3 2 0 16 1 0 1 1 0 0 1 0 0 3 0 8 53 0 0 0 2 0 2 0 1 0 0 0 0 2 0 0 10 0 0 0 0 0 0 0 0 0 0 0 0 0 0 0 0 23 47 9 0 0 11 0 24 45 31 11 0 0 9 67 54 55 2 19 1 0 0 1 0 0 0 0 0 0 0 0 0 0 0 0 0 0 0 3 0 0 0 0 4 0 0 0 0 0 2 0 0 0 0 0 0 0 0 0 0 0 0 0 0 4 0 0 0 0 2 0 0 0 6 0 0 0 0 26 0 12 29 17 0 6 0 7 68 26 8 0 0 18 25 15 9 23 0 0 0 0 0 0 0 0 0 2 0 0 0 0 0 0 0 0 0 0 0 0 0 0 0 0 0 0 0 0 0 1 0 0 0 0 0 0 0 0 0 0 0 12 17 0 0 2 0 0 0 0 0 0 0 0 2 0 0 0 0 2 0 12 0 0 0 0 8 0 0 0 0 0 0 0 0 0 0 0 0 0 0 14 0 0 0 0 0 0 0 0 
 0 3 0 0 2 0 0 0 3 0 0 3 0 0 0 0 2 0 0 0 29 326 379 253 246 71 50 64 205 400 117 51 60 104 109 0 86 350 54 63 0 5 0 0 3 3 1 0 0 2 2 0 3 2 0 1 8 0 3 31 0 0 9 0 0 3 0 3 5 0 0 0 2 0 0 0 0 0 5 0 0 0 0 0 0 0 0 0 0 9 0 0 0 0 0 0 0 0 0 0 0 12 30 34 8 8 17 0 70 28 18 27 0 0 0 0 29 13 0 0 0 0 0 0 0 0 0 0 0 0 0 0 0 0 0 0 0 0 9 0 0 1 0 0 0 0 0 0 0 0 0 0 0 0 0 0 0 0 0 0 0 0 0 0 0 0 0 0 0 0 19 0 0 0 0 0 0 0 0 2 0 3 22 46 32 0 0 0 31 39 23 1 0 0 0 24 54 21 0 0 0 0 0 0 0 0 0 0 0 0 0 0 0 0 11 0 0 0 0 0 0 0 0 0 0 0 0 0 0 0 0 0 0 0 0 0 0 0 0 0 0 0 12 0 0 0 0 0 0 0 0 0 0 0 2 2 1 2 2 2 36 11 0 0 0 1 12 0 0 0 0 0 0 0 0 0 0 0 0 0 0 21 0 0 0 0 10 0 0 0 
 1 4 0 0 2 0 0 0 3 3 4 2 1 1 1 0 1 0 0 1 29 276 145 54 57 61 37 66 181 564 91 80 59 118 58 86 0 371 257 51 23 1 0 0 0 3 5 0 0 11 0 0 3 2 1 3 2 0 5 5 0 0 38 2 0 3 0 4 2 2 0 3 2 0 2 0 0 0 5 0 0 0 0 0 0 0 0 0 0 0 0 0 0 0 0 0 0 0 0 0 10 9 29 25 7 3 13 0 26 39 18 27 0 0 3 0 15 14 0 0 0 0 0 0 0 0 0 0 0 0 0 0 0 0 0 0 0 0 3 0 0 0 0 0 0 0 0 0 0 0 0 0 1 0 0 0 0 0 0 0 0 0 0 0 0 1 9 0 0 0 0 0 0 0 2 0 1 0 0 3 0 1 24 41 60 0 0 0 22 32 48 1 0 1 5 21 43 19 0 0 0 0 0 0 0 0 2 0 0 0 0 0 0 0 0 0 0 0 0 0 0 4 0 0 0 0 0 0 0 0 0 0 0 0 0 0 0 0 0 0 0 0 12 0 0 0 0 0 0 0 0 0 0 20 0 0 0 1 0 0 17 12 0 0 0 0 9 0 0 1 0 0 0 0 0 0 0 0 0 0 0 36 0 0 0 0 8 0 0 0 
 0 0 1 0 3 0 0 0 0 2 0 0 0 0 0 0 76 0 0 0 237 46 356 261 49 125 36 179 271 216 383 285 40 21 114 350 371 0 41 302 0 0 0 2 0 0 10 0 0 3 0 0 3 2 0 0 14 2 2 21 0 0 4 31 0 3 0 3 3 0 0 0 2 0 0 0 50 0 1 0 0 0 0 0 0 0 0 0 0 0 12 0 0 0 0 0 0 0 0 0 0 15 2 65 20 51 0 0 34 13 23 44 0 0 0 0 0 14 0 0 0 0 11 0 0 0 0 0 0 0 0 0 0 0 0 0 0 0 20 0 0 1 0 0 0 0 0 0 0 0 0 0 0 16 0 0 0 2 0 0 0 0 0 0 0 0 0 0 0 0 0 0 0 0 0 0 0 0 0 1 0 0 9 17 11 33 0 0 0 27 59 13 0 20 0 26 55 28 0 0 0 0 0 0 0 0 0 0 0 0 0 0 0 0 0 0 0 0 14 1 0 0 0 0 0 0 0 0 0 23 0 15 0 0 0 0 0 0 0 0 0 0 0 0 0 0 0 0 0 0 0 0 0 0 7 0 0 162 166 3 21 0 0 0 0 0 0 0 0 0 0 0 0 0 0 0 0 0 0 0 0 33 0 0 0 0 11 0 0 0 
 0 2 0 2 2 327 0 2 1 0 0 1 0 0 0 0 5 151 0 0 39 27 43 88 72 275 56 71 315 109 44 30 608 196 100 54 257 41 0 270 0 0 0 0 0 0 0 0 0 3 0 0 3 2 201 203 0 0 2 62 0 0 0 0 7 3 0 8 2 0 0 0 2 0 0 0 0 52 0 0 0 0 0 0 14 65 0 0 0 0 0 0 0 10 0 0 0 0 0 0 42 0 0 0 25 0 64 21 0 0 0 0 49 60 27 0 0 0 1 55 2 0 0 2 0 0 0 0 0 0 0 15 0 0 0 0 0 0 0 0 0 0 17 0 0 0 0 0 0 0 0 0 0 0 0 0 0 0 0 0 0 0 0 0 10 0 0 5 0 0 35 0 0 0 0 0 0 0 0 0 23 12 0 0 30 1 20 13 0 0 0 0 41 46 22 18 0 0 18 32 0 0 0 22 0 0 0 0 0 0 0 0 0 0 0 0 0 0 0 0 0 0 0 0 0 0 0 0 0 2 0 0 0 0 0 0 0 0 0 0 0 0 2 0 0 1 0 0 1 0 0 0 0 0 11 4 0 0 2 0 4 0 0 0 0 2 0 2 0 0 0 0 0 0 1 0 0 0 0 0 0 0 0 0 0 0 0 0 0 0 
 0 0 0 0 1 2 0 0 0 0 0 6 2 0 1 0 0 2 0 0 209 46 103 279 65 56 444 43 151 83 52 38 403 266 104 63 51 302 270 0 0 0 0 0 0 0 0 0 0 3 0 0 3 2 0 0 0 0 2 4 0 0 30 0 6 3 0 9 4 0 0 0 2 0 0 0 0 0 0 0 0 0 0 0 0 25 0 0 0 0 0 0 0 0 1 0 0 0 0 0 50 0 27 0 0 0 40 32 13 13 0 0 24 56 32 23 0 13 0 19 0 0 0 0 0 0 0 2 0 1 0 0 0 0 0 0 0 0 0 0 1 0 0 2 4 0 0 0 0 14 0 0 0 0 0 0 1 0 0 0 0 2 0 2 0 0 0 0 0 0 0 0 22 0 4 0 0 0 0 0 51 22 0 0 0 0 19 22 16 0 0 2 17 22 17 21 0 13 3 6 0 0 0 0 0 0 0 0 0 0 0 0 0 0 0 0 0 0 0 1 0 0 0 0 0 0 0 0 0 0 0 0 0 1 0 0 2 0 0 0 0 0 0 0 0 0 0 0 0 0 0 0 0 0 12 0 3 0 0 2 1 0 0 0 0 0 0 0 0 0 0 0 0 0 0 0 0 0 0 0 14 0 0 0 0 0 0 0 0 0 
 3 6 3 3 3 3 3 3 3 3 3 3 3 3 3 3 3 3 3 3 0 3 0 0 0 0 0 0 0 62 0 0 0 0 0 0 23 0 0 0 0 108 81 36 43 40 214 252 50 47 49 28 87 154 472 44 39 33 38 54 0 0 2 3 1 0 2 0 0 0 4 0 2 0 0 6 0 14 2 0 0 0 0 0 0 0 0 0 0 0 0 0 0 0 0 0 0 0 0 0 7 0 0 0 0 2 0 0 0 0 0 0 0 0 0 0 1 1 0 0 0 26 27 0 0 0 0 11 14 37 2 0 1 24 42 22 43 9 0 0 42 8 0 0 0 0 0 0 0 0 7 0 0 0 0 0 0 0 0 0 0 0 0 0 5 10 0 0 0 0 0 0 0 0 0 0 0 0 0 0 0 0 0 0 0 1 0 0 0 10 27 0 0 0 0 0 0 0 0 0 24 26 32 0 1 0 0 16 14 9 47 1 0 9 44 54 4 21 1 1 0 0 0 0 0 0 0 0 0 0 0 0 0 0 0 0 0 0 0 0 0 0 0 0 0 0 0 0 0 0 0 8 0 21 0 0 0 0 0 0 0 0 0 0 2 1 0 0 1 0 0 0 0 0 0 0 0 0 0 0 0 0 0 0 0 0 0 0 0 0 
 0 0 0 0 2 0 0 0 0 2 0 0 0 0 0 0 0 0 0 0 0 1 0 0 0 0 1 6 0 0 0 0 2 0 0 5 1 0 0 0 108 0 335 61 32 254 318 550 179 255 41 21 38 121 441 419 109 43 31 260 0 2 0 0 3 6 0 0 0 31 0 0 6 6 0 0 6 0 1 4 0 0 0 0 0 0 0 0 0 0 0 0 0 0 0 0 0 0 0 0 0 0 0 0 0 0 0 0 0 0 0 0 0 0 0 0 0 0 13 0 0 11 37 22 0 0 0 8 73 73 33 23 0 12 0 27 13 17 0 0 0 0 0 0 0 0 20 0 0 0 4 0 7 0 1 0 0 0 1 0 0 11 0 0 0 0 0 0 0 0 0 0 0 0 0 0 0 0 0 0 0 0 0 0 0 0 0 0 0 0 0 0 0 0 0 0 0 0 0 0 6 15 35 6 3 3 0 4 54 12 82 4 0 0 0 10 25 15 0 0 0 0 0 0 0 0 3 0 0 0 0 0 1 0 0 0 0 0 0 6 0 0 15 0 0 0 0 0 0 0 0 1 0 1 0 0 0 0 0 0 0 0 0 0 2 37 0 0 0 0 0 0 0 0 0 0 0 0 0 0 0 0 0 0 19 1 0 0 1 0 
 0 0 0 0 0 0 0 0 3 3 0 0 0 0 0 0 0 0 1 0 0 0 0 0 0 0 0 3 0 0 0 0 3 0 3 0 0 0 0 0 81 335 0 107 77 34 95 99 198 358 82 44 78 52 271 65 180 448 53 261 1 0 0 4 0 6 0 0 0 46 0 3 0 6 2 0 1 4 0 3 0 0 0 0 0 0 0 0 0 0 0 0 0 0 0 0 0 0 0 0 0 0 0 0 0 0 0 0 0 0 0 0 0 0 0 0 0 0 0 0 0 8 14 47 20 1 0 1 0 16 43 16 0 2 1 8 0 22 0 0 0 0 0 0 0 4 5 0 0 0 0 0 0 4 0 0 0 0 0 0 0 29 0 0 1 0 0 0 0 0 0 5 0 0 0 0 0 0 0 0 0 0 0 0 0 0 0 0 0 0 0 0 0 0 0 0 0 0 0 0 1 0 1 25 7 11 0 0 58 40 21 47 0 0 0 1 23 14 0 0 0 0 0 0 0 0 0 3 0 0 0 0 0 0 0 0 0 0 0 0 0 0 15 0 0 0 0 0 0 0 0 1 0 0 0 1 0 0 0 20 0 0 1 1 0 17 0 1 0 0 0 0 0 0 0 0 0 0 0 0 0 0 0 0 18 33 0 0 0 0 
 4 5 1 2 1 3 2 3 4 0 0 2 2 1 1 1 3 3 2 1 0 3 0 0 0 3 5 3 0 0 0 2 0 0 0 0 0 2 0 0 36 61 107 0 115 49 81 469 97 614 88 243 59 46 60 60 319 689 324 59 0 0 0 2 0 3 52 0 2 0 0 0 0 0 0 0 2 0 1 2 0 0 0 0 0 0 0 0 0 0 0 0 0 0 0 0 0 0 0 0 0 0 0 0 0 0 0 0 0 0 0 0 0 3 0 0 0 0 0 0 0 0 0 29 60 10 0 0 0 0 18 10 0 0 0 0 0 0 0 0 0 0 0 0 0 4 1 9 4 0 0 0 2 0 0 0 0 0 0 0 0 4 0 0 0 0 0 0 0 0 0 6 0 0 0 0 0 0 0 0 0 0 0 0 0 0 5 0 0 0 0 0 0 0 0 0 0 0 0 0 0 0 0 19 53 12 0 0 0 11 0 51 0 0 0 0 3 0 0 0 0 0 0 2 0 0 0 0 0 0 0 0 0 0 0 0 0 0 0 22 0 0 0 0 0 0 0 0 0 0 0 0 0 0 0 0 0 0 0 46 0 0 36 39 2 2 3 37 1 0 19 0 0 0 0 0 0 0 0 0 0 0 0 0 0 0 0 0 0 0 
 3 3 3 3 5 3 3 5 3 6 4 6 3 3 3 3 7 3 3 3 0 2 0 0 0 0 39 0 0 17 0 2 1 0 1 3 0 0 0 0 43 32 77 115 0 360 52 63 85 98 87 320 74 53 79 90 56 36 73 86 7 1 0 5 2 1 4 0 0 1 7 9 0 1 0 0 6 0 0 0 0 0 0 0 0 11 0 0 0 0 0 0 0 0 0 0 0 0 0 0 0 0 0 0 0 0 23 0 0 0 0 0 0 0 0 0 0 0 0 0 0 0 0 1 0 25 0 0 0 0 0 0 0 0 0 0 0 0 0 0 7 0 0 0 3 5 32 16 15 0 1 3 25 0 0 0 0 0 22 19 0 0 0 0 0 0 0 0 0 0 0 0 0 0 0 0 0 0 0 0 0 0 0 0 0 0 0 0 0 0 0 0 0 13 22 0 11 0 0 0 0 0 0 0 11 20 0 0 0 0 0 13 0 0 10 0 0 0 0 0 1 0 0 0 1 4 21 0 0 0 1 1 20 0 0 0 0 1 46 35 0 0 0 0 0 0 0 0 0 0 0 11 0 0 0 0 0 1 0 1 0 0 4 1 0 2 0 5 1 0 5 0 0 0 0 5 0 0 0 0 0 0 0 0 0 0 0 0 0 0 
 0 0 0 0 0 0 0 0 0 0 0 0 0 0 0 0 2 0 0 0 0 0 0 0 0 0 0 2 0 0 0 0 0 0 0 3 3 0 0 0 40 254 34 49 360 0 51 46 261 84 291 74 271 63 77 86 58 60 48 68 9 4 0 0 29 7 4 0 0 0 0 24 11 0 0 0 10 1 60 4 0 0 0 0 0 0 0 0 0 0 0 0 0 0 0 0 0 0 0 1 0 0 0 0 0 0 0 0 0 0 0 0 0 0 0 0 0 0 0 0 0 0 0 0 0 29 0 0 0 0 0 1 0 0 0 0 0 0 0 0 38 0 0 0 0 0 57 8 3 0 0 0 15 13 1 0 0 0 22 29 0 0 0 0 0 0 0 0 0 0 0 0 0 0 0 0 0 0 0 0 0 0 0 0 0 0 0 0 0 0 0 0 1 0 0 0 0 0 0 0 0 0 0 0 18 24 0 0 0 0 0 0 0 0 0 0 0 0 0 0 14 6 2 0 0 0 30 0 0 0 0 10 43 9 0 0 0 0 51 52 0 0 0 0 0 0 0 0 0 0 0 15 0 0 0 0 1 0 0 7 27 0 4 0 0 14 0 0 0 0 0 0 0 0 0 0 0 0 0 0 0 0 0 0 0 0 0 0 0 0 
 0 2 68 68 0 0 0 3 0 34 6 0 0 0 0 0 68 0 3 0 2 3 3 11 0 0 0 3 1 6 4 2 6 0 0 1 5 10 0 0 214 318 95 81 52 51 0 109 49 256 40 39 495 221 54 252 53 266 67 520 0 0 0 0 0 0 0 0 0 0 12 0 0 0 0 0 0 0 51 0 0 0 18 6 9 0 0 0 0 0 14 16 0 0 0 0 19 0 0 0 0 0 0 0 47 6 0 0 0 0 13 7 0 0 0 0 0 0 0 0 10 28 13 0 0 0 0 17 11 13 0 0 35 22 22 1 5 0 0 1 0 0 0 0 0 0 0 0 0 0 0 0 0 0 0 0 0 0 0 0 0 0 0 1 9 0 2 0 0 29 0 15 0 0 0 0 19 8 5 0 0 0 0 10 11 6 0 0 0 0 0 7 0 0 0 0 10 2 0 0 11 23 0 0 0 0 11 10 0 1 0 0 1 43 13 13 23 12 4 5 0 0 0 0 0 12 0 0 0 0 0 0 0 0 0 0 0 0 0 0 0 0 0 0 0 0 0 0 0 65 0 0 14 2 0 0 0 0 4 0 0 0 0 0 0 1 2 0 0 0 0 0 0 0 0 20 0 0 0 0 0 4 0 0 0 0 0 0 2 0 
 3 4 2 2 2 3 2 3 3 2 2 2 2 2 2 2 3 3 6 2 0 3 0 0 0 0 0 0 0 0 0 0 0 0 0 0 0 0 0 0 252 550 99 469 63 46 109 0 300 48 33 20 82 292 145 94 76 46 254 49 0 0 0 0 0 0 49 0 0 0 0 0 0 15 0 1 47 0 0 0 0 0 0 0 0 0 3 0 0 0 0 0 1 0 0 0 0 0 0 0 0 0 0 0 0 0 0 0 0 45 0 0 0 0 0 0 0 0 0 0 0 26 25 15 0 0 0 7 40 54 22 53 0 44 16 23 9 17 0 0 0 0 0 0 0 0 2 12 0 0 4 0 0 0 0 0 0 0 0 0 0 0 0 0 1 0 1 0 0 0 0 0 1 0 0 0 0 0 0 0 0 0 0 0 0 0 0 0 0 0 0 0 0 0 0 0 0 0 19 0 10 15 39 10 0 0 0 0 20 19 43 0 0 22 0 13 36 23 0 0 0 0 0 0 0 0 0 0 0 0 0 0 0 0 0 0 0 0 0 0 0 0 18 0 0 0 0 0 0 19 0 11 0 1 1 0 0 0 0 0 0 0 0 0 0 11 2 0 2 0 0 0 0 0 0 0 0 0 0 0 0 0 0 0 10 5 0 0 1 0 
 0 0 0 0 0 0 0 0 3 0 0 0 2 0 0 0 0 0 0 0 0 0 0 0 1 0 0 0 0 0 0 0 0 64 0 0 0 0 0 0 50 179 198 97 85 261 49 300 0 373 54 29 78 57 89 129 167 264 41 71 0 0 0 0 0 0 2 1 0 0 2 0 0 6 5 0 0 2 0 0 0 0 0 0 0 0 0 0 0 0 0 0 0 0 0 0 0 0 0 0 0 0 0 0 0 0 0 0 0 0 0 0 0 0 0 0 0 0 0 0 0 8 14 51 20 1 0 1 3 14 37 32 0 1 0 8 0 22 0 0 0 0 0 0 0 3 2 0 0 0 0 0 0 0 0 0 0 0 0 0 0 5 0 0 0 0 0 0 0 0 1 5 0 0 0 0 0 0 0 0 0 0 0 0 0 0 0 0 0 0 0 0 10 0 0 1 0 0 0 0 0 0 0 11 6 14 0 0 40 40 24 67 0 0 0 1 22 14 0 0 0 0 0 0 0 0 0 0 0 0 0 0 0 0 0 0 0 0 0 0 0 0 14 0 0 0 0 0 0 0 0 11 0 0 0 0 0 0 0 21 0 0 1 38 0 12 0 1 0 0 0 3 0 0 0 0 0 0 0 0 0 0 0 0 9 33 0 0 0 0 
 0 1 0 0 4 0 0 0 2 0 0 0 0 0 0 0 60 0 0 0 3 5 2 3 3 6 3 7 3 2 3 9 3 3 4 2 11 3 3 3 47 255 358 614 98 84 256 48 373 0 354 45 68 62 307 310 423 82 274 88 0 0 0 0 0 19 0 0 8 0 0 12 0 3 0 0 0 59 0 2 0 0 0 0 0 0 0 0 0 0 0 0 0 0 0 0 0 0 0 0 0 0 0 0 0 0 0 0 0 0 0 0 0 0 0 0 0 0 0 0 0 12 0 10 63 1 0 0 0 0 36 31 0 0 0 0 0 21 0 0 0 0 0 0 0 7 4 0 0 0 0 4 0 0 0 0 0 0 0 0 0 9 1 0 0 0 0 0 0 0 0 7 0 0 36 0 0 0 0 0 0 0 0 0 0 0 0 0 0 0 0 0 0 0 0 0 0 8 8 0 0 0 0 33 10 12 0 0 22 17 0 25 0 0 0 0 0 0 0 0 0 0 0 0 0 3 0 0 0 22 0 0 0 0 0 0 0 0 5 0 0 0 0 0 0 61 0 0 0 1 0 7 0 0 0 0 0 0 0 46 0 0 68 66 2 5 2 65 3 0 19 0 0 0 0 0 0 0 0 0 0 0 0 0 0 12 0 0 0 0 
 0 0 0 0 0 0 0 0 0 3 0 2 0 0 0 0 2 0 0 0 0 0 0 0 0 0 0 3 0 0 0 0 0 0 0 2 0 0 0 0 49 41 82 88 87 291 40 33 54 354 0 321 46 32 61 309 171 237 28 65 0 0 0 0 0 0 1 0 0 0 0 0 0 0 0 0 0 0 1 0 0 0 0 0 0 0 0 0 0 0 0 0 0 0 0 0 28 0 0 0 0 0 0 0 0 0 0 0 0 0 0 0 0 0 0 0 0 0 0 0 5 0 0 29 33 10 2 4 0 0 22 6 0 1 7 6 0 1 0 0 0 0 0 0 0 17 1 0 11 0 0 0 2 0 0 0 0 0 0 0 0 7 0 0 0 0 0 0 0 0 0 5 0 0 0 0 0 0 0 0 0 0 13 0 0 0 0 0 0 0 0 0 0 0 0 0 0 0 0 0 0 8 0 24 7 21 1 9 1 18 1 49 0 9 1 1 1 1 0 0 0 0 0 0 0 0 0 0 0 0 0 0 0 0 0 0 0 0 0 26 0 0 0 0 0 0 0 0 0 0 0 2 0 0 0 0 0 0 0 28 0 0 39 36 0 9 0 35 4 0 41 0 0 0 0 0 0 0 0 0 0 0 0 0 0 0 0 0 0 0 
 2 0 0 0 0 1 1 0 0 0 0 2 0 0 0 0 2 1 0 1 0 3 0 0 0 0 0 0 0 0 0 0 0 2 0 0 0 0 0 0 28 21 44 243 320 74 39 20 29 45 321 0 48 43 234 31 84 61 52 17 0 1 6 7 0 0 0 0 5 5 7 4 0 3 0 10 10 3 4 0 0 0 0 0 0 0 0 0 0 0 0 0 0 0 0 0 0 0 0 0 0 0 0 0 0 0 0 0 0 0 0 5 0 0 0 0 0 0 0 0 0 0 0 12 6 13 0 0 0 0 0 76 0 0 0 0 0 0 0 0 0 0 0 40 5 9 2 2 15 7 1 3 0 0 0 0 1 0 16 0 0 3 0 0 0 0 0 0 0 0 0 0 0 0 0 0 0 0 0 0 0 0 0 0 0 0 0 0 0 0 0 0 0 0 0 0 0 0 0 0 0 0 0 10 19 11 0 0 0 0 0 8 0 0 0 0 0 0 0 0 0 0 0 0 9 2 0 0 0 5 1 1 30 0 0 1 6 1 2 70 0 0 0 0 0 0 0 0 0 0 0 6 0 0 0 0 0 0 0 17 0 0 68 87 0 0 9 66 4 0 26 0 0 0 0 6 0 0 0 0 0 0 0 0 0 0 0 0 0 0 
 1 0 0 0 0 0 0 2 0 0 0 0 0 0 0 0 4 0 0 0 20 3 3 3 3 3 3 3 3 3 3 3 3 3 3 3 3 3 3 3 87 38 78 59 74 271 495 82 78 68 46 48 0 98 35 264 37 54 372 116 0 0 0 0 6 0 0 0 0 0 0 0 1 0 0 11 0 6 3 0 0 0 0 0 0 0 0 0 0 0 2 0 5 0 0 0 0 0 0 0 0 0 0 0 0 8 0 0 0 0 0 0 0 0 0 0 0 0 0 0 4 22 40 0 0 5 69 36 0 11 0 0 4 16 7 0 21 1 0 15 9 0 0 0 0 0 2 0 0 0 1 0 0 2 0 0 0 0 4 55 0 0 0 0 0 0 3 20 0 0 0 0 0 0 0 0 0 0 0 0 0 0 0 0 0 0 0 0 0 0 0 0 0 0 0 0 0 0 0 0 40 19 6 0 0 4 13 26 0 0 0 0 0 11 37 54 0 1 11 9 0 3 1 0 0 0 4 0 0 0 0 0 5 4 0 0 0 0 6 0 0 0 0 0 0 0 0 0 0 0 0 12 0 0 0 0 0 0 0 0 0 0 2 0 0 2 0 0 1 0 0 0 0 0 0 0 0 0 0 0 0 0 0 0 1 0 0 0 0 0 
 0 0 0 0 0 0 0 0 0 2 0 0 0 0 0 0 0 0 3 0 3 2 67 2 2 2 2 2 2 2 2 2 4 2 2 2 2 2 2 2 154 121 52 46 53 63 221 292 57 62 32 43 98 0 321 42 40 10 73 89 0 0 0 0 27 0 0 0 0 0 0 0 0 0 0 3 0 0 83 0 44 0 0 0 0 0 0 0 0 0 0 0 0 0 0 16 0 0 0 0 0 0 0 0 0 0 0 0 0 0 0 0 0 8 0 0 0 0 0 0 0 76 102 0 0 8 0 40 19 16 1 0 0 29 6 16 36 10 0 0 9 0 0 0 0 0 4 0 0 0 2 0 5 1 0 0 0 0 6 2 0 0 0 0 4 0 0 0 0 0 0 0 0 0 0 0 0 0 0 0 0 0 0 0 0 0 0 0 0 0 0 0 0 0 0 0 0 0 0 0 15 13 43 11 0 6 0 28 5 0 12 21 9 9 25 65 19 18 29 0 0 4 0 0 0 0 7 0 0 0 0 0 10 8 0 0 0 7 23 0 0 0 0 0 0 0 0 0 0 0 0 6 0 0 0 0 0 0 0 0 0 0 65 0 2 0 0 0 0 0 0 0 0 0 0 0 0 0 0 0 0 0 0 0 1 0 0 0 0 0 
 36 0 55 0 2 2 0 2 2 0 0 0 0 0 0 0 5 2 0 0 52 3 0 0 0 0 0 0 0 0 0 0 0 0 0 0 1 0 201 0 472 441 271 60 79 77 54 145 89 307 61 234 35 321 0 291 95 38 82 120 0 0 0 0 4 0 0 0 0 0 0 0 0 5 0 0 0 0 0 0 0 0 0 0 0 0 0 0 0 0 0 0 0 0 0 0 0 0 0 0 0 0 0 0 0 0 0 0 0 0 0 0 0 0 0 0 0 15 0 0 0 19 28 20 0 6 0 7 17 37 24 32 0 27 24 28 10 2 0 0 1 0 0 0 0 0 13 1 0 0 4 0 5 0 0 0 15 0 8 0 0 0 0 0 1 0 0 0 1 0 0 0 0 0 0 0 0 0 0 0 0 0 0 0 0 0 0 0 0 0 0 0 0 0 0 0 0 0 0 0 11 14 27 10 0 5 0 0 21 19 36 4 0 8 1 1 37 28 0 0 0 1 0 0 0 0 8 0 0 0 0 0 3 4 0 0 0 0 3 0 0 0 16 0 0 0 0 0 0 0 0 6 0 2 0 0 0 0 0 2 11 0 0 0 0 12 1 0 2 0 0 0 0 0 0 0 0 0 0 0 0 0 0 0 19 0 0 0 0 0 
 1 0 0 0 0 1 41 4 1 0 0 0 0 1 2 1 5 1 2 0 0 0 1 0 0 0 0 0 0 1 0 0 1 0 16 1 3 0 203 0 44 419 65 60 90 86 252 94 129 310 309 31 264 42 291 0 225 268 61 97 0 0 0 0 0 0 0 0 0 0 0 0 0 6 0 0 0 3 0 0 0 0 1 1 1 2 0 0 0 0 0 0 0 0 1 0 0 0 0 0 2 2 2 0 2 2 2 1 2 1 6 0 2 1 2 1 2 2 1 13 2 10 16 50 23 4 2 0 0 16 48 24 0 2 1 21 1 28 2 2 0 0 0 0 0 3 4 0 0 0 6 0 0 0 0 0 0 0 0 0 0 3 1 0 0 2 0 0 0 0 0 24 0 0 0 0 0 1 0 0 1 1 0 0 0 2 0 2 0 2 2 2 2 1 1 1 0 2 0 1 0 2 1 24 4 10 2 2 46 37 23 34 2 2 2 2 26 20 0 0 0 0 0 0 0 0 0 0 0 0 0 0 0 0 0 0 0 0 7 0 0 1 22 0 0 0 2 0 0 0 0 5 0 1 0 0 0 0 0 23 0 0 4 2 0 10 1 2 0 7 0 0 0 0 0 0 0 0 0 0 0 0 0 0 18 33 0 0 1 0 
 0 1 0 0 0 0 0 0 0 0 0 3 0 0 0 0 3 0 4 0 0 66 7 2 0 0 203 1 6 3 4 3 0 0 1 8 2 14 0 0 39 109 180 319 56 58 53 76 167 423 171 84 37 40 95 225 0 195 47 66 0 6 0 4 0 0 0 0 0 0 1 0 0 6 0 0 0 0 33 0 0 0 0 0 0 5 0 0 0 0 0 0 0 0 0 0 0 0 0 0 0 0 0 0 4 17 0 0 0 2 19 8 0 0 0 0 0 0 0 0 0 12 20 22 28 1 0 0 3 15 41 18 0 1 0 14 1 16 0 0 0 0 0 0 0 7 3 0 0 0 0 0 0 0 0 0 0 0 0 0 0 8 0 0 2 0 8 0 0 0 0 3 0 0 0 0 0 0 0 0 0 0 0 11 8 32 0 0 4 0 0 7 0 0 0 0 4 19 0 0 0 0 1 2 12 3 0 0 13 67 24 29 0 0 0 0 9 11 4 0 0 0 0 0 0 0 0 0 0 0 0 0 0 0 0 0 0 0 0 0 0 0 11 0 0 0 0 0 0 0 0 7 0 1 0 0 0 0 15 9 0 0 62 0 1 16 0 0 0 0 19 0 0 0 0 0 0 0 0 0 0 4 0 0 0 6 0 0 0 0 
 0 0 0 0 2 0 62 0 0 1 0 0 0 0 0 0 2 0 3 2 0 0 0 0 0 0 0 6 0 0 0 0 0 0 0 0 0 2 0 0 33 43 448 689 36 60 266 46 264 82 237 61 54 10 38 268 195 0 267 35 0 0 0 0 0 1 0 0 0 0 0 0 0 19 0 0 0 0 0 0 0 0 0 0 0 0 0 0 0 0 0 0 0 0 0 0 0 0 0 0 0 0 0 0 0 0 0 0 0 0 12 0 0 0 0 0 0 0 0 0 0 14 14 42 33 1 0 0 6 19 42 62 0 0 0 0 7 61 18 0 0 0 0 0 0 8 2 0 0 0 0 0 0 0 0 0 0 0 0 0 0 9 0 14 0 0 0 0 0 0 0 2 0 0 0 0 0 0 0 0 0 0 0 0 0 0 0 0 0 0 0 0 0 0 0 0 0 0 0 0 0 0 10 13 11 14 0 0 16 19 7 26 0 0 0 1 3 2 0 0 0 0 0 0 0 0 0 0 0 0 0 0 0 0 0 0 0 0 0 0 0 0 0 0 0 0 0 0 0 0 0 4 0 0 0 0 0 0 0 6 0 0 67 65 0 2 2 74 0 0 19 0 0 0 0 0 0 0 0 0 0 1 7 0 5 29 0 0 0 0 
 1 3 0 0 0 0 0 0 0 3 0 0 0 0 72 0 0 0 0 0 1 1 3 2 1 196 2 1 2 3 2 2 4 2 1 3 5 2 2 2 38 31 53 324 73 48 67 254 41 274 28 52 372 73 82 61 47 267 0 204 0 2 4 3 0 0 0 0 3 5 1 2 52 0 0 13 1 13 0 0 0 0 0 0 0 0 0 0 0 0 0 0 0 0 0 0 0 0 0 0 0 0 0 0 0 8 0 0 0 0 0 0 0 0 0 0 0 0 0 0 41 0 0 0 0 0 33 11 0 0 0 0 10 12 2 0 0 0 0 31 0 4 0 5 1 1 0 0 5 19 2 0 0 0 0 17 0 0 9 22 4 0 0 0 0 0 3 0 0 0 0 0 0 0 0 0 0 0 0 0 0 0 0 8 16 16 0 0 0 0 0 0 0 0 0 0 0 0 0 0 26 11 0 0 0 0 35 17 0 0 0 0 0 10 0 0 0 0 41 21 0 0 0 0 15 1 0 0 4 4 3 3 0 0 0 0 7 2 0 0 0 0 0 0 0 0 0 0 0 0 0 4 0 0 1 0 0 0 0 0 0 0 13 0 0 1 5 0 0 0 1 0 0 0 0 4 0 0 0 0 0 0 0 0 0 0 0 14 0 0 
 0 4 0 0 65 38 0 0 0 1 17 2 0 0 0 0 0 0 0 0 1 0 8 25 0 0 1 3 4 3 12 10 77 1 1 31 5 21 62 4 54 260 261 59 86 68 520 49 71 88 65 17 116 89 120 97 66 35 204 0 0 0 0 0 21 0 0 0 4 0 2 0 0 0 0 0 0 2 0 0 0 0 0 0 0 13 0 0 0 0 0 0 0 0 0 0 0 0 7 0 1 0 0 0 9 30 0 0 0 0 18 14 19 3 0 0 0 0 18 19 4 20 23 0 0 0 8 74 0 0 0 0 19 0 1 1 20 1 0 0 0 0 0 0 0 0 0 0 0 0 1 0 0 0 0 0 0 0 0 0 3 0 0 0 18 0 6 0 0 0 0 21 0 0 0 0 0 0 0 0 0 0 0 8 23 27 0 1 1 0 0 7 0 0 0 0 2 5 25 4 19 40 0 21 0 0 12 15 0 0 0 0 0 3 22 36 1 3 8 10 0 0 0 0 0 0 0 0 0 0 0 0 0 0 0 0 0 0 0 0 0 0 0 0 0 0 0 0 0 0 0 3 0 1 0 0 0 0 16 0 0 0 0 0 0 0 0 0 0 0 0 0 0 0 0 0 0 0 0 0 0 2 0 0 1 0 0 0 1 0 
 0 0 0 0 0 0 0 1 0 0 0 2 0 0 0 0 0 0 2 0 27 0 0 0 0 0 0 0 0 0 0 0 0 0 0 0 0 0 0 0 0 0 1 0 7 9 0 0 0 0 0 0 0 0 0 0 0 0 0 0 0 69 86 51 246 39 248 239 48 35 37 50 55 342 238 23 59 257 51 61 0 0 0 0 0 0 0 0 0 0 0 0 0 0 8 0 0 0 0 0 0 0 0 0 0 0 0 0 0 0 0 0 14 0 0 0 0 0 0 0 0 0 0 0 0 0 0 0 0 13 0 13 0 0 0 0 0 0 0 0 8 8 10 9 0 0 6 10 10 13 1 0 5 0 6 17 24 22 10 0 0 0 14 0 0 0 0 0 0 0 0 0 0 10 0 0 0 0 0 0 0 0 0 1 0 0 0 0 0 0 0 0 0 0 0 0 0 0 0 0 20 0 0 0 0 3 0 0 0 0 0 0 0 0 0 0 0 0 0 0 27 9 12 9 0 0 0 6 11 11 6 0 7 12 22 34 25 13 3 0 7 0 0 0 0 0 0 0 0 0 0 0 0 0 12 0 0 0 0 0 0 0 0 0 0 0 0 0 0 0 0 1 0 0 0 0 0 0 0 0 0 0 0 0 0 0 0 0 0 0 
 0 0 0 0 0 0 0 2 53 0 0 0 0 0 0 0 2 0 0 0 0 0 0 0 0 0 0 6 0 0 0 0 3 0 0 0 0 0 0 0 0 2 0 0 1 4 0 0 0 0 0 1 0 0 0 0 6 0 2 0 69 0 251 91 139 46 297 306 181 254 107 50 88 298 216 453 262 52 111 47 0 0 0 0 0 0 0 0 0 0 0 0 0 0 0 0 0 18 0 0 0 0 0 0 0 0 0 0 0 3 0 0 0 0 0 0 0 0 0 0 0 0 0 0 0 0 0 0 0 0 0 3 0 0 0 0 0 0 0 0 0 23 26 12 19 0 0 18 27 7 18 23 0 0 0 20 23 13 0 0 0 0 3 0 0 14 0 0 0 0 0 0 0 0 0 0 0 21 4 0 0 0 2 0 0 0 0 0 0 0 0 0 0 0 0 0 0 0 0 0 0 0 0 0 0 0 0 0 0 0 5 0 0 0 0 0 0 0 0 0 0 0 0 20 19 0 13 0 28 36 67 17 0 0 0 35 31 15 3 0 6 0 0 6 0 0 0 0 0 0 0 1 0 0 4 0 22 0 0 0 0 0 0 0 0 0 1 0 0 0 6 0 0 2 0 0 0 0 0 0 0 0 0 0 0 0 0 0 0 0 
