 0 300 75 61 29 29 508 398 34 40 23 29 35 184 386 27 33 258 46 62 2 0 4 0 0 3 1 6 0 0 3 6 4 3 0 0 0 4 6 2 0 2 0 5 0 4 0 0 0 0 5 3 0 5 0 2 5 6 0 0 0 0 3 0 3 0 0 0 0 0 3 3 49 3 3 1 0 5 0 0 22 31 3 0 0 0 0 50 5 0 1 0 0 28 33 13 16 0 4 40 0 0 0 0 0 0 0 0 3 0 0 0 0 0 0 0 0 0 0 0 0 0 0 0 0 0 0 0 0 0 0 0 0 0 0 0 0 0 0 0 0 0 0 0 0 0 0 0 0 0 0 0 0 0 0 0 0 0 1 0 40 37 17 6 0 0 2 16 34 1 20 0 0 49 16 17 42 0 0 6 0 0 0 0 0 0 0 0 0 0 0 0 0 0 0 0 0 5 0 0 0 0 0 0 0 0 0 0 0 0 0 0 0 0 0 0 0 0 0 0 0 0 0 0 0 0 0 0 0 0 0 0 0 0 0 0 0 0 0 0 0 0 0 0 0 0 0 0 2 0 0 6 1 0 0 0 0 1 0 0 0 0 0 0 0 0 0 0 0 0 0 0 0 0 0 0 0 0 0 0 0 0 0 0 0 0 0 0 0 0 
 300 0 488 38 59 463 82 674 446 128 34 40 53 93 413 227 302 47 40 36 79 0 2 0 0 0 1 1 0 0 3 2 0 0 0 0 0 3 0 0 0 2 0 0 0 2 0 0 0 64 0 0 29 0 0 0 2 0 0 0 0 1 0 0 0 0 0 0 0 0 0 0 0 0 0 0 0 0 0 0 10 7 25 18 2 0 0 19 54 36 28 1 0 1 17 42 41 28 1 0 0 0 0 0 0 1 0 0 0 0 0 0 0 0 1 0 0 0 0 0 0 1 1 0 0 0 0 0 0 0 0 0 2 0 0 0 0 0 0 0 0 0 0 0 7 0 0 0 0 0 0 0 0 0 8 0 0 0 0 0 15 69 1 28 10 0 0 0 30 31 18 0 0 36 42 80 43 25 0 0 0 0 0 0 0 2 0 0 2 0 0 1 9 0 0 0 0 0 0 0 0 0 0 0 0 0 0 0 0 0 0 0 0 0 0 0 0 0 0 0 0 0 0 0 0 2 0 0 0 0 0 0 0 0 0 0 2 0 0 2 0 0 0 0 0 0 1 0 0 0 0 0 0 0 0 0 0 0 0 0 0 0 0 0 0 0 0 0 0 0 0 0 0 2 0 30 0 0 0 0 0 0 0 0 0 0 0 0 0 0 
 75 488 0 77 23 44 75 82 185 321 58 38 172 57 70 134 561 438 36 16 2 1 4 0 2 3 2 2 78 0 6 4 0 0 0 0 3 6 0 0 0 2 0 2 2 0 0 9 0 0 2 0 0 2 67 0 4 0 0 0 0 0 0 3 3 0 0 0 3 3 3 0 0 0 9 3 3 0 0 0 0 0 27 15 0 9 0 1 42 55 35 19 0 0 18 41 29 71 0 0 0 0 0 0 2 2 0 0 0 0 2 0 0 0 0 0 0 0 0 0 1 0 0 0 0 0 0 0 0 0 0 0 0 0 0 0 0 14 0 0 0 2 2 0 7 0 0 0 0 0 0 0 0 0 5 0 0 7 0 0 0 13 4 52 11 56 6 0 99 27 41 47 0 0 22 42 11 38 0 0 0 0 0 0 14 0 0 0 0 0 11 0 0 0 0 0 0 0 3 0 0 0 0 0 0 0 15 0 0 0 0 0 0 0 0 0 0 0 0 0 0 0 0 0 0 0 0 0 0 0 0 0 0 0 0 0 0 0 0 0 0 1 0 0 0 0 2 0 0 6 0 1 27 0 0 0 0 0 0 0 0 0 0 0 0 0 0 0 0 0 0 0 0 0 0 31 14 16 0 0 0 0 0 0 0 0 0 0 0 0 
 61 38 77 0 109 29 165 149 78 370 197 395 272 91 145 50 223 411 94 64 2 0 2 0 0 0 6 0 0 0 3 0 0 0 0 2 0 3 74 0 0 2 0 0 0 0 0 7 0 0 0 0 0 0 0 0 2 0 0 0 0 0 0 0 0 0 0 0 0 0 0 0 0 0 0 0 0 61 0 0 0 0 10 39 53 8 0 0 0 28 24 104 0 0 0 0 10 18 0 0 1 0 0 13 0 0 0 0 0 0 0 0 0 0 0 0 0 1 22 0 0 2 1 0 0 1 0 0 0 0 0 7 0 0 0 0 0 0 0 0 36 0 0 0 0 0 0 0 0 0 0 0 0 0 3 0 0 6 0 0 1 0 15 30 16 20 0 0 0 15 9 99 0 0 0 2 0 21 16 0 0 0 2 0 0 2 0 0 0 0 0 0 20 0 0 0 0 0 28 0 0 0 0 0 0 0 0 0 2 0 1 0 0 0 0 0 0 0 0 0 0 0 0 0 0 2 0 0 1 0 0 1 0 0 0 0 0 0 1 1 0 16 0 0 0 2 17 0 3 35 2 4 12 0 0 1 0 0 0 0 1 0 10 0 0 0 0 0 0 0 0 0 0 2 0 0 11 23 0 0 0 0 0 0 0 0 0 0 0 0 
 29 59 23 109 0 411 162 157 300 83 309 306 90 77 77 334 82 34 85 81 0 3 2 0 0 0 2 0 2 4 3 0 2 0 1 3 73 3 74 0 0 5 2 0 0 2 0 3 3 62 0 0 0 0 0 0 14 0 0 3 0 0 0 0 35 0 1 1 0 0 0 0 0 0 0 0 2 2 0 0 0 19 0 11 53 11 0 0 0 0 0 38 14 0 0 0 8 1 0 1 37 0 0 0 0 2 10 0 6 0 0 0 41 1 0 0 0 0 29 70 0 14 0 0 0 0 0 0 0 0 0 0 0 0 0 0 0 0 0 0 0 0 0 1 0 0 0 0 0 0 0 12 0 0 0 0 0 0 0 0 0 0 0 0 33 17 0 0 6 0 1 1 0 0 2 0 0 0 14 0 1 0 0 0 0 0 13 12 0 0 0 0 30 0 0 2 0 0 5 0 0 0 0 9 0 0 0 0 0 30 0 0 0 0 0 0 0 0 0 1 0 0 0 0 0 0 0 1 0 0 0 0 0 0 0 0 0 0 0 0 0 0 0 0 0 2 4 0 0 8 0 0 0 0 2 0 0 1 0 0 0 0 10 1 0 0 0 0 0 0 0 0 0 0 0 0 0 1 0 0 0 0 0 0 0 0 0 0 0 0 
 29 463 44 29 411 0 263 261 45 288 107 49 48 148 79 375 60 81 64 100 19 2 3 0 41 2 1 0 0 0 3 0 3 0 0 0 2 4 320 73 0 2 65 0 0 2 0 0 0 0 0 0 0 1 0 0 9 0 0 52 0 0 0 0 40 0 0 0 0 0 0 0 0 0 0 0 0 0 0 0 0 0 0 0 28 22 0 0 0 0 0 1 0 0 0 0 0 0 0 0 50 0 0 0 0 0 16 1 0 0 0 0 77 11 0 0 2 0 20 41 0 14 0 0 0 6 0 1 0 0 0 0 0 0 0 0 0 0 0 0 0 0 0 1 0 0 0 0 0 0 0 0 0 0 0 0 0 1 1 1 0 0 2 0 11 16 0 0 8 0 0 0 0 0 0 7 0 0 0 0 3 0 0 0 0 0 46 0 0 0 0 0 25 26 0 0 0 0 19 31 0 2 1 0 0 0 0 0 0 17 0 0 0 0 0 0 0 0 0 16 0 0 0 0 0 0 0 0 0 0 0 1 0 0 0 0 0 0 0 0 0 0 0 0 0 11 0 0 1 0 5 0 0 0 0 0 0 0 0 0 0 0 0 0 0 0 0 0 0 0 0 0 0 0 0 0 0 0 0 0 0 0 0 0 0 0 0 0 0 0 
 508 82 75 165 162 263 0 106 33 40 200 44 361 598 25 38 43 34 71 421 0 0 3 2 0 0 3 1 2 6 3 3 3 2 0 0 1 3 0 0 0 2 2 0 0 3 4 0 0 0 0 0 66 2 0 0 2 0 2 0 2 0 3 0 0 6 0 0 0 0 0 0 0 0 0 0 0 0 1 0 27 76 9 0 0 0 18 50 3 0 0 0 35 27 40 10 0 1 36 80 0 0 0 0 0 0 0 0 0 0 0 0 0 0 0 0 6 0 0 0 0 0 0 0 0 0 0 0 0 0 0 0 12 0 0 0 0 0 0 0 0 0 0 0 18 0 0 0 0 0 0 0 1 0 0 0 0 0 0 0 27 24 21 0 0 0 11 71 16 0 0 0 4 31 17 0 16 0 1 13 0 0 0 0 0 0 0 0 0 0 0 0 2 0 1 1 0 0 0 0 0 0 0 0 0 0 0 0 0 0 0 0 0 0 0 0 0 0 0 0 0 0 0 2 0 0 0 2 0 0 0 0 0 0 0 0 0 0 0 0 0 0 0 0 0 2 0 0 0 0 0 0 0 0 0 0 0 0 0 0 0 0 0 0 0 0 0 0 0 0 0 0 0 0 0 0 0 0 0 0 0 0 0 0 0 0 0 0 0 0 
 398 674 82 149 157 261 106 0 67 46 59 49 420 457 180 122 50 185 63 36 0 0 3 0 0 0 2 0 0 0 80 1 0 0 0 5 0 3 0 0 0 2 0 0 0 0 0 0 0 0 0 0 0 0 0 0 2 0 0 0 0 0 1 0 0 0 0 0 0 0 0 0 0 0 0 0 0 0 0 0 17 36 49 2 0 0 0 58 42 7 17 1 0 1 21 55 34 2 0 1 0 0 0 0 0 12 0 0 0 0 0 0 0 0 0 0 1 0 0 0 0 0 0 0 0 0 0 2 0 0 0 0 0 0 0 0 0 0 0 0 0 0 0 2 1 0 0 0 0 0 0 0 0 0 0 1 0 2 2 2 17 37 14 6 0 0 0 19 41 10 36 0 1 40 35 25 28 2 0 1 0 0 0 0 0 0 0 0 0 0 0 0 0 2 0 0 0 0 1 0 6 0 2 0 0 0 0 0 0 0 0 0 0 0 0 0 15 2 0 0 0 0 0 0 0 0 0 0 0 0 0 2 0 0 0 0 0 0 0 0 0 0 0 0 0 0 0 0 0 0 0 0 0 0 0 0 0 0 0 0 0 0 0 0 0 0 0 0 0 0 0 0 0 0 0 13 0 0 0 0 0 0 0 0 0 0 0 0 0 0 
 34 446 185 78 300 45 33 67 0 561 54 241 184 101 157 173 333 398 108 86 0 1 3 1 0 0 4 1 1 0 5 1 2 0 0 0 0 8 0 0 0 4 0 0 0 0 0 3 0 0 66 0 0 0 0 0 2 0 0 0 0 0 0 0 0 0 3 0 0 0 0 0 0 0 0 0 0 47 0 44 0 0 27 14 0 0 0 0 53 93 36 21 0 0 15 37 27 33 0 8 0 0 2 0 0 0 0 0 0 0 0 0 0 0 0 0 0 0 0 0 0 0 0 0 0 0 0 1 0 0 0 0 0 0 0 0 0 0 0 0 0 0 0 0 9 0 0 0 0 0 0 0 0 0 11 0 0 7 0 0 0 12 9 32 11 33 0 0 36 36 60 31 0 0 25 50 9 34 0 0 0 0 0 0 0 0 0 0 0 0 0 0 31 1 0 0 0 0 0 0 0 0 1 0 0 0 0 0 0 0 0 0 0 0 0 0 0 0 0 0 0 0 0 0 0 0 0 0 0 0 0 1 0 0 11 0 0 0 0 0 0 0 0 0 0 1 2 0 0 3 0 0 27 0 2 0 0 0 0 0 0 0 0 0 0 0 1 0 0 0 0 0 0 0 0 33 13 11 0 0 0 0 0 0 0 0 0 0 0 0 
 40 128 321 370 83 288 40 46 561 0 370 151 255 96 131 262 329 179 83 126 2 0 4 1 0 0 1 0 0 0 3 1 0 0 0 77 0 6 0 0 0 2 0 0 0 0 0 8 0 0 2 0 0 1 3 0 2 0 0 0 0 0 43 0 0 0 0 0 0 0 0 0 2 0 0 0 0 0 0 0 0 1 14 66 3 6 0 0 1 68 42 29 0 0 0 20 23 59 0 0 0 0 1 0 0 0 0 0 0 0 0 0 12 0 0 0 0 0 5 0 0 2 0 0 0 0 0 2 0 0 0 0 0 2 0 0 0 0 0 0 0 0 0 0 6 0 0 5 0 0 0 0 0 0 11 0 0 6 0 0 0 19 20 54 10 34 0 0 0 23 10 48 0 0 0 23 0 25 2 0 0 0 0 0 0 0 0 0 0 0 0 0 16 2 0 0 0 0 17 0 0 0 2 0 0 0 0 0 0 0 0 0 0 0 0 0 0 0 0 0 0 0 0 0 0 0 0 0 0 0 0 2 0 0 8 0 0 0 0 0 0 14 0 0 0 0 174 0 2 127 0 2 14 0 1 0 0 0 0 0 0 0 0 0 0 0 0 0 0 0 0 0 0 0 0 14 16 2 0 0 0 0 0 0 0 0 0 0 0 0 
 23 34 58 197 309 107 200 59 54 370 0 534 49 52 545 311 288 776 53 57 0 0 3 1 0 0 2 0 0 1 3 0 0 0 0 0 0 3 1 1 0 2 0 0 0 0 0 5 0 0 0 0 0 1 0 0 2 63 0 0 0 0 0 0 0 0 0 0 0 0 0 0 0 0 0 0 0 0 0 0 0 0 28 33 58 14 0 0 0 66 18 49 0 0 0 0 12 25 0 0 0 17 0 0 2 0 0 0 0 0 0 0 0 18 2 0 9 0 34 0 0 11 11 0 0 0 0 0 0 0 0 16 1 0 0 0 0 0 0 0 0 1 2 10 1 0 0 0 0 0 0 0 16 0 7 0 0 6 0 0 0 0 38 19 19 81 0 0 0 14 11 44 0 0 0 2 0 16 4 0 0 2 0 0 0 0 0 0 0 0 0 0 13 0 0 0 0 0 14 0 0 0 0 0 0 0 0 0 0 0 0 0 0 0 0 0 0 0 0 0 0 0 0 0 0 0 0 0 0 0 0 0 0 6 0 0 1 0 0 0 0 11 0 0 0 2 94 0 1 67 0 11 15 0 2 0 0 0 0 0 0 0 10 0 0 0 0 0 0 0 0 0 43 0 0 0 13 21 0 0 1 0 0 0 0 0 0 0 0 2 
 29 40 38 395 306 49 44 49 241 151 534 0 123 26 34 30 85 83 46 43 0 1 2 0 0 1 1 0 2 0 3 0 2 0 0 0 2 4 0 0 0 2 0 0 0 2 0 5 0 0 0 0 0 0 0 0 2 0 0 0 0 2 0 0 37 0 0 0 0 0 0 0 0 0 0 0 0 0 0 0 0 0 13 34 56 12 0 0 0 17 15 33 0 0 3 0 0 1 1 0 2 0 0 0 0 0 0 0 0 0 0 0 18 0 1 0 0 1 17 0 0 13 0 0 0 0 0 0 0 0 0 0 2 0 0 0 0 0 0 0 0 0 0 0 0 0 0 0 0 0 0 0 0 22 5 0 0 0 0 0 0 0 17 0 65 64 0 0 5 1 3 18 0 0 0 0 0 0 2 0 0 0 0 0 0 0 0 0 2 0 1 1 17 0 0 0 0 0 39 0 0 0 0 0 0 0 0 0 0 0 0 0 0 0 0 0 0 0 0 0 0 0 0 0 9 0 0 0 0 0 0 0 0 0 0 0 2 0 0 2 0 14 0 0 0 1 173 0 1 172 0 0 0 0 0 0 0 0 0 0 0 0 3 0 0 0 0 0 0 0 0 0 0 0 0 0 0 0 0 0 0 0 0 0 0 0 0 0 0 0 
 35 53 172 272 90 48 361 420 184 255 49 123 0 101 136 332 132 51 286 96 2 0 4 2 21 4 1 2 0 2 3 3 0 3 0 5 1 5 3 0 0 2 2 0 0 6 7 2 0 3 0 0 0 1 4 0 2 2 3 4 0 55 9 0 0 4 0 0 4 4 0 0 2 0 3 3 0 0 0 0 23 48 0 0 0 0 13 10 0 0 13 1 31 32 110 1 33 25 16 19 0 0 0 0 0 0 0 0 0 0 0 0 0 0 0 0 2 0 0 2 0 0 0 0 0 0 11 0 0 0 0 0 0 0 0 0 0 0 13 0 0 0 3 1 5 0 0 0 0 0 0 0 0 0 1 2 0 1 1 1 0 47 2 7 0 0 29 1 0 0 0 0 16 15 11 47 0 11 7 14 0 0 12 0 0 15 0 0 0 0 0 0 0 0 0 0 0 0 19 0 0 0 0 0 0 0 1 0 0 0 0 2 0 0 0 0 0 0 0 0 0 0 2 6 15 0 0 11 0 0 0 0 0 0 0 0 0 0 0 0 0 0 0 0 0 2 0 2 1 0 0 11 0 0 0 0 0 0 0 0 0 0 0 0 0 0 0 0 0 0 0 0 0 0 0 14 0 0 0 0 0 0 0 0 0 0 0 0 0 0 
 184 93 57 91 77 148 598 457 101 96 52 26 101 0 463 47 251 53 92 153 0 3 3 2 2 3 1 0 0 2 4 2 0 0 0 2 6 6 4 2 0 3 0 3 2 13 6 0 0 4 0 2 8 2 0 4 5 2 0 4 3 0 0 3 0 0 4 4 6 0 0 3 1 0 53 0 4 0 0 0 21 36 12 0 0 0 0 48 4 0 4 1 0 31 30 9 22 14 4 52 0 0 0 21 0 0 0 0 3 0 0 0 0 0 0 0 2 0 0 2 0 0 0 0 0 0 0 1 0 0 0 0 0 0 0 0 0 0 0 0 0 0 0 1 0 0 0 0 0 0 0 0 0 0 0 0 0 0 0 1 32 44 16 4 16 0 0 32 11 0 15 0 0 44 17 21 27 0 0 1 0 0 0 0 0 0 0 0 0 1 0 0 0 1 0 0 0 0 2 0 0 0 1 0 0 0 0 0 0 0 0 0 0 0 0 0 0 1 0 0 0 0 0 0 0 0 0 0 0 0 0 0 0 0 0 0 0 0 0 0 0 0 0 0 0 2 0 2 0 0 0 0 0 0 0 0 0 0 0 0 0 0 0 0 0 0 1 0 0 0 0 0 0 50 10 13 0 0 0 0 0 0 0 0 0 0 0 0 0 14 
 386 413 70 145 77 79 25 180 157 131 545 34 136 463 0 160 44 54 81 213 0 0 5 0 0 0 2 1 0 0 3 1 0 0 0 0 0 3 0 0 0 2 0 0 0 0 0 0 0 0 0 0 0 1 0 0 2 0 0 0 0 0 3 0 0 0 0 0 0 0 0 0 0 0 0 0 0 0 0 0 26 22 41 2 0 0 0 39 48 7 17 0 0 1 19 33 49 1 0 1 0 0 0 0 0 0 0 0 0 0 0 0 0 0 0 0 0 0 0 0 0 0 0 0 0 0 1 0 0 0 0 0 6 0 0 0 15 0 0 0 0 0 0 0 0 0 0 0 0 0 0 0 0 1 0 0 0 0 0 0 17 33 12 5 0 0 1 19 39 10 11 6 0 40 38 16 29 2 13 1 1 0 0 2 0 0 0 0 0 0 0 0 0 0 0 0 0 0 1 0 1 0 0 0 0 0 1 1 0 0 0 0 0 0 0 0 1 0 0 0 0 0 0 0 0 0 0 0 0 0 0 0 0 0 0 0 0 0 0 0 0 0 11 0 0 2 2 2 3 0 0 1 0 2 0 0 0 0 0 0 0 0 0 0 0 0 0 0 0 0 0 0 0 0 0 17 0 0 0 0 0 0 0 0 0 0 0 0 0 0 
 27 227 134 50 334 375 38 122 173 262 311 30 332 47 160 0 250 212 53 290 0 1 3 0 0 0 2 1 0 1 3 1 0 0 74 0 0 3 0 0 0 27 0 0 0 0 0 2 0 0 0 0 0 1 20 0 2 5 0 0 4 0 0 0 0 0 0 0 0 0 0 0 0 0 0 0 0 0 0 21 25 0 48 26 0 0 0 10 32 35 34 17 0 0 17 27 13 42 0 0 0 0 0 0 0 0 0 0 0 0 1 0 0 1 0 0 0 0 0 0 20 0 0 0 0 0 0 0 0 0 0 0 0 0 0 5 0 0 0 0 0 0 0 0 13 0 0 0 0 0 0 0 0 0 8 0 0 7 0 0 0 0 0 64 1 12 0 0 15 9 11 26 0 0 23 9 0 15 0 0 0 0 0 0 0 0 14 0 0 0 0 0 0 0 0 0 0 0 7 0 0 0 0 0 0 0 0 0 0 0 0 0 0 0 0 0 0 0 0 2 0 0 0 0 0 0 0 0 0 0 0 0 0 0 0 0 0 0 6 0 0 2 0 0 0 0 2 0 1 1 0 0 0 0 0 0 0 0 0 0 0 0 0 0 0 0 0 0 0 0 0 0 0 0 0 13 0 13 0 0 0 0 0 0 0 0 0 0 0 0 
 33 302 561 223 82 60 43 50 333 329 288 85 132 251 44 250 0 295 51 23 0 2 2 0 0 1 4 0 0 0 3 1 0 0 0 0 0 3 208 0 0 2 0 0 0 2 0 15 0 0 0 0 0 0 0 0 2 0 0 0 0 0 0 0 0 0 0 0 0 0 0 0 0 0 0 0 0 0 24 0 1 2 18 17 15 11 0 0 17 42 48 35 0 0 14 34 20 71 0 0 0 0 0 0 0 0 0 0 0 0 0 0 0 0 23 0 20 12 7 0 0 1 0 0 0 0 0 0 2 0 0 0 0 0 0 0 0 0 0 0 0 0 0 1 13 0 0 0 0 1 0 0 0 1 4 0 0 4 14 0 0 0 3 77 11 18 0 0 44 25 39 30 0 0 22 40 1 52 3 0 0 0 0 0 0 0 2 0 0 0 0 0 2 0 0 0 0 0 9 0 0 0 0 0 0 0 0 0 0 0 0 0 0 0 0 0 0 0 0 0 2 0 0 0 0 0 2 0 0 0 0 0 0 0 0 1 0 0 0 0 0 0 0 0 0 0 0 2 1 177 2 4 22 0 0 0 0 0 0 0 0 0 1 0 0 0 0 0 0 0 0 0 0 0 0 13 9 13 0 0 0 0 0 0 0 0 0 0 0 0 
 258 47 438 411 34 81 34 185 398 179 776 83 51 53 54 212 295 0 30 35 0 0 3 0 0 2 1 0 0 74 3 1 79 0 0 0 0 3 5 0 0 2 2 0 0 2 2 9 0 0 0 0 2 0 0 0 4 0 0 0 0 0 0 53 0 6 2 3 2 0 0 0 0 0 6 3 0 0 0 0 0 1 52 34 24 26 1 0 5 58 33 27 0 0 0 24 23 89 0 0 0 0 0 0 0 0 0 0 0 0 0 0 0 0 0 0 0 0 7 0 0 0 18 0 0 0 0 0 0 0 0 0 0 0 0 0 0 0 0 0 0 0 0 0 5 0 0 0 0 43 0 0 2 2 5 0 0 4 0 0 0 0 27 28 11 65 17 0 11 15 27 38 0 0 2 48 2 36 3 0 0 0 0 0 0 0 0 0 0 22 0 0 0 0 2 0 0 0 22 0 0 0 1 0 0 0 0 0 0 0 0 0 0 0 0 0 0 0 0 0 0 0 0 0 0 0 1 0 0 0 0 0 0 0 0 2 0 0 0 0 0 14 0 0 0 3 173 0 0 184 0 25 24 42 0 0 0 0 0 0 0 0 0 0 0 0 0 0 0 0 0 0 0 7 0 13 10 14 0 0 0 0 0 0 0 0 0 0 0 0 
 46 40 36 94 85 64 71 63 108 83 53 46 286 92 81 53 51 30 0 404 0 0 3 0 2 0 2 0 0 0 3 1 76 0 0 1 1 41 0 0 0 2 0 0 0 3 8 0 0 0 0 0 0 2 0 0 2 1 0 0 3 0 7 0 0 0 0 40 0 0 0 0 0 0 47 0 0 2 2 0 41 13 1 0 0 0 53 41 0 0 0 0 59 2 8 0 0 0 51 28 0 0 0 0 0 0 0 0 0 0 0 0 0 0 0 0 0 0 0 0 0 0 0 0 0 0 0 0 0 0 0 0 0 0 0 0 22 0 0 0 0 0 0 35 0 0 0 0 0 0 0 0 0 0 0 2 0 1 1 0 2 12 0 0 0 0 46 28 0 0 0 0 30 1 0 0 0 0 34 34 0 0 0 0 0 0 0 0 0 0 0 0 0 0 0 0 0 0 0 1 1 0 0 0 0 0 1 0 0 0 0 2 0 0 0 0 1 0 0 0 0 0 2 0 0 0 0 0 0 0 0 0 0 0 0 0 0 0 0 0 0 0 0 0 0 0 0 0 1 0 2 5 0 0 0 0 0 0 0 0 0 0 0 0 0 0 0 0 0 0 0 0 0 0 0 0 0 0 0 0 0 0 0 0 0 1 0 0 0 0 
 62 36 16 64 81 100 421 36 86 126 57 43 96 153 213 290 23 35 404 0 2 0 2 0 0 0 1 0 0 0 3 2 0 0 0 0 0 6 0 0 0 2 0 62 0 2 9 0 0 0 0 0 0 0 0 0 2 0 0 0 0 0 25 0 0 0 0 0 0 0 0 0 5 0 0 0 0 0 0 0 54 23 9 0 0 0 15 13 0 0 0 0 37 44 30 1 0 0 24 68 0 0 0 0 0 0 0 0 0 0 0 0 0 0 0 0 0 0 0 0 0 0 0 0 0 1 0 0 0 0 0 0 0 0 0 0 0 0 0 0 0 0 0 0 0 1 0 0 0 0 0 0 0 11 0 0 0 0 0 0 14 18 0 0 0 0 45 13 0 0 0 0 36 1 0 0 0 0 6 23 0 0 0 0 0 0 0 0 0 0 0 0 0 0 17 0 14 2 0 0 0 0 0 0 0 0 0 0 0 0 0 0 0 0 0 0 0 0 0 0 0 0 0 0 0 0 0 0 0 0 0 0 0 0 0 0 0 0 1 0 0 0 0 0 0 3 2 0 1 0 1 0 0 0 0 0 0 0 0 0 0 0 0 0 0 0 2 0 0 0 0 0 0 0 0 0 0 0 0 0 0 0 0 0 0 0 0 0 0 0 
 2 79 2 2 0 19 0 0 0 2 0 0 2 0 0 0 0 0 0 2 0 166 68 30 23 81 324 458 33 53 57 30 107 100 381 256 18 28 258 110 0 0 0 0 13 2 0 0 0 61 0 3 0 0 0 0 0 2 2 2 0 0 0 0 6 0 0 0 0 0 0 14 0 0 7 0 0 3 1 0 0 0 1 0 0 0 0 0 0 0 0 0 0 0 0 0 0 26 0 0 10 39 0 11 0 0 0 20 1 40 0 0 0 28 24 32 9 13 0 11 0 0 0 0 0 0 0 0 0 0 0 0 0 0 0 0 0 0 0 0 0 0 0 0 2 0 0 0 0 3 0 0 0 0 3 2 0 0 0 2 0 0 0 0 0 0 0 0 0 0 0 0 0 0 0 0 0 0 0 0 30 47 26 1 0 0 10 44 23 35 1 1 1 19 56 47 22 1 0 1 0 0 0 0 0 0 18 0 0 0 0 0 0 0 0 0 0 1 0 0 0 0 0 0 1 0 0 0 0 0 0 0 2 0 0 0 0 0 2 0 0 0 0 0 0 1 0 0 0 0 0 0 0 0 12 0 0 0 0 1 2 0 0 0 0 0 0 0 0 0 0 0 0 0 0 0 0 0 0 0 0 0 0 0 0 0 0 0 0 0 
 0 0 1 0 3 2 0 0 1 0 0 1 0 3 0 1 2 0 0 0 166 0 339 58 99 144 558 372 302 33 42 45 350 81 296 272 190 67 45 146 0 2 0 68 3 4 0 0 0 0 56 7 4 2 0 4 3 0 2 2 0 0 0 5 3 0 0 1 2 7 52 63 0 0 0 3 5 3 22 0 0 0 0 0 0 0 0 0 0 0 0 0 0 0 0 0 0 0 0 0 0 22 14 31 0 0 0 18 26 21 37 1 0 10 0 27 25 22 0 0 0 0 0 0 0 0 2 0 0 0 0 0 0 0 0 0 0 0 0 0 0 0 0 2 0 0 0 0 0 0 0 0 0 1 0 0 0 0 1 0 1 0 0 0 1 0 0 0 0 0 0 0 0 0 0 0 0 0 0 0 0 0 25 16 12 0 0 27 24 40 17 9 0 12 0 13 8 34 0 0 2 0 0 0 0 0 0 2 0 0 0 1 0 0 0 0 0 16 0 0 0 0 0 0 0 0 12 0 0 0 0 0 0 0 0 0 0 0 0 0 0 0 0 0 0 0 0 0 0 0 0 23 0 0 2 2 2 0 2 0 0 10 0 0 0 0 17 0 0 0 0 0 0 1 0 3 0 0 0 0 0 0 0 0 0 0 0 4 0 0 
 4 2 4 2 2 3 3 3 3 4 3 2 4 3 5 3 2 3 3 2 68 339 0 99 31 40 94 101 353 351 66 48 60 45 34 203 163 331 34 58 0 0 0 0 0 53 0 1 0 0 0 4 0 0 0 0 0 0 31 1 0 0 0 0 1 0 0 0 0 0 0 0 0 0 0 0 0 3 10 0 0 0 0 0 0 0 0 0 0 0 0 0 0 1 37 0 0 0 0 0 0 0 61 37 0 1 0 3 75 38 41 88 2 2 0 26 34 31 0 0 0 0 0 0 0 0 0 0 30 0 0 0 0 0 0 0 15 0 0 0 0 0 0 3 0 0 0 1 0 0 0 0 0 0 2 0 0 0 0 0 0 0 0 20 0 0 0 2 1 0 0 0 0 0 0 0 19 0 0 0 0 0 25 27 6 34 0 13 40 42 33 63 12 0 0 0 32 61 0 0 0 0 0 0 0 0 0 0 0 0 0 0 7 0 0 0 0 0 0 1 0 0 0 0 0 0 0 0 0 2 0 1 0 0 0 0 0 0 0 0 0 0 34 0 0 0 0 0 0 0 0 0 0 1 3 2 0 6 3 0 53 13 0 0 0 0 18 0 0 0 0 2 0 0 0 0 0 6 0 0 0 16 0 0 0 0 0 0 0 0 
 0 0 0 0 0 0 2 0 1 1 1 0 2 2 0 0 0 0 0 0 30 58 99 0 89 23 78 82 71 401 346 280 48 67 61 294 135 352 55 55 0 0 0 0 0 6 0 0 0 0 0 3 0 0 0 0 0 1 2 1 0 0 0 0 1 0 0 0 0 6 0 0 0 0 0 3 5 5 3 0 0 0 0 0 0 0 0 0 0 0 0 0 0 0 3 0 0 0 0 0 0 0 33 65 62 44 0 0 21 0 33 49 0 17 0 0 10 3 0 0 0 0 0 0 0 0 0 0 0 0 0 0 11 0 0 0 0 0 34 2 0 0 3 0 0 0 0 0 0 0 0 0 0 17 0 0 2 0 0 0 0 0 0 0 0 1 0 0 0 0 4 0 0 0 0 0 0 0 0 0 0 0 0 19 31 26 0 2 0 0 25 36 0 0 0 0 24 0 1 0 0 0 0 0 0 0 1 0 0 0 0 0 9 0 0 0 0 0 27 15 0 11 0 0 0 0 0 0 0 0 0 0 0 1 0 0 0 0 0 0 0 0 13 0 0 0 0 0 0 0 0 0 0 0 6 2 0 8 105 1 13 0 0 0 0 6 0 0 0 2 0 0 0 0 0 0 0 0 0 0 0 28 0 2 0 0 21 0 0 0 
 0 0 2 0 0 41 0 0 0 0 0 0 21 2 0 0 0 0 2 0 23 99 31 89 0 285 43 85 63 57 104 258 74 51 48 82 55 39 54 56 0 0 2 0 0 0 0 0 0 0 0 65 0 0 0 0 0 0 2 2 50 0 0 0 2 0 0 0 0 0 0 0 0 0 0 5 2 3 0 0 0 0 0 0 0 0 25 0 0 0 0 0 0 0 0 0 0 0 0 0 0 0 0 0 23 12 0 0 0 0 0 12 0 0 0 0 0 0 0 0 10 0 0 0 0 0 23 0 0 0 0 0 25 0 0 0 0 0 61 16 0 0 0 0 0 14 0 0 0 0 0 0 0 0 0 30 0 0 0 0 2 0 0 0 0 0 0 0 0 0 1 0 0 0 0 2 0 0 5 0 0 1 0 0 13 21 0 0 0 0 0 6 0 0 0 0 0 0 0 0 11 0 0 0 0 0 7 0 0 0 0 0 9 53 0 9 0 0 24 26 0 0 1 2 0 0 0 0 0 0 0 0 0 0 0 0 0 0 0 0 0 0 0 0 0 0 0 0 0 0 0 0 0 0 6 0 0 2 1 0 3 0 0 0 0 0 0 0 0 0 0 0 0 0 0 0 0 0 0 0 0 0 0 0 0 0 13 0 0 0 
 3 0 3 0 0 2 0 0 0 0 0 1 4 3 0 0 1 2 0 0 81 144 40 23 285 0 38 27 53 71 94 57 29 233 37 52 78 55 45 41 1 0 0 0 0 0 0 0 0 0 0 3 0 0 0 0 0 0 206 1 0 0 0 0 3 0 0 0 0 0 0 0 0 0 0 8 0 3 43 0 0 0 0 0 0 0 0 2 0 0 0 0 0 0 0 0 0 0 0 0 0 0 0 0 27 0 0 0 2 0 0 1 0 0 0 0 0 0 0 0 2 1 0 2 0 2 29 7 0 0 0 0 27 10 0 1 0 0 25 34 0 0 0 0 0 0 0 0 0 0 0 2 0 0 0 0 0 0 0 0 9 0 0 0 1 0 0 0 0 0 0 0 0 0 0 0 0 0 0 0 0 0 0 0 8 64 0 0 0 0 0 0 0 0 0 0 0 2 0 0 17 12 0 0 0 0 56 14 0 0 0 0 142 15 1 0 0 0 59 36 0 0 0 0 0 0 0 0 0 0 0 0 0 0 0 0 2 0 0 0 0 0 0 0 0 3 0 0 0 0 0 13 0 0 8 1 1 0 0 0 0 0 0 0 0 0 0 0 0 0 0 0 0 0 0 0 0 0 0 0 0 0 0 0 0 0 0 0 0 0 
 1 1 2 6 2 1 3 2 4 1 2 1 1 1 2 2 4 1 2 1 324 558 94 78 43 38 0 93 105 25 209 21 587 500 64 50 36 15 55 264 0 66 0 1 0 1 0 0 0 0 0 4 0 0 0 0 1 0 2 7 0 0 0 0 7 0 1 0 0 0 0 2 26 0 5 0 0 3 4 3 0 0 0 0 0 0 21 0 0 0 0 0 0 0 0 0 0 0 0 0 1 1 0 1 0 0 13 0 0 0 0 0 0 3 66 9 0 0 4 5 0 0 0 0 0 0 2 0 0 0 0 0 0 0 0 0 0 1 0 0 0 0 0 0 0 0 7 0 4 0 0 0 0 0 0 0 0 0 1 0 2 0 0 0 2 0 0 0 0 0 0 0 13 0 0 4 0 0 0 0 26 24 12 0 1 0 9 28 0 0 0 0 13 26 13 44 25 1 0 59 2 0 0 0 0 0 0 2 0 0 0 2 0 0 0 0 0 0 18 0 0 0 11 0 0 0 2 0 0 0 0 0 0 0 1 0 0 0 0 0 0 0 0 0 0 0 2 0 0 2 0 0 0 0 2 1 1 0 0 2 0 0 1 0 0 0 0 0 0 0 0 0 0 0 0 0 0 0 0 0 0 0 0 0 0 0 0 0 0 0 
 6 1 2 0 0 0 1 0 1 0 0 0 2 0 1 1 0 0 0 0 458 372 101 82 85 27 93 0 256 62 31 27 76 388 144 50 35 35 67 115 0 5 0 0 0 1 0 0 0 1 0 3 0 0 0 0 0 205 2 0 0 0 0 0 3 31 0 0 0 0 0 1 0 0 1 0 0 3 5 3 0 0 0 0 0 0 0 0 0 0 0 0 0 0 8 0 0 16 0 2 10 70 9 22 0 0 2 28 34 49 7 0 0 32 9 57 26 11 0 0 0 0 0 0 0 0 0 0 0 2 0 0 0 0 0 0 0 0 0 0 1 0 0 0 0 0 0 0 0 12 2 0 0 0 0 0 0 0 0 0 9 0 2 0 0 0 0 0 0 2 1 0 0 0 0 0 0 0 0 0 10 23 38 20 16 0 0 33 42 55 11 13 0 21 42 40 35 52 0 2 0 0 0 0 0 0 0 0 0 0 0 0 0 0 0 0 0 0 0 0 0 0 0 0 0 0 0 0 1 0 0 0 10 0 0 0 0 0 0 0 0 0 0 0 0 0 0 0 0 0 0 0 0 0 13 0 2 0 0 2 8 0 0 0 0 0 24 0 0 0 0 0 0 0 0 0 0 0 0 0 0 0 0 0 0 0 0 0 0 0 
 0 0 78 0 2 0 2 0 1 0 0 2 0 0 0 0 0 0 0 0 33 302 353 71 63 53 105 256 0 254 46 22 303 79 566 271 335 189 85 43 0 4 0 0 0 4 0 3 2 0 0 3 0 0 1 0 62 2 2 2 0 3 0 2 1 0 64 0 0 0 1 4 0 0 0 0 1 3 7 6 0 0 0 0 0 0 0 0 0 0 0 0 0 0 0 0 14 0 0 0 0 31 35 58 0 0 0 8 57 80 26 43 0 7 0 69 56 30 0 0 0 0 0 2 0 2 0 0 0 0 9 0 0 0 0 0 0 7 0 0 1 0 0 4 1 2 0 0 0 0 0 2 0 0 0 0 0 0 0 0 0 0 8 0 0 0 0 0 0 0 30 0 0 0 0 0 0 0 0 0 33 18 17 10 18 0 0 13 20 43 26 35 0 1 65 1 13 44 0 0 0 0 0 0 0 0 0 0 0 0 0 0 0 0 0 0 0 0 0 0 0 0 0 0 0 0 0 0 0 0 0 0 0 0 0 0 2 0 0 0 0 0 0 0 0 2 0 0 0 0 0 0 0 0 5 0 1 4 3 0 11 1 1 0 0 0 6 0 0 0 0 0 0 0 0 0 0 0 0 0 0 0 0 0 0 0 0 0 0 0 
 0 0 0 0 4 0 6 0 0 0 1 0 2 2 0 1 0 74 0 0 53 33 351 401 57 71 25 62 254 0 653 353 34 43 79 395 311 303 107 79 0 0 0 0 0 7 0 0 0 0 0 4 0 0 0 0 0 0 2 7 0 0 2 0 3 0 0 0 0 0 0 1 0 0 0 0 0 3 1 0 0 0 0 9 0 0 0 0 0 0 0 0 0 0 2 0 0 0 0 0 0 0 17 52 17 10 0 0 14 29 22 30 0 9 0 17 16 31 0 0 0 0 0 0 0 0 0 0 0 0 0 0 0 0 0 0 0 0 18 0 0 0 2 2 0 0 0 0 0 0 9 0 0 0 0 0 0 0 0 0 0 0 0 0 0 1 0 0 0 0 9 0 0 0 0 0 0 0 0 0 0 0 0 47 37 74 0 4 21 2 69 44 0 0 0 0 7 3 1 1 0 0 0 0 0 0 0 0 0 0 0 0 0 0 0 0 0 0 0 0 0 0 0 0 0 0 0 0 0 0 0 0 0 1 0 0 0 0 0 0 0 0 15 0 0 0 0 0 0 0 0 0 0 0 4 3 2 151 149 0 24 22 0 0 0 0 1 0 0 0 0 0 0 0 0 0 0 0 0 0 0 26 0 1 0 0 0 0 0 0 
 3 3 6 3 3 3 3 80 5 3 3 3 3 4 3 3 3 3 3 3 57 42 66 346 104 94 209 31 46 653 0 284 62 238 46 145 173 634 55 42 0 0 0 0 0 3 0 0 0 0 0 6 0 0 0 1 0 3 2 3 0 0 3 0 1 2 0 0 0 0 2 0 0 0 0 3 0 3 1 0 0 0 0 0 0 0 0 0 0 0 0 0 0 0 1 2 0 0 0 0 0 0 32 35 48 60 0 0 10 0 26 80 0 4 0 0 0 0 0 0 0 0 0 9 0 0 0 0 0 0 0 0 9 0 0 0 0 0 41 0 0 0 3 0 0 0 0 0 0 0 0 0 0 0 0 0 0 0 0 0 0 0 0 0 0 2 0 0 0 0 27 0 0 0 0 0 0 0 0 0 0 0 0 18 25 28 0 1 0 0 30 35 0 0 0 0 13 0 0 2 0 0 0 0 0 0 4 0 0 0 0 0 1 0 0 0 0 0 12 27 0 0 0 0 0 0 0 0 0 0 1 0 0 2 0 0 0 0 31 0 0 0 15 0 0 0 0 0 0 0 0 0 0 0 10 5 2 43 80 1 11 0 0 0 0 0 0 0 0 0 0 0 0 0 0 0 0 0 0 0 0 33 0 0 0 0 12 0 0 0 
 6 2 4 0 0 0 3 1 1 1 0 0 3 2 1 1 1 1 1 2 30 45 48 280 258 57 21 27 22 353 284 0 34 52 257 34 58 66 47 248 0 0 6 0 0 1 0 0 0 0 0 3 0 0 0 0 0 0 2 2 0 0 6 0 1 0 2 0 0 0 0 0 4 0 6 0 0 3 0 0 0 0 0 0 0 0 0 0 0 0 0 9 0 0 0 0 0 0 0 0 0 0 0 0 38 27 0 0 0 0 0 7 0 0 0 0 7 0 0 0 0 0 0 0 0 0 1 0 0 0 0 0 0 0 0 0 0 0 31 1 0 0 1 0 0 0 0 0 0 0 0 0 0 7 0 0 0 0 0 0 0 0 0 0 0 0 0 0 0 0 18 0 0 0 11 0 0 0 0 0 0 0 0 12 27 23 0 0 0 0 0 3 0 0 0 0 0 0 0 0 0 0 0 0 0 0 16 0 0 0 0 0 7 1 0 0 0 0 18 0 0 0 0 0 0 0 0 0 0 0 0 0 0 0 0 0 0 0 0 0 0 0 0 0 0 0 0 0 0 0 0 0 0 0 3 0 0 146 73 1 5 0 0 0 0 0 0 0 0 0 0 0 0 0 0 0 0 0 0 0 0 30 0 0 0 0 11 0 0 1 
 4 0 0 0 2 3 3 0 2 0 0 2 0 0 0 0 0 79 76 0 107 350 60 48 74 29 587 76 303 34 62 34 0 80 240 237 34 20 491 276 0 0 0 0 0 2 0 0 0 0 0 3 0 0 0 0 2 0 2 1 0 0 0 0 6 0 0 0 0 0 0 0 10 0 58 0 0 6 0 0 0 0 0 0 0 9 0 0 0 0 0 0 0 0 0 0 0 0 0 0 69 9 0 0 0 6 46 8 0 0 0 0 0 22 44 0 0 0 11 19 0 0 0 0 0 0 0 0 0 0 0 0 0 0 0 0 0 0 0 0 0 0 0 0 0 0 0 0 0 12 0 0 0 0 0 0 3 0 0 0 0 0 0 0 1 0 0 0 0 0 0 0 0 0 0 7 0 0 0 0 38 29 0 0 0 0 43 24 0 0 0 0 32 24 33 9 5 0 9 51 0 0 0 0 0 0 0 0 0 0 0 0 0 0 0 0 0 0 0 0 0 0 0 0 0 0 0 0 0 0 0 0 0 0 0 0 0 0 0 0 0 0 0 0 0 0 0 0 0 0 0 0 73 0 2 1 2 0 0 2 2 2 0 0 0 0 0 0 0 6 0 0 0 0 0 0 0 0 0 0 0 0 0 0 0 0 0 0 0 0 
 3 0 0 0 0 0 2 0 0 0 0 0 3 0 0 0 0 0 0 0 100 81 45 67 51 233 500 388 79 43 238 52 80 0 406 37 16 33 75 384 0 0 0 0 0 2 0 0 0 0 0 3 0 0 0 0 0 0 2 1 0 0 0 0 4 0 0 0 0 0 0 4 0 0 5 0 0 3 0 0 0 0 0 0 0 0 0 0 0 0 0 0 0 0 0 0 0 0 0 0 16 65 0 11 0 0 1 57 0 15 0 8 0 41 49 20 10 19 0 9 0 0 0 0 0 0 0 0 0 0 0 0 0 0 0 0 0 0 0 0 0 0 0 0 0 0 0 0 0 20 0 0 0 0 0 0 0 0 0 0 0 0 0 0 0 0 0 0 0 0 0 0 0 0 0 0 0 0 0 0 58 24 36 1 0 0 8 41 20 13 1 1 1 18 58 51 16 3 0 1 0 0 0 0 0 0 0 0 0 0 0 0 0 0 0 0 0 0 0 1 0 0 0 0 0 0 0 0 0 0 0 0 0 0 14 0 0 0 0 0 0 0 0 0 0 0 0 0 0 0 0 0 0 0 3 2 0 0 0 1 2 0 0 0 0 0 0 0 0 0 0 0 0 0 0 0 0 0 0 0 0 0 0 0 0 0 0 0 0 0 
 0 0 0 0 1 0 0 0 0 0 0 0 0 0 0 74 0 0 0 0 381 296 34 61 48 37 64 144 566 79 46 257 240 406 0 308 45 40 61 79 0 0 3 0 1 1 3 2 0 12 0 3 3 0 0 0 62 0 2 64 50 0 0 0 3 0 18 0 0 0 0 8 0 2 1 0 1 3 5 3 0 0 0 0 0 0 0 0 0 0 0 0 18 0 0 0 0 0 0 0 2 22 11 8 0 0 1 14 38 140 14 6 0 20 9 47 28 10 0 0 0 0 0 0 0 0 0 0 0 0 0 0 0 0 0 0 0 0 0 0 0 2 0 0 0 0 0 0 0 6 0 0 0 0 0 0 0 0 0 0 0 0 0 0 0 0 0 0 0 0 0 0 0 0 0 0 0 0 0 0 12 8 50 8 1 0 1 29 30 60 10 17 0 24 25 51 67 44 0 2 0 0 0 1 0 0 0 0 0 0 0 0 0 0 0 0 0 0 0 0 0 0 0 0 0 0 0 0 0 0 0 0 0 0 0 0 0 0 0 0 0 1 0 0 0 0 0 0 0 1 0 0 0 0 19 0 2 0 0 2 23 0 0 0 0 0 11 0 0 0 0 0 0 0 0 0 0 0 0 0 0 0 0 0 0 0 2 0 0 0 
 0 0 0 2 3 0 0 5 0 77 0 0 5 2 0 0 0 0 1 0 256 272 203 294 82 52 50 50 271 395 145 34 237 37 308 0 343 318 37 58 0 0 0 0 0 211 0 0 0 2 0 3 0 0 0 0 0 0 2 2 0 1 49 0 1 0 0 0 72 0 0 0 0 0 0 0 0 6 2 0 1 0 0 0 0 0 0 0 0 0 29 0 0 0 0 0 0 0 0 0 0 9 29 67 1 0 0 0 43 38 29 40 0 0 0 26 25 26 0 0 0 0 0 0 0 0 0 0 0 5 0 0 0 11 0 0 0 0 0 0 0 0 0 4 0 0 0 0 12 0 2 0 0 0 0 0 0 0 0 0 0 0 0 0 0 0 0 0 0 0 0 0 0 0 0 0 0 0 0 0 0 0 32 12 26 15 0 13 35 37 73 63 0 0 0 1 25 53 0 0 0 0 0 0 0 0 0 0 0 0 0 0 0 0 0 0 0 0 0 1 0 0 0 1 0 0 0 0 0 0 0 0 0 0 0 0 0 0 0 0 0 0 15 0 0 1 0 0 0 0 0 0 0 0 16 1 4 6 7 2 18 55 0 0 0 0 14 0 0 0 0 0 0 0 0 0 0 0 0 0 0 12 0 0 0 0 0 0 0 0 
 0 0 3 0 73 2 1 0 0 0 0 2 1 6 0 0 0 0 1 0 18 190 163 135 55 78 36 35 335 311 173 58 34 16 45 343 0 346 28 245 0 0 0 0 0 11 0 0 5 1 0 3 0 3 2 3 0 0 2 1 0 0 0 0 8 0 0 0 9 0 51 0 0 0 0 0 2 3 7 0 1 0 0 0 0 0 0 1 0 0 0 0 0 0 0 0 13 0 0 0 0 2 39 28 1 0 0 0 41 36 28 63 0 0 0 38 39 37 0 0 0 0 0 1 0 0 0 18 0 13 0 0 0 0 0 0 0 0 0 0 0 0 4 1 0 0 0 0 2 0 12 2 0 0 0 0 0 0 0 0 0 0 0 0 0 0 0 0 0 0 0 0 0 0 0 0 2 0 0 0 0 0 77 40 16 22 0 16 62 48 61 24 12 0 0 0 28 63 0 0 0 0 0 0 0 0 0 0 0 0 0 0 0 0 0 0 0 0 0 1 0 0 0 0 0 0 0 0 0 0 0 0 0 0 0 0 0 0 0 0 0 0 12 0 0 2 0 0 0 0 0 0 0 0 2 2 1 75 1 0 10 33 0 0 0 0 38 0 0 0 0 0 0 0 0 0 0 0 0 0 0 20 0 0 0 0 0 0 0 0 
 4 3 6 3 3 4 3 3 8 6 3 4 5 6 3 3 3 3 41 6 28 67 331 352 39 55 15 35 189 303 634 66 20 33 40 318 346 0 39 56 0 0 0 0 0 16 0 0 0 2 0 3 0 62 0 0 0 0 2 1 0 0 0 0 3 0 0 0 0 0 0 0 0 0 0 0 0 3 0 0 2 0 0 0 14 0 0 21 0 0 0 0 0 0 0 0 0 0 0 0 0 0 32 44 21 10 0 0 7 8 26 60 0 0 0 47 22 29 0 0 0 2 0 0 0 1 0 0 0 0 0 0 0 0 0 0 0 0 0 0 0 0 2 1 0 0 4 0 0 0 0 1 0 0 0 0 0 0 0 0 0 0 0 0 0 0 0 0 0 0 0 0 0 0 0 0 0 0 0 0 0 0 13 34 32 21 0 8 21 7 39 22 0 0 0 0 8 7 0 0 0 0 0 0 0 0 0 0 0 0 0 0 0 0 0 0 0 0 0 0 20 0 0 0 7 0 0 0 0 0 0 0 0 0 0 0 1 0 0 0 0 0 10 0 0 0 0 0 0 0 0 0 0 0 23 0 5 151 146 0 5 9 0 0 0 0 0 0 0 0 0 0 0 0 0 0 0 0 0 0 0 29 0 0 0 0 0 0 0 0 
 6 0 0 74 74 320 0 0 0 0 1 0 3 4 0 0 208 5 0 0 258 45 34 55 54 45 55 67 85 107 55 47 491 75 61 37 28 39 0 326 0 0 0 0 0 0 2 0 61 4 0 64 0 0 0 4 3 4 2 0 0 0 0 0 4 0 2 0 0 0 0 7 25 50 1 0 0 47 0 0 0 0 0 0 1 21 0 0 0 0 0 1 0 0 2 0 0 0 0 0 71 0 0 2 0 0 34 16 13 0 0 0 26 5 16 0 0 0 16 38 0 0 0 0 0 0 0 0 0 0 0 0 0 0 0 0 0 0 0 15 0 0 12 0 0 0 0 0 12 0 0 0 0 0 0 0 0 0 0 0 0 0 0 0 0 18 0 0 3 0 0 0 0 0 0 7 0 0 0 0 26 18 0 0 0 0 26 2 0 0 0 0 36 23 1 0 0 0 26 60 0 0 0 0 0 0 1 0 0 21 0 0 0 0 0 0 0 0 0 0 0 0 0 0 0 0 0 0 0 0 0 0 0 4 0 0 0 0 0 0 0 0 0 0 0 0 0 0 0 0 0 0 0 0 3 0 2 0 0 2 0 0 0 0 0 0 0 0 0 0 0 0 0 0 0 0 0 13 0 0 0 0 0 2 0 0 0 0 0 0 
 2 0 0 0 0 73 0 0 0 0 1 0 0 2 0 0 0 0 0 0 110 146 58 55 56 41 264 115 43 79 42 248 276 384 79 58 245 56 326 0 0 0 62 0 0 2 0 0 0 0 0 4 0 0 0 0 0 0 2 1 0 0 0 0 10 0 0 0 0 0 0 0 7 0 7 0 0 3 0 0 0 0 1 0 0 24 0 0 0 0 0 1 0 0 0 0 0 0 0 0 41 10 0 0 0 0 105 20 1 0 1 0 1 30 19 46 0 12 7 20 0 2 0 0 0 1 0 0 0 0 0 0 0 0 0 0 2 0 0 9 0 0 0 2 2 1 0 0 0 6 0 0 0 0 0 1 0 0 0 0 0 0 0 0 0 0 37 0 0 0 0 0 0 0 0 4 0 0 1 0 32 31 2 0 0 0 46 37 0 0 0 0 21 40 34 14 2 0 0 34 0 0 0 0 0 0 0 0 0 1 0 0 0 0 0 0 0 0 0 0 24 0 0 0 0 0 0 0 0 0 0 0 2 0 0 0 1 0 0 0 0 0 0 0 0 1 0 0 0 0 0 0 0 0 7 0 4 0 0 0 0 0 0 0 0 0 0 0 0 0 0 0 2 0 0 0 0 0 0 0 0 0 0 0 0 0 0 0 0 0 
 0 0 0 0 0 0 0 0 0 0 0 0 0 0 0 0 0 0 0 0 0 0 0 0 0 1 0 0 0 0 0 0 0 0 0 0 0 0 0 0 0 310 59 47 16 28 477 251 38 56 252 42 54 140 292 64 27 42 47 52 0 0 0 0 0 0 0 0 0 0 3 0 0 0 0 0 0 0 0 0 0 0 0 0 0 0 0 0 0 0 0 0 0 0 0 0 0 4 0 0 0 0 0 0 0 0 1 0 0 0 0 0 0 0 0 0 0 0 0 0 32 0 16 0 0 0 0 39 23 8 0 0 1 12 33 53 24 0 0 1 0 0 0 0 0 0 0 0 0 0 0 0 0 0 0 0 0 0 0 0 0 6 10 0 3 0 7 0 0 0 0 2 0 0 0 0 0 0 0 0 0 0 0 0 0 0 0 0 0 0 0 0 0 0 0 0 0 0 0 0 14 11 36 0 17 0 0 15 20 19 7 0 0 10 25 34 50 9 0 0 0 0 0 0 0 0 1 0 0 0 0 0 0 0 0 0 0 0 0 0 0 0 0 0 0 0 0 0 0 0 0 2 0 0 0 0 0 0 0 0 0 0 0 0 2 2 0 0 0 0 1 0 0 0 0 0 0 0 0 0 0 0 0 0 0 0 0 0 0 0 
 2 2 2 2 5 2 2 2 4 2 2 2 2 3 2 27 2 2 2 2 0 2 0 0 0 0 66 5 4 0 0 0 0 0 0 0 0 0 0 0 310 0 299 70 112 36 76 312 277 39 48 41 57 87 304 272 227 64 103 105 0 0 0 0 0 0 0 0 0 0 4 0 0 0 0 0 0 8 0 6 0 0 0 0 0 0 0 0 0 0 0 0 0 0 0 0 0 0 0 0 0 0 0 0 0 0 0 0 0 0 0 0 0 0 0 0 0 0 0 0 1 8 23 38 0 0 0 19 35 68 22 16 0 0 27 10 37 37 0 0 0 0 19 0 0 0 0 0 0 0 0 0 0 0 0 0 0 0 0 20 0 0 0 0 0 0 0 0 0 0 0 0 0 0 0 0 0 0 0 0 0 0 0 0 0 0 0 0 0 0 0 0 0 0 0 0 0 0 0 0 0 15 23 33 0 0 0 1 33 14 32 3 0 1 6 53 20 21 0 0 0 0 0 0 0 0 0 0 0 0 8 0 0 0 0 0 0 0 1 0 0 0 8 0 0 0 0 0 0 0 0 9 0 0 0 0 0 0 0 5 0 0 0 0 0 3 3 0 0 0 13 0 0 0 0 0 0 0 0 0 10 0 0 0 9 0 0 0 0 0 
 0 0 0 0 2 65 2 0 0 0 0 0 2 0 0 0 0 2 0 0 0 0 0 0 2 0 0 0 0 0 0 6 0 0 3 0 0 0 0 62 59 299 0 99 116 25 299 331 169 319 117 59 80 55 47 228 225 241 235 99 0 0 0 0 2 0 0 0 0 0 2 0 0 0 0 207 0 0 0 0 0 0 0 0 0 0 0 0 0 0 0 0 0 0 0 0 0 0 0 0 0 0 0 0 0 0 0 0 0 0 0 0 0 0 0 0 0 0 0 0 0 24 8 29 11 36 0 0 20 26 9 8 0 0 0 0 21 32 0 0 0 0 0 0 0 0 3 0 0 0 0 0 0 0 0 2 0 7 1 3 0 0 0 0 0 0 6 0 0 0 0 0 0 0 0 0 0 0 0 0 0 0 0 0 0 0 0 0 0 0 0 0 0 0 0 0 0 0 0 0 0 0 18 46 11 4 0 0 22 10 56 46 0 0 0 1 10 12 0 0 0 0 0 0 0 0 0 0 0 0 0 0 0 0 0 0 0 0 5 0 0 0 6 0 0 0 0 0 0 0 0 7 0 2 0 0 0 0 1 10 0 0 1 4 0 48 2 1 1 0 10 0 0 0 0 0 0 0 0 0 0 3 0 0 11 9 0 0 0 0 
 5 0 2 0 0 0 0 0 0 0 0 0 0 3 0 0 0 0 0 62 0 68 0 0 0 0 1 0 0 0 0 0 0 0 0 0 0 0 0 0 47 70 99 0 66 78 102 88 94 290 126 544 63 71 302 274 73 311 64 89 0 0 32 0 2 0 0 0 0 0 0 0 0 0 6 0 1 0 0 52 0 0 10 0 0 0 0 0 0 0 0 0 0 2 0 0 13 0 0 0 0 0 0 0 0 0 0 0 0 0 14 0 0 0 0 51 0 0 0 0 0 3 10 17 32 10 7 0 21 7 18 29 0 1 0 4 6 16 0 0 0 13 0 0 0 0 3 0 0 0 0 0 0 0 0 5 22 9 12 19 0 0 0 0 0 0 0 0 0 0 0 0 0 0 0 0 0 0 0 0 0 0 0 0 11 0 0 0 0 0 0 0 0 0 0 0 1 0 0 0 0 7 12 21 74 27 0 5 11 0 13 33 0 0 9 9 4 35 0 0 0 0 0 0 0 0 0 0 0 0 0 0 0 0 0 0 0 0 51 0 0 0 0 0 0 0 0 0 0 0 0 8 0 0 0 0 0 0 0 12 0 0 3 36 0 1 0 7 2 0 0 0 0 0 0 0 0 0 0 0 0 0 17 0 15 31 0 0 0 0 
 0 0 2 0 0 0 0 0 0 0 0 0 0 2 0 0 0 0 0 0 13 3 0 0 0 0 0 0 0 0 0 0 0 0 1 0 0 0 0 0 16 112 116 66 0 205 55 83 79 183 78 251 61 82 321 77 53 36 331 120 0 0 6 0 2 0 2 0 0 210 0 0 0 0 0 0 2 0 0 7 0 0 0 0 0 0 0 0 2 0 0 0 0 0 0 0 0 0 0 0 0 0 0 0 0 0 0 0 9 0 0 0 0 0 0 0 0 0 0 0 14 0 0 0 54 28 0 0 0 0 0 13 0 0 0 0 0 0 0 0 12 0 0 0 0 0 36 1 0 0 0 0 24 4 0 9 0 0 14 2 0 0 0 0 0 0 0 0 0 0 0 0 0 0 0 0 1 0 0 0 0 0 0 0 0 0 0 0 0 0 0 0 0 0 0 0 0 0 0 0 0 0 0 0 7 17 0 0 0 0 0 0 0 0 0 0 0 0 0 0 1 1 0 0 0 0 1 0 0 0 0 0 14 2 0 0 0 0 23 22 0 0 0 0 0 0 0 0 0 0 0 1 0 1 0 0 0 0 1 1 0 0 3 1 2 0 0 1 0 0 0 0 0 0 0 0 0 0 0 0 0 2 0 0 0 0 0 0 0 0 
 4 2 0 0 2 2 3 0 0 0 0 2 6 13 0 0 2 2 3 2 2 4 53 6 0 0 1 1 4 7 3 1 2 2 1 211 11 16 0 2 28 36 25 78 205 0 27 20 44 57 73 63 28 65 73 55 61 65 37 47 0 0 0 1 1 0 0 0 4 0 0 0 1 0 0 0 0 4 127 1 0 0 0 0 0 0 2 0 0 0 0 0 0 0 0 0 0 0 0 0 0 0 0 3 2 0 0 0 3 0 8 10 0 0 0 0 8 8 0 0 0 0 0 0 19 8 0 0 0 0 0 0 1 0 0 0 0 0 0 1 27 10 0 0 0 0 15 18 0 0 0 0 12 9 8 0 0 0 6 14 0 0 0 0 0 0 0 0 0 0 0 0 0 1 0 0 4 0 0 0 0 11 3 1 0 1 7 0 8 3 1 1 0 0 0 0 0 2 0 0 0 0 0 0 18 0 0 0 0 0 0 0 3 0 0 0 0 0 0 0 1 0 0 0 0 0 18 0 0 0 11 0 29 10 21 0 2 0 0 30 0 0 1 0 0 0 0 0 0 0 0 15 0 0 0 0 0 2 1 6 59 0 1 0 5 4 0 0 0 0 0 0 0 0 0 0 0 0 0 0 0 1 0 0 0 0 0 0 0 2 
 0 0 0 0 0 0 4 0 0 0 0 0 7 6 0 0 0 2 8 9 0 0 0 0 0 0 0 0 0 0 0 0 0 0 3 0 0 0 2 0 477 76 299 102 55 27 0 100 58 254 52 38 925 282 44 43 60 43 296 418 0 0 0 0 2 0 0 0 0 0 0 0 0 0 0 203 0 5 0 0 0 12 0 0 0 0 11 0 0 0 0 0 0 0 2 0 0 0 0 3 0 0 0 0 0 0 0 0 0 0 0 0 0 1 0 0 0 0 0 0 26 10 11 0 0 0 0 20 15 0 0 0 1 47 24 30 0 0 0 30 0 0 0 0 0 0 7 0 0 0 0 0 0 0 0 0 0 0 0 0 0 5 0 0 6 0 29 0 0 24 0 0 55 0 0 0 0 0 4 4 0 0 0 21 0 0 0 0 0 0 0 0 0 0 20 0 0 0 0 0 25 14 22 0 0 0 16 21 10 12 0 0 1 31 46 3 53 0 0 26 0 0 0 0 0 0 0 0 0 0 0 12 0 0 0 0 0 0 0 0 0 0 0 0 0 0 0 0 0 19 0 9 0 2 0 0 0 0 0 2 0 0 0 0 0 5 2 0 2 0 0 0 0 0 0 0 0 0 0 0 0 0 0 0 0 0 0 0 0 0 
 0 0 9 7 3 0 0 0 3 8 5 5 2 0 0 2 15 9 0 0 0 0 1 0 0 0 0 0 3 0 0 0 0 0 2 0 0 0 0 0 251 312 331 88 83 20 100 0 107 61 263 44 457 271 124 166 34 34 64 344 0 3 0 3 2 0 0 0 0 0 16 0 0 0 3 0 0 0 0 0 0 0 0 5 2 0 0 0 0 3 12 4 0 0 0 5 1 23 0 0 0 0 0 0 0 0 0 0 0 0 0 0 0 0 0 0 0 0 0 0 0 17 35 0 0 0 0 19 27 36 7 14 0 1 29 26 54 12 0 0 0 0 0 5 0 0 0 0 0 0 0 0 9 0 0 0 0 0 0 0 0 2 0 4 0 7 1 0 0 0 0 4 0 0 0 2 0 31 0 0 0 0 0 0 0 0 0 0 0 8 0 0 2 0 0 0 0 0 4 0 9 16 16 18 0 0 0 0 22 27 0 6 0 9 13 57 30 20 0 0 0 0 0 0 0 0 0 0 0 0 0 0 0 0 0 0 0 0 0 0 0 8 9 0 0 0 4 0 0 0 0 9 0 1 0 0 0 0 27 12 0 0 5 0 2 10 2 0 0 0 16 0 0 0 0 0 0 0 0 0 0 0 0 0 0 0 0 0 0 0 
 0 0 0 0 3 0 0 0 0 0 0 0 0 0 0 0 0 0 0 0 0 0 0 0 0 0 0 0 2 0 0 0 0 0 0 0 5 0 61 0 38 277 169 94 79 44 58 107 0 509 39 46 57 87 163 267 128 244 62 146 2 1 0 0 32 0 0 0 6 1 2 0 0 47 0 0 2 51 0 0 0 0 0 0 0 0 0 0 0 0 0 0 0 0 0 0 0 0 0 0 0 0 0 0 0 0 0 0 0 0 0 0 0 0 0 0 0 0 0 0 0 15 7 13 9 0 0 0 33 22 21 14 0 0 1 0 25 21 0 0 0 0 0 0 0 0 0 0 0 0 0 0 0 0 0 0 0 7 0 29 0 0 0 0 0 0 0 0 14 0 0 0 0 0 0 0 0 0 0 0 0 0 0 0 0 0 0 0 0 0 0 0 0 0 0 0 0 0 0 0 1 2 20 46 0 2 0 0 27 0 41 26 0 0 1 2 30 33 0 0 0 0 0 0 0 0 0 0 0 0 0 1 0 0 0 0 0 0 0 0 0 0 7 0 0 0 0 0 0 0 0 9 0 0 0 0 0 0 0 11 0 0 1 1 0 9 0 1 0 0 14 0 0 0 0 0 0 17 0 0 0 0 0 0 5 9 0 0 0 0 
 0 64 0 0 62 0 0 0 0 0 0 0 3 4 0 0 0 0 0 0 61 0 0 0 0 0 0 1 0 0 0 0 0 0 12 2 1 2 4 0 56 39 319 290 183 57 254 61 509 0 373 50 201 89 315 180 552 512 79 175 1 0 0 0 1 0 0 0 0 0 2 0 0 0 0 0 3 0 0 0 0 0 0 0 0 0 0 0 0 0 0 0 0 0 0 0 15 0 0 0 0 0 0 0 0 0 0 0 0 0 0 0 0 0 0 0 0 0 0 0 1 1 10 29 20 6 0 0 12 3 22 24 0 0 1 1 0 62 0 0 0 0 0 0 0 0 3 0 0 0 0 0 0 0 1 10 0 2 11 7 0 0 0 0 0 0 0 1 0 1 8 0 0 0 0 0 0 0 0 0 0 0 0 0 0 0 0 0 0 0 0 0 0 0 0 0 0 0 0 0 0 0 11 38 43 23 0 0 9 13 36 45 0 0 1 0 0 18 0 0 0 0 0 0 0 0 0 0 0 0 0 0 0 0 12 0 0 0 14 0 0 6 0 0 0 2 0 0 0 0 0 12 0 2 0 7 0 0 2 3 0 0 69 64 2 31 1 66 0 0 2 0 0 0 0 0 0 0 0 0 0 4 0 0 11 19 0 0 0 0 
 5 0 2 0 0 0 0 0 66 2 0 0 0 0 0 0 0 0 0 0 0 56 0 0 0 0 0 0 0 0 0 0 0 0 0 0 0 0 0 0 252 48 117 126 78 73 52 263 39 373 0 238 32 34 302 86 102 213 34 84 0 0 0 0 2 0 0 0 0 0 0 0 0 0 0 0 0 0 0 0 0 0 0 19 0 0 0 0 0 0 0 0 0 0 0 0 0 0 0 23 0 0 0 0 0 0 0 0 0 0 0 0 0 0 0 0 0 0 0 0 0 1 1 3 33 7 0 0 0 1 3 20 0 0 0 0 0 2 0 0 0 0 0 0 0 0 0 1 0 0 0 0 0 0 0 9 0 7 15 0 0 0 0 0 0 0 0 0 0 0 0 0 0 0 0 0 0 0 0 0 0 0 0 0 0 0 0 0 0 0 0 0 0 0 0 0 0 0 0 0 0 0 0 19 21 29 0 0 0 0 13 26 0 0 0 0 0 19 0 0 0 0 0 0 0 0 6 0 0 0 0 0 0 0 8 6 0 0 34 11 0 0 1 0 0 0 0 0 0 0 0 11 0 10 0 0 0 0 1 1 0 0 34 3 2 7 0 5 0 0 0 0 0 0 0 0 0 0 0 0 0 1 0 0 0 18 0 0 0 0 
 3 0 0 0 0 0 0 0 0 0 0 0 0 2 0 0 0 0 0 0 3 7 4 3 65 3 4 3 3 4 6 3 3 3 3 3 3 3 64 4 42 41 59 544 251 63 38 44 46 50 238 0 248 32 29 47 302 296 38 31 0 0 0 0 1 0 0 0 0 0 0 0 0 15 0 0 0 0 0 6 0 0 0 0 0 0 0 0 0 0 0 0 0 0 0 0 0 0 0 0 0 0 0 0 0 0 0 0 0 0 0 0 0 0 0 0 0 0 0 0 7 0 0 10 30 28 4 2 1 0 9 24 0 14 7 2 0 0 3 0 8 0 0 0 0 0 2 0 0 0 0 0 0 13 0 3 0 0 10 14 0 0 0 0 0 0 0 0 0 0 6 0 0 0 0 0 0 0 0 0 0 0 0 0 0 0 0 0 0 0 0 0 0 14 0 0 0 0 0 0 2 0 0 19 29 47 0 8 0 0 1 0 5 9 0 0 2 0 0 0 0 0 0 0 1 0 1 4 0 0 0 0 0 0 0 0 0 0 39 39 0 0 0 0 0 0 0 0 0 0 0 10 0 0 0 0 0 0 0 21 0 0 64 67 0 2 1 62 1 0 0 0 0 0 0 0 0 0 0 0 0 0 0 0 0 0 0 0 0 0 
 0 29 0 0 0 0 66 0 0 0 0 0 0 8 0 0 0 2 0 0 0 4 0 0 0 0 0 0 0 0 0 0 0 0 3 0 0 0 0 0 54 57 80 63 61 28 925 457 57 201 32 248 0 64 42 65 260 34 305 152 0 0 0 0 4 3 2 2 4 0 0 0 0 0 0 0 0 0 0 0 0 0 0 11 0 0 0 0 0 0 0 0 0 0 0 0 0 0 0 0 0 0 0 0 0 0 0 0 0 0 0 0 0 0 0 0 0 0 0 0 33 0 0 0 0 0 6 27 0 0 0 0 8 23 0 15 0 0 0 47 0 0 0 0 0 0 0 0 0 0 0 0 0 0 0 0 0 0 0 0 3 3 0 0 8 0 6 0 0 0 0 0 0 0 0 0 0 0 0 0 0 0 0 0 0 0 0 0 0 0 0 0 0 0 0 0 0 0 0 0 15 15 10 0 0 0 31 33 0 4 7 0 35 27 22 0 10 0 18 18 0 0 0 0 0 0 0 0 0 0 0 0 0 0 0 0 0 0 0 0 0 0 0 0 0 0 0 0 0 0 0 2 0 0 0 0 0 0 2 0 0 2 0 0 0 3 0 0 2 0 1 0 0 0 0 0 0 0 0 0 0 0 0 0 0 0 0 0 0 0 
 5 0 2 0 0 1 2 0 0 1 1 0 1 2 1 1 0 0 2 0 0 2 0 0 0 0 0 0 0 0 0 0 0 0 0 0 3 62 0 0 140 87 55 71 82 65 282 271 87 89 34 32 64 0 792 263 50 49 70 329 0 0 0 0 0 0 0 0 0 0 4 0 0 0 2 0 0 2 0 0 0 0 0 0 11 0 0 0 0 0 0 0 0 0 0 0 0 0 0 0 0 0 0 0 0 0 0 0 0 0 0 0 0 0 0 0 0 0 0 0 17 0 14 0 0 0 1 55 28 9 1 0 0 18 36 30 20 0 0 0 0 0 0 0 0 0 0 0 0 0 0 0 0 0 0 0 0 0 0 0 0 5 0 0 3 0 7 0 0 0 0 0 0 0 0 0 12 0 0 0 0 0 0 0 0 0 0 0 0 0 0 0 0 0 0 0 0 0 0 0 28 11 22 1 0 0 1 26 20 12 0 0 0 16 17 47 31 19 0 1 0 0 0 0 0 0 0 0 0 9 0 0 0 0 0 1 0 0 0 0 0 0 0 0 0 0 0 0 0 0 0 3 0 0 0 0 0 0 0 3 0 0 1 0 0 2 0 0 2 0 1 0 0 0 0 0 0 0 0 0 0 0 0 0 0 0 0 0 0 0 
 0 0 67 0 0 0 0 0 0 3 0 0 4 0 0 20 0 0 0 0 0 0 0 0 0 0 0 0 1 0 0 0 0 0 0 0 2 0 0 0 292 304 47 302 321 73 44 124 163 315 302 29 42 792 0 303 55 44 58 420 0 0 0 0 2 12 0 0 0 0 8 0 2 0 0 205 0 2 0 0 0 0 0 0 0 0 0 0 0 13 0 0 0 0 0 0 0 0 0 10 0 0 0 0 0 0 0 0 0 0 0 6 0 0 0 0 0 0 0 0 0 125 28 0 0 0 0 21 30 48 7 1 0 0 47 23 59 22 0 0 0 0 0 0 0 0 0 0 0 0 0 0 0 0 0 0 0 0 0 0 0 4 0 0 0 0 2 0 0 0 12 0 0 0 0 0 0 0 0 0 0 0 0 0 0 0 0 0 0 0 0 0 0 0 0 0 0 0 0 0 9 5 9 32 0 0 0 0 37 22 1 14 0 0 11 46 42 20 0 0 0 0 0 0 0 0 0 0 0 0 0 0 0 0 0 0 0 0 0 0 0 0 13 0 0 0 0 0 0 0 0 8 0 0 0 0 0 0 0 10 0 0 0 0 2 16 0 0 2 0 16 0 0 0 0 0 0 0 0 0 0 0 0 0 0 0 0 0 0 0 
 2 0 0 0 0 0 0 0 0 0 0 0 0 4 0 0 0 0 0 0 0 4 0 0 0 0 0 0 0 0 1 0 0 0 0 0 3 0 4 0 64 272 228 274 77 55 43 166 267 180 86 47 65 263 303 0 209 118 47 108 68 0 0 0 2 2 5 2 4 3 12 0 0 2 0 0 2 0 0 1 0 0 0 0 0 0 0 0 0 0 0 0 0 0 0 0 0 0 0 0 0 0 0 0 0 0 0 0 0 0 0 0 0 0 0 0 0 0 20 0 0 12 3 70 0 0 0 1 17 25 22 8 0 0 26 42 45 47 0 0 0 0 0 0 0 0 0 6 0 0 0 0 0 0 0 0 0 18 1 9 0 0 0 0 0 0 0 0 0 0 0 0 0 0 0 7 0 0 0 0 0 0 0 0 0 0 0 0 16 0 0 0 0 0 0 0 25 0 0 0 0 10 21 23 0 0 0 0 46 1 19 9 0 0 8 29 22 81 0 0 0 0 0 0 0 0 0 0 0 0 0 0 0 0 3 0 0 0 0 8 0 0 3 0 0 0 0 0 0 0 0 6 0 0 0 0 0 0 0 13 0 0 1 0 1 8 1 2 2 0 43 0 0 0 0 0 0 0 0 0 0 0 0 0 12 1 0 0 0 0 
 5 2 4 2 14 9 2 2 2 2 2 2 2 5 2 2 2 4 2 2 0 3 0 0 0 0 1 0 62 0 0 0 2 0 62 0 0 0 3 0 27 227 225 73 53 61 60 34 128 552 102 302 260 50 55 209 0 259 35 121 0 0 0 0 2 0 18 0 0 0 3 0 0 0 0 0 1 0 0 0 0 0 0 0 0 54 0 0 0 0 0 0 0 0 0 0 0 0 0 0 0 0 0 0 0 0 0 0 0 6 9 0 4 1 0 0 0 0 7 1 0 39 12 17 21 0 0 0 26 18 26 6 0 0 11 0 23 46 0 0 0 0 0 0 0 0 0 0 0 0 0 0 0 0 0 0 0 7 0 10 0 0 0 0 8 0 0 0 0 0 0 0 10 0 0 1 0 1 0 0 0 0 0 0 0 0 33 0 0 0 0 0 0 47 0 0 0 0 0 0 0 1 7 18 1 1 0 0 40 0 26 72 0 0 0 11 10 22 0 0 0 0 0 0 0 0 0 0 0 0 0 0 0 0 0 0 1 0 1 1 0 0 14 0 0 0 0 0 0 0 0 6 0 1 0 0 0 0 1 10 0 1 4 0 2 12 0 0 0 2 10 0 0 0 0 0 0 0 0 0 0 1 0 0 11 20 0 0 0 0 
 6 0 0 0 0 0 0 0 0 0 63 0 2 2 0 5 0 0 1 0 2 0 0 1 0 0 0 205 2 0 3 0 0 0 0 0 0 0 4 0 42 64 241 311 36 65 43 34 244 512 213 296 34 49 44 118 259 0 45 41 55 2 0 3 1 0 0 0 22 2 0 0 0 6 0 0 4 1 0 0 0 0 0 0 0 0 0 0 12 0 0 0 0 0 0 0 0 0 0 0 0 0 0 0 0 0 0 0 0 0 0 0 0 13 0 0 0 0 0 0 1 0 18 67 21 0 0 0 11 8 20 29 0 0 3 0 3 33 0 0 0 0 0 0 0 0 1 0 0 0 0 0 0 0 0 4 0 3 7 12 0 0 0 0 0 0 0 0 0 0 0 0 0 0 0 0 0 0 0 0 0 0 0 0 0 0 0 0 0 0 0 0 0 0 0 0 0 0 0 0 0 0 22 34 25 36 0 0 12 0 35 32 0 20 0 0 1 18 0 0 0 0 0 0 0 0 0 0 0 0 0 0 0 0 0 0 0 0 16 1 0 0 1 0 0 0 0 0 0 0 0 11 1 0 0 0 0 0 0 13 0 0 61 67 0 3 0 66 0 0 1 0 0 0 0 0 0 0 0 0 0 0 0 0 17 25 0 0 0 0 
 0 0 0 0 0 0 2 0 0 0 0 0 3 0 0 0 0 0 0 0 2 2 31 2 2 206 2 2 2 2 2 2 2 2 2 2 2 2 2 2 47 103 235 64 331 37 296 64 62 79 34 38 305 70 58 47 35 45 0 325 0 0 0 0 2 0 0 0 0 0 0 0 0 0 0 6 0 0 0 0 0 0 0 0 0 0 0 0 0 0 0 0 0 0 0 0 0 0 0 0 0 0 0 0 14 0 0 0 0 0 0 0 0 0 0 0 0 0 0 0 23 2 3 11 0 1 28 1 4 6 5 18 40 20 0 3 3 7 1 40 0 0 0 0 0 0 0 0 20 0 0 0 0 0 0 0 0 0 0 0 16 0 0 0 4 0 0 0 0 0 0 0 0 0 0 0 0 0 0 0 0 0 0 0 0 18 0 0 0 0 0 0 20 0 0 0 0 0 0 0 21 31 9 0 0 0 18 37 0 1 11 0 21 20 50 5 1 4 38 40 0 0 0 0 0 0 0 0 0 0 0 0 0 0 0 0 0 0 0 0 0 0 0 0 0 0 0 0 0 0 0 12 0 0 0 0 0 0 2 1 0 0 0 0 0 2 0 0 0 0 0 0 0 0 0 0 0 0 0 0 0 0 3 0 10 0 0 0 0 0 
 0 0 0 0 3 52 0 0 0 0 0 0 4 4 0 0 0 0 0 0 2 2 1 1 2 1 7 0 2 7 3 2 1 1 64 2 1 1 0 1 52 105 99 89 120 47 418 344 146 175 84 31 152 329 420 108 121 41 325 0 0 0 6 0 7 6 0 0 0 0 0 3 0 0 0 1 0 0 0 0 0 0 0 0 0 0 0 0 0 0 0 0 0 0 0 0 0 0 0 0 0 0 0 0 0 0 11 0 0 0 0 0 0 0 9 0 0 0 0 0 21 8 0 9 0 0 7 21 1 6 10 0 12 28 12 2 22 7 0 34 0 0 0 0 7 0 0 0 0 0 0 0 0 0 0 0 0 0 0 7 0 0 0 0 0 0 1 0 0 0 0 0 4 0 0 0 0 5 0 0 0 0 0 0 0 0 0 0 0 0 0 8 0 0 0 0 0 0 0 0 0 36 27 7 0 0 18 14 10 0 1 0 31 15 0 9 12 13 12 24 0 0 0 0 0 0 0 0 0 0 0 0 0 0 0 0 0 0 0 0 0 0 0 0 0 0 0 0 0 0 0 0 0 1 0 0 0 0 1 11 0 0 1 2 2 12 0 0 0 0 0 0 0 0 0 0 0 0 0 0 0 0 0 0 0 0 0 0 0 0 
 0 0 0 0 0 0 2 0 0 0 0 0 0 3 0 4 0 0 3 0 0 0 0 0 50 0 0 0 0 0 0 0 0 0 50 0 0 0 0 0 0 0 0 0 0 0 0 0 2 1 0 0 0 0 0 68 0 55 0 0 0 120 133 65 57 30 216 206 121 36 43 27 270 125 245 48 20 28 48 50 2 3 0 0 0 0 0 0 0 0 0 0 2 0 0 0 0 0 0 3 18 0 0 0 0 0 0 0 0 0 0 0 0 1 0 0 0 0 8 0 0 0 0 0 0 0 0 0 0 0 0 0 21 0 0 0 0 0 0 0 0 54 18 0 0 0 0 19 0 5 20 0 0 0 1 28 5 14 0 0 0 0 0 0 0 0 2 0 3 2 0 0 3 0 0 0 0 0 3 3 0 0 0 0 0 0 0 0 0 0 0 0 0 0 0 0 4 0 0 0 0 0 0 0 0 0 0 0 0 0 0 0 0 0 0 7 0 0 0 0 0 28 73 40 0 0 1 1 44 51 15 11 0 41 14 45 15 22 0 0 1 0 0 0 0 0 0 0 0 2 0 0 0 0 16 0 0 0 0 0 0 0 0 0 0 0 1 0 0 0 18 0 0 1 0 0 0 2 0 0 0 0 0 0 0 0 0 0 0 0 
 0 1 0 0 0 0 0 0 0 0 0 2 55 0 0 0 0 0 0 0 0 0 0 0 0 0 0 0 3 0 0 0 0 0 0 1 0 0 0 0 0 0 0 0 0 0 0 3 1 0 0 0 0 0 0 0 0 2 0 0 120 0 264 60 30 43 93 274 193 289 30 34 272 61 221 179 173 27 44 40 0 0 0 0 0 0 0 0 0 0 0 0 0 0 0 0 0 0 0 0 0 0 0 0 0 9 0 0 0 0 0 0 0 0 0 0 0 0 0 0 0 0 0 0 0 0 0 0 0 0 0 0 0 0 0 0 0 0 0 0 0 19 19 82 0 0 0 0 10 24 33 39 0 0 0 24 25 14 0 0 0 0 0 0 0 0 0 0 0 0 0 0 0 0 0 0 0 0 0 0 0 0 0 0 0 20 0 0 0 0 0 0 0 0 0 0 0 0 0 0 0 0 0 0 0 0 0 0 0 0 0 0 0 0 0 0 0 0 0 0 0 6 22 26 0 1 0 5 10 46 24 17 0 0 0 23 19 18 0 0 8 0 0 0 0 0 0 0 16 0 0 0 0 0 9 0 0 0 0 0 0 0 0 0 0 0 9 0 0 0 10 0 0 2 2 1 0 0 0 0 0 0 0 0 0 0 0 0 0 0 
