 0 295 98 60 240 57 757 687 42 40 30 168 275 178 413 57 46 50 268 137 0 0 0 3 0 2 0 0 0 0 0 1 0 0 0 0 0 0 5 2 0 0 0 3 0 6 0 3 0 0 0 0 0 2 3 0 0 2 3 0 0 0 0 0 0 3 0 3 0 3 2 0 0 0 0 3 0 0 3 0 58 17 8 11 0 0 13 63 18 0 0 0 0 18 37 35 18 0 0 0 0 0 0 0 0 0 0 0 29 0 0 0 0 0 0 0 0 16 0 0 0 0 0 0 0 0 0 0 0 0 0 0 0 0 0 0 0 0 0 0 0 0 0 0 0 0 0 0 0 0 0 0 0 0 0 0 0 0 0 0 44 57 13 0 0 0 7 17 26 3 0 1 0 25 21 0 28 0 0 0 0 0 0 0 0 0 0 0 0 0 0 0 0 0 0 0 0 0 0 0 0 0 0 0 0 0 0 0 0 0 19 0 0 0 0 0 0 0 0 0 0 2 0 0 0 0 0 0 0 0 0 0 0 0 0 0 0 14 0 0 0 27 0 0 0 0 2 2 2 0 0 11 0 0 0 0 0 0 2 0 0 0 0 0 0 0 0 0 0 0 0 0 0 0 0 0 0 0 0 0 0 0 0 0 0 0 0 0 0 0 
 295 0 364 281 25 31 74 563 366 91 32 36 71 157 561 314 209 34 35 75 0 0 3 3 0 1 0 0 0 0 0 0 0 0 2 3 0 0 3 5 0 0 0 3 0 0 0 3 0 0 3 0 0 0 10 0 2 2 0 0 0 0 0 0 2 3 0 3 2 2 2 2 17 0 0 2 0 2 0 0 0 48 38 47 1 1 19 2 40 20 32 35 0 27 24 49 53 98 0 0 0 0 0 11 0 0 0 0 0 0 0 0 0 0 0 0 0 0 0 0 0 0 0 0 0 0 0 0 0 0 0 1 0 0 0 0 0 0 0 0 0 0 0 0 0 0 0 0 0 1 0 0 0 0 0 0 0 0 0 7 50 38 16 0 0 0 0 5 42 32 32 20 0 0 14 25 39 1 0 0 0 0 0 0 0 0 16 0 0 0 0 0 0 0 0 0 0 0 0 0 0 0 0 0 0 0 0 0 0 0 0 0 0 0 0 0 0 0 0 0 9 0 0 0 0 0 0 22 0 0 0 0 0 0 0 0 0 0 0 0 0 0 0 0 0 0 2 0 0 1 0 0 0 0 0 0 0 0 0 9 2 0 22 0 0 0 0 0 2 0 0 0 0 0 0 0 11 0 0 0 0 0 0 0 0 0 0 0 0 0 
 98 364 0 133 40 34 73 88 222 324 290 25 81 69 159 211 360 385 45 260 1 1 1 3 0 0 0 0 0 1 0 0 1 41 5 5 3 5 3 3 0 0 1 3 9 0 0 76 0 2 0 0 0 0 10 1 0 2 0 0 0 3 0 0 2 54 0 3 2 2 2 0 7 17 1 38 2 0 0 1 0 45 81 99 17 0 2 0 35 72 49 46 2 27 6 35 61 51 0 0 0 2 0 1 0 0 0 0 0 0 0 0 0 31 0 0 0 0 1 0 0 0 0 11 0 0 0 0 0 0 1 0 0 0 0 0 0 1 0 2 0 0 0 0 0 0 0 1 0 0 0 0 0 0 0 0 0 0 0 0 1 1 26 36 0 0 0 6 20 41 34 35 0 0 0 43 23 49 0 0 0 0 0 0 0 0 0 2 0 0 0 0 0 0 0 0 0 2 0 0 0 0 0 0 0 0 0 0 0 0 0 1 1 0 0 0 15 0 0 0 0 0 0 0 0 0 0 0 0 0 2 0 0 0 0 8 0 0 0 0 0 0 0 0 0 0 5 0 1 3 0 9 0 0 0 0 0 0 0 0 0 0 23 0 0 0 0 0 0 0 0 0 0 0 0 0 12 14 0 0 0 0 0 0 0 0 0 0 0 0 
 60 281 133 0 311 62 84 65 309 392 105 399 71 77 51 66 147 373 99 74 0 0 0 3 0 0 0 0 0 0 2 0 0 0 0 0 37 2 4 3 2 0 0 3 0 0 0 10 0 0 0 0 0 0 5 0 0 2 0 0 0 0 0 0 0 3 0 3 0 2 2 0 1 0 0 2 0 0 0 0 0 0 37 0 43 2 0 0 0 27 40 19 0 0 0 0 14 0 0 0 0 0 0 0 0 0 0 0 0 0 0 1 16 0 0 0 0 0 14 9 0 0 0 0 0 0 0 0 0 0 0 0 2 1 0 0 1 0 0 0 0 0 0 0 0 0 0 7 0 1 0 0 0 0 0 0 0 0 0 0 0 0 11 44 13 23 0 0 11 4 24 36 0 0 0 18 1 28 0 0 0 0 0 0 0 13 0 0 0 0 0 0 0 0 0 0 0 0 0 0 0 0 1 0 0 0 0 0 0 0 0 0 0 0 0 0 0 0 0 0 0 0 0 0 4 0 0 0 0 0 0 0 0 0 0 0 0 0 0 0 0 31 0 0 0 0 13 0 1 59 1 2 14 0 0 0 0 0 0 0 0 0 0 0 0 0 0 0 0 0 0 0 0 0 0 25 0 13 0 0 0 0 0 0 0 0 0 0 0 0 
 240 25 40 311 0 350 62 64 69 80 94 298 89 59 289 291 62 22 276 74 0 0 0 5 0 3 0 0 4 0 0 1 1 3 0 0 0 3 5 2 0 0 0 3 0 6 0 3 0 0 0 0 0 6 5 0 0 5 0 0 0 0 0 0 0 3 0 3 0 31 3 0 0 0 1 3 0 2 6 0 0 0 0 0 25 15 0 0 0 0 0 15 0 0 0 0 0 0 0 0 0 1 0 0 0 0 22 0 0 0 9 0 39 11 0 0 0 0 12 15 0 0 0 0 0 0 0 0 0 0 0 0 0 0 0 0 9 0 0 0 0 0 0 0 0 0 0 0 0 0 0 0 0 0 0 0 0 0 0 0 0 0 0 12 11 30 0 0 0 0 6 0 0 0 0 0 0 0 0 0 0 0 0 0 11 0 29 0 0 0 0 0 66 0 0 0 0 7 76 1 0 0 0 0 0 0 0 0 0 0 0 0 0 0 0 0 0 0 0 0 0 0 0 0 0 0 0 0 0 0 0 0 0 0 0 0 0 0 0 0 0 19 0 0 0 0 2 3 0 5 2 15 15 0 0 0 0 0 0 0 0 0 0 0 0 0 0 0 0 0 0 0 0 0 0 0 0 0 0 0 0 0 0 0 0 0 0 0 0 0 
 57 31 34 62 350 0 486 29 42 47 60 72 30 83 134 55 168 76 264 270 2 1 0 3 0 1 0 0 0 2 0 0 3 0 0 0 0 0 299 3 0 0 0 3 0 0 0 3 0 0 3 0 0 1 3 33 0 2 0 0 0 0 5 0 0 3 0 3 0 53 2 0 31 0 0 2 0 0 1 0 8 2 0 0 6 63 0 0 0 0 0 0 0 0 0 0 2 0 0 0 1 1 0 2 0 0 39 0 0 0 0 0 40 15 0 0 0 0 25 24 0 0 0 0 0 0 0 0 0 0 0 13 0 0 0 0 7 0 0 1 21 0 0 0 0 0 0 0 0 0 0 0 0 0 0 0 2 0 2 0 0 0 0 0 9 23 0 0 0 0 0 2 0 0 0 0 0 0 0 0 25 0 0 0 0 0 55 0 0 0 0 0 54 0 14 0 0 0 57 36 0 0 0 0 0 0 0 0 0 0 0 2 0 0 0 0 0 0 0 42 0 0 0 0 0 0 0 0 0 0 0 0 0 0 0 0 0 0 0 2 0 0 0 0 0 9 4 0 1 1 0 19 0 0 0 0 0 0 0 0 0 0 0 0 0 0 0 0 0 0 0 0 0 0 0 0 0 0 0 0 0 0 0 0 0 0 0 0 0 0 
 757 74 73 84 62 486 0 113 71 137 44 241 511 472 53 43 53 50 377 855 0 0 2 4 0 0 0 0 0 1 0 0 0 0 1 25 0 0 3 3 2 0 0 3 0 0 0 3 0 0 0 0 0 0 3 0 0 2 0 0 0 0 0 0 0 3 0 3 0 2 2 0 0 0 0 2 0 0 0 0 50 0 0 0 2 0 29 56 19 0 0 0 0 28 22 1 0 1 0 0 0 0 0 0 0 0 0 0 0 0 0 1 0 0 0 0 0 0 0 0 13 0 0 0 0 0 0 0 0 0 0 0 2 0 0 0 0 0 0 0 0 0 0 0 0 0 0 0 0 6 0 0 0 0 0 0 0 0 0 0 26 18 15 2 0 0 6 6 0 0 0 0 0 45 45 0 8 0 0 10 0 0 0 0 0 0 0 0 0 0 0 0 0 0 0 0 0 13 0 0 0 0 0 0 0 0 0 0 0 0 0 0 0 0 0 0 0 33 0 0 0 0 0 0 2 0 0 0 0 0 0 0 0 10 0 0 0 16 0 0 0 0 0 0 0 2 0 0 0 2 0 2 0 0 0 10 0 0 0 0 0 0 0 0 0 0 0 0 0 0 0 0 0 0 0 0 0 0 0 0 0 0 0 0 0 0 0 0 0 0 
 687 563 88 65 64 29 113 0 89 54 43 37 517 443 109 50 53 23 279 73 1 0 3 3 5 1 0 74 0 2 0 3 0 0 0 0 0 1 5 3 2 12 0 4 2 2 0 5 3 0 3 0 0 1 4 0 3 2 2 34 0 0 0 0 0 3 0 4 0 3 2 0 4 0 2 2 0 0 1 1 0 55 7 65 0 0 18 27 120 0 87 2 0 13 31 54 57 14 0 0 0 0 0 0 0 0 0 0 0 0 0 0 0 0 0 0 0 0 0 0 0 0 0 0 8 0 0 0 0 0 0 0 0 0 0 0 0 0 0 0 0 0 0 0 0 0 0 0 0 0 0 0 0 0 0 0 0 0 0 0 26 42 43 1 0 0 0 6 15 11 1 36 0 0 28 1 10 0 0 0 0 0 0 0 0 0 0 0 0 0 0 0 0 0 0 0 0 0 0 0 0 0 0 0 0 0 0 0 0 0 0 0 0 1 0 0 0 0 0 0 0 0 0 0 0 0 0 0 0 0 0 0 0 0 0 0 0 0 0 0 0 0 0 0 0 0 2 2 1 0 0 10 0 0 0 0 0 0 0 2 0 0 1 0 0 0 0 0 0 0 0 0 0 0 0 0 0 10 0 0 0 0 0 0 0 0 0 0 0 0 
 42 366 222 309 69 42 71 89 0 407 62 39 322 82 137 238 292 380 83 299 1 0 0 3 0 0 0 1 0 0 0 0 0 0 0 0 0 0 3 3 0 0 0 3 0 0 65 3 0 0 0 0 0 0 8 0 0 2 0 0 0 0 0 0 0 3 0 3 0 2 2 0 14 0 0 2 0 0 0 0 0 51 57 53 16 0 0 0 43 40 42 22 0 16 9 61 45 66 0 0 0 0 0 0 0 21 0 0 0 0 0 0 0 0 1 0 0 0 5 0 2 0 0 0 0 0 0 0 0 0 0 0 0 1 0 0 0 0 0 0 0 0 0 0 0 0 0 0 0 0 2 0 0 0 0 0 0 0 0 0 4 9 25 48 0 1 0 2 73 27 42 52 0 0 0 28 26 79 0 0 0 0 0 0 0 0 0 0 0 8 0 0 0 0 0 2 0 0 0 0 0 0 2 0 0 0 0 0 0 0 0 0 0 2 0 0 0 0 0 0 0 0 0 0 0 0 0 0 0 0 0 0 0 0 0 0 2 0 0 0 0 0 0 0 0 2 3 1 1 2 0 9 0 0 0 0 0 0 0 0 0 0 18 0 0 0 0 0 0 1 0 0 0 0 0 0 7 17 0 0 0 0 0 0 0 0 0 0 0 0 
 40 91 324 392 80 47 137 54 407 0 387 251 43 74 97 580 287 142 98 86 2 0 0 3 0 3 0 2 0 0 2 1 0 0 0 0 0 0 3 2 1 0 0 3 0 0 0 3 0 0 0 0 0 3 9 0 0 2 0 0 0 0 0 0 0 3 0 3 0 3 2 0 3 0 0 3 0 0 3 0 0 0 50 0 14 10 0 0 0 62 15 38 0 16 0 0 32 76 0 0 0 0 0 0 0 0 0 0 0 0 0 2 0 0 0 0 0 0 17 0 0 0 0 0 0 0 0 0 0 0 0 0 1 0 0 0 0 0 0 15 2 0 0 0 0 0 0 0 0 2 0 0 0 0 0 7 0 0 0 6 0 0 0 36 0 0 0 0 52 22 30 25 0 0 0 27 13 61 0 0 0 0 0 0 0 0 0 0 0 0 0 0 0 0 0 0 0 0 0 0 0 0 0 0 0 0 0 0 0 9 0 0 0 0 0 0 0 0 0 0 0 0 0 0 0 0 0 0 14 0 0 0 0 0 0 7 0 0 0 0 0 1 0 0 0 2 89 0 2 174 0 0 0 0 0 0 0 0 0 0 0 0 34 0 0 0 0 0 0 0 0 0 0 0 0 16 21 0 0 0 0 0 0 0 0 0 0 0 0 0 
 30 32 290 105 94 60 44 43 62 387 0 405 43 34 143 85 192 608 43 66 0 0 0 3 0 1 0 0 0 2 0 0 0 0 6 4 0 4 4 11 1 0 0 3 0 0 0 3 0 62 0 2 0 1 3 0 0 2 0 0 0 0 51 0 0 3 2 3 0 3 2 0 0 0 0 2 0 6 1 0 0 0 19 0 40 2 0 0 0 66 19 40 0 0 0 0 14 1 0 0 0 14 0 0 0 0 0 0 0 0 0 0 10 0 0 0 14 0 15 9 0 0 0 0 0 0 0 0 0 0 0 0 0 0 0 0 1 0 0 0 0 0 0 0 0 0 0 0 0 0 0 0 0 0 0 0 0 0 0 0 0 0 11 44 15 25 0 0 14 0 26 25 2 0 0 18 1 28 0 0 0 0 0 0 0 0 0 0 0 0 0 0 1 0 0 0 0 0 0 0 0 0 0 0 0 0 0 0 0 0 0 0 0 0 0 0 0 0 0 0 0 0 0 0 0 0 0 0 0 0 0 0 0 0 0 0 0 0 0 0 0 13 0 0 0 6 16 1 0 51 0 2 15 0 0 0 0 0 0 0 0 0 0 0 0 0 0 0 0 0 0 0 0 0 0 40 5 14 0 0 0 0 0 0 0 0 0 0 0 0 
 168 36 25 399 298 72 241 37 39 251 405 0 66 31 166 26 66 54 18 46 1 4 0 3 0 2 2 0 0 1 0 0 0 3 1 0 0 0 3 5 2 0 0 6 0 0 0 6 2 2 0 10 0 0 3 0 3 2 0 0 0 0 0 3 0 3 0 3 0 2 2 0 54 0 0 4 0 47 0 0 0 0 0 0 29 10 0 0 0 10 25 16 0 0 0 0 0 0 0 0 0 0 0 0 2 0 1 0 0 0 0 0 47 13 0 0 0 0 24 16 0 0 0 0 0 2 0 0 2 0 0 1 0 0 0 0 10 0 0 0 0 0 0 1 1 0 0 0 0 0 0 0 0 0 0 0 0 0 0 0 0 0 0 13 14 47 0 0 5 0 5 0 0 0 0 0 1 0 6 0 0 0 0 0 0 0 11 0 0 0 0 0 32 0 1 0 0 0 28 0 1 0 0 0 0 0 0 0 0 0 0 0 0 0 0 0 0 2 0 0 0 0 0 0 0 2 0 0 0 0 0 0 0 0 0 0 0 0 0 0 0 14 0 0 0 0 171 0 0 212 0 22 11 0 0 0 0 0 0 0 0 0 0 0 0 0 0 0 0 0 0 0 0 0 0 31 0 0 0 0 0 0 0 0 0 0 0 0 0 0 
 275 71 81 71 89 30 511 517 322 43 43 66 0 107 44 45 33 33 475 559 0 0 0 4 0 1 0 0 0 0 0 2 1 0 3 0 4 0 15 4 0 0 0 3 0 68 0 3 0 0 0 0 0 2 3 0 0 2 0 0 0 0 0 0 0 3 0 3 3 3 2 45 0 2 0 3 0 0 3 0 79 0 0 0 0 0 38 31 0 0 0 0 25 17 23 0 0 0 27 45 2 0 0 0 1 0 0 0 0 0 0 0 0 0 0 0 0 0 0 0 0 0 0 0 0 0 1 0 1 0 0 2 13 0 0 0 0 0 0 0 0 0 0 2 2 9 0 0 0 3 0 0 0 0 0 0 0 0 0 0 22 0 8 0 0 0 11 9 0 0 0 1 60 36 6 0 13 21 13 38 0 0 0 0 0 0 0 0 0 0 0 0 0 0 0 0 0 0 0 0 2 0 0 0 0 0 0 0 0 0 0 0 0 0 0 0 0 52 0 0 0 0 0 0 19 0 0 0 0 0 0 0 0 0 0 0 0 0 0 0 0 0 0 0 0 0 0 2 2 0 0 9 0 0 0 0 0 0 0 0 0 0 0 0 0 0 0 0 0 0 0 0 0 0 0 0 0 0 0 0 0 0 0 0 0 0 0 0 0 0 
 178 157 69 77 59 83 472 443 82 74 34 31 107 0 444 65 35 248 105 423 2 0 2 3 0 0 0 75 2 3 1 60 0 0 4 4 0 0 3 3 0 0 0 6 2 1 0 3 0 3 3 0 0 0 3 2 3 2 0 0 0 0 0 0 3 6 0 3 0 2 3 2 1 0 0 2 0 2 0 0 67 21 7 11 0 0 21 45 18 0 1 0 0 21 35 42 16 0 0 0 0 1 0 2 0 0 0 0 0 0 0 0 10 0 0 0 0 0 0 0 0 0 0 0 0 0 0 0 0 0 0 0 0 0 0 0 0 0 0 1 0 0 0 0 0 0 0 0 0 0 0 0 0 0 0 0 3 0 2 0 39 43 12 10 0 0 10 17 21 0 0 3 0 25 33 0 26 0 0 7 0 0 0 0 0 0 0 0 0 0 0 0 0 0 0 0 0 0 0 0 0 0 0 0 0 0 0 0 0 0 0 2 0 0 0 0 0 0 0 0 0 0 0 0 0 0 0 0 0 0 0 0 0 0 0 0 0 1 0 2 0 0 0 0 0 2 0 0 2 1 0 4 0 0 0 0 0 0 0 2 0 0 0 0 0 0 0 0 0 0 0 0 0 0 0 0 0 0 0 0 0 0 0 0 0 0 0 0 0 0 
 413 561 159 51 289 134 53 109 137 97 143 166 44 444 0 83 85 37 253 119 1 0 0 3 0 2 4 0 2 2 0 2 2 3 2 0 0 0 3 2 2 0 3 3 0 0 0 3 2 1 0 0 0 3 3 3 0 2 0 0 0 2 0 50 0 3 2 3 0 4 2 0 97 0 0 4 0 0 4 0 0 53 6 48 0 0 17 25 54 1 46 1 0 10 28 41 29 44 0 2 0 0 0 0 0 0 0 0 0 0 0 0 0 0 0 0 0 0 0 0 0 0 0 0 0 0 0 0 0 0 0 0 0 0 1 0 0 0 0 0 0 0 1 0 0 0 0 0 0 1 0 0 1 0 0 0 0 0 0 0 22 42 38 2 0 2 0 5 14 9 7 21 0 21 30 2 18 0 1 1 0 0 0 0 0 0 0 0 0 0 0 0 0 0 0 0 0 0 0 0 0 0 0 0 0 2 0 0 0 0 16 0 0 0 0 2 0 0 0 0 0 0 0 0 0 0 0 2 0 1 0 0 0 0 0 0 0 0 0 0 0 0 0 0 0 2 2 0 1 0 0 34 0 0 0 0 0 0 0 0 0 0 1 0 0 0 0 0 0 0 0 0 0 0 0 0 0 0 0 0 0 0 0 0 0 0 0 0 0 2 
 57 314 211 66 291 55 43 50 238 580 85 26 45 65 83 0 269 378 242 156 0 0 0 4 1 3 0 0 0 0 0 0 0 0 0 0 0 0 3 3 1 0 0 3 0 0 0 3 0 0 0 0 0 2 17 0 42 2 0 0 0 0 0 0 0 3 0 3 0 3 2 0 1 0 0 3 0 0 3 0 0 54 52 41 73 0 2 0 47 38 48 28 1 8 12 39 51 40 0 0 0 0 0 0 0 0 0 0 0 0 0 0 0 0 0 0 0 0 2 0 0 0 0 0 0 0 0 0 0 0 1 0 0 0 0 0 0 2 0 0 0 0 0 0 0 0 0 0 0 0 0 0 0 0 0 0 0 0 0 0 0 0 33 33 0 2 0 0 18 48 24 36 0 0 0 94 16 33 0 0 0 0 0 0 2 0 0 0 0 0 0 0 0 0 0 0 0 1 0 0 0 0 0 0 0 0 0 0 0 0 0 0 0 0 0 0 0 0 0 0 0 0 0 0 0 0 0 0 0 0 0 0 0 0 0 0 0 0 0 0 0 0 0 0 0 1 2 0 0 2 0 13 0 0 0 0 0 0 0 0 0 0 12 0 0 0 0 0 0 0 0 0 0 0 0 0 9 38 0 0 0 0 0 0 0 0 0 0 0 0 
 46 209 360 147 62 168 53 53 292 287 192 66 33 35 85 269 0 321 23 40 1 2 0 3 0 1 0 1 0 0 0 0 2 0 0 2 1 2 3 3 0 0 21 3 0 0 0 3 0 0 0 3 0 0 8 0 0 2 0 0 0 0 3 27 0 3 0 3 0 2 2 0 4 0 0 2 0 0 0 0 0 27 37 36 12 0 0 0 32 32 43 25 0 8 14 28 47 61 2 0 0 0 0 0 0 0 0 12 2 0 0 0 0 0 0 0 1 0 1 0 1 0 0 0 0 0 0 0 0 0 0 0 0 0 0 0 0 0 0 0 0 0 0 0 0 0 0 0 0 0 1 0 0 0 0 0 0 0 0 0 11 1 15 41 0 0 0 0 22 24 29 33 0 11 0 75 21 30 0 0 0 0 0 0 0 0 0 0 0 0 0 0 0 0 2 0 1 0 0 0 0 0 0 0 0 0 0 0 0 0 0 0 0 13 0 0 0 0 0 1 0 0 0 0 0 0 0 0 0 0 0 0 0 0 0 0 1 0 0 0 0 0 0 0 0 0 85 0 3 0 0 2 0 0 0 0 0 0 0 0 0 0 17 0 0 0 0 0 0 2 0 0 0 0 0 0 8 31 0 0 0 0 0 0 0 0 0 0 0 0 
 50 34 385 373 22 76 50 23 380 142 608 54 33 248 37 378 321 0 37 57 0 0 0 3 74 1 0 0 0 0 0 0 2 2 2 2 56 2 3 6 2 0 0 64 0 0 0 3 0 0 2 3 0 1 8 0 0 3 0 0 0 0 0 0 0 3 1 3 0 3 2 0 0 0 34 2 0 3 28 0 0 1 41 1 11 17 0 0 4 40 21 29 36 18 4 16 24 58 0 0 0 0 0 0 0 0 0 0 0 0 0 2 0 0 0 0 11 0 17 0 2 0 0 0 0 0 0 0 0 0 1 0 1 1 0 0 0 0 0 0 0 0 0 0 0 0 0 0 0 0 2 0 0 0 0 0 0 0 0 0 0 0 10 33 0 0 0 0 24 34 24 17 0 0 0 37 20 20 0 0 0 0 0 0 0 0 0 22 0 0 0 0 0 0 1 2 0 0 0 0 0 0 2 0 0 0 0 0 0 0 0 0 0 2 0 0 0 0 0 0 0 0 0 0 0 0 15 0 0 0 0 0 0 0 0 0 2 0 0 0 0 0 0 0 0 0 170 1 1 170 0 10 0 0 0 0 0 0 0 0 0 0 16 0 0 0 0 0 0 1 0 0 0 0 0 32 10 11 0 0 0 0 0 0 0 0 0 0 0 0 
 268 35 45 99 276 264 377 279 83 98 43 18 475 105 253 242 23 37 0 416 2 0 0 5 0 0 87 0 1 1 0 0 0 0 0 74 0 0 3 5 1 0 2 3 0 0 0 3 0 0 0 0 31 0 3 0 0 2 4 0 0 54 0 0 0 3 0 3 7 2 2 0 0 0 0 2 44 0 0 0 2 0 0 0 0 0 48 0 0 0 0 0 33 14 0 0 0 0 64 57 0 0 0 0 0 0 0 0 0 0 0 0 0 0 0 0 0 0 0 0 0 0 0 0 0 0 0 16 0 0 0 0 0 0 0 0 0 0 0 0 0 0 0 0 0 0 0 0 0 6 0 0 0 0 0 0 5 0 0 0 0 0 0 0 0 0 32 0 0 0 0 2 29 70 16 0 0 0 37 40 0 0 0 0 0 0 0 0 0 0 0 0 0 0 0 0 0 0 0 0 0 0 0 0 0 0 0 0 0 0 0 0 0 0 0 0 0 0 0 0 0 0 0 0 0 0 0 0 0 0 0 13 0 12 0 0 0 0 0 19 0 0 0 0 0 0 1 0 1 0 0 3 0 0 2 1 0 2 0 0 0 0 0 0 0 0 0 0 0 0 0 0 0 0 0 0 0 0 0 0 0 0 0 0 0 0 0 0 0 0 
 137 75 260 74 74 270 855 73 299 86 66 46 559 423 119 156 40 57 416 0 0 2 0 3 1 0 0 0 0 200 0 1 0 2 0 0 0 0 3 3 0 0 0 3 0 0 0 3 0 0 0 0 0 0 3 0 0 2 0 0 1 0 0 0 0 3 0 3 2 4 2 0 0 0 0 2 1 30 0 0 60 0 0 1 0 2 32 33 1 0 0 1 19 31 21 0 26 3 12 46 0 0 0 0 0 0 0 0 0 0 0 0 0 0 0 0 0 0 2 0 0 0 0 0 0 0 0 0 0 0 0 0 0 0 0 0 0 0 0 0 0 0 0 0 0 0 0 0 0 4 0 0 0 0 0 0 0 0 1 0 27 0 1 0 0 0 10 7 0 0 0 0 13 35 11 0 15 0 12 19 0 0 0 0 0 0 0 0 0 0 0 0 0 0 0 0 0 0 0 0 0 0 0 0 0 0 0 0 0 0 0 13 0 0 0 0 0 0 0 0 0 0 2 0 0 0 0 0 0 0 0 2 0 0 0 0 0 0 0 0 0 0 0 0 0 4 0 0 1 1 0 12 0 0 0 0 0 0 0 0 154 0 0 0 0 0 0 0 0 0 0 0 0 0 0 0 0 0 0 0 0 0 0 0 0 0 0 0 0 0 
 0 0 1 0 0 2 0 1 1 2 0 1 0 2 1 0 1 0 2 0 0 102 60 52 30 250 426 371 54 45 74 47 90 253 375 124 47 39 42 212 0 0 0 9 1 0 1 1 3 2 10 10 0 11 0 0 207 0 0 0 2 0 2 2 6 0 0 6 0 0 0 2 2 0 0 0 0 0 2 0 0 0 0 0 0 0 0 0 0 0 0 0 0 0 2 0 0 0 0 0 22 30 27 19 0 0 15 30 28 21 7 0 0 18 54 29 15 21 0 0 2 0 11 0 0 0 0 0 0 0 0 0 0 0 0 0 0 0 0 1 0 0 5 0 0 0 0 0 0 0 0 0 0 0 2 2 0 5 0 0 0 0 3 0 0 0 0 0 0 0 0 0 0 3 0 0 0 2 1 0 19 56 20 2 0 0 0 50 23 27 0 1 2 21 11 29 51 1 0 3 0 0 0 0 0 0 0 0 0 0 0 0 0 0 0 0 0 0 0 0 0 0 3 0 0 0 0 0 0 0 0 0 12 1 0 0 0 0 0 0 0 0 0 0 0 0 0 0 0 0 0 0 0 0 3 2 4 0 0 0 0 1 0 0 0 0 0 0 0 0 0 0 0 0 0 0 0 0 0 0 0 0 0 0 0 0 0 0 0 0 
 0 0 1 0 0 1 0 0 0 0 0 4 0 0 0 0 2 0 0 2 102 0 417 100 35 238 97 429 337 263 42 35 66 139 369 360 516 33 37 52 0 0 0 3 3 0 0 2 3 0 3 0 0 0 0 1 3 0 63 0 1 0 2 2 3 0 0 0 50 0 0 0 0 0 0 0 0 0 3 0 0 0 0 0 22 0 0 0 0 1 0 0 0 0 0 0 0 0 0 0 0 24 28 45 0 1 0 27 29 53 15 19 0 23 18 37 72 62 0 0 0 0 0 0 0 0 0 0 0 0 0 0 0 0 0 0 0 0 0 0 0 0 6 0 0 0 0 0 0 0 0 0 0 0 0 0 1 0 13 1 0 0 0 0 0 0 0 0 1 0 6 0 0 0 0 0 2 0 0 0 10 63 47 20 0 0 0 22 1 34 33 24 0 0 0 27 30 8 1 0 0 0 0 0 0 0 0 1 0 0 0 1 0 1 2 0 0 0 1 0 0 0 0 0 0 0 10 0 0 1 0 0 0 0 0 0 0 0 0 0 0 0 24 0 0 0 0 0 0 0 0 0 0 0 4 2 2 3 0 2 0 10 0 0 0 0 10 0 0 0 0 0 0 0 0 0 0 0 0 0 0 58 0 0 0 0 9 0 0 0 
 0 3 1 0 0 0 2 3 0 0 0 0 0 2 0 0 0 0 0 0 60 417 0 392 67 40 56 74 170 499 61 41 282 144 271 176 455 429 125 53 0 0 2 3 2 0 3 2 6 0 4 0 0 2 3 7 3 58 1 0 1 0 2 2 3 3 0 0 30 2 0 0 0 0 0 0 0 0 3 3 0 0 0 0 0 0 0 0 0 0 0 0 0 0 2 0 0 12 0 0 0 34 32 33 17 15 1 2 8 58 35 99 0 0 1 26 44 40 0 0 2 0 0 0 0 0 0 0 0 0 0 0 0 13 0 0 0 0 0 0 0 0 2 0 9 0 0 0 0 0 0 0 0 0 0 2 0 0 0 0 0 0 0 0 0 0 0 0 0 0 5 0 1 0 0 0 0 0 0 0 2 13 22 44 24 1 0 21 8 19 45 38 2 0 0 39 1 28 0 0 0 0 0 0 0 0 0 0 0 0 0 0 0 0 0 0 0 0 0 0 0 0 0 0 0 0 0 0 0 0 0 0 0 18 0 0 0 13 0 0 0 0 17 0 0 0 0 0 0 0 0 0 0 0 23 1 0 3 2 2 10 21 0 0 0 0 10 0 0 0 0 0 0 0 0 0 0 0 0 0 0 4 0 0 0 0 5 0 0 0 
 3 3 3 3 5 3 4 3 3 3 3 3 4 3 3 4 3 3 5 3 52 100 392 0 102 52 78 43 109 471 142 389 60 281 147 40 107 368 100 47 0 0 0 3 4 0 5 2 3 0 3 0 0 0 0 7 3 13 0 0 4 4 2 2 3 0 0 0 50 0 0 0 0 0 2 0 0 0 18 0 0 0 0 0 0 0 0 0 0 0 0 0 0 0 0 0 0 0 0 0 0 0 13 1 36 54 0 0 0 13 55 17 0 0 0 0 15 8 0 0 0 0 0 0 0 0 0 0 0 0 0 0 10 1 0 0 0 0 9 0 0 0 0 0 0 0 0 0 0 0 0 0 0 0 0 0 0 0 0 0 0 0 0 0 0 0 0 0 0 0 0 0 2 0 0 0 0 0 0 0 0 0 0 15 13 65 0 0 56 0 21 32 0 13 0 14 0 30 0 0 0 0 19 0 0 0 10 0 0 0 0 0 2 0 0 0 0 0 16 14 0 0 0 0 0 0 0 0 0 0 0 0 0 0 0 0 0 0 0 0 0 0 0 0 0 0 0 0 0 0 0 0 0 0 13 0 0 49 74 3 13 0 0 0 0 2 0 0 0 0 0 0 0 0 0 0 0 0 0 0 0 12 0 0 0 0 0 0 0 0 
 0 0 0 0 0 0 0 5 0 0 0 0 0 0 0 1 0 74 0 1 30 35 67 102 0 398 55 88 71 82 99 331 80 76 80 78 83 52 54 79 0 0 0 3 1 0 1 1 6 0 6 0 0 1 2 0 6 0 11 2 7 5 2 2 6 0 0 1 0 0 0 0 0 0 55 0 0 0 53 1 0 0 0 0 9 0 0 0 0 0 0 0 9 0 0 0 0 0 0 0 0 0 0 0 38 43 0 0 0 0 1 1 0 0 0 0 0 0 0 0 20 0 0 0 0 0 32 10 0 0 0 0 43 17 0 0 0 0 81 86 0 0 0 0 0 0 1 0 0 0 0 0 0 0 0 0 0 0 0 14 0 0 0 0 0 0 0 0 0 0 0 0 18 0 0 0 0 0 0 0 0 0 0 25 20 46 0 14 0 0 0 0 0 0 0 0 0 1 0 0 0 0 0 0 0 0 0 0 0 0 0 0 21 8 1 0 0 0 28 27 0 0 0 0 0 0 18 0 0 0 0 0 0 0 0 0 0 0 0 0 0 0 8 0 0 0 0 0 0 0 0 0 0 0 5 3 2 2 3 0 5 0 0 0 0 0 0 0 0 0 0 0 0 0 0 0 0 0 0 0 0 0 0 0 0 0 0 0 0 0 
 2 1 0 0 3 1 0 1 0 3 1 2 1 0 2 3 1 1 0 0 250 238 40 52 398 0 42 76 136 52 76 264 39 57 57 287 287 66 49 259 0 0 0 3 0 0 1 2 3 0 3 4 0 0 0 0 4 0 205 0 5 34 6 2 3 0 0 0 0 0 0 0 0 0 0 1 6 0 2 0 0 0 0 0 0 0 0 0 0 0 0 0 0 0 0 0 0 0 0 0 0 0 0 0 8 0 0 0 0 0 0 0 0 0 0 0 0 0 0 0 8 1 0 0 0 0 21 13 0 0 0 0 23 13 0 0 8 0 36 66 0 0 0 0 0 0 0 0 0 0 0 0 0 0 30 0 0 0 0 0 0 0 0 0 0 0 0 0 0 0 0 0 0 0 0 0 0 0 0 0 0 0 0 0 17 0 0 0 0 0 0 0 0 0 0 0 0 0 0 0 0 0 0 0 0 0 22 0 1 0 0 0 52 49 22 1 0 0 16 51 0 0 0 0 0 0 16 0 0 0 0 0 0 0 0 0 0 0 0 0 0 0 0 0 0 0 0 0 0 0 0 0 0 0 6 0 2 9 4 1 5 2 0 0 0 0 0 0 0 0 0 0 0 0 0 0 0 0 0 0 0 0 0 0 0 0 0 0 0 0 
 0 0 0 0 0 0 0 0 0 0 0 2 0 0 4 0 0 0 87 0 426 97 56 78 55 42 0 104 255 39 28 32 444 421 48 232 229 35 35 264 0 0 0 5 1 0 2 1 3 3 14 0 0 3 0 3 6 0 0 0 1 1 2 4 3 2 0 6 0 2 3 0 1 0 4 1 2 0 5 0 0 0 0 0 0 0 0 0 0 0 0 0 0 0 0 0 0 0 0 0 41 19 0 1 0 0 35 33 10 1 0 0 0 52 27 17 0 1 0 70 0 0 17 0 0 0 0 0 0 0 0 0 0 0 0 0 0 0 0 0 0 0 2 0 0 0 0 0 0 0 0 0 0 0 6 0 0 5 0 0 0 0 5 0 0 0 0 0 0 0 0 0 0 6 0 0 0 9 16 0 9 13 10 0 0 0 0 25 19 20 0 0 0 45 77 12 77 0 0 20 0 0 0 0 0 0 0 0 0 0 0 0 0 0 0 0 0 0 0 0 0 0 0 0 0 0 0 0 0 0 0 0 0 0 0 0 0 0 0 0 0 0 0 0 0 0 0 0 0 1 0 0 0 0 15 0 0 1 0 0 0 2 0 0 0 0 0 0 0 0 0 0 0 0 0 0 0 0 0 0 0 0 0 0 0 0 0 0 0 0 
 0 0 0 0 0 0 0 74 1 2 0 0 0 75 0 0 1 0 0 0 371 429 74 43 88 76 104 0 136 45 60 166 206 385 174 143 33 156 77 63 0 0 0 3 1 203 0 4 9 0 12 0 0 3 0 0 8 0 0 0 1 0 2 2 3 0 0 8 0 0 3 1 0 0 0 0 0 3 3 26 0 0 0 0 0 0 0 0 0 0 1 0 0 0 0 0 0 0 0 0 11 38 34 18 0 0 0 15 38 41 44 1 0 0 37 38 19 32 0 0 0 0 0 0 0 0 0 0 0 0 0 0 0 0 0 2 0 0 0 0 0 0 6 0 0 0 0 0 1 0 0 0 0 0 0 0 0 1 0 0 0 0 1 20 1 0 0 0 0 0 0 0 0 1 0 0 0 7 0 0 13 59 53 37 0 0 0 57 8 46 1 1 0 10 5 36 52 37 0 0 2 0 0 0 0 0 0 0 0 0 6 12 0 0 0 0 0 0 0 0 0 1 0 0 0 0 0 2 0 0 0 0 0 0 12 0 0 0 0 0 0 0 0 0 0 0 0 0 0 0 0 0 0 0 14 0 1 0 0 1 2 0 0 0 0 0 8 0 0 0 0 0 0 0 0 0 0 0 0 0 0 0 0 0 0 0 0 0 0 0 
 0 0 0 0 4 0 0 0 0 0 0 0 0 2 2 0 0 0 1 0 54 337 170 109 71 136 255 136 0 322 32 282 106 103 158 183 294 258 535 67 0 0 0 3 2 0 0 2 3 0 3 2 0 0 0 7 3 9 0 0 0 0 2 2 3 0 50 0 35 0 0 0 0 0 0 0 0 0 3 46 0 0 0 0 0 0 0 0 0 0 0 0 0 0 0 0 0 0 0 0 0 18 39 33 0 0 0 1 21 36 38 40 0 0 13 27 42 40 0 0 0 0 0 0 20 0 0 0 0 0 0 0 0 0 0 0 0 0 0 0 0 0 0 0 0 0 0 0 0 0 0 0 0 0 0 0 0 0 0 0 0 0 0 0 0 2 0 0 20 0 14 0 0 0 0 16 0 0 0 0 0 26 55 34 0 0 0 20 8 19 44 31 0 0 0 52 64 26 0 0 0 0 0 0 0 0 0 0 0 0 0 0 0 0 0 0 0 0 0 0 0 0 0 0 0 0 0 0 0 0 0 0 0 0 0 0 29 0 0 0 0 0 29 0 0 0 0 0 0 0 0 0 0 0 8 0 0 3 2 2 2 11 0 0 0 0 10 0 0 0 0 0 0 0 0 0 0 0 0 0 0 7 0 0 0 0 5 0 0 0 
 0 0 1 0 0 2 1 2 0 0 2 1 0 3 2 0 0 0 1 200 45 263 499 471 82 52 39 45 322 0 407 83 41 81 162 426 272 121 174 51 1 0 0 3 1 0 0 1 4 0 4 0 0 0 0 4 3 4 0 0 2 0 2 2 3 0 0 0 52 0 0 0 0 3 0 0 0 0 2 0 0 0 0 0 0 0 0 0 0 0 0 0 0 0 0 0 0 1 0 0 1 1 9 57 11 9 0 8 1 23 34 51 0 0 1 18 50 24 0 0 0 0 0 0 0 2 0 0 0 0 0 0 0 0 0 19 0 0 0 1 0 0 0 0 11 0 0 0 14 0 0 0 0 0 0 0 0 0 0 0 0 0 0 0 0 0 0 0 0 0 1 0 0 0 1 0 0 0 0 0 0 1 1 11 6 12 0 2 9 1 47 57 0 0 0 10 1 36 0 0 0 0 0 0 0 0 0 0 0 0 0 0 0 0 0 0 0 0 1 0 0 0 0 0 0 0 0 0 0 9 0 0 0 0 0 0 0 0 12 0 0 0 13 0 0 0 0 0 0 0 0 0 0 0 11 2 2 146 151 0 13 41 0 0 0 0 0 0 0 0 0 0 0 0 0 0 0 0 0 0 0 25 0 0 0 0 7 0 0 0 
 0 0 0 2 0 0 0 0 0 2 0 0 0 1 0 0 0 0 0 0 74 42 61 142 99 76 28 60 32 407 0 372 61 30 174 138 422 374 32 279 0 0 0 3 1 0 0 1 3 0 3 0 0 0 0 5 6 3 0 0 5 11 2 2 3 0 0 2 0 0 0 0 0 0 0 0 0 0 3 0 0 0 0 0 0 0 0 0 0 0 0 10 0 0 0 0 0 0 0 0 0 0 25 0 31 43 0 1 2 14 26 48 10 0 0 0 15 16 0 0 0 0 0 0 0 0 0 0 0 0 0 0 10 0 0 0 0 0 7 0 0 0 0 0 0 0 0 0 0 15 0 0 0 0 0 0 0 0 0 0 0 0 0 0 0 0 0 0 0 0 0 0 1 0 0 0 0 0 0 0 1 0 2 34 13 43 0 0 12 0 30 21 0 0 0 14 0 18 0 0 2 0 0 0 0 0 0 0 0 0 0 0 1 0 0 0 1 0 24 0 0 0 16 1 0 0 0 0 0 0 0 0 0 0 0 0 0 0 0 0 0 0 3 0 0 0 0 0 0 0 0 0 0 0 2 0 0 36 86 0 10 1 0 0 0 0 0 0 0 3 0 0 0 0 0 0 0 2 0 0 0 11 0 0 0 0 2 0 0 0 
 1 0 0 0 1 0 0 3 0 1 0 0 2 60 2 0 0 0 0 1 47 35 41 389 331 264 32 166 282 83 372 0 35 44 54 280 328 59 76 50 4 0 0 3 1 0 0 1 3 0 3 3 0 0 0 2 65 0 1 0 12 6 2 2 3 0 0 0 0 0 0 0 0 0 0 0 0 0 3 0 0 0 2 0 0 0 0 0 0 0 0 0 0 0 2 1 0 0 0 0 0 0 2 0 30 24 0 0 2 11 1 23 10 0 0 0 1 16 0 0 0 0 0 0 0 0 0 0 0 0 0 0 12 0 0 0 0 0 30 61 0 0 0 0 0 0 0 8 0 0 21 0 0 0 0 0 0 0 0 0 0 0 0 0 0 0 0 0 0 0 0 0 20 0 0 0 0 0 0 0 0 0 0 10 11 33 0 0 0 0 15 13 0 0 0 1 0 13 0 0 0 1 0 0 0 1 0 0 0 0 0 0 32 0 0 0 0 0 27 34 2 0 0 0 0 2 0 0 0 0 0 0 0 0 0 0 0 0 0 0 0 0 0 0 0 74 0 0 0 0 0 0 0 0 7 0 2 149 161 4 13 2 0 0 0 0 0 2 0 0 0 11 0 0 0 0 0 0 0 0 0 13 0 0 0 34 0 0 0 0 
 0 0 1 0 1 3 0 0 0 0 0 0 1 0 2 0 2 2 0 0 90 66 282 60 80 39 444 206 106 41 61 35 0 294 118 239 24 34 509 601 64 0 0 3 2 0 34 2 6 0 3 2 0 0 0 1 5 0 0 0 1 0 2 2 3 0 2 4 0 0 0 0 0 0 0 0 0 6 6 0 0 0 0 0 0 31 0 0 0 0 0 0 0 0 0 0 18 0 0 4 42 15 1 0 0 0 56 44 1 0 1 0 0 39 21 11 2 0 13 26 2 0 0 0 0 0 0 0 0 0 0 0 3 0 0 0 0 0 0 0 0 0 0 0 0 0 0 0 0 0 0 0 0 0 4 2 0 6 0 0 0 0 1 0 0 0 0 0 0 0 0 0 0 1 0 0 0 42 7 0 22 0 0 0 0 0 48 13 11 0 0 0 3 12 103 2 2 1 39 45 0 0 0 0 0 0 0 0 0 0 0 0 0 0 0 0 0 0 0 0 0 0 0 0 0 0 0 0 0 0 0 0 0 2 0 0 0 20 0 0 0 0 0 0 0 0 0 0 0 0 0 0 0 0 12 2 1 0 0 6 0 2 0 0 0 0 0 0 0 0 0 0 0 0 0 0 0 0 0 0 0 0 0 0 0 0 0 0 0 0 
 0 0 41 0 3 0 0 0 0 0 0 3 0 0 3 0 0 2 0 2 253 139 144 281 76 57 421 385 103 81 30 44 294 0 409 46 21 51 111 236 0 0 6 6 2 0 3 7 210 3 11 0 0 2 0 2 3 0 3 65 1 0 10 2 7 1 0 2 0 0 4 4 1 0 2 0 2 3 3 0 0 0 0 0 0 0 0 0 0 0 0 0 8 0 0 0 0 0 0 0 51 31 19 0 0 0 20 32 34 11 8 0 0 15 51 26 12 12 0 2 0 0 0 3 0 0 0 0 26 0 0 0 0 0 0 0 0 0 0 0 2 0 3 0 0 0 0 0 0 0 0 0 0 0 0 0 0 2 0 0 0 0 3 0 0 0 0 0 0 0 5 0 0 3 0 0 19 5 0 0 14 39 46 2 0 0 0 39 23 16 0 0 0 23 17 17 65 2 0 1 0 0 0 0 0 0 0 0 0 0 0 15 0 0 0 0 15 0 0 0 0 0 0 0 0 0 0 0 0 0 0 0 0 16 0 0 0 0 0 0 0 0 0 0 0 0 0 0 0 0 0 0 0 0 12 0 0 0 0 1 3 0 0 0 0 3 0 0 0 0 0 0 0 0 0 0 0 0 0 0 0 0 0 0 0 0 0 0 0 0 
 0 2 5 0 0 0 1 0 0 0 6 1 3 4 2 0 0 2 0 0 375 369 271 147 80 57 48 174 158 162 174 54 118 409 0 103 47 46 92 220 36 3 0 3 2 0 63 2 3 0 14 1 0 0 0 1 3 0 5 0 0 0 3 2 3 2 2 0 0 0 0 0 0 2 2 0 0 0 3 0 0 0 0 0 0 0 0 0 0 0 0 0 0 0 0 0 0 1 0 0 19 41 21 9 2 0 0 7 24 38 33 1 0 0 49 41 32 40 0 0 4 0 0 1 0 2 0 0 0 0 0 1 0 0 0 0 0 0 0 0 0 0 5 0 0 0 0 0 0 0 0 0 0 0 0 0 0 0 0 0 0 0 4 0 0 10 0 0 0 0 0 0 0 5 1 0 0 0 0 0 42 101 91 35 0 0 0 50 7 43 4 1 0 15 0 50 49 17 0 0 0 0 0 0 1 0 0 0 0 0 0 12 0 10 0 0 0 0 0 0 0 0 0 0 0 0 0 0 0 0 0 0 0 0 0 0 0 0 0 0 0 0 0 0 0 0 0 0 0 0 0 0 0 0 5 2 3 0 0 0 3 0 0 0 0 0 11 0 0 0 0 0 0 0 0 0 0 0 0 0 0 0 0 0 0 0 0 0 0 0 
 0 3 5 0 0 0 25 0 0 0 4 0 0 4 0 0 2 2 74 0 124 360 176 40 78 287 232 143 183 426 138 280 239 46 103 0 215 582 37 64 0 0 0 3 1 0 1 1 3 0 4 0 0 0 1 4 3 1 0 0 2 0 2 2 3 2 0 0 30 0 0 3 0 0 0 0 0 0 2 0 0 0 0 2 0 0 0 0 0 0 0 0 0 0 0 0 0 0 0 0 0 29 19 28 10 20 0 0 7 39 32 33 0 0 1 27 39 31 0 0 0 0 0 0 0 0 0 0 0 0 2 0 0 0 0 0 0 0 0 0 0 0 0 0 0 0 0 0 0 10 0 0 4 0 0 0 0 0 0 0 1 0 0 0 0 0 0 0 0 0 6 0 0 0 0 2 0 0 0 0 0 13 27 30 13 2 0 13 7 19 27 22 0 0 0 32 2 34 0 0 0 18 0 0 0 0 0 0 0 0 0 0 0 0 0 0 0 0 0 0 0 0 0 0 0 0 0 0 3 0 0 0 0 9 1 0 0 0 0 1 0 0 17 0 0 0 0 0 0 0 0 0 0 0 7 8 2 4 2 0 43 51 0 0 0 0 6 0 0 0 0 0 0 0 0 0 0 0 0 0 0 4 0 0 0 0 10 0 0 0 
 0 0 3 37 0 0 0 0 0 0 0 0 4 0 0 0 1 56 0 0 47 516 455 107 83 287 229 33 294 272 422 328 24 21 47 215 0 375 241 24 0 0 0 3 1 0 0 1 3 0 4 0 0 0 0 4 3 9 0 0 2 0 6 2 3 0 0 0 28 0 0 0 0 3 0 3 0 0 2 0 0 0 0 0 2 0 0 0 0 0 0 0 2 2 0 0 0 0 0 0 0 14 31 35 7 11 0 0 0 36 26 34 0 1 0 27 24 30 0 0 0 8 0 0 0 0 0 0 0 0 0 0 0 0 0 0 0 2 0 0 0 0 0 0 0 0 0 0 0 0 0 0 0 0 0 0 0 21 0 0 0 2 0 0 0 0 0 0 0 0 3 0 0 0 0 0 0 0 0 0 0 17 15 28 11 8 0 14 15 14 34 43 0 0 0 27 0 17 0 0 0 0 2 0 0 0 0 0 0 0 0 0 0 0 0 0 0 1 0 0 0 0 1 1 0 0 0 0 0 0 0 0 0 0 0 0 2 0 0 0 0 0 9 0 0 0 0 0 0 0 0 0 0 0 8 0 0 100 0 4 10 8 0 0 0 0 14 0 0 0 0 0 0 0 0 0 0 0 0 0 0 26 0 0 0 0 12 0 0 0 
 0 0 5 2 3 0 0 1 0 0 4 0 0 0 0 0 2 2 0 0 39 33 429 368 52 66 35 156 258 121 374 59 34 51 46 582 375 0 54 55 0 0 0 3 1 0 0 1 3 0 3 0 0 0 0 5 3 7 0 0 2 0 2 2 3 0 0 0 51 0 0 0 0 0 0 0 0 0 2 0 0 0 0 0 0 0 0 0 0 0 2 0 0 0 0 0 0 9 0 0 0 0 6 68 4 11 0 0 1 31 27 40 0 0 0 9 24 36 0 0 0 0 0 0 0 0 0 0 0 1 0 0 0 39 0 0 0 0 0 1 0 0 0 0 0 0 0 0 0 0 0 0 0 0 0 0 0 0 0 0 0 0 0 0 0 0 0 0 0 0 3 0 0 0 0 0 0 1 0 0 0 0 2 8 18 11 0 0 6 0 51 61 0 0 0 10 0 26 0 0 0 0 0 0 0 0 0 0 0 0 0 0 0 0 0 0 2 0 1 0 0 1 0 0 0 0 0 0 0 13 0 0 0 0 0 0 0 0 15 0 0 0 15 0 0 0 0 0 0 0 0 0 0 0 5 0 0 148 150 0 10 14 0 0 0 0 0 0 0 0 0 0 0 0 0 0 0 1 0 0 0 52 0 0 0 0 16 0 0 0 
 5 3 3 4 5 299 3 5 3 3 4 3 15 3 3 3 3 3 3 3 42 37 125 100 54 49 35 77 535 174 32 76 509 111 92 37 241 54 0 307 0 0 0 3 2 0 0 2 3 0 3 2 0 0 0 0 3 0 7 0 1 0 2 2 3 0 0 0 0 0 0 0 0 0 0 0 0 0 3 0 0 0 1 0 28 27 0 0 0 0 0 0 0 0 0 1 0 0 0 0 26 1 2 0 0 1 33 12 0 0 0 0 22 22 1 0 0 0 11 33 0 0 0 0 0 0 0 0 0 11 0 0 0 0 0 0 0 0 0 0 0 0 0 0 0 0 0 0 0 0 0 0 0 0 4 0 0 5 0 0 0 0 0 0 19 13 0 0 0 0 0 2 0 0 0 0 0 3 3 0 17 0 0 0 0 0 69 2 0 0 0 0 29 20 35 0 0 0 38 49 0 0 0 0 0 1 0 0 0 0 0 0 0 0 0 0 3 0 0 0 2 0 0 0 17 2 0 0 0 0 0 0 0 0 0 0 0 0 0 0 0 0 0 0 0 1 0 0 0 1 0 0 0 0 7 0 0 0 0 2 2 2 0 0 0 0 0 0 0 0 0 0 0 0 0 0 0 0 0 0 0 0 0 0 0 0 0 0 0 0 
 2 5 3 3 2 3 3 3 3 2 11 5 4 3 2 3 3 6 5 3 212 52 53 47 79 259 264 63 67 51 279 50 601 236 220 64 24 55 307 0 0 0 0 3 2 0 31 2 3 0 3 0 0 0 0 0 3 0 0 0 0 0 2 2 3 0 0 3 0 0 0 0 0 0 0 0 0 0 3 0 0 8 0 0 0 1 0 0 0 0 0 0 0 0 0 0 0 0 0 9 52 22 0 0 0 0 27 22 14 2 16 0 0 47 25 1 0 5 0 9 0 0 0 0 0 0 0 0 0 0 0 0 0 0 0 0 0 0 0 0 0 0 9 0 0 0 0 0 0 0 0 0 0 0 6 0 0 4 0 0 0 0 0 0 0 0 0 0 0 0 0 0 0 0 0 0 0 17 6 0 1 19 0 0 0 9 8 12 17 0 0 0 2 68 43 20 27 0 28 45 0 0 0 0 0 0 1 0 0 0 0 0 0 0 0 0 0 0 0 0 0 0 0 0 0 0 0 0 0 0 0 0 0 0 0 0 0 0 0 0 0 0 0 0 0 0 0 0 0 0 0 0 0 0 14 0 2 0 0 3 51 2 0 0 0 0 0 0 0 0 0 0 0 0 0 0 0 0 0 0 0 0 0 0 0 0 0 0 0 0 
 0 0 0 2 0 0 2 2 0 1 1 2 0 0 2 1 0 2 1 0 0 0 0 0 0 0 0 0 0 1 0 4 64 0 36 0 0 0 0 0 0 105 103 63 33 21 388 373 28 33 234 23 54 140 248 32 32 26 259 170 3 0 8 2 1 28 4 5 0 2 5 1 0 51 2 5 0 0 6 16 0 0 0 0 0 0 0 0 0 0 0 0 0 0 0 0 0 0 0 0 0 0 0 0 0 0 0 1 0 0 0 0 0 0 0 0 0 0 0 0 40 35 29 0 0 0 32 43 29 16 17 0 0 0 42 48 37 20 0 0 0 0 0 7 0 0 0 5 0 0 0 0 0 0 0 0 0 0 0 0 0 0 0 0 0 0 0 0 0 12 0 0 0 0 0 0 0 0 0 0 0 0 0 2 0 0 0 0 0 0 0 0 0 0 0 0 0 0 0 0 19 95 25 8 0 0 39 55 62 1 0 2 1 6 39 30 25 8 0 0 0 0 0 0 0 0 0 0 0 0 0 0 0 0 0 0 0 0 0 0 0 0 38 0 0 0 0 0 0 0 0 4 0 0 0 0 0 0 0 0 1 0 0 0 0 11 0 0 0 28 19 0 0 0 0 2 0 0 0 0 0 0 0 0 0 7 0 0 1 0 
 0 0 0 0 0 0 0 12 0 0 0 0 0 0 0 0 0 0 0 0 0 0 0 0 0 0 0 0 0 0 0 0 0 0 3 0 0 0 0 0 105 0 286 67 33 50 85 357 313 246 34 84 65 118 278 194 243 35 238 46 0 0 0 1 9 7 0 0 0 5 1 2 0 0 1 1 0 1 1 4 0 0 0 0 0 0 0 0 0 0 0 0 0 0 0 0 0 0 0 0 0 0 0 0 0 0 0 0 0 0 0 0 0 0 0 0 0 0 0 26 0 2 39 17 0 0 0 19 33 10 15 0 0 0 8 4 33 21 0 0 0 0 0 6 0 19 0 2 0 0 0 0 0 0 0 0 0 0 0 0 0 0 0 0 1 0 0 0 0 7 0 7 0 0 6 0 0 0 0 1 0 0 0 0 0 0 0 0 0 0 0 0 0 0 0 0 0 44 15 0 0 31 21 14 0 0 0 0 32 28 39 7 0 0 0 23 35 45 0 0 0 0 0 0 0 7 0 0 0 0 0 0 0 0 0 0 0 0 0 0 0 0 8 0 0 0 0 0 0 0 0 4 0 0 0 0 0 0 0 0 0 0 0 0 0 17 9 0 0 0 9 0 0 0 2 0 0 0 0 0 0 0 0 0 0 21 0 0 1 0 
 0 0 1 0 0 0 0 0 0 0 0 0 0 0 3 0 21 0 2 0 0 0 2 0 0 0 0 0 0 0 0 0 0 6 0 0 0 0 0 0 103 286 0 103 33 25 274 108 185 269 93 20 28 126 58 456 353 227 43 47 0 0 0 0 0 0 7 0 0 0 0 0 0 0 0 50 0 0 7 0 0 0 0 0 0 0 0 0 0 0 0 0 0 0 0 0 0 0 0 0 0 0 0 0 0 0 0 0 0 0 0 0 0 0 0 0 0 1 0 0 10 4 13 27 0 0 0 0 58 22 7 5 0 0 9 12 1 6 0 0 0 0 0 1 0 0 0 0 0 0 0 0 0 0 0 0 0 0 0 0 0 0 0 0 0 0 0 0 0 0 0 0 0 0 3 0 0 0 0 0 0 0 0 0 0 0 0 0 0 0 0 0 0 0 0 0 0 0 0 0 8 14 27 10 10 10 5 6 8 31 27 50 0 0 12 9 23 35 0 0 0 0 0 0 0 0 0 0 0 0 0 0 0 0 0 0 0 0 14 0 0 0 0 0 0 0 0 0 0 0 0 4 0 1 0 0 0 1 0 10 0 0 1 4 0 2 0 1 0 0 1 0 0 0 0 0 0 0 0 0 0 0 0 0 0 1 0 10 0 0 
 3 3 3 3 3 3 3 4 3 3 3 6 3 6 3 3 3 64 3 3 9 3 3 3 3 3 5 3 3 3 3 3 3 6 3 3 3 3 3 3 63 67 103 0 89 310 92 296 79 360 205 358 45 72 73 59 44 261 75 57 2 42 2 0 0 0 1 6 0 1 0 0 0 3 7 2 0 0 2 0 0 0 0 0 0 0 0 0 0 0 0 0 0 0 0 0 0 0 0 0 0 0 0 0 0 0 0 0 0 0 0 0 0 29 0 0 14 0 0 0 0 0 0 16 21 39 0 0 0 8 10 59 27 0 0 0 0 0 0 0 18 11 27 0 4 0 11 0 3 0 3 1 1 0 5 3 4 11 0 0 0 0 0 0 7 0 0 0 0 0 0 0 0 0 0 0 0 0 0 6 0 0 0 0 0 18 0 0 0 0 0 0 0 0 0 0 0 0 0 0 0 0 0 27 35 8 0 0 0 2 0 25 0 0 0 0 0 0 0 0 0 0 8 4 0 0 0 0 4 2 3 0 0 0 5 5 0 3 18 0 0 0 0 0 0 0 2 0 0 0 0 0 0 0 0 0 0 0 0 20 0 0 16 13 0 2 4 39 1 0 5 0 0 0 0 0 0 0 0 0 0 0 0 0 1 0 0 0 0 0 
 0 0 9 0 0 0 0 2 0 0 0 0 0 2 0 0 0 0 0 0 1 3 2 4 1 0 1 1 2 1 1 1 2 2 2 1 1 1 2 2 33 33 33 89 0 492 60 293 311 96 157 251 52 55 86 66 43 264 281 75 0 0 0 0 0 0 0 0 0 0 0 0 0 0 25 0 0 2 5 1 0 0 12 0 0 0 0 0 0 0 0 0 0 0 0 0 0 0 0 0 0 0 0 0 0 7 0 0 0 7 0 0 0 0 0 0 0 0 3 0 0 12 0 0 13 20 0 0 0 0 0 39 0 0 0 0 0 0 0 0 1 2 0 0 0 0 4 16 4 0 0 0 6 17 0 0 0 0 13 0 0 0 0 0 5 0 0 5 0 0 0 0 0 0 0 0 0 0 0 0 0 0 0 0 0 0 0 0 0 0 0 0 2 0 0 0 0 0 0 0 0 0 0 0 18 14 0 0 0 0 0 0 0 0 0 0 0 0 0 0 18 1 0 0 0 0 0 0 0 0 0 0 25 44 0 0 0 0 8 52 0 0 0 0 0 0 0 0 8 0 0 0 0 0 0 0 0 0 0 0 0 0 4 3 0 4 1 1 0 0 0 0 0 0 0 0 0 0 0 0 0 0 0 0 0 0 0 0 2 0 
 6 0 0 0 6 0 0 2 0 0 0 0 68 1 0 0 0 0 0 0 0 0 0 0 0 0 0 203 0 0 0 0 0 0 0 0 0 0 0 0 21 50 25 310 492 0 44 32 53 47 298 43 51 250 79 68 268 40 44 46 5 0 53 0 0 2 18 3 3 0 0 56 0 7 5 0 0 3 104 3 0 0 0 0 0 0 0 0 0 0 0 0 0 0 0 7 0 0 0 0 0 0 0 0 0 23 0 0 0 0 0 0 0 0 0 0 0 0 0 0 0 0 0 0 9 26 0 0 0 0 0 0 0 0 0 0 0 11 0 0 18 4 0 0 0 8 22 61 7 0 0 0 22 43 6 6 5 2 22 38 0 0 0 0 1 0 0 3 0 0 0 8 0 0 0 0 0 0 0 0 0 0 0 0 0 0 0 0 0 0 0 0 0 0 0 0 0 0 0 0 0 0 0 0 0 54 0 0 0 0 0 0 0 0 0 0 0 0 0 14 26 16 13 0 0 0 23 13 0 5 0 0 38 66 18 8 0 5 20 37 0 0 0 0 0 0 0 0 0 0 0 0 0 0 0 0 0 0 0 0 0 0 1 0 0 0 6 0 0 6 3 0 0 0 0 0 0 0 0 0 0 0 0 0 0 0 0 7 0 0 
 0 0 0 0 0 0 0 0 65 0 0 0 0 0 0 0 0 0 0 0 1 0 3 5 1 1 2 0 0 0 0 0 34 3 63 1 0 0 0 31 388 85 274 92 60 44 0 98 65 43 34 29 264 284 48 35 44 47 268 165 0 0 2 0 0 13 0 0 0 0 0 0 0 0 20 0 0 0 0 12 0 0 0 0 0 0 0 0 0 0 0 0 0 0 0 0 0 0 0 7 0 0 0 0 0 13 0 0 0 0 0 6 0 0 0 0 0 0 0 0 19 33 7 0 0 0 17 15 0 7 0 0 16 20 16 23 9 7 0 0 0 0 0 0 0 0 0 4 0 0 0 0 0 0 0 0 0 0 0 0 0 0 0 0 0 0 0 0 0 0 0 0 0 0 0 0 0 0 0 0 0 0 0 0 0 0 0 0 0 0 0 0 0 0 0 0 0 0 0 0 34 14 16 0 0 0 6 68 15 0 0 0 0 29 20 10 5 0 0 1 0 0 0 0 0 0 0 0 0 0 0 0 0 0 0 0 11 0 0 0 0 0 0 0 0 0 0 0 0 0 0 0 0 0 0 0 0 0 0 0 0 0 0 0 0 0 0 0 0 0 0 0 0 0 0 0 0 0 0 0 0 0 0 0 0 0 0 0 2 0 
 3 3 76 10 3 3 3 5 3 3 3 6 3 3 3 3 3 3 3 3 1 2 2 2 1 2 1 4 2 1 1 1 2 7 2 1 1 1 2 2 373 357 108 296 293 32 98 0 328 51 45 263 78 298 125 102 45 31 282 53 0 1 40 4 2 5 0 0 1 6 4 1 0 2 0 0 2 1 0 5 0 0 0 0 0 0 0 0 0 0 0 0 0 0 0 0 0 0 0 0 0 0 0 0 0 0 0 0 0 0 0 0 0 19 0 0 0 0 0 0 0 45 40 8 0 0 12 46 19 18 19 0 0 0 23 33 19 19 0 0 0 0 0 8 1 1 0 10 0 2 1 16 0 0 0 0 0 1 0 0 0 0 0 0 0 0 0 0 0 10 0 0 0 0 4 8 0 0 0 0 0 0 0 0 0 0 0 0 0 0 0 0 0 0 0 0 0 0 0 0 0 67 21 15 0 0 0 12 32 13 12 8 12 0 13 17 22 19 0 0 0 0 0 1 6 3 0 0 0 0 1 0 0 0 0 0 0 0 0 0 0 0 3 0 0 0 0 0 0 0 0 7 0 0 0 0 0 0 0 0 0 0 2 0 0 11 2 0 0 0 2 0 0 0 0 3 0 0 0 0 0 0 0 0 0 9 0 0 1 0 
 0 0 0 0 0 0 0 3 0 0 0 2 0 0 2 0 0 0 0 0 3 3 6 3 6 3 3 9 3 4 3 3 6 210 3 3 3 3 3 3 28 313 185 79 311 53 65 328 0 360 265 35 54 301 366 136 493 257 86 271 0 22 0 0 45 0 13 0 0 48 0 0 2 0 0 0 0 0 4 0 0 0 0 0 0 0 0 0 0 0 0 0 0 0 0 0 0 0 0 0 0 0 0 0 0 4 0 0 0 0 0 0 0 0 0 0 0 0 0 0 0 0 19 22 1 0 0 0 24 24 7 0 0 0 0 12 0 18 0 0 0 1 0 0 0 0 0 0 0 0 0 0 0 0 0 0 0 0 0 0 0 0 0 0 0 0 0 0 0 0 0 0 0 0 5 0 0 0 0 0 0 0 0 0 0 0 0 0 0 0 0 0 0 0 0 0 0 0 0 0 0 13 17 9 11 9 0 0 0 36 18 43 0 0 0 14 31 39 0 0 0 0 0 0 0 0 0 0 0 0 0 0 0 0 0 0 0 0 2 0 0 0 0 0 0 0 0 0 0 0 0 0 0 0 0 0 0 0 0 29 0 0 2 1 2 3 2 1 0 0 0 0 0 0 0 0 0 0 0 0 0 0 0 0 0 14 0 0 0 0 
 0 0 2 0 0 0 0 0 0 0 62 2 0 3 1 0 0 0 0 0 2 0 0 0 0 0 3 0 0 0 0 0 0 3 0 0 0 0 0 0 33 246 269 360 96 47 43 51 360 0 263 265 35 279 137 201 264 136 77 78 0 0 66 2 0 0 5 1 0 0 0 0 2 1 2 3 0 0 3 0 0 23 0 0 0 0 0 0 0 0 18 0 0 0 0 0 0 0 0 0 0 4 0 0 0 0 0 0 0 0 0 0 0 0 0 0 0 0 0 0 0 0 11 34 8 17 0 0 14 12 16 67 0 0 0 4 0 10 0 0 0 3 0 0 0 0 0 0 0 0 0 0 0 0 0 0 0 0 0 0 0 0 0 0 1 0 0 0 0 0 0 0 21 0 0 0 0 0 0 9 0 0 0 0 0 0 0 0 0 0 0 0 0 0 0 0 0 0 0 0 0 0 30 14 23 13 0 0 0 24 20 27 0 0 0 21 11 18 0 0 0 0 0 0 0 0 0 0 0 0 0 0 0 0 0 0 0 0 25 0 0 0 0 0 0 0 0 0 0 0 0 2 0 0 0 0 0 0 0 23 0 0 64 68 0 1 0 80 2 0 0 0 0 0 0 0 0 0 0 0 0 0 0 0 10 15 0 0 0 0 
 0 3 0 0 0 3 0 3 0 0 0 0 0 3 0 0 0 2 0 0 10 3 4 3 6 3 14 12 3 4 3 3 3 11 14 4 4 3 3 3 234 34 93 205 157 298 34 45 265 263 0 474 33 32 74 58 83 390 32 55 0 0 0 0 0 0 0 0 0 0 0 0 0 0 1 0 0 1 0 0 0 6 0 0 0 0 0 0 0 0 0 0 0 0 0 0 0 0 0 0 6 4 5 0 0 0 0 4 8 0 1 0 0 2 12 10 0 5 0 1 2 0 0 8 25 29 0 0 0 8 9 28 0 0 0 0 19 0 0 0 0 6 0 0 0 0 0 0 0 0 0 0 1 0 0 0 0 0 0 0 0 0 0 0 5 0 0 0 0 0 0 0 0 0 0 0 0 0 0 4 7 1 15 2 0 0 0 10 9 9 0 0 0 10 0 0 6 0 0 0 0 2 0 2 44 19 0 0 0 2 1 15 0 0 0 0 0 2 0 0 0 0 0 0 0 0 0 0 0 0 0 0 10 0 1 0 0 0 13 15 0 0 0 0 0 0 0 0 0 0 0 4 0 0 0 0 0 0 0 17 0 0 38 4 0 0 0 63 0 0 0 0 0 0 0 0 0 0 0 0 0 0 0 0 31 0 0 13 0 0 
 0 0 0 0 0 0 0 0 0 0 2 10 0 0 0 0 3 3 0 0 10 0 0 0 0 4 0 0 2 0 0 3 2 0 1 0 0 0 2 0 23 84 20 358 251 43 29 263 35 265 474 0 43 20 28 33 74 62 39 17 0 3 0 6 0 0 1 0 2 0 0 0 6 0 3 4 2 3 1 1 0 0 9 0 0 0 0 10 0 0 0 0 0 0 0 0 0 0 0 0 0 0 0 0 0 14 0 0 0 0 0 0 0 0 0 2 0 6 0 12 0 0 0 3 25 31 0 0 1 1 8 34 0 0 0 0 0 0 0 0 0 13 0 0 0 0 10 0 0 0 0 0 0 0 0 0 0 0 2 0 0 0 0 0 7 0 0 7 0 0 0 0 0 0 0 0 0 0 0 4 0 0 0 0 0 0 0 0 0 0 0 0 0 0 0 0 0 7 0 0 0 0 0 8 30 17 0 0 0 0 1 1 0 0 1 0 0 0 0 0 1 0 0 0 0 0 0 0 0 0 0 0 11 7 0 0 0 0 24 11 0 0 0 0 0 0 0 0 0 0 0 0 0 0 0 0 0 0 0 12 0 0 65 67 1 4 2 65 0 0 0 0 0 0 0 0 0 0 0 0 0 0 0 0 8 0 0 0 0 10 
 0 0 0 0 0 0 0 0 0 0 0 0 0 0 0 0 0 0 31 0 0 0 0 0 0 0 0 0 0 0 0 0 0 0 0 0 0 0 0 0 54 65 28 45 52 51 264 78 54 35 33 43 0 73 42 29 35 39 326 225 1 0 1 4 2 0 0 0 23 5 6 3 0 0 0 0 8 5 0 4 0 0 0 0 0 0 0 0 0 0 0 0 0 0 0 0 0 0 0 0 0 0 0 0 0 0 0 0 0 0 0 0 0 0 0 0 0 0 0 0 26 1 7 0 0 0 47 47 0 0 0 0 20 11 16 1 0 0 4 0 0 0 0 0 0 1 0 0 0 4 0 3 0 0 0 0 0 0 0 0 0 0 0 0 0 0 0 0 0 0 0 0 0 0 0 0 0 0 0 0 0 0 0 0 0 0 0 0 0 0 0 0 0 0 0 0 0 0 0 0 58 3 0 0 0 0 28 22 0 0 0 0 21 33 43 1 9 0 0 45 0 0 0 0 8 4 0 0 0 0 0 0 0 0 0 0 0 0 0 0 0 0 0 0 0 0 0 0 0 0 0 0 0 2 0 0 0 0 0 0 0 0 0 0 0 0 2 0 0 0 1 0 0 0 0 3 0 0 0 0 0 0 0 0 0 0 0 0 2 0 
 2 0 0 0 6 1 0 1 0 3 1 0 2 0 3 2 0 1 0 0 11 0 2 0 1 0 3 3 0 0 0 0 0 2 0 0 0 0 0 0 140 118 126 72 55 250 284 298 301 279 32 20 73 0 330 45 39 62 77 224 0 0 4 0 0 6 0 0 0 0 0 0 0 0 0 0 0 206 0 12 0 0 0 0 0 0 0 0 0 0 0 0 0 0 0 0 0 0 0 1 0 0 0 0 0 0 0 0 0 0 0 0 0 0 0 0 0 0 0 0 52 41 30 1 0 0 32 34 31 15 14 0 1 4 44 13 33 38 0 0 0 0 2 6 0 0 0 9 0 0 0 0 0 0 0 0 0 0 0 0 0 0 0 0 0 0 0 0 0 5 0 0 0 0 0 0 0 0 0 0 6 0 0 0 11 0 0 0 0 0 9 0 0 0 0 0 0 0 0 0 14 34 18 7 0 0 14 30 44 3 0 1 0 1 41 28 19 13 0 0 0 0 0 0 0 0 0 0 0 0 0 0 0 0 0 0 0 0 0 0 0 0 12 0 0 0 0 0 0 0 0 4 0 2 0 0 0 0 0 2 0 0 0 0 0 15 2 0 2 0 7 0 0 0 0 0 0 0 0 0 0 0 0 0 3 7 0 0 2 0 
 3 10 10 5 5 3 3 4 8 9 3 3 3 3 3 17 8 8 3 3 0 0 3 0 2 0 0 0 0 0 0 0 0 0 0 1 0 0 0 0 248 278 58 73 86 79 48 125 366 137 74 28 42 330 0 202 58 42 93 114 0 0 1 0 0 6 0 0 0 0 205 0 0 0 0 0 0 29 5 6 0 18 7 5 15 0 0 0 6 7 5 9 0 0 0 7 11 5 0 0 0 0 0 0 0 0 0 0 0 0 0 0 0 0 0 0 0 0 0 0 0 32 33 9 0 0 18 15 14 22 8 0 0 0 19 33 10 23 0 0 0 0 0 28 0 0 0 10 10 0 0 0 16 0 0 0 0 0 0 0 0 0 4 5 0 0 0 0 14 35 5 5 0 0 6 12 6 6 0 0 0 20 0 0 0 0 0 0 0 0 0 0 0 0 0 0 0 0 0 0 0 31 21 8 0 0 0 11 51 20 10 0 0 0 13 14 15 12 0 0 0 0 0 0 0 0 0 0 0 1 0 0 0 0 0 0 0 0 0 0 0 0 12 0 0 0 0 0 0 33 0 8 0 1 0 0 0 0 0 1 0 0 10 0 0 14 3 0 2 0 2 0 0 0 0 0 0 0 0 0 0 0 0 0 0 8 0 0 0 0 
 0 0 1 0 0 33 0 0 0 0 0 0 0 2 3 0 0 0 0 0 0 1 7 7 0 0 3 0 7 4 5 2 1 2 1 4 4 5 0 0 32 194 456 59 66 68 35 102 136 201 58 33 29 45 202 0 176 203 40 60 0 0 0 0 0 0 12 0 8 0 0 56 0 0 0 0 0 0 4 1 0 0 0 0 0 0 0 0 0 0 0 0 0 0 0 0 0 0 0 0 0 0 0 23 0 1 0 0 0 0 29 10 0 0 0 0 12 4 0 0 0 0 22 14 0 0 0 0 47 15 7 0 3 0 8 2 19 26 4 1 0 0 0 1 0 0 0 0 0 0 0 0 0 0 0 0 0 0 0 0 8 0 0 0 1 0 0 0 0 15 0 0 0 0 6 0 0 0 0 1 0 0 0 7 0 1 0 0 0 0 16 9 0 0 8 14 0 6 0 0 0 10 7 20 10 0 0 0 1 31 36 19 0 0 0 16 34 29 2 7 0 0 0 0 0 0 0 0 0 0 0 0 0 0 0 0 0 0 0 0 0 0 5 0 0 0 0 0 36 0 0 0 0 2 0 0 0 0 7 0 0 0 14 0 1 16 0 1 0 0 14 0 0 0 0 0 0 0 0 0 0 6 0 0 0 0 0 0 2 0 
 0 2 0 0 0 0 0 3 0 0 0 3 0 3 0 42 0 0 0 0 207 3 3 3 6 4 6 8 3 3 6 65 5 3 3 3 3 3 3 3 32 243 353 44 43 268 44 45 493 264 83 74 35 39 58 176 0 306 48 244 0 0 0 0 0 1 3 0 43 0 0 0 0 0 0 0 0 0 5 0 0 0 9 0 0 0 0 0 0 0 0 0 0 0 0 0 0 1 0 0 0 0 0 0 1 0 0 0 0 0 0 0 0 0 0 0 0 0 0 0 4 7 41 20 1 0 1 6 45 22 14 2 0 6 8 13 0 18 0 0 0 0 0 1 0 0 0 0 0 0 0 0 0 0 0 0 0 0 0 0 0 0 0 0 0 0 0 0 0 0 0 0 0 0 17 0 0 0 0 0 0 0 0 0 0 0 0 3 0 0 0 0 0 0 0 0 0 0 0 0 9 12 12 62 10 10 7 4 12 37 24 37 0 13 0 13 34 28 0 0 0 0 0 0 0 0 0 0 0 0 0 0 0 0 0 0 0 0 1 0 0 0 2 0 0 0 0 0 0 0 0 2 0 0 0 0 0 0 0 10 0 1 1 0 0 0 0 0 2 0 1 0 0 0 0 0 0 0 0 0 0 3 0 0 0 17 0 0 2 0 
 2 2 2 2 5 2 2 2 2 2 2 2 2 2 2 2 2 3 2 2 0 0 58 13 0 0 0 0 9 4 3 0 0 0 0 1 9 7 0 0 26 35 227 261 264 40 47 31 257 136 390 62 39 62 42 203 306 0 85 26 0 0 0 0 0 0 7 0 4 0 0 0 0 0 2 0 0 0 2 8 0 0 0 0 0 0 0 0 0 0 0 0 0 0 0 0 0 0 24 0 0 0 0 4 0 3 0 0 0 0 0 7 0 18 0 0 8 4 0 0 0 0 18 30 12 27 0 0 10 2 16 12 3 1 0 21 0 16 3 0 0 6 0 4 12 0 0 0 13 0 0 0 0 0 0 0 0 0 0 0 0 0 0 0 1 0 0 0 0 0 0 0 0 0 2 0 0 0 0 5 0 0 0 0 0 0 0 0 0 8 6 4 0 0 0 7 0 29 0 0 0 6 11 14 27 2 0 0 0 21 19 29 1 0 0 17 19 26 0 0 0 0 0 0 0 0 0 0 0 0 0 0 0 0 0 0 0 0 26 0 0 0 6 0 0 0 0 0 0 0 0 0 0 1 0 0 0 0 11 10 0 1 88 68 0 3 0 62 0 0 0 0 0 0 0 0 0 0 0 0 0 28 0 0 8 0 0 0 1 0 
 3 0 0 0 0 0 0 2 0 0 0 0 0 0 0 0 0 0 4 0 0 63 1 0 11 205 0 0 0 0 0 1 0 3 5 0 0 0 7 0 259 238 43 75 281 44 268 282 86 77 32 39 326 77 93 40 48 85 0 157 0 0 1 0 0 0 3 0 0 0 0 0 0 0 0 0 6 0 0 6 0 0 0 0 0 0 14 0 0 0 0 0 0 0 0 0 0 0 19 0 0 0 0 0 0 1 0 0 0 0 0 0 0 0 0 0 0 0 0 0 20 0 0 0 16 0 9 18 0 0 0 5 56 28 2 0 1 0 27 10 0 0 0 0 0 0 2 0 0 0 0 0 1 0 0 0 0 0 22 0 0 0 0 0 0 0 0 0 0 0 0 0 0 1 0 0 0 0 0 0 0 0 0 0 13 0 0 0 0 0 0 0 0 0 0 0 1 0 0 0 49 0 0 13 6 12 15 4 0 0 3 6 16 55 23 0 0 0 8 50 0 0 0 0 0 0 0 0 0 0 0 0 10 0 0 0 0 0 12 0 0 0 0 0 0 0 0 0 0 0 0 2 0 0 0 0 0 0 0 0 0 0 0 0 0 2 0 0 0 0 0 0 0 0 0 0 0 0 0 0 0 0 8 0 0 0 0 0 2 0 
 0 0 0 0 0 0 0 34 0 0 0 0 0 0 0 0 0 0 0 0 0 0 0 0 2 0 0 0 0 0 0 0 0 65 0 0 0 0 0 0 170 46 47 57 75 46 165 53 271 78 55 17 225 224 114 60 244 26 157 0 0 8 10 1 0 0 0 7 0 3 0 2 0 0 5 7 6 3 0 0 0 0 0 0 0 0 0 0 0 0 0 0 0 0 0 0 0 0 0 0 0 0 0 0 0 0 0 0 0 0 0 0 0 0 0 0 0 0 0 0 21 27 0 0 0 0 61 16 0 10 0 0 7 25 14 7 1 25 5 0 0 0 10 26 10 0 0 9 0 14 7 0 0 0 0 0 5 12 0 0 0 0 0 0 0 0 0 0 0 0 7 0 0 0 1 0 7 0 0 0 0 0 0 0 0 0 0 0 0 0 0 0 0 0 0 0 0 0 0 0 25 15 16 0 0 0 12 69 14 0 1 10 12 34 46 1 9 0 0 0 0 0 9 8 0 0 0 0 53 0 9 6 0 0 2 7 6 0 0 0 0 0 0 0 0 0 1 0 0 31 0 0 0 1 0 1 0 0 0 2 0 0 2 1 1 0 7 0 0 0 31 0 0 0 0 0 0 0 0 0 0 0 0 0 0 0 0 0 0 0 
 0 0 0 0 0 0 0 0 0 0 0 0 0 0 0 0 0 0 0 1 2 1 1 4 7 5 1 1 0 2 5 12 1 1 0 2 2 2 1 0 3 0 0 2 0 5 0 0 0 0 0 0 1 0 0 0 0 0 0 0 0 80 65 47 29 51 294 241 41 62 32 44 58 86 231 62 40 268 245 70 0 0 0 0 0 0 0 0 0 0 0 0 0 0 0 0 0 0 0 0 0 0 0 0 7 8 0 0 0 0 0 0 0 0 20 0 0 7 0 0 0 0 0 0 0 0 7 0 0 0 0 0 0 2 0 0 0 0 0 7 0 14 1 0 0 0 0 0 21 0 0 4 0 0 13 18 24 0 0 1 6 0 0 0 0 0 0 0 0 12 0 0 0 0 0 0 0 0 0 0 0 0 0 0 0 2 0 0 0 0 0 0 0 0 0 0 0 0 0 0 0 0 0 0 0 0 0 0 0 0 0 0 0 0 0 0 0 0 4 11 9 23 30 40 16 0 6 11 8 34 20 1 1 2 31 43 1 5 0 7 9 0 0 3 0 0 0 0 0 0 0 0 0 0 9 0 24 6 0 0 0 0 0 0 0 0 18 0 0 0 17 0 0 4 0 1 0 0 0 0 0 0 0 0 0 0 0 0 0 0 
 0 0 3 0 0 0 0 0 0 0 0 0 0 0 2 0 0 0 54 0 0 0 0 4 5 34 1 0 0 0 11 6 0 0 0 0 0 0 0 0 0 0 0 42 0 0 0 1 22 0 0 3 0 0 0 0 0 0 0 8 80 0 125 60 34 42 290 276 387 51 256 31 36 51 221 178 140 30 32 58 0 0 0 0 0 0 0 0 0 0 0 0 0 0 0 0 0 0 0 0 0 0 0 0 7 13 0 0 0 0 0 17 0 0 0 0 0 6 0 0 0 0 0 0 0 0 0 0 0 0 0 0 0 4 0 0 0 0 15 5 0 0 25 8 2 0 0 0 0 10 10 0 0 0 0 0 8 8 0 0 13 0 0 0 0 0 0 0 0 0 0 0 0 0 0 0 0 0 0 0 0 1 1 8 8 6 1 1 0 0 1 1 2 1 1 1 2 0 0 0 0 0 0 0 0 0 0 0 0 0 0 0 0 0 0 0 0 0 3 9 0 0 67 24 1 0 0 0 52 1 18 17 0 0 0 20 22 20 0 0 8 0 0 0 0 0 0 0 0 0 0 0 0 0 8 0 0 6 0 0 0 0 0 1 0 0 8 0 0 0 57 0 0 0 2 0 0 0 0 0 0 0 0 0 0 0 0 0 0 0 
