 0 64 88 267 21 28 471 389 37 56 35 27 42 175 435 44 33 255 60 212 5 3 0 2 0 0 1 3 0 0 3 0 0 0 0 0 0 0 7 1 0 2 6 0 2 23 56 14 6 3 0 0 0 0 2 0 0 4 69 0 4 0 0 0 0 2 3 2 2 0 0 0 0 4 3 0 0 0 5 2 55 36 28 0 0 0 12 47 43 0 0 31 13 36 53 43 25 20 0 0 0 0 0 0 0 0 0 0 0 0 0 0 0 0 0 0 0 0 0 0 0 0 0 0 0 0 0 0 0 0 0 0 1 0 0 0 0 1 0 0 0 0 0 0 0 0 0 0 0 0 0 0 2 0 0 0 0 0 0 0 18 15 15 0 0 0 0 10 12 0 0 0 0 29 49 27 29 0 0 0 0 0 0 0 0 0 0 0 0 0 0 0 0 0 0 0 0 0 0 0 0 0 0 0 0 0 0 0 0 0 0 0 49 0 0 5 0 0 0 0 0 0 0 0 0 1 6 0 0 0 0 0 0 0 0 0 0 0 0 0 0 0 0 0 0 0 2 2 2 0 0 9 0 0 0 0 0 0 0 0 0 0 0 0 0 0 0 0 0 0 0 0 0 0 0 0 0 0 0 0 0 0 0 0 0 0 0 0 0 0 
 64 0 492 61 29 39 315 413 381 36 17 245 267 70 424 631 618 70 33 276 1 3 0 2 0 0 0 3 0 0 2 0 0 1 0 0 0 0 5 0 0 0 9 0 0 1 3 0 3 0 0 0 0 0 3 0 0 8 2 0 2 0 0 1 0 0 0 4 0 0 0 0 0 3 7 0 0 1 0 0 0 61 64 34 1 0 0 60 40 39 22 14 0 11 0 21 8 40 0 0 0 0 0 0 0 0 0 0 0 0 0 0 0 0 0 0 0 0 0 0 0 0 0 0 0 0 0 0 0 0 0 0 0 0 0 0 0 0 0 0 0 0 0 6 0 0 0 0 0 0 0 0 4 0 0 0 0 0 0 0 0 16 21 0 1 0 0 7 11 39 0 15 0 8 18 25 32 40 0 28 0 0 0 0 0 0 0 0 0 0 0 0 0 0 0 0 0 0 1 0 0 0 0 0 0 0 0 0 0 0 0 0 0 0 0 0 0 0 0 0 0 0 0 0 0 0 0 0 0 0 8 0 0 0 0 0 0 0 0 0 0 0 0 0 0 90 2 2 0 1 0 5 0 0 2 0 0 2 0 0 0 0 0 0 0 0 0 0 0 0 0 0 0 0 0 10 2 0 0 0 0 0 0 0 0 0 0 0 0 0 
 88 492 0 337 62 36 51 72 320 388 102 61 45 43 98 328 427 398 57 122 2 40 0 2 0 0 0 6 0 0 2 0 0 0 0 0 5 0 4 0 0 0 9 0 0 1 3 0 3 0 0 0 0 0 59 62 0 9 2 0 2 0 0 1 0 0 0 0 3 0 0 0 0 3 3 0 0 5 0 0 0 14 44 45 0 0 0 0 14 50 81 37 0 2 0 27 28 17 0 0 0 0 0 0 0 0 0 0 0 0 0 0 0 0 0 0 0 0 0 0 0 0 0 0 0 0 0 0 0 0 0 0 0 0 0 0 0 0 0 0 0 2 0 6 0 0 3 0 0 0 0 0 2 0 8 0 0 0 0 0 0 14 11 18 1 0 6 23 26 65 10 17 0 15 0 28 27 56 0 10 0 0 0 0 0 0 0 0 0 0 0 0 0 0 0 0 0 0 0 0 0 0 0 0 0 0 0 10 0 0 0 0 0 0 0 0 0 0 0 0 0 0 0 0 0 0 0 0 0 0 0 16 0 0 0 0 0 0 0 0 0 7 0 0 0 0 4 1 0 7 2 12 0 0 0 0 0 0 0 0 0 0 2 0 0 0 0 0 0 0 0 0 0 0 0 44 19 24 0 0 0 0 0 0 0 0 0 0 0 0 
 267 61 337 0 89 60 313 250 92 428 126 319 67 92 63 64 45 475 86 54 0 2 0 2 0 0 0 3 0 0 2 0 0 0 0 0 0 0 4 0 0 0 3 0 0 0 3 61 3 0 0 0 0 0 3 0 0 3 2 0 2 0 0 2 0 0 0 0 0 7 0 0 0 3 39 0 0 9 0 0 0 0 1 54 62 11 0 0 0 0 40 42 0 0 16 0 0 0 0 0 0 0 0 10 0 0 0 0 0 0 0 0 1 0 0 0 0 0 25 3 0 0 16 0 0 0 0 0 0 0 0 8 0 0 0 0 0 0 0 0 0 0 0 0 0 0 0 5 0 0 0 0 0 2 14 0 2 0 0 0 0 0 8 23 13 20 16 0 0 13 23 15 0 0 0 18 0 16 0 0 0 0 0 0 0 0 0 1 0 0 23 0 0 0 0 0 0 0 26 0 0 0 0 30 0 1 0 0 0 0 0 0 0 0 0 0 0 0 0 0 0 0 0 0 0 0 0 11 0 2 0 0 0 0 0 0 0 0 0 0 0 38 0 0 0 0 30 2 2 63 2 10 17 0 0 0 0 0 0 0 0 0 21 0 0 0 0 0 0 0 0 0 0 0 0 10 32 18 0 0 0 0 0 0 0 0 0 0 0 0 
 21 29 62 89 0 636 255 136 64 383 59 324 52 91 72 186 43 156 63 60 0 2 0 2 0 0 0 3 0 2 2 0 0 0 0 0 75 0 7 0 0 0 3 0 0 1 3 0 3 0 0 0 0 0 3 0 0 3 2 0 2 0 0 1 0 0 0 0 3 0 0 0 0 2 3 0 0 0 0 0 0 0 0 1 46 43 0 2 0 0 1 18 0 1 0 0 0 0 1 0 0 0 0 0 0 0 25 0 0 0 0 2 31 0 0 0 0 0 48 29 0 0 0 1 0 0 0 0 0 0 0 13 0 0 0 0 0 2 2 0 0 0 0 0 0 0 0 0 0 37 0 0 0 1 0 0 0 0 0 0 0 1 5 1 22 90 11 0 1 0 16 18 0 0 0 11 0 0 0 0 0 0 0 0 0 0 0 1 0 0 0 2 24 1 0 0 0 1 29 29 0 0 0 0 0 0 0 2 0 0 0 0 0 0 0 0 0 0 0 2 0 0 0 0 0 0 0 0 0 0 0 0 0 0 0 0 0 0 0 0 0 0 0 0 0 4 6 0 0 9 0 6 0 0 0 0 0 2 0 0 0 0 1 0 0 0 0 0 0 0 0 0 0 0 0 0 0 0 0 0 0 0 0 0 0 0 0 0 0 0 
 28 39 36 60 636 0 49 46 45 270 38 51 52 67 70 79 56 62 58 53 2 2 0 2 0 0 0 4 0 0 2 0 212 1 0 0 20 0 228 0 0 0 3 0 0 1 3 0 3 0 0 0 3 0 3 0 0 3 5 0 3 0 0 0 0 2 3 0 3 2 0 0 0 4 3 2 1 0 0 0 0 0 0 0 12 45 0 15 0 0 0 0 0 0 0 2 0 0 0 0 20 0 0 0 0 0 53 2 0 0 0 0 55 0 11 0 0 0 12 36 0 0 0 0 0 14 0 0 0 0 0 16 0 0 0 0 0 0 0 0 0 0 0 0 5 2 0 0 0 50 0 0 0 2 0 0 0 0 0 0 0 0 0 2 11 71 0 0 0 0 4 0 0 0 0 0 0 0 0 0 0 0 0 0 0 0 0 15 0 0 0 0 33 26 0 0 0 0 25 24 0 0 0 0 0 0 0 0 0 0 0 0 0 0 0 0 0 0 0 0 0 0 0 0 0 0 0 0 0 0 0 0 0 0 0 1 0 0 0 0 0 0 0 0 0 2 0 0 1 5 0 10 4 0 0 0 0 0 0 0 0 0 0 0 0 0 0 0 0 0 0 0 0 0 0 0 0 0 0 0 0 0 0 0 0 0 0 0 0 0 
 471 315 51 313 255 49 0 92 50 126 21 335 490 557 61 261 249 26 48 365 2 4 0 2 0 0 0 76 0 0 2 0 0 73 0 0 0 0 4 0 0 5 3 0 0 68 3 0 3 3 0 0 0 0 3 0 2 3 3 0 3 0 0 0 1 0 5 0 0 0 0 0 0 2 3 0 0 0 57 0 69 1 0 0 0 0 13 27 57 0 0 0 34 36 80 26 29 0 29 24 0 0 0 0 0 0 0 0 0 0 0 0 0 0 0 0 0 0 0 0 0 0 0 0 0 0 0 0 0 0 0 0 0 0 0 0 0 0 0 0 0 0 0 0 0 0 0 0 0 0 0 4 0 0 0 0 0 0 0 0 34 83 0 0 0 0 0 33 10 0 0 0 11 18 31 0 13 0 0 14 0 0 0 0 0 0 0 0 0 0 0 0 0 0 0 0 0 0 18 0 0 0 0 0 0 0 0 0 0 0 0 0 0 14 0 0 0 0 0 0 0 0 0 0 0 0 0 0 0 0 0 0 0 0 0 1 0 0 0 0 0 0 0 0 0 0 0 2 2 0 0 9 0 0 0 0 0 0 0 0 0 0 0 0 0 0 0 0 0 0 0 0 0 0 0 0 0 0 0 0 0 0 0 0 0 0 0 0 0 0 
 389 413 72 250 136 46 92 0 150 59 24 34 72 443 155 128 35 48 63 33 1 4 0 2 0 0 1 3 0 0 81 0 0 0 0 3 0 0 4 0 0 0 8 66 0 66 3 0 3 3 0 3 0 0 5 0 3 8 3 0 3 0 2 0 28 0 3 11 3 0 0 2 0 2 3 1 0 0 2 0 3 63 16 2 0 0 1 38 55 17 0 9 0 43 41 87 44 14 0 1 0 0 0 0 0 0 0 1 0 0 0 9 1 0 0 0 0 0 0 0 0 0 0 0 0 0 0 0 0 0 0 0 0 0 0 0 0 0 0 0 0 0 0 1 0 1 0 1 0 0 0 0 6 0 0 2 0 0 0 0 22 39 32 1 0 0 0 11 34 0 0 0 1 1 7 24 70 0 0 0 0 0 0 0 0 0 0 0 0 0 0 0 0 0 0 0 0 0 0 0 2 0 0 0 0 0 0 0 0 0 0 0 0 0 0 0 0 0 0 0 0 0 0 0 0 0 0 0 0 0 0 0 0 0 0 1 0 0 0 0 0 0 0 0 0 0 0 0 0 0 1 7 0 0 0 0 0 0 0 0 0 0 0 0 0 0 0 0 0 0 0 0 0 0 0 0 0 0 0 0 0 0 0 0 0 0 0 0 0 0 
 37 381 320 92 64 45 50 150 0 376 29 24 73 71 172 237 246 329 84 45 0 3 0 2 0 0 0 3 0 0 2 0 0 0 0 0 0 0 3 0 0 0 9 0 0 2 2 0 3 0 0 0 0 0 2 0 0 9 3 0 36 0 0 0 0 0 0 0 3 0 0 0 0 2 3 0 0 6 1 0 0 35 25 36 0 0 0 5 15 53 53 38 0 7 0 26 37 21 0 0 0 0 0 0 0 0 0 0 0 0 0 0 0 0 0 0 0 0 0 0 0 0 0 0 1 0 0 0 0 0 0 0 0 0 0 0 0 0 0 0 0 0 1 6 0 0 0 1 0 0 1 0 0 0 5 0 12 0 0 0 0 11 10 13 0 0 0 26 25 50 10 31 0 3 0 64 16 52 0 24 0 0 0 0 0 0 0 0 0 0 0 0 0 0 0 0 0 0 0 0 0 1 0 0 0 0 0 0 0 0 0 0 0 0 0 0 0 0 0 0 0 0 0 0 0 0 0 0 6 0 0 0 0 0 0 0 0 0 0 0 0 4 0 0 0 2 2 0 2 1 0 13 0 0 0 0 0 0 0 0 1 0 0 0 0 0 0 0 0 1 0 0 0 0 0 11 0 39 0 0 0 0 0 0 0 1 0 0 0 0 
 56 36 388 428 383 270 126 59 376 0 427 50 59 308 90 396 445 401 303 68 0 2 0 2 0 0 0 3 16 0 2 0 0 0 0 0 2 0 5 0 0 0 5 0 5 1 3 0 3 0 0 0 64 0 3 0 0 5 2 0 2 0 0 1 0 0 0 0 3 6 0 0 0 2 3 0 0 35 0 0 0 19 33 43 10 0 0 1 0 20 56 5 0 1 0 0 0 22 0 0 0 0 0 1 0 0 0 0 0 0 0 0 0 0 0 0 0 2 0 0 0 0 0 0 0 0 0 0 0 0 0 0 0 1 0 0 0 0 0 0 0 0 0 5 1 0 0 25 0 0 2 0 0 1 11 0 0 0 0 0 0 1 1 22 35 0 0 0 0 46 9 23 0 3 0 16 0 52 0 27 0 0 2 0 16 0 0 0 0 0 0 0 0 0 0 0 0 0 14 0 0 0 0 0 0 0 0 0 0 0 0 0 0 0 0 0 0 0 0 0 0 0 0 0 0 0 0 0 0 0 0 0 0 0 1 0 0 0 0 0 0 16 0 0 0 87 176 2 2 175 3 11 20 0 0 0 0 0 0 0 0 0 10 0 0 0 0 0 0 0 0 0 0 0 0 30 20 16 0 0 0 0 0 0 0 0 0 0 0 0 
 35 17 102 126 59 38 21 24 29 427 0 305 32 30 57 68 151 407 30 59 2 0 8 0 0 0 2 0 2 6 0 4 0 2 2 0 3 2 4 3 0 0 0 0 3 7 3 0 1 2 0 0 0 7 0 0 3 2 0 0 0 0 0 3 0 0 0 2 0 8 0 5 6 0 5 0 0 10 0 0 0 9 0 24 37 9 0 0 0 0 47 69 0 0 0 0 0 1 0 0 0 0 0 0 0 0 0 0 0 0 0 0 0 0 0 0 0 0 9 2 0 0 0 0 0 0 0 0 0 0 0 18 0 0 0 0 0 0 0 0 0 0 0 0 0 0 0 4 0 0 0 0 3 1 7 0 0 0 0 0 0 0 11 21 8 13 6 0 0 18 19 12 0 0 0 18 1 17 0 0 0 0 0 0 0 0 29 1 0 0 0 0 0 0 0 0 0 0 23 0 0 0 0 0 0 0 0 0 0 0 0 0 0 0 0 0 0 0 0 0 0 0 0 0 0 0 0 0 0 0 0 0 0 0 0 0 0 0 0 0 0 9 0 0 0 4 63 0 0 58 0 11 18 0 0 0 0 0 0 0 0 0 1 0 0 0 0 0 0 0 0 0 0 0 0 10 19 23 0 0 0 0 0 0 0 0 0 0 0 0 
 27 245 61 319 324 51 335 34 24 50 305 0 235 125 251 38 47 72 48 26 0 2 0 2 0 0 2 3 0 5 2 2 0 0 0 0 0 2 5 0 0 0 3 0 0 5 3 0 3 0 0 0 0 3 3 0 47 3 3 0 3 0 0 0 0 0 0 0 3 2 0 2 0 2 62 0 0 0 0 0 1 0 0 9 28 24 0 2 0 1 0 16 0 1 0 0 0 0 1 0 0 0 0 0 0 0 0 0 0 0 0 0 12 13 0 2 0 0 11 22 0 0 1 1 0 0 0 0 0 0 0 14 0 24 0 0 0 2 0 0 0 0 0 0 0 14 0 0 0 0 0 0 0 0 0 0 0 0 0 0 0 0 5 24 21 26 57 0 2 0 17 18 0 2 13 0 0 0 0 0 0 0 0 0 1 0 0 2 0 0 0 2 13 0 2 0 0 1 48 14 0 0 0 0 0 0 0 0 0 0 0 0 0 0 0 0 0 0 0 2 0 0 0 0 0 0 0 0 0 0 0 0 0 0 0 14 0 0 0 0 0 13 0 0 0 2 86 1 6 179 1 10 16 0 0 0 0 0 0 0 0 0 9 0 0 0 0 0 0 0 0 0 0 20 0 0 18 0 0 0 0 0 0 0 0 0 0 0 0 0 
 42 267 45 67 52 52 490 72 73 59 32 235 0 313 42 45 49 235 440 341 1 3 0 2 0 0 0 30 0 0 2 2 0 0 0 0 0 0 5 0 0 0 3 0 0 0 2 0 3 0 38 0 0 0 2 0 0 3 3 0 3 0 0 0 0 0 7 0 3 0 2 0 0 2 3 0 0 0 0 0 53 0 0 0 0 0 50 12 1 0 0 0 47 10 18 0 6 0 35 41 0 0 0 0 0 0 0 0 0 0 0 13 0 0 0 0 0 0 0 0 14 0 0 0 0 0 0 1 0 0 0 0 0 0 0 0 0 0 0 0 0 0 10 0 0 0 0 0 0 0 2 3 0 0 0 0 0 0 0 0 46 0 0 0 0 0 57 21 0 0 0 0 20 76 34 0 13 0 0 13 8 0 2 0 0 0 0 0 0 0 0 0 0 0 0 0 0 0 0 0 0 0 0 0 0 0 0 0 0 0 0 0 0 0 0 0 0 1 0 0 0 0 0 0 0 0 0 0 0 0 2 0 0 0 0 0 0 0 0 0 0 0 0 0 0 0 0 1 0 0 1 23 0 0 0 0 0 0 0 0 0 0 0 0 0 0 0 0 0 0 0 0 0 0 0 0 0 0 0 0 0 0 0 0 0 0 0 0 0 0 
 175 70 43 92 91 67 557 443 71 308 30 125 313 0 466 54 34 254 213 274 1 3 0 2 0 0 0 3 0 0 2 0 0 0 0 0 0 0 5 0 0 0 3 3 0 27 3 0 3 0 0 0 0 0 3 0 0 3 3 0 3 0 0 0 0 0 25 7 3 0 0 0 0 2 3 0 0 0 5 0 45 39 17 0 0 0 45 31 28 0 1 15 28 37 61 20 27 17 1 0 0 0 0 0 0 0 0 0 0 0 0 2 0 0 0 0 0 0 0 1 0 0 0 1 0 0 0 0 0 0 0 0 0 0 0 1 0 1 2 0 0 0 0 0 0 1 0 0 0 0 0 1 2 0 0 0 0 0 0 0 34 21 20 0 0 0 0 13 2 0 0 1 0 31 75 14 27 0 0 1 0 0 0 12 0 0 0 0 0 0 0 2 0 0 0 0 0 1 19 0 0 0 0 0 0 0 1 2 0 0 0 0 0 0 0 0 3 0 0 2 0 0 0 0 0 0 0 0 0 0 0 0 0 0 0 17 0 0 0 0 0 0 0 0 0 0 0 2 0 0 2 13 0 0 0 0 0 0 0 0 0 0 0 0 0 0 0 0 0 0 0 0 0 0 0 0 0 0 0 0 0 0 0 0 0 0 0 0 0 0 
 435 424 98 63 72 70 61 155 172 90 57 251 42 466 0 189 127 103 108 112 1 6 0 2 0 0 1 5 0 0 4 0 0 0 2 5 0 0 7 0 0 0 6 3 0 65 3 0 3 0 0 3 0 0 8 63 3 7 3 0 3 0 4 0 0 0 0 7 3 0 31 2 1 2 51 1 0 0 2 0 0 26 22 1 2 0 1 48 62 21 0 12 0 39 33 50 52 23 0 0 0 0 0 2 2 0 0 0 0 0 0 0 0 0 0 0 0 0 0 0 0 0 0 0 0 0 0 0 0 1 1 0 0 0 0 0 0 0 0 0 0 0 0 0 0 0 0 13 0 0 0 0 5 0 0 0 0 2 0 0 14 32 20 0 0 0 0 7 33 0 0 0 0 5 14 33 36 0 0 5 0 0 0 0 0 0 0 0 2 0 0 0 0 0 0 0 0 0 0 2 0 0 0 0 0 0 0 0 2 0 0 0 0 0 0 0 0 0 14 0 0 0 0 0 0 0 0 0 0 0 0 0 2 0 0 15 0 0 1 0 0 0 0 0 0 1 0 0 0 0 2 8 0 0 0 0 0 0 0 0 0 0 0 0 0 0 0 0 0 0 0 0 0 0 0 0 0 0 0 0 0 0 0 0 0 0 0 0 0 0 
 44 631 328 64 186 79 261 128 237 396 68 38 45 54 189 0 560 671 41 89 0 3 0 2 0 0 0 3 0 0 2 0 0 2 2 0 0 0 4 0 0 0 6 0 0 1 2 0 3 0 0 0 0 0 2 0 0 7 3 0 3 0 0 0 0 0 0 0 3 0 0 0 0 2 3 0 0 34 68 0 0 15 78 43 0 0 0 4 13 51 40 55 0 9 0 35 30 39 0 0 2 0 0 0 0 0 1 0 0 0 0 0 0 0 2 0 0 0 0 0 0 2 0 0 0 0 0 0 0 0 0 2 0 0 0 0 0 0 0 0 0 0 0 5 0 0 0 17 0 0 0 0 0 0 4 0 0 0 0 0 0 9 11 16 0 0 0 15 27 42 10 15 7 10 0 47 21 42 0 20 0 0 0 0 0 0 0 0 0 0 0 0 0 0 0 0 0 0 1 0 0 0 1 0 0 0 0 0 0 0 0 0 0 0 0 0 0 0 0 0 0 2 0 2 0 0 0 0 0 0 15 0 0 1 0 0 0 0 0 0 0 0 0 0 0 3 2 0 2 1 0 12 1 0 0 0 0 0 0 0 0 0 19 0 0 0 0 0 0 0 0 0 0 0 0 12 0 17 0 0 0 0 0 0 0 0 0 0 0 2 
 33 618 427 45 43 56 249 35 246 445 151 47 49 34 127 560 0 413 32 103 77 3 0 2 0 0 0 3 0 0 3 2 0 0 0 0 0 0 4 0 0 0 9 0 78 1 3 0 3 0 0 0 0 0 3 0 0 9 3 0 3 0 0 0 0 0 0 0 4 0 0 0 0 2 3 0 0 8 0 0 1 16 20 42 2 0 0 2 16 51 48 20 0 1 0 26 22 9 0 0 0 0 0 0 0 0 0 0 0 0 0 0 0 10 0 0 0 0 0 0 0 0 0 0 0 0 0 0 0 0 0 0 0 0 0 0 0 0 0 0 0 0 0 5 0 0 0 4 0 0 0 0 2 2 9 0 0 0 0 0 0 12 13 9 1 0 0 12 26 48 44 10 0 4 0 33 18 47 0 38 0 0 0 0 0 0 0 0 0 0 0 0 0 0 0 0 9 0 0 0 0 0 0 0 0 0 0 0 0 0 1 0 0 0 0 0 0 0 0 0 0 0 0 0 0 0 0 0 0 0 0 0 0 0 0 0 0 0 0 0 0 2 0 0 0 0 1 0 0 2 0 0 0 0 0 0 0 0 0 0 0 0 1 0 0 0 0 0 0 0 0 0 0 0 0 8 0 19 0 0 0 0 0 0 0 0 0 0 0 0 
 255 70 398 475 156 62 26 48 329 401 407 72 235 254 103 671 413 0 48 20 0 2 0 2 0 0 77 3 0 0 2 0 0 0 0 2 0 0 5 0 2 0 3 0 0 1 3 35 3 0 0 0 0 0 3 0 0 3 3 35 3 0 0 0 0 0 0 0 3 11 2 0 0 2 3 0 0 3 0 0 0 20 27 49 8 0 0 2 0 9 40 36 0 1 0 0 0 21 1 0 14 0 0 0 0 0 0 14 0 0 29 0 0 0 0 2 0 0 0 1 0 0 0 0 0 0 0 0 0 0 0 0 0 0 0 1 0 2 2 0 0 0 0 8 0 0 0 7 0 0 0 0 0 1 8 0 0 0 0 0 0 1 2 22 11 0 0 15 2 55 5 40 0 7 0 10 0 60 0 15 0 0 0 0 0 0 0 2 0 0 10 2 1 0 16 0 0 0 10 0 0 0 0 0 14 0 0 0 0 0 0 0 0 0 0 0 0 0 0 2 0 0 0 0 0 0 0 0 0 0 0 0 0 0 0 0 0 0 0 0 0 17 0 0 0 3 179 0 0 171 0 12 16 0 0 0 0 0 0 0 0 0 10 0 0 0 0 0 0 0 0 0 0 0 0 21 15 22 0 0 0 0 0 0 0 0 0 0 0 0 
 60 33 57 86 63 58 48 63 84 303 30 48 440 213 108 41 32 48 0 267 2 4 0 2 0 0 0 3 0 1 2 6 2 0 0 0 0 0 4 0 0 81 3 0 0 0 3 0 3 0 0 0 0 0 3 0 0 5 2 0 10 67 0 0 0 0 0 0 3 0 0 0 0 2 3 2 0 0 0 0 28 0 0 0 0 0 40 10 12 0 2 0 33 13 2 0 0 0 49 49 0 0 0 0 0 0 0 0 0 0 0 1 0 0 0 0 0 0 0 2 0 0 0 2 0 0 0 0 0 0 0 0 0 0 0 2 0 1 1 0 0 0 6 0 0 0 0 0 0 0 0 5 0 0 0 0 0 0 0 0 22 2 0 0 0 0 18 8 1 0 1 2 40 8 0 0 0 0 15 31 0 0 0 0 0 0 0 0 0 0 8 7 0 0 1 0 0 2 0 0 0 0 0 0 2 0 0 0 0 0 0 0 0 0 0 0 0 0 0 0 0 5 0 0 0 0 0 0 0 0 0 0 0 0 0 0 0 0 0 0 0 0 0 0 0 0 0 0 4 2 0 16 0 0 0 0 0 2 0 0 0 0 0 0 0 0 0 0 0 0 0 0 0 0 0 0 0 0 0 0 0 0 0 0 0 0 0 0 0 0 
 212 276 122 54 60 53 365 33 45 68 59 26 341 274 112 89 103 20 267 0 1 3 0 2 0 0 0 3 0 0 2 0 0 0 2 0 0 0 4 0 64 0 3 0 0 0 2 0 3 0 64 0 0 0 2 0 0 3 3 0 4 0 0 0 0 0 6 1 3 0 0 0 0 2 3 0 0 0 0 0 44 1 0 0 42 0 39 27 2 0 0 0 39 43 42 10 22 0 35 35 0 0 0 0 0 0 0 0 0 0 0 0 0 0 0 0 1 0 0 0 0 0 0 0 1 0 0 0 0 0 0 0 0 0 0 0 0 0 0 0 0 0 0 0 0 0 0 0 0 0 18 6 0 0 0 0 2 0 0 0 29 13 0 0 0 0 19 16 1 0 0 0 19 70 18 9 16 0 0 21 0 0 0 0 0 0 0 0 0 0 0 0 0 0 0 0 0 0 0 0 0 0 0 0 0 1 0 0 0 0 0 0 0 0 0 0 0 0 0 0 0 14 0 0 0 0 0 0 0 0 0 0 0 0 0 0 0 0 0 0 0 0 0 0 0 0 0 1 2 0 0 6 0 0 0 0 0 0 0 0 1 0 0 0 0 0 0 0 0 0 0 0 0 0 0 0 0 0 0 0 0 0 0 0 0 1 0 0 0 0 
 5 1 2 0 0 2 2 1 0 0 2 0 1 1 1 0 77 0 2 1 0 122 106 43 240 34 253 286 26 40 45 50 37 96 276 57 38 88 282 118 263 3 0 0 0 2 0 3 0 0 0 1 0 0 0 0 1 2 0 0 3 0 0 2 0 0 0 0 2 2 0 0 0 0 3 0 0 0 0 0 32 0 17 0 0 0 0 0 0 2 0 0 0 0 0 0 0 0 2 0 11 21 45 0 0 0 18 32 47 0 0 0 0 48 62 0 53 13 2 2 0 0 0 0 12 0 0 0 0 0 0 0 0 1 0 0 3 0 0 0 0 0 0 0 0 20 0 0 0 0 0 0 0 2 0 0 3 0 0 5 0 0 0 0 0 0 0 0 0 0 0 0 0 2 0 0 0 0 1 0 63 31 15 8 0 0 3 39 49 11 0 1 19 8 29 20 41 0 0 0 0 0 0 0 0 0 0 1 0 0 0 0 0 2 0 0 0 0 0 0 0 0 0 0 0 0 0 0 0 0 0 0 0 0 0 0 0 0 0 0 0 0 0 0 0 0 0 0 0 0 0 0 0 0 24 0 0 0 0 0 1 52 0 0 0 0 0 0 0 0 0 0 0 0 0 0 0 0 0 0 0 0 0 0 0 0 0 0 0 1 
 3 3 40 2 2 2 4 4 3 2 0 2 3 3 6 3 3 2 4 3 122 0 354 47 29 29 65 548 306 49 281 32 47 44 285 428 215 46 42 254 0 3 0 0 0 2 0 9 0 0 0 2 0 0 0 60 1 2 0 0 3 0 0 2 0 0 0 0 2 2 52 9 0 0 3 0 0 0 0 0 0 0 0 9 0 15 0 0 0 0 0 0 0 0 0 0 0 0 0 0 0 30 72 32 0 0 0 12 9 35 0 1 0 0 15 28 52 89 9 0 0 0 0 0 0 0 9 0 0 0 18 0 0 0 9 0 0 4 0 0 0 0 0 0 0 1 0 0 0 0 0 0 0 2 0 0 3 0 0 0 0 0 0 0 0 0 0 0 0 0 0 0 0 0 0 0 0 26 1 0 1 10 49 37 0 0 0 9 17 63 8 9 0 0 1 29 15 18 0 0 0 0 0 0 0 0 0 0 0 0 0 0 0 0 0 0 0 0 0 8 0 0 0 0 0 0 0 0 0 0 0 16 0 18 0 0 0 0 0 0 0 0 0 0 0 0 0 0 0 0 0 0 0 0 6 0 1 0 0 0 1 13 0 0 0 0 0 1 0 0 0 0 0 0 0 0 0 0 0 0 0 0 0 0 0 0 0 0 0 0 
 0 0 0 0 0 0 0 0 0 0 8 0 0 0 0 0 0 0 0 0 106 354 0 122 87 18 58 198 263 380 271 38 74 43 62 295 110 424 33 44 0 3 0 0 0 2 0 11 0 0 0 0 3 0 1 0 1 3 0 2 3 0 0 41 0 0 0 0 2 2 0 0 5 0 3 0 0 0 3 0 0 0 1 0 0 0 2 1 0 0 0 0 0 0 19 0 0 0 2 0 0 11 21 57 0 16 0 25 15 44 26 40 0 0 0 32 33 54 2 0 0 0 0 0 0 0 0 0 0 0 0 0 1 6 0 0 0 11 0 0 0 0 0 1 0 0 0 0 0 0 0 0 0 0 0 0 5 0 0 0 0 0 0 0 7 0 0 0 0 0 0 0 1 2 26 0 0 0 9 0 1 0 28 29 0 0 0 0 26 46 43 37 0 0 10 20 12 23 0 1 0 0 0 1 0 0 0 1 0 0 0 0 0 0 0 0 0 0 8 2 0 0 0 0 0 0 0 0 0 0 0 0 0 19 0 0 2 0 2 0 0 0 0 0 0 0 0 0 0 0 0 0 0 0 8 0 0 2 3 3 25 6 0 0 0 0 11 0 0 0 0 0 0 0 0 0 0 0 0 0 0 11 0 0 0 0 0 0 0 0 
 2 2 2 2 2 2 2 2 2 2 0 2 2 2 2 2 2 2 2 2 43 47 122 0 99 40 101 148 70 318 479 352 54 38 72 74 35 389 58 75 3 5 0 2 0 1 2 65 0 3 4 2 0 3 5 2 1 2 62 0 3 0 0 2 0 0 2 0 3 4 0 0 0 0 3 0 0 0 0 3 0 0 0 0 0 0 22 23 0 0 0 0 0 12 0 0 0 0 0 0 0 0 1 27 31 40 1 0 0 20 18 119 0 0 0 2 0 0 0 0 0 2 0 0 0 0 1 14 0 0 0 0 0 0 0 0 0 0 12 1 0 0 0 0 0 0 0 0 0 0 1 0 0 1 0 0 2 0 0 0 0 0 0 0 0 0 2 0 1 0 1 2 0 0 6 0 0 0 6 0 0 0 0 38 36 20 0 0 0 7 104 28 2 0 0 0 0 0 0 0 0 0 0 0 6 1 0 0 0 0 0 21 10 0 2 0 0 0 22 0 0 0 0 0 0 0 9 0 0 0 0 0 0 0 9 0 0 0 0 0 0 0 7 0 0 0 2 0 0 0 0 0 0 0 0 0 2 13 25 0 24 0 0 0 0 0 6 0 0 0 0 0 0 0 0 0 0 0 0 0 0 51 0 0 0 0 0 0 0 0 
 0 0 0 0 0 0 0 0 0 0 0 0 0 0 0 0 0 0 0 0 240 29 87 99 0 363 41 68 51 81 84 330 66 49 294 310 74 55 81 86 208 2 0 0 0 1 0 3 0 37 10 1 0 0 1 0 0 3 0 6 3 0 0 39 0 0 0 0 2 2 0 0 0 0 3 0 0 0 0 0 0 0 0 0 0 0 0 0 0 0 0 0 0 0 0 0 0 0 0 0 0 0 0 1 7 30 0 0 0 0 12 9 0 0 0 0 0 0 0 0 1 0 0 1 0 0 1 0 0 0 0 0 5 15 0 0 0 0 51 51 0 0 20 0 0 0 5 0 15 0 0 0 0 0 0 0 0 0 0 0 0 0 0 3 0 0 0 0 0 0 0 0 0 0 0 0 0 0 0 2 0 0 0 0 29 38 0 0 0 0 1 21 0 0 0 0 0 0 0 0 10 0 0 0 0 0 11 2 0 5 0 0 37 10 0 0 0 0 19 39 0 0 0 0 0 0 0 0 0 0 0 2 0 0 10 0 0 0 0 0 0 0 0 0 0 0 0 0 0 0 0 0 0 0 0 3 0 2 28 0 6 1 0 0 0 0 0 0 0 0 0 0 0 0 0 0 0 0 0 0 0 0 0 0 0 0 0 0 0 2 
 0 0 0 0 0 0 0 0 0 0 0 0 0 0 0 0 0 0 0 0 34 29 18 40 363 0 48 258 68 50 360 53 47 26 57 97 354 72 239 65 0 2 0 0 1 2 0 3 0 0 2 0 0 0 0 0 0 9 198 0 3 0 4 44 0 0 4 0 2 72 0 0 0 0 3 0 0 0 0 0 0 2 0 0 0 0 2 1 0 0 0 0 0 0 0 0 0 0 0 0 0 0 9 0 9 14 0 0 0 0 14 1 0 0 0 0 0 0 11 0 28 0 0 0 0 12 21 0 1 0 0 0 42 10 20 3 0 0 36 25 0 0 0 1 0 0 6 0 0 0 0 0 0 2 0 0 0 0 0 0 0 8 0 3 0 0 0 0 0 0 0 0 0 0 0 0 0 0 0 0 1 0 0 0 19 31 0 0 0 0 0 0 0 0 0 0 0 0 0 0 31 0 0 0 0 0 49 13 0 0 0 0 26 14 0 0 0 0 30 53 7 0 0 0 0 0 0 0 0 0 0 0 0 1 0 0 2 0 0 0 0 0 0 0 0 0 0 0 0 0 0 0 0 0 7 1 2 0 0 0 0 0 0 0 0 0 0 0 0 0 0 0 0 0 0 0 0 0 0 0 0 0 0 0 0 0 0 0 0 0 
 1 0 0 0 0 0 0 1 0 0 2 2 0 0 1 0 0 77 0 0 253 65 58 101 41 48 0 104 40 43 37 36 313 212 63 249 131 40 137 201 0 207 0 5 5 1 2 3 7 3 0 1 0 1 0 0 4 8 3 0 7 5 11 52 0 0 0 13 13 14 9 3 0 1 16 11 11 0 0 1 0 0 0 14 0 0 0 0 0 0 0 0 0 2 0 0 0 0 0 0 48 10 0 0 2 0 0 22 20 1 0 0 0 57 12 0 0 0 13 10 0 0 0 1 10 0 0 0 0 0 0 1 0 0 0 0 0 0 0 0 0 0 0 0 0 0 0 0 0 0 0 0 2 0 0 0 0 0 0 0 0 0 0 0 0 0 0 2 0 0 6 0 0 0 0 2 0 1 0 0 25 12 0 2 0 0 39 25 19 0 0 0 0 39 18 0 14 3 0 9 0 0 0 0 0 0 1 0 0 0 0 0 0 0 0 0 0 0 0 30 19 0 1 0 0 0 2 0 0 0 0 0 0 0 0 0 0 0 0 0 0 0 0 0 0 2 0 0 0 0 0 0 0 0 4 0 0 0 0 2 2 2 0 0 0 0 0 0 0 0 0 0 0 0 0 0 0 0 0 0 0 0 0 0 0 0 0 0 0 0 
 3 3 6 3 3 4 76 3 3 3 0 3 30 3 5 3 3 3 3 3 286 548 198 148 68 258 104 0 116 188 34 40 83 284 122 221 165 315 56 43 0 3 0 2 0 1 0 18 0 0 0 0 0 0 0 0 1 2 0 0 3 0 0 2 0 0 0 0 2 2 1 0 0 0 3 0 0 0 2 0 0 0 0 0 0 0 2 1 0 0 0 0 0 0 0 1 0 0 0 0 0 21 51 11 1 0 0 49 44 27 7 6 0 0 23 18 14 38 0 1 0 0 0 0 0 0 0 0 0 0 0 0 26 1 0 0 0 7 0 0 13 0 0 1 0 3 0 0 0 0 0 0 0 0 0 0 9 0 0 2 0 0 0 0 0 0 0 0 0 0 0 0 0 0 0 0 0 0 0 0 35 16 41 4 0 0 15 14 23 13 0 31 0 0 10 38 35 9 0 0 0 0 0 0 0 0 0 0 0 0 0 0 0 6 0 0 0 0 1 2 0 11 0 0 0 0 0 0 0 0 0 0 0 12 0 0 2 0 2 0 0 0 0 0 0 0 0 0 0 0 0 0 0 0 2 0 3 1 0 2 1 4 0 0 0 0 9 0 0 0 0 0 0 0 0 0 0 0 0 0 0 0 0 0 0 0 0 0 0 0 
 0 0 0 0 0 0 0 0 0 16 2 0 0 0 0 0 0 0 0 0 26 306 263 70 51 68 40 116 0 639 69 52 50 50 620 291 71 358 64 77 0 2 4 0 0 0 0 38 0 0 206 0 0 2 27 0 0 3 0 0 3 52 2 3 2 0 0 0 2 2 0 0 0 0 3 0 0 0 0 0 0 0 0 0 0 0 0 0 2 0 0 0 0 0 0 0 0 0 0 0 3 10 22 67 26 15 1 39 19 49 26 30 0 0 4 35 26 70 0 0 0 9 0 0 0 0 0 0 0 0 0 0 8 0 0 0 0 6 0 0 0 0 0 0 0 0 0 0 2 0 0 0 0 0 0 0 2 0 0 0 0 2 0 0 12 0 0 0 0 44 0 0 0 0 0 0 2 0 22 0 0 3 46 20 0 0 0 0 19 19 41 23 0 0 11 19 9 19 0 0 0 0 0 0 0 1 0 0 0 0 0 0 0 0 0 0 0 0 5 0 0 1 0 1 0 0 0 0 0 0 0 0 0 13 0 0 0 0 0 0 0 0 0 0 0 0 0 0 0 0 0 0 0 0 2 0 0 10 3 0 80 19 0 0 0 0 11 0 0 0 0 0 0 0 0 0 0 0 0 0 0 8 0 0 0 0 0 0 0 0 
 0 0 0 0 2 0 0 0 0 0 6 5 0 0 0 0 0 0 1 0 40 49 380 318 81 50 43 188 639 0 318 274 38 57 398 312 276 715 63 95 0 2 0 2 3 2 0 9 0 0 2 0 3 0 0 0 2 3 0 0 3 0 0 2 2 3 0 0 2 2 0 2 0 0 3 0 0 8 0 0 0 0 2 0 0 0 0 0 0 0 19 0 1 0 0 0 0 0 0 8 1 15 22 79 28 21 0 0 17 33 28 22 0 0 0 13 32 92 0 0 0 0 0 0 0 0 0 0 0 0 0 0 0 0 0 0 0 3 0 0 0 0 0 0 0 0 0 0 0 2 0 0 0 2 0 8 0 0 0 2 0 0 0 0 0 0 0 0 0 0 0 0 0 0 7 0 0 0 5 0 0 0 2 47 10 0 2 11 3 45 34 20 0 0 0 0 11 13 0 0 0 0 0 2 0 0 0 0 0 0 0 0 0 0 0 0 0 0 32 0 0 0 0 0 0 0 0 0 0 0 0 0 0 19 1 0 0 0 0 0 0 0 0 0 0 0 0 0 0 0 0 0 0 0 2 0 2 153 76 3 20 3 17 0 0 0 13 0 0 0 0 0 0 20 0 0 0 2 0 0 0 10 0 0 0 0 0 0 0 0 
 3 2 2 2 2 2 2 81 2 2 0 2 2 2 4 2 3 2 2 2 45 281 271 479 84 360 37 34 69 318 0 362 32 32 295 104 301 378 23 64 0 3 0 0 0 1 0 3 0 0 5 0 0 0 7 0 1 3 62 0 3 0 0 2 0 0 1 0 2 2 66 0 0 37 3 0 0 0 0 0 0 1 0 19 0 19 0 0 0 0 0 0 0 0 0 0 0 0 0 0 0 1 0 30 55 32 0 1 0 18 20 92 0 0 0 0 0 0 7 0 0 0 0 1 0 0 0 0 0 0 0 0 1 0 13 0 0 0 12 0 0 0 0 0 0 0 0 0 0 0 0 0 0 0 0 0 0 0 0 0 0 0 0 0 0 0 0 0 0 0 0 0 0 0 3 0 0 0 2 0 0 1 0 22 30 12 0 0 0 18 36 26 0 0 0 1 0 1 0 0 0 0 0 0 0 0 1 8 0 0 0 0 12 0 0 0 0 0 24 0 0 0 0 0 0 0 0 0 0 0 0 0 0 0 11 0 0 0 0 0 0 0 18 0 0 0 0 0 0 0 0 0 0 0 3 0 2 50 88 4 16 1 0 0 0 0 0 0 0 0 0 0 0 0 0 0 0 0 0 0 0 59 0 0 0 0 0 0 0 0 
 0 0 0 0 0 0 0 0 0 0 4 2 2 0 0 0 2 0 6 0 50 32 38 352 330 53 36 40 52 274 362 0 27 25 248 43 66 64 24 35 3 3 3 0 0 2 2 3 0 2 5 63 0 0 5 0 1 6 1 0 3 1 0 2 0 0 0 0 2 2 0 1 2 3 3 3 0 0 0 0 0 0 0 0 0 0 0 0 0 0 0 0 14 0 0 0 0 0 0 0 0 0 1 0 39 36 0 0 0 1 64 10 0 0 0 1 0 0 0 0 0 0 0 0 0 0 0 0 0 0 0 0 22 2 0 0 0 0 20 0 0 0 0 0 0 0 4 0 0 0 0 0 0 2 0 0 0 0 0 0 0 0 0 15 0 0 0 0 0 0 0 0 0 0 6 0 0 0 0 0 0 0 0 24 45 31 0 0 0 18 2 11 0 0 0 0 0 0 0 0 0 0 0 0 0 0 0 0 0 0 0 0 7 9 0 0 20 0 69 37 0 0 0 0 0 0 0 0 0 0 0 0 0 0 4 0 0 0 0 0 0 0 18 0 0 0 0 0 0 0 0 0 0 0 0 0 4 152 150 0 0 2 0 0 0 0 0 0 0 0 0 0 0 0 0 0 0 0 0 0 0 18 0 0 0 6 0 0 0 0 
 0 0 0 0 0 212 0 0 0 0 0 0 0 0 0 0 0 0 2 0 37 47 74 54 66 47 313 83 50 38 32 27 0 50 49 34 28 36 310 181 0 3 0 0 0 2 0 3 0 0 0 1 0 0 0 0 1 2 0 0 3 0 0 3 0 0 0 0 2 2 3 3 0 0 3 0 0 0 0 0 0 0 0 0 0 0 0 0 0 0 0 0 0 0 0 0 0 0 0 0 56 1 2 0 0 0 43 35 0 7 0 0 32 64 18 0 0 5 8 27 9 0 0 0 0 13 0 0 0 0 0 0 0 0 0 0 0 0 0 15 0 0 0 0 17 6 0 0 0 3 0 0 26 2 0 0 0 0 0 0 0 0 0 0 0 0 0 0 0 1 4 0 0 0 0 0 0 0 0 0 10 16 0 0 0 0 47 28 9 0 0 2 31 59 43 0 16 0 18 18 0 0 0 0 0 0 0 0 0 0 0 0 0 0 0 0 0 0 0 0 0 0 0 0 0 0 0 2 0 0 0 0 1 0 2 0 0 0 0 0 0 0 0 0 0 0 0 0 0 0 0 0 0 0 4 1 0 0 0 0 0 0 0 1 0 0 0 0 0 0 0 0 0 0 0 0 0 0 0 0 0 0 0 0 0 0 0 0 0 0 
 0 1 0 0 0 1 73 0 0 0 2 0 0 0 0 2 0 0 0 0 96 44 43 38 49 26 212 284 50 57 32 25 50 0 302 37 27 26 101 83 0 3 0 4 0 2 0 3 0 0 0 0 0 0 0 0 1 2 62 62 3 0 0 15 11 1 0 0 2 3 15 3 0 0 3 0 0 0 3 0 0 0 0 0 0 0 0 2 0 0 0 0 14 0 0 2 0 0 0 0 11 29 18 0 0 0 18 25 16 0 0 0 0 56 24 9 35 16 0 0 0 0 0 0 0 0 0 0 0 0 0 0 0 1 0 0 0 0 0 0 0 0 0 2 0 3 0 1 0 0 0 0 0 2 0 0 4 0 0 2 0 0 0 0 0 0 0 0 0 0 0 0 0 0 0 0 0 0 0 0 13 42 27 0 0 0 15 35 15 0 21 0 19 0 25 15 34 8 0 0 0 8 0 0 0 0 0 0 0 0 0 0 0 0 0 0 0 0 0 1 0 0 0 0 0 0 0 0 0 0 0 0 0 1 0 0 0 0 1 0 0 0 0 0 0 0 0 0 0 0 0 0 0 0 8 2 0 0 0 0 0 9 0 0 0 0 0 0 0 0 0 0 10 0 0 0 0 0 0 0 4 0 0 0 0 0 21 0 0 0 
 0 0 0 0 0 0 0 0 0 0 2 0 0 0 2 2 0 0 0 2 276 285 62 72 294 57 63 122 620 398 295 248 49 302 0 480 71 45 128 111 0 3 0 0 0 1 0 5 0 0 0 0 0 0 0 1 1 2 0 0 3 0 0 11 0 0 0 0 2 2 3 43 0 0 3 0 0 0 0 0 0 0 0 0 0 0 0 0 0 0 0 0 0 0 0 0 3 0 0 0 14 49 16 0 0 0 0 27 35 14 0 0 0 1 63 43 16 21 0 0 0 0 0 0 0 0 0 0 0 0 0 0 0 0 0 0 0 7 0 0 0 0 0 0 0 0 0 0 0 10 0 0 0 0 0 0 10 0 0 1 0 0 0 0 0 0 0 0 0 12 0 0 0 0 0 0 0 0 6 0 36 17 58 7 0 0 13 13 31 9 7 25 1 0 14 52 27 21 0 12 0 0 7 0 0 0 0 0 0 0 0 0 0 0 0 0 0 0 0 0 0 0 0 0 11 0 0 0 0 0 0 0 0 11 0 0 0 0 0 0 0 0 0 0 0 0 0 0 0 0 0 0 0 0 0 0 0 0 0 0 2 11 0 0 0 0 0 0 0 0 0 1 0 0 0 1 0 0 0 0 0 0 0 0 0 0 7 0 0 0 
 0 0 0 0 0 0 0 3 0 0 0 0 0 0 5 0 0 2 0 0 57 428 295 74 310 97 249 221 291 312 104 43 34 37 480 0 241 203 206 65 0 3 0 0 0 1 0 9 0 0 0 0 2 0 0 0 1 2 0 0 3 0 5 2 0 0 0 0 2 11 0 0 0 1 3 0 0 0 0 0 0 0 0 0 0 2 0 0 0 0 0 0 0 0 0 0 0 0 0 0 1 32 27 51 1 2 2 27 18 44 6 6 0 0 16 50 39 102 0 0 0 0 0 0 0 0 0 0 0 0 0 0 1 0 0 0 0 8 0 0 0 0 0 0 0 0 0 0 0 0 0 0 0 2 0 0 7 0 0 0 0 1 0 0 0 0 0 0 2 0 0 0 0 0 0 0 0 8 5 0 0 31 43 20 0 0 4 0 13 55 27 17 0 0 11 29 74 37 0 0 0 0 0 0 0 1 0 0 0 6 2 0 0 0 0 0 0 0 12 0 10 2 0 2 0 0 0 0 1 0 0 0 0 8 0 0 0 0 0 0 0 0 0 0 0 0 0 0 0 0 0 1 0 0 2 2 0 2 1 0 22 13 0 0 0 0 8 0 0 0 0 0 0 0 0 0 0 0 0 0 0 0 0 0 0 0 0 0 0 0 
 0 0 5 0 75 20 0 0 0 2 3 0 0 0 0 0 0 0 0 0 38 215 110 35 74 354 131 165 71 276 301 66 28 27 71 241 0 305 107 53 0 3 0 0 0 1 0 5 0 0 0 0 0 0 0 0 1 3 0 0 3 0 0 3 0 0 0 0 2 31 0 0 0 1 3 0 0 0 0 0 0 0 0 0 14 19 1 2 0 0 0 0 0 0 0 1 0 0 0 0 21 11 22 35 1 1 0 18 13 45 17 30 21 0 1 18 10 32 28 14 0 0 0 0 0 15 0 0 0 0 6 0 1 0 0 0 3 8 0 0 0 0 0 2 4 0 0 0 0 7 0 0 0 2 0 0 0 0 0 0 0 0 0 0 0 10 0 0 0 0 0 0 0 0 0 0 0 0 4 0 6 0 30 6 0 0 0 0 13 6 32 10 0 22 12 20 38 22 20 1 0 0 0 0 0 0 0 0 0 0 0 0 0 0 0 0 0 0 12 1 0 0 0 0 0 0 0 0 0 0 0 0 0 14 0 0 1 0 1 0 0 0 0 0 0 0 0 0 0 0 0 0 0 0 5 0 1 0 1 2 19 0 0 0 0 0 11 0 0 0 0 0 0 0 0 0 0 0 0 0 0 0 0 0 0 0 0 0 0 0 
 0 0 0 0 0 0 0 0 0 0 2 2 0 0 0 0 0 0 0 0 88 46 424 389 55 72 40 315 358 715 378 64 36 26 45 203 305 0 38 72 0 2 65 0 0 2 0 7 95 0 3 0 0 0 0 0 0 3 0 0 3 0 2 5 0 2 0 2 2 2 0 3 0 0 3 0 0 0 0 0 0 0 0 0 0 1 0 0 0 0 0 0 0 0 0 0 0 0 0 0 0 0 24 81 43 54 0 0 12 43 31 44 0 0 0 6 22 34 0 0 0 0 0 0 1 0 0 0 0 0 0 0 0 0 2 0 0 0 1 0 0 0 0 0 0 0 0 0 0 0 0 46 0 4 0 0 0 0 0 0 2 0 0 0 0 8 1 0 0 0 0 1 0 0 3 0 0 0 4 0 0 0 17 83 10 1 0 0 0 55 32 43 1 0 0 0 10 15 0 0 0 2 0 0 0 0 0 0 0 0 0 1 0 0 0 0 0 0 28 0 0 0 0 0 0 0 0 0 0 0 1 0 0 1 0 0 0 0 0 1 0 0 34 0 0 0 1 0 0 0 0 0 0 13 9 0 6 150 164 0 11 0 4 0 0 0 37 0 0 0 0 0 0 0 0 0 0 0 0 0 0 21 0 0 0 0 0 0 0 0 
 7 5 4 4 7 228 4 4 3 5 4 5 5 5 7 4 4 5 4 4 282 42 33 58 81 239 137 56 64 63 23 24 310 101 128 206 107 38 0 247 0 3 0 1 23 1 0 3 2 4 0 4 0 0 4 0 4 2 0 0 3 0 0 3 0 1 0 0 3 2 0 0 0 0 3 0 0 0 0 0 0 0 20 0 1 14 0 0 0 0 0 0 0 0 0 0 0 0 0 0 19 0 0 0 0 0 15 0 0 0 0 0 35 1 0 0 0 0 43 22 0 0 0 0 0 11 0 0 0 0 0 0 0 0 0 0 0 0 0 0 0 2 0 0 3 0 0 0 0 7 0 0 0 1 0 0 0 0 0 1 2 0 0 0 0 1 0 0 0 0 8 0 0 0 0 11 0 0 3 0 0 1 0 0 0 0 10 18 0 0 1 0 13 34 2 0 0 0 18 60 0 0 1 0 0 0 0 3 0 0 0 0 0 0 0 0 0 0 0 0 0 0 0 0 0 0 0 0 0 0 1 0 0 0 0 0 0 0 0 2 0 0 0 0 0 0 1 0 0 0 0 0 0 0 6 3 0 0 0 0 4 0 0 0 0 0 0 0 0 0 0 0 0 0 0 0 0 0 0 0 0 0 0 0 0 0 0 0 0 0 
 1 0 0 0 0 0 0 0 0 0 3 0 0 0 0 0 0 0 0 0 118 254 44 75 86 65 201 43 77 95 64 35 181 83 111 65 53 72 247 0 14 2 0 0 0 1 86 25 0 64 0 2 1 12 21 0 1 3 0 1 3 0 0 3 0 0 0 0 2 3 0 0 0 0 3 0 0 0 0 1 0 0 0 0 0 0 0 0 0 0 0 0 0 0 0 0 0 0 0 0 40 10 2 0 0 0 12 28 2 0 0 0 45 55 12 0 2 0 11 24 0 0 0 0 0 14 0 0 0 0 0 0 0 0 0 0 0 0 0 0 0 0 0 0 1 2 0 0 0 2 0 0 0 2 0 0 0 0 0 0 0 0 0 0 0 0 0 0 0 0 14 0 0 0 0 0 0 0 0 0 7 23 0 0 1 0 6 14 5 0 0 0 31 55 27 0 21 0 14 7 0 0 0 1 0 35 0 0 0 0 0 0 0 0 0 0 0 0 0 0 0 0 0 0 0 0 0 0 0 0 0 0 2 0 1 0 0 0 0 0 0 0 0 0 0 0 0 0 0 0 0 0 0 0 19 2 2 0 0 3 4 2 0 0 0 0 0 0 0 0 0 0 0 0 0 0 0 0 0 0 0 0 0 0 0 0 0 0 0 0 
 0 0 0 0 0 0 0 0 0 0 0 0 0 0 0 0 0 2 0 64 263 0 0 3 208 0 0 0 0 0 0 3 0 0 0 0 0 0 0 14 0 72 284 50 46 45 354 499 35 42 39 247 108 114 319 49 45 32 118 34 0 0 0 0 7 2 0 0 0 12 0 0 0 27 6 1 0 0 0 0 0 0 0 0 15 0 0 0 0 0 0 0 0 0 0 0 0 0 0 0 0 0 0 0 0 0 0 0 0 0 0 0 0 0 0 16 18 0 0 0 0 31 69 18 14 0 10 43 25 59 26 0 0 13 7 41 5 0 0 0 0 0 0 0 0 0 0 0 0 0 0 0 0 2 0 0 0 0 0 0 0 0 0 0 0 0 0 0 0 0 0 0 0 0 0 13 0 0 0 0 0 0 0 0 0 0 0 0 0 0 0 13 0 0 0 0 0 0 0 0 0 50 17 0 0 0 0 94 16 28 0 0 0 28 60 29 42 20 0 0 0 0 0 0 0 0 0 0 0 0 0 0 0 0 0 0 0 0 0 1 0 0 0 0 0 0 0 0 0 34 0 9 0 2 0 0 0 0 0 1 0 0 0 0 2 0 0 0 0 0 0 0 0 0 0 0 0 0 0 0 0 0 0 0 19 0 0 0 0 0 
 2 0 0 0 0 0 5 0 0 0 0 0 0 0 0 0 0 0 81 0 3 3 3 5 2 2 207 3 2 2 3 3 3 3 3 3 3 2 3 2 72 0 261 117 469 37 93 273 270 38 44 39 35 54 254 249 186 101 43 45 0 0 0 0 0 0 0 0 3 0 0 0 0 0 0 1 0 0 2 1 0 0 0 0 0 0 0 0 0 9 0 0 0 0 0 0 0 0 0 0 0 0 0 0 0 0 0 0 0 0 0 0 0 0 0 0 0 0 0 0 0 22 13 42 0 0 0 22 21 38 19 17 0 3 6 23 19 30 0 0 0 0 0 0 0 0 0 0 0 0 0 10 0 1 0 0 0 0 0 0 0 0 0 0 0 0 0 0 0 0 0 0 0 0 0 1 0 6 0 0 0 0 0 0 0 0 0 0 3 0 0 0 0 0 0 0 0 0 0 0 0 2 55 38 1 0 2 2 30 46 7 0 0 1 0 38 21 32 20 0 0 7 0 0 0 0 0 0 0 0 0 0 0 0 0 0 0 0 0 2 0 0 20 0 0 0 0 0 0 0 0 0 0 2 0 0 0 0 0 11 0 0 2 0 0 11 0 0 63 0 12 0 0 0 0 0 0 0 0 0 0 4 11 0 17 11 0 0 2 0 
 6 9 9 3 3 3 3 8 9 5 0 3 3 3 6 6 9 3 3 3 0 0 0 0 0 0 0 0 4 0 0 3 0 0 0 0 0 65 0 0 284 261 0 173 48 34 62 339 211 232 136 260 63 49 70 196 175 467 32 31 0 0 0 0 0 0 0 0 0 0 0 0 0 1 0 6 0 0 0 0 0 5 5 0 0 0 0 5 4 6 0 2 0 0 0 5 0 6 0 0 0 0 0 0 0 0 0 0 0 0 0 0 0 0 0 0 0 0 0 0 0 10 2 29 3 0 0 0 0 20 11 49 0 0 0 24 6 26 0 0 0 0 0 0 0 0 0 0 0 0 0 37 15 2 0 0 0 0 0 26 13 15 0 0 0 0 0 8 11 0 12 0 0 0 0 5 4 1 0 0 0 8 0 0 0 0 0 0 0 0 0 0 0 10 0 0 0 0 0 0 0 0 10 22 8 24 0 0 17 25 64 64 0 0 0 5 3 25 0 0 0 0 0 0 0 0 0 0 0 0 0 0 14 0 0 0 0 0 0 11 0 0 11 0 0 0 0 0 0 0 0 8 0 2 0 0 0 0 0 8 0 0 6 65 0 11 0 2 0 0 11 0 0 0 0 0 0 0 0 0 0 0 0 0 0 12 0 0 2 0 
 0 0 0 0 0 0 0 66 0 0 0 0 0 3 3 0 0 0 0 0 0 0 0 2 0 0 5 2 0 2 0 0 0 4 0 0 0 0 1 0 50 117 173 0 325 276 84 68 300 498 104 241 59 55 64 74 111 255 70 64 0 0 3 0 0 0 1 0 3 1 6 2 0 0 0 8 0 12 5 0 0 0 0 0 0 0 0 0 0 0 0 0 0 0 0 0 0 0 0 0 0 0 0 0 0 0 0 0 0 0 0 0 0 0 0 0 0 0 0 0 0 0 0 15 48 15 0 0 0 0 6 2 0 0 0 0 1 14 0 0 4 1 0 18 0 0 1 0 0 0 0 2 15 1 0 0 0 0 36 23 0 0 0 0 0 0 0 0 3 0 0 7 0 0 0 0 0 0 0 0 0 0 0 0 0 0 0 0 0 0 0 0 0 0 0 0 0 0 0 0 0 0 10 42 16 19 0 0 2 0 18 39 0 0 0 2 0 11 0 0 0 0 0 0 0 0 0 0 0 0 0 0 22 0 0 0 0 0 0 17 0 0 0 0 0 0 0 0 0 0 0 2 0 1 0 0 2 15 0 0 0 0 30 3 0 2 1 38 0 0 24 0 0 0 0 0 0 0 0 0 1 1 0 0 0 0 0 0 1 0 
 2 0 0 0 0 0 0 0 0 5 3 0 0 0 0 0 78 0 0 0 0 0 0 0 0 1 5 0 0 3 0 0 0 0 0 0 0 0 23 0 46 469 48 325 0 204 49 68 84 107 92 310 293 279 90 78 65 265 90 280 0 0 0 0 2 0 2 0 1 7 6 98 2 48 0 0 5 68 4 73 0 0 0 0 0 0 0 10 0 0 0 0 0 0 0 0 0 0 0 0 0 0 0 0 0 0 0 0 0 0 0 0 0 6 0 0 0 0 0 0 0 0 0 0 30 58 0 0 0 0 1 1 0 0 0 0 0 0 0 0 0 7 0 3 0 5 20 0 3 0 0 5 12 10 0 0 0 0 13 0 0 0 0 0 0 0 0 0 0 0 0 44 0 0 0 0 0 0 0 0 0 0 0 0 12 0 0 0 0 0 0 0 0 0 0 0 0 0 0 0 0 0 0 0 20 15 0 0 0 0 0 0 0 0 0 0 0 0 0 0 7 16 0 0 0 4 11 0 0 0 31 6 12 0 12 0 0 0 22 19 0 0 0 0 0 0 0 0 0 0 0 8 0 0 0 0 0 0 0 1 0 0 1 28 0 4 11 1 1 3 12 0 0 0 0 5 0 0 0 0 0 0 0 0 0 0 0 0 1 12 
 23 1 1 0 1 1 68 66 2 1 7 5 0 27 65 1 1 1 0 0 2 2 2 1 1 2 1 1 0 2 1 2 2 2 1 1 1 2 1 1 45 37 34 276 204 0 35 30 95 296 314 70 39 93 60 80 61 61 51 54 2 2 0 0 0 2 0 1 0 2 0 23 0 2 0 0 0 2 51 0 13 0 0 0 0 0 0 6 4 0 0 0 0 57 12 0 0 38 0 0 0 0 0 0 0 0 0 0 0 0 0 0 0 0 0 0 0 0 0 0 0 0 1 23 0 7 0 0 0 9 1 4 0 1 0 0 0 0 0 0 0 2 0 0 0 0 11 1 8 0 0 0 8 2 24 3 0 0 0 10 0 0 0 0 0 0 0 0 0 0 0 0 0 0 0 0 0 0 0 0 0 0 0 0 0 0 0 0 6 0 0 0 0 0 0 0 0 0 0 10 0 1 0 9 6 18 1 1 0 6 3 0 0 0 0 0 6 1 0 0 14 0 0 0 0 0 21 0 0 0 0 0 0 18 7 0 0 0 30 12 0 0 0 0 0 0 0 0 0 0 0 12 0 0 0 0 0 0 1 6 0 0 0 1 1 7 5 0 1 0 0 0 0 0 0 0 0 0 0 0 0 0 1 0 6 17 0 0 1 0 
 56 3 3 3 3 3 3 3 2 3 3 3 2 3 3 2 3 3 3 2 0 0 0 2 0 0 2 0 0 0 0 2 0 0 0 0 0 0 0 86 354 93 62 84 49 35 0 90 153 53 59 24 317 484 46 27 56 26 245 308 0 0 2 0 0 0 0 0 6 4 4 1 0 2 16 0 6 5 0 0 0 0 0 0 0 0 0 0 0 0 0 15 0 1 0 0 0 0 0 0 0 35 0 0 0 14 0 0 0 0 0 0 0 0 0 0 0 0 0 2 62 18 31 1 0 0 18 41 1 10 1 0 2 19 12 26 24 0 0 12 0 0 0 1 5 1 0 0 0 12 5 4 0 2 0 1 5 0 0 0 0 11 0 0 0 0 0 0 0 0 0 0 0 0 0 5 0 0 0 0 0 0 0 0 0 0 0 0 0 0 0 0 0 0 0 0 0 0 0 0 7 49 1 0 0 0 1 18 0 0 0 0 0 30 37 14 11 0 0 3 0 0 0 3 3 0 0 0 1 1 5 5 0 0 0 0 0 0 0 0 0 0 0 0 0 0 0 0 0 0 0 4 0 0 0 0 0 0 0 0 0 0 0 0 0 2 5 0 2 0 6 0 0 0 0 2 0 0 0 0 0 0 0 0 2 0 0 0 0 0 
 14 0 0 61 0 0 0 0 0 0 0 0 0 0 0 0 0 35 0 0 3 9 11 65 3 3 3 18 38 9 3 3 3 3 5 9 5 7 3 25 499 273 339 68 68 30 90 0 150 78 264 41 101 330 383 65 74 42 61 47 0 0 0 3 0 0 0 0 0 4 3 0 0 20 0 0 0 0 1 0 0 0 0 0 1 0 0 0 0 0 0 0 0 13 0 0 0 0 0 0 0 5 9 1 0 0 0 0 0 6 0 3 0 0 0 13 8 6 0 0 0 31 43 15 0 0 1 43 22 36 32 0 1 0 2 21 30 10 0 0 0 0 0 0 0 0 0 0 0 0 0 0 0 2 0 0 0 10 0 0 0 0 0 0 0 0 0 0 0 20 0 0 0 0 0 9 0 0 0 0 0 0 6 7 0 0 0 0 0 3 17 0 0 0 6 7 0 0 0 0 1 20 25 16 0 0 0 16 27 13 21 0 0 0 2 26 48 18 0 0 0 0 0 0 0 0 0 0 0 0 0 0 0 7 0 0 0 0 0 0 0 0 15 0 0 0 0 0 0 0 0 6 0 0 0 0 0 0 0 0 0 0 2 0 0 0 0 0 1 0 0 0 0 0 0 0 0 0 0 0 0 0 0 0 5 19 0 0 1 0 
 6 3 3 3 3 3 3 3 3 3 1 3 3 3 3 3 3 3 3 3 0 0 0 0 0 0 7 0 0 0 0 0 0 0 0 0 0 95 2 0 35 270 211 300 84 95 153 150 0 285 58 36 72 74 111 449 370 254 91 48 3 0 0 2 0 0 0 3 0 4 7 3 0 0 3 5 3 7 0 0 0 0 0 0 0 0 0 0 0 0 0 0 0 0 0 0 0 0 0 0 0 0 0 0 0 0 0 0 0 0 0 0 0 0 0 0 0 0 0 0 0 14 0 30 12 0 0 0 0 43 10 25 0 0 0 13 18 41 0 0 0 0 0 2 0 4 0 0 0 0 0 27 10 2 0 0 0 0 0 0 0 0 0 0 0 0 0 0 3 0 0 0 0 0 0 0 0 0 0 0 0 0 11 0 0 0 0 0 0 0 0 0 0 0 0 0 0 0 0 0 0 0 37 28 17 23 0 0 13 28 28 39 0 0 0 4 14 34 0 0 0 0 0 0 0 0 0 0 0 0 7 7 0 0 0 0 0 0 0 10 0 0 19 0 0 1 0 0 0 0 0 10 0 0 0 0 0 0 0 5 0 0 1 1 0 5 8 2 0 0 19 0 0 0 0 22 0 0 0 0 0 0 0 0 4 17 0 0 2 0 
 3 0 0 0 0 0 3 3 0 0 2 0 0 0 0 0 0 0 0 0 0 0 0 3 37 0 3 0 0 0 0 2 0 0 0 0 0 0 4 64 42 38 232 498 107 296 53 78 285 0 304 59 54 88 142 331 208 300 91 90 0 8 21 0 0 0 0 5 5 6 0 0 0 0 11 9 2 2 0 0 0 0 0 0 0 0 0 0 0 0 0 0 0 0 0 0 0 0 0 0 0 0 0 0 0 0 0 0 0 0 0 0 0 0 0 0 0 0 0 0 0 0 0 16 41 0 0 0 0 0 35 32 0 0 0 68 0 45 12 0 0 0 13 0 7 0 0 0 5 3 0 13 10 1 2 12 3 7 8 12 0 10 0 0 0 0 0 0 3 0 0 0 0 0 0 0 0 0 0 0 0 0 0 0 0 0 0 0 0 0 0 0 0 0 0 0 0 0 0 0 0 0 0 14 22 4 0 0 0 0 25 47 0 0 0 10 0 7 0 0 0 0 0 3 14 0 0 0 4 4 0 2 0 0 0 8 5 5 0 6 0 0 12 0 0 0 0 0 0 0 0 10 0 0 0 0 0 0 0 23 0 0 85 64 0 8 1 65 0 0 6 10 0 0 0 0 0 0 0 0 0 0 0 0 0 15 0 0 2 0 
 0 0 0 0 0 0 0 0 0 0 0 0 38 0 0 0 0 0 0 64 0 0 0 4 10 2 0 0 206 2 5 5 0 0 0 0 0 3 0 0 39 44 136 104 92 314 59 264 58 304 0 474 246 28 69 326 142 254 277 54 0 0 0 0 0 0 0 2 3 0 0 0 0 0 0 6 0 0 0 0 0 0 0 0 0 0 0 0 0 0 0 0 0 0 0 0 0 0 0 0 0 0 0 0 4 5 0 0 0 0 8 0 0 0 0 0 0 0 0 0 0 0 0 13 49 16 0 0 0 17 8 2 0 0 0 0 0 41 6 19 0 1 0 0 0 0 0 0 0 0 0 0 16 1 5 0 0 0 3 63 0 0 0 0 0 0 0 0 12 0 0 10 0 0 0 0 0 0 0 0 0 0 0 0 5 3 0 0 0 0 0 10 0 0 0 0 0 0 0 0 0 0 0 16 45 26 0 0 0 0 27 44 2 0 0 20 0 13 0 8 0 1 0 0 0 0 0 1 0 0 0 0 26 0 9 0 0 27 2 10 0 0 32 0 0 0 0 0 0 0 0 4 0 1 0 0 0 0 4 2 0 16 30 4 2 6 1 37 0 0 11 0 0 0 0 0 0 0 0 0 0 4 0 0 0 0 0 0 1 0 
 0 0 0 0 0 0 0 3 0 0 0 0 0 0 3 0 0 0 0 0 1 2 0 2 1 0 1 0 0 0 0 63 1 0 0 0 0 0 4 2 247 39 260 241 310 70 24 41 36 59 474 0 57 26 252 40 285 98 32 55 0 0 0 0 46 2 0 0 0 0 5 5 0 0 0 2 0 0 0 0 0 0 0 0 0 0 0 0 0 12 0 0 0 0 0 0 0 0 0 0 0 0 0 0 0 0 0 0 0 0 0 0 0 0 0 0 0 0 0 0 0 0 0 0 38 13 0 0 9 0 13 0 0 0 0 11 12 1 0 0 0 6 0 3 0 39 11 0 8 0 0 1 31 0 0 0 0 0 41 19 0 0 0 0 0 0 0 0 3 0 0 6 0 0 0 0 0 0 0 0 0 0 0 0 0 0 0 0 0 7 0 0 0 8 0 1 0 0 0 0 0 0 0 0 15 48 0 0 10 1 8 0 0 0 0 0 0 0 0 10 31 0 0 0 0 7 0 0 0 0 4 0 19 0 14 0 0 0 24 14 0 0 0 0 0 0 0 0 0 0 0 11 0 0 0 0 0 0 0 17 0 0 67 63 0 1 2 64 0 0 0 0 0 0 0 2 0 0 0 0 0 0 0 0 0 16 0 0 2 0 
 0 0 0 0 0 3 0 0 0 64 0 0 0 0 0 0 0 0 0 0 0 0 3 0 0 0 0 0 0 3 0 0 0 0 0 2 0 0 0 1 108 35 63 59 293 39 317 101 72 54 246 57 0 74 31 23 29 255 756 379 0 0 0 0 202 0 200 0 2 6 213 4 0 0 19 1 12 10 0 0 0 0 0 0 0 0 0 0 0 0 0 0 0 5 0 0 0 0 0 0 0 0 0 0 11 0 0 0 0 0 0 0 0 0 0 0 0 0 0 0 61 0 12 0 0 0 31 43 0 0 0 0 71 47 28 2 0 0 0 4 0 0 0 2 8 5 0 0 0 0 5 30 0 2 0 0 0 0 0 0 0 5 0 0 0 0 0 0 0 0 0 0 6 0 0 0 0 0 0 8 0 0 0 0 0 14 0 0 0 0 0 0 0 0 0 0 0 0 0 0 33 19 0 0 0 0 25 41 0 0 0 0 9 34 115 10 1 0 0 9 0 0 0 0 2 2 0 0 0 0 7 9 0 0 0 0 0 0 0 0 0 0 0 0 0 0 0 0 0 0 0 7 0 0 0 0 0 0 0 2 0 0 0 0 0 0 14 0 1 0 5 0 0 0 0 3 0 0 0 0 0 0 0 0 0 0 0 0 0 0 
 0 0 0 0 0 0 0 0 0 0 7 3 0 0 0 0 0 0 0 0 0 0 0 3 0 0 1 0 2 0 0 0 0 0 0 0 0 0 0 12 114 54 49 55 279 93 484 330 74 88 28 26 74 0 297 61 461 20 105 355 2 4 0 0 0 0 1 4 2 0 0 0 0 5 45 6 55 39 0 0 0 0 0 0 0 0 0 0 0 0 0 0 0 0 0 0 0 0 0 0 0 0 0 0 0 0 0 0 0 0 0 0 0 0 0 0 0 0 0 17 5 33 41 14 0 0 9 58 18 45 24 0 0 13 7 42 42 0 0 0 0 0 6 16 3 1 0 0 15 1 0 0 0 2 2 4 2 14 0 0 0 0 0 0 0 0 0 0 0 0 0 0 0 0 0 13 0 0 0 0 0 0 0 0 0 0 0 0 0 0 0 0 0 0 0 0 0 0 0 0 0 87 17 0 0 0 0 84 16 33 2 0 0 22 59 33 25 20 0 0 0 0 2 0 1 0 0 0 1 1 0 0 0 0 0 4 1 28 0 1 0 0 0 0 0 0 0 0 0 0 0 10 0 0 0 0 0 0 0 1 0 0 1 0 0 2 2 0 0 0 0 0 0 0 0 0 0 0 0 0 0 0 0 0 18 0 0 0 2 0 
 2 3 59 3 3 3 3 5 2 3 0 3 2 3 8 2 3 3 3 2 0 0 1 5 1 0 0 0 27 0 7 5 0 0 0 0 0 0 4 21 319 254 70 64 90 60 46 383 111 142 69 252 31 297 0 333 40 54 299 87 0 0 0 0 0 0 0 0 0 0 0 0 0 4 0 0 0 0 0 0 0 0 0 0 0 0 0 0 0 0 0 0 0 0 0 0 0 0 2 0 0 0 1 0 3 1 0 20 0 1 46 0 0 0 0 1 0 0 0 0 0 37 31 13 0 0 1 16 24 47 56 0 0 0 4 31 44 0 5 2 0 0 0 0 0 0 0 0 0 0 0 0 0 2 0 0 0 0 0 0 0 0 0 0 0 0 0 0 18 0 0 0 0 0 0 6 0 0 0 0 0 0 0 0 9 0 0 0 0 0 1 3 0 0 0 0 0 0 0 0 0 30 26 16 0 0 0 0 33 33 19 0 0 0 0 23 47 31 0 5 0 0 0 0 0 0 0 0 0 0 0 0 0 0 7 0 0 0 0 0 0 0 17 0 0 0 0 0 0 19 0 12 0 1 2 0 0 0 2 0 0 0 0 0 2 1 2 2 3 0 0 0 0 0 0 0 0 0 0 0 0 3 0 0 7 0 0 19 0 0 
 0 0 62 0 0 0 0 0 0 0 0 0 0 0 63 0 0 0 0 0 0 60 0 2 0 0 0 0 0 0 0 0 0 0 1 0 0 0 0 0 49 249 196 74 78 80 27 65 449 331 326 40 23 61 333 0 311 252 42 49 0 0 0 0 3 13 0 0 1 0 0 2 0 0 53 6 0 1 0 0 0 0 0 0 0 0 0 0 0 0 0 0 0 0 0 0 0 0 0 0 0 0 0 0 0 0 0 0 0 0 0 0 0 0 0 0 0 0 0 0 0 13 0 15 12 0 0 0 0 19 19 19 0 0 0 2 18 47 0 0 0 0 0 0 0 0 0 0 0 0 0 16 9 2 0 0 0 0 4 0 0 0 0 9 0 0 0 0 3 0 0 0 0 0 0 0 0 0 0 0 0 0 0 0 0 0 0 0 0 0 0 0 0 0 0 0 0 0 0 0 0 0 22 43 7 52 0 0 21 27 61 39 0 0 0 4 10 49 0 0 0 0 0 0 0 4 0 0 0 0 0 9 0 0 0 0 0 0 0 10 0 0 14 0 0 0 0 0 0 0 0 2 0 0 0 0 0 0 0 13 2 0 3 1 0 12 1 1 1 0 10 0 0 0 0 0 0 0 0 0 0 0 0 0 4 48 0 0 1 0 
 0 0 0 0 0 0 2 3 0 0 3 47 0 0 3 0 0 0 0 0 1 1 1 1 0 0 4 1 0 2 1 1 1 1 1 1 1 0 4 1 45 186 175 111 65 61 56 74 370 208 142 285 29 461 40 311 0 219 44 251 0 0 0 0 0 0 0 0 0 0 0 0 0 0 0 6 0 0 0 0 0 0 0 7 0 0 9 0 0 0 0 0 0 0 0 0 0 0 0 0 0 0 0 0 0 0 0 0 0 1 0 0 0 0 0 0 0 0 0 0 0 9 2 28 26 0 0 0 1 11 26 25 0 0 0 9 14 27 0 0 0 0 0 0 0 0 0 0 0 0 0 20 7 1 0 0 0 17 0 0 0 0 0 0 0 0 0 5 4 0 0 0 0 0 10 0 0 0 0 0 0 0 0 0 0 0 0 0 0 0 0 0 0 7 0 0 0 0 0 0 0 0 20 17 7 26 0 0 10 1 30 39 0 0 0 11 16 36 0 0 0 0 0 0 0 0 0 0 0 0 0 0 0 0 0 0 0 0 0 6 0 0 11 0 0 0 0 0 0 0 0 7 0 0 0 0 0 0 0 16 13 0 65 1 0 5 0 1 0 0 7 0 0 0 0 0 0 0 0 0 0 0 0 0 0 9 0 0 2 0 
 4 8 9 3 3 3 3 8 9 5 2 3 3 3 7 7 9 3 5 3 2 2 3 2 3 9 8 2 3 3 3 6 2 2 2 2 3 3 2 3 32 101 467 255 265 61 26 42 254 300 254 98 255 20 54 252 219 0 256 26 0 52 0 0 0 0 2 0 0 0 0 0 0 0 0 10 1 0 0 0 0 6 6 0 0 0 0 5 5 5 19 2 0 0 0 12 0 8 0 0 0 0 0 0 0 0 0 0 0 0 0 0 0 0 0 0 0 0 0 0 0 0 0 16 49 0 0 0 0 0 22 41 0 0 0 7 2 31 0 0 0 0 0 1 0 0 0 0 9 0 0 11 17 1 0 0 0 1 7 21 0 16 0 0 0 0 0 9 35 0 0 0 0 0 0 6 4 8 0 0 0 0 0 0 0 0 0 0 0 0 0 0 0 0 0 0 0 0 0 0 0 0 3 7 22 8 0 0 0 0 24 33 0 0 0 10 0 9 0 0 0 0 0 0 0 0 0 0 0 0 0 19 0 0 0 0 0 0 0 6 0 0 1 0 0 0 0 0 0 0 0 8 0 1 1 0 0 0 0 14 0 2 72 64 0 9 0 80 3 0 6 0 0 0 0 0 0 7 0 0 0 1 0 0 0 11 0 0 1 0 
 69 2 2 2 2 5 3 3 3 2 0 3 3 3 3 3 3 3 2 3 0 0 0 62 0 198 3 0 0 0 62 1 0 62 0 0 0 0 0 0 118 43 32 70 90 51 245 61 91 91 277 32 756 105 299 42 44 256 0 334 0 0 0 0 0 1 1 0 0 0 0 0 0 1 0 0 5 0 0 0 0 0 0 0 0 0 3 0 0 0 0 0 0 0 0 0 0 0 0 0 0 0 0 0 8 1 0 0 0 0 0 0 0 0 0 0 0 0 0 0 58 0 7 18 9 7 24 7 1 0 4 7 16 25 55 0 0 0 11 35 2 0 0 0 0 8 2 0 0 0 33 0 24 1 0 0 0 0 0 0 0 15 0 0 0 0 0 0 0 0 0 0 0 0 0 0 0 0 0 0 0 0 0 0 0 13 0 0 0 0 0 5 0 0 0 0 0 0 0 0 32 16 0 0 0 8 71 5 0 4 1 25 12 14 0 1 1 0 0 43 0 0 0 0 0 0 53 0 0 0 0 0 11 0 0 0 0 0 5 3 0 0 0 0 0 0 1 0 0 0 0 12 0 0 0 1 0 0 0 2 0 0 0 1 0 2 4 0 2 0 0 1 0 0 0 0 0 0 0 0 0 0 0 0 0 0 0 0 0 0 
 0 0 0 0 0 0 0 0 0 0 0 0 0 0 0 0 0 35 0 0 0 0 2 0 6 0 0 0 0 0 0 0 0 62 0 0 0 0 0 1 34 45 31 64 280 54 308 47 48 90 54 55 379 355 87 49 251 26 334 0 0 0 1 0 1 2 0 0 0 0 0 0 0 0 22 0 0 0 0 0 0 0 0 0 0 0 0 0 0 0 0 0 0 0 0 0 0 1 0 0 0 0 0 2 6 0 0 0 0 0 20 0 0 0 0 0 0 0 0 0 85 3 19 0 0 0 32 56 0 1 0 0 21 25 30 0 1 0 1 13 0 0 0 0 0 0 1 0 0 0 3 0 0 2 0 0 0 0 0 0 0 7 0 0 0 0 0 0 0 0 0 0 0 0 0 7 9 0 0 0 0 25 0 0 0 12 0 0 0 0 17 0 0 0 0 0 0 0 0 0 18 30 0 0 0 0 29 84 0 0 0 0 8 20 64 9 2 12 1 15 0 0 0 0 0 0 0 0 0 0 0 0 0 0 0 0 0 0 0 7 0 0 0 0 0 0 0 0 0 0 0 4 0 0 0 1 0 0 0 0 0 0 0 0 2 0 3 0 0 0 0 0 0 0 0 0 0 0 0 0 0 0 0 0 0 0 0 0 0 0 
 4 2 2 2 2 3 3 3 36 2 0 3 3 3 3 3 3 3 10 4 3 3 3 3 3 3 7 3 3 3 3 3 3 3 3 3 3 3 3 3 0 0 0 0 0 2 0 0 3 0 0 0 0 2 0 0 0 0 0 0 0 92 79 265 25 246 298 257 28 33 36 31 64 120 204 31 32 29 38 278 0 0 0 0 0 0 0 0 7 0 0 0 0 0 0 0 24 0 0 0 0 0 0 0 0 0 0 0 0 0 0 0 0 0 0 0 0 0 0 0 0 0 0 0 0 0 0 0 0 0 0 0 0 0 0 0 0 0 0 0 0 21 21 0 0 0 0 10 29 10 11 0 0 0 20 2 10 7 0 0 0 0 0 0 0 0 0 0 0 0 0 0 0 0 0 0 0 0 0 0 0 0 0 0 0 0 0 0 0 0 0 0 0 0 0 0 0 0 0 0 0 0 0 0 0 0 0 0 0 0 0 0 0 0 0 0 0 0 0 0 0 25 45 9 0 0 0 32 18 25 2 7 7 16 19 26 19 31 0 0 0 0 0 0 0 0 0 0 0 0 0 0 0 0 7 0 0 0 0 0 0 0 0 0 0 0 0 0 0 0 2 1 0 7 0 0 0 0 0 0 0 0 0 0 0 0 0 0 0 0 
 0 0 0 0 0 0 0 0 0 0 0 0 0 0 0 0 0 0 67 0 0 0 0 0 0 0 5 0 52 0 0 1 0 0 0 0 0 0 0 0 0 0 0 0 0 2 0 0 0 8 0 0 0 4 0 0 0 52 0 0 92 0 470 61 29 58 90 235 532 218 50 41 77 70 197 133 164 39 56 45 0 0 0 0 0 0 0 0 12 0 0 0 0 0 0 0 0 0 0 0 20 0 0 0 0 0 0 0 0 0 0 0 0 0 0 0 0 0 0 0 0 0 0 0 0 0 0 0 0 0 0 0 0 0 0 0 0 0 0 0 24 0 8 28 17 0 0 0 8 21 0 26 0 0 18 8 9 15 5 0 0 19 0 0 0 0 0 8 0 0 0 0 0 0 0 0 0 0 0 0 0 0 0 0 0 0 0 0 0 0 0 0 0 0 0 0 0 0 0 0 0 0 0 0 0 0 0 0 0 0 0 0 0 0 0 0 0 0 0 0 0 13 9 56 38 21 0 0 32 18 10 27 0 0 0 35 13 11 0 0 8 0 0 0 0 0 0 0 0 0 0 0 0 0 2 0 0 0 0 0 0 0 0 0 0 0 0 0 0 0 9 0 0 8 0 0 0 0 0 0 0 0 0 0 0 0 0 12 0 0 
