 0 92 81 94 199 25 615 538 55 48 53 240 69 133 296 56 40 18 55 218 0 3 0 3 2 0 0 7 0 0 2 0 0 0 0 0 0 204 0 0 0 0 0 0 3 0 0 0 3 0 0 3 0 0 3 0 0 1 2 0 0 3 31 0 9 2 7 2 0 0 3 0 0 0 0 3 27 0 0 3 9 36 26 0 0 0 6 19 30 2 0 1 0 29 27 26 0 0 1 0 0 1 0 0 0 0 0 0 0 0 0 0 0 0 0 0 0 0 0 0 0 0 0 0 0 0 0 0 0 0 0 13 0 0 0 0 0 0 0 0 0 0 0 0 0 0 0 0 0 0 0 0 0 0 2 0 0 16 2 1 0 12 17 0 0 0 17 3 16 0 0 0 0 14 4 19 0 0 2 5 0 0 0 0 0 0 0 0 0 0 0 0 0 0 0 0 0 0 0 2 0 0 0 0 0 0 0 0 0 2 0 0 0 0 0 0 0 0 0 0 10 0 0 0 0 0 2 0 0 1 0 0 0 0 0 0 0 1 0 0 0 0 0 0 0 2 0 0 4 0 1 11 0 0 0 0 0 0 0 0 0 0 0 0 0 0 0 0 0 0 0 0 0 0 0 1 0 0 0 0 0 0 0 0 0 0 0 0 0 1 
 92 0 420 388 61 25 167 439 416 56 41 35 71 90 409 415 207 51 112 30 6 2 2 6 2 3 1 0 6 3 3 6 0 84 0 0 0 0 0 3 0 0 0 6 3 4 8 0 3 0 1 3 12 8 5 0 0 2 0 1 0 3 0 0 0 2 8 2 7 0 3 33 4 0 0 6 0 0 3 3 0 55 34 27 0 0 6 24 67 46 4 58 0 1 13 72 20 72 0 0 0 0 0 0 0 0 12 0 16 0 0 2 0 0 0 0 0 0 0 0 0 0 2 0 0 0 16 0 0 0 0 0 0 0 0 0 1 0 0 3 0 0 0 0 1 13 0 0 0 14 0 0 0 2 3 3 0 9 0 0 0 45 28 20 0 0 0 1 15 12 28 2 0 0 13 27 30 5 0 2 0 0 0 0 0 0 0 0 2 0 0 0 0 1 0 0 0 0 0 0 0 1 0 0 2 0 0 0 0 0 0 0 0 0 0 0 0 1 0 0 0 13 0 0 0 1 0 0 0 0 0 0 0 0 0 0 0 0 0 0 0 13 0 0 0 0 2 0 1 2 0 9 0 11 0 0 0 0 0 0 0 0 0 0 0 0 0 0 0 0 0 0 0 0 0 7 5 0 0 0 0 0 0 0 0 0 0 0 0 2 
 81 420 0 405 43 43 59 79 262 829 135 24 60 253 72 242 140 410 37 32 3 2 0 5 1 0 0 2 0 0 0 0 1 0 0 0 0 0 0 0 0 0 0 0 5 0 0 0 6 0 0 11 4 0 3 0 0 0 6 0 0 3 0 0 0 2 9 2 3 0 3 0 0 0 0 3 0 0 0 2 0 30 33 44 0 0 0 0 27 37 22 30 0 0 7 31 50 58 0 21 0 0 0 0 0 0 0 0 0 0 0 0 0 0 0 0 0 0 0 0 0 0 0 0 0 0 0 0 1 0 40 0 12 0 0 0 0 0 0 0 0 8 0 0 0 0 0 0 4 11 0 0 0 0 0 0 0 0 0 0 0 11 0 54 0 0 0 0 10 28 0 36 0 0 1 21 28 40 0 0 0 0 0 0 0 0 0 0 0 0 0 0 0 0 0 0 0 0 0 0 0 0 0 0 0 0 0 0 0 0 0 0 0 0 0 0 0 0 0 0 0 0 0 0 0 0 0 0 0 0 0 0 0 0 0 0 0 0 0 0 0 17 0 0 0 2 102 0 1 4 0 5 15 0 0 0 0 0 0 0 0 0 16 0 0 0 0 0 0 0 0 0 0 0 0 26 50 2 0 0 0 0 0 0 0 0 0 0 0 0 
 94 388 405 0 119 37 84 70 311 683 208 510 69 82 67 62 128 493 89 144 0 2 0 3 0 0 1 1 0 0 0 0 0 1 0 0 0 0 0 0 0 0 0 0 3 0 0 0 4 0 0 9 1 0 3 0 1 0 0 0 0 3 0 0 0 2 0 2 0 0 3 0 0 0 2 3 0 0 1 3 0 13 2 35 37 61 0 0 0 14 42 26 0 0 0 1 24 18 0 1 0 0 0 0 0 0 0 0 2 0 0 0 0 0 0 0 0 0 0 0 0 0 0 0 0 0 0 0 2 0 0 0 0 0 0 0 0 0 2 0 0 4 0 1 0 0 0 0 1 1 0 0 0 0 0 31 0 0 0 0 1 0 0 32 0 34 0 0 10 54 14 23 2 0 0 0 36 32 0 0 0 0 0 0 0 3 0 0 0 0 0 0 0 0 0 0 0 13 15 0 0 0 0 0 0 0 0 0 0 0 0 0 0 0 0 0 0 0 0 0 0 0 2 0 11 0 0 0 0 0 0 0 0 0 0 0 0 0 2 0 0 0 0 0 0 1 98 0 1 39 1 4 19 0 0 0 0 0 0 0 0 0 14 0 0 69 0 0 0 0 0 0 0 0 0 31 0 12 0 0 0 0 0 0 0 0 0 0 0 0 
 199 61 43 119 0 643 80 85 95 95 97 400 85 153 95 85 68 78 60 78 0 2 0 5 0 81 0 0 0 0 0 0 0 0 3 0 0 0 2 3 0 0 0 0 3 0 65 0 3 0 9 3 2 0 4 0 0 0 0 1 1 16 0 2 0 2 0 2 1 0 5 1 0 1 0 3 0 0 0 3 0 0 0 0 73 68 0 2 0 1 38 18 0 0 0 0 0 0 0 0 0 9 0 0 0 0 2 2 0 0 0 0 32 25 0 0 0 0 34 43 42 0 0 0 0 0 0 0 0 0 0 2 0 0 0 0 0 0 0 0 0 0 0 3 0 0 0 0 0 0 0 2 0 0 0 0 0 0 0 0 0 0 0 0 48 63 0 0 0 1 1 8 0 1 0 0 2 2 0 0 0 0 0 0 0 0 2 0 0 0 0 0 68 0 1 1 0 2 66 2 0 0 2 0 0 0 0 0 1 0 0 1 14 0 0 2 0 0 0 0 0 0 0 8 0 0 0 0 0 0 0 0 0 0 0 0 1 0 0 0 0 0 0 0 0 3 4 0 5 5 0 5 0 0 0 0 0 0 2 0 2 0 0 0 0 0 0 0 0 0 0 0 0 0 0 0 0 0 0 0 0 0 0 0 0 0 0 0 0 0 
 25 25 43 37 643 0 28 22 261 48 91 78 259 41 78 68 69 68 36 60 0 2 0 3 0 0 1 0 0 0 2 0 7 1 2 0 0 0 305 1 0 0 8 0 3 0 60 0 3 0 3 3 0 0 3 0 63 0 0 0 10 11 0 0 0 2 0 34 0 0 3 0 0 0 0 3 0 0 0 3 0 0 0 0 13 27 0 0 0 0 2 12 0 0 0 0 0 0 0 0 25 0 0 0 11 0 10 11 0 0 0 0 32 16 0 0 0 0 61 39 0 0 0 0 0 0 0 0 9 0 0 0 0 0 0 0 0 0 0 0 0 0 0 2 0 0 0 0 0 0 0 0 0 0 0 0 0 0 0 0 10 0 0 0 41 16 0 0 0 0 0 12 0 0 0 0 0 0 0 0 1 0 0 0 0 2 26 1 0 0 0 0 58 25 25 0 0 0 37 22 0 0 0 0 0 0 0 0 0 0 0 0 0 0 0 0 0 0 0 0 0 0 0 0 0 0 0 0 0 0 0 0 0 0 0 0 0 0 0 0 0 0 0 0 0 2 0 0 3 0 0 10 0 0 0 0 0 0 0 0 0 0 0 0 0 0 0 0 0 0 0 0 0 0 0 0 0 13 0 0 0 0 0 0 0 0 0 0 0 0 
 615 167 59 84 80 28 0 95 69 34 128 253 670 350 41 53 59 26 254 213 0 4 0 6 1 0 0 2 0 0 0 0 96 5 0 0 0 0 0 0 0 0 0 0 5 0 4 0 6 0 0 6 0 0 6 0 0 0 3 0 0 3 0 0 2 3 1 2 0 0 3 0 0 0 0 5 0 3 0 1 31 0 13 0 1 0 61 28 4 0 0 0 2 40 42 0 0 0 1 17 0 0 0 0 0 0 0 0 0 0 0 0 0 0 0 0 1 0 0 0 0 0 0 0 0 0 1 0 0 0 0 0 0 0 0 0 0 0 0 0 0 0 0 0 0 0 1 2 0 0 2 0 0 0 0 0 0 0 0 0 44 1 10 0 0 0 30 39 17 2 0 0 24 27 34 7 0 2 0 15 0 0 0 0 1 0 0 0 0 0 0 0 0 0 0 0 0 0 0 0 2 0 0 2 0 0 0 0 0 0 0 0 0 0 0 0 0 0 0 0 0 0 0 0 0 0 0 0 0 0 0 0 0 0 1 0 1 0 15 0 0 0 0 0 0 0 0 0 2 0 0 10 0 0 0 0 0 0 0 0 0 0 0 0 0 0 0 0 0 0 0 0 0 0 0 0 0 0 0 0 0 0 0 0 0 0 0 0 0 0 
 538 439 79 70 85 22 95 0 305 37 53 285 106 449 362 151 244 57 276 37 2 2 1 5 1 0 0 0 0 3 0 0 0 0 3 0 1 0 7 0 0 3 2 0 3 4 9 3 3 2 3 3 4 0 3 0 7 0 0 3 2 4 0 1 4 11 6 3 13 0 18 0 43 0 1 7 2 1 0 3 14 76 67 2 0 0 0 14 41 38 24 0 0 51 4 39 19 9 0 0 23 0 0 0 35 0 0 0 0 0 0 0 0 0 0 0 0 0 0 0 0 0 0 0 1 0 0 0 0 16 0 0 0 0 0 0 0 19 0 1 0 0 0 0 2 0 0 0 0 0 0 0 0 0 4 5 0 8 0 0 0 16 36 0 0 0 11 46 45 9 6 0 0 0 23 48 3 0 0 0 0 0 0 0 0 1 0 0 0 0 0 0 0 0 0 0 0 0 0 0 0 0 0 0 0 0 0 0 0 0 0 0 1 0 0 0 0 0 0 2 0 1 0 0 0 0 0 1 2 0 2 6 0 0 0 0 0 0 0 0 0 1 0 0 0 0 0 2 0 0 2 9 0 0 0 0 0 0 0 0 0 0 0 0 0 0 0 0 0 0 0 0 0 0 0 1 10 1 0 0 0 0 0 0 0 0 0 0 0 0 
 55 416 262 311 95 261 69 305 0 448 47 269 91 156 109 186 159 413 177 56 0 2 0 3 1 0 0 0 6 0 2 0 0 0 76 0 0 0 1 0 0 0 0 0 3 0 0 2 3 5 0 8 1 0 11 0 1 0 0 0 0 3 0 0 0 2 1 2 6 33 3 0 0 0 0 3 0 0 0 2 0 21 15 47 0 0 0 2 24 58 9 20 0 0 0 29 27 47 0 0 0 0 0 0 0 0 0 0 0 0 0 0 0 0 0 0 0 0 0 0 0 0 0 0 2 0 0 0 0 0 2 3 0 0 11 0 0 0 0 2 0 4 0 1 0 0 0 0 6 4 0 0 0 0 3 8 0 4 0 0 0 8 15 29 0 19 1 0 12 8 0 14 0 0 10 28 17 21 0 0 0 0 0 0 0 0 0 0 0 0 0 0 0 0 0 0 0 0 1 0 0 0 0 0 0 2 1 0 0 0 0 0 1 0 0 0 0 0 0 0 0 2 0 0 0 0 0 2 1 0 1 0 0 0 0 0 0 0 0 0 0 12 0 0 0 4 2 0 0 2 2 3 23 0 0 0 0 0 0 1 0 0 18 0 0 0 0 0 70 0 0 0 0 0 0 24 11 12 0 0 0 0 0 0 0 0 0 0 0 0 
 48 56 829 683 95 48 34 37 448 0 437 75 50 378 99 450 283 111 106 320 0 6 0 3 76 0 1 0 0 0 208 0 0 0 0 1 0 3 0 2 0 6 0 0 3 3 0 0 3 0 0 9 0 0 3 0 0 3 0 1 0 3 0 0 0 4 0 5 1 0 4 0 0 5 0 5 0 2 1 1 0 17 39 68 20 0 0 0 47 28 10 39 0 0 0 8 21 54 0 0 0 0 0 0 0 0 0 0 0 2 0 0 0 0 0 0 0 0 0 0 0 0 0 0 0 0 0 0 0 0 0 0 0 0 0 0 11 0 0 0 0 3 0 0 0 0 3 0 4 2 0 0 0 0 0 4 0 0 0 0 0 15 1 59 0 10 1 0 2 30 14 24 0 0 6 0 33 22 0 0 0 0 0 0 3 0 0 0 0 0 0 0 0 0 0 0 0 0 1 0 0 0 0 0 0 0 0 9 0 0 0 0 0 0 0 0 0 0 0 0 0 0 0 0 0 0 0 0 0 0 0 0 0 0 0 0 0 0 0 2 0 25 0 0 1 2 180 0 3 180 2 15 18 0 0 0 0 0 0 0 0 0 11 0 0 0 0 0 0 0 0 0 0 0 0 45 2 14 0 0 0 0 0 0 0 0 0 0 0 0 
 53 41 135 208 97 91 128 53 47 437 0 393 41 23 275 101 172 412 465 43 2 1 0 2 0 4 0 0 0 4 1 2 5 0 0 2 76 5 0 2 2 3 0 0 56 2 0 0 5 2 3 8 7 0 7 0 0 2 3 0 3 9 0 3 0 2 5 8 0 2 8 0 0 0 0 3 2 0 0 6 0 0 0 28 32 22 0 0 0 11 34 24 0 0 0 0 24 19 1 0 0 1 0 0 0 0 0 0 0 0 0 0 0 0 0 0 0 0 0 1 0 0 0 0 0 10 0 0 0 0 0 0 0 0 0 0 0 0 0 0 0 7 2 1 0 0 0 0 1 0 0 0 0 2 1 0 0 0 2 1 0 2 0 26 0 26 0 0 20 26 9 21 0 0 0 0 12 29 2 0 0 0 0 0 0 0 0 0 0 0 0 0 0 0 0 0 0 2 10 2 0 0 0 0 0 0 0 0 0 2 0 0 0 0 0 0 0 0 0 0 0 0 0 0 0 0 0 0 0 0 0 0 0 0 0 0 0 0 0 0 0 0 0 0 0 1 70 3 2 88 0 6 25 0 0 0 0 0 0 0 1 0 14 0 0 0 0 0 0 0 0 0 0 0 0 18 1 37 0 0 0 0 0 0 0 0 0 0 0 0 
 240 35 24 510 400 78 253 285 269 75 393 0 23 37 259 31 359 102 40 50 0 4 0 3 2 0 0 2 0 0 0 0 0 0 0 2 0 0 1 1 0 0 0 0 3 29 0 0 3 0 4 7 0 0 3 0 0 0 70 0 0 3 0 0 0 2 0 2 0 0 3 0 0 0 30 56 0 0 0 3 0 0 0 13 23 51 0 0 0 0 27 45 0 0 0 0 10 1 0 0 1 0 0 0 0 0 0 1 0 0 0 0 18 1 0 0 0 2 13 4 0 0 0 0 0 0 0 0 0 0 0 0 0 0 0 0 0 2 0 0 0 4 0 8 0 0 0 0 0 0 0 0 0 0 0 0 0 0 0 0 0 0 1 15 46 32 0 0 0 29 13 41 0 0 0 0 14 25 0 0 1 0 0 0 0 2 7 0 0 0 0 0 56 0 1 1 0 5 2 3 0 0 0 0 0 0 0 0 0 0 1 0 0 1 0 0 0 0 0 0 0 2 0 0 14 0 0 2 3 0 0 0 0 0 0 10 0 0 0 0 0 0 0 0 0 4 174 1 0 177 0 3 2 0 0 0 0 0 0 0 0 0 2 0 0 0 0 0 0 0 0 0 0 0 0 0 0 0 0 0 0 0 0 0 0 0 0 0 0 0 
 69 71 60 69 85 259 670 106 91 50 41 23 0 68 49 32 39 35 365 370 0 0 0 0 2 0 0 0 0 0 0 3 0 0 0 2 7 0 0 0 0 0 0 0 0 3 2 0 2 0 0 0 3 2 0 0 62 0 8 0 0 3 0 0 7 1 0 0 0 0 0 1 0 0 0 0 0 0 0 0 40 1 0 0 0 0 45 31 0 0 0 0 30 22 42 0 0 0 28 58 0 0 0 0 0 0 0 0 0 0 0 2 0 0 0 0 0 0 0 0 0 0 2 0 0 0 0 0 0 0 0 0 0 0 0 0 0 0 0 0 0 17 0 0 0 0 0 0 0 0 0 0 0 1 0 0 0 0 0 0 80 0 1 0 0 0 27 30 0 3 1 0 39 23 21 2 0 0 11 30 0 0 0 0 0 0 0 0 2 9 0 0 0 0 0 0 0 0 0 0 0 0 0 0 2 0 0 0 0 0 0 0 0 0 0 0 0 1 0 0 0 0 0 0 0 0 0 0 0 0 0 0 0 0 0 0 0 0 0 0 0 0 0 0 0 2 2 0 0 0 0 5 0 2 0 10 0 0 0 0 0 2 0 0 0 0 0 0 0 0 0 0 0 0 0 0 0 0 0 0 0 0 0 0 0 0 0 0 0 0 
 133 90 253 82 153 41 350 449 156 378 23 37 68 0 468 233 39 37 124 345 0 3 0 3 2 0 0 0 3 0 0 0 0 76 0 0 0 0 0 0 0 0 0 0 3 0 8 0 3 0 0 3 0 0 3 0 0 0 4 0 0 3 0 0 3 2 13 2 0 0 3 0 0 0 0 3 0 0 0 2 13 35 36 13 0 0 11 34 40 9 0 0 0 30 40 19 0 26 1 0 0 1 0 0 0 0 0 18 0 0 0 0 0 0 0 0 2 0 0 1 0 0 0 0 0 0 0 0 0 0 0 0 0 0 0 2 0 0 0 0 0 0 0 0 0 0 0 0 0 24 0 0 0 0 3 3 7 10 0 1 12 39 37 17 0 0 0 33 25 0 9 0 0 12 39 43 26 0 0 0 0 0 0 0 0 0 0 0 0 0 0 0 0 0 0 0 0 0 0 0 2 0 0 0 0 0 0 0 0 0 0 0 0 0 0 0 0 0 0 0 0 0 0 18 0 1 2 0 0 0 0 0 0 0 0 0 0 1 0 0 0 0 0 0 0 0 0 0 1 0 0 14 0 2 0 0 0 0 0 0 33 0 0 0 0 0 0 0 0 1 0 0 0 2 0 7 0 0 0 0 0 0 0 0 0 0 0 0 0 0 
 296 409 72 67 95 78 41 362 109 99 275 259 49 468 0 103 267 38 173 105 0 2 3 8 1 4 1 0 1 2 0 0 0 0 3 2 14 0 0 3 0 0 0 3 7 2 3 0 4 1 3 3 7 5 3 0 5 0 0 1 0 5 0 0 7 5 29 5 6 3 3 2 0 0 0 3 3 2 0 4 12 43 39 6 0 0 0 16 35 27 9 0 0 29 7 40 8 1 0 0 0 0 2 0 0 0 0 0 0 0 0 0 0 0 0 0 0 0 31 0 0 0 0 0 0 0 0 0 0 16 0 0 0 0 0 0 16 1 0 0 0 6 0 0 0 0 0 0 0 0 0 0 0 0 4 5 2 18 0 0 0 13 38 0 0 0 11 28 36 7 8 0 0 0 49 57 49 0 0 6 0 0 0 0 0 0 0 0 0 15 0 0 0 24 0 1 0 0 0 0 0 0 0 0 0 0 0 0 0 0 0 0 0 0 0 0 0 0 0 0 0 0 0 0 0 0 0 0 0 0 0 0 0 0 0 0 0 0 0 0 0 0 0 0 0 2 2 2 0 2 2 7 0 0 0 2 2 0 0 0 3 0 0 0 0 0 0 0 0 0 0 0 0 0 0 0 25 1 0 0 0 0 0 0 0 0 0 0 0 0 
 56 415 242 62 85 68 53 151 186 450 101 31 32 233 103 0 215 623 136 63 2 2 0 3 1 1 0 0 0 0 0 2 0 0 0 0 0 0 0 74 0 0 0 0 3 0 0 0 3 0 0 7 5 0 3 0 0 0 0 0 0 3 0 0 0 2 1 2 6 0 3 0 0 0 0 3 0 0 0 3 0 29 14 58 0 6 0 0 28 63 10 22 0 0 0 56 43 49 0 0 0 14 0 0 0 0 0 0 0 0 0 0 0 0 2 0 0 0 0 0 0 0 0 0 2 0 0 0 0 0 2 0 0 0 0 0 0 0 17 2 0 4 0 1 0 1 0 0 6 4 0 0 0 0 3 10 0 4 0 0 0 5 17 26 1 0 0 1 12 20 0 16 0 0 11 19 17 19 0 0 0 0 0 0 0 0 2 0 0 0 0 0 0 0 0 9 0 0 1 0 0 0 0 0 0 2 1 0 0 0 0 0 1 0 0 0 0 0 0 0 0 0 0 0 0 0 0 0 2 0 0 0 0 0 0 1 0 0 0 0 0 18 0 0 0 0 6 1 1 2 0 3 25 0 0 0 0 0 0 0 0 0 15 0 0 0 0 0 0 0 0 0 0 0 0 27 26 17 0 0 0 0 0 0 0 0 0 0 0 0 
 40 207 140 128 68 69 59 244 159 283 172 359 39 39 267 215 0 380 336 34 0 4 0 3 3 3 0 0 0 0 2 0 0 2 0 1 0 10 0 0 0 0 0 0 3 0 1 0 3 0 0 6 3 0 3 2 0 0 1 0 47 3 0 0 1 2 1 3 12 0 2 0 0 0 0 3 2 0 0 43 0 18 0 42 0 0 1 0 9 24 37 19 0 0 0 14 26 42 0 0 2 0 0 0 0 0 0 0 0 0 0 0 0 0 0 0 0 1 0 0 0 0 0 0 0 0 0 0 0 0 0 0 0 0 0 0 0 1 0 0 0 8 0 0 0 0 0 0 4 5 0 0 0 0 0 0 0 0 0 0 0 11 5 29 10 0 0 0 10 28 3 39 0 25 16 16 67 32 0 0 0 26 0 0 0 1 0 0 0 0 0 0 0 0 0 1 0 0 0 0 0 0 0 0 0 0 0 0 0 0 2 12 0 0 0 0 0 0 0 0 0 1 0 0 0 0 0 1 0 0 0 0 0 0 0 0 0 0 0 0 0 8 0 0 0 2 86 1 1 0 0 8 21 0 0 0 0 0 0 0 13 0 13 0 0 0 0 0 0 0 0 0 0 0 0 36 0 3 0 0 0 0 0 0 0 0 0 0 0 0 
 18 51 410 493 78 68 26 57 413 111 412 102 35 37 38 623 380 0 39 38 73 2 0 4 3 0 0 1 0 0 0 0 0 0 0 0 0 2 0 0 0 0 1 0 3 0 0 0 3 63 0 8 0 3 3 0 0 0 0 0 0 3 0 0 0 2 0 3 1 0 2 0 0 0 0 3 0 0 0 3 0 16 14 82 0 0 0 0 33 30 12 36 0 0 29 0 32 54 2 0 0 2 6 0 0 0 0 0 0 0 0 0 0 0 0 0 1 0 0 2 0 0 0 0 0 0 0 0 0 0 0 0 0 0 0 0 0 0 4 0 13 4 0 0 0 0 0 0 3 3 0 0 0 0 0 0 0 0 1 2 0 10 0 41 0 0 2 11 2 36 14 23 0 0 1 0 48 22 8 0 0 0 0 0 0 0 0 0 0 0 0 0 0 0 2 0 0 0 0 1 1 0 0 0 0 0 0 0 0 1 0 0 0 0 0 0 0 0 0 0 0 0 0 0 0 2 1 0 0 0 0 0 0 0 0 0 0 2 0 0 0 20 0 0 0 2 174 0 4 186 0 12 18 1 0 0 0 0 0 0 0 0 36 0 0 0 0 0 0 0 0 0 0 0 0 51 0 13 0 0 0 0 0 0 0 0 0 0 0 0 
 55 112 37 89 60 36 254 276 177 106 465 40 365 124 173 136 336 39 0 173 0 2 2 3 1 13 2 2 7 0 2 0 1 0 0 0 2 0 5 0 0 0 0 2 3 2 5 3 5 0 2 3 3 0 3 0 3 2 0 0 0 3 4 0 0 2 0 3 0 0 4 0 0 0 1 3 3 2 0 3 9 9 10 13 0 0 33 0 21 15 0 2 40 24 24 9 0 19 32 40 0 1 0 0 0 0 0 0 0 0 0 0 0 0 0 0 0 0 0 0 0 0 0 0 0 0 0 0 0 0 0 0 0 0 0 0 0 13 0 0 0 0 1 0 0 0 0 0 0 13 0 0 0 0 3 3 0 8 2 1 34 10 11 15 0 0 23 0 0 3 0 0 13 19 32 17 0 0 7 20 0 0 0 0 0 0 0 0 0 0 0 0 0 0 0 0 0 0 0 2 0 0 0 0 0 0 0 0 0 2 0 14 0 0 0 0 0 0 0 0 0 0 0 0 0 0 2 0 0 0 0 11 0 0 0 0 0 1 0 0 0 0 0 0 0 0 0 1 3 2 0 8 0 0 0 0 0 0 0 0 0 0 0 0 0 0 0 0 0 0 0 0 0 0 0 7 0 0 0 0 0 0 0 0 0 0 0 0 0 0 
 218 30 32 144 78 60 213 37 56 320 43 50 370 345 105 63 34 38 173 0 0 2 4 3 2 2 0 72 2 1 0 0 0 0 0 5 0 1 1 0 2 0 0 2 3 0 11 0 3 0 1 3 3 0 3 0 0 0 7 0 0 3 0 0 4 2 0 2 2 0 3 0 42 1 1 3 6 2 0 3 42 0 0 15 0 0 73 51 9 0 21 0 32 23 46 0 0 0 0 9 0 0 0 0 0 18 0 0 0 0 0 0 0 0 0 0 0 0 0 7 0 0 0 0 0 0 0 0 0 0 0 0 0 0 0 0 0 0 8 0 0 0 0 0 0 0 0 0 0 0 0 0 0 0 0 1 0 0 0 0 52 2 1 0 0 0 29 32 21 2 0 0 35 45 15 0 0 0 1 18 0 0 0 0 0 0 0 0 31 0 0 0 0 0 0 0 34 0 0 0 0 0 0 0 0 0 0 0 0 0 0 0 0 0 0 0 0 0 0 0 0 0 0 0 0 0 0 0 0 0 0 0 0 0 0 0 13 0 0 0 0 0 0 0 0 0 0 0 4 0 0 11 0 0 11 0 0 0 0 0 0 0 0 0 0 1 0 0 0 0 0 0 0 0 0 0 0 0 0 0 0 0 0 0 0 0 0 0 0 0 
 0 6 3 0 0 0 0 2 0 0 2 0 0 0 0 2 0 73 0 0 0 141 118 47 25 77 384 575 44 57 38 63 64 147 586 42 35 32 49 135 0 0 0 0 3 6 1 0 4 2 0 0 0 2 24 3 1 2 5 0 3 0 4 0 3 3 3 2 4 0 2 0 0 2 0 11 0 0 0 0 1 0 0 0 3 0 0 0 0 0 0 0 2 0 0 0 0 0 0 0 19 42 44 34 0 0 25 44 32 30 0 0 9 0 38 33 35 7 0 9 0 0 0 0 0 0 0 0 2 0 0 0 0 0 0 0 0 0 0 0 0 0 0 1 13 0 0 0 2 0 2 0 2 0 0 0 0 0 0 0 0 0 0 0 0 0 0 0 0 0 0 0 0 0 4 11 0 0 0 0 45 35 0 18 0 0 30 17 9 26 0 0 0 10 32 52 23 13 0 1 0 1 0 8 0 0 0 0 3 1 0 0 0 0 0 2 0 0 0 0 0 0 0 0 0 0 0 0 0 0 0 0 0 0 8 0 0 1 0 0 0 0 0 0 0 0 0 0 0 0 0 0 0 0 6 1 2 0 0 2 2 0 0 0 0 0 0 0 0 0 0 0 0 0 0 0 0 2 0 0 0 0 0 0 0 0 0 0 0 0 
 3 2 2 2 2 2 4 2 2 6 1 4 0 3 2 2 4 2 2 2 141 0 330 51 41 258 61 394 347 55 25 25 29 37 384 360 339 53 73 53 0 0 0 0 2 1 0 0 2 2 2 0 0 2 0 0 1 0 0 0 2 0 3 54 3 0 3 0 4 0 2 0 0 0 0 7 1 0 0 0 0 0 0 0 0 0 0 0 0 8 0 0 0 0 2 0 0 0 0 2 9 20 43 29 0 0 12 18 38 60 28 1 0 0 1 44 93 37 0 1 0 2 1 13 0 0 0 0 0 0 0 1 0 0 0 0 0 0 0 0 0 0 0 0 0 0 0 0 0 0 0 0 2 0 2 0 1 0 0 0 0 0 0 0 0 0 0 0 12 2 0 0 0 0 0 0 0 0 0 0 0 11 52 28 0 0 0 67 23 21 20 0 0 0 12 26 20 26 1 0 0 0 0 0 0 0 0 0 0 0 0 0 0 0 0 0 0 0 0 0 1 0 0 0 1 0 0 0 0 0 0 0 0 0 0 0 0 0 0 0 0 0 25 0 0 0 0 0 0 0 0 0 0 0 5 0 4 0 0 0 8 12 0 0 0 0 0 0 0 0 0 0 0 0 0 0 0 0 0 0 0 11 0 0 0 0 0 0 0 0 
 0 2 0 0 0 0 0 1 0 0 0 0 0 0 3 0 0 0 2 4 118 330 0 159 75 54 46 85 290 289 113 60 267 30 55 248 203 537 46 34 0 0 0 0 2 0 0 0 2 2 0 10 0 0 0 0 1 0 0 3 2 0 3 0 3 2 3 0 2 0 2 0 0 0 0 3 0 1 0 0 0 0 0 0 0 0 2 0 0 0 0 0 0 0 0 0 0 0 0 0 1 2 34 45 18 0 0 0 13 72 25 28 0 0 0 16 22 47 0 0 2 0 0 0 0 2 0 0 0 0 0 0 0 0 0 0 0 0 0 0 0 0 0 0 0 0 0 0 0 0 0 0 10 0 0 0 0 0 0 0 0 11 0 3 0 0 0 0 0 0 0 0 0 1 0 0 0 0 0 0 0 0 47 27 0 1 0 6 8 39 28 29 0 0 0 0 19 11 0 0 0 0 0 0 0 0 0 0 0 0 0 14 0 0 0 0 0 0 0 0 0 0 0 0 0 0 0 0 0 0 0 0 0 0 0 0 0 0 0 1 0 0 25 0 1 0 0 0 0 0 0 0 0 0 2 2 1 2 79 2 14 49 0 0 0 0 0 0 0 0 0 0 0 0 0 0 0 0 0 0 0 0 0 0 0 0 47 0 0 0 
 3 6 5 3 5 3 6 5 3 3 2 3 0 3 8 3 3 4 3 3 47 51 159 0 79 24 63 97 129 401 128 353 70 56 59 40 44 332 56 60 0 0 0 0 2 0 0 0 2 2 70 0 0 0 1 0 1 0 0 0 2 0 3 48 3 4 3 0 2 0 52 25 0 0 0 3 0 0 0 0 0 0 0 0 0 0 0 0 0 0 0 0 0 0 0 0 0 0 0 0 0 0 0 37 74 42 0 16 0 0 16 41 0 0 0 0 0 4 0 0 0 0 0 0 16 0 0 0 0 0 0 0 0 0 0 0 0 0 34 0 0 0 0 0 0 0 0 0 0 0 9 0 0 0 0 0 0 0 0 0 0 0 0 6 0 0 0 0 0 0 0 0 0 0 0 0 3 0 0 0 0 0 27 10 117 39 0 0 6 12 52 67 0 0 26 0 6 12 0 0 0 0 0 0 0 0 0 0 0 0 0 15 27 0 0 0 0 0 8 13 0 0 0 0 0 0 0 0 0 0 0 0 0 0 0 0 0 0 0 0 0 0 18 0 0 0 1 0 0 0 0 0 0 0 14 2 2 8 46 2 2 0 0 0 0 0 1 0 0 0 0 0 0 0 0 0 0 0 0 0 0 27 0 0 0 0 25 0 0 0 
 2 2 1 0 0 0 1 1 1 76 0 2 2 2 1 1 3 3 1 2 25 41 75 79 0 519 50 66 89 79 114 252 73 59 110 55 48 35 40 60 0 0 0 0 2 0 0 0 2 4 1 0 0 0 0 0 0 2 0 3 2 0 3 0 3 2 2 2 2 0 4 0 0 0 0 4 0 0 0 30 1 0 0 0 0 0 0 0 0 0 0 0 0 0 2 0 0 0 0 2 0 0 0 0 25 23 0 0 0 0 0 10 0 0 0 0 0 2 0 0 1 2 0 0 0 0 22 0 0 0 0 0 10 1 0 0 0 1 51 30 0 0 0 0 0 0 0 0 0 0 0 0 0 0 2 1 0 0 0 0 0 1 0 0 0 0 1 0 0 2 0 0 9 0 0 0 20 0 0 0 0 0 0 11 31 33 0 0 2 0 11 1 0 0 0 0 1 3 1 0 0 0 0 0 0 0 10 0 0 0 0 0 35 9 0 0 0 0 45 49 2 0 0 0 1 0 0 0 0 0 0 0 0 0 0 0 0 0 0 0 0 0 1 0 0 0 0 0 0 0 0 0 0 0 10 0 2 1 9 0 0 0 0 0 0 0 0 0 0 0 0 0 0 0 0 0 0 0 0 0 0 0 0 0 0 0 0 8 0 2 
 0 3 0 0 81 0 0 0 0 0 4 0 0 0 4 1 3 0 13 2 77 258 54 24 519 0 38 43 39 51 90 285 40 262 63 70 73 56 38 30 0 0 0 3 6 0 0 0 2 2 1 0 0 0 0 0 0 0 219 2 2 0 5 0 3 0 2 0 2 0 2 0 0 5 0 3 0 0 0 0 2 0 0 0 0 0 0 0 0 0 11 0 0 0 0 0 0 0 0 0 0 0 0 0 12 9 0 0 0 0 0 20 0 0 18 0 0 0 0 0 25 0 0 0 0 0 26 0 1 0 0 0 37 16 23 0 0 0 0 33 0 0 0 0 0 0 0 0 1 0 1 0 0 5 0 0 0 0 1 0 6 0 0 19 0 0 0 0 0 0 0 0 0 0 1 0 3 0 0 0 0 0 21 10 0 23 0 21 0 0 0 0 0 0 0 0 0 0 0 0 0 0 0 0 0 0 35 12 1 2 0 0 33 10 20 0 0 0 57 20 0 0 0 0 0 0 0 0 6 0 0 0 2 0 0 0 0 2 0 0 0 0 0 0 0 0 0 0 0 0 0 0 0 0 4 1 2 0 5 1 1 0 0 0 2 0 0 0 0 0 0 0 0 0 0 0 0 0 0 0 0 0 0 0 0 0 0 0 0 0 
 0 1 0 1 0 1 0 0 0 1 0 0 0 0 1 0 0 0 2 0 384 61 46 63 50 38 0 293 47 22 46 42 467 359 79 38 30 33 49 303 0 0 21 0 2 0 0 0 2 2 0 0 0 0 0 0 1 0 0 0 11 0 3 0 3 0 2 0 2 0 2 0 0 0 0 11 0 0 0 0 0 0 0 0 0 0 1 0 0 0 0 0 0 0 0 0 0 0 10 0 60 54 9 0 0 0 34 29 22 2 0 0 1 49 48 0 35 0 0 8 0 0 0 0 1 1 0 0 0 0 0 0 0 0 0 0 0 0 0 0 0 0 0 0 0 0 0 0 0 0 0 0 7 0 0 31 0 0 4 2 5 0 0 0 0 0 0 0 0 0 0 2 0 2 0 0 0 0 0 0 56 36 1 0 0 0 25 44 33 18 1 0 0 22 17 17 26 0 0 92 0 0 0 0 0 0 0 0 0 0 0 0 0 0 0 0 0 0 0 0 0 0 0 0 0 0 0 0 0 0 0 0 0 0 0 0 0 0 0 0 0 0 0 0 0 0 0 0 0 0 0 0 0 0 3 0 1 0 0 1 2 0 0 0 0 0 0 0 0 0 0 0 0 0 0 0 0 0 0 0 0 0 0 0 2 0 0 0 0 0 
 7 0 2 1 0 0 2 0 0 0 0 2 0 0 0 0 0 1 2 72 575 394 85 97 66 43 293 0 69 43 45 14 91 379 371 125 48 19 45 64 2 1 0 62 5 0 0 0 7 3 0 5 0 0 3 0 2 0 0 0 2 0 3 4 3 3 5 2 2 0 4 0 0 0 0 7 0 0 0 0 0 0 0 0 0 0 0 0 0 0 0 0 0 20 0 0 0 0 0 0 11 51 29 3 0 0 36 29 51 53 4 0 0 0 26 50 61 47 0 15 0 0 0 0 0 0 0 0 0 0 0 0 0 0 0 0 0 0 0 0 0 0 0 0 0 0 0 0 0 0 0 0 2 0 0 0 0 0 0 0 0 0 0 0 0 0 0 0 0 0 0 0 0 0 0 0 0 0 0 0 29 21 1 33 0 0 1 30 81 40 0 0 0 0 29 25 37 83 0 0 0 0 0 0 0 0 0 0 0 0 0 0 0 0 0 0 0 0 0 0 0 0 2 0 0 0 0 0 0 0 0 0 0 0 3 0 0 8 0 0 0 0 0 0 0 0 0 0 0 0 0 0 1 0 14 0 0 1 0 0 14 0 5 0 0 0 0 0 1 0 0 0 0 0 0 0 0 0 0 0 0 52 0 0 0 0 0 0 0 0 
 0 6 0 0 0 0 0 0 6 0 0 0 0 3 1 0 0 0 7 2 44 347 290 129 89 39 47 69 0 672 56 36 91 48 129 220 181 327 71 73 0 0 0 0 3 0 0 0 3 2 0 0 1 0 0 0 2 0 0 0 2 0 3 48 2 4 3 0 52 0 2 25 0 0 0 8 0 0 0 0 0 0 0 0 0 0 0 0 0 0 0 0 0 0 0 0 0 0 0 0 0 2 46 58 30 2 3 0 12 32 24 13 0 0 0 16 13 28 0 0 0 0 0 0 0 0 0 0 0 0 0 0 0 0 0 0 0 0 0 0 0 0 0 0 24 0 0 0 0 0 1 0 0 0 0 0 0 0 0 0 0 0 0 4 0 0 0 0 0 0 0 0 0 0 0 0 0 0 0 0 0 1 49 49 2 0 0 13 47 27 51 9 0 0 0 0 8 106 0 0 0 0 0 0 0 0 0 0 0 0 0 0 0 0 0 0 0 0 0 0 0 19 0 0 0 0 0 2 0 0 9 0 0 0 0 0 0 0 0 0 0 0 12 0 0 0 0 0 0 0 0 0 0 0 8 0 2 2 2 0 14 7 0 0 0 0 0 0 0 0 0 0 0 0 0 0 0 0 0 0 0 50 0 0 0 0 19 0 0 0 
 0 3 0 0 0 0 0 3 0 0 4 0 0 0 2 0 0 0 0 1 57 55 289 401 79 51 22 43 672 0 391 38 46 61 114 306 575 141 271 285 0 1 0 0 3 0 0 0 3 2 0 0 0 0 0 9 31 0 0 0 4 0 3 0 2 4 3 0 2 0 2 0 0 0 0 51 0 0 0 0 0 0 0 0 0 0 0 0 0 0 0 0 0 0 0 0 0 0 0 0 0 0 9 96 23 23 1 0 0 12 50 45 0 0 1 0 3 9 0 0 0 0 0 0 0 0 0 0 0 0 8 0 0 6 0 0 0 0 9 1 0 0 0 0 0 1 0 0 0 0 6 0 0 0 0 0 0 0 0 0 0 0 0 8 0 0 0 0 0 0 0 0 0 0 5 0 0 0 0 0 0 0 87 19 18 2 7 0 10 17 17 51 0 1 1 0 9 7 0 0 0 0 0 0 2 0 0 0 0 0 0 0 6 0 0 0 0 0 0 0 0 0 0 0 0 0 0 0 0 0 0 0 0 0 0 7 0 0 0 0 0 0 18 0 0 2 0 0 0 0 0 0 0 2 11 0 1 156 152 0 3 8 0 0 0 0 9 0 0 0 0 0 0 0 0 0 0 0 0 0 0 18 0 0 0 0 17 0 0 0 
 2 3 0 0 0 2 0 0 2 208 1 0 0 0 0 0 2 0 2 0 38 25 113 128 114 90 46 45 56 391 0 366 25 42 60 55 55 551 39 57 0 0 3 0 2 0 0 3 2 2 0 0 0 6 2 3 1 5 3 4 2 0 10 0 3 5 3 4 54 0 2 3 5 0 0 3 0 1 0 0 0 0 0 2 0 0 0 0 0 0 0 0 0 0 0 0 0 0 0 0 0 0 0 32 42 60 0 0 1 0 9 39 0 2 0 1 0 5 0 1 0 0 0 0 0 0 3 0 0 0 0 0 0 0 0 0 0 0 37 0 0 0 0 0 0 0 0 0 0 0 30 0 0 0 0 0 0 0 0 3 0 0 0 5 0 1 1 0 0 0 0 0 0 0 0 0 1 0 0 0 0 0 20 11 59 84 0 1 9 18 32 50 0 0 0 0 8 12 0 0 0 0 0 0 0 0 0 0 15 0 0 0 24 0 1 0 1 0 8 15 0 0 0 0 0 2 0 0 0 0 12 0 0 0 0 0 0 0 2 0 0 0 18 0 0 4 0 0 0 0 0 0 0 0 6 6 1 31 9 0 1 0 0 0 0 0 1 0 0 0 0 0 0 0 0 0 0 0 0 0 0 13 0 0 0 0 18 0 0 0 
 0 6 0 0 0 0 0 0 0 0 2 0 3 0 0 2 0 0 0 0 63 25 60 353 252 285 42 14 36 38 366 0 30 246 36 33 69 50 33 47 0 0 2 0 2 0 0 4 4 2 0 0 0 209 5 1 0 0 6 3 2 0 8 0 3 3 2 2 4 0 2 3 0 0 0 3 0 1 2 4 0 0 0 0 0 0 0 0 0 0 0 0 0 0 0 0 2 0 0 0 0 0 0 0 66 21 0 0 1 0 28 51 0 0 0 0 0 7 0 0 0 0 0 1 0 0 0 0 0 0 0 0 20 0 0 0 0 0 58 0 22 0 0 0 0 0 0 0 0 0 4 0 0 1 0 0 0 0 0 0 0 0 0 2 0 0 0 0 0 0 0 0 0 20 0 2 5 0 0 2 0 0 2 5 45 48 0 0 0 0 12 34 2 0 0 32 0 0 0 0 0 0 0 0 0 0 1 0 0 0 0 0 45 0 0 0 0 0 28 14 0 0 0 0 0 0 0 0 0 0 0 0 0 0 0 0 0 0 0 0 0 0 0 0 0 0 0 0 0 0 0 0 0 0 11 0 2 148 150 0 3 1 0 0 0 0 10 0 0 0 0 0 0 0 0 0 0 0 0 0 0 10 0 0 0 0 2 0 0 0 
 0 0 1 0 0 7 96 0 0 0 5 0 0 0 0 0 0 0 1 0 64 29 267 70 73 40 467 91 91 46 25 30 0 56 35 31 19 19 403 191 0 0 0 0 2 0 1 0 2 2 0 0 0 0 1 0 64 3 0 0 34 0 3 0 3 0 3 0 2 50 2 0 0 0 0 3 0 0 0 0 0 0 0 0 3 0 0 0 0 0 0 0 0 0 0 0 0 0 0 0 22 1 10 0 0 0 8 23 5 0 0 0 21 36 35 0 0 0 19 10 0 0 0 0 0 0 0 0 0 0 0 0 0 0 0 0 0 0 0 0 0 0 0 0 0 0 0 0 0 0 0 0 1 0 0 0 2 0 0 0 0 0 0 0 0 0 0 0 0 0 0 0 0 0 0 0 0 0 0 0 24 32 0 0 0 0 44 17 0 0 0 0 0 41 35 14 0 0 12 45 0 0 0 0 0 0 0 0 3 0 0 0 0 0 2 0 0 0 0 0 0 0 11 0 0 0 0 0 0 0 0 0 0 0 0 0 0 0 0 0 0 0 0 0 0 0 0 0 0 0 0 0 0 0 2 0 3 0 0 0 0 0 0 0 0 0 0 0 0 0 0 0 0 0 0 0 0 1 0 0 0 0 0 0 0 0 0 0 0 0 
 0 84 0 1 0 1 5 0 0 0 0 0 0 76 0 0 2 0 0 0 147 37 30 56 59 262 359 379 48 61 42 246 56 0 441 46 28 27 75 142 0 0 0 25 1 0 1 0 258 3 2 0 202 0 0 61 203 3 2 3 2 30 3 1 3 0 1 0 2 0 2 2 5 0 0 23 0 0 0 0 0 0 0 0 0 1 0 0 0 0 0 0 0 50 2 0 1 0 0 2 11 135 37 21 0 0 20 46 52 38 0 0 8 1 39 46 41 11 0 14 0 0 1 0 0 0 16 0 0 0 0 1 0 0 0 17 0 1 0 0 0 0 0 0 0 0 0 0 0 0 0 0 9 0 2 0 0 0 10 0 0 0 0 0 0 0 0 0 0 0 0 0 0 0 0 0 0 0 0 0 35 43 0 50 0 5 21 28 26 64 0 0 0 5 57 50 31 10 4 1 0 0 0 0 0 0 0 0 0 0 0 0 0 0 0 10 0 0 0 0 0 0 1 0 1 0 0 0 0 0 0 0 0 1 0 0 2 0 0 0 0 0 1 0 0 0 0 0 0 0 0 0 0 0 3 0 0 0 0 1 2 1 0 0 0 0 0 0 0 0 0 0 0 0 0 0 0 0 0 0 0 0 0 0 0 0 0 0 0 0 
 0 0 0 0 3 2 0 3 76 0 0 0 0 0 3 0 0 0 0 0 586 384 55 59 110 63 79 371 129 114 60 36 35 441 0 198 265 49 74 66 0 0 0 0 1 0 0 0 1 3 0 0 0 0 0 0 2 0 0 0 2 0 3 0 3 0 1 0 2 0 2 0 0 0 0 11 0 0 0 0 11 0 0 0 0 0 0 0 0 0 0 0 0 0 0 0 0 0 0 0 16 76 37 14 0 0 38 36 48 41 0 0 0 0 15 43 46 41 0 13 0 1 0 0 0 0 0 0 0 0 0 0 0 0 0 0 0 0 0 0 0 0 0 0 0 0 0 0 0 0 0 0 6 0 0 2 0 0 0 0 0 2 0 1 0 0 0 0 0 1 0 0 0 0 0 0 0 0 0 0 29 32 2 39 0 0 1 31 49 38 0 0 0 0 35 41 43 32 2 0 0 0 0 0 0 0 0 0 0 0 0 0 0 0 0 0 0 0 0 0 1 0 0 0 0 0 0 0 0 0 0 0 0 0 0 0 0 0 0 0 0 0 1 0 0 0 0 0 0 0 0 0 0 0 4 0 1 0 0 3 14 0 0 0 0 0 0 0 0 0 0 0 0 0 0 0 0 0 0 0 0 15 0 0 0 0 0 0 0 2 
 0 0 0 0 0 0 0 0 0 1 2 2 2 0 2 0 1 0 0 5 42 360 248 40 55 70 38 125 220 306 55 33 31 46 198 0 220 274 28 56 0 0 0 4 2 0 6 0 2 2 0 0 6 0 0 0 2 0 0 0 2 0 3 0 3 55 3 0 2 0 2 0 53 0 2 5 6 56 0 0 0 0 14 0 0 0 0 0 0 0 0 0 0 0 0 0 0 0 0 0 0 0 38 32 33 0 0 0 5 18 53 31 0 0 2 30 19 17 0 0 0 0 0 0 0 0 0 0 0 0 0 0 0 0 0 0 0 0 0 10 2 0 0 0 0 0 0 0 0 0 12 0 0 0 0 0 0 0 0 0 0 0 0 0 0 0 0 0 0 0 0 0 8 0 0 0 16 0 0 0 0 9 43 29 0 0 0 8 18 16 19 19 0 0 2 0 10 40 0 0 0 0 0 0 0 0 0 0 0 0 0 0 0 0 10 0 0 0 0 0 0 0 0 0 0 0 0 0 0 0 0 0 0 0 0 2 0 0 0 0 0 0 22 0 0 0 0 0 0 0 0 0 0 0 18 1 2 2 1 1 40 8 1 0 0 0 1 0 0 0 0 0 0 0 0 0 0 0 0 0 0 14 0 0 0 0 28 0 0 0 
 0 0 0 0 0 0 0 1 0 0 76 0 7 0 14 0 0 0 2 0 35 339 203 44 48 73 30 48 181 575 55 69 19 28 265 220 0 365 67 30 0 0 0 0 3 0 0 1 2 2 0 0 0 0 0 0 2 0 1 62 2 2 3 0 2 8 3 0 2 0 2 0 0 0 0 5 0 0 49 0 0 0 0 0 0 0 0 0 0 0 2 0 0 0 0 0 0 0 0 0 0 1 20 72 32 6 0 0 13 21 23 26 2 0 0 11 18 59 0 0 1 0 0 0 0 0 0 0 0 0 0 0 0 0 2 0 0 0 1 0 0 0 0 21 0 0 1 0 0 0 4 0 0 0 0 0 0 0 0 0 0 0 0 5 0 0 2 0 0 0 0 0 0 0 0 0 0 2 0 0 0 0 36 40 2 1 0 9 26 40 72 19 0 0 8 0 19 32 0 0 0 0 0 0 0 0 0 0 0 0 2 0 0 0 0 0 0 0 0 0 0 0 0 0 0 0 0 0 2 0 0 0 0 0 18 0 0 0 0 1 0 3 24 0 0 0 0 0 0 0 0 0 0 0 14 3 2 0 0 0 14 8 0 0 0 0 1 0 0 0 0 0 0 0 0 0 0 0 0 0 0 14 0 0 0 0 30 0 0 0 
 204 0 0 0 0 0 0 0 0 3 5 0 0 0 0 0 10 2 0 1 32 53 537 332 35 56 33 19 327 141 551 50 19 27 49 274 365 0 31 33 0 0 0 0 2 0 0 0 2 4 1 0 0 0 0 76 1 10 0 5 2 0 5 0 3 57 3 6 4 0 4 0 0 0 0 3 0 3 0 0 0 0 0 0 0 0 0 0 0 0 0 0 0 0 0 0 0 0 0 0 0 0 14 34 17 25 1 0 0 50 59 90 0 1 0 0 1 10 0 0 0 10 0 0 0 0 0 0 0 0 2 0 2 0 0 0 0 0 19 0 0 0 0 0 0 1 0 0 0 0 2 0 1 0 0 0 0 0 0 7 0 0 0 3 0 0 0 0 0 21 0 0 0 0 0 0 0 0 0 0 0 0 46 0 13 6 0 0 14 6 45 71 0 0 0 0 37 6 0 0 0 0 0 1 0 0 0 0 0 0 0 12 1 0 0 0 0 0 0 0 0 0 0 0 0 0 0 0 0 0 0 0 0 0 11 0 0 14 0 0 0 0 19 0 0 26 0 0 0 0 0 0 0 1 6 0 1 144 156 0 5 25 0 0 0 0 11 0 0 0 0 0 0 0 0 0 0 0 0 0 0 10 0 0 0 0 12 0 0 0 
 0 0 0 0 2 305 0 7 1 0 0 1 0 0 0 0 0 0 5 1 49 73 46 56 40 38 49 45 71 271 39 33 403 75 74 28 67 31 0 299 3 0 0 0 2 0 62 0 2 2 0 1 0 0 0 0 24 0 0 0 11 7 3 0 3 0 3 0 2 0 2 0 0 0 0 3 0 2 0 0 0 0 0 0 14 1 2 0 0 0 1 1 0 0 0 0 0 0 0 0 47 1 0 1 0 0 4 31 0 0 0 0 16 57 15 0 0 0 41 38 2 0 0 0 16 2 0 0 0 0 0 0 0 0 0 0 0 15 0 0 0 0 0 0 0 0 0 0 0 0 0 0 0 0 0 0 0 0 0 0 55 0 0 0 14 10 0 0 0 0 0 0 0 1 0 0 0 0 0 0 18 6 0 0 0 0 19 15 0 0 2 0 22 22 18 8 0 0 33 45 0 0 0 0 0 0 0 0 0 0 0 0 0 0 0 0 0 0 0 0 0 0 0 0 0 0 0 0 0 0 0 0 0 0 0 0 0 0 0 1 0 0 0 0 0 0 0 0 0 0 0 0 0 0 5 0 0 0 0 1 0 0 0 0 0 0 0 0 0 0 0 0 0 0 0 0 0 0 0 0 0 0 0 0 0 0 0 0 0 0 
 0 3 0 0 3 1 0 0 0 2 2 1 0 0 3 74 0 0 0 0 135 53 34 60 60 30 303 64 73 285 57 47 191 142 66 56 30 33 299 0 0 0 0 0 3 5 1 0 3 2 7 0 3 0 0 1 64 2 0 64 6 1 6 2 4 0 3 0 4 0 2 3 0 2 3 3 3 1 0 0 0 0 0 0 1 0 0 0 0 0 0 0 0 0 0 0 0 0 0 0 28 15 50 0 0 1 0 9 1 1 0 0 20 35 58 21 0 1 14 7 0 0 0 0 0 0 0 0 0 4 2 0 0 0 0 0 0 0 0 0 0 0 0 0 21 1 0 0 13 0 0 0 2 0 0 1 0 0 0 0 0 0 0 0 0 0 0 0 0 0 0 0 0 9 0 0 0 0 0 0 25 45 0 0 0 0 48 17 0 7 0 0 0 47 60 11 21 13 26 47 0 0 0 0 0 22 0 0 0 0 0 0 0 0 0 0 0 0 0 0 0 0 0 0 0 0 0 0 0 0 0 0 0 0 0 0 0 0 0 0 0 0 17 0 0 0 0 0 0 0 0 0 0 2 18 0 0 0 0 0 0 3 0 0 0 0 0 0 0 0 0 0 0 3 0 0 0 0 0 0 0 0 0 0 0 0 0 0 0 0 
 0 0 0 0 0 0 0 0 0 0 2 0 0 0 0 0 0 0 0 2 0 0 0 0 0 0 0 2 0 0 0 0 0 0 0 0 0 0 3 0 0 180 62 43 44 61 441 286 48 30 55 43 78 78 280 43 51 32 260 55 0 0 0 0 0 0 0 0 0 0 0 2 0 0 0 0 0 0 0 0 0 0 0 0 0 20 0 0 8 0 0 0 0 0 0 0 0 0 0 0 0 0 0 0 0 0 0 0 0 0 0 0 0 13 0 0 0 0 0 0 11 33 21 10 0 0 0 22 56 0 0 0 0 26 8 40 33 22 0 0 0 0 0 0 0 0 0 1 0 0 0 3 0 0 0 0 2 0 0 21 0 0 0 0 54 0 2 0 1 0 0 0 0 0 0 0 0 0 0 0 0 0 0 0 0 0 0 0 0 0 0 0 0 0 0 0 0 0 0 0 23 42 33 0 0 0 0 37 57 9 20 0 0 11 22 8 17 1 0 0 0 0 0 0 0 0 0 9 0 0 0 0 0 0 0 0 0 0 0 0 0 0 0 0 0 0 0 0 0 0 0 12 0 0 0 0 0 0 0 0 0 0 0 0 2 2 0 0 2 0 9 0 0 0 0 0 0 0 0 0 0 0 0 0 7 17 0 0 0 0 
 0 0 0 0 0 0 0 3 0 6 3 0 0 0 0 0 0 0 0 0 0 0 0 0 0 0 0 1 0 1 0 0 0 0 0 0 0 0 0 0 180 0 298 53 60 37 66 242 243 63 32 36 53 99 222 237 210 44 60 196 1 2 0 1 2 14 0 11 0 0 10 5 1 0 0 1 1 6 6 0 0 0 0 0 0 0 0 0 0 0 0 0 0 0 0 0 0 0 0 0 0 0 0 0 0 0 0 0 0 0 0 0 0 0 0 0 0 0 0 0 0 3 48 47 0 0 0 10 54 49 9 2 0 24 14 10 60 22 0 10 0 0 0 0 0 0 5 0 0 0 0 0 0 0 0 0 7 0 0 2 0 0 0 0 0 0 1 8 5 0 0 0 0 0 0 0 0 18 11 0 0 0 0 0 0 0 0 0 0 0 0 0 0 9 0 0 0 0 7 0 0 24 30 20 1 0 0 33 41 20 38 1 0 0 17 24 26 32 0 0 0 0 0 0 0 0 0 0 0 11 0 0 11 0 0 0 11 0 0 0 0 0 2 0 0 0 0 0 0 0 0 8 0 0 0 0 0 0 0 8 0 0 0 0 0 13 0 0 0 0 18 0 0 0 0 0 0 0 0 0 0 0 0 0 2 16 0 0 0 6 
 0 0 0 0 0 8 0 2 0 0 0 0 0 0 0 0 0 1 0 0 0 0 0 0 0 0 21 0 0 0 3 2 0 0 0 0 0 0 0 0 62 298 0 129 49 47 73 96 180 330 70 45 71 38 68 144 102 299 44 72 0 1 0 0 0 0 51 0 0 0 0 2 0 0 0 0 1 0 0 0 0 0 0 0 0 0 0 0 0 0 0 0 0 0 0 0 0 6 0 0 5 0 0 0 0 0 0 0 0 0 0 0 0 0 0 0 13 0 0 0 0 0 18 22 1 7 0 0 0 36 18 39 0 0 0 3 0 21 0 26 0 0 7 0 0 0 8 0 0 0 0 0 0 0 0 0 4 0 2 0 5 0 0 1 0 0 0 7 6 0 0 0 0 0 0 0 0 5 14 0 0 0 14 0 0 0 0 1 0 0 0 0 0 0 0 0 0 0 0 0 0 2 13 39 42 0 0 0 10 33 25 19 0 0 0 14 14 37 0 0 0 0 0 0 0 0 0 0 0 0 0 0 1 0 0 0 21 0 30 0 0 0 11 0 0 0 0 0 0 0 0 0 0 0 0 0 0 0 0 7 0 0 1 1 0 9 0 1 1 0 14 0 0 0 0 0 0 0 0 0 0 0 0 0 0 27 0 0 0 0 
 0 6 0 0 0 0 0 0 0 0 0 0 0 0 3 0 0 0 2 2 0 0 0 0 0 3 0 62 0 0 0 0 0 25 0 4 0 0 0 0 43 53 129 0 86 59 105 69 104 363 424 229 56 77 102 86 34 570 115 88 44 1 0 0 3 4 0 3 0 0 0 2 0 6 0 0 48 0 1 0 0 0 0 0 0 0 0 0 0 0 0 0 0 0 0 0 0 0 0 0 0 0 0 0 0 0 0 0 0 0 0 0 0 0 0 0 0 0 0 0 0 0 0 0 32 27 0 0 0 0 55 38 0 0 0 0 0 0 0 0 6 0 7 0 0 0 13 0 0 0 0 0 0 0 0 0 0 0 26 0 0 0 2 0 0 0 0 4 3 0 0 5 0 0 0 0 0 0 2 0 0 0 0 0 0 0 0 0 0 0 0 0 0 0 0 0 0 0 0 0 0 0 0 15 33 53 0 6 0 40 1 34 0 0 0 0 0 1 0 0 0 0 0 0 0 0 18 0 0 0 0 0 14 0 0 0 1 0 32 0 0 0 0 0 0 0 0 0 0 0 0 11 0 0 0 0 0 0 0 11 0 0 22 4 0 1 0 6 0 0 0 0 0 0 0 0 0 0 0 0 0 0 0 0 0 14 0 0 1 0 
 3 3 5 3 3 3 5 3 3 3 56 3 0 3 7 3 3 3 3 3 3 2 2 2 2 6 2 5 3 3 2 2 2 1 1 2 3 2 2 3 44 60 49 86 0 259 463 92 82 106 105 304 296 60 61 75 56 42 85 92 0 8 7 0 0 0 0 4 104 1 0 0 1 215 6 6 9 9 1 0 0 0 0 0 0 0 0 0 0 0 0 0 0 0 0 0 0 0 0 0 0 0 0 0 0 0 0 0 0 7 0 0 0 0 0 0 0 10 0 0 0 0 0 0 8 6 0 0 0 0 0 13 0 0 0 0 0 0 0 0 7 3 6 0 0 0 1 0 5 4 9 0 19 0 0 5 0 0 9 8 0 0 0 0 0 0 0 0 0 0 0 4 0 0 0 0 0 0 0 0 0 0 0 0 0 0 0 0 0 0 0 0 0 0 0 0 0 0 0 0 0 0 0 0 15 36 0 0 0 0 0 0 0 0 0 0 0 0 0 0 0 0 0 0 0 0 17 0 0 0 4 6 20 0 0 9 0 5 16 1 0 0 0 0 0 0 0 0 0 0 0 10 0 0 0 0 0 0 0 5 0 0 5 3 2 2 5 1 0 0 16 0 0 0 0 0 0 0 0 0 0 0 0 0 0 0 0 0 0 13 
 0 4 0 0 0 0 0 4 0 3 2 29 3 0 2 0 0 0 2 0 6 1 0 0 0 0 0 0 0 0 0 0 0 0 0 0 0 0 0 5 61 37 47 59 259 0 31 27 265 64 291 59 50 59 53 61 484 284 48 41 0 0 32 0 0 0 0 0 0 0 0 23 0 1 21 0 2 5 109 0 0 0 0 0 0 0 0 0 0 0 0 0 0 0 0 0 0 0 0 0 0 0 0 0 0 0 0 0 0 0 0 0 2 0 0 0 0 0 0 0 0 14 7 6 25 0 0 0 6 5 4 0 0 0 0 9 6 11 0 0 0 1 0 0 0 0 0 33 0 0 0 0 46 0 0 0 0 0 15 18 0 0 0 0 0 1 0 0 0 0 1 3 0 11 0 0 0 0 0 0 0 0 0 0 0 0 0 0 0 0 0 0 0 0 0 0 0 0 0 0 0 0 43 4 24 18 0 0 6 13 2 7 0 0 0 0 0 9 0 0 20 0 0 0 0 0 22 1 0 0 0 0 27 0 6 9 0 0 0 41 0 0 0 0 0 0 0 0 0 0 0 9 0 1 0 0 0 0 0 2 0 1 2 0 0 6 0 0 0 0 0 0 0 0 0 0 0 0 0 0 0 4 12 0 10 0 0 0 0 0 
 0 8 0 0 65 60 4 9 0 0 0 0 2 8 3 0 1 0 5 11 1 0 0 0 0 0 0 0 0 0 0 0 1 1 0 6 0 0 62 1 441 66 73 105 463 31 0 109 54 45 59 59 517 198 38 37 36 102 74 216 0 0 0 0 0 0 0 0 0 0 21 0 0 0 0 0 0 0 0 0 0 0 8 0 0 0 12 4 0 0 5 0 0 6 4 4 5 0 0 0 0 0 0 0 0 1 21 7 0 0 0 0 10 0 0 0 0 0 7 13 6 5 0 0 0 0 14 22 17 0 0 0 1 12 24 6 12 0 0 0 0 0 0 0 0 21 0 4 0 0 0 0 0 0 0 0 0 0 0 5 1 8 10 0 0 0 0 5 3 5 10 0 0 2 1 1 6 0 0 0 11 0 0 0 0 0 0 0 0 0 0 0 28 20 0 0 0 0 10 0 16 8 9 0 0 0 1 10 0 7 1 0 0 12 60 0 26 0 0 0 0 0 0 0 0 0 0 0 0 0 0 0 0 2 0 0 0 0 0 0 0 0 0 0 0 0 0 0 0 0 0 20 0 0 0 0 0 0 1 0 0 0 73 0 2 1 2 0 0 0 0 0 0 11 1 0 0 0 0 0 0 0 0 0 0 0 0 0 0 0 
 0 0 0 0 0 0 0 3 2 0 0 0 0 0 0 0 0 0 3 0 0 0 0 0 0 0 0 0 0 0 3 4 0 0 0 0 1 0 0 0 286 242 96 69 92 27 109 0 283 33 61 38 124 321 141 14 33 32 94 72 0 0 0 0 0 0 50 0 0 0 0 3 0 0 0 0 0 0 0 0 0 0 0 0 0 0 1 0 29 0 0 0 3 0 0 0 0 0 2 1 0 0 0 0 0 0 0 0 0 0 0 0 0 0 0 0 0 0 0 0 1 13 29 37 0 0 1 21 29 8 0 0 0 20 14 20 23 46 0 7 0 1 0 0 0 0 9 0 0 0 0 0 0 0 0 0 7 0 0 2 0 0 0 0 0 0 1 0 1 0 0 0 3 0 0 0 0 2 3 3 0 0 0 0 21 0 0 0 0 0 0 0 0 0 0 0 10 0 0 0 10 35 16 9 0 0 0 37 23 27 24 0 0 1 15 26 39 14 0 1 0 0 0 0 0 0 0 0 0 0 0 0 0 0 0 0 0 0 0 0 0 0 7 0 0 0 0 0 0 0 0 12 0 2 0 0 0 0 0 2 0 0 0 0 2 11 0 0 0 0 21 0 0 0 0 0 0 0 0 0 0 0 0 0 2 0 0 0 0 0 
 3 3 6 4 3 3 6 3 3 3 5 3 2 3 4 3 3 3 5 3 4 2 2 2 2 2 2 7 3 3 2 4 2 258 1 2 2 2 2 3 48 243 180 104 82 265 54 283 0 368 72 32 89 67 136 385 119 298 106 135 0 0 4 0 0 0 0 0 0 0 0 0 0 0 0 0 0 0 0 0 0 0 0 0 0 0 0 0 0 0 0 0 0 0 0 0 0 0 0 0 0 0 0 0 0 0 0 0 0 0 0 0 0 0 0 0 0 0 0 0 0 0 10 16 6 17 0 0 0 24 20 21 0 0 0 0 0 25 0 6 0 0 0 0 0 0 7 0 0 0 0 0 3 1 0 0 2 0 9 0 0 0 0 0 0 0 0 9 6 0 0 0 0 0 0 0 0 14 33 0 0 0 0 0 0 0 0 0 0 0 0 0 0 0 0 0 0 0 6 0 0 0 11 38 18 4 0 0 0 24 27 34 0 0 0 18 14 35 0 0 0 0 0 0 0 0 0 0 0 0 6 0 1 0 0 0 23 0 22 13 0 0 6 0 0 0 0 0 0 0 0 6 0 0 0 0 0 0 0 5 0 0 2 1 0 11 0 1 1 0 13 0 0 0 0 0 0 0 0 0 0 0 0 0 0 11 0 0 0 0 
 0 0 0 0 0 0 0 2 5 0 2 0 0 0 1 0 0 63 0 0 2 2 2 2 4 2 2 3 2 2 2 2 2 3 3 2 2 4 2 2 30 63 330 363 106 64 45 33 368 0 286 208 57 77 80 308 297 121 298 102 0 0 0 0 0 0 0 4 0 0 0 0 4 0 0 0 0 0 0 0 0 0 38 0 0 0 0 0 0 0 0 0 0 0 0 0 0 0 0 0 0 0 0 0 0 0 0 0 0 0 0 0 0 0 0 0 0 0 0 0 0 1 0 8 20 24 0 0 0 12 23 24 0 0 0 1 0 3 0 0 3 0 0 0 0 0 8 0 0 0 0 0 0 0 0 0 0 0 9 2 0 0 0 0 0 0 0 5 20 0 0 0 0 0 0 0 0 0 3 0 0 0 0 0 0 0 0 0 0 0 0 0 0 0 0 0 0 0 0 0 0 0 12 16 17 22 0 0 0 6 10 24 0 0 0 1 0 28 0 0 0 0 0 0 0 0 0 0 0 0 0 0 10 0 0 0 14 0 6 0 0 0 0 0 0 0 0 0 0 0 0 2 0 0 0 0 0 0 0 18 0 0 66 64 0 6 0 64 0 0 1 0 0 0 0 0 0 0 0 0 0 0 0 0 0 9 0 0 0 0 
 0 1 0 0 9 3 0 3 0 0 3 4 0 0 3 0 0 0 2 1 0 2 0 70 1 1 0 0 0 0 0 0 0 2 0 0 0 1 0 7 55 32 70 424 105 291 59 61 72 286 0 538 174 59 300 63 96 458 43 274 0 0 0 0 0 0 0 0 0 0 0 0 0 1 8 1 3 0 0 1 0 0 0 0 9 5 0 13 0 0 5 0 0 0 0 0 0 0 0 0 0 0 0 0 0 0 0 0 0 0 0 0 3 0 0 0 0 0 0 10 0 0 0 0 29 29 0 0 0 1 33 113 0 0 0 0 0 0 0 0 6 0 0 0 0 0 10 0 0 0 0 0 0 1 0 0 0 0 11 0 0 1 0 0 10 12 0 2 0 0 0 47 0 0 0 0 0 0 0 0 0 0 0 0 0 0 4 0 0 0 0 0 5 0 0 0 0 0 10 0 0 0 0 16 83 24 0 0 0 11 1 23 0 0 0 0 0 1 0 0 0 0 0 0 0 0 37 0 0 0 0 0 18 0 0 0 10 0 22 0 0 0 0 0 0 0 0 0 0 0 0 3 0 0 0 0 0 0 0 5 0 0 32 49 0 6 4 38 0 0 0 0 0 0 0 0 0 0 0 0 0 0 0 0 15 16 0 0 0 0 
 3 3 11 9 3 3 6 3 8 9 8 7 0 3 3 7 6 8 3 3 0 0 10 0 0 0 0 5 0 0 0 0 0 0 0 0 0 0 1 0 43 36 45 229 304 59 59 38 32 208 538 0 58 26 18 45 83 76 32 40 0 0 0 2 0 0 2 0 0 0 0 0 1 2 0 0 15 7 0 2 0 6 0 7 1 0 0 0 4 11 3 9 0 0 0 0 4 4 0 0 0 0 0 0 0 0 0 0 0 0 0 0 0 0 0 0 0 0 0 0 0 0 0 0 44 16 0 0 12 0 1 7 0 0 0 0 0 0 0 0 13 0 0 0 0 0 2 0 0 0 0 0 21 0 0 0 0 0 30 7 0 0 0 5 0 2 0 0 5 0 0 24 0 0 0 2 0 25 0 0 0 0 0 0 0 0 0 0 0 0 0 0 0 0 0 0 3 0 0 0 0 0 0 0 76 45 0 0 0 0 0 18 8 0 0 0 0 0 0 0 1 0 0 0 0 0 55 0 0 0 0 0 30 0 1 0 0 0 13 0 0 4 0 0 0 0 5 0 0 0 0 2 5 0 0 0 0 0 0 0 0 0 71 64 0 2 1 65 0 0 0 0 0 0 0 3 0 0 0 0 0 0 0 0 0 0 0 0 0 0 
 0 12 4 1 2 0 0 4 1 0 7 0 3 0 7 5 3 0 3 3 0 0 0 0 0 0 0 0 1 0 0 0 0 202 0 6 0 0 0 3 78 53 71 56 296 50 517 124 89 57 174 58 0 301 26 249 33 46 358 133 0 0 0 0 0 0 0 0 0 0 0 1 0 0 0 0 0 0 0 0 0 3 3 0 13 0 0 0 1 1 0 19 0 0 0 18 8 0 0 0 0 0 0 0 0 0 0 0 0 0 0 0 0 0 0 0 0 0 0 0 36 14 0 0 0 0 14 11 10 0 0 0 8 20 19 10 0 0 0 4 0 0 0 0 0 0 0 4 0 0 0 0 0 1 0 0 1 0 0 6 4 3 13 0 0 0 1 7 2 7 8 8 0 0 0 5 4 3 1 0 0 0 0 0 0 1 0 0 0 0 0 0 0 0 0 0 0 0 0 0 22 0 0 0 0 0 21 11 0 0 0 0 8 22 23 0 1 0 23 10 0 6 0 0 0 0 0 0 0 0 0 0 0 0 0 0 0 0 0 0 0 1 0 0 0 0 0 0 0 0 0 16 0 5 0 0 0 0 0 2 0 0 2 0 0 0 0 0 0 0 0 0 0 0 0 0 0 0 0 0 0 0 0 0 0 0 0 0 0 0 
 0 8 0 0 0 0 0 0 0 0 0 0 2 0 5 0 0 3 0 0 2 2 0 0 0 0 0 0 0 0 6 209 0 0 0 0 0 0 0 0 78 99 38 77 60 59 198 321 67 77 59 26 301 0 279 38 31 240 96 86 0 0 0 0 0 0 2 3 0 3 0 26 0 0 2 0 2 0 0 2 0 0 0 0 0 0 0 0 0 0 0 0 0 0 0 0 0 0 0 0 0 0 0 0 0 0 0 0 0 0 0 0 0 0 0 0 0 0 0 0 9 30 26 10 0 0 0 23 32 0 0 0 0 49 14 42 26 4 0 0 0 0 0 0 0 0 0 3 0 0 0 0 2 0 0 0 3 0 0 7 0 0 11 0 0 0 2 0 0 0 0 0 0 0 0 0 0 0 0 0 0 0 0 0 0 0 0 0 0 0 0 0 0 0 0 0 0 0 0 0 25 16 21 1 0 0 1 23 35 10 15 1 0 66 25 20 16 6 0 0 0 0 0 0 0 0 0 0 0 0 11 0 0 0 0 0 0 0 0 0 0 0 0 0 0 0 0 0 0 0 0 2 0 1 0 0 0 0 0 2 0 0 0 0 0 1 2 0 0 0 0 0 0 0 0 0 21 0 0 0 0 0 0 0 6 0 0 0 0 0 
 3 5 3 3 4 3 6 3 11 3 7 3 0 3 3 3 3 3 3 3 24 0 0 1 0 0 0 3 0 0 2 5 1 0 0 0 0 0 0 0 280 222 68 102 61 53 38 141 136 80 300 18 26 279 0 74 49 26 117 109 22 0 0 0 0 1 0 0 205 0 0 3 0 0 0 0 0 0 0 0 0 0 0 0 0 0 0 0 0 0 0 0 0 0 0 0 0 0 0 0 0 5 0 0 0 0 0 0 0 0 0 0 0 0 0 0 0 0 0 0 1 24 21 43 0 0 1 21 31 10 0 0 7 13 10 21 50 52 0 7 0 0 0 0 0 0 0 0 0 0 0 0 0 0 0 0 4 0 0 4 0 0 0 0 0 0 1 0 1 0 0 0 0 0 0 0 0 2 0 0 0 0 0 0 0 0 0 0 0 0 0 0 0 0 0 0 0 0 0 0 32 37 24 9 0 0 0 25 48 16 23 0 0 1 12 22 34 14 0 1 0 1 0 0 0 0 0 0 0 0 0 0 0 0 0 0 0 0 0 0 0 0 7 0 0 0 0 0 0 0 0 4 0 1 0 0 0 0 0 2 0 0 0 0 0 10 0 0 2 0 32 0 0 0 0 0 0 0 0 0 0 0 0 0 25 0 0 0 0 0 
 0 0 0 0 0 0 0 0 0 0 0 0 0 0 0 0 2 0 0 0 3 0 0 0 0 0 0 0 0 9 3 1 0 61 0 0 0 76 0 1 43 237 144 86 75 61 37 14 385 308 63 45 249 38 74 0 378 284 41 73 0 50 0 0 0 0 3 0 0 0 0 0 3 0 0 0 0 0 4 4 0 0 0 0 0 0 0 0 0 0 0 0 0 0 0 0 0 0 0 0 0 0 0 0 0 0 0 0 0 0 0 0 0 0 0 0 0 0 0 0 11 17 11 18 0 18 0 0 0 24 19 17 0 0 0 0 0 19 0 8 0 0 0 0 0 0 8 14 0 0 0 15 0 0 5 0 13 11 6 0 0 0 0 0 0 0 0 10 12 0 12 0 0 0 3 0 0 10 25 0 0 0 0 0 0 0 0 0 0 0 0 0 0 0 0 0 0 0 0 0 0 7 26 39 10 0 0 0 1 24 27 24 0 0 0 11 14 36 0 0 3 2 0 0 0 0 3 9 9 0 17 0 1 0 6 0 22 1 19 0 0 0 9 0 0 0 0 0 0 0 0 8 0 0 0 0 0 0 0 5 0 0 1 1 0 8 0 1 0 0 13 0 0 0 0 0 0 5 0 0 0 0 0 0 0 9 0 0 0 0 
 0 0 0 1 0 63 0 7 1 0 0 0 62 0 5 0 0 0 3 0 1 1 1 1 0 0 1 2 2 31 1 0 64 203 2 2 2 1 24 64 51 210 102 34 56 484 36 33 119 297 96 83 33 31 49 378 0 317 38 41 4 0 0 0 0 6 0 2 0 0 4 1 1 0 0 6 1 0 4 1 0 0 0 0 0 0 0 0 0 0 0 0 0 0 0 0 0 0 0 0 1 7 0 0 0 0 0 0 0 0 0 0 13 10 0 0 0 0 0 10 0 0 10 16 0 22 0 1 0 30 19 24 0 0 0 0 1 20 0 9 0 0 0 0 0 0 9 0 0 0 0 0 0 0 0 0 2 0 1 0 0 0 0 0 10 0 0 6 6 0 0 0 0 0 0 0 0 4 12 0 0 5 0 0 0 16 8 0 0 0 0 0 10 11 0 0 0 0 10 10 0 0 29 44 20 0 0 20 0 25 29 24 0 0 0 19 30 41 0 0 0 0 0 0 0 0 0 0 0 0 0 0 1 0 0 0 20 0 26 0 0 0 10 0 0 0 0 0 0 0 0 9 0 0 0 0 0 0 1 2 0 0 2 0 0 10 0 0 0 0 11 0 0 0 0 0 0 0 0 0 0 0 0 0 0 24 0 0 0 0 
 1 2 0 0 0 0 0 0 0 3 2 0 0 0 0 0 0 0 2 0 2 0 0 0 2 0 0 0 0 0 5 0 3 3 0 0 0 10 0 2 32 44 299 570 42 284 102 32 298 121 458 76 46 240 26 284 317 0 57 42 0 0 2 0 0 0 0 2 2 0 0 0 0 0 0 0 0 0 0 0 0 0 0 0 0 0 0 0 0 0 0 0 0 0 0 0 0 0 0 0 22 0 0 0 0 0 0 0 0 0 0 0 0 0 0 0 0 0 0 0 0 0 0 1 19 52 0 1 1 11 22 12 0 0 0 0 0 0 0 0 16 0 0 0 0 0 8 0 0 0 0 0 0 0 0 0 0 0 15 0 0 0 0 0 0 0 0 7 7 0 0 0 0 0 0 9 0 3 6 1 0 0 0 0 0 0 0 0 24 0 0 0 0 0 0 0 0 0 0 0 0 0 47 22 33 0 0 14 0 12 9 29 5 0 0 0 1 17 0 0 0 0 0 0 0 0 0 0 0 0 0 0 16 0 0 0 18 0 13 0 0 0 0 0 0 0 0 0 0 0 0 10 1 0 0 0 0 0 0 16 0 2 65 61 0 0 1 62 0 0 1 0 0 0 0 0 0 0 0 0 0 0 0 0 0 8 0 0 1 0 
 2 0 6 0 0 0 3 0 0 0 3 70 8 4 0 0 1 0 0 7 5 0 0 0 0 219 0 0 0 0 3 6 0 2 0 0 1 0 0 0 260 60 44 115 85 48 74 94 106 298 43 32 358 96 117 41 38 57 0 398 0 2 0 0 2 0 0 0 0 0 0 0 0 0 0 0 0 0 0 0 8 0 0 0 0 0 6 4 0 0 0 0 8 1 4 0 10 0 0 0 0 0 0 0 0 14 0 0 0 0 0 0 0 0 0 0 0 0 0 0 24 0 0 2 0 0 48 18 0 0 0 0 20 6 22 0 0 0 1 28 0 0 0 0 0 0 5 5 0 0 0 0 0 6 0 0 0 0 0 0 6 0 0 0 0 0 10 1 0 1 0 0 0 7 2 0 0 0 0 0 0 0 0 1 0 0 0 0 0 0 0 0 0 0 0 0 0 0 0 0 1 1 0 0 0 0 42 6 0 0 0 0 0 18 9 0 0 0 16 38 0 0 0 0 15 0 0 0 0 0 0 0 0 0 0 0 0 0 0 0 0 0 0 0 0 0 0 2 0 0 0 13 0 0 0 19 0 0 1 0 0 0 2 0 0 1 0 0 0 16 0 0 0 0 0 0 0 0 0 0 0 0 0 0 0 0 0 0 0 0 
 0 1 0 0 1 0 0 3 0 1 0 0 0 0 1 0 0 0 0 0 0 0 3 0 3 2 0 0 0 0 4 3 0 3 0 0 62 5 0 64 55 196 72 88 92 41 216 72 135 102 274 40 133 86 109 73 41 42 398 0 0 0 0 0 0 0 0 0 0 0 0 0 0 0 0 0 0 0 44 0 0 0 0 0 0 0 0 0 0 0 0 0 0 0 0 0 0 0 0 0 0 0 0 9 1 9 0 0 0 0 0 0 0 0 0 0 0 0 0 0 32 10 0 0 0 2 37 23 11 0 0 0 11 36 26 10 0 0 0 1 0 0 0 0 0 0 10 14 0 0 0 0 8 17 0 0 1 0 7 38 6 0 0 0 0 0 1 0 0 0 0 0 0 0 0 0 1 0 0 0 1 0 0 0 0 0 0 3 0 0 0 11 0 0 0 0 0 0 0 0 17 0 0 0 0 13 27 17 1 0 0 0 1 21 71 0 1 0 22 15 0 0 0 0 0 0 0 7 0 0 0 0 10 6 6 0 0 18 2 4 0 0 11 0 0 0 0 0 0 0 0 8 0 0 0 0 0 0 1 0 0 0 0 0 2 0 2 0 0 0 0 0 0 0 0 0 0 0 0 0 0 0 0 0 0 0 0 0 0 0 
 0 0 0 0 1 10 0 2 0 0 3 0 0 0 0 0 47 0 0 0 3 2 2 2 2 2 11 2 2 4 2 2 34 2 2 2 2 2 11 6 0 1 0 44 0 0 0 0 0 0 0 0 0 0 22 0 4 0 0 0 0 140 284 263 264 456 285 284 49 24 251 31 83 140 286 277 36 57 35 191 0 0 0 0 7 0 0 0 0 0 0 0 0 0 0 0 0 11 0 0 7 0 5 0 0 0 0 0 0 0 0 0 0 3 6 0 0 0 9 2 0 0 0 0 0 2 0 0 0 0 0 0 0 0 0 0 0 0 0 0 5 15 10 0 0 0 0 0 22 3 0 4 0 20 15 18 14 14 0 0 0 0 0 0 0 1 0 0 0 0 3 4 0 0 0 0 0 0 0 0 0 2 0 0 0 0 0 0 0 0 0 0 0 6 0 6 0 0 5 14 0 0 0 0 0 0 0 0 0 0 0 0 0 0 0 0 0 0 0 0 13 37 34 11 0 0 0 71 76 74 8 0 0 9 9 51 16 4 2 0 0 0 0 0 0 0 0 0 0 0 0 0 0 0 16 0 0 0 0 0 0 0 0 0 0 0 0 0 0 0 2 0 0 0 2 0 0 0 0 0 0 0 0 0 0 2 0 0 0 0 
 3 3 3 3 16 11 3 4 3 3 9 3 3 3 5 3 3 3 3 3 0 0 0 0 0 0 0 0 0 0 0 0 0 30 0 0 2 0 7 1 0 2 1 1 8 0 0 0 0 0 0 0 0 0 0 50 0 0 2 0 140 0 280 66 68 267 116 283 189 60 32 33 59 56 206 144 427 42 23 54 0 0 0 0 5 1 0 0 0 0 0 0 0 0 0 0 0 0 0 0 3 0 0 0 0 0 0 0 0 0 0 0 5 0 0 0 15 0 3 0 0 0 0 0 0 0 0 0 0 0 10 0 0 0 0 0 0 0 0 0 1 14 35 4 16 0 0 0 14 0 33 1 0 0 19 32 21 1 27 0 0 0 4 11 7 1 0 0 0 0 0 6 0 0 0 0 0 0 0 0 0 0 0 0 0 0 0 0 0 0 0 0 4 2 0 0 0 1 32 2 0 0 0 0 0 0 0 0 0 0 0 0 0 0 0 0 0 0 0 0 0 12 17 0 31 9 0 0 35 22 26 13 0 0 7 9 1 23 10 0 1 0 0 0 0 0 0 0 0 0 0 0 0 0 6 0 0 0 0 0 0 0 0 0 0 0 0 2 0 0 65 0 0 13 2 0 0 0 0 0 0 0 0 0 0 1 0 0 0 0 
