 0 65 41 42 32 35 629 364 263 23 131 25 47 163 411 56 91 29 39 301 0 0 0 3 2 2 0 0 3 1 0 3 1 0 0 0 3 0 1 0 2 0 0 0 3 38 2 4 0 1 0 0 0 2 3 3 0 0 0 0 0 3 0 0 0 0 0 2 0 3 0 0 0 3 3 0 0 0 1 0 17 39 55 0 0 0 0 67 37 0 2 0 0 40 13 58 19 0 0 10 0 0 0 0 40 0 0 1 0 2 0 0 0 0 0 0 0 0 0 0 0 0 0 0 0 0 0 0 0 0 0 0 0 0 0 0 0 0 0 0 0 0 2 12 0 3 0 0 0 0 3 0 0 0 0 0 6 0 0 0 12 55 39 19 0 0 26 57 12 0 9 0 11 27 37 0 19 0 0 2 0 0 0 0 2 0 0 0 0 0 0 0 0 0 0 0 0 0 0 0 0 0 0 0 0 0 0 1 0 0 0 0 0 1 0 0 0 0 0 0 12 1 0 15 0 0 0 0 0 0 0 0 0 0 0 0 0 0 0 0 0 0 0 0 0 1 1 0 9 0 0 6 0 38 0 0 0 0 0 0 0 0 0 0 0 0 0 0 0 0 0 0 0 0 0 0 0 0 0 0 0 0 0 0 0 0 0 0 0 0 
 65 0 470 89 36 36 300 500 375 136 154 34 270 130 422 364 301 62 55 52 0 0 0 6 3 2 1 0 79 0 0 3 0 0 3 1 4 4 2 0 0 43 0 0 3 10 4 4 0 18 0 0 0 2 5 5 1 3 1 1 0 3 0 1 0 2 0 2 0 3 0 2 2 3 2 0 0 0 1 1 0 8 26 10 3 0 0 34 45 13 12 13 0 26 6 37 32 35 0 0 0 0 0 0 1 0 0 0 0 0 0 0 0 19 0 0 0 0 0 0 1 0 0 0 0 0 0 1 0 0 0 0 0 0 0 0 0 5 0 0 0 0 0 2 0 0 0 0 13 0 1 0 0 0 0 0 7 0 0 10 1 17 37 32 0 0 1 33 29 38 10 10 10 1 29 50 93 68 0 0 2 15 0 0 0 1 0 0 0 0 0 0 0 0 0 0 0 0 0 0 0 0 0 0 0 0 0 0 0 0 2 1 0 0 0 0 0 0 0 0 0 0 0 0 0 0 0 2 0 0 0 0 0 0 0 0 0 0 19 0 0 11 0 0 0 0 0 0 2 2 0 20 0 0 0 0 0 0 0 0 74 0 0 0 0 0 0 0 0 0 0 0 0 0 0 22 1 0 0 0 0 0 0 0 0 0 0 0 0 0 
 41 470 0 327 65 37 80 79 270 422 69 36 296 47 41 243 201 395 54 256 0 1 2 3 3 8 0 0 1 0 2 3 0 0 2 0 4 0 0 0 0 0 0 0 3 7 0 2 0 1 0 0 0 3 3 3 48 1 0 47 0 6 0 1 2 0 0 2 0 2 0 0 3 3 5 1 1 0 0 3 0 7 11 30 41 0 0 8 12 32 47 14 0 1 7 14 10 37 0 0 0 2 0 0 0 0 0 0 0 0 0 0 0 0 0 0 26 0 0 0 0 0 0 0 0 0 0 0 0 0 0 0 1 1 0 0 0 7 0 2 13 0 0 0 0 0 0 0 0 0 0 0 2 0 0 0 1 1 0 0 0 0 12 34 0 0 0 8 26 43 0 11 0 0 14 33 28 32 0 0 0 0 0 0 0 0 0 0 0 0 0 0 0 0 0 0 0 1 1 0 0 0 0 2 0 0 0 0 0 0 10 0 0 0 0 0 2 0 1 0 16 10 0 0 0 0 0 0 0 1 0 0 0 0 0 0 0 0 0 0 0 27 0 0 0 0 6 0 3 4 0 6 9 0 0 0 0 0 0 0 0 0 22 0 0 0 0 0 0 0 0 0 0 0 0 41 20 7 0 0 0 0 0 0 0 1 0 0 0 0 
 42 89 327 0 87 26 301 73 87 766 104 424 69 163 68 51 360 611 56 278 2 0 0 3 6 4 0 1 1 0 0 3 0 0 74 0 2 0 0 0 0 0 0 0 3 65 3 2 0 0 0 0 0 2 3 3 11 0 61 2 0 3 0 2 0 0 0 2 0 2 0 0 46 3 5 0 0 0 0 0 0 1 0 36 63 11 2 0 6 34 31 11 0 0 0 0 32 9 0 0 0 0 0 0 0 0 0 0 0 0 0 0 0 0 0 0 0 0 0 0 0 0 0 0 0 0 0 0 0 0 1 0 2 2 1 21 0 0 0 0 0 0 0 0 0 0 0 1 0 1 0 0 4 0 2 2 1 0 0 0 2 0 0 10 21 30 0 0 1 15 12 15 0 0 0 12 0 1 0 0 0 1 0 0 0 0 3 0 0 0 0 0 10 0 0 0 0 0 12 1 0 8 0 0 0 0 0 0 0 0 0 0 0 0 0 0 1 0 0 0 0 0 0 0 0 0 0 0 0 0 0 0 2 0 0 0 1 3 0 0 0 0 0 0 0 4 94 0 0 15 0 7 10 0 0 0 0 0 0 0 0 0 6 0 0 0 0 0 0 0 0 0 0 0 0 15 16 12 0 0 0 0 0 0 5 0 0 0 0 0 
 32 36 65 87 0 646 54 69 96 73 95 425 73 291 97 64 68 47 270 70 0 0 0 3 4 2 0 0 1 0 0 5 0 0 0 0 2 0 0 0 0 0 0 0 3 10 26 2 0 0 0 0 0 2 3 6 2 0 0 2 0 3 0 0 4 0 0 2 0 1 0 0 3 3 2 0 0 0 13 0 2 0 0 14 15 35 0 0 0 0 0 5 0 0 0 0 2 0 0 2 0 3 0 0 0 0 1 0 0 0 0 0 14 6 0 0 0 0 36 18 0 0 0 0 0 1 0 0 0 0 10 0 0 0 0 0 0 0 0 2 1 0 0 0 2 16 5 0 0 0 0 0 0 0 0 6 0 1 0 0 0 0 0 0 47 53 0 0 0 0 0 29 0 0 0 0 0 0 0 0 0 0 0 0 0 0 41 0 0 0 0 0 74 0 0 0 0 1 31 46 0 0 0 2 0 0 0 0 0 0 0 0 0 0 0 0 0 0 1 0 0 0 0 0 0 0 0 0 0 0 0 0 0 0 0 0 0 0 0 0 0 0 0 0 0 0 2 0 5 4 2 1 0 0 0 0 0 0 0 0 0 8 0 0 0 0 0 0 0 0 0 0 0 0 0 0 0 0 0 0 0 0 0 0 0 1 0 0 0 0 
 35 36 37 26 646 0 30 27 244 58 185 90 112 70 57 57 145 61 39 55 0 0 0 7 3 2 2 0 1 2 0 3 4 0 0 0 2 2 251 0 0 0 0 0 3 3 3 4 0 0 0 0 0 2 3 3 1 0 0 1 0 3 0 0 6 0 51 2 0 3 0 0 2 3 2 0 0 0 5 10 0 0 0 0 0 22 0 0 0 0 0 8 0 0 0 0 1 0 0 0 1 0 0 0 0 0 20 0 0 0 0 0 30 1 0 18 0 0 40 46 0 0 0 0 0 0 0 0 0 0 2 0 0 6 0 0 0 0 0 0 12 0 0 0 0 0 30 2 0 0 0 0 0 0 0 20 0 0 0 0 0 16 0 0 16 10 0 0 0 0 1 17 0 0 0 0 0 0 0 0 0 0 0 0 0 0 40 16 0 0 0 0 22 0 0 0 0 0 21 67 16 0 0 0 0 0 0 0 0 0 0 0 0 0 0 0 0 0 0 0 0 0 19 0 0 0 0 0 0 0 0 0 0 0 0 14 0 0 0 10 0 0 0 0 0 0 0 0 0 6 0 12 0 0 0 0 0 0 0 0 0 0 0 0 0 0 0 0 0 0 0 0 0 0 0 0 0 0 0 0 0 0 0 0 0 0 0 0 0 0 
 629 300 80 301 54 30 0 242 40 49 238 37 467 444 246 30 168 540 54 243 0 0 0 3 4 2 0 78 1 0 0 3 0 2 7 0 6 2 2 0 0 0 1 0 5 3 1 3 0 2 0 0 0 2 3 3 1 0 0 1 3 3 0 0 0 2 0 2 0 3 3 3 2 3 2 1 1 2 1 1 41 23 27 0 0 0 13 37 45 0 0 0 0 40 36 36 1 0 0 26 0 13 0 0 0 0 0 0 0 0 0 0 0 0 0 0 0 0 0 0 0 0 0 0 0 0 0 0 0 0 0 0 6 0 0 0 0 0 1 0 1 0 5 8 16 6 0 0 0 0 0 1 0 0 0 0 0 0 0 0 26 39 23 9 0 0 41 8 0 20 0 0 18 37 17 21 1 0 0 0 0 0 0 0 0 0 0 0 0 0 0 0 0 0 0 0 0 1 0 0 0 0 0 2 0 0 0 0 0 0 0 0 0 0 0 0 0 0 1 0 0 0 0 0 0 0 0 0 0 0 0 0 0 0 0 0 0 0 0 0 0 0 0 0 0 0 1 2 0 0 2 2 0 0 0 0 0 0 0 0 0 0 0 0 0 0 0 0 3 8 0 0 0 0 0 0 0 0 0 0 0 0 0 0 0 0 0 0 0 0 
 364 500 79 73 69 27 242 0 190 70 45 20 105 336 126 127 43 29 44 43 0 75 3 3 3 3 0 0 1 3 0 3 1 4 0 1 3 4 0 1 0 0 2 0 3 9 0 2 2 7 0 3 2 4 3 3 1 0 0 1 0 3 0 0 0 0 0 2 0 5 0 0 2 3 2 0 0 0 53 0 0 31 30 0 0 0 0 32 14 0 11 1 0 31 9 38 18 37 0 0 0 0 0 0 0 0 0 0 0 0 0 0 0 0 0 0 0 0 0 0 0 0 0 0 0 0 0 0 0 0 0 0 0 0 0 0 0 9 2 0 0 0 0 0 1 3 0 0 0 0 0 0 0 17 0 0 7 0 0 0 11 45 45 1 0 0 14 17 33 0 7 0 0 0 65 1 47 0 0 0 0 0 0 20 0 0 0 0 0 0 0 0 0 0 0 9 0 0 0 0 0 0 0 0 0 0 0 1 0 0 12 0 0 0 0 0 0 0 0 0 0 0 0 0 0 0 0 0 0 0 0 0 0 0 0 0 0 0 0 0 0 15 0 0 0 1 0 0 2 2 0 18 0 0 0 0 0 0 0 0 0 0 0 0 0 0 0 0 0 0 0 0 0 0 0 14 0 0 0 0 0 0 0 0 0 0 0 0 0 0 
 263 375 270 87 96 244 40 190 0 380 62 31 122 84 176 149 323 340 53 289 0 0 2 3 3 2 0 0 4 0 0 3 1 0 0 0 4 4 2 0 0 3 0 0 3 8 0 2 0 1 2 0 0 2 3 3 1 0 0 2 0 3 0 0 0 0 2 2 5 3 0 39 4 3 2 0 0 0 0 3 1 13 22 24 39 0 0 0 14 18 57 15 0 9 11 28 7 33 0 1 0 0 0 0 0 0 0 0 0 0 0 0 0 0 0 0 0 0 0 0 0 0 0 0 0 0 10 0 0 0 0 0 0 0 0 0 0 16 1 0 2 0 0 0 1 0 0 0 0 0 0 6 16 0 0 0 0 0 0 0 0 6 12 39 0 0 0 19 20 73 0 12 0 0 13 48 18 34 0 0 0 0 0 0 26 0 0 0 0 0 0 0 0 0 0 0 0 0 0 0 0 0 0 0 0 0 0 0 0 0 43 0 0 0 0 0 0 0 0 0 0 0 0 0 0 0 0 0 0 0 0 0 0 0 0 0 0 0 0 0 0 15 0 0 0 0 2 0 0 4 2 4 1 0 0 0 0 0 0 0 0 0 13 0 0 0 0 0 0 0 0 0 0 0 0 26 16 7 0 0 0 0 0 0 0 0 0 0 0 0 
 23 136 422 766 73 58 49 70 380 0 595 66 270 301 91 370 390 355 40 96 0 0 0 3 3 4 0 0 1 0 2 92 0 0 2 0 2 0 2 0 42 0 0 0 3 11 2 4 76 2 0 0 0 2 3 3 2 0 0 2 0 3 0 0 0 0 0 2 0 1 0 0 3 3 2 0 0 0 0 0 0 0 7 28 64 0 0 0 23 46 69 51 0 0 0 0 29 49 0 0 0 0 0 0 0 0 0 0 0 0 2 0 0 0 0 0 0 0 0 0 0 0 0 0 0 0 0 0 0 0 0 0 0 0 0 0 0 0 0 0 0 0 0 0 0 0 0 0 0 0 0 0 3 9 0 0 0 12 0 0 0 0 14 51 0 0 35 5 0 44 38 12 0 0 0 64 16 67 0 0 0 0 0 0 0 0 0 0 0 0 0 0 14 0 0 0 0 0 17 0 0 0 0 0 7 0 0 0 0 0 0 0 0 0 15 0 0 0 0 0 0 0 0 0 0 0 0 0 0 0 0 0 0 0 14 0 0 0 0 0 0 0 0 0 0 3 173 2 0 199 0 7 5 0 0 0 0 0 0 0 0 0 9 0 0 0 0 0 0 0 0 0 0 0 0 15 13 9 0 0 0 0 0 0 0 0 0 0 0 0 
 131 154 69 104 95 185 238 45 62 595 0 281 44 38 72 103 410 579 37 63 0 0 3 3 2 2 0 0 3 0 0 3 2 0 0 0 3 0 0 0 0 0 0 0 3 10 0 2 0 1 7 0 0 4 3 3 0 0 0 0 0 3 0 39 0 0 0 2 0 3 0 0 0 3 3 4 0 0 2 0 0 0 8 22 55 0 0 0 2 36 26 12 0 9 0 0 33 9 0 0 0 0 0 0 0 0 0 0 0 0 0 0 0 0 0 0 2 0 0 0 0 0 0 0 0 0 0 0 0 0 1 0 0 0 0 0 0 0 0 0 13 0 0 0 0 0 0 0 0 0 0 0 5 0 0 15 0 0 0 0 9 0 0 10 10 35 0 0 12 13 44 11 0 0 0 25 7 11 1 2 0 0 0 0 0 17 1 0 2 0 5 0 0 0 0 0 0 0 10 1 0 0 0 0 0 0 0 0 0 0 15 0 0 0 0 0 0 0 0 0 2 0 0 0 0 0 0 0 0 0 0 1 0 0 0 0 0 0 0 0 0 16 0 0 0 1 50 0 0 46 0 1 11 0 0 0 0 0 0 0 0 0 8 0 0 0 0 0 0 0 0 0 0 0 0 21 0 14 0 0 0 0 0 0 0 0 0 0 0 0 
 25 34 36 424 425 90 37 20 31 66 281 0 50 248 41 26 86 77 240 31 0 0 0 3 3 2 0 0 3 0 0 3 0 1 0 0 4 81 0 3 0 0 0 0 3 3 6 4 0 0 0 0 0 2 3 4 1 0 0 1 0 3 0 0 0 0 0 2 0 2 0 0 32 3 2 0 0 0 5 0 2 0 0 26 29 40 0 0 0 12 0 24 0 0 0 0 16 14 0 0 9 0 0 0 0 0 0 0 23 0 0 0 11 0 0 0 0 0 21 16 0 0 0 0 0 0 0 0 0 0 0 0 0 0 0 0 0 0 2 0 0 0 0 0 2 0 6 0 0 0 0 0 0 0 0 0 0 0 0 0 0 0 0 0 24 28 0 0 0 0 27 25 0 0 0 0 0 0 0 0 0 0 0 0 0 0 0 0 0 0 0 0 14 0 0 0 0 0 35 14 0 0 0 0 0 0 0 0 0 0 0 0 0 0 0 0 0 0 0 0 0 0 0 0 0 0 0 0 0 0 0 0 0 0 0 0 0 0 0 0 0 0 0 0 0 8 179 0 2 203 0 2 0 2 0 0 0 0 0 0 0 0 0 0 0 0 0 0 0 0 0 0 0 0 0 0 0 0 0 0 0 0 0 0 0 0 0 0 0 0 
 47 270 296 69 73 112 467 105 122 270 44 50 0 93 247 38 34 58 505 335 2 0 0 37 8 4 2 0 7 0 3 6 0 0 0 0 4 0 2 2 0 0 0 0 3 3 5 7 2 0 3 0 0 5 10 5 3 0 0 3 0 5 0 8 0 0 0 6 0 35 0 1 3 6 6 5 0 0 5 0 55 10 0 0 0 10 45 15 14 0 2 0 58 22 19 0 0 0 14 22 0 0 0 0 0 0 0 0 0 0 0 0 0 0 0 0 0 0 0 0 0 0 0 0 0 0 0 0 0 0 4 0 0 0 0 0 0 0 0 0 0 0 21 12 0 0 0 0 0 20 0 0 0 0 0 0 0 0 0 0 32 0 0 0 0 0 31 70 0 0 1 0 34 29 1 1 0 0 58 15 0 0 0 0 0 0 0 0 0 0 0 0 0 0 0 0 0 0 0 0 0 0 0 0 0 0 0 0 0 1 0 0 0 0 0 0 0 0 0 0 1 0 0 0 0 0 0 0 0 0 0 2 0 0 0 0 0 0 0 0 0 0 0 0 0 2 0 0 0 0 1 86 0 2 0 0 0 0 0 0 2 0 0 0 0 0 0 0 0 0 0 0 0 0 1 0 0 0 0 0 0 0 0 0 0 0 0 0 0 0 
 163 130 47 163 291 70 444 336 84 301 38 248 93 0 457 51 58 473 604 393 0 2 26 3 3 2 0 0 2 0 2 3 0 0 0 0 2 0 0 1 0 0 0 0 3 3 2 4 0 0 0 0 0 2 3 3 0 0 0 0 0 3 0 0 0 0 0 2 0 3 0 0 1 3 2 0 0 0 0 0 15 22 29 0 1 0 3 59 36 0 0 0 0 46 13 41 17 0 0 11 0 0 0 0 0 11 0 0 0 0 0 0 0 0 0 0 0 0 0 0 0 0 0 0 1 0 0 1 0 0 0 0 0 0 0 0 0 0 0 0 0 0 2 9 0 3 0 0 0 0 0 0 0 0 0 0 5 0 0 0 24 38 36 9 0 0 25 42 33 0 7 0 9 28 31 0 10 0 15 1 0 0 1 0 32 2 0 0 0 0 2 0 0 0 0 0 0 0 0 0 0 0 0 0 0 0 0 1 0 0 2 1 0 0 1 0 0 0 0 0 0 0 0 0 0 19 0 2 0 0 0 0 0 1 0 0 0 0 1 0 0 0 0 0 0 2 2 0 1 0 0 13 0 0 0 0 0 0 0 0 0 0 0 0 0 0 0 0 0 0 0 0 0 0 33 0 0 0 0 0 0 0 0 0 0 0 0 0 0 0 
 411 422 41 68 97 57 246 126 176 91 72 41 247 457 0 209 64 53 59 196 1 0 0 3 2 2 0 0 3 0 0 3 0 0 0 0 4 1 0 0 0 0 0 0 3 3 105 2 0 5 0 0 0 2 3 7 0 1 0 0 0 3 1 0 0 0 0 2 0 3 0 0 0 3 3 1 0 0 5 0 0 49 37 35 0 0 0 35 55 0 9 0 0 21 71 74 11 28 0 0 0 0 0 2 0 0 0 2 0 1 0 0 2 0 0 0 0 0 0 0 0 0 0 2 0 0 0 0 2 0 0 0 0 0 0 0 0 16 0 0 0 0 0 0 0 7 0 11 0 0 0 0 0 0 0 0 10 0 0 0 10 46 36 9 0 0 13 30 35 8 5 2 0 3 55 2 27 0 0 0 0 0 0 0 0 0 0 0 0 28 0 0 0 2 0 0 0 0 0 0 0 0 2 0 0 0 0 0 0 0 27 0 0 0 0 16 0 0 0 0 0 0 31 0 0 0 0 0 0 0 0 0 0 0 1 0 0 0 0 0 0 19 0 0 0 0 0 2 0 0 0 8 0 0 0 0 0 0 0 0 0 0 0 0 0 0 0 0 0 0 0 0 0 0 0 16 0 0 0 0 0 0 0 0 0 0 0 0 0 12 
 56 364 243 51 64 57 30 127 149 370 103 26 38 51 209 0 387 306 23 61 0 0 0 3 2 2 0 75 3 1 0 3 2 1 0 0 3 0 0 1 0 0 0 0 3 7 0 2 0 1 0 0 0 2 3 3 0 0 0 0 0 40 1 0 0 0 0 2 0 3 0 0 0 3 3 0 0 35 0 0 1 8 10 90 31 0 0 0 13 47 67 17 0 10 12 14 8 48 0 1 0 0 0 0 0 0 0 0 0 0 0 0 0 0 0 0 0 0 0 0 0 0 0 0 0 0 0 0 0 0 0 0 0 0 0 0 0 11 0 0 0 0 0 0 0 0 0 0 0 0 0 9 17 0 0 0 1 0 0 0 0 1 37 27 0 0 0 34 21 61 0 10 0 0 29 32 20 25 0 0 0 0 0 0 0 0 0 0 0 0 0 0 0 0 0 0 0 0 0 0 0 0 0 0 0 0 0 0 0 0 11 0 0 0 0 16 0 0 0 0 11 0 0 0 0 0 0 0 0 0 0 0 0 0 0 0 0 0 0 0 0 20 0 0 0 0 5 0 0 4 0 12 0 0 0 0 0 0 0 0 0 0 12 0 0 0 0 0 0 0 0 0 0 0 0 25 16 13 0 0 0 0 0 0 0 0 0 0 0 0 
 91 301 201 360 68 145 168 43 323 390 410 86 34 58 64 387 0 624 33 38 0 0 2 3 2 3 207 45 3 0 0 3 0 0 0 0 5 0 0 0 0 0 0 0 3 14 0 2 0 0 0 0 0 3 3 3 2 1 0 0 0 6 1 2 2 0 0 2 0 3 0 0 0 3 6 1 0 0 0 3 0 11 13 37 34 0 0 0 12 57 47 17 0 0 20 32 8 40 0 0 0 0 0 0 0 0 0 0 0 0 0 0 0 0 0 0 2 0 0 0 0 0 0 0 0 0 0 0 0 0 0 0 0 0 0 0 0 32 0 0 0 0 0 0 0 0 0 0 0 0 0 0 5 0 0 0 1 0 0 0 5 14 11 25 0 4 0 6 13 46 0 14 0 0 14 64 41 69 0 0 0 0 0 0 0 0 0 0 0 0 0 0 0 0 0 0 0 0 1 0 0 0 0 0 0 0 0 0 0 0 16 0 0 2 0 0 0 0 0 0 2 2 0 0 0 0 0 0 0 0 0 1 0 0 0 0 0 0 23 0 0 0 0 0 0 2 90 1 4 0 0 16 12 0 0 0 1 0 0 0 0 0 5 0 0 0 0 0 0 0 0 0 0 0 0 34 17 10 0 0 0 0 0 0 0 0 0 0 0 0 
 29 62 395 611 47 61 540 29 340 355 579 77 58 473 53 306 624 0 250 38 0 0 1 3 3 2 2 0 2 76 0 3 0 0 1 0 2 0 1 0 0 0 0 0 3 7 5 4 0 0 0 0 0 65 3 3 0 0 0 0 0 3 0 0 22 2 0 2 0 3 0 0 0 3 2 0 0 0 0 0 0 1 22 32 78 0 0 0 14 69 41 43 0 0 0 0 27 48 0 0 0 0 0 0 0 0 0 0 0 0 1 0 0 0 17 0 0 0 0 0 0 0 9 0 0 0 0 0 0 0 0 0 0 0 0 0 0 0 0 0 0 0 0 0 0 0 0 6 0 0 0 0 3 0 0 0 0 0 0 0 0 0 14 45 0 0 0 5 0 39 33 9 0 0 0 45 16 31 0 0 0 0 0 0 0 0 0 0 0 0 0 0 0 0 0 0 0 0 18 0 0 0 0 0 0 0 0 0 0 0 0 0 0 0 15 0 0 0 0 0 0 0 0 0 0 0 0 0 0 0 0 0 0 0 0 0 0 0 0 0 0 0 0 0 0 1 193 0 0 178 0 9 9 0 0 0 0 0 0 0 0 0 13 0 0 0 0 0 0 0 0 0 0 0 0 18 12 9 0 0 0 0 0 0 0 0 0 0 0 0 
 39 55 54 56 270 39 54 44 53 40 37 240 505 604 59 23 33 250 0 191 2 0 0 3 3 4 0 0 1 0 2 63 0 0 2 0 2 0 0 0 2 0 0 0 3 3 1 3 0 0 0 0 0 2 3 6 1 0 0 1 0 3 0 0 0 0 0 2 0 2 0 0 3 3 3 0 0 0 3 0 33 0 1 0 0 0 73 3 0 0 0 0 42 12 18 0 0 0 21 41 0 0 0 0 2 0 0 0 0 0 0 0 17 0 0 0 0 0 0 0 0 49 0 0 0 0 0 2 0 0 0 0 0 0 0 0 0 0 0 33 0 0 1 1 0 0 0 0 0 0 0 0 0 0 0 0 0 0 0 0 21 0 1 0 0 0 41 1 24 0 0 0 24 10 1 0 0 0 25 38 1 0 1 0 0 0 0 1 0 1 0 1 0 6 0 0 0 0 0 0 0 0 0 0 0 0 0 0 0 0 0 0 0 0 0 0 0 0 0 0 0 0 0 2 0 0 0 0 0 0 0 0 0 0 0 0 0 0 2 0 0 0 0 0 0 1 0 0 3 1 0 5 0 0 0 0 0 0 0 0 0 0 0 0 0 0 2 0 0 0 0 0 0 0 0 0 0 0 0 0 0 0 0 0 0 0 0 0 0 0 
 301 52 256 278 70 55 243 43 289 96 63 31 335 393 196 61 38 38 191 0 2 0 0 3 3 2 0 0 1 0 0 3 0 0 0 0 2 0 0 0 0 0 0 1 3 3 1 3 0 0 0 0 0 2 3 3 1 0 0 1 0 3 2 0 0 0 0 2 41 3 0 0 2 3 2 0 0 0 0 0 70 22 24 0 0 0 28 40 34 0 0 0 11 19 16 31 1 1 0 67 0 0 0 0 0 0 0 0 0 0 0 0 0 0 0 0 0 0 0 0 0 0 0 0 0 0 0 0 0 0 0 0 8 0 19 0 0 0 0 0 0 0 2 12 0 16 0 0 0 0 0 4 0 0 0 0 0 0 0 0 29 34 23 0 0 0 36 34 1 0 0 0 21 40 21 0 0 0 0 0 0 0 0 0 0 0 0 0 0 0 0 0 0 0 0 0 0 0 0 0 0 0 0 0 0 0 0 0 0 8 0 0 0 0 0 0 0 0 0 0 0 0 0 0 0 0 0 0 0 0 0 0 0 0 0 0 0 0 0 0 0 0 0 0 0 0 1 0 0 0 0 10 0 0 0 0 0 0 0 0 0 0 0 40 0 0 0 0 0 0 56 0 0 0 0 0 0 0 0 0 0 0 0 0 0 0 0 0 0 0 
 0 0 0 2 0 0 0 0 0 0 0 0 2 0 1 0 0 0 2 2 0 93 278 35 32 48 460 419 32 93 36 27 36 148 579 37 163 39 48 192 0 0 0 0 0 0 4 2 0 0 0 0 0 0 0 2 0 3 0 0 3 11 0 0 0 1 3 0 0 0 52 0 3 3 0 0 0 44 0 0 0 0 0 0 0 0 0 0 0 0 0 0 0 0 1 0 0 2 0 0 18 51 50 0 0 0 14 25 56 1 0 0 0 17 63 47 7 11 0 12 0 0 2 0 0 0 0 0 8 0 0 0 0 0 0 0 0 9 0 0 0 2 0 0 3 0 0 0 0 0 0 0 0 0 6 0 0 0 0 1 0 0 0 0 0 0 0 0 0 0 0 9 0 0 0 4 0 1 2 0 34 57 54 0 1 0 12 37 23 4 0 0 9 12 34 42 9 7 0 0 0 2 0 0 0 0 0 0 0 0 0 0 0 0 0 0 0 11 0 0 0 0 0 11 0 0 0 0 1 0 0 0 0 0 0 0 0 0 0 0 0 0 0 0 0 0 0 0 0 1 0 0 0 0 3 0 0 0 0 0 3 0 1 0 0 0 0 0 0 0 0 0 0 0 0 0 0 0 0 0 0 0 0 0 0 0 1 0 0 0 
 0 0 1 0 0 0 0 75 0 0 0 0 0 2 0 0 0 0 0 0 93 0 459 72 43 175 65 398 389 39 35 263 62 500 383 353 328 47 268 124 0 0 0 0 0 0 4 2 0 2 0 0 0 0 0 2 0 6 0 2 3 0 0 0 0 0 3 0 0 0 0 0 0 2 0 2 0 0 0 5 0 9 0 0 0 0 0 0 0 0 0 1 11 0 0 0 0 0 2 1 1 54 67 0 0 0 0 0 21 51 40 4 0 15 2 21 81 76 1 0 0 0 0 0 0 0 0 0 0 0 0 0 0 0 0 0 0 0 0 0 0 0 0 1 6 0 0 0 0 0 0 0 0 5 0 0 0 0 2 1 0 0 0 0 0 0 0 0 0 0 0 5 0 0 0 0 0 0 0 0 1 15 69 56 7 0 0 2 24 42 62 4 1 12 36 20 75 13 0 2 0 0 0 0 16 0 0 0 2 0 2 0 0 0 0 2 0 0 0 0 0 0 0 0 0 0 0 0 0 0 0 0 2 1 0 0 0 2 0 0 0 0 20 0 0 0 0 0 0 0 0 0 0 0 13 0 0 1 0 0 1 8 0 0 0 0 1 0 0 0 0 0 0 0 0 0 0 0 0 0 0 4 0 0 0 0 13 0 0 0 
 0 0 2 0 0 0 0 3 2 0 3 0 0 26 0 0 2 1 0 0 278 459 0 126 122 42 66 87 187 380 276 30 59 77 87 245 216 568 28 39 3 2 1 1 1 1 6 35 0 4 1 4 2 2 2 38 1 5 1 2 3 0 0 0 0 2 0 0 46 3 0 0 2 5 2 2 0 0 2 1 11 0 1 0 0 0 0 8 0 0 0 0 0 0 70 0 0 0 2 0 1 0 19 25 10 0 0 0 0 60 33 25 2 0 2 13 32 97 0 0 0 0 0 3 0 0 0 0 0 0 0 0 0 0 0 0 0 0 0 0 1 0 0 6 3 1 0 0 0 0 0 7 0 27 0 2 0 0 2 0 0 0 0 8 0 0 0 0 0 0 0 0 0 0 0 0 0 0 0 0 0 0 25 55 27 0 0 2 39 49 51 14 0 3 0 6 81 34 1 2 0 0 6 0 0 0 0 0 2 0 2 0 0 0 0 2 0 0 0 0 0 0 0 15 0 0 0 0 0 0 0 0 2 2 0 0 0 2 0 0 0 0 20 0 0 0 0 0 0 1 0 0 0 0 9 0 0 19 3 15 8 6 0 0 0 0 9 0 0 0 0 0 0 0 0 0 0 0 0 0 0 18 0 0 2 0 12 0 0 0 
 3 6 3 3 3 7 3 3 3 3 3 3 37 3 3 3 3 3 3 3 35 72 126 0 82 33 93 54 115 386 282 375 35 110 74 65 98 349 92 65 0 4 0 6 0 0 9 32 0 0 0 62 0 0 2 2 0 7 0 0 3 0 0 0 0 1 0 0 6 10 4 0 6 3 0 0 4 0 2 2 0 0 0 0 0 16 0 0 0 0 0 2 0 0 0 0 0 0 1 2 2 0 23 94 31 0 0 0 0 12 15 41 0 0 1 0 0 0 2 0 0 0 0 0 0 0 0 0 0 0 0 0 0 0 0 0 0 0 21 1 9 0 0 4 0 0 0 0 0 35 0 0 0 0 5 0 0 0 0 0 0 0 0 0 5 0 0 14 3 0 0 0 0 0 0 0 0 0 0 8 0 0 0 35 14 30 0 1 18 13 2 37 0 0 14 0 0 79 0 1 0 0 0 0 0 0 0 0 1 0 0 0 2 0 0 1 0 0 60 0 0 0 0 0 0 0 0 0 0 0 2 0 14 14 0 0 0 1 0 0 0 0 0 0 0 0 0 0 0 0 0 0 0 0 7 0 0 55 90 2 8 0 0 0 0 0 0 0 0 0 0 0 0 0 0 0 0 0 0 0 0 9 0 0 0 0 0 0 0 15 
 2 3 3 6 4 3 4 3 3 3 2 3 8 3 2 2 2 3 3 3 32 43 122 82 0 378 27 70 353 79 105 395 49 63 45 61 272 35 75 57 0 0 0 0 3 3 1 5 6 0 3 4 1 1 0 0 1 6 0 0 0 0 0 1 0 2 0 0 28 12 0 2 0 0 3 0 0 1 0 50 0 0 0 0 0 0 0 0 0 0 0 0 0 2 0 0 0 0 0 0 0 0 0 0 21 24 0 0 0 0 1 2 0 0 0 0 0 1 0 0 1 0 0 1 0 0 12 1 0 0 0 0 47 8 1 0 0 0 14 14 4 0 0 0 0 0 0 0 0 4 0 0 0 21 9 0 0 0 0 0 2 0 0 0 0 0 0 0 0 0 0 0 0 0 0 0 0 0 0 3 0 0 0 0 18 26 0 0 0 0 1 10 0 0 6 0 0 0 0 0 0 0 0 0 0 0 37 0 0 0 0 0 40 0 0 0 9 0 34 37 0 0 0 20 0 0 0 2 0 0 2 0 0 0 0 0 0 0 2 0 0 0 1 0 0 0 0 0 0 0 0 0 0 0 13 2 5 5 2 1 2 0 0 0 0 0 0 0 0 0 0 2 0 0 0 0 0 0 0 0 0 0 0 15 34 0 0 0 0 0 
 2 2 8 4 2 2 2 3 2 4 2 2 4 2 2 2 3 2 4 2 48 175 42 33 378 0 81 34 71 57 66 54 19 48 262 87 65 290 47 336 2 7 0 0 0 0 5 7 4 0 0 0 0 8 0 2 0 6 191 2 3 3 0 2 2 1 0 0 0 42 0 0 0 3 3 2 0 0 0 3 0 0 0 0 0 0 0 2 0 1 0 0 2 0 0 0 0 0 0 0 0 0 0 0 3 40 0 0 0 0 0 0 0 3 0 0 0 0 0 0 20 1 0 0 0 0 35 16 12 2 0 0 45 37 0 0 0 0 27 6 0 0 0 0 0 0 0 0 0 5 0 2 0 0 0 0 20 0 0 0 0 0 0 0 0 0 0 0 0 0 1 0 0 0 0 0 0 0 0 1 0 0 0 0 12 26 0 0 0 0 0 0 0 0 0 0 0 0 0 0 40 0 0 0 0 0 40 1 0 0 0 1 64 0 18 0 14 0 12 42 1 1 0 0 0 0 0 0 0 0 0 0 0 0 0 0 0 0 0 0 0 0 0 0 0 0 0 2 0 0 0 0 0 0 12 1 1 1 0 0 1 0 0 0 2 0 0 0 0 0 0 0 0 0 0 0 0 0 0 0 0 0 0 0 0 0 0 0 0 0 
 0 1 0 0 0 2 0 0 0 0 0 0 2 0 0 0 207 2 0 0 460 65 66 93 27 81 0 300 46 29 443 27 398 391 23 32 77 237 67 481 0 0 0 0 0 0 3 1 0 0 0 0 0 0 0 2 0 3 0 0 3 8 0 0 2 2 5 0 0 46 0 0 13 3 0 0 0 0 5 1 0 0 0 0 0 0 0 0 0 0 0 0 0 0 0 0 0 0 0 0 46 10 40 0 0 0 39 38 45 0 0 0 7 49 42 43 0 0 0 9 0 0 0 0 0 0 0 0 0 0 0 0 0 0 0 0 0 0 0 0 0 0 0 0 2 0 14 0 0 0 0 0 0 0 0 6 0 0 0 5 0 0 0 0 0 0 0 0 0 0 0 10 0 10 0 6 0 0 0 0 71 21 30 0 0 0 10 60 13 0 0 0 22 41 40 55 9 0 9 0 0 21 0 0 0 0 0 0 0 0 0 0 0 0 0 0 0 0 0 0 0 0 0 0 0 0 0 0 0 0 0 0 0 0 0 0 0 0 0 0 0 0 0 0 0 0 0 0 0 0 0 0 0 0 19 0 0 0 0 0 1 2 0 0 0 0 0 0 0 0 0 0 0 0 0 0 0 0 0 0 0 1 0 0 0 0 0 0 0 0 
 0 0 0 1 0 0 78 0 0 0 0 0 0 0 0 75 45 0 0 0 419 398 87 54 70 34 300 0 70 54 39 37 163 469 377 64 40 37 70 396 2 0 0 0 3 0 3 2 3 0 0 0 0 3 0 2 0 4 0 0 3 2 0 0 0 12 3 0 0 2 0 0 3 3 3 1 0 0 0 43 0 0 0 0 0 0 0 0 0 0 1 0 0 0 0 0 0 0 0 0 23 42 39 0 0 0 0 9 21 13 0 0 0 37 29 43 18 63 0 0 0 0 0 0 0 0 0 0 0 0 2 0 0 0 0 0 0 2 0 0 0 0 0 0 9 0 0 0 0 0 0 0 0 0 0 0 0 0 0 0 0 0 0 0 0 0 0 0 0 8 0 4 0 0 0 2 0 0 0 0 16 11 40 12 0 0 0 52 53 54 1 0 0 15 66 92 63 28 0 0 0 0 0 0 0 0 0 2 0 0 0 0 1 0 0 0 2 0 0 1 0 0 0 0 0 2 0 0 0 2 0 0 0 0 0 0 0 0 0 0 0 0 0 0 0 0 0 0 0 0 0 0 0 0 12 0 0 0 0 2 0 0 0 0 0 0 10 0 0 0 0 0 0 0 0 0 0 0 0 0 0 8 0 0 0 0 18 0 0 0 
 3 79 1 1 1 1 1 1 4 1 3 3 7 2 3 3 3 2 1 1 32 389 187 115 353 71 46 70 0 372 50 323 63 107 87 199 243 351 86 57 0 0 0 39 0 0 3 15 0 0 0 0 0 0 0 2 0 4 0 0 3 0 0 0 0 1 0 0 0 0 0 0 0 3 0 0 0 0 0 63 0 13 1 0 0 0 0 0 0 0 0 0 0 0 0 0 0 0 0 0 0 0 23 31 13 0 0 0 0 54 35 20 0 0 0 14 35 102 0 0 0 0 0 0 2 0 0 0 0 0 0 2 0 2 0 30 0 0 4 0 1 0 0 9 3 2 0 0 0 0 0 0 0 0 14 1 0 0 0 12 0 0 0 0 0 0 0 0 0 0 0 0 0 0 0 0 0 0 0 0 0 0 17 82 5 0 0 0 38 56 94 12 0 0 0 6 51 26 1 0 0 0 0 0 12 0 0 0 0 0 0 0 0 0 0 0 0 0 1 0 0 0 0 0 0 0 0 0 0 0 0 2 0 0 0 0 2 0 19 0 0 0 16 0 0 0 0 0 0 0 0 0 0 0 18 4 1 4 6 2 12 5 0 0 0 0 9 0 0 0 0 0 0 0 0 0 0 0 0 0 0 18 0 0 0 0 12 0 0 0 
 1 0 0 0 0 2 0 3 0 0 0 0 0 0 0 1 0 76 0 0 93 39 380 386 79 57 29 54 372 0 393 43 54 135 119 422 287 134 81 62 1 5 3 5 0 4 75 9 0 62 0 0 0 0 0 2 2 4 3 0 3 0 0 2 0 1 0 0 8 6 7 3 5 3 3 0 4 0 1 2 0 0 0 0 0 0 0 0 0 0 0 0 0 0 0 0 0 0 0 0 3 0 0 65 15 0 0 0 1 64 49 54 0 0 0 0 26 22 20 0 0 0 8 1 0 0 0 0 0 0 0 0 1 0 0 0 0 0 23 0 0 0 0 4 0 0 0 0 0 0 0 0 0 0 0 0 0 0 0 0 0 0 1 0 6 0 0 0 7 0 0 0 0 0 0 0 0 0 0 0 0 0 0 31 15 11 0 0 34 17 79 43 0 0 0 0 25 47 0 0 0 0 0 1 0 4 1 0 0 0 0 0 1 0 10 0 0 0 17 0 0 0 0 0 0 0 0 0 0 2 0 0 0 0 0 0 0 0 2 0 0 0 15 0 0 0 0 0 0 0 0 0 0 0 5 0 0 160 149 1 8 8 0 0 0 0 0 0 0 0 0 0 0 0 0 0 0 0 0 0 0 17 0 0 0 0 0 0 0 0 
 0 0 2 0 0 0 0 0 0 2 0 0 3 2 0 0 0 0 2 0 36 35 276 282 105 66 443 39 50 393 0 373 34 43 105 68 168 401 52 60 0 0 0 0 0 0 3 5 0 0 0 0 1 0 0 2 0 11 0 0 3 0 0 0 0 0 0 57 0 5 49 0 1 3 0 0 0 0 0 0 1 0 0 0 0 0 1 2 0 0 0 0 2 0 0 0 0 0 0 0 0 0 0 47 38 1 0 0 0 17 23 48 0 0 0 0 2 1 0 0 0 0 0 0 0 10 2 1 11 2 0 0 0 0 0 0 0 0 19 0 16 0 0 2 0 0 0 0 0 3 0 2 0 0 3 0 0 0 0 0 0 0 0 0 8 0 0 0 6 0 0 0 0 0 0 0 0 0 0 10 0 0 0 19 31 16 0 0 8 0 2 50 0 0 0 0 0 29 0 0 0 0 0 0 0 0 0 0 0 0 0 0 1 0 0 0 0 0 52 0 1 1 0 0 0 0 0 0 0 0 0 0 0 0 0 0 0 10 0 0 0 0 1 0 0 0 0 0 0 0 0 0 0 0 9 0 0 51 19 2 13 3 64 0 0 13 0 0 0 0 0 0 0 1 0 0 0 0 0 0 0 11 0 0 0 0 0 0 0 0 
 3 3 3 3 5 3 3 3 3 92 3 3 6 3 3 3 3 3 63 3 27 263 30 375 395 54 27 37 323 43 373 0 58 246 35 26 81 102 47 34 0 0 0 0 0 0 4 9 7 0 0 0 0 0 0 2 0 14 0 0 3 0 0 0 0 0 0 0 0 40 0 0 0 3 0 0 0 0 0 0 0 0 0 0 0 0 0 0 0 0 0 0 0 1 0 0 0 0 0 0 0 0 0 36 13 24 0 0 0 1 43 41 0 0 0 0 0 0 0 0 0 0 0 1 0 0 17 0 0 0 0 0 8 1 0 15 0 0 66 10 10 0 0 0 0 0 0 0 0 9 0 0 0 0 2 0 0 0 0 0 1 0 0 0 4 0 0 0 2 0 0 0 0 0 0 0 2 0 0 4 0 0 0 17 25 32 0 0 1 0 0 36 0 0 0 0 0 18 0 0 0 0 0 0 0 0 15 0 0 0 0 0 50 0 0 0 0 0 19 3 0 0 0 0 0 0 0 0 0 0 1 0 0 0 0 0 0 0 23 0 0 0 0 0 0 2 0 0 0 0 0 0 0 0 9 1 0 151 151 3 0 0 0 0 0 0 0 0 0 0 0 1 0 0 0 0 0 0 0 0 0 0 0 8 0 0 0 0 0 0 
 1 0 0 0 0 4 0 1 1 0 2 0 0 0 0 2 0 0 0 0 36 62 59 35 49 19 398 163 63 54 34 58 0 89 61 37 95 122 333 220 0 0 0 0 0 0 4 3 0 0 0 0 0 0 0 2 0 5 0 0 3 5 0 0 2 1 1 0 0 0 0 114 4 3 0 0 0 0 0 0 0 0 0 0 0 11 0 0 0 0 2 0 0 0 0 0 0 0 0 0 15 5 0 0 0 0 32 34 48 0 0 0 84 25 31 1 1 0 28 33 0 0 0 0 0 0 0 0 0 0 1 0 0 0 0 0 0 2 0 0 0 0 0 0 1 0 13 0 0 0 0 5 0 0 0 3 0 0 0 17 0 0 0 0 0 0 0 0 0 0 0 0 0 5 0 33 0 0 0 0 36 61 22 0 0 0 29 36 0 0 0 0 10 52 43 0 4 0 4 28 0 0 0 0 0 0 0 0 0 0 0 0 0 0 0 0 1 0 0 2 0 0 2 0 0 1 0 0 0 0 0 0 0 0 0 0 0 0 0 0 0 0 0 0 0 2 0 0 0 0 0 0 0 0 13 11 0 0 0 0 0 0 0 0 0 0 0 0 0 0 0 0 0 0 0 0 0 0 0 0 0 0 0 0 0 0 0 0 0 0 
 0 0 0 0 0 0 2 4 0 0 0 1 0 0 0 1 0 0 0 0 148 500 77 110 63 48 391 469 107 135 43 246 89 0 515 138 48 144 93 263 0 2 0 0 0 3 4 2 0 3 0 1 0 0 0 2 0 3 0 0 4 5 0 0 0 3 4 0 0 0 0 0 5 3 0 0 0 0 0 4 0 0 0 0 0 0 0 0 1 9 0 0 0 0 0 0 0 0 2 0 20 36 29 0 0 0 15 15 26 0 0 0 2 27 39 31 7 13 0 9 0 0 0 0 0 0 0 0 0 0 0 0 0 0 0 0 0 0 0 0 0 0 0 0 5 0 0 0 0 0 0 0 0 0 12 1 0 0 2 2 0 0 0 0 0 0 0 0 0 0 0 5 0 0 0 2 0 0 0 0 19 37 42 0 0 0 11 39 1 1 0 10 11 11 65 25 13 7 1 3 0 0 0 0 0 0 0 0 2 0 2 0 0 0 0 2 0 0 0 0 0 0 0 0 0 0 0 0 0 0 0 0 2 2 0 0 0 2 0 0 0 0 0 0 0 1 0 0 0 0 0 0 0 0 21 0 2 0 2 0 3 0 0 0 0 0 1 0 0 0 0 0 0 0 0 0 0 0 0 0 0 0 0 0 0 0 4 0 0 0 
 0 3 2 74 0 0 7 0 0 2 0 0 0 0 0 0 0 1 2 0 579 383 87 74 45 262 23 377 87 119 105 35 61 515 0 97 58 33 54 80 0 0 0 0 0 0 5 1 0 0 0 0 0 0 2 4 0 6 0 0 3 0 0 1 0 2 0 0 0 0 0 0 0 2 0 2 0 0 0 3 1 0 0 0 0 0 1 2 3 0 0 0 2 0 0 0 0 0 0 0 19 32 58 0 2 0 1 14 35 12 1 0 0 25 27 55 20 60 0 0 0 0 0 0 0 0 2 0 0 2 6 0 0 0 0 0 0 0 0 0 0 0 0 0 4 0 0 0 0 0 0 2 0 0 0 0 0 0 0 0 0 0 0 0 0 0 0 0 0 0 0 5 0 0 0 0 0 0 0 0 15 10 31 11 0 0 0 29 37 37 1 0 0 39 33 50 67 9 0 0 0 0 0 0 0 0 0 0 0 0 0 0 0 0 0 0 0 0 0 0 1 1 0 1 0 0 0 0 0 0 0 0 0 0 0 0 0 25 0 0 0 0 22 0 0 0 0 0 0 0 0 0 0 0 7 1 1 0 0 2 2 0 0 0 0 0 11 0 0 0 0 0 0 0 0 0 0 0 0 0 0 7 0 0 0 0 12 0 0 0 
 0 1 0 0 0 0 0 1 0 0 0 0 0 0 0 0 0 0 0 0 37 353 245 65 61 87 32 64 199 422 68 26 37 138 97 0 236 356 36 56 0 0 53 0 0 0 3 12 0 0 0 0 0 0 0 2 0 5 0 0 3 0 0 0 0 2 0 0 0 0 0 0 0 3 0 0 0 0 0 7 0 0 0 0 0 0 0 0 0 0 0 0 0 0 0 0 0 0 0 0 0 0 18 30 11 1 0 0 7 47 26 11 0 0 0 16 45 39 0 0 0 2 0 0 0 0 0 0 0 0 0 0 8 0 0 0 2 0 5 0 0 0 0 9 0 9 0 0 0 0 0 0 0 0 1 0 0 0 0 0 0 0 0 2 0 0 0 0 0 0 0 0 0 0 0 0 0 0 0 0 0 1 19 26 4 0 0 0 44 49 35 12 0 0 0 14 47 60 0 0 0 0 0 0 0 0 0 0 0 0 0 0 0 0 0 0 0 0 1 0 0 0 0 0 0 0 0 0 0 0 0 0 0 0 0 1 0 0 0 0 0 0 17 0 0 0 0 0 0 0 0 0 0 0 10 1 0 3 4 4 12 10 0 0 0 0 17 0 0 0 0 0 0 0 0 0 0 0 0 0 0 19 0 0 0 0 15 0 0 1 
 3 4 4 2 2 2 6 3 4 2 3 4 4 2 4 3 5 2 2 2 163 328 216 98 272 65 77 40 243 287 168 81 95 48 58 236 0 338 25 17 0 0 1 3 0 2 3 5 1 0 0 0 0 0 0 3 0 3 0 0 3 0 0 0 0 0 1 0 0 0 0 1 0 2 51 0 0 0 0 5 0 0 0 0 0 0 0 0 0 0 0 0 0 0 2 0 0 0 0 0 0 1 3 38 27 1 0 1 2 44 71 34 0 1 0 18 45 43 0 0 0 0 0 0 0 1 6 0 0 0 0 0 0 0 2 0 1 0 2 1 0 0 0 3 2 0 0 0 1 0 1 0 0 15 1 0 0 0 0 1 0 0 9 0 5 0 0 0 3 0 0 2 0 0 0 0 0 0 0 0 2 0 2 23 8 0 0 0 30 18 48 25 1 5 3 27 43 30 0 0 9 0 0 0 0 0 0 0 0 1 0 0 0 0 0 0 0 0 0 0 0 0 0 1 0 0 0 0 0 0 0 0 0 0 0 0 0 0 0 0 0 0 12 0 0 0 0 0 0 0 0 0 0 0 10 0 0 0 75 0 8 8 0 0 0 0 9 0 0 0 0 0 0 0 0 0 0 0 0 0 0 17 0 0 2 0 14 0 0 0 
 0 4 0 0 0 2 2 4 4 0 0 81 0 0 1 0 0 0 0 0 39 47 568 349 35 290 237 37 351 134 401 102 122 144 33 356 338 0 23 39 0 0 0 0 0 3 4 7 0 2 7 0 2 0 0 4 3 5 3 0 7 3 0 0 0 5 0 0 0 12 0 54 3 3 0 0 0 4 0 2 0 0 0 0 0 0 0 0 0 0 0 0 0 0 2 0 0 0 0 0 11 0 0 53 13 0 0 0 7 46 48 73 0 0 0 0 24 15 0 1 0 0 0 0 0 0 0 0 0 0 0 0 0 0 2 0 0 0 33 0 0 0 0 3 0 0 0 0 3 0 0 0 0 0 0 0 0 2 0 0 0 0 0 0 5 17 0 10 21 0 0 2 0 0 0 0 0 0 0 0 0 0 0 25 27 12 0 0 14 12 97 55 2 2 0 0 13 67 0 0 0 0 0 0 0 0 1 0 0 0 0 0 0 0 0 0 0 0 10 1 0 0 0 2 0 0 0 0 0 0 0 0 0 0 0 0 0 0 0 0 0 0 15 0 0 0 2 0 0 0 0 0 0 0 17 5 4 149 146 3 4 13 0 0 0 0 0 0 0 0 0 0 0 0 0 0 0 0 0 0 0 11 0 0 2 0 0 0 0 0 
 1 2 0 0 0 251 2 0 2 2 0 0 2 0 0 0 0 1 0 0 48 268 28 92 75 47 67 70 86 81 52 47 333 93 54 36 25 23 0 201 2 0 0 0 1 200 2 200 0 0 0 0 0 0 0 202 0 3 0 0 55 0 0 0 2 1 6 0 0 0 0 0 0 3 3 1 0 0 0 0 0 0 0 0 0 26 0 0 0 0 0 0 0 0 2 9 0 0 0 0 13 0 0 0 0 0 18 19 23 1 0 0 15 17 0 0 0 0 22 34 0 0 0 0 0 1 0 0 1 0 9 0 0 0 2 0 0 0 0 1 0 0 0 0 0 0 1 0 2 0 1 0 0 1 0 3 0 2 0 0 0 0 0 0 12 14 0 0 0 0 0 2 0 7 0 5 0 0 0 0 1 0 0 0 0 0 19 1 0 14 0 0 14 43 19 0 0 0 7 36 0 0 0 0 0 0 0 0 0 0 0 0 0 0 0 0 0 0 0 0 0 0 0 16 0 0 0 1 0 0 0 0 0 0 0 0 0 0 0 0 0 0 0 0 0 0 0 0 0 0 0 0 0 8 11 2 1 0 0 0 2 0 0 0 0 63 0 0 0 10 0 0 0 0 0 0 0 0 0 0 0 0 0 0 2 0 0 0 0 0 
 0 0 0 0 0 0 0 1 0 0 0 3 2 1 0 1 0 0 0 0 192 124 39 65 57 336 481 396 57 62 60 34 220 263 80 56 17 39 201 0 0 0 0 2 0 0 3 1 0 0 0 0 0 0 0 2 0 3 0 0 3 8 0 0 1 0 4 0 48 0 0 0 33 3 0 0 0 0 0 0 0 0 1 0 0 56 0 0 0 55 0 0 0 0 0 0 0 0 0 0 47 10 70 0 0 0 27 32 52 0 0 0 30 36 76 13 0 0 0 14 0 0 0 0 2 0 0 0 0 0 0 2 0 2 0 2 0 0 1 0 0 0 0 0 2 2 21 0 6 0 0 0 0 0 12 4 0 0 0 5 0 0 0 1 0 0 1 0 0 0 0 8 0 8 0 24 0 0 0 0 56 38 11 0 0 0 16 54 18 0 0 0 17 30 29 0 7 0 10 10 0 0 0 0 0 0 0 0 0 0 0 0 0 0 0 0 0 0 0 0 0 0 0 0 0 0 0 0 0 0 0 2 0 0 0 0 2 0 0 0 0 0 0 0 0 0 0 0 0 0 0 0 0 0 5 2 2 0 0 0 0 0 0 0 0 0 0 0 0 0 0 0 0 0 0 0 0 8 0 0 0 0 0 0 0 0 0 0 0 0 
 2 0 0 0 0 0 0 0 0 42 0 0 0 0 0 0 0 0 2 0 0 0 3 0 0 2 0 2 0 1 0 0 0 0 0 0 0 0 2 0 0 285 75 52 48 36 246 264 47 49 25 49 71 195 294 115 55 41 43 107 5 0 0 0 0 17 6 0 0 0 0 0 5 2 0 0 0 0 8 6 9 0 0 0 0 0 0 0 6 0 0 0 0 0 0 0 0 0 0 0 0 0 0 0 0 9 0 0 0 0 0 0 0 0 0 0 0 0 0 0 23 25 29 1 0 0 7 12 33 7 0 0 0 19 33 37 8 0 0 0 0 6 9 0 0 0 0 2 0 0 0 0 0 3 0 0 0 0 0 0 5 0 0 0 0 0 28 0 0 0 0 0 0 0 0 0 0 0 0 0 0 0 0 0 0 0 0 0 0 0 0 0 0 0 0 0 0 0 0 0 14 12 19 0 0 0 0 15 27 30 0 0 0 4 20 20 16 32 22 0 8 9 2 0 0 0 6 7 0 0 0 0 1 5 0 8 0 0 0 0 0 0 0 0 0 0 0 0 0 31 0 4 0 1 0 0 0 0 0 2 0 0 0 0 2 2 0 0 0 0 0 0 0 0 0 0 0 0 0 0 0 0 0 0 0 0 0 0 1 0 
 0 43 0 0 0 0 0 0 3 0 0 0 0 0 0 0 0 0 0 0 0 0 2 4 0 7 0 0 0 5 0 0 0 2 0 0 0 0 0 0 285 0 383 46 49 246 101 225 248 41 16 20 67 139 327 195 349 45 54 36 0 1 0 0 0 20 0 0 0 0 2 1 0 2 0 0 0 0 2 0 0 0 0 0 0 0 0 0 0 0 0 0 0 0 0 0 0 0 0 0 0 0 0 0 0 0 0 0 0 0 11 0 0 26 0 0 0 0 0 0 1 53 19 10 0 0 0 0 2 22 1 2 0 0 14 26 33 33 0 0 0 0 0 0 0 0 1 0 0 0 0 0 0 0 0 0 0 0 0 0 1 0 0 0 0 0 0 0 0 0 0 0 0 0 0 0 0 2 0 0 0 16 0 0 0 0 0 0 0 0 0 0 0 0 0 19 16 0 0 0 0 15 29 32 3 0 0 0 16 21 11 0 0 0 13 28 19 69 0 0 0 0 0 0 0 0 0 0 0 0 0 0 0 0 0 0 0 0 3 0 0 0 7 0 0 0 0 0 0 0 0 5 0 0 0 0 0 0 0 0 0 0 2 0 0 1 3 0 0 0 0 0 0 0 0 0 0 0 0 0 0 0 0 0 0 15 0 0 0 3 
 0 0 0 0 0 0 1 2 0 0 0 0 0 0 0 0 0 0 0 0 0 0 1 0 0 0 0 0 0 3 0 0 0 0 0 53 1 0 0 0 75 383 0 134 45 55 71 92 420 313 43 53 92 317 73 196 151 241 85 50 0 0 0 54 0 0 0 0 4 0 0 0 0 0 0 5 0 0 52 2 0 0 0 0 0 0 0 0 0 0 0 0 0 0 0 0 0 0 0 0 0 0 0 0 0 0 0 9 0 0 0 0 0 0 0 0 0 0 0 0 1 22 22 43 15 0 0 0 5 35 56 36 0 0 13 3 26 32 0 4 0 0 0 0 0 0 12 0 0 0 0 0 0 0 0 0 0 0 0 0 0 0 0 0 0 0 0 0 0 0 0 0 0 0 0 0 0 10 0 0 0 0 0 0 0 15 0 0 0 0 0 13 0 1 0 0 0 0 0 0 3 26 32 41 11 1 0 0 9 30 13 10 0 2 17 24 10 17 0 0 19 0 0 0 0 0 0 0 0 0 0 0 0 0 0 0 0 0 23 0 0 0 9 0 0 0 0 0 0 0 0 9 0 0 2 0 0 0 0 16 0 0 3 4 0 1 2 3 0 0 10 0 0 0 0 0 0 0 0 0 0 0 0 0 4 24 0 0 0 13 
 0 0 0 0 0 0 0 0 0 0 0 0 0 0 0 0 0 0 0 1 0 0 1 6 0 0 0 0 39 5 0 0 0 0 0 0 3 0 0 2 52 46 134 0 85 74 308 71 76 303 181 249 66 90 72 41 49 283 91 69 4 0 0 0 4 6 0 0 2 6 0 0 0 53 2 6 1 2 2 62 0 0 0 0 0 0 0 0 0 0 0 0 0 0 0 0 0 0 0 0 0 0 0 0 0 0 0 0 0 0 0 0 0 0 0 0 0 0 0 0 0 1 10 21 63 18 0 0 4 5 40 38 0 1 0 0 10 1 0 0 0 0 0 0 0 0 13 10 0 0 8 0 11 0 0 0 0 0 34 0 0 0 0 0 0 0 0 0 0 0 7 0 0 0 0 0 0 4 0 0 0 0 0 0 0 0 0 0 0 0 0 0 0 0 0 0 0 0 0 0 0 12 0 31 56 65 0 0 6 34 41 50 0 0 0 0 0 6 0 0 0 0 0 0 0 0 0 0 0 0 0 0 32 0 0 0 0 0 26 10 0 0 0 0 0 0 0 0 0 0 0 5 0 0 0 0 0 2 0 21 0 0 40 7 0 19 2 4 0 0 14 0 0 0 0 0 0 0 0 0 0 0 9 0 27 11 0 0 0 0 
 3 3 3 3 3 3 5 3 3 3 3 3 3 3 3 3 3 3 3 3 0 0 1 0 3 0 0 3 0 0 0 0 0 0 0 0 0 0 1 0 48 49 45 85 0 346 74 58 55 89 112 456 294 92 298 116 263 60 85 99 0 0 0 0 0 0 0 0 0 1 2 1 0 3 0 0 0 4 2 2 0 0 0 0 0 0 3 0 0 0 0 0 0 0 0 0 0 0 0 0 0 0 0 13 0 0 0 0 0 0 0 0 0 0 0 0 0 0 0 0 0 0 0 9 11 22 0 0 0 0 11 0 0 0 0 0 0 0 0 0 10 0 0 0 0 0 11 0 0 0 3 0 0 0 0 0 0 0 2 20 0 0 6 0 0 2 0 0 0 0 6 0 0 0 0 0 0 0 7 0 0 0 0 0 0 0 0 0 0 0 0 0 0 0 0 0 0 0 0 0 0 0 0 18 0 20 0 0 0 0 0 10 0 0 0 0 0 0 0 0 0 10 0 0 0 10 0 0 0 0 0 0 33 0 0 0 1 0 22 18 0 0 0 0 0 0 0 0 1 0 0 2 0 0 0 0 0 0 0 3 0 0 1 1 0 3 7 1 0 0 0 0 0 8 0 0 0 0 0 0 0 0 0 0 0 0 0 0 0 0 
 38 10 7 65 10 3 3 9 8 11 10 3 3 3 3 7 14 7 3 3 0 0 1 0 3 0 0 0 0 4 0 0 0 3 0 0 2 3 200 0 36 246 55 74 346 0 34 66 174 55 66 45 457 469 55 310 89 49 54 46 0 0 0 2 0 0 0 0 0 0 3 0 0 0 0 7 0 4 113 1 0 2 9 0 4 0 0 0 0 3 7 0 0 0 0 0 0 8 0 0 0 0 0 0 8 0 0 0 0 0 0 0 0 0 0 0 0 0 0 0 0 0 0 0 0 14 0 0 0 0 0 0 0 0 0 0 0 0 0 0 31 0 0 0 0 0 20 5 0 0 3 0 10 1 0 0 0 0 0 19 0 0 8 9 0 4 0 0 5 6 2 0 0 0 0 8 6 8 7 0 0 0 0 0 0 0 0 0 0 0 0 0 0 0 0 0 0 0 0 0 11 0 0 0 0 0 0 0 0 0 0 0 0 0 0 0 0 0 0 0 0 5 0 0 0 0 70 11 0 0 0 0 21 2 0 0 0 0 28 15 0 4 0 0 0 0 3 0 14 0 0 3 0 0 0 0 0 0 0 2 0 12 15 5 0 15 2 0 0 0 0 0 0 0 0 0 0 0 0 0 0 2 0 0 11 0 0 0 0 0 
 2 4 0 3 26 3 1 0 0 2 0 6 5 2 105 0 0 5 1 1 4 4 6 9 1 5 3 3 3 75 3 4 4 4 5 3 3 4 2 3 246 101 71 308 74 34 0 174 270 41 30 36 236 194 44 44 45 37 72 150 0 0 0 0 0 38 2 0 0 0 0 203 0 0 0 52 0 0 0 0 0 0 0 5 0 7 0 0 0 0 0 6 0 0 0 0 0 0 0 0 0 55 0 0 0 0 0 0 0 0 0 0 0 0 0 0 0 0 26 0 13 15 14 13 0 0 3 7 45 0 0 0 0 22 12 21 11 0 0 9 7 0 0 0 0 0 0 0 0 0 0 0 0 0 0 0 0 0 0 12 0 0 0 0 7 4 0 0 0 0 0 4 0 0 0 0 0 0 0 0 0 1 0 0 0 0 1 0 0 0 0 0 3 0 0 0 0 0 6 0 16 21 13 0 0 0 0 32 17 3 0 0 0 21 30 4 18 22 0 0 0 0 15 0 0 0 0 0 0 0 0 0 0 18 0 0 0 0 0 0 0 0 0 0 0 0 2 0 0 29 0 3 0 1 0 0 0 16 0 2 0 0 1 0 0 4 0 0 0 0 0 0 2 0 0 0 0 0 0 0 0 0 0 0 0 0 0 0 1 2 
 4 4 2 2 2 4 3 2 2 4 2 4 7 4 2 2 2 4 3 3 2 2 35 32 5 7 1 2 15 9 5 9 3 2 1 12 5 7 200 1 264 225 92 71 58 66 174 0 97 46 37 248 331 381 204 536 42 280 284 45 2 2 0 0 0 7 0 0 0 2 0 2 2 2 0 0 0 2 1 2 0 0 0 0 0 0 0 0 0 0 0 0 0 9 0 0 0 0 0 0 0 0 0 11 5 0 0 0 0 0 8 6 0 0 0 0 12 10 0 0 0 28 34 0 0 0 6 41 35 17 1 0 0 2 12 13 20 10 7 0 0 9 0 0 0 0 0 0 28 0 0 0 0 0 0 0 0 0 26 0 12 0 0 0 0 0 0 0 0 0 0 0 0 0 0 0 0 0 0 0 0 1 0 5 4 8 0 0 9 0 4 6 0 0 0 0 0 16 0 0 0 10 83 0 0 0 4 0 56 32 0 0 4 10 1 47 16 34 6 0 0 3 0 0 0 0 0 0 13 0 0 0 0 0 0 0 0 3 0 0 0 0 31 0 0 0 0 0 0 17 0 10 0 2 0 0 0 1 5 0 0 0 0 0 2 3 0 0 2 0 0 0 0 0 0 0 0 0 0 0 0 0 0 0 0 0 0 0 2 1 
 0 0 0 0 0 0 0 2 0 76 0 0 2 0 0 0 0 0 0 0 0 0 0 0 6 4 0 3 0 0 0 7 0 0 0 0 1 0 0 0 47 248 420 76 55 174 270 97 0 333 53 43 241 333 129 183 139 304 111 121 0 0 0 0 0 0 0 0 13 2 5 0 5 0 0 4 2 0 2 2 0 0 0 0 0 0 0 0 0 0 0 0 0 0 0 0 0 0 0 0 0 0 0 1 0 0 0 0 0 0 0 0 6 0 0 0 0 0 0 10 0 2 0 44 0 0 9 0 1 18 35 42 0 8 0 0 20 25 0 0 0 0 0 0 0 0 16 0 0 0 0 0 0 0 0 0 0 0 2 0 0 0 0 0 0 0 0 0 0 0 0 0 0 0 0 0 0 10 0 0 0 0 0 0 0 7 0 0 0 0 0 0 0 0 0 0 0 0 0 0 0 0 13 14 10 0 5 0 0 14 38 7 4 0 21 24 15 15 10 0 0 0 0 0 0 0 0 0 0 0 0 0 0 0 23 0 0 0 26 0 0 0 4 0 0 0 0 0 0 0 0 4 0 2 0 0 0 0 1 13 0 0 1 2 0 1 0 1 0 0 20 0 0 0 0 0 0 0 0 0 0 0 0 0 1 20 0 0 1 0 
 1 18 1 0 0 0 2 7 1 2 1 0 0 0 5 1 0 0 0 0 0 2 4 0 0 0 0 0 0 62 0 0 0 3 0 0 0 2 0 0 49 41 313 303 89 55 41 46 333 0 318 66 49 160 107 263 260 137 86 92 0 0 0 0 53 0 0 0 2 0 0 0 0 0 0 19 0 0 0 0 0 5 4 7 0 0 0 11 1 0 4 0 0 0 0 8 4 9 0 0 0 0 0 0 0 0 0 0 0 0 0 0 0 0 0 0 0 0 0 0 0 0 0 26 32 2 0 0 0 0 18 35 0 0 0 0 26 14 0 0 0 0 0 1 0 0 8 9 0 0 2 0 0 0 0 0 0 0 21 0 0 15 28 1 0 0 8 0 3 0 13 0 1 0 2 33 35 12 0 0 0 0 0 0 0 0 0 0 0 0 0 0 0 0 0 0 16 0 0 0 0 0 0 31 43 20 0 0 0 6 25 45 0 0 0 0 0 0 0 0 0 0 4 0 0 0 0 0 0 0 0 0 3 0 0 0 0 3 8 0 0 3 20 0 0 0 0 0 0 0 0 0 0 1 0 0 0 0 1 9 0 0 65 64 0 9 2 89 0 0 8 0 0 0 0 0 0 0 0 0 0 0 0 0 13 5 0 0 1 0 
 0 0 0 0 0 0 0 0 2 0 7 0 3 0 0 0 0 0 0 0 0 0 1 0 3 0 0 0 0 0 0 0 0 0 0 0 0 7 0 0 25 16 43 181 112 66 30 37 53 318 0 707 237 240 41 112 287 215 31 46 0 3 15 0 0 3 3 14 9 2 0 0 8 2 5 20 3 5 6 5 0 0 0 0 0 0 0 0 0 0 0 0 0 0 0 0 0 0 0 0 0 3 0 0 0 0 0 0 0 0 0 0 0 0 0 0 0 0 0 0 0 0 0 21 49 17 0 0 0 0 23 32 0 0 0 1 2 1 0 0 0 0 5 0 5 0 11 13 4 2 15 40 0 0 0 6 3 3 19 0 1 0 0 0 0 0 0 0 0 0 3 0 0 0 0 0 0 3 0 13 0 0 0 0 0 0 0 0 0 0 0 0 0 0 0 0 0 0 0 0 0 0 0 9 67 30 0 0 0 12 10 54 0 0 0 0 0 0 0 0 0 1 0 6 7 0 0 0 4 3 6 0 18 0 2 1 3 0 13 10 0 0 0 0 0 0 0 0 0 0 0 0 0 0 0 0 0 0 0 15 0 0 3 3 0 15 5 10 1 0 12 0 0 0 0 0 0 0 0 0 0 0 0 0 7 12 0 0 0 0 
 0 0 0 0 0 0 0 3 0 0 0 0 0 0 0 0 0 0 0 0 0 0 4 62 4 0 0 0 0 0 0 0 0 1 0 0 0 0 0 0 49 20 53 249 456 45 36 248 43 66 707 0 50 68 260 264 74 87 111 64 0 0 0 0 0 0 0 0 0 0 3 0 0 0 0 3 0 21 1 0 0 0 0 0 0 14 0 0 0 0 0 0 0 0 0 0 0 0 0 0 0 0 0 0 0 0 0 0 0 0 0 0 0 0 0 0 0 0 0 0 28 2 0 0 33 24 0 3 0 3 5 10 1 0 5 5 0 1 0 5 0 0 0 0 0 0 1 27 0 0 11 0 0 0 0 0 0 0 26 10 0 0 2 0 0 0 0 0 0 0 15 0 0 0 0 0 0 0 0 0 0 0 0 0 0 0 0 0 0 0 0 0 0 0 0 0 0 0 0 0 3 0 12 7 19 38 0 5 0 1 29 20 0 4 4 3 1 1 0 3 0 3 0 0 0 0 0 1 0 0 0 0 31 0 0 0 0 0 10 16 0 0 0 0 0 0 0 0 0 0 0 6 0 0 0 0 0 0 0 1 0 0 64 65 0 11 1 63 0 0 0 0 0 0 0 0 0 0 0 0 0 0 0 0 18 0 0 0 0 0 
 0 0 0 0 0 0 0 2 0 0 0 0 0 0 0 0 0 0 0 0 0 0 2 0 1 0 0 0 0 0 1 0 0 0 0 0 0 2 0 0 71 67 92 66 294 457 236 331 241 49 237 50 0 525 241 256 256 65 387 247 0 0 0 51 0 0 50 0 0 0 0 0 57 0 0 0 0 0 0 0 0 0 0 0 0 0 0 0 0 0 0 0 0 0 0 0 0 0 0 0 0 0 0 0 1 13 5 1 0 0 0 0 0 15 0 0 0 0 0 0 41 1 1 0 8 1 27 42 17 0 0 0 2 26 31 0 0 0 0 17 0 0 0 0 0 0 0 0 0 0 0 0 0 0 0 0 0 0 0 0 0 0 0 0 0 0 0 0 0 0 0 0 0 0 0 0 0 0 0 0 0 0 0 0 0 18 0 0 0 0 0 0 0 0 0 0 0 0 0 0 39 10 0 0 0 0 27 17 37 5 0 0 0 20 24 9 0 1 9 0 0 0 0 0 0 0 0 0 0 0 0 0 0 0 16 0 0 0 0 10 0 0 0 0 0 0 0 0 0 0 0 0 0 0 0 0 0 0 0 0 0 0 2 0 0 1 2 0 1 0 0 0 0 0 0 0 0 0 0 0 0 0 0 0 0 0 0 0 0 11 
 2 2 3 2 2 2 2 4 2 2 4 2 5 2 2 2 3 65 2 2 0 0 2 0 1 8 0 3 0 0 0 0 0 0 0 0 0 0 0 0 195 139 317 90 92 469 194 381 333 160 240 68 525 0 468 45 242 89 95 212 2 0 0 0 0 2 3 0 0 0 0 2 9 0 0 0 0 0 46 1 0 0 0 0 0 0 0 0 0 0 0 0 0 0 0 0 0 0 0 0 0 0 0 0 0 0 0 0 0 0 0 0 0 0 0 0 0 0 0 0 18 22 19 5 13 2 6 9 70 38 14 11 0 21 29 51 2 7 0 0 0 5 0 0 0 0 0 0 0 0 9 0 0 0 0 0 0 0 2 6 0 0 0 0 0 0 0 0 0 0 0 0 0 0 0 0 0 6 0 0 0 0 0 0 0 0 0 0 0 0 0 0 0 0 0 0 0 0 0 0 0 27 8 0 0 7 0 7 35 44 9 0 0 15 19 40 45 31 0 0 7 1 0 0 0 0 25 6 0 0 0 0 3 11 0 0 0 0 2 8 0 0 0 0 0 0 0 0 0 0 0 2 0 2 0 0 0 0 0 12 0 0 0 3 1 0 1 0 0 0 0 0 0 0 0 0 0 0 0 0 0 0 0 0 0 0 0 0 2 0 
 3 5 3 3 3 3 3 3 3 3 3 3 10 3 3 3 3 3 3 3 0 0 2 2 0 0 0 0 0 0 0 0 0 0 2 0 0 0 0 0 294 327 73 72 298 55 44 204 129 107 41 260 241 468 0 385 42 59 66 77 0 0 0 0 0 16 0 0 0 0 0 1 0 3 0 0 0 0 2 2 0 0 0 0 0 0 0 0 0 0 0 0 0 10 0 0 0 0 0 0 0 0 0 0 0 0 0 0 0 0 0 0 0 0 0 0 0 0 0 0 0 23 29 1 11 0 0 0 37 22 8 3 0 0 9 31 36 20 0 0 0 0 0 0 0 0 0 0 0 0 0 0 5 0 0 0 0 0 0 1 4 0 0 0 0 0 0 0 0 0 0 0 0 0 0 0 0 0 0 0 0 0 0 0 0 0 0 0 0 14 0 0 0 0 0 0 23 0 0 0 0 16 28 16 8 0 0 0 84 37 4 3 0 10 11 20 27 67 0 0 0 0 0 0 0 0 0 5 6 0 0 0 0 0 0 0 0 0 0 0 0 0 0 0 0 0 0 0 0 31 0 9 0 1 0 0 0 0 0 0 0 1 3 0 0 2 0 0 0 0 0 0 0 0 0 0 0 0 0 0 0 0 5 0 0 0 0 0 1 0 
 3 5 3 3 6 3 3 3 3 3 3 4 5 3 7 3 3 3 6 3 2 2 38 2 0 2 2 2 2 2 2 2 2 2 4 2 3 4 202 2 115 195 196 41 116 310 44 536 183 263 112 264 256 45 385 0 183 398 32 62 0 1 0 0 0 0 0 0 4 0 0 0 0 0 0 0 0 0 3 2 0 0 10 0 0 0 0 3 0 0 0 0 0 0 0 21 0 0 0 0 0 0 0 0 0 0 0 0 0 0 0 0 0 0 0 0 0 0 0 0 2 15 19 52 1 1 1 7 0 17 9 24 16 1 22 29 26 27 0 8 0 0 23 10 0 0 1 0 0 0 0 0 0 0 0 0 0 0 0 0 0 0 0 0 0 0 0 0 0 0 0 0 0 0 0 0 0 2 0 0 0 0 0 0 0 0 0 0 0 0 0 0 0 0 0 0 0 0 0 0 9 2 65 11 19 0 0 8 12 28 8 7 0 6 11 17 19 16 0 16 0 0 0 0 0 0 1 0 0 0 0 0 0 0 7 0 0 0 0 1 0 0 10 0 0 0 0 0 0 2 0 5 0 1 0 0 0 0 0 10 0 0 1 2 0 1 1 2 2 0 60 0 0 0 0 0 0 0 0 0 0 0 0 0 0 0 0 0 1 0 
 0 1 48 11 2 1 1 1 1 2 0 1 3 0 0 0 2 0 1 1 0 0 1 0 1 0 0 0 0 2 0 0 0 0 0 0 0 3 0 0 55 349 151 49 263 89 45 42 139 260 287 74 256 242 42 183 0 239 43 88 2 0 0 5 5 0 0 0 4 3 4 6 2 0 0 25 0 49 0 2 0 0 0 0 0 0 0 0 0 0 0 0 0 0 0 0 0 0 0 0 0 0 0 0 0 0 0 14 0 0 0 0 0 0 0 0 0 0 0 0 0 0 0 28 1 1 0 0 0 17 17 39 21 0 0 0 18 23 0 0 0 0 0 0 6 0 10 0 0 0 0 0 0 0 0 0 0 0 6 0 0 0 0 0 0 0 0 0 0 0 0 0 0 0 0 0 0 2 0 0 0 0 0 0 0 0 0 0 0 0 0 0 0 0 0 0 0 0 0 0 0 0 18 15 20 0 0 0 0 10 25 7 0 0 0 11 6 12 0 0 0 0 0 0 7 8 0 0 0 0 0 4 0 0 0 0 0 15 11 1 0 0 8 0 0 0 0 0 0 0 0 0 0 0 20 0 0 0 0 33 0 0 0 1 0 1 1 0 1 0 17 0 0 0 0 5 0 0 0 0 0 0 0 0 0 26 0 0 0 0 
 0 3 1 0 0 0 0 0 0 0 0 0 0 0 1 0 1 0 0 0 3 6 5 7 6 6 3 4 4 4 11 14 5 3 6 5 3 5 3 3 41 45 241 283 60 49 37 280 304 137 215 87 65 89 59 398 239 0 63 247 0 0 0 0 0 0 0 0 18 0 0 0 0 41 0 7 0 2 0 0 0 0 0 0 0 0 0 0 0 0 0 0 0 0 0 0 0 0 13 0 1 0 0 2 0 0 0 0 0 0 2 3 0 0 0 0 1 0 0 0 0 1 1 33 41 0 7 0 0 0 13 52 1 0 1 0 0 24 3 0 0 0 0 0 0 0 15 17 0 0 5 0 0 0 0 0 0 0 35 0 0 0 0 0 0 0 0 0 0 0 12 0 0 0 0 0 0 28 0 0 0 0 0 1 1 3 0 0 0 0 0 0 0 0 0 0 0 0 0 0 0 0 1 27 41 31 1 0 1 8 14 18 1 0 0 0 0 2 6 1 0 0 0 0 0 0 0 0 0 0 0 0 3 0 0 0 18 0 20 0 0 0 9 0 0 0 0 0 0 0 0 0 0 1 0 0 0 0 3 15 0 1 63 62 0 8 2 62 0 0 14 0 0 0 0 0 0 0 0 0 0 0 0 0 22 19 0 0 1 0 
 0 1 0 61 0 0 0 0 0 0 0 0 0 0 0 0 0 0 0 0 0 0 1 0 0 191 0 0 0 3 0 0 0 0 0 0 0 3 0 0 43 54 85 91 85 54 72 284 111 86 31 111 387 95 66 32 43 63 0 528 0 0 0 0 0 0 7 0 0 0 0 0 61 0 0 0 0 0 0 0 0 0 0 0 0 0 0 0 0 3 0 0 0 0 0 0 0 0 0 0 0 0 0 0 9 8 0 0 0 0 0 0 0 0 0 0 0 0 0 0 51 7 6 2 0 0 6 25 11 7 0 0 56 19 1 0 1 5 1 21 0 0 0 0 0 0 0 0 0 0 0 0 2 0 0 0 0 0 0 0 0 0 0 0 0 0 0 0 0 0 19 0 0 0 0 0 0 0 0 0 0 0 0 0 2 13 0 0 0 0 0 0 0 0 0 0 0 0 0 0 28 15 5 0 0 0 26 11 3 1 39 0 34 20 11 13 0 4 15 44 0 0 0 0 0 0 0 0 0 0 0 0 0 0 0 0 0 0 0 0 0 0 0 0 0 0 0 0 0 0 0 0 0 0 0 0 0 0 0 0 0 0 0 0 2 3 0 0 0 0 0 0 0 0 0 0 0 0 0 0 0 0 2 0 5 0 0 0 0 0 
 0 1 47 2 2 1 1 1 2 2 0 1 3 0 0 0 0 0 1 1 0 2 2 0 0 2 0 0 0 0 0 0 0 0 0 0 0 0 0 0 107 36 50 69 99 46 150 45 121 92 46 64 247 212 77 62 88 247 528 0 0 0 0 0 0 3 0 0 0 0 0 0 0 0 0 0 0 0 0 0 0 0 0 0 0 0 0 0 0 0 0 0 0 0 0 0 0 0 0 0 0 0 0 0 0 11 0 0 0 0 0 0 0 0 0 0 24 0 0 13 39 2 3 0 0 0 20 48 12 0 0 0 1 40 19 32 0 8 0 14 1 0 0 0 0 0 0 0 0 1 0 0 0 0 0 0 0 0 0 0 0 0 0 0 0 0 0 0 0 0 0 0 0 0 0 0 0 0 0 0 0 0 0 0 2 0 0 0 0 0 0 1 0 0 0 0 0 0 0 0 28 11 0 0 0 0 10 28 0 0 0 0 1 23 15 11 7 9 10 1 26 0 0 0 0 0 0 0 0 0 0 0 0 0 0 0 0 0 0 0 0 0 0 0 0 0 0 0 0 0 0 6 2 0 0 0 0 0 0 0 0 0 0 0 2 2 0 0 3 0 0 0 0 0 0 0 0 0 0 0 0 0 0 0 0 0 0 0 0 0 
 0 0 0 0 0 0 3 0 0 0 0 0 0 0 0 0 0 0 0 0 3 3 3 3 0 3 3 3 3 3 3 3 3 4 3 3 3 7 55 3 5 0 0 4 0 0 0 2 0 0 0 0 0 2 0 0 2 0 0 0 0 105 82 61 462 28 241 263 28 26 34 25 78 116 210 41 40 234 50 216 0 0 0 8 0 0 0 0 0 0 0 0 0 13 0 0 0 0 0 0 1 0 0 1 1 1 1 1 2 0 1 1 2 1 0 2 1 0 2 0 0 0 0 0 0 0 0 0 0 0 0 0 0 53 0 0 0 0 0 0 3 0 14 0 0 0 0 32 3 7 12 0 0 1 6 7 20 37 0 0 0 0 0 0 0 0 0 0 0 0 0 0 14 0 0 0 0 0 0 0 0 0 0 7 0 0 0 0 0 0 0 0 0 0 0 0 0 0 0 0 0 0 0 0 0 0 0 0 0 0 0 0 0 0 0 0 0 0 0 0 5 24 27 0 0 0 0 29 27 27 0 0 0 21 36 42 22 14 0 0 0 0 0 0 0 0 0 0 0 0 0 0 0 0 3 0 0 0 0 0 0 0 0 0 0 0 8 1 0 0 5 1 0 2 1 2 0 0 0 0 0 0 0 0 0 0 0 0 0 0 
 3 3 6 3 3 3 3 3 3 3 3 3 5 3 3 40 6 3 3 3 11 0 0 0 0 3 8 2 0 0 0 0 5 5 0 0 0 3 0 8 0 1 0 0 0 0 0 2 0 0 3 0 0 0 0 1 0 0 0 0 105 0 234 47 36 27 101 261 229 80 25 44 177 44 485 204 131 93 58 68 0 0 8 0 20 0 0 0 0 0 0 0 0 1 0 0 0 0 0 0 5 0 19 0 0 0 0 4 19 0 0 0 0 2 5 6 0 0 0 0 0 0 0 0 0 0 0 0 0 0 0 0 0 0 0 0 0 0 0 0 5 0 22 7 0 0 0 0 60 67 16 16 0 0 1 17 20 26 19 0 1 0 0 0 0 0 0 0 0 0 0 0 3 0 0 0 5 0 0 0 9 5 6 0 0 0 0 6 12 0 0 0 0 4 1 1 6 0 0 0 0 0 0 0 0 0 0 0 0 0 0 0 8 0 0 0 0 0 0 0 1 0 10 18 1 0 0 28 7 38 15 0 0 1 26 6 15 7 0 1 9 0 0 0 0 0 0 0 0 0 0 0 0 0 8 0 0 0 0 0 0 0 0 0 0 0 13 0 0 0 17 9 0 7 0 0 0 0 0 0 0 0 0 0 0 0 0 0 0 0 
