 0 175 48 46 40 121 465 328 247 265 249 28 65 322 324 105 41 225 31 452 0 0 2 0 1 28 0 0 0 0 3 0 2 0 0 4 0 0 1 0 0 0 0 0 0 0 0 0 0 0 3 3 22 0 0 0 0 0 14 22 0 0 0 0 0 0 52 0 0 0 0 0 0 1 2 33 1 3 0 2 13 16 0 2 0 0 16 33 1 4 1 0 0 40 54 25 19 36 0 14 0 0 0 0 0 0 0 0 0 0 0 0 0 0 0 0 0 0 0 0 0 0 1 0 0 0 0 0 0 0 0 0 0 0 0 0 0 0 0 0 0 0 0 0 0 0 0 0 0 0 0 0 0 0 0 0 15 0 0 0 12 23 19 0 0 1 0 19 1 0 0 0 0 17 24 17 0 0 0 1 0 0 0 0 0 0 0 11 0 0 0 2 0 0 0 0 1 0 0 6 0 0 0 0 0 0 0 1 0 0 0 0 2 0 0 0 0 0 0 0 0 0 0 0 0 0 0 0 0 1 0 0 0 0 0 0 0 0 0 0 0 0 0 0 0 0 0 2 1 0 0 17 0 0 0 0 0 0 0 0 0 0 0 0 0 0 0 0 0 0 0 0 0 0 0 0 0 0 0 0 0 0 0 0 0 0 0 0 0 0 
 175 0 372 62 32 41 84 584 337 255 16 42 296 229 379 546 130 260 45 260 0 0 2 3 0 3 0 2 2 0 3 0 2 0 1 4 0 0 3 3 0 0 4 0 2 3 0 3 0 0 3 2 0 0 0 2 0 2 63 0 0 0 0 0 0 54 0 0 2 0 0 0 5 2 6 2 0 3 0 2 0 39 74 26 0 0 0 8 33 49 34 1 0 21 23 1 49 47 0 1 0 0 0 0 0 0 0 0 0 0 0 0 0 0 0 0 0 0 0 0 0 0 0 0 0 0 0 0 0 0 0 0 0 0 0 0 0 0 0 0 0 0 0 0 0 0 1 0 0 0 0 0 0 3 0 0 0 0 0 0 13 42 7 1 1 0 0 11 9 1 35 0 0 10 45 36 19 17 0 8 0 0 0 0 0 0 0 0 0 0 0 0 0 0 0 0 12 0 0 4 0 0 0 0 0 10 0 0 0 0 0 0 0 0 0 0 0 0 0 0 0 0 0 0 0 0 0 0 0 0 0 0 0 0 0 0 0 0 0 0 0 1 0 0 0 2 1 0 2 0 0 12 9 0 0 0 0 0 0 0 0 0 0 0 0 0 0 0 0 0 0 0 0 0 0 9 5 0 0 0 0 0 0 0 0 0 0 0 0 0 
 48 372 0 188 25 248 295 92 270 456 115 22 84 62 55 241 366 271 35 45 0 0 2 1 0 77 0 0 2 3 3 0 4 2 0 3 0 1 0 2 0 0 9 0 0 0 0 0 0 0 3 2 0 0 0 0 0 1 0 0 0 0 0 0 0 0 0 49 0 0 0 0 0 2 2 4 0 86 0 2 0 39 34 31 0 0 0 0 46 44 33 10 0 6 0 40 35 25 0 0 0 0 0 0 0 0 1 0 0 0 0 0 0 0 0 0 0 0 0 0 0 0 0 0 0 0 0 0 0 0 0 0 0 0 0 0 0 0 0 14 0 0 0 0 0 0 0 0 0 6 0 0 0 0 0 0 0 0 0 0 0 14 0 17 0 0 0 0 31 18 25 20 0 1 0 13 31 34 2 3 0 0 0 0 0 0 0 0 0 0 0 0 0 0 0 0 10 0 0 36 0 0 0 0 0 0 0 0 0 0 0 0 0 0 0 0 0 0 0 0 0 0 0 0 0 0 0 0 0 0 0 0 0 0 0 0 0 0 0 0 0 14 0 0 0 4 88 0 0 6 0 9 5 0 0 0 0 0 0 0 0 0 0 0 0 0 0 0 0 0 0 0 0 0 0 11 1 4 0 0 0 0 0 0 0 0 0 0 0 0 
 46 62 188 0 142 23 66 71 69 664 171 832 71 151 51 46 111 360 55 269 0 0 2 0 73 3 0 0 2 2 3 0 2 0 0 5 0 0 0 0 0 57 2 29 8 0 0 0 0 0 3 3 0 0 0 0 0 3 0 0 0 0 0 0 0 0 0 3 0 0 0 2 0 0 3 2 0 6 0 2 0 0 0 28 7 29 0 0 16 1 24 62 0 1 0 51 0 0 0 0 0 0 0 0 0 0 0 0 0 0 0 0 2 0 0 0 0 2 0 0 0 0 0 0 2 0 0 0 0 0 1 0 0 0 2 0 0 0 0 0 0 1 0 0 0 0 0 0 1 24 0 0 0 0 0 0 0 0 0 1 0 0 0 34 23 0 0 0 0 32 35 32 0 3 0 0 19 54 0 0 0 0 0 0 0 0 0 2 0 0 0 0 7 0 0 0 2 1 14 0 0 3 0 0 0 0 0 19 0 0 0 0 0 0 0 0 0 0 0 0 0 0 0 0 0 0 0 0 0 0 0 0 0 0 0 0 0 0 0 0 0 15 0 0 0 0 101 0 6 12 2 12 0 0 0 0 0 0 0 0 0 0 11 0 0 0 0 0 0 0 0 0 0 0 0 7 8 9 0 0 0 0 0 0 0 0 0 0 0 0 
 40 32 25 142 0 423 57 55 269 68 78 433 76 85 118 77 72 269 56 47 0 0 1 0 0 3 2 2 2 1 3 2 2 0 0 10 0 209 4 4 0 0 0 38 8 0 0 3 0 0 3 67 0 3 0 29 0 4 0 0 0 0 0 3 2 0 0 0 4 0 1 0 2 55 14 2 0 3 0 2 0 0 0 0 74 59 0 0 0 0 1 0 0 0 0 1 0 0 0 0 0 0 0 0 0 0 19 1 12 0 1 0 41 0 0 0 0 0 19 22 32 0 0 0 0 0 1 0 0 0 0 0 0 0 0 0 0 0 0 0 0 0 0 1 12 0 2 0 0 0 0 0 0 0 0 0 0 0 0 0 0 1 2 2 60 27 0 0 0 17 0 0 0 0 16 0 2 1 0 14 1 24 0 12 0 0 16 3 0 0 0 0 17 1 0 0 0 0 62 2 0 2 0 0 0 1 0 0 2 0 0 0 0 0 0 0 0 14 0 0 0 0 0 0 0 0 0 0 0 0 0 0 0 0 0 0 0 0 0 0 0 0 0 0 0 1 3 0 2 5 1 21 0 0 0 1 0 0 0 0 0 0 0 0 0 0 0 0 0 2 0 0 0 0 0 1 0 1 0 0 0 0 0 0 0 0 0 0 0 2 
 121 41 248 23 423 0 33 28 41 46 60 135 43 255 55 284 40 303 238 55 0 0 0 2 2 6 4 0 0 6 3 1 3 0 0 6 0 0 304 0 0 0 0 40 0 0 0 0 0 2 3 5 0 0 0 0 0 7 0 3 0 0 0 0 0 0 0 0 0 0 0 0 0 1 4 2 0 3 0 2 0 0 0 0 66 11 0 0 0 0 0 0 0 0 0 0 0 0 0 0 0 1 0 0 0 0 20 0 0 0 1 0 25 1 0 0 0 0 37 54 0 0 0 0 0 0 1 0 0 0 0 0 0 0 15 0 0 0 0 0 0 0 0 2 5 0 2 0 0 0 0 0 0 0 0 0 0 0 0 0 0 0 2 0 15 30 0 0 0 0 0 0 0 0 0 0 0 0 0 0 13 0 0 0 0 0 33 10 0 0 0 0 28 0 0 0 0 0 38 33 0 2 0 0 0 1 0 0 2 0 0 0 0 0 0 0 0 0 0 14 0 0 0 0 0 0 0 0 0 0 0 0 0 0 0 0 0 12 0 0 0 0 0 0 0 2 0 1 2 0 0 6 0 0 0 0 0 0 0 0 0 0 0 0 0 0 0 0 0 2 0 0 0 0 0 0 0 0 0 0 0 0 0 0 0 0 0 0 0 2 
 465 84 295 66 57 33 0 70 50 246 51 49 474 363 54 49 32 38 42 355 0 0 2 0 0 3 0 0 0 0 3 0 2 0 0 3 0 1 2 0 0 0 0 0 0 0 0 0 0 0 3 3 0 0 0 0 0 0 0 0 0 0 0 0 0 0 34 0 0 0 0 0 0 1 2 42 0 3 0 2 54 1 1 0 0 0 38 55 0 1 0 0 19 32 42 8 0 2 0 55 0 0 0 0 0 0 0 0 0 0 0 0 0 0 0 0 0 0 0 0 0 0 0 0 0 0 0 0 0 0 0 0 0 0 0 0 0 0 0 0 0 0 0 0 0 0 0 0 0 0 0 0 0 1 0 0 0 0 0 0 41 10 35 0 0 0 0 35 18 0 0 0 0 32 0 30 1 13 0 28 0 0 0 0 0 0 0 12 0 0 0 0 0 0 0 0 0 0 0 0 0 0 0 0 0 0 11 0 0 0 0 0 0 0 0 0 0 0 0 0 0 0 0 0 0 0 0 0 0 0 0 0 0 0 0 0 0 0 0 0 0 0 0 0 0 3 0 0 0 0 0 5 0 0 0 0 0 0 0 0 0 0 0 0 0 0 0 0 0 0 0 0 0 0 0 0 0 0 0 0 0 0 0 0 0 0 0 0 0 0 
 328 584 92 71 55 28 70 0 97 36 271 21 147 325 193 318 117 62 42 53 2 0 1 1 0 4 0 3 3 0 5 2 41 4 0 3 4 2 5 3 0 0 0 0 5 0 0 11 2 0 6 6 1 0 4 6 2 0 0 0 0 0 0 0 0 0 0 0 0 1 0 2 4 0 7 7 3 3 0 2 0 38 28 1 0 0 19 21 7 56 5 0 20 30 39 13 42 30 0 0 0 0 0 0 0 0 0 0 0 0 0 0 0 0 0 0 19 2 0 0 0 0 0 0 2 0 0 0 0 0 0 0 0 0 2 0 0 0 0 0 0 1 0 0 0 0 0 0 1 0 0 1 0 3 0 0 0 0 0 1 2 19 55 0 0 0 0 10 30 22 18 0 0 8 22 30 1 11 0 2 0 0 0 0 0 22 0 2 0 0 0 0 0 0 0 0 0 1 0 10 0 0 0 20 0 0 0 0 0 0 0 0 0 0 0 0 0 0 0 0 1 0 0 0 0 0 0 0 0 0 0 0 0 0 0 0 0 0 14 0 0 0 0 0 0 0 0 2 0 0 0 12 0 0 0 0 0 0 0 0 0 0 0 0 0 0 0 0 0 0 0 0 0 0 0 1 0 0 0 0 0 0 0 0 0 0 0 0 0 0 
 247 337 270 69 269 41 50 97 0 434 35 34 95 102 312 357 301 527 52 150 0 0 2 0 2 5 0 0 0 0 3 68 2 0 0 3 0 0 0 0 0 0 32 0 0 0 0 0 0 0 3 1 0 71 0 0 0 1 0 0 0 0 0 0 0 0 0 0 6 0 0 22 0 3 2 3 0 3 0 3 0 42 31 33 1 0 0 0 35 35 24 8 0 1 0 60 22 24 1 0 0 0 0 0 0 0 0 0 0 0 0 0 0 0 0 0 0 0 0 0 0 0 0 0 0 0 0 0 0 0 0 0 0 0 0 0 0 0 0 0 0 0 0 0 0 0 0 2 0 0 0 0 0 2 0 0 0 0 2 0 0 14 9 32 0 0 0 0 24 26 33 1 0 0 0 10 49 27 0 5 0 0 0 0 0 0 0 0 0 0 0 0 1 0 0 0 4 0 0 11 0 0 0 0 0 0 0 0 0 0 0 0 0 0 0 0 0 0 0 0 0 0 0 0 0 0 0 0 0 0 0 0 0 0 0 0 0 0 0 0 0 13 0 0 0 0 2 0 0 2 0 12 4 0 0 0 0 0 0 0 0 0 0 0 0 0 0 0 0 0 0 0 0 0 0 21 0 10 0 0 0 0 0 0 0 0 0 0 0 0 
 265 255 456 664 68 46 246 36 434 0 689 41 38 363 53 201 224 77 58 296 0 0 2 0 0 3 0 3 0 0 5 0 2 0 0 4 0 0 1 0 0 0 11 0 0 0 0 0 0 0 3 2 0 0 0 0 0 0 0 0 14 0 0 0 0 0 0 0 0 0 0 0 0 7 2 3 0 31 0 3 13 2 31 38 1 1 0 0 45 24 60 64 0 3 0 29 18 12 9 0 0 0 0 0 2 0 0 0 0 0 0 0 0 0 0 0 1 0 0 0 0 0 0 0 0 0 0 1 0 0 0 0 0 2 0 0 0 0 2 0 0 0 0 0 0 0 0 0 0 2 0 0 0 0 0 0 0 0 0 0 2 1 0 50 32 0 0 0 15 61 39 61 0 4 1 18 31 16 0 3 0 1 0 0 0 0 0 0 0 0 0 0 1 0 0 0 18 0 0 3 0 0 0 0 2 0 0 0 9 0 0 0 0 0 0 0 0 0 0 1 0 1 0 0 0 2 0 0 0 0 0 0 0 0 0 2 0 0 0 0 0 21 0 0 0 2 205 0 0 177 2 19 10 2 0 0 0 0 0 0 0 0 14 0 0 0 0 0 0 0 0 0 0 0 0 19 19 11 0 0 0 0 0 0 0 0 0 0 0 0 
 249 16 115 171 78 60 51 271 35 689 0 473 59 33 279 87 151 333 45 141 0 0 2 119 0 3 0 0 0 0 3 0 2 2 0 4 2 0 1 0 0 0 0 30 5 0 0 62 0 0 3 3 0 0 0 0 0 1 0 0 0 0 0 0 0 0 0 0 0 0 0 0 0 1 2 2 0 3 0 2 0 0 0 22 8 30 0 2 0 0 18 37 0 0 9 46 0 0 0 0 0 0 2 0 0 0 0 0 0 0 0 0 8 0 0 0 0 2 6 1 0 0 0 0 2 0 0 0 0 0 0 0 0 0 0 0 9 0 0 0 0 0 0 0 0 0 0 0 0 3 0 22 0 0 0 0 0 0 0 0 0 0 0 22 47 5 0 0 0 43 10 36 0 41 0 0 17 13 0 0 0 0 0 0 0 0 0 1 0 0 0 0 7 0 0 0 2 1 16 0 23 0 0 0 0 0 0 0 0 0 0 2 0 9 0 0 0 0 0 0 0 0 0 0 2 0 0 1 0 0 0 0 0 0 0 0 0 0 0 1 0 23 0 0 0 1 57 1 1 63 1 16 0 0 0 0 0 0 0 0 0 0 9 0 0 0 0 0 0 0 0 0 0 1 0 6 14 9 0 0 0 0 0 0 0 0 0 0 0 0 
 28 42 22 832 433 135 49 21 34 41 473 0 103 32 280 51 288 117 43 32 0 0 1 0 0 3 0 0 0 0 3 0 2 0 0 4 0 0 0 0 0 0 0 56 4 0 0 56 0 0 3 3 69 0 0 0 0 2 7 0 0 0 0 0 0 0 0 41 0 0 0 0 0 0 3 2 0 2 0 2 0 0 0 0 8 33 0 0 0 0 9 47 0 0 0 2 0 0 1 0 0 0 0 0 0 0 0 0 0 0 0 0 22 0 0 0 0 0 9 19 1 0 0 0 0 0 0 2 10 0 0 0 0 1 0 0 0 0 1 0 0 0 0 0 0 0 0 0 0 1 0 0 0 0 0 0 0 0 0 0 1 0 0 11 36 41 0 0 0 15 15 53 0 2 2 0 4 3 0 1 0 2 0 0 0 0 7 0 0 0 2 0 10 0 0 0 0 0 25 11 0 0 0 0 1 0 0 0 0 0 0 0 0 0 0 0 0 0 0 2 0 2 0 0 0 0 0 0 0 0 0 0 0 0 0 0 0 0 0 0 0 1 0 0 0 1 199 0 20 175 0 5 1 0 0 0 0 0 0 0 0 0 13 0 0 0 0 0 0 0 0 0 0 0 0 0 17 0 0 0 0 0 0 0 0 0 0 0 0 0 
 65 296 84 71 76 43 474 147 95 38 59 103 0 78 267 39 250 460 426 545 0 1 2 2 0 4 0 0 0 0 5 0 2 1 0 4 0 200 0 0 0 0 0 0 0 0 0 0 0 66 3 2 0 3 0 0 0 0 0 0 0 0 0 0 0 0 0 0 0 0 0 0 0 3 2 40 0 3 0 3 42 0 0 0 0 0 8 35 0 1 0 0 55 22 34 10 0 0 18 51 0 0 0 0 0 0 0 0 0 0 0 0 0 0 0 0 0 0 0 0 0 0 0 0 0 0 0 0 0 0 0 0 0 0 0 0 0 0 0 0 0 14 0 0 0 0 0 0 0 0 0 0 0 0 0 0 0 0 0 0 36 15 1 0 0 0 48 27 4 0 0 0 21 20 1 1 0 0 2 22 0 0 0 0 0 0 0 14 0 0 0 0 5 0 0 0 0 0 0 0 0 0 0 0 0 0 0 0 0 0 0 0 0 0 0 0 0 0 0 0 0 0 0 0 0 0 0 0 0 0 21 0 0 0 0 0 0 0 0 0 0 0 0 0 0 2 2 2 2 0 1 3 0 0 0 0 0 0 0 0 0 0 0 0 0 0 0 0 0 0 0 0 0 0 0 0 0 0 0 0 0 0 0 0 0 0 0 0 0 0 
 322 229 62 151 85 255 363 325 102 363 33 32 78 0 365 65 84 132 86 270 0 1 3 65 0 3 0 0 1 0 3 2 4 2 1 4 0 0 0 2 0 0 0 0 0 0 0 0 0 0 10 3 0 0 0 0 0 1 0 0 0 0 0 0 0 0 0 0 0 0 0 0 0 1 2 33 0 3 0 2 13 14 1 0 2 0 16 33 1 12 1 0 1 43 44 47 19 41 0 11 0 0 0 0 0 1 0 0 1 0 0 0 0 0 0 0 0 0 0 2 0 0 0 0 0 0 0 0 0 0 0 0 0 0 0 0 0 0 0 0 0 0 0 0 0 0 0 0 0 0 0 15 0 0 0 0 0 0 0 0 22 38 8 0 0 1 0 22 2 0 20 0 0 59 22 17 16 1 0 3 0 0 0 0 0 0 0 0 0 0 0 0 0 0 0 0 1 0 0 0 0 0 0 0 0 0 1 0 0 0 0 0 0 0 0 2 0 0 0 0 0 0 0 0 0 0 0 0 0 0 0 0 0 0 1 0 0 0 0 0 0 0 0 0 0 0 0 0 2 1 0 8 5 0 0 0 0 0 0 0 0 0 0 0 0 0 0 0 0 0 0 0 0 0 0 8 0 0 0 0 0 0 0 0 0 0 0 0 0 0 
 324 379 55 51 118 55 54 193 312 53 279 280 267 365 0 362 138 28 66 322 0 0 1 0 0 3 0 0 0 0 3 0 2 0 0 3 0 0 2 34 0 0 0 0 19 0 56 0 0 0 3 3 0 0 0 0 0 0 0 0 0 0 0 0 0 0 0 0 0 0 0 0 0 1 2 2 0 3 0 2 0 51 29 2 0 0 15 31 7 30 6 0 0 60 84 11 54 43 0 4 0 0 0 0 0 0 1 0 0 0 0 0 0 14 0 17 0 0 0 0 0 0 0 0 0 0 0 0 0 0 0 0 0 0 0 0 36 0 0 0 0 0 0 0 0 0 0 0 0 0 0 0 0 5 0 0 0 7 0 0 14 25 44 0 0 0 0 4 37 0 13 0 0 12 28 31 0 12 0 2 0 0 0 0 0 0 0 0 0 0 0 0 0 0 0 0 0 0 0 21 0 0 0 0 0 0 0 0 0 0 0 0 0 0 0 0 0 0 0 0 0 0 0 0 0 0 0 0 0 0 0 0 0 0 0 0 0 0 0 0 0 0 0 0 0 0 2 0 3 0 0 5 0 0 1 0 0 0 0 0 0 0 0 0 0 0 0 0 0 0 0 0 0 28 0 0 0 1 0 0 0 0 0 0 0 0 0 0 0 0 
 105 546 241 46 77 284 49 318 357 201 87 51 39 65 362 0 343 158 38 52 0 0 2 2 2 5 64 0 64 3 8 0 2 2 0 4 3 0 0 0 0 0 3 0 0 62 2 0 3 0 3 6 0 2 0 0 3 0 0 0 0 0 0 1 0 0 0 3 0 0 0 0 1 1 3 2 0 40 0 2 0 41 38 25 0 0 1 30 48 50 35 0 0 21 1 11 70 44 0 0 0 0 1 0 0 0 0 0 0 0 0 0 0 0 0 0 0 0 0 0 0 0 0 0 0 0 0 0 0 58 0 0 0 0 0 0 0 0 0 0 0 0 2 0 0 0 0 0 0 0 0 0 0 4 0 0 0 1 0 0 1 78 7 0 0 0 0 0 57 3 43 0 0 0 25 20 17 17 0 3 0 0 0 0 0 0 0 0 0 1 0 0 0 0 0 0 8 0 0 11 0 0 0 0 12 0 0 0 0 0 0 1 0 0 0 0 0 0 0 0 0 0 1 0 1 0 0 2 18 0 0 0 0 0 0 0 0 0 0 2 0 4 0 0 0 0 3 0 0 3 2 7 6 0 0 0 0 0 0 0 0 0 0 0 0 0 0 0 0 0 0 0 0 0 0 5 0 0 0 0 0 0 0 0 0 0 0 0 0 0 
 41 130 366 111 72 40 32 117 301 224 151 288 250 84 138 343 0 466 24 31 0 0 2 0 0 3 0 0 1 0 3 0 2 0 0 4 36 3 1 0 0 0 12 0 0 2 0 0 0 0 3 3 0 0 0 0 0 0 0 0 0 0 0 0 0 0 0 0 0 0 0 0 0 1 2 2 0 3 0 2 0 42 46 41 0 0 0 0 48 43 43 25 0 10 0 111 22 24 0 1 0 0 0 0 0 0 0 0 0 0 0 0 12 0 0 0 0 0 0 0 0 0 0 11 0 0 0 0 0 0 0 0 0 0 0 0 0 0 0 0 0 0 0 0 0 0 15 13 0 0 0 0 0 4 0 0 0 0 0 0 0 14 7 31 9 0 0 0 11 19 46 21 0 2 0 19 53 29 0 7 0 0 0 0 0 0 0 15 0 6 0 0 0 0 0 0 11 0 0 3 0 0 0 0 0 0 1 0 0 0 0 0 0 0 0 0 0 0 0 0 0 0 0 0 0 0 0 0 0 0 0 0 0 0 0 0 0 0 0 0 0 18 0 0 0 1 84 0 0 1 0 7 8 0 0 0 0 0 0 0 0 0 16 0 0 0 0 0 0 0 0 0 0 0 0 18 0 10 0 0 0 0 0 0 0 0 0 0 0 0 
 225 260 271 360 269 303 38 62 527 77 333 117 460 132 28 158 466 0 31 46 0 0 4 0 0 4 0 0 0 0 3 1 2 0 0 6 0 207 0 0 0 0 0 0 0 0 0 0 0 0 3 3 0 4 0 0 0 0 0 0 0 0 0 0 0 0 0 0 0 0 0 0 0 1 3 2 0 3 0 2 0 0 20 28 1 4 0 0 28 14 37 43 0 0 0 42 1 14 0 0 0 0 0 0 0 1 0 0 0 0 0 0 0 0 0 0 0 0 0 0 0 0 0 0 0 0 0 0 0 0 0 0 0 0 0 0 0 0 0 0 0 0 0 0 0 0 12 1 0 4 0 0 0 0 0 0 0 0 0 0 0 0 2 94 0 0 0 0 16 33 34 25 0 9 0 0 26 16 0 0 0 0 0 0 0 0 0 0 0 0 0 0 0 0 0 0 12 0 7 6 0 0 0 0 0 0 0 0 0 0 0 0 0 0 0 0 13 0 0 0 0 0 0 0 0 0 15 0 0 0 0 0 0 0 0 0 0 0 0 0 0 0 0 0 0 0 90 0 4 181 1 12 10 0 0 0 0 0 0 0 0 0 0 0 0 0 1 0 0 0 0 0 0 0 2 64 25 12 0 0 0 0 0 0 0 0 0 0 0 0 
 31 45 35 55 56 238 42 42 52 58 45 43 426 86 66 38 24 31 0 260 0 0 1 0 5 41 0 3 0 0 3 0 2 0 2 3 0 0 0 0 0 0 0 0 0 0 0 0 1 0 5 5 0 0 0 0 0 0 0 0 0 0 0 0 0 0 0 0 0 0 0 2 0 3 4 2 2 3 0 2 26 0 0 0 0 0 33 7 0 0 0 0 44 1 5 0 1 0 33 13 0 0 0 0 0 0 0 0 0 0 0 0 0 0 0 0 0 0 0 0 0 0 0 0 0 0 0 0 0 0 0 0 0 0 0 0 0 0 0 0 0 0 0 0 0 0 0 0 0 0 0 0 0 0 0 0 0 0 0 16 0 0 0 0 0 0 19 10 2 0 0 0 12 0 0 0 0 0 13 41 0 0 0 0 0 0 0 0 1 0 0 0 0 0 0 0 0 0 0 0 0 0 0 0 0 0 15 0 0 0 0 0 0 0 0 0 0 0 0 0 0 0 10 0 0 0 0 0 0 0 0 0 0 0 0 0 0 0 0 0 0 0 0 0 0 1 0 2 2 0 0 12 0 0 0 0 0 0 0 0 0 0 0 0 0 0 0 0 0 0 0 0 0 0 0 0 0 13 0 0 0 0 0 0 0 0 0 0 0 0 
 452 260 45 269 47 55 355 53 150 296 141 32 545 270 322 52 31 46 260 0 0 0 3 0 0 3 0 0 2 0 3 46 4 0 0 4 0 0 0 2 0 1 66 0 0 0 0 69 0 0 3 2 0 0 2 0 0 0 0 0 0 0 69 5 0 0 0 0 0 0 0 44 0 2 2 40 0 3 0 3 44 0 0 0 0 0 32 31 0 0 0 0 9 9 48 6 0 1 18 70 0 0 0 0 0 0 0 1 0 0 0 0 0 0 0 0 0 0 0 0 0 0 7 0 0 0 0 0 0 0 0 0 0 0 0 0 8 0 0 0 0 0 0 0 0 7 0 0 0 0 0 0 0 0 0 0 0 0 0 0 24 12 1 0 0 0 20 47 2 0 0 0 16 26 0 13 0 0 0 25 0 0 0 0 0 0 0 0 0 0 0 14 0 0 0 0 0 0 0 0 0 0 0 0 0 0 0 0 0 0 0 0 0 0 0 0 0 0 0 0 0 0 0 0 0 0 0 0 0 0 0 0 0 0 0 0 0 0 0 0 0 0 0 0 0 3 0 5 0 0 0 1 0 0 0 0 2 0 0 0 0 0 0 0 0 0 0 0 0 0 0 0 0 0 0 0 0 0 0 0 0 0 0 0 0 0 0 0 0 0 
 0 0 0 0 0 0 0 2 0 0 0 0 0 0 0 0 0 0 0 0 0 100 98 274 33 30 391 371 55 47 240 32 281 95 483 28 32 71 38 109 0 29 0 1 1 0 3 0 0 0 2 3 5 0 0 10 3 3 0 0 10 0 0 0 3 0 0 2 0 3 0 0 52 0 0 0 7 0 0 0 1 0 0 0 0 0 0 0 0 0 0 0 0 0 0 0 0 0 0 0 46 14 16 0 0 0 16 9 23 1 0 0 0 39 21 48 32 1 0 0 0 0 0 0 0 0 0 0 0 0 0 0 0 0 0 0 0 0 0 0 0 0 0 0 0 2 0 0 0 0 0 0 0 0 0 0 0 0 75 0 0 0 0 0 0 0 0 0 0 15 0 1 0 0 0 0 0 13 0 0 19 52 13 2 0 0 0 20 32 15 26 1 0 16 41 26 22 0 0 0 0 0 0 9 0 0 0 0 0 0 0 0 0 0 0 0 0 0 6 0 0 0 0 0 0 0 0 0 0 0 0 0 0 0 0 0 0 0 0 0 0 0 0 0 0 2 0 0 0 0 0 0 0 2 3 0 0 0 2 0 0 0 0 0 0 0 0 2 0 0 0 0 0 0 0 0 0 0 0 0 0 8 0 0 0 0 0 0 0 0 
 0 0 0 0 0 0 0 0 0 0 0 0 1 1 0 0 0 0 0 0 100 0 344 306 26 78 79 441 308 28 471 24 151 81 400 283 186 35 37 65 0 0 0 1 0 0 4 0 1 67 0 6 7 1 1 3 4 0 0 54 5 1 5 15 1 0 0 3 0 3 0 0 2 0 33 1 2 0 0 0 0 0 0 0 2 0 0 0 0 0 0 0 0 0 0 0 1 0 0 0 7 14 27 21 11 0 0 14 26 16 30 11 0 15 23 2 35 44 0 0 0 0 0 0 0 0 0 0 0 0 0 2 0 0 0 1 0 0 0 0 0 0 0 0 0 0 0 0 0 0 0 0 0 0 0 0 11 0 0 0 0 6 0 0 0 10 2 0 0 0 2 0 10 0 0 0 0 0 0 0 0 21 35 9 0 0 0 16 29 22 49 11 0 1 18 32 31 64 0 0 0 0 0 0 2 0 0 1 0 0 0 0 0 0 21 0 0 0 0 0 0 0 0 0 0 0 0 0 0 0 0 0 0 0 0 0 17 0 0 0 0 0 0 0 0 0 0 0 0 0 0 0 0 0 143 0 0 0 0 0 2 3 0 0 0 0 12 0 0 0 0 0 0 0 0 0 0 0 0 0 0 24 0 2 0 0 11 0 0 0 
 2 2 2 2 1 0 2 1 2 2 2 1 2 3 1 2 2 4 1 3 98 344 0 195 53 128 56 326 242 302 274 43 70 268 116 102 220 281 108 114 0 0 0 0 0 0 3 0 0 0 0 3 41 0 0 2 3 0 0 0 2 0 0 0 48 0 6 2 0 3 0 0 1 0 0 0 2 0 0 0 0 0 0 0 0 0 0 0 0 0 0 0 0 0 0 0 0 0 0 0 4 16 26 44 6 1 0 0 7 40 23 30 0 0 0 0 7 27 0 0 0 0 0 0 0 0 0 0 0 0 0 0 0 0 0 0 0 0 0 0 0 0 75 0 0 0 0 0 0 2 1 0 0 0 0 0 3 0 0 0 0 0 0 0 0 0 0 0 0 0 0 0 0 0 0 0 1 0 0 0 0 2 28 31 6 0 2 6 52 21 28 14 0 0 0 0 32 41 0 0 0 0 1 0 0 1 0 0 0 0 2 0 0 2 0 1 0 0 0 0 0 0 0 2 0 0 0 0 0 0 0 0 1 0 0 0 0 0 0 0 0 0 2 0 0 0 0 0 0 2 0 0 0 0 8 0 0 3 2 0 0 3 0 0 0 0 9 0 0 0 0 0 0 0 0 0 0 0 0 0 0 16 0 0 0 0 25 0 0 0 
 0 3 1 0 0 2 0 1 0 0 119 0 2 65 0 2 0 0 0 0 274 306 195 0 210 39 52 83 192 634 437 407 71 84 79 38 193 574 60 93 1 0 2 0 2 6 3 0 0 0 40 3 3 0 0 2 3 3 0 2 2 0 0 0 1 0 14 3 3 3 0 0 4 0 1 0 2 0 48 0 0 0 0 0 0 0 0 0 0 0 0 0 0 0 0 0 0 0 0 0 1 0 11 22 18 21 0 0 0 41 32 27 0 0 0 0 0 34 0 0 1 0 0 0 0 0 0 0 0 0 0 0 10 0 0 0 0 0 29 0 0 0 12 0 0 0 0 0 0 0 1 0 0 0 0 0 1 0 0 0 0 0 0 0 0 0 0 0 0 0 0 0 0 0 0 0 0 0 3 0 0 0 0 33 66 32 0 0 0 14 0 31 0 0 0 0 12 13 0 0 0 0 0 0 0 0 0 0 0 0 0 0 8 0 0 0 0 0 26 0 0 0 0 0 0 0 0 0 0 0 0 0 0 0 0 0 0 0 0 0 0 0 6 0 0 2 0 0 0 0 0 0 0 0 4 0 0 43 118 2 22 6 0 0 0 0 0 0 0 0 0 0 0 0 0 0 0 2 0 0 0 0 0 0 0 0 1 0 0 0 
 1 0 0 73 0 2 0 0 2 0 0 0 0 0 0 2 0 0 5 0 33 26 53 210 0 290 38 85 106 92 87 363 59 77 84 103 54 49 36 82 0 0 0 0 0 2 8 0 0 0 0 3 2 0 0 2 2 0 1 45 3 0 0 0 0 42 0 3 0 10 0 0 3 0 0 1 2 0 0 0 0 0 0 0 0 2 0 0 0 0 2 0 0 15 0 2 0 0 0 0 0 0 0 10 52 47 0 0 0 0 0 0 0 5 0 0 0 0 0 0 27 0 0 0 0 0 38 0 0 0 0 0 60 0 0 0 0 0 47 62 0 0 0 5 0 1 0 0 0 0 0 0 0 0 0 0 3 0 0 0 0 0 0 0 0 0 0 0 0 0 0 1 0 0 0 0 0 0 0 0 6 0 5 0 42 42 0 0 0 0 0 13 0 0 0 0 6 0 0 0 0 9 0 0 0 0 19 0 0 0 0 0 63 0 0 0 0 0 38 22 0 0 0 0 0 0 0 2 0 0 0 0 0 0 0 0 0 0 0 0 0 1 0 0 0 0 0 0 0 0 0 0 0 1 8 2 4 2 8 1 20 0 0 0 0 0 0 0 0 0 0 0 0 0 0 0 0 0 0 0 0 0 0 0 0 0 0 0 0 10 
 28 3 77 3 3 6 3 4 5 3 3 3 4 3 3 5 3 4 41 3 30 78 128 39 290 0 27 104 155 47 67 55 51 51 166 184 65 60 41 65 0 0 0 22 0 1 3 5 0 2 0 10 5 0 0 2 3 24 130 2 3 0 2 0 3 9 3 2 0 12 0 0 1 0 0 1 2 1 0 0 0 0 0 0 0 2 0 0 0 0 0 0 14 0 0 2 0 0 0 0 0 10 12 13 26 39 0 0 41 4 15 1 0 0 0 0 19 0 0 0 41 0 0 0 0 0 32 0 0 0 0 0 39 1 15 0 0 1 21 57 0 0 0 0 0 0 0 0 0 0 0 0 6 0 0 0 6 0 0 0 5 0 0 0 0 0 0 0 0 0 0 0 0 0 0 0 0 1 0 16 0 9 19 13 1 19 0 0 14 0 21 18 0 0 0 0 28 23 0 0 0 0 0 0 0 0 78 0 0 0 0 0 51 1 10 0 0 0 5 29 0 0 0 0 0 0 0 1 0 0 0 0 0 0 0 0 0 0 0 0 0 0 0 0 0 0 0 0 0 0 0 0 0 0 4 0 2 2 0 0 11 0 0 0 0 0 0 0 0 0 0 0 0 0 0 0 0 0 0 0 0 9 0 0 1 0 0 0 0 0 
 0 0 0 0 2 4 0 0 0 0 0 0 0 0 0 64 0 0 0 0 391 79 56 52 38 27 0 307 34 22 29 35 418 385 255 42 29 30 57 364 0 0 0 64 0 0 9 0 0 0 0 3 3 0 0 2 3 0 0 0 2 0 0 0 3 0 0 2 0 3 0 0 9 0 0 0 2 0 0 0 9 0 0 0 0 0 0 0 0 0 0 0 0 0 0 0 0 0 0 0 29 58 0 0 0 0 34 36 11 0 0 0 16 60 41 72 26 9 18 0 0 0 0 0 0 0 0 0 0 20 0 0 0 0 0 0 0 0 0 0 0 0 0 0 3 0 0 0 0 0 0 0 0 0 0 0 1 0 0 0 0 0 0 6 0 0 0 2 0 0 0 0 0 0 0 0 0 9 0 0 46 23 0 0 0 0 0 14 26 2 0 0 14 68 72 37 1 0 0 0 0 0 0 0 0 0 0 0 0 0 0 0 0 0 0 0 0 0 0 0 0 0 0 0 0 0 0 0 0 0 0 0 0 0 0 0 0 0 0 0 0 0 0 0 0 0 0 0 0 0 0 0 0 0 4 0 0 0 0 2 0 2 0 0 0 0 0 0 0 0 0 0 0 0 0 0 0 0 0 0 0 0 0 0 0 0 0 0 0 0 
 0 2 0 0 2 0 0 3 0 3 0 0 0 0 0 0 0 0 3 0 371 441 326 83 85 104 307 0 178 40 43 244 127 401 490 40 35 41 61 260 0 0 0 0 0 3 6 0 2 66 0 3 11 0 0 2 3 3 0 0 7 0 0 0 2 0 1 5 2 5 0 0 2 0 1 0 4 0 1 0 0 0 0 0 2 0 0 0 0 0 1 0 0 0 0 0 0 0 0 0 25 32 21 12 1 0 1 47 26 29 15 10 0 16 23 47 47 9 0 0 0 0 0 0 0 0 1 0 0 0 0 2 0 0 0 0 0 1 0 0 0 0 0 0 0 0 0 0 0 0 0 0 0 0 0 0 1 0 0 0 0 3 0 0 0 1 11 0 0 0 2 0 0 0 0 0 0 1 0 0 0 29 41 18 0 0 0 35 80 22 25 9 0 13 37 87 20 34 0 0 0 0 0 0 2 0 0 0 0 0 0 0 0 0 0 0 0 0 0 0 0 0 0 0 0 0 0 0 0 0 0 0 0 0 0 0 0 0 0 0 0 0 0 0 0 0 0 0 0 0 0 0 0 0 18 2 0 0 0 0 3 2 0 0 0 0 0 0 0 0 0 0 0 0 0 0 0 0 0 0 0 13 0 2 0 0 0 0 0 0 
 0 2 2 2 2 0 0 3 0 0 0 0 0 1 0 64 1 0 0 2 55 308 242 192 106 155 34 178 0 356 338 27 88 102 197 190 373 248 62 298 0 0 0 0 63 124 3 0 0 0 0 3 25 0 0 2 3 0 3 0 4 0 0 0 3 0 14 2 0 3 0 0 1 5 0 0 2 0 0 0 0 0 0 0 0 0 0 0 0 1 0 0 0 0 0 0 1 0 0 0 15 27 32 44 44 1 0 13 15 74 38 29 0 0 0 0 16 33 0 0 0 0 0 0 0 2 0 1 0 0 0 0 0 0 0 0 0 1 0 0 0 0 5 0 0 0 0 0 0 0 8 0 0 0 0 0 4 0 0 0 3 6 0 0 0 0 0 0 0 0 0 0 2 52 2 0 0 0 0 0 0 16 23 16 2 0 0 14 64 37 26 20 0 0 1 43 20 54 0 0 0 0 2 0 0 0 0 0 0 0 0 9 0 0 0 1 0 0 0 0 0 0 0 2 0 0 0 0 11 0 0 10 1 0 0 0 0 0 0 0 0 0 0 0 0 0 0 0 0 0 0 1 0 0 12 0 0 3 2 0 4 1 2 0 0 0 8 0 0 0 0 0 0 0 0 0 0 0 0 0 0 15 0 0 0 0 16 0 0 0 
 0 0 3 2 1 6 0 0 0 0 0 0 0 0 0 3 0 0 0 0 47 28 302 634 92 47 22 40 356 0 640 51 255 72 110 559 241 377 55 80 0 2 0 0 0 3 0 0 0 0 0 0 0 4 0 3 3 0 0 0 0 0 2 0 0 2 11 0 0 0 0 0 0 0 3 4 0 0 0 2 0 0 0 0 0 0 0 0 0 0 0 20 0 0 0 0 0 0 0 0 0 2 28 29 88 0 0 0 0 46 38 34 0 0 0 0 18 36 0 0 0 0 0 0 0 0 0 0 0 0 0 0 0 0 1 0 0 0 10 0 0 0 41 0 0 0 0 0 0 0 4 0 0 0 0 0 6 0 0 0 0 1 0 0 0 0 0 0 0 0 2 0 0 0 0 0 0 0 0 0 0 0 0 60 23 3 0 52 0 2 15 35 0 0 0 0 8 41 0 0 0 0 0 0 0 0 0 0 0 0 0 0 0 0 0 0 0 0 0 0 0 0 0 0 0 0 0 0 0 0 0 0 0 0 0 0 0 0 0 0 0 0 12 0 0 0 0 0 0 0 0 0 0 0 8 2 2 151 156 2 2 20 0 0 0 68 20 0 0 0 0 0 0 6 0 0 0 0 0 0 0 13 0 0 0 0 28 0 0 0 
 3 3 3 3 3 3 3 5 3 5 3 3 5 3 3 8 3 3 3 3 240 471 274 437 87 67 29 43 338 640 0 588 37 59 86 164 260 566 36 63 0 0 0 0 32 1 8 5 0 0 0 3 3 0 0 4 5 3 0 0 2 0 0 3 6 0 8 2 0 3 2 0 2 31 2 0 2 0 0 0 0 0 0 0 0 0 2 0 0 0 0 0 0 0 0 0 0 0 0 0 1 0 12 13 20 25 0 1 0 31 7 36 0 0 0 0 0 17 2 0 1 7 0 0 0 0 0 0 0 0 0 0 13 0 0 0 0 0 71 0 0 0 11 0 0 0 0 0 0 3 2 0 0 0 0 0 4 0 0 0 0 0 0 0 0 0 0 0 13 0 0 0 0 0 0 0 0 0 0 0 0 0 0 36 75 26 0 15 0 16 0 21 0 0 3 1 14 24 0 0 19 0 0 0 0 0 0 1 0 0 0 0 4 0 0 0 0 21 22 0 0 0 1 0 0 0 0 0 1 0 0 0 0 0 0 0 0 0 0 0 0 0 19 0 0 0 0 0 0 0 0 0 0 0 8 0 4 86 43 0 25 21 0 0 0 0 0 0 0 0 0 0 0 0 0 0 0 2 0 0 0 0 0 0 0 0 7 0 0 0 
 0 0 0 0 2 1 0 2 68 0 0 0 0 2 0 0 0 1 0 46 32 24 43 407 363 55 35 244 27 51 588 0 39 52 38 263 83 72 26 25 0 0 58 0 0 0 3 0 0 78 0 3 3 0 0 2 3 0 0 0 2 0 43 0 1 9 4 3 0 5 0 27 2 51 2 0 3 0 4 0 0 0 0 0 0 0 0 0 0 0 0 0 0 0 0 0 0 0 0 0 0 0 0 83 64 43 0 0 0 0 41 0 0 0 0 0 0 0 0 0 0 0 0 0 0 0 23 0 0 0 0 0 67 0 0 0 0 0 55 44 0 0 0 0 0 0 0 0 0 0 0 0 0 20 0 0 0 0 0 0 0 0 0 0 0 0 0 0 0 1 0 0 0 0 0 0 0 0 0 0 0 0 0 32 41 51 13 0 0 0 0 16 0 0 0 0 0 0 0 0 0 0 0 0 0 0 0 0 3 0 0 0 32 0 0 0 0 0 91 9 0 0 0 0 0 0 0 0 0 6 0 0 0 0 0 0 0 0 0 15 0 0 19 0 25 0 0 0 0 0 0 0 0 0 5 0 0 150 154 2 13 14 0 0 0 0 0 22 0 0 0 0 0 0 2 0 0 0 0 0 0 0 0 0 0 0 0 0 0 0 
 2 2 4 2 2 3 2 41 2 2 2 2 2 4 2 2 2 2 2 4 281 151 70 71 59 51 418 127 88 255 37 39 0 280 479 34 32 245 410 236 0 0 0 5 0 0 3 0 0 0 0 3 3 0 0 2 3 0 0 1 2 0 0 0 2 0 0 3 0 3 0 0 6 0 0 0 2 0 0 0 0 8 0 0 0 2 0 0 0 1 8 0 0 30 0 0 0 0 0 0 36 13 1 1 0 0 39 23 12 0 1 0 16 61 36 18 0 0 23 42 0 0 0 0 0 2 0 1 0 0 0 0 0 0 0 0 0 1 0 0 0 0 0 0 9 0 0 0 26 0 0 0 0 0 0 0 0 0 0 0 0 0 0 5 0 0 0 0 0 0 0 0 2 0 2 0 1 8 0 0 57 11 0 0 0 0 27 20 3 0 0 0 31 28 35 0 0 0 2 49 0 0 2 0 0 0 0 0 0 0 0 0 0 0 0 1 0 0 0 0 0 0 0 2 0 10 0 0 0 0 0 0 1 0 0 0 0 0 4 0 0 0 0 0 0 0 0 0 0 0 0 0 0 0 8 2 0 0 0 0 0 0 2 0 0 0 0 0 0 0 0 0 0 1 0 0 0 0 0 0 0 1 0 0 0 0 0 0 0 0 
 0 0 2 0 0 0 0 4 0 0 2 0 1 2 0 2 0 0 0 0 95 81 268 84 77 51 385 401 102 72 59 52 280 0 437 125 47 171 68 191 0 0 0 3 0 0 10 0 0 0 1 3 4 0 0 6 3 0 0 0 4 1 2 2 5 0 2 3 0 3 0 0 4 0 6 0 2 0 3 0 0 0 0 0 0 0 0 0 0 0 0 0 0 0 0 0 1 0 0 0 56 22 20 0 2 0 12 23 22 2 0 0 0 42 22 67 37 13 0 0 0 0 0 0 0 0 2 0 0 0 0 0 0 0 0 0 0 0 10 0 0 0 0 0 0 0 0 0 0 0 0 0 2 0 0 0 1 0 0 0 24 2 0 0 0 2 1 0 0 0 0 0 0 9 0 0 0 3 0 5 31 46 12 6 0 0 0 23 29 14 11 0 0 8 61 29 23 0 0 0 0 0 0 0 0 0 0 0 11 0 0 0 0 0 0 0 0 0 0 0 0 0 0 11 0 0 0 0 16 0 0 0 0 0 0 0 0 0 0 1 0 0 0 0 0 0 0 0 0 0 0 1 0 0 14 1 0 0 0 0 2 0 0 0 0 0 0 0 0 0 0 0 0 0 0 0 0 0 0 0 0 8 0 1 0 0 0 0 0 0 
 0 1 0 0 0 0 0 0 0 0 0 0 0 1 0 0 0 0 2 0 483 400 116 79 84 166 255 490 197 110 86 38 479 437 0 338 251 42 73 417 0 0 5 2 0 29 3 0 0 0 0 11 9 0 0 2 3 3 0 0 13 0 0 0 1 0 0 3 0 3 0 0 2 0 0 0 2 0 0 0 0 0 0 0 0 0 0 0 0 0 0 0 0 0 0 0 0 0 0 0 25 48 10 18 9 0 0 18 36 20 29 12 0 10 2 31 45 10 1 0 0 0 0 1 1 0 0 0 0 0 0 0 0 10 0 0 0 0 0 0 0 0 0 0 2 0 0 0 13 0 1 0 0 0 0 0 13 0 2 0 0 6 0 1 0 0 5 0 0 0 0 0 0 0 0 0 0 2 0 1 2 30 70 15 0 0 0 15 54 21 43 1 0 27 27 32 41 32 0 0 0 0 0 0 0 0 0 0 0 0 0 0 0 0 2 0 0 0 0 0 0 0 0 0 0 2 0 0 0 0 0 0 0 0 0 21 0 0 0 0 0 0 0 0 0 0 0 0 0 0 0 0 0 0 7 3 4 1 0 3 1 3 0 0 0 0 0 0 0 0 0 0 0 0 0 0 0 0 0 0 0 13 0 0 0 0 0 0 0 0 
 4 4 3 5 10 6 3 3 3 4 4 4 4 4 3 4 4 6 3 4 28 283 102 38 103 184 42 40 190 559 164 263 34 125 338 0 328 483 47 55 0 0 0 0 0 0 3 0 0 6 207 4 2 0 0 2 2 0 0 0 3 0 1 0 0 2 7 3 7 3 0 0 3 0 6 1 6 0 0 0 0 0 0 0 0 0 0 0 0 0 0 0 0 0 0 0 0 0 0 0 0 9 14 27 7 1 0 9 10 37 20 30 0 0 0 0 7 33 13 0 0 0 0 0 0 0 0 0 0 0 0 0 0 0 0 0 0 0 0 0 0 0 4 0 0 0 0 0 0 0 1 0 0 0 0 0 3 0 0 0 0 7 0 0 0 0 0 0 0 0 0 0 11 0 0 0 0 0 0 0 0 0 26 13 1 0 0 0 33 25 47 20 0 0 0 21 35 30 0 0 0 0 0 0 0 0 0 0 0 0 0 0 0 0 0 0 0 0 0 0 0 0 0 0 0 0 0 0 0 2 0 0 0 0 0 0 0 0 0 0 0 0 0 0 0 0 1 0 0 0 0 0 0 0 11 2 0 2 1 0 4 1 0 0 0 0 22 0 0 0 0 0 0 0 0 0 0 0 0 0 0 0 0 0 0 0 7 0 0 0 
 0 0 0 0 0 0 0 4 0 0 2 0 0 0 0 3 36 0 0 0 32 186 220 193 54 65 29 35 373 241 260 83 32 47 251 328 0 294 59 460 0 0 0 0 0 0 3 0 0 3 0 3 12 0 0 2 3 3 0 0 2 2 0 0 2 1 7 2 0 53 0 0 1 0 0 0 2 0 0 0 0 0 0 0 0 0 0 0 0 0 0 0 0 0 0 0 0 0 0 0 2 0 12 29 28 0 0 11 0 53 49 37 0 0 0 0 12 31 0 0 0 0 0 0 0 0 0 0 0 0 0 0 8 0 0 0 0 0 0 0 0 0 5 0 0 0 0 0 0 0 2 0 0 0 0 0 3 0 0 0 0 11 0 0 0 0 0 2 0 0 0 0 0 0 0 0 0 0 0 0 0 6 0 29 24 0 0 3 0 15 12 52 0 0 0 11 17 46 0 0 0 0 0 0 0 0 0 0 0 0 0 0 0 0 0 0 0 0 1 0 0 0 0 0 0 0 0 0 0 0 1 14 0 0 0 0 0 0 0 0 0 0 2 0 0 0 0 0 0 0 0 0 0 0 0 0 0 149 1 0 1 12 0 0 0 0 18 0 0 0 0 0 0 0 0 0 0 0 0 0 0 18 0 0 0 0 9 0 0 4 
 0 0 1 0 209 0 1 2 0 0 0 0 200 0 0 0 3 207 0 0 71 35 281 574 49 60 30 41 248 377 566 72 245 171 42 483 294 0 28 44 0 1 0 1 0 2 4 0 0 0 0 3 3 0 0 2 3 0 0 0 2 0 0 2 3 0 3 2 0 3 0 0 1 0 4 0 2 0 0 0 0 0 0 1 0 0 0 0 0 0 0 0 0 0 0 0 0 0 0 0 0 0 31 26 31 0 0 0 0 16 54 19 0 1 0 0 18 39 0 0 1 0 2 52 0 0 1 0 0 0 1 1 3 0 0 0 0 0 0 0 0 0 8 0 0 0 0 0 0 0 4 0 0 0 0 0 6 0 13 0 0 4 0 0 0 0 0 0 0 0 0 0 0 0 0 0 0 0 0 0 0 0 0 39 12 1 0 13 1 6 15 29 0 0 0 0 11 48 0 0 2 0 0 0 0 0 0 0 0 0 0 0 0 0 0 0 0 0 12 0 0 2 0 0 0 0 0 0 0 0 0 0 0 0 0 0 0 0 0 3 0 0 20 0 0 0 0 0 0 0 0 0 0 0 3 3 3 156 147 1 7 50 0 0 0 0 13 0 0 0 0 0 0 0 1 0 0 0 0 0 0 15 0 0 0 0 10 0 0 0 
 1 3 0 0 4 304 2 5 0 1 1 0 0 0 2 0 1 0 0 0 38 37 108 60 36 41 57 61 62 55 36 26 410 68 73 47 59 28 0 329 0 0 0 1 54 0 3 0 0 0 0 3 3 0 0 2 3 0 0 0 2 0 0 0 2 0 0 3 0 3 0 0 5 0 0 0 2 0 0 0 0 0 0 0 25 34 0 0 0 0 0 0 0 0 0 0 0 0 0 0 0 15 0 0 0 0 30 18 10 0 0 0 31 14 33 0 0 0 37 29 0 0 0 0 0 0 0 0 0 0 0 0 2 0 0 0 0 0 0 0 0 0 0 0 7 0 0 0 0 0 0 0 0 0 0 0 0 0 0 0 0 0 0 4 0 16 6 0 0 15 0 0 0 1 0 0 0 0 0 0 55 0 0 2 0 0 28 8 0 0 0 0 37 37 17 0 0 0 29 48 2 0 0 0 0 0 0 0 0 0 0 0 0 0 0 0 0 0 0 0 0 0 0 0 0 0 0 0 0 0 0 0 0 0 2 0 0 0 0 0 0 0 0 0 0 0 0 0 0 0 0 0 0 0 15 2 0 0 0 2 0 0 0 0 0 0 0 0 0 0 0 0 0 0 0 0 0 0 0 0 0 0 0 0 0 0 0 0 0 0 
 0 3 2 0 4 0 0 3 0 0 0 0 0 2 34 0 0 0 0 2 109 65 114 93 82 65 364 260 298 80 63 25 236 191 417 55 460 44 329 0 0 0 0 7 0 8 66 0 0 0 0 7 5 0 0 4 19 67 0 1 2 0 3 0 2 0 0 3 39 3 0 0 10 0 4 3 9 2 0 0 0 0 0 0 0 0 0 0 0 1 0 0 0 0 0 0 1 0 0 0 32 37 0 1 0 0 57 53 3 0 1 0 18 45 33 43 5 0 25 48 0 0 0 0 0 2 0 1 0 0 0 0 0 0 0 1 34 1 0 0 0 0 0 0 9 0 0 0 0 0 0 0 0 0 0 0 0 0 0 0 7 0 0 22 0 1 0 0 0 0 0 0 2 0 2 0 0 4 0 0 41 15 0 0 0 0 52 15 2 0 0 0 45 27 51 3 0 0 0 29 0 0 2 0 11 0 0 0 0 0 0 0 0 0 0 1 0 0 0 0 0 0 0 2 0 0 0 0 0 0 0 0 1 0 0 0 0 0 0 0 0 0 0 0 0 0 0 0 0 0 0 0 0 0 15 2 0 0 0 0 2 0 2 0 0 0 0 0 0 0 0 0 0 1 0 0 0 0 0 0 0 1 0 0 0 0 0 0 0 0 
 0 0 0 0 0 0 0 0 0 0 0 0 0 0 0 0 0 0 0 0 0 0 0 1 0 0 0 0 0 0 0 0 0 0 0 0 0 0 0 0 0 81 282 36 41 30 290 247 60 36 37 40 42 81 246 29 39 29 56 396 0 0 0 0 0 0 0 0 0 0 0 0 0 0 0 0 0 1 0 0 0 0 0 0 0 0 0 0 0 0 0 0 0 0 0 0 1 0 0 0 0 0 0 0 0 0 0 0 0 0 11 0 0 0 0 0 0 0 0 0 19 47 22 0 0 0 15 0 40 2 0 1 0 15 13 12 44 10 0 0 0 0 0 0 0 0 0 0 0 0 0 0 21 10 0 0 0 0 0 0 0 36 0 0 0 20 0 0 0 0 0 3 0 0 0 0 0 0 0 0 0 0 0 0 0 0 0 0 0 0 0 0 0 0 0 0 0 0 0 0 27 31 54 0 0 0 0 48 31 29 0 0 0 16 10 12 23 12 0 0 0 0 0 0 0 0 0 0 0 0 0 0 0 0 0 0 0 31 0 0 0 0 0 0 0 0 0 0 0 0 0 0 0 0 0 0 0 0 0 0 0 0 0 0 1 66 0 0 0 0 0 0 0 0 0 0 0 0 0 0 0 0 0 0 0 1 0 0 0 0 
 0 0 0 57 0 0 0 0 0 0 0 0 0 0 0 0 0 0 0 1 29 0 0 0 0 0 0 0 0 2 0 0 0 0 0 0 0 1 0 0 81 0 288 49 29 51 91 276 291 27 22 41 44 56 298 202 385 35 60 71 0 0 0 6 0 0 0 0 0 0 0 1 0 0 0 1 0 0 2 0 0 0 0 0 0 0 0 0 0 0 0 0 0 0 0 0 0 0 0 0 0 0 0 0 0 0 0 0 0 0 0 0 0 0 0 0 0 0 0 0 0 25 24 13 0 1 0 0 15 59 34 5 0 0 0 34 27 50 0 0 0 0 0 0 0 7 0 0 0 0 0 0 0 0 0 0 0 0 3 0 0 0 0 0 0 0 0 3 1 0 0 0 11 0 0 0 0 0 0 0 0 0 0 0 0 0 0 0 0 0 0 1 0 0 0 0 0 0 0 0 2 0 32 42 0 1 0 0 10 25 19 5 0 0 0 69 9 26 0 0 0 0 0 0 0 0 0 0 0 0 0 0 0 0 0 0 0 0 0 0 0 0 29 0 0 0 0 1 0 0 0 8 0 0 0 0 0 0 0 10 0 0 0 0 0 12 0 0 0 0 0 0 0 0 0 0 0 0 0 0 0 0 0 0 5 62 0 0 0 0 
 0 4 9 2 0 0 0 0 32 11 0 0 0 0 0 3 12 0 0 66 0 0 0 2 0 0 0 0 0 0 0 58 0 0 5 0 0 0 0 0 282 288 0 118 259 22 92 310 208 462 25 55 52 65 478 221 135 231 24 46 0 0 31 0 0 51 0 0 0 0 0 1 0 0 0 2 0 1 0 0 0 0 4 6 0 1 0 0 5 3 3 7 0 0 0 7 9 0 0 0 0 0 0 0 0 0 0 0 0 0 0 0 0 0 9 0 0 0 10 0 0 0 21 27 1 0 0 0 1 34 31 18 0 0 0 25 11 41 16 0 0 0 0 0 0 2 0 0 1 0 0 0 0 0 0 0 0 0 5 0 0 0 0 9 0 0 0 5 5 3 32 1 4 0 0 5 20 8 0 0 0 0 0 0 2 0 0 0 0 0 0 0 0 0 0 0 0 0 0 0 1 0 4 35 22 0 0 0 0 35 27 19 0 0 0 36 0 18 0 0 0 0 0 0 0 0 0 0 11 0 0 0 0 0 0 0 0 0 0 0 0 3 10 0 0 0 2 0 0 0 0 4 0 1 0 1 0 0 0 8 0 0 4 2 0 12 2 1 0 0 7 0 0 0 0 0 0 0 0 0 0 0 0 3 11 38 0 0 1 0 
 0 0 0 29 38 40 0 0 0 0 30 56 0 0 0 0 0 0 0 0 1 1 0 0 0 22 64 0 0 0 0 0 5 3 2 0 0 1 1 7 36 49 118 0 84 42 126 63 324 219 115 173 91 61 70 42 120 470 52 63 0 0 0 9 4 0 0 0 0 0 0 0 6 1 0 0 0 19 0 0 0 0 0 0 13 16 0 0 0 0 0 19 0 0 0 0 0 0 0 0 0 0 0 0 0 0 4 2 0 0 0 0 4 0 2 0 0 1 2 13 0 0 0 9 41 18 0 0 0 0 9 25 0 0 0 0 0 0 0 0 0 0 1 0 0 0 0 0 0 0 0 1 1 0 0 0 0 5 3 0 0 0 0 0 1 2 0 0 0 0 0 0 0 6 0 0 0 0 0 0 0 0 0 0 0 0 13 0 0 0 0 0 9 2 0 0 0 0 32 3 0 0 0 18 43 8 0 0 0 0 12 15 0 0 0 0 0 0 0 0 0 0 0 0 0 0 0 0 0 0 0 0 0 0 0 0 0 0 8 2 0 0 0 0 0 0 1 0 0 29 0 3 0 2 0 0 0 0 1 0 0 0 30 0 1 2 0 36 0 0 8 0 0 0 0 0 18 0 0 0 0 3 0 0 0 0 0 0 2 0 
 0 2 0 8 8 0 0 5 0 0 5 4 0 0 19 0 0 0 0 0 1 0 0 2 0 0 0 0 63 0 32 0 0 0 0 0 0 0 54 0 41 29 259 84 0 286 262 284 74 307 78 243 90 59 78 537 46 275 272 275 0 0 0 8 0 0 0 10 0 0 0 0 55 0 0 2 3 6 1 0 0 0 0 0 2 8 0 0 0 0 0 13 0 0 0 1 0 0 0 0 0 0 0 0 0 0 0 0 0 0 8 0 7 0 0 0 0 0 7 0 0 0 0 1 21 29 0 0 0 0 1 0 0 0 0 0 0 0 0 0 0 0 0 0 0 0 8 0 0 0 19 3 20 0 0 0 0 0 8 22 0 0 0 0 5 6 0 0 0 0 9 3 0 0 0 0 0 0 0 0 9 0 0 0 0 0 0 0 0 0 0 0 2 0 0 0 0 23 2 0 0 0 0 0 36 19 0 0 0 0 0 9 0 0 0 0 0 0 0 0 0 1 0 0 0 0 0 0 0 0 0 0 37 31 8 0 0 0 27 56 0 0 0 0 0 0 5 0 0 0 0 6 0 0 0 0 0 0 0 0 1 12 18 1 0 2 0 1 0 0 1 0 0 0 0 0 0 0 0 0 0 0 0 0 0 0 0 0 0 0 
 0 3 0 0 0 0 0 0 0 0 0 0 0 0 0 62 2 0 0 0 0 0 0 6 2 1 0 3 124 3 1 0 0 0 29 0 0 2 0 8 30 51 22 42 286 0 41 22 44 55 90 75 41 32 51 99 58 286 41 50 0 0 0 1 0 0 0 18 0 0 0 0 0 0 0 4 0 2 102 53 0 1 0 0 0 0 0 0 0 0 0 0 0 0 0 0 0 0 12 0 0 0 0 0 0 0 0 0 0 0 0 0 0 0 0 0 0 0 0 0 0 0 0 0 10 2 0 0 0 0 0 0 0 0 0 0 0 0 0 0 10 1 0 0 0 0 22 15 0 0 0 6 20 11 0 0 31 0 21 21 0 0 0 0 0 0 6 0 0 0 0 0 0 0 0 0 0 0 3 0 0 0 0 0 0 0 0 0 0 0 0 0 0 0 0 0 0 0 0 0 0 0 0 0 1 10 0 0 0 0 0 0 0 0 0 0 0 0 0 0 6 0 0 0 0 0 27 9 0 0 0 17 23 22 10 0 0 0 17 41 0 0 0 0 0 0 0 0 0 0 0 6 0 0 0 0 0 0 0 0 0 0 5 0 0 4 2 0 1 0 0 0 0 0 0 0 0 0 0 0 0 0 0 0 0 0 0 0 0 0 
 0 0 0 0 0 0 0 0 0 0 0 0 0 0 56 2 0 0 0 0 3 4 3 3 8 3 9 6 3 0 8 3 3 10 3 3 3 4 3 66 290 91 92 126 262 41 0 114 261 48 30 246 284 475 56 123 45 239 71 240 0 0 2 0 0 0 0 0 0 0 0 0 0 0 26 2 0 0 0 0 0 0 0 0 0 0 0 13 0 0 0 0 0 0 0 0 0 0 0 0 0 0 0 0 0 0 10 0 0 0 0 0 0 0 0 9 0 0 0 0 20 16 22 0 0 0 21 19 20 0 0 0 0 38 42 80 16 4 0 7 0 0 0 0 0 0 0 0 0 0 0 0 0 0 0 0 0 0 0 0 0 0 0 0 0 0 0 4 0 0 0 3 0 0 0 0 1 0 1 0 0 6 0 0 0 0 0 0 0 0 0 0 0 0 0 0 0 0 0 0 47 83 5 0 0 0 19 46 34 0 0 0 0 32 43 35 34 7 0 16 0 0 0 0 5 0 0 14 0 0 0 0 0 0 0 0 0 0 0 0 0 0 0 0 0 0 0 0 0 0 0 13 0 1 0 0 0 0 0 2 0 0 2 0 5 4 4 0 0 0 0 0 0 0 0 0 0 0 0 0 0 0 0 0 0 0 0 0 1 0 
 0 3 0 0 3 0 0 11 0 0 62 56 0 0 0 0 0 0 0 69 0 0 0 0 0 5 0 0 0 0 5 0 0 0 0 0 0 0 0 0 247 276 310 63 284 22 114 0 130 46 36 35 149 287 182 156 37 37 64 72 0 0 0 0 0 0 0 0 0 0 0 0 0 0 0 2 0 0 0 0 0 0 0 0 0 0 0 0 0 0 0 0 0 0 0 0 0 0 0 0 0 0 0 0 0 0 0 0 0 0 0 0 0 0 0 0 0 0 0 0 13 18 51 12 9 34 0 0 23 36 34 14 0 23 9 14 54 12 0 0 0 0 0 0 0 0 0 0 0 0 0 0 0 0 0 0 0 0 0 0 0 0 0 0 0 0 0 0 0 0 0 1 13 0 10 0 0 0 0 0 0 0 0 0 0 0 0 0 0 0 0 0 0 0 0 0 0 0 0 10 23 7 45 15 7 0 1 13 29 33 27 0 0 1 0 16 17 19 0 0 0 0 0 0 0 0 0 0 0 1 0 0 0 0 0 0 0 0 0 0 0 0 15 0 0 0 0 0 7 26 0 2 0 2 0 0 0 0 0 0 0 0 0 0 0 0 0 0 0 0 0 0 0 0 0 0 0 0 0 0 0 0 8 0 57 22 0 0 2 0 
 0 0 0 0 0 0 0 2 0 0 0 0 0 0 0 3 0 0 1 0 0 1 0 0 0 0 0 2 0 0 0 0 0 0 0 0 0 0 0 0 60 291 208 324 74 44 261 130 0 294 285 46 92 76 243 150 93 193 60 60 0 0 0 9 0 0 0 0 0 0 0 0 0 2 0 2 0 0 0 0 0 0 0 0 0 0 0 0 0 0 0 0 0 0 0 0 0 8 0 0 0 5 0 0 1 0 0 0 0 0 0 0 0 0 0 0 0 0 0 0 0 1 29 28 0 1 0 0 2 45 29 9 0 5 0 21 28 32 0 0 0 0 0 0 0 5 0 13 0 0 0 0 0 0 0 0 0 0 4 0 0 0 0 0 0 0 0 6 15 0 0 0 6 0 0 0 0 0 0 0 0 0 0 0 0 0 0 0 0 2 0 0 0 0 0 0 0 0 0 0 1 0 17 22 0 0 0 2 10 51 40 13 0 0 0 23 2 11 0 0 0 0 0 0 0 0 0 0 0 0 0 0 0 0 0 0 0 0 1 0 0 0 7 0 0 0 0 0 0 0 0 0 0 0 0 0 0 0 0 14 0 0 0 3 0 6 2 1 1 0 0 0 0 0 0 0 0 0 0 0 0 0 0 0 21 22 0 0 0 0 
 0 0 0 0 0 2 0 0 0 0 0 0 66 0 0 0 0 0 0 0 0 67 0 0 0 2 0 66 0 0 0 78 0 0 0 6 3 0 0 0 36 27 462 219 307 55 48 46 294 0 392 272 61 82 112 271 216 145 60 86 1 0 0 0 10 8 0 0 0 0 0 4 0 23 0 1 0 0 0 0 0 0 0 0 0 0 0 0 0 0 0 0 0 0 0 0 0 0 0 0 0 0 0 0 0 0 0 0 0 0 0 0 0 0 0 0 0 0 0 0 0 0 0 42 10 1 0 0 0 24 11 29 0 0 0 20 0 11 0 0 0 15 0 0 4 44 0 0 0 0 0 0 0 0 13 0 0 10 3 0 0 0 0 0 0 0 0 4 3 0 0 0 0 0 0 0 0 0 0 0 0 0 0 0 0 0 0 4 0 0 0 0 0 0 0 0 0 0 0 0 0 0 0 17 10 7 0 0 0 10 10 15 0 0 0 11 0 0 0 0 0 0 0 0 5 30 0 0 0 0 0 0 0 0 0 0 0 0 10 0 0 0 11 0 0 0 0 0 0 0 0 7 0 0 0 0 0 0 0 52 0 0 64 64 2 27 0 64 0 0 13 0 0 0 0 0 0 0 0 0 0 0 0 0 0 15 0 0 0 0 
 3 3 3 3 3 3 3 6 3 3 3 3 3 10 3 3 3 3 5 3 2 0 0 40 0 0 0 0 0 0 0 0 0 1 0 207 0 0 0 0 37 22 25 115 78 90 30 36 285 392 0 281 33 23 71 74 161 240 31 58 0 0 0 13 3 0 2 1 3 0 0 0 56 50 2 2 0 22 0 0 0 0 0 3 0 0 0 0 0 0 0 0 0 0 0 0 0 0 0 0 0 0 0 0 0 0 0 0 0 0 0 0 0 0 0 0 0 0 0 0 0 0 0 9 45 32 9 0 0 0 9 38 0 0 0 2 0 1 0 0 0 0 0 0 0 0 0 0 0 0 0 1 1 0 0 0 0 3 4 0 0 0 0 0 0 10 0 3 8 0 0 0 0 0 0 0 0 0 0 0 0 0 0 0 0 0 0 0 0 0 0 0 0 0 0 0 0 0 0 0 0 0 0 19 59 16 0 0 0 0 6 27 0 0 0 0 0 0 0 0 0 0 0 0 0 0 0 0 0 0 0 0 2 6 0 0 0 21 17 1 0 0 0 0 0 0 0 0 0 0 0 4 0 0 0 0 0 0 0 11 0 0 36 36 2 2 1 3 0 0 8 0 0 0 0 0 0 0 0 0 0 0 0 0 0 0 0 0 0 5 
 3 2 2 3 67 5 3 6 1 2 3 3 2 3 3 6 3 3 5 2 3 6 3 3 3 10 3 3 3 0 3 3 3 3 11 4 3 3 3 7 40 41 55 173 243 75 246 35 46 272 281 0 42 259 29 33 75 84 21 44 0 0 0 5 3 0 0 10 0 0 0 0 22 0 0 1 0 6 0 0 0 0 0 0 0 0 0 0 0 0 0 0 0 0 0 0 0 0 0 0 1 14 0 0 0 0 0 0 0 0 0 0 0 0 0 0 0 0 0 0 0 0 0 2 27 27 0 5 0 0 0 71 0 0 0 0 0 0 0 0 0 1 0 0 22 0 1 0 0 0 0 0 17 0 0 0 0 4 14 19 0 0 0 0 0 0 0 7 0 0 0 1 0 0 0 0 0 0 0 0 0 0 0 3 0 0 0 0 0 0 6 0 0 0 0 0 0 0 0 0 0 0 0 0 34 78 0 0 0 0 9 13 0 0 0 0 0 23 0 0 0 0 0 0 0 0 0 0 0 0 0 0 0 23 0 0 0 0 28 38 0 0 0 0 0 0 2 0 0 0 0 4 0 0 0 0 1 0 0 17 0 0 62 63 0 2 4 63 0 0 2 0 0 0 0 0 0 0 0 0 0 0 0 0 0 0 0 0 0 0 
 22 0 0 0 0 0 0 1 0 0 0 69 0 0 0 0 0 0 0 0 5 7 41 3 2 5 3 11 25 0 3 3 3 4 9 2 12 3 3 5 42 44 52 91 90 41 284 149 92 61 33 42 0 314 40 31 34 34 390 130 0 0 3 0 0 2 0 202 0 59 0 0 202 0 181 0 3 0 0 0 0 0 0 0 0 0 0 0 0 14 0 0 0 0 0 0 0 0 0 0 21 17 4 22 0 0 0 23 11 6 8 0 0 0 0 1 8 0 0 0 10 9 1 0 0 0 0 8 1 0 0 0 0 44 17 0 0 0 0 0 0 0 0 0 0 0 0 0 0 0 0 0 0 0 0 0 0 0 0 0 8 0 0 0 0 0 0 0 0 0 0 5 0 0 0 0 0 0 0 0 0 11 0 0 0 0 0 7 4 12 22 0 0 0 0 12 1 4 0 0 29 27 0 0 0 0 40 41 11 0 0 0 12 39 24 0 6 0 0 19 0 0 0 0 0 0 0 0 0 0 0 0 0 0 0 0 0 0 0 0 0 0 0 0 0 0 0 0 0 0 0 7 0 1 0 0 0 0 0 2 0 0 2 0 0 2 2 0 0 0 0 0 0 0 0 0 0 0 0 0 0 6 0 0 0 0 0 0 1 0 
 0 0 0 0 3 0 0 0 71 0 0 0 3 0 0 2 0 4 0 0 0 1 0 0 0 0 0 0 0 4 0 0 0 0 0 0 0 0 0 0 81 56 65 61 59 32 475 287 76 82 23 259 314 0 580 335 262 15 324 154 0 0 0 0 0 4 4 0 0 0 0 0 0 0 0 0 0 0 0 4 0 0 0 0 0 0 0 0 0 0 0 0 0 0 0 0 0 0 0 0 0 0 0 0 0 0 0 0 0 0 0 0 0 0 0 0 0 0 0 0 20 43 23 0 0 0 0 0 20 1 0 0 0 16 19 13 27 7 0 0 0 0 0 0 0 0 0 0 0 12 0 0 0 0 0 0 0 9 0 0 0 0 12 0 0 0 0 0 0 0 0 6 0 0 0 0 0 0 0 0 0 0 0 0 0 0 0 0 0 0 0 0 0 0 0 0 0 10 0 0 20 35 37 2 0 0 0 52 31 0 0 0 0 7 7 13 18 11 0 0 3 0 0 0 0 0 0 0 0 0 0 0 0 24 0 0 0 0 0 0 0 0 0 0 0 0 0 0 0 0 0 0 0 1 0 0 0 0 0 2 0 0 0 0 3 1 0 0 0 0 0 0 0 0 0 0 0 0 0 0 0 0 0 0 2 1 0 0 1 0 
 0 0 0 0 0 0 0 4 0 0 0 0 0 0 0 0 0 0 0 2 0 1 0 0 0 0 0 0 0 0 0 0 0 0 0 0 0 0 0 0 246 298 478 70 78 51 56 182 243 112 71 29 40 580 0 399 285 35 49 125 49 52 0 2 0 0 0 0 0 0 0 0 0 0 0 7 0 0 1 54 0 0 0 0 0 0 0 0 0 0 0 0 0 0 0 0 0 0 0 0 0 0 0 0 0 0 0 0 0 0 0 0 0 0 0 0 0 0 0 0 22 40 61 9 9 0 0 0 23 62 42 10 0 12 39 23 77 33 0 0 0 0 18 0 0 0 0 0 0 0 0 0 0 0 0 0 0 0 0 0 0 0 0 0 0 0 0 0 1 0 0 4 9 0 0 0 0 0 0 0 0 0 0 0 0 0 0 0 0 0 0 0 0 0 0 0 0 0 0 0 28 8 25 16 6 0 0 14 37 38 61 0 0 0 0 42 17 34 0 0 0 0 0 0 0 0 0 0 0 0 0 0 0 0 0 0 0 0 0 0 0 0 1 0 0 0 0 0 0 24 0 10 0 2 0 0 0 0 0 0 0 0 4 0 3 5 0 0 1 0 0 0 0 0 0 0 0 0 0 0 0 0 8 0 17 31 0 0 2 0 
 0 2 0 0 29 0 0 6 0 0 0 0 0 0 0 0 0 0 0 0 10 3 2 2 2 2 2 2 2 3 4 2 2 6 2 2 2 2 2 4 29 202 221 42 537 99 123 156 150 271 74 33 31 335 399 0 357 174 275 284 0 0 0 0 1 0 0 0 0 0 0 0 0 0 0 2 4 0 0 0 0 0 0 0 0 0 0 0 0 0 0 0 0 0 0 0 0 0 0 0 0 0 0 0 0 0 0 0 0 0 0 0 0 0 0 0 0 0 0 0 0 0 17 19 0 0 0 0 0 52 26 13 0 8 0 32 17 24 0 9 0 0 0 0 0 5 0 0 0 0 0 0 42 0 0 0 0 0 18 0 0 0 0 0 0 0 0 4 2 0 0 0 9 0 0 0 0 0 0 0 0 0 0 0 0 0 8 0 0 0 0 0 0 0 0 11 0 0 0 0 0 0 11 10 0 0 0 0 9 29 21 20 0 0 0 20 24 13 0 0 0 0 0 0 0 0 0 0 0 0 0 0 0 0 0 0 0 0 0 0 0 0 23 0 0 0 0 0 0 0 0 2 0 2 0 0 0 0 0 18 66 0 0 2 1 27 3 1 0 0 0 0 0 0 0 0 0 0 0 0 0 0 0 0 33 20 0 0 2 0 
 0 0 0 0 0 0 0 2 0 0 0 0 0 0 0 3 0 0 0 0 3 4 3 3 2 3 3 3 3 3 5 3 3 3 3 2 3 3 3 19 39 385 135 120 46 58 45 37 93 216 161 75 34 262 285 357 0 231 21 38 0 0 5 0 0 0 0 0 0 0 0 4 0 0 0 2 0 6 0 0 0 0 0 0 0 0 0 0 0 0 0 0 0 0 7 0 0 0 0 0 0 0 0 0 0 0 0 0 0 0 0 0 0 0 0 0 0 0 0 0 0 1 21 40 25 1 0 0 0 49 48 35 0 0 0 18 23 55 0 0 0 0 0 0 0 22 0 0 0 0 0 0 0 0 0 0 0 9 6 0 0 0 0 0 0 0 0 7 49 0 0 0 8 0 0 0 0 0 0 0 0 0 0 0 0 0 0 0 0 0 0 6 0 0 0 0 0 0 0 0 0 0 1 54 6 35 0 2 1 33 12 26 12 0 0 27 1 11 0 0 0 0 0 0 0 0 0 0 0 0 0 13 0 0 0 0 0 0 4 0 0 0 7 0 0 0 0 0 0 0 0 9 0 2 0 0 0 0 0 14 0 1 102 0 1 5 0 0 0 0 5 0 0 0 0 0 0 0 0 0 0 3 3 0 0 13 0 0 1 0 
 0 2 1 3 4 7 0 0 1 0 1 2 0 1 0 0 0 0 0 0 3 0 0 3 0 24 0 3 0 0 3 0 0 0 3 0 3 0 0 67 29 35 231 470 275 286 239 37 193 145 240 84 34 15 35 174 231 0 25 17 0 0 4 0 5 3 0 3 22 50 0 0 0 0 0 1 6 6 0 0 0 0 1 0 5 9 0 0 1 1 0 0 0 0 0 0 1 0 0 0 0 0 0 0 0 0 0 1 0 0 0 0 6 0 0 0 0 0 6 0 0 0 0 22 21 1 0 0 0 18 6 44 0 0 0 41 0 8 0 0 0 0 0 0 0 6 0 0 0 0 0 0 0 0 0 0 0 5 5 1 9 0 0 0 15 4 0 6 4 0 0 0 1 0 0 1 0 0 0 0 0 0 0 0 0 0 0 0 0 0 0 0 73 1 0 0 0 0 5 0 0 1 1 30 21 11 0 0 0 20 10 72 0 0 0 33 1 0 0 0 0 21 0 0 0 0 0 0 0 0 0 0 0 0 0 0 0 0 12 1 0 0 18 0 0 0 1 0 0 0 0 9 0 1 0 0 0 0 0 15 0 2 64 65 0 8 3 65 0 0 3 0 0 0 0 0 0 0 0 0 0 0 0 0 0 0 0 0 1 0 
 14 63 0 0 0 0 0 0 0 0 0 7 0 0 0 0 0 0 0 0 0 0 0 0 1 130 0 0 3 0 0 0 0 0 0 0 0 0 0 0 56 60 24 52 272 41 71 64 60 60 31 21 390 324 49 275 21 25 0 217 0 0 0 0 0 1 0 1 0 6 0 0 0 0 1 4 0 2 0 0 0 0 0 0 0 0 0 0 0 0 0 0 0 0 0 0 0 0 0 0 0 0 0 0 0 0 0 0 0 0 0 0 0 0 0 0 0 0 0 0 24 0 0 0 0 0 11 18 0 0 0 0 0 51 13 0 0 0 1 19 0 0 0 0 0 0 0 0 0 0 0 0 0 0 0 0 0 0 0 0 5 0 0 0 0 0 0 0 0 0 0 0 0 0 0 0 0 0 0 0 0 0 0 0 0 0 0 0 0 0 0 0 0 0 0 0 0 0 0 0 19 0 0 0 0 0 63 6 0 0 0 0 44 51 34 0 0 1 0 29 0 0 0 0 0 0 0 0 0 0 0 0 0 0 0 0 0 0 0 0 0 0 0 0 0 0 0 0 0 0 0 8 0 2 0 0 0 0 1 1 0 0 0 0 0 10 2 0 0 0 0 0 0 0 0 0 0 0 0 0 0 0 0 0 0 0 0 0 2 0 
 22 0 0 0 0 3 0 0 0 0 0 0 0 0 0 0 0 0 0 0 0 54 0 2 45 2 0 0 0 0 0 0 1 0 0 0 0 0 0 1 396 71 46 63 275 50 240 72 60 86 58 44 130 154 125 284 38 17 217 0 0 0 0 0 0 0 0 0 0 0 0 0 0 18 50 2 0 1 17 0 0 0 0 0 0 0 0 0 0 0 0 0 0 0 0 0 0 0 0 0 0 0 0 0 0 0 0 0 0 0 0 0 0 0 0 0 0 0 0 0 10 9 1 0 37 0 12 14 14 0 15 12 0 16 94 0 7 0 0 11 0 0 0 12 0 10 0 0 0 0 0 0 0 0 0 0 0 0 0 0 2 0 0 0 0 0 0 0 0 0 0 7 0 0 0 0 0 0 0 0 0 0 0 0 0 0 0 0 0 0 0 0 0 0 0 0 0 0 0 0 23 40 0 8 6 0 31 41 26 0 0 16 20 30 34 16 8 1 0 3 0 0 0 0 0 0 76 0 0 0 0 0 0 0 0 0 0 0 0 0 0 0 0 0 0 0 0 0 0 0 0 8 0 0 0 0 0 0 0 0 0 0 0 0 0 7 2 0 0 0 0 0 0 0 0 0 0 0 0 0 0 0 26 0 0 0 0 0 0 0 
 0 0 0 0 0 0 0 0 0 14 0 0 0 0 0 0 0 0 0 0 10 5 2 2 3 3 2 7 4 0 2 2 2 4 13 3 2 2 2 2 0 0 0 0 0 0 0 0 0 1 0 0 0 0 49 0 0 0 0 0 0 83 134 51 261 38 337 240 259 63 25 63 62 321 118 48 234 56 43 139 11 0 0 0 0 0 0 0 0 0 0 0 0 0 0 0 0 0 0 0 0 0 0 0 0 0 0 0 0 0 0 0 0 5 4 0 5 0 0 0 0 0 0 0 0 0 0 0 0 0 0 0 0 0 0 0 0 0 0 0 11 0 22 1 0 0 0 37 23 17 23 0 0 13 13 9 7 0 0 1 0 0 0 0 0 0 0 0 0 9 0 0 0 0 0 0 0 0 0 0 0 0 24 0 0 0 0 5 3 9 7 0 0 14 4 5 10 2 0 0 0 0 0 0 19 0 0 0 0 0 0 8 0 0 0 0 0 0 8 0 9 7 9 2 1 0 0 20 39 27 23 0 0 18 4 25 36 8 0 0 0 0 0 0 0 0 0 0 0 0 0 0 0 0 0 0 0 1 0 0 0 0 0 0 0 0 0 0 0 0 7 0 0 24 0 1 0 0 0 0 0 0 0 0 0 2 0 0 0 0 
 0 0 0 0 0 0 0 0 0 0 0 0 0 0 0 0 0 0 0 0 0 1 0 0 0 0 0 0 0 0 0 0 0 1 0 0 2 0 0 0 0 0 0 0 0 0 0 0 0 0 0 0 0 0 52 0 0 0 0 0 83 0 293 55 41 39 55 278 241 281 30 238 307 66 143 111 217 39 87 84 0 0 0 0 0 0 0 0 0 0 0 0 0 0 0 0 0 0 0 0 0 0 0 0 0 0 0 0 0 0 0 0 0 0 0 0 0 0 0 0 0 0 0 0 0 0 5 8 0 0 0 0 0 0 0 9 0 0 0 0 0 13 0 25 1 0 0 11 32 13 26 1 0 0 0 7 7 15 0 0 0 0 0 0 0 0 2 0 0 0 0 0 0 0 0 0 0 0 0 0 0 0 0 0 0 0 0 0 0 0 0 0 0 0 0 0 0 0 0 0 0 12 0 0 0 0 0 0 0 0 0 0 0 0 0 0 0 0 0 0 0 12 34 30 7 0 0 9 6 40 24 4 0 0 0 19 0 33 0 0 1 0 0 0 0 0 0 0 0 0 0 0 0 0 8 0 0 0 0 0 0 0 0 4 0 0 6 0 0 0 34 0 0 10 1 0 0 0 0 0 0 0 0 0 0 1 0 5 0 0 
