 0 166 63 133 23 43 461 439 33 29 119 40 106 205 332 35 37 10 30 131 3 0 2 2 2 4 0 1 6 0 1 0 1 0 3 0 0 0 0 0 3 3 0 0 0 0 2 0 3 5 0 9 0 1 8 0 0 0 5 0 3 0 3 0 35 0 0 0 0 2 0 0 2 0 0 6 0 5 0 0 21 45 12 1 0 0 41 65 29 0 0 0 0 50 109 7 7 0 0 10 0 0 0 2 0 0 0 0 0 0 0 0 0 0 0 0 0 1 37 0 0 0 0 0 2 0 0 0 22 2 0 0 0 0 0 0 0 0 0 0 0 0 0 16 0 0 0 24 0 0 0 0 0 0 0 0 0 0 0 0 36 30 25 0 26 0 0 24 14 1 0 0 0 16 37 0 15 0 16 0 0 0 0 0 0 0 0 0 9 0 0 0 1 0 0 0 0 0 0 0 0 0 0 0 0 0 0 0 0 0 0 0 0 1 0 0 0 0 1 0 0 0 0 0 0 0 0 0 0 0 15 0 0 0 0 1 0 0 0 0 0 0 0 0 0 0 0 0 0 0 0 3 0 2 0 0 0 0 0 0 0 0 0 0 2 0 0 0 0 0 0 0 0 0 0 0 0 0 0 0 0 0 0 0 0 0 0 0 0 0 
 166 0 279 159 21 31 98 440 306 39 34 43 25 151 275 308 121 24 37 54 2 0 0 0 0 2 1 0 0 1 2 2 0 0 0 0 0 2 0 0 3 3 2 0 0 0 5 0 3 0 0 0 0 0 0 0 0 0 0 0 3 0 3 0 0 0 0 0 58 0 0 0 2 0 0 0 0 0 0 0 14 24 37 48 0 0 0 29 43 27 1 12 0 12 32 45 2 5 0 0 0 0 0 4 0 0 0 8 0 0 0 0 2 0 0 0 0 0 0 0 0 0 0 0 0 0 0 1 0 0 0 0 0 0 0 0 0 0 0 0 0 0 0 2 0 0 0 2 0 0 0 0 0 0 2 0 0 0 0 0 0 40 25 2 0 0 0 25 20 28 19 1 0 0 16 11 32 12 1 0 0 0 0 0 0 0 0 0 2 0 0 0 0 0 0 0 0 0 0 0 0 0 0 0 0 0 0 0 0 0 0 0 0 0 0 0 0 0 0 0 0 0 0 0 0 0 0 0 0 0 1 0 0 0 0 0 0 0 0 0 0 15 0 0 0 0 0 0 2 3 2 5 0 0 0 0 0 0 0 0 0 0 0 0 0 0 0 0 0 0 0 0 0 0 0 0 1 12 0 0 0 0 0 0 0 1 0 0 0 0 
 63 279 0 140 266 36 282 277 649 788 121 55 43 39 273 289 448 306 46 254 77 0 0 1 0 2 0 0 0 0 2 0 0 0 2 0 0 0 1 1 3 3 0 0 0 0 0 0 3 0 0 3 0 0 64 0 63 0 0 0 3 0 3 0 0 0 0 0 0 0 0 0 2 0 0 0 0 0 0 0 0 20 18 87 17 0 0 5 17 54 36 48 0 0 0 57 22 47 0 0 0 0 0 0 0 0 0 0 0 0 0 0 18 0 0 6 0 0 1 11 0 0 0 0 0 0 9 0 0 14 0 0 0 3 0 0 0 25 0 0 0 0 0 0 0 19 0 0 0 0 0 0 0 0 0 0 0 0 0 0 0 20 4 45 0 0 0 0 11 44 38 3 0 0 0 26 11 22 0 0 0 0 0 0 0 0 0 0 3 0 0 0 0 0 16 0 0 0 0 0 0 0 0 0 0 0 0 0 0 0 0 0 0 0 0 0 0 7 0 0 0 0 0 0 0 0 0 0 0 0 0 0 0 0 0 0 0 0 0 0 0 11 0 0 0 2 88 0 2 8 1 100 0 0 0 0 0 0 0 0 0 0 12 0 0 0 0 0 0 0 0 0 0 0 0 38 14 14 0 0 0 0 0 0 0 0 0 0 0 0 
 133 159 140 0 156 245 144 82 88 796 127 354 176 166 118 48 225 314 64 80 1 0 0 0 0 2 2 0 0 1 2 0 0 0 0 0 1 0 0 0 3 3 60 0 0 54 2 0 3 0 0 2 0 0 0 0 67 0 0 0 3 0 3 0 8 0 0 0 0 0 4 36 2 0 0 0 0 0 0 0 0 2 17 4 9 0 0 18 5 34 47 33 0 0 16 4 33 26 0 0 0 0 0 0 2 2 0 0 0 0 0 0 5 1 0 0 0 0 27 0 22 0 2 0 0 0 0 0 0 0 2 0 0 0 0 0 0 0 0 0 1 1 0 0 0 0 15 0 0 0 2 0 0 0 0 0 0 0 0 0 0 24 8 15 12 0 0 12 13 15 11 33 0 18 0 40 22 24 0 0 0 0 0 0 0 0 0 0 0 0 0 0 3 0 0 0 0 0 10 5 0 0 28 0 0 0 0 0 2 0 0 0 0 0 0 0 2 0 0 0 0 0 0 0 0 0 0 0 0 0 3 0 1 1 0 0 0 0 2 0 0 0 0 0 0 4 7 0 2 58 0 11 10 0 0 0 0 0 0 0 74 0 14 0 0 0 0 0 0 0 0 0 0 0 0 10 21 0 0 0 0 0 0 0 0 0 0 0 0 0 
 23 21 266 156 0 451 257 50 72 87 94 608 63 65 87 264 51 60 40 73 0 1 0 78 5 2 2 1 2 1 3 0 87 0 0 6 0 2 0 1 3 63 0 3 0 62 3 3 5 0 4 3 2 0 0 3 1 2 0 3 4 3 6 0 0 0 0 2 6 0 0 31 2 0 0 0 5 0 0 0 9 0 0 0 34 18 0 0 0 1 12 10 0 0 0 0 0 6 0 0 0 0 0 0 0 0 10 1 0 0 0 0 39 0 0 0 0 0 43 11 12 0 0 0 0 0 0 0 0 0 0 0 0 0 0 0 0 0 0 0 0 4 0 0 0 0 0 0 0 0 0 0 0 0 0 0 0 0 0 0 0 4 0 0 27 40 0 0 0 1 9 19 0 0 0 0 0 0 0 0 12 0 0 0 0 0 0 1 0 0 0 0 39 3 0 14 0 0 47 42 0 0 0 0 0 0 10 0 0 0 0 0 0 0 0 0 0 0 0 0 0 0 0 0 0 0 0 0 0 0 13 0 0 0 0 0 0 0 0 0 0 0 0 0 0 4 5 2 2 4 0 9 3 2 0 0 2 0 0 0 0 0 0 0 2 0 0 0 0 0 0 0 0 0 0 0 0 0 0 0 0 0 0 0 0 0 0 0 0 0 
 43 31 36 245 451 0 46 113 33 273 293 271 65 51 56 56 102 41 86 72 2 0 0 2 0 2 0 0 1 0 0 0 0 0 0 0 0 0 298 0 3 34 0 1 0 0 2 0 3 0 0 3 0 0 0 0 1 0 0 0 3 0 3 0 0 0 0 0 0 0 0 0 2 0 0 0 1 0 0 0 0 0 0 0 21 40 0 0 0 0 1 1 0 0 0 0 1 0 0 0 14 0 0 0 24 0 43 0 0 0 0 6 45 2 3 0 3 0 29 23 0 0 0 0 0 0 0 0 0 0 1 0 0 0 0 0 0 0 0 0 0 0 0 0 0 0 0 0 1 0 0 0 0 0 0 0 0 0 0 0 0 4 0 0 37 36 0 0 0 2 0 0 0 0 0 1 0 0 0 0 31 2 0 0 0 0 25 2 0 0 0 0 27 20 30 7 0 0 91 52 0 0 0 0 11 0 0 0 0 0 0 0 0 0 0 0 0 0 0 0 0 0 0 0 0 0 0 0 0 0 0 0 0 0 0 0 0 0 0 0 0 0 0 0 0 0 0 0 1 4 5 20 6 4 0 0 0 0 0 0 0 0 0 0 0 0 0 0 0 0 0 0 0 0 0 1 0 0 0 0 0 0 0 0 0 0 0 0 0 0 
 461 98 282 144 257 46 0 72 44 36 105 60 482 402 58 43 24 27 34 315 0 0 0 0 203 2 0 0 0 0 2 1 2 0 78 0 0 0 0 0 3 3 0 0 0 35 2 0 3 0 0 5 0 0 0 0 0 0 0 0 3 0 3 0 0 0 0 0 0 0 0 0 2 26 0 0 0 0 0 0 44 44 0 0 0 0 39 56 2 1 0 0 0 38 70 0 8 0 13 14 0 0 1 0 0 0 0 0 0 0 0 0 0 0 0 0 0 0 0 0 0 0 18 0 0 0 0 0 0 0 0 0 0 0 0 0 0 0 0 0 0 0 10 0 0 0 0 0 0 0 0 0 0 0 0 0 1 1 0 0 56 29 0 0 8 31 32 27 11 0 0 0 13 20 15 0 0 0 0 0 0 0 0 0 0 0 0 9 0 0 0 1 0 0 0 0 21 0 0 0 0 0 2 11 0 0 0 0 0 2 0 2 0 0 0 0 0 0 0 16 0 0 0 0 0 0 0 0 0 0 0 0 0 0 0 0 0 0 0 0 0 0 0 0 0 2 1 0 0 0 0 28 0 0 0 0 0 1 0 0 0 0 0 0 0 0 3 0 0 0 0 0 0 0 2 0 0 0 0 0 0 0 0 0 0 0 0 0 0 0 
 439 440 277 82 50 113 72 0 385 42 41 27 95 639 396 28 29 25 53 42 2 0 0 0 1 2 0 0 0 0 2 0 0 2 0 0 0 0 0 0 3 3 0 0 0 0 2 36 3 0 0 3 0 0 0 0 0 0 0 0 3 0 3 0 0 0 0 0 0 0 0 0 2 0 0 0 0 0 0 0 9 63 35 64 0 0 40 45 25 53 0 0 0 7 71 35 27 11 0 0 0 0 0 0 0 0 0 0 0 0 0 1 0 0 0 18 0 0 0 0 0 0 0 0 0 0 0 0 0 0 0 0 0 0 0 0 0 0 0 0 0 0 28 0 0 0 0 0 0 0 0 0 0 6 0 0 4 14 0 0 0 34 25 0 10 0 0 59 21 44 1 0 0 18 14 19 41 9 0 0 0 0 0 0 0 0 0 0 0 0 0 0 0 0 0 0 0 0 0 19 0 0 0 0 0 0 0 0 0 0 0 0 0 0 0 16 0 0 0 0 0 0 0 0 0 0 0 0 0 0 0 0 0 0 0 0 0 0 0 0 0 2 0 0 0 0 0 2 0 2 0 3 0 0 0 0 0 0 0 0 0 0 0 0 0 0 0 0 0 0 0 0 0 0 0 0 0 0 0 0 0 0 0 0 0 0 0 0 0 0 
 33 306 649 88 72 33 44 385 0 258 39 34 80 83 396 204 313 217 65 51 2 0 0 6 0 2 2 0 0 0 1 1 4 0 0 0 5 6 0 0 3 3 0 6 0 0 3 0 3 0 0 3 65 6 0 62 66 0 48 4 2 31 3 4 0 0 2 0 0 2 0 0 3 0 0 0 6 0 0 0 1 24 21 40 0 0 0 1 27 32 35 4 33 0 0 42 11 22 0 0 0 0 0 0 0 0 0 0 0 0 0 0 0 0 0 0 0 0 0 0 1 0 0 0 0 0 0 0 0 0 0 0 0 0 0 0 0 0 0 0 0 0 0 0 0 0 0 0 0 0 0 22 0 0 0 0 0 0 0 0 0 26 10 39 1 0 0 12 9 14 32 0 0 0 0 10 10 31 0 0 0 0 26 0 0 0 0 0 0 0 0 0 0 0 0 0 0 0 0 0 0 0 0 0 0 0 0 0 0 0 0 0 0 0 0 0 0 0 0 0 0 0 0 0 0 0 0 0 0 0 0 0 0 0 0 0 0 10 0 0 0 18 0 0 0 0 49 2 0 1 0 15 0 0 0 0 0 0 0 0 0 0 10 0 0 0 0 0 0 0 0 0 0 0 0 0 17 0 0 0 0 0 0 0 0 0 0 0 0 0 
 29 39 788 796 87 273 36 42 258 0 516 77 65 60 129 689 290 79 68 155 2 0 2 0 0 2 2 0 0 0 1 2 0 0 0 0 0 0 0 0 3 3 0 1 0 0 2 0 3 1 0 0 0 0 0 0 63 0 0 1 3 0 3 0 0 1 0 0 0 2 0 0 2 0 0 0 0 0 0 0 0 15 17 26 18 0 0 0 10 13 52 44 0 0 0 29 52 39 0 0 1 0 0 0 0 0 0 0 0 0 0 0 0 0 0 0 0 0 16 0 0 1 0 0 0 0 0 0 0 0 0 0 0 0 0 0 0 0 0 0 0 1 0 0 0 0 0 0 0 0 0 0 0 2 0 0 0 0 0 10 0 25 9 42 19 1 0 1 0 29 43 14 0 0 0 8 0 34 0 0 0 0 2 29 0 1 0 0 0 0 0 0 0 0 0 0 0 0 0 0 0 1 0 0 0 0 0 0 0 0 6 0 0 0 0 1 0 0 0 0 0 0 0 0 0 0 0 0 0 0 0 0 0 0 0 0 0 0 0 0 0 22 0 0 0 0 182 0 2 174 2 4 27 0 0 0 0 0 26 0 2 0 2 0 0 0 0 0 0 1 0 0 0 0 0 58 16 14 0 0 0 0 0 0 0 0 0 0 0 0 
 119 34 121 127 94 293 105 41 39 516 0 376 28 19 165 64 409 377 42 61 6 6 0 1 0 2 0 0 0 6 2 0 0 0 0 0 2 0 0 0 3 3 0 0 6 0 4 0 3 0 0 7 0 0 0 4 62 0 3 2 3 0 8 0 0 0 0 0 0 0 0 0 2 0 0 0 0 0 0 4 0 0 0 0 29 0 0 0 0 14 85 39 0 0 0 0 31 38 0 17 0 0 0 0 0 0 1 0 2 0 0 0 1 0 0 0 0 0 34 0 0 0 0 0 0 0 0 0 0 0 0 0 0 0 0 0 0 0 0 0 0 19 0 0 0 0 0 0 0 0 0 15 0 0 0 0 0 0 0 0 0 0 0 36 19 10 0 0 0 11 23 35 0 0 0 10 0 19 0 0 0 0 0 42 0 0 0 0 0 0 0 0 0 0 0 0 0 0 10 1 0 0 0 0 0 0 14 0 0 0 0 0 0 0 0 0 0 0 0 0 0 0 0 0 0 0 0 0 0 0 0 0 0 0 0 0 0 0 0 0 0 0 0 0 0 0 57 0 0 61 0 7 27 0 0 0 0 0 0 0 1 0 11 0 0 0 0 0 0 0 0 0 0 0 0 34 21 0 0 0 0 0 0 0 0 0 0 0 0 0 
 40 43 55 354 608 271 60 27 34 77 376 0 49 35 19 35 192 75 33 48 4 2 0 5 80 2 0 2 0 0 1 0 3 0 0 0 0 2 1 0 3 3 0 5 0 0 2 0 3 2 0 2 2 3 0 0 1 0 0 2 2 0 3 0 4 0 0 0 0 2 0 1 3 0 0 0 3 0 0 0 0 0 0 0 26 9 0 1 0 0 9 24 2 0 0 1 13 0 0 0 0 0 0 0 0 0 16 0 0 0 0 0 15 1 0 0 0 0 36 0 2 0 0 0 0 0 0 0 0 0 0 0 0 0 0 0 0 0 0 0 0 8 0 0 0 0 0 0 0 0 0 0 0 0 0 0 0 0 1 0 0 1 1 3 36 10 0 0 0 0 22 35 0 0 0 0 0 1 0 0 0 0 0 0 0 0 0 0 0 0 0 0 22 0 0 0 0 0 6 8 0 0 0 0 0 0 33 0 0 0 0 0 1 0 0 0 0 0 0 0 0 0 0 0 0 0 0 0 0 0 0 0 0 0 0 0 0 0 0 0 0 0 0 0 0 0 176 4 2 174 0 5 14 0 0 0 6 2 0 0 0 0 0 0 0 0 0 0 0 0 0 0 0 0 0 13 0 0 0 0 0 0 0 0 0 2 0 0 0 0 
 106 25 43 176 63 65 482 95 80 65 28 49 0 200 42 35 48 41 466 376 3 0 2 1 0 4 1 1 3 0 1 0 0 0 0 0 0 0 0 0 3 5 0 0 0 0 2 0 3 2 0 3 0 93 0 0 0 0 0 0 3 0 3 1 0 0 1 0 0 2 0 0 2 0 0 0 0 2 0 0 34 15 0 0 0 0 43 14 0 2 4 0 24 43 31 0 0 0 13 24 1 0 0 0 0 0 0 0 0 0 0 0 0 0 0 0 0 0 0 15 0 1 0 0 0 0 0 19 0 0 0 0 0 0 0 0 0 0 16 0 0 0 0 0 0 0 0 0 0 0 0 0 0 2 0 0 0 0 0 0 58 0 0 0 2 4 27 1 15 0 0 0 36 37 25 0 0 0 12 13 0 0 2 0 0 0 0 0 0 0 0 0 0 0 0 0 0 0 0 0 0 1 0 2 0 0 0 0 0 0 0 0 0 0 0 1 0 0 0 0 0 1 0 0 0 0 0 0 0 0 0 0 0 0 0 0 0 1 0 0 0 0 2 0 2 69 0 1 2 0 0 5 0 0 0 0 0 0 0 0 20 0 0 0 0 0 0 0 0 1 0 0 0 0 0 0 0 0 0 0 0 0 0 16 0 0 0 0 0 0 
 205 151 39 166 65 51 402 639 83 60 19 35 200 0 338 36 35 16 67 333 0 0 0 0 0 2 2 0 0 0 1 0 0 2 0 8 0 0 0 0 3 3 0 0 0 0 2 0 11 0 0 6 0 0 0 0 0 0 0 0 3 0 3 0 0 0 0 0 0 0 0 0 2 0 0 0 0 1 0 0 23 31 4 0 0 3 38 56 30 0 0 2 0 49 50 1 14 0 8 21 0 0 0 0 0 0 2 0 0 0 0 0 0 0 0 0 0 0 2 0 0 0 0 0 0 0 0 0 0 0 0 0 0 0 0 0 13 0 0 1 0 0 0 0 0 0 0 0 0 5 0 1 0 0 0 0 0 0 0 0 31 14 39 0 7 1 1 34 14 0 0 0 1 8 47 0 17 0 0 0 0 0 0 0 0 0 0 0 0 0 0 0 0 0 0 0 0 0 0 10 0 8 0 2 0 0 0 0 0 0 1 0 0 0 0 0 0 0 0 0 0 0 0 0 0 0 0 0 0 0 0 0 0 0 0 0 0 13 0 0 0 0 0 0 0 0 0 0 0 0 2 10 0 0 0 0 0 0 0 0 0 0 0 0 0 0 0 0 0 0 0 0 0 0 0 0 0 0 0 0 0 0 0 0 0 0 0 0 0 0 
 332 275 273 118 87 56 58 396 396 129 165 19 42 338 0 89 63 29 55 114 3 3 5 75 0 2 0 0 2 1 5 0 4 0 5 0 2 0 0 1 3 3 0 1 3 0 66 1 6 10 0 9 3 3 7 2 0 0 3 0 3 0 8 0 0 0 0 0 0 0 0 0 2 0 0 0 0 1 1 4 11 31 23 16 0 0 2 55 24 23 0 0 2 11 49 14 17 10 0 0 0 1 0 0 0 0 0 0 0 0 0 0 2 0 0 0 0 0 0 0 0 0 0 0 0 0 0 0 0 0 0 17 0 0 0 0 0 0 0 1 0 0 0 0 0 0 0 0 0 0 0 0 0 0 0 0 0 0 2 0 2 25 9 0 2 0 2 20 16 2 15 1 0 16 1 7 25 16 0 0 0 0 0 0 16 0 0 0 0 0 0 0 0 0 0 0 0 0 0 0 0 0 0 0 0 0 0 0 0 0 0 0 2 0 0 0 0 0 0 0 0 0 0 0 0 18 0 0 0 0 0 0 0 0 0 0 0 0 0 2 0 0 0 0 0 2 1 0 3 0 0 4 0 0 0 0 0 0 0 0 2 16 0 0 0 2 0 0 0 0 0 0 0 0 0 0 0 0 0 0 0 0 0 0 0 0 0 0 0 0 
 35 308 289 48 264 56 43 28 204 689 64 35 35 36 89 0 211 384 250 70 0 1 0 0 1 4 0 1 0 2 2 0 2 0 0 0 2 4 0 0 3 5 0 0 0 3 2 1 3 0 0 3 2 0 0 0 62 0 0 3 3 0 3 0 0 3 0 0 3 0 0 0 2 0 0 0 0 0 0 0 1 14 33 39 21 19 0 0 13 87 50 14 0 0 0 72 18 49 0 0 0 0 0 0 0 0 0 0 0 0 0 0 0 0 0 0 0 4 0 0 8 0 0 0 0 0 0 0 0 0 17 0 0 0 0 1 0 0 0 0 0 0 0 0 0 0 2 0 0 0 0 0 0 0 0 0 0 0 0 2 0 22 14 63 1 0 0 26 28 49 19 1 0 0 2 28 24 44 0 1 0 0 0 0 0 0 0 0 0 0 0 0 0 6 0 0 0 0 0 0 0 0 0 0 0 0 0 0 0 0 0 0 0 0 0 0 0 0 0 0 1 0 0 0 14 0 0 0 2 0 0 0 0 0 6 0 0 0 0 0 0 11 0 0 0 3 3 0 0 3 2 14 0 0 0 0 0 0 0 0 0 0 37 0 0 0 0 0 0 0 0 0 0 0 0 12 20 10 0 0 0 0 0 0 0 0 0 0 0 0 
 37 121 448 225 51 102 24 29 313 290 409 192 48 35 63 211 0 287 15 254 1 0 0 0 0 2 2 0 0 75 2 0 0 0 0 0 0 0 0 0 3 3 0 0 0 0 2 0 3 0 0 1 0 0 3 0 38 0 0 0 3 0 3 0 0 0 0 0 0 0 0 0 10 0 0 0 0 0 0 0 0 6 23 52 0 0 0 0 20 33 47 29 0 0 0 33 7 24 0 0 0 0 0 0 0 0 0 0 1 0 0 2 0 0 0 0 0 0 0 1 0 0 0 0 0 0 0 0 0 0 0 0 0 0 0 0 0 0 0 0 0 0 0 0 0 0 0 0 0 0 0 0 0 0 0 0 0 0 0 0 0 19 14 29 0 0 0 0 6 26 10 0 0 3 3 16 8 29 0 0 0 0 0 9 0 0 19 0 0 0 0 0 1 2 0 1 0 1 0 0 0 21 19 0 0 0 0 0 0 0 0 0 0 0 0 1 0 0 12 0 0 2 0 0 0 18 0 0 10 0 0 0 0 0 2 0 0 0 0 0 0 10 0 0 2 1 0 0 0 90 0 12 0 0 0 0 0 0 0 0 0 0 73 0 0 0 0 0 0 0 0 0 0 0 0 12 25 0 0 0 0 0 0 0 0 0 0 0 0 0 
 10 24 306 314 60 41 27 25 217 79 377 75 41 16 29 384 287 0 30 30 2 0 0 0 0 2 0 0 0 2 1 0 0 0 0 0 2 4 0 0 3 3 0 1 0 0 53 0 49 0 0 0 0 63 0 0 62 0 0 0 3 0 35 0 0 0 0 0 0 0 0 0 2 0 0 0 2 47 1 0 0 2 11 27 16 0 0 0 17 11 42 38 17 0 0 36 30 29 0 0 0 0 11 0 0 0 0 0 0 0 0 0 0 1 0 0 0 0 21 4 0 0 2 0 0 0 0 0 0 0 0 1 0 0 16 0 0 0 0 0 0 0 0 13 0 0 0 0 0 0 2 0 0 0 0 0 0 0 0 0 0 37 15 32 9 1 0 0 1 31 48 14 0 0 0 20 0 26 0 0 0 0 0 0 0 0 0 0 0 1 0 0 0 0 0 0 0 0 0 0 0 0 0 0 0 0 0 0 2 0 0 0 0 0 0 0 2 0 0 0 0 0 0 0 0 0 17 0 0 0 0 0 0 0 0 0 0 0 0 0 0 14 0 0 0 4 169 0 0 169 0 8 13 0 0 0 0 0 0 0 0 0 7 0 0 0 0 0 0 0 0 0 0 0 0 31 19 14 0 0 0 0 0 0 0 0 0 0 0 0 
 30 37 46 64 40 86 34 53 65 68 42 33 466 67 55 250 15 30 0 495 0 3 0 0 1 2 4 3 0 0 2 3 3 2 2 0 2 0 0 0 3 5 0 0 0 4 5 0 3 0 0 10 1 0 0 0 0 4 2 2 3 0 3 1 0 4 0 0 0 0 4 0 5 0 0 0 0 2 0 2 22 0 0 0 0 0 9 11 0 0 0 0 38 3 3 0 0 2 38 28 0 0 0 0 0 0 0 0 11 0 0 0 0 0 0 2 5 0 0 2 0 0 0 0 0 0 0 17 0 0 0 2 0 0 0 0 0 0 0 0 0 0 0 0 0 0 0 0 0 0 0 7 0 0 0 0 0 0 0 0 10 0 0 0 0 4 35 0 0 0 0 0 28 60 0 0 0 0 64 44 0 0 0 0 0 0 0 0 0 0 0 33 0 1 0 2 0 2 0 0 0 0 0 22 0 0 0 0 0 0 0 0 0 0 21 2 0 0 0 0 0 1 0 0 0 0 0 0 0 0 0 0 0 0 1 0 0 0 0 0 0 0 0 0 1 1 0 0 3 0 0 8 0 0 0 0 0 0 0 0 0 0 0 0 0 0 0 0 0 0 22 0 0 0 0 0 0 0 0 0 0 0 0 0 0 0 0 0 0 0 
 131 54 254 80 73 72 315 42 51 155 61 48 376 333 114 70 254 30 495 0 2 0 0 1 0 2 1 0 0 0 0 0 0 0 0 1 74 7 0 0 3 3 0 0 0 0 2 0 3 2 0 0 0 0 0 0 0 0 0 6 3 0 3 0 0 0 0 0 0 0 0 0 2 0 0 3 0 0 0 0 31 14 0 0 0 10 37 13 0 0 0 0 0 29 35 0 0 0 0 27 0 0 0 0 0 0 0 0 0 0 0 0 0 0 0 0 0 0 0 0 9 0 0 0 0 0 0 0 0 0 0 0 0 0 0 0 0 2 0 0 0 0 0 0 0 0 0 0 0 0 0 0 0 0 0 0 2 0 0 0 34 0 0 0 3 39 11 0 15 0 0 0 25 20 16 0 0 15 12 15 0 0 0 10 0 0 0 0 0 0 0 2 0 0 0 0 0 0 0 0 0 0 1 0 0 2 0 0 0 1 0 1 0 0 0 0 0 0 0 0 0 0 0 0 0 0 0 0 0 0 0 3 0 0 0 0 0 0 0 0 0 0 0 0 0 5 0 2 0 0 3 19 2 0 2 0 0 0 0 0 0 0 0 0 0 0 2 0 0 2 0 0 0 0 0 0 0 0 0 0 0 0 0 0 0 0 0 0 0 3 
 3 2 77 1 0 2 0 2 2 2 6 4 3 0 3 0 1 2 0 2 0 99 87 66 26 236 336 285 67 60 26 65 238 357 479 44 27 53 40 84 0 3 0 3 0 5 1 0 0 2 0 8 6 1 57 0 0 2 5 6 1 2 4 3 45 1 0 3 3 3 0 0 0 0 0 0 0 0 3 0 0 0 0 0 0 0 0 0 0 0 0 0 0 0 0 0 0 0 0 0 25 0 18 1 0 0 2 20 27 2 12 0 1 29 1 43 1 11 0 0 0 0 0 1 0 0 0 0 0 19 13 0 0 0 10 0 0 17 0 0 4 0 0 0 2 6 0 0 0 0 0 0 0 0 0 0 0 0 0 7 4 0 0 0 0 0 0 0 1 5 0 0 0 0 0 0 0 0 0 0 35 15 10 0 0 0 13 31 22 19 0 7 0 10 18 22 23 9 0 3 0 0 1 0 0 0 0 0 0 0 0 0 0 0 0 0 0 0 0 1 0 7 0 4 0 0 0 0 2 0 0 0 0 0 0 0 0 0 0 0 0 0 0 0 0 0 0 0 0 0 0 0 0 0 25 0 2 0 0 0 0 0 0 0 0 0 0 0 44 0 0 0 0 0 0 0 0 0 0 0 0 0 0 0 0 0 0 0 0 0 
 0 0 0 0 1 0 0 0 0 0 6 2 0 0 3 1 0 0 3 0 99 0 631 51 36 247 49 452 271 46 111 42 69 63 370 335 371 29 41 48 2 3 2 0 0 4 0 0 204 0 0 3 3 23 0 0 0 0 0 3 0 2 7 0 0 0 0 2 31 0 0 0 0 0 0 0 0 0 49 0 0 0 0 0 0 0 0 0 0 0 0 0 0 0 0 0 0 9 0 0 11 23 68 26 0 0 0 5 37 45 44 18 0 2 9 8 36 31 2 0 0 0 0 0 0 0 0 1 0 0 0 0 0 0 8 0 0 0 0 0 1 0 0 4 0 0 10 0 0 0 0 0 0 0 0 0 0 0 0 1 0 0 0 0 0 0 0 0 4 1 2 1 0 0 0 0 0 0 0 0 18 7 35 15 0 0 1 0 73 57 37 20 0 6 18 39 56 39 2 0 0 0 0 0 0 0 0 0 0 0 0 0 0 0 0 0 0 0 0 0 0 0 0 0 0 0 0 2 0 0 0 0 0 0 0 0 0 0 0 0 0 0 0 0 0 0 0 0 0 0 0 0 0 0 7 2 1 0 2 1 0 0 0 0 0 0 0 0 0 0 0 0 0 0 0 0 0 0 0 0 0 24 0 0 2 0 12 1 0 0 
 2 0 0 0 0 0 0 0 0 2 0 0 2 0 5 0 0 0 0 0 87 631 0 91 58 334 46 373 692 595 71 275 77 52 83 169 154 276 16 92 2 7 52 0 0 3 0 0 0 0 0 3 3 0 0 0 0 24 0 67 0 2 2 0 0 2 0 3 3 0 0 0 0 0 49 0 0 0 3 49 0 0 0 0 0 0 0 0 0 2 0 0 0 0 0 0 0 0 0 0 0 33 14 68 0 0 1 19 43 44 0 34 2 0 2 0 45 39 0 0 1 0 0 0 1 0 0 0 0 0 0 0 0 0 0 0 0 0 1 0 0 0 0 6 0 0 16 0 0 0 0 0 1 0 0 0 0 0 7 0 2 2 0 0 0 0 0 0 3 0 0 0 0 0 0 0 0 0 0 0 1 18 70 59 40 7 0 0 14 11 39 4 0 0 0 32 40 32 0 0 0 0 0 0 0 0 0 0 0 0 0 0 1 0 0 1 0 0 0 1 0 0 0 0 0 0 0 0 0 0 0 2 0 0 0 0 0 0 0 0 0 0 9 0 0 0 0 0 0 0 0 0 0 2 10 0 2 2 2 2 1 2 0 0 0 0 2 0 0 0 0 0 0 0 0 0 0 2 0 0 0 28 0 0 0 0 13 0 0 0 
 2 0 1 0 78 2 0 0 6 0 1 5 1 0 75 0 0 0 0 1 66 51 91 0 94 34 297 294 65 418 108 366 91 59 79 35 46 360 75 62 2 10 0 3 0 3 57 2 0 0 0 6 1 0 2 0 4 0 2 5 0 2 8 0 0 5 5 5 2 0 4 3 0 0 0 0 7 0 3 0 0 0 0 0 10 0 0 0 0 0 0 0 0 1 0 0 0 1 0 0 0 0 0 56 52 19 0 0 1 0 8 51 0 0 1 0 0 25 0 0 0 0 0 0 0 0 0 0 1 0 0 9 0 0 0 0 0 0 39 30 0 0 0 0 0 0 2 1 0 0 0 0 2 0 0 5 0 0 1 0 0 0 0 0 0 0 18 0 10 0 0 0 0 0 0 0 0 0 1 0 1 0 1 37 50 47 0 0 1 2 13 31 0 0 1 0 0 10 0 0 0 0 0 0 0 0 0 0 2 0 0 1 51 0 12 1 0 0 26 12 0 0 2 0 0 0 0 0 0 0 0 0 0 0 0 0 0 0 0 0 0 0 9 0 0 0 0 0 0 1 0 0 0 0 6 0 2 54 11 3 0 16 0 0 0 0 0 0 0 0 0 1 0 0 0 0 0 0 0 0 0 0 0 0 0 0 0 0 0 0 
 2 0 0 0 5 0 203 1 0 0 0 80 0 0 0 1 0 0 1 0 26 36 58 94 0 379 38 204 62 107 66 426 64 63 70 73 310 51 69 81 2 3 0 0 0 3 0 0 0 0 0 3 2 0 0 0 0 0 4 4 0 2 3 0 0 2 5 3 3 0 3 3 0 0 0 0 8 0 3 0 0 0 0 0 0 0 0 0 0 0 0 0 0 0 0 2 0 0 0 0 0 0 0 0 28 36 0 0 0 0 14 9 0 0 0 0 0 0 0 0 8 0 2 0 0 0 27 0 0 0 20 0 31 2 0 2 0 0 32 37 1 0 0 0 0 0 2 0 0 0 0 1 58 0 0 6 0 0 0 0 0 0 0 6 2 0 0 0 0 0 0 0 1 0 0 0 0 0 0 0 0 0 0 0 15 61 0 0 0 0 0 22 0 6 1 0 0 1 0 0 0 0 0 0 0 0 41 0 0 0 0 0 53 0 18 0 0 0 43 60 2 0 0 1 0 0 0 0 0 0 0 0 0 0 20 0 0 0 0 0 0 0 0 0 0 0 0 0 0 0 0 0 0 0 12 0 0 4 2 2 12 1 0 0 0 0 0 0 0 0 0 0 0 0 0 0 0 0 0 0 0 0 0 0 0 0 0 0 0 0 
 4 2 2 2 2 2 2 2 2 2 2 2 4 2 2 4 2 2 2 2 236 247 334 34 379 0 104 37 58 45 102 74 242 50 76 111 68 68 41 111 2 3 0 0 0 3 0 0 0 4 0 7 3 1 0 0 0 0 192 4 48 2 1 0 0 1 0 3 3 0 3 3 0 0 0 0 4 0 5 50 0 1 0 0 0 0 0 0 0 0 0 0 0 0 0 0 0 0 0 0 0 0 12 0 0 36 0 0 0 0 4 0 0 0 0 0 0 0 0 0 54 0 1 0 0 14 60 12 0 0 0 0 80 8 1 0 0 0 13 39 0 0 0 2 0 0 0 0 0 0 0 0 6 0 0 3 0 0 2 2 0 0 0 3 0 0 0 1 0 0 0 0 0 0 0 0 0 0 0 0 0 0 1 0 9 31 0 0 0 0 0 14 0 0 0 0 0 0 0 0 3 0 1 0 0 0 20 2 0 2 0 0 10 2 1 0 0 0 27 50 0 0 0 0 0 0 0 0 0 0 0 0 0 1 0 0 0 0 0 1 0 0 0 0 0 0 0 0 0 0 0 0 0 0 11 1 2 0 1 0 5 0 0 0 0 0 0 0 0 0 0 0 0 0 0 0 0 0 0 0 0 0 0 0 0 0 0 0 0 0 
 0 1 0 2 2 0 0 0 2 2 0 0 1 2 0 0 2 0 4 1 336 49 46 297 38 104 0 305 52 75 39 39 437 394 270 40 35 241 65 367 0 5 0 0 0 3 7 0 0 0 0 4 11 0 0 0 0 0 0 3 0 2 5 2 2 2 3 3 3 3 0 2 0 0 2 3 0 0 3 0 0 0 0 0 0 0 0 0 0 0 0 0 0 0 0 0 0 0 0 0 75 0 50 0 0 0 7 22 11 1 1 0 7 77 31 35 23 1 0 21 0 0 0 0 0 0 0 0 0 0 0 0 0 0 0 0 0 0 0 0 6 0 0 0 0 8 0 0 4 0 0 0 0 0 0 0 0 0 0 3 4 0 0 0 0 0 0 0 1 8 0 0 0 0 0 0 0 0 0 0 28 51 12 0 0 0 21 46 17 1 0 2 13 32 20 12 1 1 18 0 0 0 0 0 0 1 0 0 0 0 19 0 0 0 0 0 0 0 0 0 0 0 0 0 0 0 0 0 0 0 0 0 0 0 0 0 0 0 0 0 0 0 0 0 0 0 0 0 0 0 0 0 0 0 4 0 1 0 0 0 2 0 0 0 0 0 0 0 0 0 0 0 0 0 0 0 0 11 0 0 0 0 0 0 0 0 0 0 0 0 
 1 0 0 0 1 0 0 0 0 0 0 2 1 0 0 1 0 0 3 0 285 452 373 294 204 37 305 0 260 32 25 243 101 386 504 36 254 29 73 46 0 3 0 0 0 3 0 0 0 0 0 208 5 0 0 0 0 0 0 3 2 2 1 0 0 0 0 54 3 0 0 0 0 0 0 0 0 0 3 0 0 0 0 0 0 0 0 0 0 0 0 0 0 0 0 0 0 0 19 0 25 37 63 0 0 0 1 19 42 45 50 18 1 15 10 34 86 25 0 0 0 0 0 0 0 0 0 0 0 0 0 0 0 0 0 0 0 0 0 0 0 0 0 11 0 1 0 0 1 0 0 0 0 0 0 10 0 0 1 5 15 0 0 0 0 0 0 0 8 0 22 0 0 0 0 2 0 0 0 0 20 57 67 0 0 0 0 24 45 63 39 0 0 0 31 38 17 30 0 0 0 0 0 0 0 0 0 0 0 0 0 0 0 0 0 0 0 0 0 0 0 0 0 0 0 0 0 0 0 0 0 0 0 0 0 0 0 0 0 0 0 0 0 0 0 0 0 0 0 0 0 0 0 0 9 0 2 0 1 3 2 2 0 0 0 0 0 0 0 0 0 0 0 0 0 0 0 0 0 0 0 61 0 0 0 0 0 0 0 0 
 6 0 0 0 2 1 0 0 0 0 0 0 3 0 2 0 0 0 0 0 67 271 692 65 62 58 52 260 0 271 56 45 347 85 249 266 264 191 69 69 2 3 0 0 0 3 0 0 0 0 0 3 3 0 64 0 0 0 0 3 0 2 1 0 0 1 0 3 3 0 0 0 0 0 0 0 0 0 3 0 0 0 0 0 0 0 0 0 0 0 0 0 0 0 0 0 0 0 0 0 0 50 22 21 0 0 0 7 51 94 24 22 0 0 1 1 38 54 0 1 0 0 0 0 0 0 0 0 0 0 0 0 0 0 0 0 0 0 1 0 0 0 0 6 0 0 28 0 0 0 0 0 1 0 0 0 0 0 5 0 0 0 0 0 18 0 0 0 5 0 0 10 0 0 0 0 0 0 0 0 0 20 26 30 12 0 0 22 12 28 69 8 0 0 0 44 28 28 0 0 0 0 0 0 0 0 0 0 0 0 0 0 1 0 0 0 0 0 0 0 0 0 0 0 0 18 0 0 0 0 0 0 0 12 0 0 0 0 9 0 0 0 0 0 0 0 0 0 0 0 0 0 0 0 6 0 0 1 5 1 0 0 0 0 0 0 0 0 0 0 0 0 0 0 0 0 0 0 0 0 0 46 0 0 0 0 7 11 0 0 
 0 1 0 1 1 0 0 0 0 0 6 0 0 0 1 2 75 2 0 0 60 46 595 418 107 45 75 32 271 0 332 56 62 277 90 398 374 164 59 102 1 12 0 6 2 67 0 36 73 5 0 3 12 9 2 0 0 0 0 7 2 7 6 0 0 2 0 4 3 0 0 12 0 0 1 22 6 0 3 0 0 0 0 0 0 0 0 0 0 0 0 2 0 0 0 0 0 14 0 0 1 36 0 97 27 0 0 0 37 2 11 51 0 0 10 0 0 27 0 0 0 0 0 3 0 0 1 0 0 0 0 0 0 0 0 0 0 28 7 0 0 0 0 0 0 0 3 0 0 0 0 0 0 0 0 2 14 0 3 0 0 0 0 0 0 0 0 0 0 2 0 0 0 0 0 0 0 0 0 2 0 0 10 51 86 20 0 0 0 42 39 23 0 0 0 12 38 5 0 0 0 1 15 0 0 0 8 0 0 0 0 0 15 0 1 0 0 0 1 2 0 0 14 0 2 0 0 0 1 0 8 0 0 0 0 0 0 0 0 7 0 0 2 0 0 0 0 0 0 0 0 0 0 0 11 0 0 151 153 0 13 7 0 0 0 0 11 0 0 0 0 0 0 0 0 0 0 0 0 0 0 12 0 0 0 0 8 0 0 0 
 1 2 2 2 3 0 2 2 1 1 2 1 1 1 5 2 2 1 2 0 26 111 71 108 66 102 39 25 56 332 0 499 49 101 62 80 107 512 35 61 2 10 24 0 0 3 209 0 0 3 0 6 4 2 3 0 0 0 2 3 0 2 3 0 0 3 0 3 2 0 0 0 0 0 0 0 0 3 61 1 0 0 0 0 0 0 0 0 0 0 0 0 0 1 0 0 3 0 0 0 0 0 0 37 38 16 0 0 1 0 16 29 0 0 0 0 0 15 0 0 0 0 0 0 0 0 0 0 0 0 0 0 0 0 0 0 0 0 36 17 0 0 0 0 0 0 8 0 0 0 0 0 2 0 0 24 0 0 4 2 2 0 0 0 0 0 0 2 0 0 0 0 0 0 0 0 0 0 0 0 0 0 1 45 79 23 0 0 0 1 14 34 0 0 0 5 0 11 0 0 3 0 0 0 0 0 0 0 0 0 0 0 29 0 14 0 1 0 17 13 0 0 0 0 0 0 0 0 0 0 0 0 0 0 0 0 0 0 0 1 0 0 10 0 0 0 0 0 0 2 2 16 0 0 11 0 5 41 51 1 13 10 0 20 0 0 0 0 0 0 0 0 0 0 0 0 0 2 0 0 0 0 0 0 0 0 0 0 0 0 
 0 2 0 0 0 0 1 0 1 2 0 0 0 0 0 0 0 0 3 0 65 42 275 366 426 74 39 243 45 56 499 0 37 43 31 27 318 295 35 324 1 7 2 0 0 7 0 5 4 0 2 7 3 0 0 0 0 7 0 3 0 2 0 51 4 4 4 2 3 2 11 4 0 0 0 3 4 0 3 2 0 0 0 0 0 0 0 2 0 0 0 0 0 0 0 0 0 0 0 1 0 0 0 12 60 19 0 0 0 0 6 37 0 0 0 0 0 0 0 0 0 0 0 0 0 14 19 2 0 0 0 0 0 0 2 0 1 0 60 28 0 0 0 0 0 0 0 0 0 0 0 0 5 0 9 5 0 0 0 12 0 0 0 0 0 0 0 13 0 0 8 2 0 0 0 0 1 0 0 0 0 0 0 0 30 43 0 0 0 0 0 36 0 0 0 1 0 7 0 0 3 0 19 0 0 0 38 0 0 0 0 0 28 0 17 0 0 0 33 83 0 0 0 0 0 0 0 10 0 0 0 0 0 0 0 0 0 0 0 0 0 0 0 0 0 0 0 0 1 0 0 0 0 0 9 4 0 165 148 2 47 28 0 0 0 0 9 0 0 0 0 0 0 0 0 0 0 0 0 0 0 0 0 0 1 0 1 0 0 0 
 1 0 0 0 87 0 2 0 4 0 0 3 0 0 4 2 0 0 3 0 238 69 77 91 64 242 437 101 347 62 49 37 0 98 58 29 56 482 501 168 2 20 4 0 1 5 0 0 0 2 0 6 11 1 0 3 0 2 2 4 1 2 1 0 0 1 0 3 3 0 0 0 0 0 0 0 0 1 3 0 0 0 0 0 0 23 0 0 0 0 0 0 0 7 0 0 0 24 0 0 43 0 1 0 0 0 40 36 0 0 0 0 6 44 14 26 2 0 27 42 0 0 0 0 18 0 0 2 0 0 0 0 0 0 0 0 0 0 0 0 0 0 0 0 0 13 0 0 6 0 0 0 0 0 0 0 0 0 0 12 1 1 0 0 0 0 0 0 0 4 0 2 0 0 1 0 0 0 0 0 50 31 0 0 0 0 44 34 1 1 2 0 11 61 32 2 0 0 13 12 0 0 0 0 0 0 0 0 0 0 0 0 0 2 0 0 0 0 0 0 0 0 0 0 0 0 0 1 1 0 2 0 0 0 0 0 0 0 0 0 0 0 0 0 0 0 0 0 0 0 2 0 0 1 7 2 4 0 0 3 0 0 0 0 0 0 2 0 0 0 0 0 0 0 0 0 0 0 0 0 0 0 0 0 0 0 0 0 0 0 
 0 0 0 0 0 0 0 2 0 0 0 0 0 2 0 0 0 0 2 0 357 63 52 59 63 50 394 386 85 277 101 43 98 0 618 31 21 29 69 192 0 3 16 0 0 3 0 0 0 0 0 3 10 1 0 0 63 0 0 3 0 2 1 0 0 0 52 3 3 0 0 0 0 0 51 0 1 0 37 0 2 0 0 2 0 0 11 1 0 0 0 0 0 0 0 0 0 14 0 0 46 0 44 0 0 0 0 43 16 4 73 0 0 17 13 46 12 21 0 0 0 0 0 0 0 0 0 0 0 0 0 0 0 0 1 0 1 0 0 0 9 0 0 0 0 27 0 0 1 0 0 0 0 0 0 0 0 0 0 3 6 0 0 0 0 0 0 0 0 2 0 0 0 0 0 0 0 0 0 0 28 47 43 0 0 0 14 41 32 22 14 0 0 23 37 47 20 11 0 0 0 1 0 0 0 0 0 0 0 0 0 0 0 0 0 0 0 0 0 0 0 0 0 0 0 0 0 0 0 0 0 0 0 0 0 0 0 0 0 0 0 0 0 0 0 0 0 0 0 0 0 0 0 0 12 0 0 0 0 0 0 0 0 0 0 0 0 0 0 0 49 0 0 0 0 0 0 0 0 0 0 1 0 0 0 0 0 8 0 0 
 3 0 2 0 0 0 78 0 0 0 0 0 0 0 5 0 0 0 2 0 479 370 83 79 70 76 270 504 249 90 62 31 58 618 0 188 62 251 76 177 1 3 0 2 0 208 0 0 0 0 0 68 3 0 0 205 2 0 0 3 0 2 1 0 0 2 0 5 3 0 0 0 0 0 0 0 1 0 3 0 0 0 0 0 0 0 0 0 2 0 0 0 0 11 0 0 2 0 0 0 6 37 54 0 0 0 0 11 39 46 33 13 0 10 9 32 57 29 0 1 0 0 0 0 0 0 0 0 10 0 0 0 1 0 0 0 0 0 0 0 0 0 0 2 0 0 0 0 0 0 0 0 0 0 0 0 19 0 0 7 16 0 0 1 3 2 0 0 2 0 0 0 0 1 6 0 0 0 0 1 7 75 28 0 0 0 0 42 44 30 7 0 0 0 18 57 48 42 1 0 0 0 0 0 0 0 0 0 0 0 0 0 0 0 0 0 0 0 0 16 0 0 0 0 0 2 0 0 0 0 0 0 0 0 0 0 0 0 0 0 0 0 19 0 0 0 0 0 0 0 0 2 0 1 4 2 2 0 1 2 2 0 0 0 0 0 0 0 0 0 2 0 0 0 0 0 0 0 0 0 0 7 0 2 0 0 0 0 0 0 
 0 0 0 0 6 0 0 0 0 0 0 0 0 8 0 0 0 0 0 1 44 335 169 35 73 111 40 36 266 398 80 27 29 31 188 0 143 259 26 60 2 8 0 0 0 3 0 0 6 0 0 3 3 0 0 0 2 65 0 3 0 2 1 0 0 40 0 3 3 0 48 0 0 0 0 0 0 0 3 0 0 0 0 0 0 0 0 0 0 0 0 0 0 0 0 0 0 0 0 0 0 33 11 40 0 0 0 13 42 45 15 22 0 0 4 0 37 47 0 0 0 0 0 0 0 0 0 0 0 0 0 0 0 0 0 0 0 0 1 0 0 0 0 1 0 0 2 0 0 0 0 0 0 0 0 0 0 0 2 0 0 0 0 0 0 0 0 0 3 1 1 0 0 0 0 0 0 0 0 0 0 12 18 35 29 11 0 0 11 12 25 5 0 0 0 6 49 40 0 2 0 0 1 0 0 0 0 0 0 2 0 0 0 0 0 0 0 0 0 0 0 0 0 0 1 0 0 0 0 20 0 0 0 0 0 0 0 0 0 0 0 0 10 0 0 0 0 0 0 0 0 0 0 0 2 0 2 2 2 2 3 0 0 0 0 0 0 0 0 0 0 0 0 0 0 0 0 0 0 0 0 16 0 0 0 0 20 0 0 0 
 0 0 0 1 0 0 0 0 5 0 2 0 0 0 2 2 0 2 2 74 27 371 154 46 310 68 35 254 264 374 107 318 56 21 62 143 0 305 36 42 2 10 0 0 0 3 2 0 0 0 0 3 2 0 0 0 0 0 2 3 2 2 3 0 0 2 0 3 3 0 27 0 0 0 0 0 0 0 5 0 0 0 0 0 0 0 0 0 0 0 0 0 0 0 0 0 0 0 0 0 0 45 13 40 0 0 0 18 38 72 5 32 8 1 20 2 55 37 0 0 0 0 0 0 0 0 0 0 0 0 0 0 0 0 0 0 0 2 1 0 0 0 0 1 0 0 2 0 0 0 0 0 0 0 0 0 0 0 2 0 0 0 1 0 0 0 0 0 3 0 0 1 0 13 0 0 0 0 0 0 0 18 13 34 31 8 0 1 30 13 38 4 0 0 0 8 34 42 0 0 0 0 0 0 0 0 0 0 0 0 0 0 0 0 0 0 0 1 0 1 0 0 0 0 0 0 0 0 0 0 0 0 0 12 0 0 0 0 0 0 0 0 51 0 0 0 0 0 0 0 0 0 0 0 9 0 0 0 0 1 0 1 0 0 0 0 0 0 0 0 0 0 0 0 0 0 0 0 0 0 0 24 0 0 0 0 4 0 0 1 
 0 2 0 0 2 0 0 0 6 0 0 2 0 0 0 4 0 4 0 7 53 29 276 360 51 68 241 29 191 164 512 295 482 29 251 259 305 0 28 42 1 18 0 0 0 3 0 0 0 0 0 3 2 0 0 0 0 0 2 3 0 2 7 0 0 2 0 3 2 0 0 0 0 0 0 0 0 2 3 0 0 0 0 0 0 0 0 0 0 0 0 0 0 0 0 0 0 0 0 0 0 0 0 46 37 0 0 0 19 1 62 31 12 0 10 0 2 36 0 0 9 0 0 2 0 0 1 0 0 0 0 0 0 0 0 0 0 1 10 0 0 0 0 28 0 0 6 0 2 0 0 0 1 0 0 1 0 0 9 0 0 0 2 0 10 0 0 0 0 0 0 23 0 0 0 0 0 0 0 0 0 0 9 30 40 1 0 0 1 9 52 13 0 0 0 18 18 1 0 0 0 0 0 0 0 0 0 0 0 0 0 0 0 0 2 0 0 2 2 2 0 0 0 0 21 0 0 8 0 0 0 0 0 0 0 0 0 0 0 0 0 0 3 0 0 0 0 0 0 0 0 0 0 0 8 3 4 74 148 0 14 9 0 0 0 0 0 0 0 0 0 0 0 0 0 0 0 0 0 0 0 19 0 0 0 0 0 0 0 0 
 0 0 1 0 0 298 0 0 0 0 0 1 0 0 0 0 0 0 0 0 40 41 16 75 69 41 65 73 69 59 35 35 501 69 76 26 36 28 0 421 0 69 3 0 0 3 0 0 0 0 2 4 2 29 0 0 0 0 0 3 0 2 3 0 0 2 0 3 3 0 0 0 0 0 0 0 0 0 3 0 0 0 0 0 21 16 0 0 0 0 0 0 0 0 0 0 0 0 0 0 32 0 0 6 0 0 52 2 1 0 0 0 43 68 25 1 0 0 26 28 0 0 0 0 0 0 0 0 2 22 0 0 0 0 0 0 0 0 0 0 0 0 0 0 0 1 0 0 29 0 0 0 0 0 0 0 0 0 0 0 0 26 0 0 0 37 0 0 0 3 0 0 0 8 0 0 0 0 1 0 35 1 0 0 0 0 53 11 1 0 0 0 27 30 9 1 0 0 63 51 1 0 0 0 0 0 0 29 2 0 0 1 0 0 0 0 0 0 0 1 0 0 2 0 0 0 0 0 0 0 0 0 0 0 0 0 0 0 6 0 0 0 10 0 0 0 0 0 0 0 0 0 0 0 11 0 0 0 0 0 0 0 0 0 0 0 0 0 0 0 0 1 0 0 0 0 0 0 0 0 0 0 0 0 0 0 0 0 0 0 
 0 0 1 0 1 0 0 0 0 0 0 0 0 0 1 0 0 0 0 0 84 48 92 62 81 111 367 46 69 102 61 324 168 192 177 60 42 42 421 0 62 3 0 0 0 3 0 0 0 0 0 3 9 0 0 0 0 0 0 3 0 2 7 0 0 2 0 3 3 0 0 0 0 0 0 0 0 0 3 0 0 0 0 0 0 23 0 0 0 0 0 0 0 0 0 0 1 0 0 0 41 0 11 0 0 0 43 41 0 0 0 0 4 49 8 21 3 0 0 16 0 0 0 0 0 0 0 0 0 0 8 0 0 0 0 0 0 0 0 0 0 0 0 0 0 9 0 0 5 0 0 0 0 0 0 0 0 0 0 0 0 3 0 2 0 2 0 0 0 8 0 0 0 2 0 0 0 1 0 1 38 38 1 0 0 0 83 34 7 0 0 0 10 47 35 2 1 0 22 14 0 0 0 0 0 0 0 0 0 0 0 0 0 0 0 0 0 0 0 0 0 1 0 0 0 1 0 0 21 0 0 0 0 0 0 0 0 0 0 0 0 0 0 0 0 0 0 0 0 0 0 0 0 0 13 1 3 0 0 2 2 0 0 0 0 0 0 0 0 0 0 0 0 0 0 0 0 0 0 0 0 0 0 1 0 0 0 0 0 10 
 3 3 3 3 3 3 3 3 3 3 3 3 3 3 3 3 3 3 3 3 0 2 2 2 2 2 0 0 2 1 2 1 2 0 1 2 2 1 0 62 0 97 311 49 99 237 460 188 47 23 19 35 72 69 205 27 30 18 29 119 6 0 2 2 2 4 2 0 0 0 2 0 4 6 53 2 2 0 3 7 0 0 14 0 0 0 0 0 0 0 0 0 0 0 0 0 0 0 0 0 0 0 0 0 9 0 0 0 0 0 0 0 0 8 0 0 0 0 0 0 7 19 10 10 0 0 0 0 17 0 6 0 0 0 29 12 23 0 0 0 6 1 7 0 1 0 0 3 6 0 0 0 0 3 2 1 6 1 0 0 0 0 0 17 0 0 0 0 0 0 0 0 0 0 0 0 0 0 0 0 0 0 0 0 0 0 0 0 0 0 0 0 0 0 0 0 0 0 0 0 0 13 58 0 0 0 0 22 22 20 0 0 0 28 0 11 0 5 0 0 0 2 0 1 0 0 0 21 6 0 0 0 6 7 6 0 2 0 10 0 0 0 0 0 0 0 0 0 0 0 0 6 0 0 0 0 0 0 2 0 0 0 1 2 1 0 0 0 1 0 0 0 2 0 0 0 0 0 0 0 0 0 0 0 0 0 0 0 0 0 
 3 3 3 3 63 34 3 3 3 3 3 3 5 3 3 5 3 3 5 3 3 3 7 10 3 3 5 3 3 12 10 7 20 3 3 8 10 18 69 3 97 0 206 70 23 466 386 235 202 37 35 28 50 53 238 163 115 44 33 249 1 0 0 0 0 3 0 0 0 0 0 0 0 0 0 0 0 0 0 0 0 0 0 0 0 11 0 0 28 0 0 0 0 20 0 0 0 0 0 0 18 0 0 6 11 3 16 0 0 1 11 4 10 0 0 0 4 4 17 0 1 10 8 17 0 0 0 20 10 62 7 0 0 0 0 7 8 27 1 0 0 0 0 0 2 0 0 0 0 0 0 0 0 0 0 0 0 0 0 0 0 4 0 0 0 0 0 0 0 0 0 0 0 0 0 0 0 0 0 0 0 0 0 11 5 0 0 0 1 0 38 0 6 0 0 0 5 0 11 8 0 0 0 37 0 0 0 0 17 20 9 20 0 1 1 15 19 9 0 0 0 0 0 0 0 0 0 0 0 0 0 0 0 0 0 0 0 0 0 0 0 0 13 0 0 0 0 0 0 26 0 9 0 1 0 0 0 0 6 0 0 0 2 0 0 0 0 0 0 0 5 0 0 0 0 0 0 0 0 0 0 15 0 0 0 9 0 0 0 0 
 0 2 0 60 0 0 0 0 0 0 0 0 0 0 0 0 0 0 0 0 0 2 52 0 0 0 0 0 0 0 24 2 4 16 0 0 0 0 3 0 311 206 0 144 46 49 88 100 177 247 68 29 87 58 316 121 152 253 48 106 0 0 0 8 0 6 6 0 4 0 0 1 3 0 50 0 0 0 3 57 1 0 0 0 0 0 0 0 0 0 0 0 0 0 0 0 0 0 0 0 0 0 0 3 0 0 0 0 0 0 0 8 0 0 0 0 0 0 0 0 0 1 8 15 0 0 0 0 56 16 41 21 0 0 1 0 21 45 0 0 4 0 8 0 4 0 14 0 0 0 0 0 2 0 0 0 0 0 2 0 0 0 0 0 0 0 0 0 0 0 0 0 1 0 0 0 0 0 0 0 0 0 13 0 0 0 0 0 0 0 0 0 1 0 0 0 24 0 0 0 0 0 0 47 0 0 0 0 0 30 22 50 0 0 0 12 17 11 1 0 8 0 0 0 0 0 5 5 2 0 0 0 5 8 0 0 0 0 26 7 0 0 10 0 0 0 0 0 0 0 0 3 0 0 2 0 0 0 0 8 0 0 1 4 0 7 0 4 2 0 14 0 0 0 0 0 0 0 0 0 0 0 0 0 0 21 0 9 0 0 
 0 0 0 0 3 1 0 0 6 1 0 5 0 0 1 0 0 1 0 0 3 0 0 3 0 0 0 0 0 6 0 0 0 0 2 0 0 0 0 0 49 70 144 0 275 30 113 62 85 364 135 285 164 75 66 65 332 235 92 86 0 4 0 30 0 0 0 0 0 0 0 0 0 4 0 50 0 0 0 0 0 0 0 0 6 0 0 0 0 0 0 7 0 0 0 0 0 1 0 0 0 0 0 0 0 0 1 0 0 0 0 0 10 0 1 0 0 0 2 0 0 0 0 3 48 23 0 0 0 0 20 30 0 0 0 0 0 2 0 0 0 0 0 0 0 0 0 0 0 0 0 0 0 0 0 0 0 0 19 0 0 0 0 0 0 15 0 0 0 0 0 3 0 0 0 0 11 0 0 0 0 0 0 0 0 0 0 0 0 0 0 0 0 0 0 0 0 0 3 39 0 0 0 0 35 31 0 0 0 0 1 0 0 0 0 0 0 0 0 0 0 0 0 0 0 0 2 0 0 0 0 0 19 0 0 0 0 0 29 0 0 0 10 0 0 0 0 0 0 0 0 4 0 0 0 0 0 0 0 7 0 0 45 38 2 6 0 6 0 0 0 0 0 0 0 0 0 0 0 0 0 0 0 0 1 0 0 0 0 0 
 0 0 0 0 0 0 0 0 0 0 6 0 0 0 3 0 0 0 0 0 0 0 0 0 0 0 0 0 0 2 0 0 1 0 0 0 0 0 0 0 99 23 46 275 0 262 99 63 81 98 97 225 249 60 98 297 61 35 80 108 0 1 4 0 0 0 0 0 0 21 0 0 0 71 0 0 0 0 2 0 0 0 0 0 0 0 0 0 0 0 0 0 0 0 0 0 0 0 0 0 0 0 0 0 0 0 0 0 0 0 0 0 0 0 0 0 0 0 0 0 0 0 0 10 42 33 0 0 0 0 0 17 0 0 0 1 1 0 0 0 23 0 0 0 0 0 12 0 0 0 0 0 19 0 0 0 0 0 16 10 0 0 0 0 0 0 0 0 0 0 4 0 0 0 0 0 0 0 0 0 0 0 0 0 0 0 0 0 0 0 0 0 0 0 0 0 0 0 0 0 0 0 0 3 23 47 0 0 0 0 3 6 0 0 0 1 0 0 0 0 0 0 1 0 0 0 26 7 0 0 0 0 18 44 15 0 0 0 18 12 0 21 0 0 0 0 0 0 0 0 0 12 0 0 0 0 0 0 0 1 7 0 1 3 0 3 0 1 1 0 0 0 0 0 0 0 0 0 0 0 0 0 2 0 3 0 0 0 0 0 
 0 0 0 54 62 0 35 0 0 0 0 0 0 0 0 3 0 0 4 0 5 4 3 3 3 3 3 3 3 67 3 7 5 3 208 3 3 3 3 3 237 466 49 30 262 0 45 50 48 67 61 47 23 52 75 265 43 47 265 48 0 0 3 0 0 0 0 0 0 0 0 52 0 0 0 0 0 4 101 0 0 0 0 0 0 0 0 0 0 0 0 0 0 0 0 0 0 0 0 0 0 0 0 3 0 0 0 0 0 0 0 0 0 0 0 0 0 0 0 0 0 3 2 0 1 0 0 7 3 2 41 5 0 43 11 12 8 4 0 0 32 0 0 0 0 0 50 0 0 0 0 0 21 25 0 0 0 0 10 33 0 0 0 0 0 0 0 0 0 0 42 0 0 0 15 0 0 0 0 8 0 0 0 0 0 0 0 0 0 0 0 0 0 0 0 0 0 0 0 0 3 6 2 3 6 9 0 0 0 5 0 7 0 0 10 32 5 5 0 0 38 0 11 0 0 0 25 32 0 0 20 0 10 56 13 0 0 0 0 36 0 0 0 0 0 0 0 0 0 0 0 5 0 0 0 0 0 0 0 1 0 0 0 0 1 5 5 0 0 0 0 0 0 0 0 0 0 0 0 0 0 0 3 0 2 0 0 0 0 0 
 2 5 0 2 3 2 2 2 3 2 4 2 2 2 66 2 2 53 5 2 1 0 0 57 0 0 7 0 0 0 209 0 0 0 0 0 2 0 0 0 460 386 88 113 99 45 0 124 236 32 46 63 344 260 61 34 19 28 111 437 2 0 33 0 3 0 3 0 0 3 0 3 0 0 2 3 0 0 0 0 0 0 0 0 0 0 0 0 0 14 0 0 0 0 0 0 0 0 0 0 0 0 0 7 0 0 0 0 0 0 0 0 0 0 0 0 1 0 0 0 42 11 25 12 6 0 4 13 13 1 0 22 2 24 36 16 40 0 1 0 0 0 4 0 0 0 0 16 0 0 0 0 0 0 0 0 0 0 5 5 0 0 0 0 0 0 0 26 0 0 0 5 3 0 0 0 2 0 0 0 15 0 0 0 0 0 0 0 3 0 0 0 0 0 0 0 0 0 0 0 31 32 30 2 11 2 0 36 22 1 5 3 0 43 45 0 8 25 0 0 0 0 0 0 0 0 0 0 0 0 0 0 0 0 0 0 0 0 0 0 0 0 0 0 0 0 0 0 0 0 0 11 0 1 0 0 0 0 0 1 0 0 0 0 0 0 0 0 1 0 0 0 0 0 0 0 0 0 0 0 0 0 2 0 6 0 0 0 1 0 
 0 0 0 0 3 0 0 36 0 0 0 0 0 0 1 1 0 0 0 0 0 0 0 2 0 0 0 0 0 36 0 5 0 0 0 0 0 0 0 0 188 235 100 62 63 50 124 0 62 255 268 25 112 288 384 51 29 24 69 488 0 0 0 0 0 7 0 0 0 0 0 0 0 0 0 0 0 0 0 0 0 19 0 0 0 0 0 0 0 0 0 8 0 0 0 0 0 0 0 0 0 0 0 0 0 0 0 0 0 0 0 0 0 0 0 0 0 0 0 0 16 65 28 15 0 0 0 3 36 42 4 5 1 16 19 46 50 26 0 0 0 0 6 0 0 0 0 0 0 0 0 0 0 0 0 0 0 0 0 0 0 0 0 0 0 0 0 7 0 0 0 4 0 0 0 0 0 0 0 0 0 0 0 0 0 0 0 0 0 36 0 0 0 0 0 0 0 0 0 5 18 29 14 33 0 0 0 14 23 39 19 20 0 1 3 55 35 42 0 0 0 0 0 0 0 0 1 0 0 0 26 0 0 0 0 0 0 0 0 9 0 0 0 0 0 0 0 0 0 0 0 0 0 2 0 0 0 0 0 2 0 0 2 0 2 0 0 0 0 0 15 0 0 0 0 0 0 0 0 0 0 0 3 0 1 1 0 0 1 0 
 3 3 3 3 5 3 3 3 3 3 3 3 3 11 6 3 3 49 3 3 0 204 0 0 0 0 0 0 0 73 0 4 0 0 0 6 0 0 0 0 47 202 177 85 81 48 236 62 0 281 46 33 316 96 131 64 127 254 79 60 0 0 100 0 0 0 0 0 0 0 0 0 0 0 0 0 6 0 0 0 0 0 0 0 0 0 0 0 0 0 0 0 0 0 0 0 0 0 0 0 0 0 0 18 0 0 0 0 0 0 0 0 0 0 0 0 0 0 0 0 0 0 9 21 3 5 0 0 21 24 22 38 0 0 0 1 16 29 0 0 0 0 0 0 11 0 0 0 0 0 0 0 0 0 0 0 0 0 11 2 0 0 0 0 0 0 0 0 0 0 0 0 0 0 0 0 0 1 0 0 0 0 0 0 0 0 0 0 0 0 0 0 0 0 0 0 0 0 0 0 0 1 1 37 5 1 0 0 0 17 26 35 0 0 0 20 18 15 0 0 0 0 0 0 0 0 0 0 0 0 0 0 0 0 0 0 0 0 22 0 0 0 15 0 0 0 0 0 0 0 0 16 0 0 0 0 0 0 0 7 0 0 1 1 0 20 0 1 0 1 14 0 0 0 0 0 0 0 0 0 0 0 4 0 7 26 0 0 0 0 
 5 0 0 0 0 0 0 0 0 1 0 2 2 0 10 0 0 0 0 2 2 0 0 0 0 4 0 0 0 5 3 0 2 0 0 0 0 0 0 0 23 37 247 364 98 67 32 255 281 0 306 281 64 306 129 277 188 95 297 83 0 0 0 6 0 0 0 0 0 7 0 0 0 0 0 2 0 0 0 0 0 0 0 0 0 0 0 0 0 0 0 0 0 0 0 0 0 0 11 0 0 0 0 0 0 0 0 0 0 0 0 0 0 0 0 0 0 0 0 0 0 0 0 61 7 24 0 0 1 13 30 26 0 0 0 0 0 12 0 0 0 0 0 0 1 0 0 0 0 0 0 0 2 0 0 0 2 0 34 0 0 0 0 0 0 0 0 0 0 0 0 0 0 0 0 0 0 0 0 0 0 0 0 0 0 0 0 0 0 0 0 0 0 0 0 14 6 0 0 0 0 0 0 0 22 11 0 0 0 0 39 23 0 0 0 0 0 0 2 0 0 0 0 0 0 0 2 0 0 0 0 0 25 0 0 0 0 0 54 0 0 0 13 0 0 0 0 0 0 0 0 10 0 1 0 0 0 0 0 2 0 0 64 67 1 20 1 64 0 0 0 0 0 0 1 0 0 0 0 0 0 0 0 0 7 14 0 0 0 0 
 0 0 0 0 4 0 0 0 0 0 0 0 0 0 0 0 0 0 0 0 0 0 0 0 0 0 0 0 0 0 0 2 0 0 0 0 0 0 2 0 19 35 68 135 97 61 46 268 46 306 0 265 122 40 86 293 156 240 31 66 0 2 6 4 0 0 0 2 6 0 0 0 0 0 0 0 0 0 0 0 0 0 0 0 0 0 0 0 9 0 0 8 0 0 0 0 0 0 0 0 0 0 0 0 0 0 6 0 0 0 0 0 0 0 0 0 0 0 0 0 0 0 1 0 41 35 0 0 1 1 8 37 0 0 0 0 1 1 0 0 1 0 0 0 0 0 1 0 0 0 0 0 0 0 0 0 0 0 19 0 0 0 0 0 0 0 0 0 0 0 0 0 10 0 0 0 0 0 0 0 0 0 2 0 0 0 0 0 0 0 0 0 0 0 0 0 0 0 0 0 0 0 0 1 29 37 0 0 0 1 0 0 0 0 0 0 2 0 0 0 0 0 0 0 0 0 5 0 0 0 0 0 24 0 0 0 0 0 45 0 0 0 14 0 0 0 0 0 0 0 0 4 0 13 0 0 0 0 0 16 0 0 36 8 6 6 2 32 0 0 0 0 0 0 0 0 0 0 0 0 0 0 0 0 6 0 0 0 0 0 
 9 0 3 2 3 3 5 3 3 0 7 2 3 6 9 3 1 0 10 0 8 3 3 6 3 7 4 208 3 3 6 7 6 3 68 3 3 3 4 3 35 28 29 285 225 47 63 25 33 281 265 0 33 41 37 259 291 64 31 33 3 8 19 6 0 4 0 16 23 2 2 0 2 36 14 3 2 2 0 0 0 0 0 0 0 0 0 0 0 0 0 0 0 0 0 0 0 0 0 0 0 0 0 0 0 1 0 0 0 0 0 0 0 0 0 0 0 0 0 0 0 0 0 0 45 31 0 0 0 0 2 14 0 0 0 0 0 0 0 0 0 9 0 0 2 0 10 0 1 7 7 9 16 0 0 8 1 4 33 18 0 0 0 8 0 0 0 0 0 0 0 0 0 0 0 0 0 0 0 0 0 0 0 0 0 0 0 0 0 0 0 0 0 0 0 0 0 0 0 0 0 0 0 0 33 42 0 0 0 0 0 0 0 0 0 0 0 0 0 0 1 1 19 11 0 0 23 0 1 8 0 16 30 0 0 10 0 9 46 10 0 0 0 0 0 0 0 0 0 0 0 12 0 0 0 7 0 0 0 0 0 0 67 66 0 0 8 63 0 0 5 0 0 0 0 0 0 0 0 0 0 4 0 0 8 0 0 0 0 0 
 0 0 0 0 2 0 0 0 65 0 0 2 0 0 3 2 0 0 1 0 6 3 3 1 2 3 11 5 3 12 4 3 11 10 3 3 2 2 2 9 72 50 87 164 249 23 344 112 316 64 122 33 0 88 37 27 40 38 358 432 0 0 0 11 2 0 0 1 0 3 0 1 4 0 4 0 6 5 0 0 0 0 0 0 0 0 0 0 0 0 0 0 0 0 0 0 0 0 0 0 8 0 5 0 0 10 1 0 5 0 0 0 22 8 12 6 0 0 0 0 20 9 23 0 0 0 48 33 16 0 0 0 41 14 21 0 7 0 9 0 0 0 0 0 0 0 0 0 0 0 0 0 0 0 0 0 0 0 0 0 0 0 0 0 0 0 0 0 0 0 0 4 2 0 0 19 4 0 0 0 8 11 7 0 0 6 5 6 0 0 0 0 5 25 0 0 0 55 0 3 26 29 22 0 0 0 0 16 29 0 0 0 0 100 14 0 10 1 0 0 0 20 0 0 0 0 0 0 0 0 0 0 0 0 0 0 0 0 0 0 0 2 0 0 0 0 0 0 0 0 0 8 2 0 0 1 0 0 2 0 0 1 2 0 0 4 4 0 0 0 0 0 0 0 0 0 0 0 0 0 0 0 0 0 0 0 0 0 0 0 
 1 0 0 0 0 0 0 0 6 0 0 3 93 0 3 0 0 63 0 0 1 23 0 0 0 1 0 0 0 9 2 0 1 1 0 0 0 0 29 0 69 53 58 75 60 52 260 288 96 306 40 41 88 0 304 28 37 43 316 390 0 0 0 1 0 3 0 0 26 0 0 1 0 0 0 0 50 0 0 1 0 0 0 0 0 0 0 0 0 0 0 0 0 0 0 8 0 0 0 0 0 0 0 0 0 0 0 0 0 8 0 0 0 0 0 0 0 0 0 12 6 52 14 9 2 5 0 1 10 16 1 0 0 13 55 12 25 15 0 1 1 0 0 0 1 0 1 0 0 0 0 0 10 6 0 0 0 0 0 5 0 0 0 0 0 0 0 20 0 0 0 8 4 0 0 0 5 0 0 0 0 0 0 0 9 0 0 0 0 0 0 0 0 0 0 0 0 0 0 0 16 36 33 2 0 2 1 20 35 21 21 0 0 29 12 31 15 11 0 0 2 0 0 0 0 0 0 2 0 0 0 0 0 0 0 0 0 0 13 7 0 0 0 0 0 0 1 0 0 0 0 14 2 0 0 1 0 2 0 0 0 0 0 0 0 2 1 0 0 0 0 0 0 0 0 0 0 0 0 0 0 0 0 0 0 0 0 1 0 0 
 8 0 64 0 0 0 0 0 0 0 0 0 0 0 7 0 3 0 0 0 57 0 0 2 0 0 0 0 64 2 3 0 0 0 0 0 0 0 0 0 205 238 316 66 98 75 61 384 131 129 86 37 37 304 0 352 50 35 81 113 0 204 0 0 0 6 0 0 0 0 0 0 0 0 0 0 0 0 0 0 0 0 0 0 0 0 0 0 0 0 0 0 0 0 0 0 0 0 0 0 0 0 0 0 0 0 0 0 0 0 0 0 0 0 0 0 0 0 0 0 18 40 44 14 0 0 0 1 31 49 1 0 0 15 19 28 44 47 0 1 0 0 0 0 0 0 0 0 0 0 0 0 0 0 0 0 0 0 0 0 0 0 0 0 0 0 0 15 0 0 0 4 0 0 0 0 0 0 0 0 0 0 0 0 0 0 0 0 0 0 0 0 0 0 0 0 0 0 0 0 22 10 18 72 1 0 0 9 46 42 31 19 0 0 1 44 34 33 0 0 0 0 0 0 0 10 0 0 0 0 0 0 0 16 0 0 0 0 22 0 0 0 0 0 0 0 0 0 0 0 0 15 0 2 0 0 0 0 0 2 0 0 0 0 0 5 2 0 1 0 16 0 0 0 0 0 0 0 0 0 0 0 6 0 0 0 0 0 1 0 
 0 0 0 0 3 0 0 0 62 0 4 0 0 0 2 0 0 0 0 0 0 0 0 0 0 0 0 0 0 0 0 0 3 0 205 0 0 0 0 0 27 163 121 65 297 265 34 51 64 277 293 259 27 28 352 0 181 272 28 394 0 0 0 0 0 0 0 0 0 0 0 0 0 0 0 0 0 0 0 0 0 0 0 0 0 0 0 0 0 0 0 0 0 0 0 0 0 0 0 0 0 0 0 0 0 0 0 0 0 0 16 0 0 0 0 0 0 0 0 0 0 0 8 12 3 7 0 0 31 20 11 41 0 0 14 0 17 38 0 16 0 0 0 0 4 0 0 0 0 0 0 0 0 0 0 0 0 0 1 0 0 0 0 0 0 0 0 0 0 0 0 0 0 0 0 0 7 0 0 0 0 0 0 0 0 0 0 0 0 0 0 0 0 0 0 0 0 0 0 0 0 0 0 34 1 1 0 0 0 18 25 36 0 0 0 20 24 13 0 0 0 0 0 0 0 0 0 0 0 0 0 0 0 0 0 0 0 0 24 0 0 0 15 0 0 0 0 0 0 0 0 10 0 0 0 0 0 0 0 8 0 0 1 1 2 23 0 2 0 0 14 0 0 0 0 0 0 0 0 0 0 0 0 0 0 26 0 0 0 0 
 0 0 63 67 1 1 0 0 66 63 62 1 0 0 0 62 38 62 0 0 0 0 0 4 0 0 0 0 0 0 0 0 0 63 2 2 0 0 0 0 30 115 152 332 61 43 19 29 127 188 156 291 40 37 50 181 0 129 37 54 2 49 0 0 0 0 0 0 0 0 0 0 0 0 0 0 0 1 0 0 18 0 0 12 0 0 0 0 0 0 28 18 0 0 0 0 3 0 0 0 0 0 0 0 0 0 0 0 0 0 0 0 0 0 0 0 0 0 0 0 0 0 0 18 2 15 0 0 0 12 7 31 0 0 0 0 8 30 0 0 0 0 0 0 3 0 0 0 0 0 0 0 0 0 0 0 0 0 1 0 0 0 0 0 0 0 0 0 0 0 0 0 0 0 0 0 0 0 0 0 0 0 0 0 0 0 0 0 0 0 0 0 1 0 0 0 0 0 0 0 0 0 0 9 24 8 0 0 0 9 20 23 0 0 0 19 13 13 0 0 0 0 0 0 0 0 0 0 0 0 0 0 10 0 0 0 0 0 39 0 0 0 15 0 0 0 0 0 0 59 0 11 0 1 0 0 0 0 0 1 0 0 63 0 0 0 1 1 2 0 0 0 0 0 0 0 33 0 0 0 0 0 0 0 6 13 0 0 0 0 
 0 0 0 0 2 0 0 0 0 0 0 0 0 0 0 0 0 0 4 0 2 0 24 0 0 0 0 0 0 0 0 7 2 0 0 65 0 0 0 0 18 44 253 235 35 47 28 24 254 95 240 64 38 43 35 272 129 0 37 51 0 0 0 8 0 0 0 0 0 0 0 0 0 0 0 0 0 0 0 0 0 0 0 0 0 0 0 0 0 0 0 0 0 0 0 0 0 0 0 0 0 7 0 0 0 0 0 0 2 0 0 0 0 0 0 0 0 0 0 0 0 0 0 8 7 12 0 0 0 10 18 13 0 0 0 0 0 19 0 0 0 0 0 0 3 0 0 0 0 0 17 0 0 0 0 0 0 0 16 0 0 0 0 0 0 0 0 0 0 0 0 0 0 0 0 0 0 0 0 0 0 0 0 0 0 0 0 21 0 0 0 0 0 0 0 0 0 0 0 0 0 0 0 3 40 1 0 0 0 0 18 20 0 0 0 0 0 0 0 0 0 0 0 0 0 0 11 0 0 1 0 0 18 0 0 0 0 0 24 0 0 0 7 0 0 0 0 0 0 0 0 3 2 0 0 0 0 0 0 12 0 0 63 62 0 19 1 65 0 0 0 0 0 0 0 0 0 0 0 0 0 0 0 0 6 23 0 0 0 0 
 5 0 0 0 0 0 0 0 48 0 3 0 0 0 3 0 0 0 2 0 5 0 0 2 4 192 0 0 0 0 2 0 2 0 0 0 2 2 0 0 29 33 48 92 80 265 111 69 79 297 31 31 358 316 81 28 37 37 0 266 0 0 0 0 0 0 0 0 0 0 0 0 0 0 0 0 0 2 0 0 0 0 0 0 0 0 0 0 0 0 0 0 0 0 11 0 0 0 0 0 0 0 0 0 0 15 0 0 0 0 6 0 0 0 0 0 0 0 0 0 18 2 4 0 0 0 55 70 0 4 0 0 46 20 0 1 0 0 12 26 0 0 0 0 0 0 0 0 0 0 0 0 0 1 0 0 0 0 0 0 0 0 0 6 0 0 0 0 0 0 0 0 1 0 0 0 1 0 0 0 5 0 17 0 0 1 0 0 0 0 0 0 0 0 0 0 0 0 0 0 25 0 0 0 0 0 13 46 4 0 0 0 15 27 27 0 2 0 0 11 0 0 0 0 0 0 0 0 0 0 0 0 0 22 0 0 0 0 0 0 0 0 0 0 0 0 1 0 0 0 0 6 0 2 0 0 0 0 0 0 0 0 1 0 0 0 2 0 0 0 0 0 0 0 0 0 0 0 0 0 0 0 0 0 0 14 0 0 2 0 
 0 0 0 0 3 0 0 0 4 1 2 2 0 0 0 3 0 0 2 6 6 3 67 5 4 4 3 3 3 7 3 3 4 3 3 3 3 3 3 3 119 249 106 86 108 48 437 488 60 83 66 33 432 390 113 394 54 51 266 0 0 0 0 0 0 0 0 0 0 0 0 3 0 0 29 0 51 0 0 25 0 0 0 0 0 0 0 0 0 0 0 0 0 0 0 0 0 0 3 1 0 0 0 0 0 10 0 0 0 0 8 0 0 0 0 0 0 0 0 0 25 19 22 0 0 0 35 23 13 1 0 0 9 29 26 16 0 0 0 1 0 0 0 0 0 0 0 0 0 7 0 0 0 0 0 0 0 0 0 0 1 0 0 0 0 0 0 0 0 0 0 9 21 0 0 0 12 0 3 0 0 0 15 0 0 0 0 0 0 0 0 0 0 0 0 0 14 8 0 1 33 23 12 0 0 0 1 62 20 0 0 0 1 35 14 0 17 0 0 0 0 0 0 0 0 0 0 0 0 0 0 0 0 0 0 0 0 0 0 0 0 0 0 0 0 0 0 0 0 0 0 10 0 2 0 0 0 0 0 2 0 0 0 0 3 2 0 0 0 0 1 0 0 0 0 0 0 0 0 0 0 0 0 0 0 0 0 0 2 0 
 3 3 3 3 4 3 3 3 2 3 3 2 3 3 3 3 3 3 3 3 1 0 0 0 0 48 0 2 0 2 0 0 1 0 0 0 2 0 0 0 6 1 0 0 0 0 2 0 0 0 0 3 0 0 0 0 2 0 0 0 0 98 103 262 50 40 283 268 43 463 57 60 296 109 234 51 259 23 55 171 0 0 0 0 0 0 0 0 0 0 0 0 0 9 0 0 0 0 0 0 0 0 0 0 3 0 0 0 0 0 0 0 6 0 0 0 0 0 0 0 0 0 0 0 0 0 0 0 0 0 0 0 0 0 0 0 0 0 0 0 0 6 9 15 3 0 0 29 27 0 23 9 0 18 37 26 35 23 0 0 0 0 23 0 0 0 0 0 0 0 0 0 0 10 0 0 0 0 0 0 0 0 0 0 0 0 0 0 0 0 0 0 0 0 0 0 0 0 0 0 0 1 0 0 0 0 0 0 0 0 0 0 0 0 0 0 0 0 0 0 2 38 29 36 41 2 0 4 12 28 0 1 0 0 24 4 46 14 0 0 16 0 0 0 0 0 0 0 0 0 0 0 0 0 2 0 0 0 0 0 0 0 0 0 0 0 2 0 0 0 13 0 0 2 2 0 0 0 0 0 0 0 0 0 0 0 0 0 0 0 
 0 0 0 0 3 0 0 0 31 0 0 0 0 0 0 0 0 0 0 0 2 2 2 2 2 2 2 2 2 7 2 2 2 2 2 2 2 2 2 2 0 0 0 4 1 0 0 0 0 0 2 8 0 0 204 0 49 0 0 0 98 0 266 78 27 33 85 269 122 45 38 31 32 45 417 194 243 46 260 54 0 0 0 0 0 0 0 0 0 0 0 0 7 0 0 0 0 0 0 0 0 0 0 0 0 0 0 0 0 0 0 0 0 0 0 0 0 0 0 0 0 0 0 0 0 0 0 0 0 0 0 0 0 0 0 0 2 0 0 0 0 7 2 6 8 0 0 0 8 9 19 17 0 0 8 7 0 34 0 0 0 0 0 0 0 0 0 0 0 0 0 0 0 0 0 0 0 6 0 0 0 0 0 0 0 0 0 0 0 0 0 0 0 0 0 0 0 0 0 0 0 0 0 0 5 0 0 0 0 0 0 0 0 0 0 0 0 0 0 0 0 19 27 20 18 0 0 0 11 18 10 35 0 0 0 14 15 24 0 0 7 0 0 0 0 0 0 0 0 0 0 0 0 0 3 0 0 0 0 0 0 0 0 1 0 0 36 0 0 0 35 0 0 10 12 0 0 0 0 0 0 0 0 0 0 0 0 0 0 0 
