 0 228 88 80 59 677 466 364 48 105 275 249 40 144 533 265 31 38 55 161 1 0 0 0 1 1 0 0 0 1 2 13 204 2 2 0 0 0 0 4 0 0 0 5 2 2 0 0 0 0 0 3 0 0 0 0 0 2 0 0 0 0 0 2 0 3 3 0 0 0 0 0 0 0 0 2 0 2 56 0 31 0 52 18 0 0 14 46 20 45 0 0 2 75 73 26 20 0 0 15 0 4 0 0 0 0 0 0 0 0 0 0 0 0 0 0 0 0 0 0 0 0 0 2 0 0 0 0 0 0 0 0 0 0 0 0 0 0 0 0 0 0 0 0 1 19 0 11 0 0 0 5 0 0 0 0 0 1 0 0 0 41 29 2 0 15 0 11 14 4 0 0 13 33 45 1 0 0 0 0 0 0 0 1 0 0 0 12 0 0 0 1 0 0 0 0 0 0 0 0 0 0 0 0 0 0 0 9 0 0 0 0 0 0 0 0 0 0 0 0 0 0 0 0 0 0 0 0 0 0 1 0 0 0 0 0 2 0 0 0 0 0 0 0 0 0 0 2 0 2 0 8 0 0 0 0 0 2 0 0 0 0 0 0 0 0 0 0 0 0 0 0 0 0 0 0 0 0 0 0 0 0 0 0 0 0 0 0 0 0 
 228 0 428 39 30 24 61 356 337 54 47 13 57 61 330 356 366 68 47 37 0 2 0 0 1 0 0 0 0 0 2 6 0 2 3 0 0 0 2 4 0 65 0 2 2 0 0 0 0 0 0 3 0 0 0 0 1 2 0 0 0 0 0 56 25 2 2 0 0 22 0 0 1 0 0 2 0 2 0 0 14 23 10 21 1 0 0 24 48 28 33 17 0 0 14 74 62 24 0 0 0 0 1 0 0 14 0 0 0 0 0 3 1 0 0 0 0 0 1 3 0 15 0 0 0 0 0 0 0 0 0 0 0 0 0 0 0 0 0 0 0 0 0 0 3 6 0 0 0 0 0 0 0 0 0 0 0 0 0 10 0 9 39 25 0 0 0 89 26 9 14 2 0 9 9 38 6 13 0 0 0 0 0 0 0 0 0 0 0 0 0 0 0 0 0 0 0 0 0 0 0 0 0 0 0 0 0 0 0 0 0 0 0 0 0 0 0 0 0 0 0 1 0 0 0 0 0 0 0 0 2 0 0 0 0 0 0 0 0 0 0 0 0 0 0 2 0 2 0 0 0 9 0 0 0 0 0 0 0 0 0 0 19 0 0 0 0 0 0 0 0 0 0 0 0 16 0 7 0 0 0 0 0 0 0 0 0 0 0 0 
 88 428 0 123 62 44 87 55 428 401 86 248 70 36 77 250 137 385 33 56 0 0 0 1 0 0 0 0 3 1 2 0 0 1 2 0 0 0 0 3 0 0 0 2 2 0 0 0 2 0 0 5 0 0 63 0 1 2 0 86 0 0 1 2 9 3 3 0 0 0 0 0 0 0 0 2 88 2 0 0 0 24 20 31 0 0 0 0 27 21 35 11 0 0 11 36 23 42 0 0 0 0 0 0 0 0 0 0 0 0 0 0 0 0 0 0 0 0 18 0 0 0 0 0 0 0 0 0 0 0 0 0 0 0 0 0 0 0 0 0 0 0 0 0 6 5 0 0 0 0 9 0 0 0 0 0 4 0 0 0 0 0 10 42 10 0 0 27 15 21 11 16 0 12 8 101 60 62 0 0 0 0 0 0 0 0 0 0 0 0 0 0 0 0 0 0 0 0 0 0 0 0 0 0 0 0 0 0 0 0 0 0 0 0 0 0 0 0 0 0 0 0 0 0 0 0 0 0 0 0 0 0 0 0 0 0 0 0 0 0 0 0 0 0 0 0 7 2 2 5 0 10 1 0 0 0 0 0 0 0 0 0 33 0 0 0 0 0 0 0 0 0 0 0 0 38 0 6 0 0 0 0 0 0 0 0 0 0 0 0 
 80 39 123 0 119 470 56 40 88 611 443 389 50 272 46 24 382 389 106 66 3 2 0 0 1 2 0 75 0 0 2 1 2 0 3 2 2 0 0 3 0 3 0 2 2 2 2 0 0 0 0 3 0 3 0 2 0 4 0 0 0 0 0 4 0 2 1 0 0 1 0 0 0 0 0 2 3 2 0 0 0 0 10 11 10 1 0 1 1 24 17 49 21 0 1 2 0 32 0 0 0 0 0 1 0 0 0 1 0 2 0 0 14 0 2 0 0 8 23 0 0 0 0 0 0 21 0 0 0 0 0 0 0 2 0 0 0 0 0 0 1 0 0 10 0 3 0 8 1 0 15 0 2 0 0 0 7 0 0 1 0 0 11 11 17 0 0 0 12 22 27 29 2 1 0 0 20 23 0 0 0 0 0 0 0 0 0 1 0 0 0 10 0 0 0 0 0 0 9 0 0 0 0 0 0 0 0 0 0 0 0 0 0 0 0 0 0 0 0 0 15 0 0 0 0 0 0 0 0 0 0 0 0 0 0 0 0 0 0 0 0 13 0 0 0 2 91 0 4 56 0 8 10 0 0 0 0 2 0 0 0 0 0 0 0 0 0 0 0 0 0 0 0 0 0 18 7 0 0 0 0 0 0 0 0 0 0 0 0 0 
 59 30 62 119 0 431 46 271 318 54 139 629 277 59 285 282 48 327 89 282 1 0 0 0 0 0 0 0 0 0 2 0 1 0 3 0 0 0 9 3 0 1 0 2 2 2 0 0 0 0 0 3 0 4 0 0 0 2 0 0 0 0 0 2 0 3 3 0 0 0 0 0 0 0 0 35 0 2 0 48 0 0 0 12 59 62 0 0 0 0 1 65 0 0 12 0 0 0 0 0 0 0 0 0 0 0 7 1 0 0 0 0 16 7 0 0 0 0 43 26 0 0 0 0 0 19 0 0 0 0 0 0 0 0 0 0 0 0 0 0 0 18 0 0 0 0 18 33 0 0 0 0 0 0 0 0 0 0 0 0 0 0 0 1 17 1 0 0 0 0 15 23 0 0 0 0 0 1 0 0 0 0 0 0 0 0 0 0 0 0 0 0 16 1 0 0 0 0 57 8 0 0 0 0 0 0 0 0 0 0 0 0 0 0 0 0 0 0 0 0 0 0 0 0 0 0 0 0 0 0 0 0 0 0 0 0 0 0 0 0 0 7 0 0 0 4 4 0 2 8 0 13 0 0 0 0 0 0 0 0 0 0 0 0 0 0 0 0 0 0 0 0 0 0 0 18 10 0 0 0 0 0 0 0 0 0 0 0 0 0 
 677 24 44 470 431 0 47 53 41 31 79 267 34 55 256 58 82 46 48 60 2 1 76 0 0 0 1 0 0 1 2 0 210 0 3 1 0 0 331 40 0 0 0 4 2 0 0 0 0 0 0 3 0 0 11 0 0 2 0 0 0 0 0 2 0 2 2 0 0 0 0 0 43 0 0 2 0 2 0 0 0 0 0 0 56 58 0 0 0 0 0 20 0 0 0 0 0 0 0 0 0 0 0 5 0 0 53 1 2 0 0 0 59 15 0 1 0 0 35 36 0 0 0 0 0 0 0 0 22 0 0 0 0 0 0 0 0 0 0 0 0 0 0 16 0 0 11 0 0 24 0 0 0 0 0 0 0 0 0 0 0 0 0 0 19 39 0 0 0 0 0 17 0 0 0 0 0 0 0 0 12 1 0 0 0 0 13 6 0 0 0 0 31 11 20 0 0 0 65 59 0 0 0 0 0 0 0 0 0 0 0 0 0 0 0 0 0 0 16 0 0 0 0 0 0 0 0 0 0 0 0 1 0 0 0 0 0 0 0 0 0 0 0 0 0 8 0 0 0 1 0 6 0 0 0 0 0 0 0 0 1 0 0 0 0 0 3 0 0 0 0 0 0 0 0 0 0 0 0 0 0 0 0 0 0 0 0 0 0 0 
 466 61 87 56 46 47 0 91 40 59 52 37 397 338 35 45 36 43 61 324 0 0 0 2 0 0 1 0 0 2 2 0 0 3 2 2 0 0 0 3 0 0 0 2 2 0 0 0 0 0 0 3 0 0 0 0 0 2 0 0 0 0 0 2 0 3 3 0 0 0 0 0 0 0 0 2 0 2 0 0 35 0 34 0 0 0 28 6 0 0 0 0 0 61 30 1 7 0 1 20 0 0 0 0 0 0 0 0 0 0 0 0 0 0 0 0 0 0 0 0 0 0 0 0 0 0 0 0 0 0 0 0 0 0 0 0 2 0 0 0 0 0 11 0 0 0 0 0 0 0 0 6 0 0 0 0 0 4 0 0 8 48 0 0 0 1 17 32 10 6 1 0 0 26 25 0 0 0 0 3 0 0 0 2 0 0 0 0 0 0 2 0 0 1 0 0 0 0 0 0 0 0 2 0 0 0 0 0 0 0 0 0 0 0 0 0 0 0 0 0 0 0 0 0 0 0 2 1 0 0 0 0 0 0 0 0 0 0 0 0 0 0 0 0 0 2 1 0 0 0 0 16 0 0 0 0 0 0 0 0 0 0 0 0 0 0 0 0 0 0 0 0 0 0 0 0 0 0 0 0 0 0 0 0 0 0 0 0 0 0 
 364 356 55 40 271 53 91 0 180 44 26 76 89 330 115 78 77 261 56 57 0 0 0 0 2 0 0 2 0 0 2 0 0 2 3 0 1 5 0 3 0 0 53 2 2 0 0 0 0 0 0 3 0 0 0 0 0 2 0 0 0 0 0 2 0 2 2 0 0 0 0 0 0 0 0 2 0 2 0 0 11 0 39 47 0 0 4 30 36 60 9 0 0 33 55 41 18 50 0 0 0 9 0 0 0 0 0 0 0 10 0 0 0 0 0 0 0 0 0 0 0 0 0 0 0 0 0 0 0 2 0 0 0 0 0 0 0 0 0 0 0 0 0 0 17 0 0 0 0 0 0 4 0 0 1 0 1 0 11 0 0 48 11 0 0 0 0 24 2 2 21 0 0 47 23 16 10 0 15 10 0 0 0 0 0 0 16 0 0 1 0 0 1 0 2 0 1 0 0 0 0 0 0 0 0 0 0 0 14 0 0 0 0 2 0 0 0 0 2 0 0 0 1 0 0 0 0 0 0 0 0 0 0 0 0 0 0 0 2 0 0 0 0 0 0 4 0 0 0 2 0 0 0 0 0 0 0 0 0 0 0 0 22 0 0 0 0 0 0 0 0 0 0 0 0 0 0 0 0 0 0 0 0 0 0 0 0 0 0 0 
 48 337 428 88 318 41 40 180 0 276 36 266 71 99 436 295 511 430 246 294 0 2 0 0 2 3 0 0 0 0 4 73 0 1 3 2 0 0 2 5 0 0 2 2 2 0 0 2 0 3 3 3 0 0 0 0 23 3 2 0 0 0 0 6 50 2 3 0 2 0 2 0 0 0 0 2 0 34 0 0 13 6 14 31 0 0 0 19 65 7 38 12 0 0 9 44 32 19 1 0 0 0 0 0 0 0 0 0 0 0 0 0 0 0 0 0 0 0 0 0 1 0 1 0 0 0 0 0 0 0 0 0 0 0 0 0 0 0 0 0 0 0 0 0 4 8 0 0 0 1 4 0 0 0 0 0 2 0 0 0 0 13 28 36 6 0 0 47 18 18 10 4 0 7 11 28 11 28 0 0 0 0 0 0 0 0 0 0 0 1 0 0 1 0 2 0 2 0 0 2 0 0 0 0 0 0 0 1 0 0 0 0 15 0 0 0 0 0 2 0 0 0 0 0 0 0 0 0 0 0 0 0 0 0 0 0 0 0 2 0 0 0 0 0 0 2 4 2 4 2 0 13 1 0 0 0 0 0 0 0 0 0 32 0 0 0 0 0 0 0 0 0 0 0 0 37 0 34 0 0 0 0 0 0 0 0 0 0 0 6 
 105 54 401 611 54 31 59 44 276 0 418 279 53 74 115 333 622 179 80 122 0 0 0 0 0 0 0 0 0 0 2 0 3 1 2 0 0 73 0 4 0 1 0 2 2 1 0 0 0 0 0 3 0 0 0 0 0 2 0 0 0 0 0 2 0 3 3 0 0 51 0 0 0 0 0 53 0 2 0 0 0 13 13 15 0 0 0 1 46 21 41 25 0 0 0 13 11 38 0 0 0 0 0 2 0 0 0 2 0 1 0 0 0 0 1 0 0 8 9 0 0 0 0 0 0 16 0 0 0 0 0 0 0 1 0 0 0 0 0 0 0 0 1 0 1 4 0 5 2 0 4 0 1 0 0 0 8 0 0 2 0 0 14 11 11 0 0 1 39 12 27 28 1 0 6 18 27 37 0 0 0 0 0 0 0 0 0 2 0 0 0 1 0 0 0 0 0 0 0 0 0 0 0 0 0 0 0 0 0 0 1 0 0 0 0 0 0 0 0 0 0 0 0 0 0 0 0 0 0 0 0 0 0 0 0 0 0 0 0 0 0 1 0 0 0 17 176 0 5 173 0 8 14 0 0 0 0 0 0 0 0 0 0 0 0 0 0 0 0 0 0 0 0 0 0 29 0 11 0 0 0 0 0 0 0 0 0 0 0 0 
 275 47 86 443 139 79 52 26 36 418 0 634 50 52 199 303 111 397 381 273 0 0 0 0 0 0 0 0 2 0 2 0 0 0 3 1 0 0 0 4 0 0 0 2 2 5 0 0 0 0 0 3 0 0 0 0 4 2 0 0 0 0 0 2 0 2 1 0 0 0 0 0 0 0 0 2 45 2 0 0 0 0 48 12 22 0 0 0 0 18 5 15 0 0 0 1 1 21 0 0 0 0 0 0 0 0 0 0 0 0 2 0 0 1 0 0 0 0 24 0 0 0 0 0 0 0 40 0 0 0 0 0 0 0 0 0 0 0 0 0 0 0 0 0 0 1 0 3 0 0 10 1 0 0 0 0 1 0 0 0 0 0 10 15 40 2 0 1 11 11 49 23 0 0 0 0 25 25 0 0 0 0 0 0 0 0 0 0 0 0 1 0 0 2 0 0 0 0 16 4 0 0 1 0 0 0 0 0 0 0 0 0 0 0 0 2 0 0 0 0 0 0 0 0 0 0 1 1 0 0 0 0 0 0 0 0 0 0 0 0 0 9 0 0 0 0 13 0 0 90 2 5 14 0 0 0 0 0 0 0 0 0 0 0 0 0 0 0 0 0 0 0 0 0 0 16 10 0 0 0 0 0 0 0 0 0 0 0 0 0 
 249 13 248 389 629 267 37 76 266 279 634 0 29 29 292 43 97 62 18 227 0 0 2 3 3 0 5 3 1 4 5 4 1 0 2 4 2 2 0 6 0 0 0 2 4 15 0 0 0 1 0 3 9 1 2 0 6 2 17 2 0 0 0 3 0 3 5 3 0 0 6 0 4 0 0 2 3 9 1 1 0 0 0 11 74 29 0 0 0 11 11 40 0 0 0 26 2 11 0 0 0 0 0 0 0 1 7 0 0 0 0 2 4 0 0 0 2 0 45 2 0 2 0 0 0 0 0 0 0 0 0 0 0 0 0 0 0 0 0 3 0 0 0 0 0 1 0 7 0 0 0 0 0 0 14 0 0 0 1 0 0 0 0 5 31 13 0 0 0 16 51 34 0 0 0 0 20 15 6 0 0 0 0 0 0 1 0 0 0 0 0 0 39 0 0 2 0 0 95 7 0 0 0 0 0 0 0 0 0 0 0 0 0 0 0 0 0 0 0 0 0 0 0 0 0 0 0 0 0 0 0 0 0 0 0 0 0 0 0 0 0 6 0 0 0 0 174 2 3 174 0 6 13 0 2 0 0 0 0 0 0 0 0 0 0 0 2 0 0 0 0 0 0 0 0 0 5 0 0 0 0 0 0 0 0 0 0 0 0 0 
 40 57 70 50 277 34 397 89 71 53 50 29 0 62 47 114 52 48 381 204 0 0 74 1 0 1 0 0 2 1 2 0 0 0 3 0 0 2 0 4 0 0 2 5 2 0 0 0 0 2 0 3 0 0 0 2 1 2 0 0 0 0 0 2 5 5 3 0 0 0 3 3 0 0 0 2 1 4 0 0 7 0 0 0 0 0 32 5 0 1 0 0 26 46 16 0 0 0 0 17 0 2 0 0 0 0 0 0 0 0 0 0 0 0 0 0 0 0 0 11 0 0 0 0 2 0 0 0 2 0 0 1 0 0 0 0 0 0 0 0 0 0 0 0 0 0 0 0 0 0 0 0 0 0 0 0 0 0 0 0 23 24 0 0 0 0 39 55 0 6 0 0 0 11 6 0 0 0 11 13 0 1 0 0 0 16 0 0 0 0 0 0 0 0 2 0 0 0 0 0 0 2 0 0 0 0 0 0 0 0 0 0 16 0 0 0 0 0 0 0 0 0 0 0 1 0 0 0 0 0 0 0 0 0 0 0 0 0 0 0 0 0 0 0 0 0 0 0 2 0 0 10 0 1 0 0 0 0 0 0 0 0 3 0 0 0 1 0 0 0 0 0 0 0 0 0 0 0 0 0 0 0 0 0 0 0 0 0 0 0 
 144 61 36 272 59 55 338 330 99 74 52 29 62 0 589 45 30 26 110 177 1 2 0 0 0 0 0 0 0 0 2 4 0 2 3 2 0 16 0 5 0 0 0 2 3 0 0 0 2 0 0 3 0 2 0 0 0 2 0 0 0 0 0 2 0 2 2 0 0 0 0 31 0 0 0 2 0 3 0 0 19 0 78 2 0 0 11 40 21 26 0 0 0 48 34 38 0 0 0 13 0 0 0 1 0 32 8 1 18 0 0 0 0 0 2 0 15 0 0 0 0 2 0 0 12 0 0 0 0 0 0 0 0 0 0 0 0 0 0 0 0 0 0 0 0 0 0 2 0 0 0 7 0 0 0 0 0 2 0 0 0 21 23 0 0 0 0 37 0 3 0 2 2 16 35 3 0 0 1 0 0 0 0 0 0 1 0 1 0 0 0 0 0 0 0 0 0 0 0 0 0 0 0 0 0 0 0 0 0 0 0 0 0 0 0 0 0 0 0 0 0 0 0 0 0 0 9 0 0 0 0 0 1 0 0 0 8 0 0 0 0 2 9 0 0 0 0 2 0 2 0 10 0 0 0 0 0 0 0 0 0 0 4 0 0 0 0 0 0 0 0 0 0 0 0 0 0 0 0 0 0 0 0 0 0 0 0 0 0 0 
 533 330 77 46 285 256 35 115 436 115 199 292 47 589 0 201 37 40 463 326 2 78 0 1 0 0 0 0 0 0 2 0 1 1 2 0 0 3 0 2 0 0 0 2 3 0 0 0 0 0 1 4 0 0 0 0 0 4 0 0 5 2 0 2 5 3 4 0 2 9 0 0 2 0 0 2 0 3 4 3 15 10 34 22 2 0 0 9 21 34 12 2 0 41 41 28 17 2 0 2 0 0 1 0 0 23 0 0 0 0 0 0 1 0 0 0 0 0 1 0 0 0 0 0 0 0 0 0 0 0 0 0 0 0 0 0 0 0 0 0 0 0 0 0 8 0 0 0 0 0 0 5 0 7 0 0 1 3 0 0 0 22 50 15 0 0 0 35 11 7 1 0 0 29 25 29 22 0 0 0 0 0 0 0 0 0 0 0 0 0 0 0 0 0 0 0 0 0 3 0 0 0 0 0 0 0 0 0 0 0 0 0 0 0 0 0 0 0 0 0 0 0 18 0 0 0 0 0 0 0 2 0 0 0 0 0 0 0 0 0 0 0 0 0 0 0 2 0 1 0 0 6 0 0 0 0 0 0 0 0 0 0 18 1 0 0 0 0 0 0 0 0 0 0 0 0 9 1 0 0 0 0 0 0 0 0 0 0 0 0 
 265 356 250 24 282 58 45 78 295 333 303 43 114 45 201 0 213 332 41 56 0 2 0 0 0 0 0 0 1 0 32 4 0 1 2 2 0 0 2 3 0 0 0 2 2 0 0 56 0 0 0 3 0 0 0 0 0 2 0 0 0 0 0 2 6 3 3 0 0 0 0 0 0 2 0 2 0 2 0 0 1 6 0 29 0 0 0 2 35 7 33 13 0 0 9 36 31 36 0 0 0 0 0 0 0 0 0 0 0 0 0 0 0 0 0 0 0 0 0 0 0 0 0 0 0 0 0 1 0 0 0 0 0 0 0 0 0 0 0 16 0 0 0 0 4 5 0 0 0 0 3 0 0 0 0 0 2 0 0 0 0 10 30 28 1 0 0 34 19 16 14 0 0 6 10 27 11 27 0 0 0 0 0 0 0 0 0 0 0 0 0 0 0 0 0 0 0 0 0 0 0 0 0 0 0 0 0 0 0 0 0 0 16 0 0 0 0 0 0 0 0 0 0 0 0 0 0 0 0 0 0 0 0 0 0 0 0 0 0 0 0 0 0 0 0 0 3 0 0 2 0 7 0 0 0 0 0 0 0 0 0 0 20 0 0 0 0 0 0 0 0 0 0 0 2 30 0 18 0 0 0 0 0 0 0 0 0 0 0 0 
 31 366 137 382 48 82 36 77 511 622 111 97 52 30 37 213 0 399 33 231 0 0 0 2 0 0 0 0 0 2 77 2 0 79 2 0 0 1 0 3 0 0 0 2 2 0 41 0 0 0 0 3 2 0 0 0 0 2 0 0 0 2 0 2 9 3 3 0 0 6 1 0 0 0 1 2 0 4 0 1 0 24 14 33 0 0 0 1 36 22 26 12 0 2 9 33 25 44 0 0 0 0 0 0 0 0 0 0 0 2 0 0 0 0 2 0 0 0 0 0 0 1 0 0 0 0 0 0 0 0 0 0 0 0 0 0 3 0 0 0 0 0 0 4 11 3 0 2 1 0 2 0 5 0 3 0 2 0 0 0 0 4 11 33 10 0 0 21 40 20 17 29 2 6 8 51 21 20 1 0 0 0 0 0 0 0 0 0 0 0 0 2 0 0 0 0 0 0 0 0 0 0 0 17 0 0 0 0 0 0 0 0 0 0 0 0 0 0 0 0 0 0 0 0 0 0 0 0 0 0 0 0 1 0 0 0 0 0 0 1 0 2 0 0 0 1 0 0 1 1 0 25 1 0 0 0 0 0 0 0 0 0 16 0 0 0 0 0 0 0 0 0 0 0 0 25 0 10 0 0 0 0 0 0 0 0 0 0 0 0 
 38 68 385 389 327 46 43 261 430 179 397 62 48 26 40 332 399 0 53 354 2 3 2 4 0 2 0 1 2 12 4 1 3 1 4 4 2 2 0 4 0 0 0 3 3 0 2 1 2 4 1 3 6 2 7 2 6 3 0 1 0 0 0 2 0 4 1 0 0 0 6 0 4 0 0 2 0 8 0 0 0 11 11 11 0 0 0 0 9 21 49 30 0 0 0 13 7 75 0 0 0 0 0 0 0 0 0 0 0 0 0 15 0 0 0 0 0 0 7 0 0 0 0 17 0 0 0 0 0 0 0 0 0 0 7 0 0 0 0 0 0 0 0 0 0 4 0 2 0 0 12 0 0 0 0 0 3 0 0 3 0 0 3 23 11 0 0 0 28 20 26 24 0 0 6 14 35 35 0 0 0 0 0 0 0 0 0 0 0 0 0 0 0 0 0 0 0 0 0 0 0 0 0 0 0 0 0 0 0 0 0 0 0 0 0 0 0 0 0 0 0 0 0 0 0 0 0 0 0 0 0 0 0 0 0 0 0 0 0 0 0 1 0 0 0 0 182 0 0 185 0 3 16 0 0 0 0 0 0 0 0 0 66 0 0 4 0 0 0 0 0 0 0 1 0 29 0 6 0 0 0 0 0 0 0 0 0 0 0 0 
 55 47 33 106 89 48 61 56 246 80 381 18 381 110 463 41 33 53 0 383 0 0 0 0 0 0 0 0 0 0 2 0 0 1 3 0 1 0 0 3 0 0 0 5 2 0 0 5 0 0 0 3 0 2 0 58 0 2 0 0 3 3 0 2 0 2 3 0 1 48 0 0 0 0 0 2 0 2 0 0 16 0 0 0 0 0 32 7 0 0 1 0 47 10 0 6 0 0 53 41 0 0 0 0 0 0 0 0 0 0 0 0 0 0 0 0 0 0 0 0 14 0 0 0 0 0 0 0 0 0 0 0 0 9 0 0 0 0 0 0 0 0 0 0 0 0 0 0 0 0 0 0 0 0 0 0 0 0 0 0 34 2 0 2 0 10 38 24 0 4 0 0 15 15 0 0 0 0 23 22 0 1 0 0 0 0 0 0 0 0 0 0 25 0 0 0 0 0 0 0 0 2 0 0 0 0 1 0 0 0 0 0 0 0 0 0 0 0 0 0 0 0 10 9 1 0 0 0 0 0 0 0 0 1 0 0 0 0 0 0 0 0 0 0 0 3 0 0 0 0 0 18 0 0 0 0 0 0 0 1 0 0 0 0 0 0 0 0 0 0 0 0 0 0 0 0 0 0 0 0 0 0 0 0 0 1 0 0 0 11 
 161 37 56 66 282 60 324 57 294 122 273 227 204 177 326 56 231 354 383 0 0 0 3 0 0 0 0 0 0 0 2 0 0 2 3 0 0 0 0 7 0 0 0 2 2 0 0 0 0 0 0 3 0 0 1 0 0 2 0 0 0 0 0 2 0 58 3 0 0 0 0 0 0 0 0 2 0 2 0 2 24 0 7 0 0 0 76 5 0 0 0 0 24 30 25 0 0 0 17 52 0 0 0 0 0 0 0 0 0 0 0 0 16 0 0 0 0 0 0 0 0 0 0 0 0 0 0 0 0 0 0 0 0 0 0 0 19 0 0 0 0 0 0 0 0 0 0 0 0 0 0 9 0 0 0 0 0 7 0 0 46 21 0 0 0 14 32 8 0 3 0 0 0 20 26 14 0 0 0 11 0 0 0 0 0 0 0 0 0 0 0 0 0 0 0 0 0 0 0 0 0 0 0 0 0 0 0 0 0 0 0 0 0 0 0 0 0 0 0 0 0 0 0 0 0 0 0 20 0 0 0 0 0 0 0 0 0 0 0 0 0 0 0 0 0 2 0 0 2 2 0 11 0 0 0 0 0 0 0 0 33 0 0 0 0 0 0 0 0 0 0 0 0 0 0 0 0 0 0 0 0 0 0 0 0 0 0 0 0 0 
 1 0 0 3 1 2 0 0 0 0 0 0 0 1 2 0 0 2 0 0 0 89 190 40 40 234 640 373 33 34 125 461 533 92 345 36 108 26 32 34 0 0 0 3 0 28 0 0 0 3 0 0 2 0 0 0 0 0 0 0 0 3 3 0 0 0 0 0 0 0 3 0 0 0 0 0 0 0 0 2 0 0 0 0 0 0 0 0 0 0 0 0 0 0 0 0 0 0 0 0 45 56 15 0 0 0 15 68 2 1 0 0 9 27 30 38 1 2 0 0 0 0 0 0 2 0 0 0 0 0 0 0 0 0 0 0 0 0 0 0 1 0 0 0 0 0 0 0 0 0 0 0 0 0 1 0 0 0 0 0 0 0 8 1 0 0 0 0 0 0 0 2 0 0 4 0 0 1 0 0 22 54 28 19 0 0 31 19 56 37 10 0 0 27 34 38 20 22 0 9 0 21 0 0 0 0 0 0 1 0 0 0 0 0 0 0 7 0 26 0 0 0 0 0 0 0 0 0 0 0 0 0 0 0 0 0 0 0 21 0 0 0 0 0 0 0 0 0 0 0 0 0 0 0 24 0 1 0 0 2 0 0 0 0 0 0 0 0 0 0 0 0 0 0 0 0 0 0 0 0 0 0 0 0 0 0 0 0 0 0 
 0 2 0 2 0 1 0 0 2 0 0 0 0 2 78 2 0 3 0 0 89 0 416 52 278 242 59 408 351 54 47 65 260 63 361 602 588 71 44 53 0 0 0 3 0 0 204 0 0 3 0 0 3 65 0 0 0 0 0 3 0 52 3 0 0 0 0 0 4 0 7 0 0 0 0 0 0 0 0 3 0 0 1 0 0 0 0 0 0 0 0 0 0 0 11 0 0 0 0 0 17 30 10 59 0 10 0 0 30 52 10 12 0 0 18 21 37 47 0 0 10 0 0 0 1 0 0 0 0 12 0 0 0 0 0 0 0 0 0 12 0 0 0 0 0 0 0 19 0 0 0 2 0 3 0 0 0 0 0 0 0 0 5 0 2 0 0 0 0 0 0 0 1 0 0 0 12 0 0 0 0 25 44 18 1 0 0 0 29 51 29 19 0 14 0 23 24 24 0 0 1 0 0 0 2 0 0 0 0 0 0 0 0 0 0 0 0 0 0 0 0 0 11 0 0 0 0 0 0 1 0 0 0 0 1 0 0 1 1 0 0 0 9 0 0 0 0 0 0 0 0 0 0 0 2 0 1 0 0 0 34 10 0 0 0 0 13 0 0 0 0 0 0 0 0 0 1 2 0 0 0 34 0 0 0 0 16 0 0 0 
 0 0 0 0 0 76 0 0 0 0 0 2 74 0 0 0 0 2 0 3 190 416 0 100 38 28 82 93 311 366 69 255 56 58 57 157 162 478 44 250 0 1 0 3 0 3 0 2 1 3 0 0 2 0 0 0 67 0 0 9 0 5 6 0 0 0 0 1 0 0 6 0 0 0 0 0 0 0 0 1 0 0 0 0 0 2 0 0 0 0 0 0 0 0 0 2 0 0 0 1 0 10 19 106 0 0 0 0 24 76 27 32 0 0 1 2 42 57 1 14 0 0 0 0 0 0 0 0 0 0 0 2 0 0 0 0 0 0 0 0 0 0 0 0 0 0 0 0 0 0 0 0 0 0 0 0 0 0 1 0 0 0 1 0 0 0 2 0 0 0 0 0 0 0 1 0 0 0 0 0 0 1 40 32 14 2 0 0 9 21 16 19 0 1 0 17 39 62 0 0 0 0 0 0 0 0 0 0 0 0 0 0 0 0 0 0 0 0 0 13 0 0 0 0 1 0 0 0 0 0 0 0 0 0 0 0 0 0 0 2 0 0 10 0 0 0 0 0 0 0 0 0 0 0 5 2 0 3 3 3 9 10 0 0 0 0 8 0 0 0 0 0 0 0 0 0 0 0 0 0 0 28 0 0 1 0 15 0 0 0 
 0 0 1 0 0 0 2 0 0 0 0 3 1 0 1 0 2 4 0 0 40 52 100 0 119 39 88 57 108 412 227 343 64 63 131 44 49 295 88 52 0 95 0 5 7 0 4 0 0 3 0 0 2 0 0 0 0 209 62 8 0 3 4 0 0 0 0 0 0 0 3 0 0 0 0 0 0 0 0 1 0 0 0 0 0 0 0 0 0 0 0 0 0 0 0 0 0 0 0 0 0 33 0 25 17 45 0 0 0 0 57 27 0 0 0 0 1 0 0 0 0 9 0 0 0 0 6 0 0 0 0 0 0 0 1 0 0 0 48 0 0 0 0 0 0 1 0 0 0 0 0 0 0 0 0 0 0 0 5 0 0 0 0 0 0 0 0 0 0 0 0 0 0 0 0 0 0 0 0 6 0 0 0 10 30 26 0 0 1 0 29 21 0 0 0 0 1 42 0 0 19 0 0 0 0 0 1 0 0 0 0 0 0 0 0 0 0 0 1 10 0 0 0 0 0 0 0 10 0 0 0 0 0 0 0 0 0 0 0 0 0 0 0 0 0 0 1 0 0 0 0 0 0 0 7 2 2 57 39 2 0 0 0 0 0 0 0 0 0 0 0 0 0 0 0 0 0 0 0 0 0 0 0 0 0 0 0 0 0 0 
 1 1 0 1 0 0 0 2 2 0 0 3 0 0 0 0 0 0 0 0 40 278 38 119 0 591 41 52 89 279 75 344 53 80 146 70 290 53 49 71 0 0 0 68 1 0 0 0 0 3 0 0 3 0 0 0 0 0 2 0 0 2 3 0 2 0 0 0 0 0 3 1 0 0 0 0 0 0 0 3 0 0 0 0 0 0 0 0 0 0 0 0 0 0 0 0 0 0 0 0 0 0 0 0 28 34 10 0 0 0 28 0 0 0 0 0 0 0 0 2 1 0 0 0 0 0 73 1 0 0 0 0 14 19 0 0 0 0 177 53 0 0 0 0 0 1 0 0 0 0 0 0 0 0 0 0 0 0 35 0 0 0 12 0 0 0 0 22 0 0 0 0 0 0 0 0 0 0 0 17 0 0 0 9 26 26 0 0 0 0 15 7 0 0 0 0 0 0 0 0 24 0 0 0 0 0 27 0 0 20 0 0 17 13 0 0 0 0 57 19 25 0 0 0 0 0 0 0 0 0 0 0 0 0 0 0 0 0 0 0 0 0 0 0 0 0 0 0 0 0 0 0 0 0 16 0 6 2 7 2 2 0 0 0 0 0 0 0 0 0 0 0 0 0 0 0 0 0 0 0 0 0 0 0 0 0 0 0 0 0 
 1 0 0 2 0 0 0 0 3 0 0 0 1 0 0 0 0 2 0 0 234 242 28 39 591 0 91 240 61 84 69 256 52 35 85 86 57 59 49 42 0 0 0 3 0 5 0 3 0 5 0 0 4 0 0 0 7 0 194 1 0 3 3 0 0 0 0 0 0 0 4 0 0 0 0 0 0 0 0 2 0 0 0 0 0 0 0 0 0 0 0 0 0 0 0 0 0 0 0 0 0 0 0 0 33 10 0 7 0 0 0 0 0 0 0 0 0 0 0 0 3 0 0 0 0 0 28 1 0 0 0 0 9 46 24 0 0 0 19 34 0 0 0 0 0 0 0 0 0 0 0 0 0 0 0 0 0 0 0 0 0 0 0 0 0 0 0 0 0 1 3 0 0 0 0 0 0 0 0 4 0 0 0 0 42 22 0 0 0 0 0 68 0 0 0 0 0 0 0 0 5 0 0 0 0 0 43 9 0 0 0 0 39 8 0 0 1 0 88 11 0 0 0 0 0 2 0 0 0 0 0 0 0 0 0 0 0 0 0 0 0 0 0 0 0 0 0 0 0 0 0 0 0 0 12 0 5 0 0 0 3 1 0 0 0 0 0 0 0 0 0 0 0 0 0 0 0 0 0 0 0 0 0 0 0 0 0 17 0 0 
 0 0 0 0 0 1 1 0 0 0 0 5 0 0 0 0 0 0 0 0 640 59 82 88 41 91 0 91 134 93 29 52 405 281 35 40 14 35 86 317 3 5 0 3 0 0 0 0 6 3 0 0 7 0 3 0 0 0 0 0 0 3 3 1 0 9 0 2 0 0 3 0 0 4 2 0 0 0 0 1 0 0 0 0 0 1 0 0 0 0 0 0 0 0 0 0 0 0 0 0 31 7 26 1 0 0 19 70 29 0 0 14 13 18 40 23 0 0 0 21 0 0 0 0 0 0 0 0 0 0 0 0 0 0 0 0 0 0 0 0 0 0 0 0 0 0 7 0 0 2 10 0 0 0 0 0 0 0 0 0 0 0 0 0 0 1 0 0 0 0 0 0 0 0 9 0 0 0 0 0 36 21 12 23 0 0 36 104 21 0 0 0 18 32 34 10 21 2 0 36 0 0 0 0 0 0 0 0 0 0 0 0 0 0 0 0 0 0 0 0 0 0 0 0 0 0 0 0 0 0 0 0 0 0 0 0 0 0 0 0 0 0 0 0 0 0 0 0 0 0 0 0 0 0 10 0 4 0 0 2 1 0 0 0 0 0 0 0 0 0 0 0 0 0 0 0 0 0 0 0 0 0 0 0 0 0 0 0 0 0 
 0 0 0 75 0 0 0 2 0 0 0 3 0 0 0 0 0 1 0 0 373 408 93 57 52 240 91 0 316 28 33 63 119 304 342 21 62 47 250 261 0 0 0 3 0 0 0 0 0 68 0 0 3 0 0 0 0 0 205 0 0 2 3 0 0 0 0 0 0 0 9 0 0 0 32 0 0 0 0 3 0 0 0 0 0 0 1 0 0 0 0 0 0 0 0 0 0 0 0 2 19 19 26 1 0 0 0 32 29 99 11 0 0 0 60 39 23 52 1 0 0 0 2 0 0 0 0 0 0 0 0 0 0 0 0 0 0 0 0 0 20 0 0 2 0 0 0 1 0 0 0 0 0 0 0 0 0 8 0 0 0 0 3 0 0 0 0 0 0 0 0 0 0 0 0 1 0 0 1 0 14 23 32 39 0 0 0 14 42 35 12 0 0 22 29 37 121 10 0 0 0 0 0 0 0 0 0 0 0 0 0 0 0 0 0 0 0 0 0 0 0 0 0 0 2 0 0 0 1 0 18 0 0 1 0 0 2 0 0 0 0 0 7 0 0 0 0 0 0 0 0 1 0 0 21 2 2 0 0 2 0 2 0 0 0 0 1 0 0 0 0 0 0 0 0 0 0 0 0 0 0 10 0 0 0 0 1 0 0 0 
 0 0 3 0 0 0 0 0 0 0 2 1 2 0 0 1 0 2 0 0 33 351 311 108 89 61 134 316 0 234 277 49 318 96 451 300 258 352 69 65 0 0 0 3 0 0 0 63 0 3 0 0 2 0 0 0 0 0 0 0 0 3 3 0 0 0 0 0 0 0 9 0 0 0 0 0 0 0 0 2 0 0 0 0 0 0 2 0 1 23 0 0 0 0 0 0 0 18 0 1 11 13 13 42 0 11 1 0 22 37 41 34 1 0 18 10 58 58 0 0 0 0 1 0 0 0 0 0 0 0 0 0 0 0 0 0 0 0 0 0 0 0 0 0 0 0 0 2 0 0 0 0 0 0 0 0 0 0 0 0 0 0 2 0 0 0 8 0 0 0 0 0 0 0 0 0 0 0 2 0 0 21 35 32 1 0 1 0 46 29 10 49 0 0 0 9 34 30 0 0 0 0 0 0 0 0 0 0 0 0 0 0 0 0 21 0 10 0 0 0 0 0 0 0 7 0 0 0 2 0 0 0 0 0 0 0 1 0 0 0 0 0 10 0 1 0 0 0 0 0 0 2 0 2 15 0 2 2 2 1 17 10 23 0 0 0 19 0 0 0 0 0 0 0 0 0 0 0 0 0 0 12 0 0 0 0 19 0 0 0 
 1 0 1 0 0 1 2 0 0 0 0 4 1 0 0 0 2 12 0 0 34 54 366 412 279 84 93 28 234 0 376 268 69 55 144 409 351 152 266 60 0 0 69 3 213 0 0 1 0 3 0 0 2 0 0 0 3 0 0 5 0 3 9 0 0 0 0 0 0 0 6 0 0 0 0 0 0 0 0 2 0 0 0 0 0 0 0 0 0 0 0 0 0 0 0 0 0 0 0 0 1 59 0 67 9 14 0 0 0 13 61 55 0 0 0 1 45 13 0 0 0 0 0 0 0 0 1 0 0 0 0 0 0 0 0 0 0 0 1 0 0 0 0 0 0 0 0 0 0 0 0 0 0 0 0 0 0 0 2 0 0 0 0 0 0 0 0 10 0 0 0 20 0 12 0 0 0 0 0 0 0 0 12 15 47 22 0 0 1 0 37 43 0 0 0 0 6 20 0 0 0 0 0 0 0 0 0 1 0 0 0 0 0 0 0 0 0 0 0 1 0 0 0 0 0 0 0 0 0 0 0 0 0 0 0 0 0 0 0 0 0 0 0 0 0 0 0 0 0 0 0 0 0 0 10 0 2 152 194 2 15 17 0 0 0 0 14 0 0 0 0 0 0 0 0 0 0 0 0 0 0 13 0 0 0 0 21 0 0 0 
 2 2 2 2 2 2 2 2 4 2 2 5 2 2 2 32 77 4 2 2 125 47 69 227 75 69 29 33 277 376 0 372 29 35 49 89 98 301 44 39 0 0 0 3 5 0 2 56 0 3 0 0 1 0 1 0 0 0 0 5 0 3 9 0 0 1 0 0 0 0 3 0 0 0 0 0 0 0 0 0 0 0 0 1 0 2 0 0 0 0 0 0 0 8 1 0 0 0 0 1 0 1 0 1 51 51 0 0 0 1 32 44 0 0 0 2 1 0 1 0 0 0 0 0 0 0 0 0 0 0 0 0 0 1 0 0 0 0 26 0 0 0 0 0 0 0 0 0 0 0 0 0 0 0 0 0 0 0 2 0 0 0 0 0 0 0 2 0 0 12 0 0 0 0 1 0 0 0 0 0 0 0 0 10 25 34 0 0 0 0 28 19 0 0 0 0 0 23 0 0 8 0 0 1 0 0 0 0 0 0 0 0 1 0 0 0 0 0 0 10 0 0 0 0 1 0 0 0 0 0 0 0 0 0 0 0 1 0 0 2 0 0 1 0 0 0 0 0 0 0 0 0 0 0 2 0 0 48 86 2 3 2 0 0 0 0 0 0 0 0 0 0 0 0 0 0 0 0 0 0 0 1 0 0 0 0 0 0 0 0 
 13 6 0 1 0 0 0 0 73 0 0 4 0 4 0 4 2 1 0 0 461 65 255 343 344 256 52 63 49 268 372 0 254 36 31 50 77 304 254 269 0 0 0 3 6 0 1 0 0 3 0 0 2 0 0 0 0 0 1 0 0 3 3 0 0 0 0 0 0 0 3 0 0 0 0 0 0 0 0 1 1 0 18 0 0 0 0 0 0 0 0 0 0 0 0 7 0 0 1 0 2 0 2 0 60 54 0 0 0 0 26 29 0 0 0 0 0 0 0 2 0 0 0 0 0 0 31 0 0 0 0 0 7 0 1 0 3 0 45 24 0 0 0 0 0 0 0 8 0 0 0 0 0 0 0 0 0 0 3 0 20 0 0 0 0 0 0 0 0 0 0 0 0 0 0 0 0 0 0 4 0 0 0 13 42 41 0 19 0 0 13 31 0 0 0 2 0 0 0 1 9 0 0 0 0 0 0 0 0 0 0 0 12 9 0 0 0 0 30 12 0 0 0 2 0 0 0 0 0 0 0 0 2 0 0 2 0 0 0 0 0 0 0 0 0 0 0 0 0 0 0 0 0 0 14 2 0 149 149 1 1 0 0 0 0 0 0 0 0 0 0 0 0 0 1 0 0 0 0 0 0 0 0 0 0 0 0 0 0 0 
 204 0 0 2 1 210 0 0 0 3 0 1 0 0 1 0 0 3 0 0 533 260 56 64 53 52 405 119 318 69 29 254 0 287 55 44 49 35 479 363 0 0 4 3 0 0 0 63 0 3 0 0 2 0 8 0 0 0 0 0 0 3 3 0 6 0 0 0 0 0 3 0 0 0 0 0 0 0 0 1 0 0 0 1 0 2 0 0 0 1 0 0 0 0 1 0 0 0 0 1 57 0 1 0 0 0 26 38 14 0 1 0 47 43 29 2 1 1 1 22 0 0 1 0 0 0 0 0 0 0 0 0 0 0 0 0 0 0 0 0 0 0 0 0 0 0 14 2 0 22 0 0 0 0 0 0 0 0 0 0 0 0 0 0 0 34 3 0 0 0 2 2 0 0 2 0 0 0 1 0 57 21 19 2 0 0 63 44 0 0 1 0 23 27 33 0 1 0 0 52 0 0 0 0 0 0 0 0 0 0 0 0 0 0 0 0 0 0 0 14 0 0 0 0 1 0 0 0 2 0 0 0 0 0 0 0 1 0 0 2 0 0 0 0 0 0 0 0 0 0 0 0 0 2 5 0 1 0 0 2 4 2 30 0 0 0 0 0 0 0 0 0 0 0 0 0 0 0 0 0 0 0 0 0 0 0 0 0 0 0 
 2 2 1 0 0 0 3 2 1 1 0 0 0 2 1 1 79 1 1 2 92 63 58 63 80 35 281 304 96 55 35 36 287 0 291 20 36 41 71 102 29 0 0 5 0 0 0 1 0 3 0 0 2 0 0 0 0 0 0 0 0 3 3 0 0 0 0 0 0 0 3 0 0 0 0 0 0 0 0 1 0 0 0 0 0 0 0 0 0 0 0 0 0 0 0 0 0 0 0 0 17 8 5 0 8 0 13 49 0 0 1 0 9 11 42 27 1 10 0 0 0 0 0 0 0 1 0 0 0 0 0 0 0 0 0 0 0 0 0 0 0 0 0 0 0 0 0 0 0 0 0 0 0 6 0 0 0 0 0 0 0 0 10 0 0 0 0 0 0 0 0 0 0 0 4 0 50 0 0 0 2 36 27 19 0 4 21 21 49 29 12 0 0 28 14 31 27 34 0 0 0 0 0 0 0 0 0 0 0 0 0 0 0 0 0 0 0 0 0 0 0 0 0 5 0 0 0 0 0 0 0 0 0 0 0 0 0 0 0 0 0 0 0 0 0 0 1 0 0 0 0 0 0 0 8 0 0 0 0 2 2 0 0 0 0 0 0 0 0 0 0 0 0 0 0 0 0 0 0 0 0 0 0 0 0 0 0 0 0 1 
 2 3 2 3 3 3 2 3 3 2 3 2 3 3 2 2 2 4 3 3 345 361 57 131 146 85 35 342 451 144 49 31 55 291 0 89 69 54 56 95 0 0 0 3 0 0 0 0 0 3 0 0 2 0 0 0 3 0 0 0 0 3 3 0 0 0 0 0 0 0 6 0 0 0 0 0 0 0 0 0 0 0 0 0 0 0 0 0 0 0 0 0 0 0 0 0 0 0 0 0 23 32 45 1 0 0 14 30 40 42 46 2 3 7 28 39 25 57 0 0 1 0 0 0 0 0 0 0 0 0 0 0 0 0 0 0 0 0 0 0 0 0 0 0 10 0 0 0 0 0 0 0 11 0 0 0 0 0 0 0 0 0 6 0 0 0 0 0 0 0 0 0 0 0 42 0 0 0 0 0 13 27 34 52 0 0 0 22 41 32 12 0 0 25 25 42 55 23 10 0 0 0 0 0 0 0 0 0 0 0 0 10 0 0 8 0 0 0 0 0 0 0 0 0 0 0 0 0 0 0 0 0 0 0 0 0 0 0 0 0 0 0 13 0 0 0 0 0 0 0 0 0 0 0 12 0 1 0 0 2 2 1 0 0 0 0 5 0 0 0 0 0 0 0 0 0 0 0 0 0 0 59 0 0 0 0 0 0 0 0 
 0 0 0 2 0 1 2 0 2 0 1 4 0 2 0 2 0 4 0 0 36 602 157 44 70 86 40 21 300 409 89 50 44 20 89 0 198 270 51 68 0 0 0 3 7 0 0 0 0 3 0 0 3 0 0 0 5 208 0 9 0 3 7 3 0 2 0 0 0 0 9 0 0 0 3 0 0 0 0 2 0 0 2 0 0 0 0 0 0 0 0 0 0 0 0 0 0 0 13 0 0 13 14 53 0 6 0 0 25 46 35 21 0 0 11 0 39 57 0 0 0 0 0 0 0 0 0 0 0 0 2 0 0 2 0 0 0 0 0 0 0 0 0 0 0 2 0 0 0 2 11 0 0 0 0 0 0 0 1 0 0 0 1 0 2 0 0 0 0 0 0 0 2 1 0 0 0 0 0 0 0 1 24 29 22 1 0 1 9 12 29 7 0 1 0 0 37 28 0 0 1 0 0 0 2 0 0 0 0 0 0 0 0 0 0 0 0 0 12 0 12 0 0 0 0 0 1 0 0 0 0 0 0 0 1 0 0 0 0 0 0 0 9 0 0 0 0 0 0 0 0 0 0 0 9 0 4 2 2 0 9 4 20 0 0 0 27 0 0 0 0 0 0 15 0 0 0 0 0 0 0 31 0 0 0 0 17 0 0 0 
 0 0 0 2 0 0 0 1 0 0 0 2 0 0 0 0 0 2 1 0 108 588 162 49 290 57 14 62 258 351 98 77 49 36 69 198 0 554 36 103 0 0 6 3 62 0 0 0 0 3 0 0 1 0 0 0 0 0 0 17 0 3 6 0 0 3 0 0 0 0 6 0 0 0 0 53 51 0 0 0 0 0 0 0 0 0 0 0 0 0 0 0 0 16 0 0 0 0 6 0 4 11 36 59 7 0 1 0 24 63 31 21 0 0 2 17 53 63 0 0 0 0 0 0 0 0 0 1 0 0 0 0 0 0 0 0 0 0 2 0 0 0 0 0 12 0 0 0 1 1 0 0 0 0 0 0 0 0 1 0 0 0 2 0 0 0 0 0 18 0 0 0 0 0 0 2 5 0 0 0 0 0 36 26 14 1 0 0 12 17 27 25 0 1 0 2 51 38 0 0 0 0 0 0 13 0 0 0 0 0 0 14 1 0 0 1 0 0 0 0 0 0 2 0 0 0 0 0 0 0 0 0 22 0 0 0 0 11 0 3 0 17 12 0 0 0 0 0 0 0 0 0 2 0 7 0 1 0 2 0 15 8 2 0 0 0 9 0 0 0 0 0 0 0 0 0 0 0 0 0 0 41 0 0 0 0 12 0 0 0 
 0 0 0 0 0 0 0 5 0 73 0 2 2 16 3 0 1 2 0 0 26 71 478 295 53 59 35 47 352 152 301 304 35 41 54 270 554 0 226 41 0 0 0 3 4 0 0 0 0 210 0 0 3 0 0 0 0 0 0 9 1 3 6 0 0 0 0 51 0 1 4 34 0 0 0 0 0 0 0 0 0 1 0 0 0 0 0 0 0 0 0 0 0 0 0 0 0 0 0 0 0 1 1 51 0 25 9 0 1 1 41 41 0 0 1 0 13 19 0 0 0 0 0 0 0 0 0 0 0 0 0 0 0 0 0 0 0 0 6 0 0 0 0 0 0 0 0 0 0 0 0 0 0 0 0 0 0 0 17 0 0 0 0 0 0 1 0 0 0 0 0 0 0 0 0 0 0 0 0 0 0 0 7 11 8 11 13 0 0 0 47 35 0 15 0 7 17 8 0 0 0 0 0 0 0 0 0 0 0 0 0 0 0 0 0 0 0 0 0 0 0 0 0 0 0 0 10 0 0 0 0 0 0 0 0 0 0 11 0 0 0 0 0 0 0 0 0 0 0 0 0 0 0 0 2 3 6 146 75 1 3 15 0 0 0 0 17 0 0 0 0 0 0 0 0 0 0 0 0 0 0 19 0 0 0 0 13 0 0 0 
 0 2 0 0 9 331 0 0 2 0 0 0 0 0 0 2 0 0 0 0 32 44 44 88 49 49 86 250 69 266 44 254 479 71 56 51 36 226 0 346 0 0 0 4 0 1 0 0 1 3 0 0 66 0 12 0 0 0 0 0 0 3 3 0 0 0 0 0 0 0 3 0 0 0 0 51 0 0 0 2 0 0 0 0 19 36 0 0 0 0 22 0 0 0 0 0 0 0 0 0 1 3 1 0 0 0 16 6 18 0 0 0 55 32 19 0 0 0 19 54 0 0 0 0 1 0 0 0 0 0 0 0 0 0 0 0 0 0 0 0 0 0 0 0 0 0 4 0 0 5 0 2 0 0 2 0 0 0 0 0 0 0 0 0 0 27 0 0 0 0 0 6 0 0 0 0 0 0 0 0 22 0 8 0 0 0 29 23 0 0 0 0 24 11 18 0 0 0 24 34 0 0 0 0 0 0 0 0 2 0 0 0 0 0 0 0 0 0 0 0 0 0 0 0 0 0 0 0 0 0 0 0 0 0 0 0 0 0 0 0 0 0 0 0 0 0 0 0 0 0 0 0 0 0 14 2 0 0 0 2 2 2 0 0 0 0 0 0 0 0 0 0 0 0 0 0 0 2 0 0 0 0 0 0 0 0 0 0 0 0 
 4 4 3 3 3 40 3 3 5 4 4 6 4 5 2 3 3 4 3 7 34 53 250 52 71 42 317 261 65 60 39 269 363 102 95 68 103 41 346 0 0 66 0 3 0 0 0 0 0 3 0 1 2 0 4 0 61 0 0 0 0 3 3 0 0 0 0 0 1 0 3 0 0 0 0 0 0 0 0 2 0 0 0 0 0 0 0 0 0 0 0 0 0 0 0 0 0 0 0 0 29 0 1 8 0 0 28 27 0 0 1 0 23 79 6 1 0 1 0 12 0 0 0 0 0 0 0 0 0 0 0 0 0 1 1 0 0 0 0 0 0 0 0 0 0 0 4 0 0 9 0 0 0 0 0 0 0 0 0 0 0 0 0 0 0 23 0 0 0 0 0 0 0 1 0 0 0 0 0 0 9 35 10 0 0 0 23 38 0 0 0 0 9 19 24 2 0 0 0 21 0 0 0 0 1 0 0 0 0 0 0 0 0 0 0 0 0 0 3 0 0 0 0 0 0 0 0 0 0 0 0 0 0 0 0 0 0 0 0 0 0 0 0 0 0 0 0 0 17 1 0 0 0 0 4 3 0 0 0 1 1 1 0 0 0 0 0 0 0 0 0 0 0 0 0 0 0 0 0 0 0 0 0 0 0 0 0 0 0 0 
 0 0 0 0 0 0 0 0 0 0 0 0 0 0 0 0 0 0 0 0 0 0 0 0 0 0 3 0 0 0 0 0 0 29 0 0 0 0 0 0 0 122 285 42 30 43 296 326 45 51 87 37 54 93 227 29 37 46 42 41 0 0 0 0 0 0 0 1 0 0 0 204 9 0 0 0 0 0 0 0 0 0 0 0 0 0 9 0 0 9 0 0 0 0 0 0 0 0 0 0 0 0 0 0 0 0 0 0 0 0 0 0 0 0 0 0 0 0 0 0 19 56 10 0 0 1 0 11 8 10 0 0 0 0 13 30 20 0 1 0 7 0 0 0 0 0 0 0 0 0 0 0 0 0 0 0 0 0 0 0 16 2 0 0 0 0 0 0 0 0 1 0 0 0 0 0 0 0 13 0 0 0 0 0 0 5 0 0 0 0 0 0 0 0 0 0 0 27 0 0 11 33 31 0 0 0 9 20 16 0 0 0 0 11 27 21 22 1 0 0 0 0 0 2 0 0 0 0 0 0 0 0 0 0 0 0 0 0 0 0 0 0 0 0 0 0 0 0 0 0 0 21 0 1 0 0 0 0 0 0 0 0 0 0 2 2 1 0 0 0 0 0 0 0 0 0 0 0 0 0 0 0 0 0 0 0 0 0 0 0 
 0 65 0 3 1 0 0 0 0 1 0 0 0 0 0 0 0 0 0 0 0 0 1 95 0 0 5 0 0 0 0 0 0 0 0 0 0 0 0 66 122 0 517 310 42 29 112 539 226 49 40 38 244 66 285 299 386 41 90 115 0 0 0 0 0 0 0 48 0 0 0 1 1 0 0 0 0 0 27 3 0 0 0 0 0 0 0 0 0 0 0 0 0 0 0 0 0 0 0 0 0 0 0 0 0 0 0 0 0 0 0 0 0 0 0 0 0 0 0 0 0 14 37 49 0 9 0 0 33 16 29 26 6 0 0 12 9 78 0 32 15 10 2 0 10 0 5 0 0 0 0 0 32 3 0 0 0 0 1 0 0 1 0 0 0 0 40 0 0 0 0 0 0 0 0 0 0 0 0 0 0 0 0 0 0 0 0 0 0 0 0 0 0 0 0 0 0 0 0 0 0 34 47 22 0 0 0 0 8 51 0 24 0 0 8 42 0 50 0 0 0 0 1 0 0 0 10 0 0 0 0 0 2 0 8 0 0 0 1 4 0 0 9 0 0 0 0 0 0 0 0 6 0 1 0 0 0 0 0 16 0 0 0 0 0 11 0 0 0 0 21 0 0 0 0 0 0 0 0 0 0 0 0 0 0 0 0 0 0 0 
 0 0 0 0 0 0 0 53 2 0 0 0 2 0 0 0 0 0 0 0 0 0 0 0 0 0 0 0 0 69 0 0 4 0 0 0 6 0 0 0 285 517 0 160 60 40 80 116 278 309 271 492 88 50 90 344 202 254 40 50 0 0 0 0 0 0 0 0 0 0 0 5 0 0 0 0 0 0 0 0 0 0 0 0 0 0 0 0 3 0 0 0 0 0 0 0 0 0 2 0 0 0 0 0 0 0 0 0 0 0 0 0 0 0 0 0 0 0 0 0 0 0 23 49 34 0 0 14 23 16 26 49 12 0 0 1 12 45 0 0 3 5 8 0 0 0 0 0 0 0 0 0 0 0 7 0 0 0 1 0 0 0 0 0 0 0 8 0 0 0 0 6 0 0 0 0 0 0 0 0 0 0 0 0 0 0 0 0 0 0 0 0 0 0 0 0 0 0 0 0 9 20 0 13 8 1 0 0 3 58 37 20 0 0 0 34 0 37 0 0 0 0 0 0 0 0 4 0 0 0 0 0 0 0 0 0 0 0 0 0 0 0 11 0 0 0 0 0 0 0 0 5 0 0 0 0 0 0 0 24 0 0 1 1 0 9 2 1 1 0 20 0 0 0 0 0 0 0 0 0 0 0 0 0 10 13 0 0 1 0 
 5 2 2 2 2 4 2 2 2 2 2 2 5 2 2 2 2 3 5 2 3 3 3 5 68 3 3 3 3 3 3 3 3 5 3 3 3 3 4 3 42 310 160 0 330 33 110 79 86 355 118 237 47 83 84 305 317 292 50 35 0 0 0 0 0 0 0 0 0 19 0 5 0 5 0 0 2 0 5 0 0 0 0 0 0 0 0 0 0 0 0 0 0 0 0 14 0 0 0 0 0 0 0 0 0 0 0 0 0 0 22 0 0 0 0 0 0 6 0 0 0 0 1 0 46 72 0 0 0 7 1 14 0 8 0 0 0 0 0 0 51 0 5 0 0 0 2 0 0 0 0 0 14 10 8 0 0 0 20 0 0 0 0 0 0 0 0 0 0 0 0 0 0 0 0 0 0 0 0 0 0 0 0 0 0 0 0 0 0 0 0 0 0 0 0 0 0 0 0 0 0 0 0 3 54 35 0 0 0 0 49 0 0 0 0 0 0 0 0 0 1 0 1 0 0 0 13 0 0 0 0 0 20 0 0 0 0 0 42 2 0 0 0 0 0 0 0 0 0 0 0 6 0 1 0 0 0 0 0 0 0 0 48 35 2 0 0 11 0 0 0 0 0 0 0 0 0 0 0 0 0 0 0 0 8 16 0 0 0 0 
 2 2 2 2 2 2 2 2 2 2 2 4 2 3 3 2 2 3 2 2 0 0 0 7 1 0 0 0 0 213 5 6 0 0 0 7 62 4 0 0 30 42 60 330 0 287 46 282 310 72 71 258 257 72 112 83 71 255 64 82 24 0 0 0 0 0 0 0 4 28 4 0 2 0 0 0 7 0 8 0 0 0 0 0 0 0 0 0 0 0 0 0 0 0 0 0 0 0 0 0 0 0 0 1 2 7 0 0 0 0 4 0 0 0 0 0 2 0 0 0 0 0 0 1 0 31 0 15 0 0 1 0 0 0 0 0 0 0 3 3 0 0 0 9 0 0 47 27 26 0 0 0 12 1 3 0 0 0 4 2 0 0 0 0 0 0 0 0 0 0 0 0 0 0 0 0 0 0 0 0 0 0 0 0 3 2 0 0 0 0 0 8 0 0 0 0 0 0 0 0 0 13 0 0 19 51 0 0 0 0 0 0 9 0 0 0 0 0 0 0 6 0 0 0 0 0 17 19 0 0 0 0 23 21 32 1 0 0 22 33 0 11 0 0 0 0 0 0 0 0 0 13 2 0 0 2 0 0 6 0 0 22 1 2 0 3 0 1 0 0 0 0 0 0 0 0 0 0 0 0 0 0 0 0 0 0 0 0 0 0 
 2 0 0 2 2 0 0 0 0 1 5 15 0 0 0 0 0 0 0 0 28 0 3 0 0 5 0 0 0 0 0 0 0 0 0 0 0 0 1 0 43 29 40 33 287 0 42 25 270 53 34 281 58 50 50 89 87 476 46 59 56 0 24 0 0 0 0 0 0 36 0 0 1 0 0 0 3 0 119 0 0 0 0 0 7 4 0 0 0 0 5 4 0 0 0 0 0 7 0 0 0 0 0 0 0 0 0 0 0 0 0 0 0 0 0 0 2 0 1 0 0 0 0 0 0 0 0 0 0 0 0 0 0 0 0 0 0 0 0 0 23 0 0 0 0 0 29 33 13 0 0 0 29 25 25 0 0 0 38 15 0 0 0 0 5 0 0 0 0 12 5 4 0 0 0 0 0 2 0 0 0 0 0 0 0 0 0 0 0 0 0 0 2 0 0 0 0 0 1 0 0 0 0 0 0 0 0 0 0 0 0 0 0 0 0 0 0 0 0 0 9 17 1 0 0 0 3 21 0 0 0 0 15 20 63 0 0 1 15 59 0 5 0 0 0 0 5 0 0 2 0 7 0 0 0 0 0 1 0 0 0 0 0 0 0 4 0 0 0 0 0 0 0 0 0 0 0 0 0 0 0 0 0 0 0 0 0 0 0 0 
 0 0 0 2 0 0 0 0 0 0 0 0 0 0 0 0 41 2 0 0 0 204 0 4 0 0 0 0 0 0 2 1 0 0 0 0 0 0 0 0 296 112 80 110 46 42 0 111 78 36 38 247 353 250 60 26 28 36 107 166 0 0 0 0 7 0 0 4 0 0 0 0 3 0 0 0 0 4 0 0 0 0 0 0 0 0 0 0 0 0 0 0 0 0 0 0 0 0 0 16 0 0 0 0 0 0 0 0 0 0 0 0 0 0 0 0 0 0 0 0 65 41 2 0 0 0 0 37 7 0 0 1 0 10 40 31 26 0 0 11 0 0 0 0 0 0 0 0 0 0 0 0 2 0 0 0 0 0 0 0 0 8 0 0 0 0 1 0 0 0 7 0 0 0 2 0 0 0 0 0 0 0 0 0 0 2 0 0 0 0 0 0 0 0 0 0 0 0 0 0 13 9 11 22 8 0 18 31 17 0 0 1 2 30 34 6 25 0 0 2 0 0 16 0 0 0 0 0 0 0 0 0 0 0 0 0 0 0 0 0 0 0 0 0 0 0 0 0 0 0 0 0 0 0 0 1 0 0 0 0 0 0 0 0 0 3 0 0 0 0 0 0 0 0 0 0 0 0 0 0 0 0 0 3 0 0 0 0 1 0 
 0 0 0 0 0 0 0 0 2 0 0 0 0 0 0 56 0 1 5 0 0 0 2 0 0 3 0 0 63 1 56 0 63 1 0 0 0 0 0 0 326 539 116 79 282 25 111 0 234 266 188 46 81 311 131 62 53 471 70 78 0 3 0 0 0 7 50 0 3 20 3 0 4 0 0 0 0 0 1 0 0 0 0 0 0 0 0 0 0 0 0 0 0 0 0 0 0 0 0 0 0 0 0 0 0 4 0 0 0 0 0 0 0 8 5 0 0 0 0 0 0 34 21 31 0 0 0 8 60 38 5 7 52 0 21 25 37 142 0 0 2 17 0 0 0 0 0 0 0 0 0 0 0 0 0 0 0 0 0 0 0 4 0 0 0 0 28 0 0 0 0 0 0 0 0 0 0 0 0 0 0 0 0 0 0 0 0 0 0 0 0 0 0 0 0 0 0 0 0 0 9 44 30 14 0 0 0 1 12 49 16 18 0 9 32 21 27 21 0 0 0 0 0 0 5 0 0 0 0 0 0 0 0 0 0 0 0 9 0 0 0 0 8 0 0 0 2 0 0 0 0 4 0 2 0 2 0 0 0 11 0 0 0 0 2 5 0 0 0 0 1 0 0 0 0 0 0 0 0 0 0 0 0 0 0 0 0 0 0 0 
 0 0 2 0 0 0 0 0 0 0 0 0 0 2 0 0 0 2 0 0 0 0 1 0 0 0 6 0 0 0 0 0 0 0 0 0 0 0 1 0 45 226 278 86 310 270 78 234 0 201 37 42 80 312 227 391 102 171 76 107 3 2 0 0 2 0 2 3 3 2 2 5 5 2 4 0 1 4 0 3 0 1 1 2 2 1 0 0 0 1 1 1 0 2 2 1 2 0 0 2 2 0 0 2 1 0 2 0 0 1 2 2 2 2 2 2 0 1 2 1 1 0 24 43 20 0 0 17 31 17 20 42 12 2 0 0 39 44 1 1 6 4 0 0 0 0 0 0 0 0 0 0 2 0 0 0 0 0 1 0 0 1 2 0 0 2 9 0 1 1 8 1 1 0 2 0 0 1 0 1 1 2 2 1 2 2 0 2 2 0 2 2 1 0 2 1 0 2 2 1 0 20 16 29 8 0 0 40 7 63 20 37 14 1 8 11 2 47 1 1 0 0 0 0 0 0 0 0 0 0 0 0 20 0 0 0 0 0 1 0 0 0 11 0 0 0 0 0 0 0 0 4 0 1 0 0 0 0 0 39 42 0 3 1 0 17 2 1 0 0 25 0 0 0 0 0 0 0 0 0 0 1 0 0 0 14 0 0 0 10 
 0 0 0 0 0 0 0 0 3 0 0 1 2 0 0 0 0 4 0 0 3 3 3 3 3 5 3 68 3 3 3 3 3 3 3 3 3 210 3 3 51 49 309 355 72 53 36 266 201 0 272 49 48 76 75 510 247 79 82 179 0 0 2 0 49 0 62 0 0 9 0 7 0 6 0 0 0 0 0 0 0 0 0 0 0 0 0 0 0 0 0 0 0 0 0 0 0 0 0 0 0 0 0 0 0 0 0 0 0 0 0 0 0 0 0 0 0 0 0 0 0 0 28 25 43 17 0 0 28 8 31 34 0 0 0 0 0 0 0 0 0 6 4 0 0 0 2 0 0 0 0 0 4 3 7 0 0 10 28 1 0 0 0 0 0 0 0 0 0 0 0 0 0 0 0 0 0 0 0 0 0 0 0 0 0 0 0 0 0 0 3 0 0 0 0 0 0 0 0 0 0 0 0 43 45 17 0 0 18 0 43 23 0 0 0 13 0 16 0 0 0 0 67 0 0 0 4 0 0 0 0 0 17 1 1 0 0 0 10 2 0 0 1 0 0 0 0 0 0 0 0 6 0 0 0 0 0 0 0 13 0 0 77 64 2 12 0 66 0 0 18 0 0 0 1 0 0 0 0 0 0 0 0 0 3 30 0 0 2 0 
 0 0 0 0 0 0 0 0 3 0 0 0 0 0 1 0 0 1 0 0 0 0 0 0 0 0 0 0 0 0 0 0 0 0 0 0 0 0 0 0 87 40 271 118 71 34 38 188 37 272 0 254 17 34 63 71 208 238 39 286 0 0 50 0 0 0 0 0 0 16 0 5 0 4 0 0 0 0 0 0 0 0 0 0 0 0 0 0 0 0 0 0 0 0 0 0 0 0 0 0 0 0 0 0 0 0 0 0 0 0 0 0 0 0 0 0 0 0 0 0 0 0 0 1 29 34 0 0 0 14 2 14 0 0 0 1 0 0 0 0 0 0 28 0 0 0 0 0 0 0 0 0 0 0 13 0 0 0 26 0 0 0 0 0 0 0 0 0 0 0 0 0 0 0 0 0 0 0 0 0 0 0 0 0 0 0 0 0 0 0 0 0 0 0 0 0 0 0 0 11 0 1 1 8 51 37 0 0 0 1 33 0 0 15 0 1 0 0 0 0 1 0 0 0 0 0 7 0 0 0 0 0 18 0 0 0 0 0 13 0 0 0 1 0 0 0 0 0 0 0 0 1 0 0 1 0 0 0 0 15 0 0 39 1 1 1 2 3 0 0 0 0 0 0 0 0 0 0 0 0 0 0 0 0 8 23 0 0 2 0 
 3 3 5 3 3 3 3 3 3 3 3 3 3 3 4 3 3 3 3 3 0 0 0 0 0 0 0 0 0 0 0 0 0 0 0 0 0 0 0 1 37 38 492 237 258 281 247 46 42 49 254 0 47 31 42 61 106 55 39 30 72 0 5 5 0 0 0 0 3 59 2 4 0 5 0 5 9 3 3 0 0 0 0 0 0 0 0 0 0 0 23 0 0 0 0 0 0 0 0 0 0 0 0 0 0 0 0 0 0 0 0 0 0 0 0 0 0 0 0 0 0 0 0 4 0 34 0 0 0 0 9 0 0 0 0 0 0 1 0 0 0 0 1 1 3 1 16 0 0 7 3 5 6 0 1 0 0 5 30 6 0 0 0 18 0 0 0 0 0 0 0 0 0 0 0 0 0 0 0 0 0 0 0 0 0 0 0 0 0 0 0 0 0 0 0 0 0 0 0 0 0 0 0 9 38 37 0 0 0 0 0 0 0 0 0 0 0 0 0 0 0 0 1 0 2 2 9 0 0 0 3 7 13 3 0 0 10 0 22 21 0 0 0 0 0 0 0 0 0 0 0 5 0 0 0 0 0 0 0 15 0 0 63 65 2 2 2 63 0 0 1 0 0 0 0 5 0 0 0 0 0 0 0 0 1 15 0 0 2 0 
 0 0 0 0 0 0 0 0 0 0 0 9 0 0 0 0 2 6 0 0 2 3 2 2 3 4 7 3 2 2 1 2 2 2 2 3 1 3 66 2 54 244 88 47 257 58 353 81 80 48 17 47 0 91 42 63 39 46 339 134 0 0 0 0 0 0 0 2 0 0 0 0 0 0 0 0 0 4 0 0 0 0 0 0 0 0 0 0 0 0 0 0 0 12 0 0 0 0 0 0 0 0 0 0 0 0 0 0 0 0 0 0 0 0 0 0 0 0 0 0 80 10 5 8 0 0 3 32 0 0 0 0 0 33 21 9 1 0 0 19 0 0 0 0 0 0 0 0 0 0 0 0 1 0 0 0 0 0 0 0 0 0 0 0 0 0 0 0 0 0 3 0 0 0 0 0 0 0 0 0 0 0 0 0 0 12 0 0 0 0 0 0 0 0 0 0 0 0 0 0 18 9 10 13 0 0 28 36 24 0 0 0 8 23 14 9 23 0 1 17 0 0 0 0 0 0 0 0 0 0 0 0 0 0 0 0 0 0 0 0 0 0 0 0 0 0 0 0 0 0 0 5 0 2 0 0 0 0 0 2 0 0 2 0 0 2 2 0 0 0 0 0 0 0 0 0 0 0 0 0 0 0 0 0 0 0 0 0 0 0 
 0 0 0 3 4 0 0 0 0 0 0 1 0 2 0 0 0 2 2 0 0 65 0 0 0 0 0 0 0 0 0 0 0 0 0 0 0 0 0 0 93 66 50 83 72 50 250 311 312 76 34 31 91 0 324 41 43 251 98 164 0 0 0 0 0 0 0 17 0 0 0 0 4 0 3 0 0 1 0 0 0 0 0 0 0 0 0 0 0 0 0 0 0 0 0 0 0 0 0 0 0 0 0 0 0 0 0 0 0 0 0 0 0 0 0 0 0 0 0 0 21 34 9 10 0 0 0 11 11 10 4 0 16 0 11 41 18 10 0 0 10 0 0 0 0 0 0 0 0 0 0 0 0 0 0 0 0 0 0 1 0 3 0 0 0 0 0 0 0 0 0 0 0 0 0 0 0 0 0 0 0 0 0 0 26 0 0 0 0 0 0 0 0 0 0 0 0 0 0 0 12 27 30 4 1 0 0 18 24 9 9 5 1 13 35 40 27 9 0 0 7 0 0 0 0 11 0 0 0 0 0 0 0 0 0 0 0 16 0 0 0 0 0 0 0 2 0 0 0 0 0 9 0 2 0 0 0 0 0 2 7 0 0 0 2 3 0 0 0 0 0 0 0 0 0 0 0 0 0 0 0 0 18 0 6 0 0 0 0 0 
 0 0 63 0 0 11 0 0 0 0 0 2 0 0 0 0 0 7 0 1 0 0 0 0 0 0 3 0 0 0 1 0 8 0 0 0 0 0 12 4 227 285 90 84 112 50 60 131 227 75 63 42 42 324 0 92 257 37 60 342 0 0 0 0 0 0 0 0 0 0 0 0 3 0 0 0 0 0 0 0 0 0 0 0 0 2 0 0 0 0 0 0 0 0 0 0 0 0 0 0 0 0 0 0 0 0 5 0 0 0 0 0 7 3 0 0 0 0 12 7 1 77 23 21 0 0 0 22 24 21 0 6 19 0 8 12 41 39 0 0 6 2 0 0 0 0 0 0 11 0 0 0 0 1 0 0 0 0 1 0 0 11 0 0 0 15 5 0 0 0 0 1 0 0 0 0 0 0 0 0 14 0 0 0 0 0 0 1 0 0 0 0 0 0 4 0 0 0 23 7 0 23 15 52 1 0 0 0 5 47 0 31 6 0 40 3 14 45 0 0 0 0 0 0 0 0 0 19 0 0 0 0 0 0 0 3 0 0 0 0 0 0 6 0 0 0 0 0 0 0 0 7 0 0 0 0 0 0 0 10 0 0 0 0 0 1 0 0 0 0 1 0 0 0 0 0 0 0 0 0 0 0 0 0 0 0 0 0 1 12 
 0 0 0 2 0 0 0 0 0 0 0 0 2 0 0 0 0 2 58 0 0 0 0 0 0 0 0 0 0 0 0 0 0 0 0 0 0 0 0 0 29 299 344 305 83 89 26 62 391 510 71 61 63 41 92 0 462 450 32 73 0 0 0 0 0 0 0 0 0 0 0 6 0 2 0 0 0 0 25 0 0 0 0 0 0 0 0 0 0 0 0 0 0 23 0 0 0 0 0 0 0 0 0 0 0 0 18 0 0 0 0 0 0 0 0 0 0 0 13 0 0 5 16 39 39 0 0 0 16 21 34 24 11 0 0 4 14 41 0 0 1 3 2 0 0 0 0 0 0 0 0 0 0 0 3 0 0 0 1 0 0 0 0 0 0 0 1 0 0 0 0 0 0 0 0 0 0 0 0 0 0 0 0 0 0 0 0 0 0 0 0 0 0 0 0 0 0 0 0 0 0 18 6 12 7 2 0 0 13 40 68 27 0 0 4 15 1 37 0 0 0 0 0 0 0 0 0 0 0 0 0 0 0 0 0 0 0 0 0 0 0 0 10 0 0 0 0 0 0 0 0 6 0 2 0 0 0 0 0 10 0 0 1 1 0 8 0 1 0 0 7 0 0 0 0 0 0 0 0 0 0 0 2 0 10 10 0 0 0 0 
 0 1 1 0 0 0 0 0 23 0 4 6 1 0 0 0 0 6 0 0 0 0 67 0 0 7 0 0 0 3 0 0 0 0 3 5 0 0 0 61 37 386 202 317 71 87 28 53 102 247 208 106 39 43 257 462 0 238 41 76 0 1 2 0 1 0 0 0 0 0 0 4 0 0 0 0 5 0 0 0 0 0 0 0 0 0 0 0 0 0 0 0 0 0 0 0 0 0 0 0 0 0 0 5 0 0 0 0 0 0 0 0 0 0 0 0 0 0 0 0 0 0 23 42 27 2 0 10 34 7 19 44 19 0 0 0 0 32 0 0 0 5 20 0 0 0 0 0 0 0 0 0 1 0 12 0 9 0 0 0 0 0 0 0 0 0 10 0 0 0 0 1 0 0 0 0 0 0 0 0 0 0 0 11 0 0 0 0 0 0 0 0 0 0 0 0 0 2 0 0 0 20 0 52 9 0 0 1 12 28 34 39 0 0 0 14 0 54 0 0 0 0 0 0 0 0 0 0 0 0 0 0 13 0 0 0 0 0 0 0 0 0 8 0 0 0 0 0 0 0 0 5 0 0 0 0 0 0 0 44 0 0 65 0 0 17 1 0 2 0 18 0 0 0 0 0 0 0 0 0 0 0 0 0 3 9 0 0 1 0 
 2 2 2 4 2 2 2 2 3 2 2 2 2 2 4 2 2 3 2 2 0 0 0 209 0 0 0 0 0 0 0 0 0 0 0 208 0 0 0 0 46 41 254 292 255 476 36 471 171 79 238 55 46 251 37 450 238 0 238 92 2 0 0 0 0 0 0 0 0 0 0 7 0 10 0 0 0 0 0 0 0 0 0 0 0 0 0 0 0 0 0 0 0 0 0 0 0 0 0 0 7 0 0 0 0 0 0 0 0 0 0 0 0 0 0 0 0 0 0 0 0 0 12 20 18 10 0 10 30 8 30 26 0 0 0 0 0 0 0 0 0 3 10 0 0 0 0 0 0 0 0 0 0 3 5 0 0 0 21 1 0 0 0 0 0 0 0 0 0 0 0 0 0 0 0 0 0 0 0 0 0 0 0 0 0 0 0 0 0 0 0 0 0 0 0 0 0 0 0 0 0 0 0 44 30 10 0 0 11 0 16 26 0 0 0 16 0 15 0 0 0 0 0 0 0 0 1 0 0 0 0 0 12 1 0 0 0 0 1 0 0 0 0 0 0 0 0 0 0 0 0 6 0 2 0 0 0 0 0 2 0 2 63 62 0 13 0 69 0 0 10 0 0 0 0 0 0 0 0 0 0 3 0 0 11 4 0 0 0 0 
 0 0 0 0 0 0 0 0 2 0 0 17 0 0 0 0 0 0 0 0 0 0 0 62 2 194 0 205 0 0 0 1 0 0 0 0 0 0 0 0 42 90 40 50 64 46 107 70 76 82 39 39 339 98 60 32 41 238 0 204 0 0 0 0 0 0 0 0 0 0 0 1 5 0 0 0 0 6 0 0 0 0 0 0 0 0 7 0 0 0 0 0 0 0 0 0 0 0 0 0 0 8 0 0 0 0 0 0 0 0 0 0 0 0 0 0 9 0 0 0 67 0 0 0 0 0 26 19 0 0 0 0 0 28 35 0 0 0 9 47 0 0 0 0 0 6 0 0 0 0 0 0 0 0 5 0 0 0 0 0 0 0 0 0 0 0 0 0 0 0 11 0 0 0 0 0 0 0 0 1 0 0 0 0 0 8 0 0 0 0 0 0 0 0 0 0 0 0 0 0 28 0 0 0 0 0 35 10 0 0 0 0 15 17 0 0 0 0 14 9 0 0 0 0 0 0 0 0 0 0 0 0 0 0 0 0 0 0 0 0 0 19 0 0 0 0 0 0 0 0 0 9 0 0 0 0 0 0 0 0 0 0 0 0 1 2 1 0 0 0 0 0 0 0 0 0 0 0 0 0 0 0 0 0 0 0 0 0 0 0 
 0 0 86 0 0 0 0 0 0 0 0 2 0 0 0 0 0 1 0 0 0 3 9 8 0 1 0 0 0 5 5 0 0 0 0 9 17 9 0 0 41 115 50 35 82 59 166 78 107 179 286 30 134 164 342 73 76 92 204 0 0 0 0 0 0 0 0 14 0 0 0 0 0 0 0 0 0 6 0 0 0 0 0 0 0 0 0 0 0 0 0 0 0 0 0 0 0 9 0 0 0 0 0 5 0 2 0 0 3 0 34 5 0 0 0 0 0 0 0 0 12 7 9 11 7 0 0 23 11 7 12 6 20 34 10 10 0 9 4 8 0 0 0 0 0 0 0 0 0 13 0 0 0 0 0 0 0 0 0 0 0 13 0 0 0 0 1 0 0 0 0 0 0 0 0 10 0 0 0 0 0 0 0 0 17 7 0 0 0 0 15 12 10 0 0 0 0 0 0 0 10 15 6 4 7 0 50 46 9 12 7 22 55 7 0 10 8 18 1 7 8 0 0 0 0 0 0 0 0 0 0 0 0 0 0 0 0 14 0 0 0 0 0 0 0 0 0 0 0 0 0 6 0 1 0 0 0 0 8 9 0 0 0 1 2 6 6 0 0 0 0 0 0 0 0 0 0 0 0 0 0 0 0 0 0 0 0 0 0 0 
 0 0 0 0 0 0 0 0 0 0 0 0 0 0 5 0 0 0 3 0 0 0 0 0 0 0 0 0 0 0 0 0 0 0 0 0 0 1 0 0 0 0 0 0 24 56 0 0 3 0 0 72 0 0 0 0 0 2 0 0 0 74 69 254 248 44 265 224 36 73 50 29 80 72 190 37 31 42 26 81 0 0 0 10 0 0 0 0 0 0 0 0 0 0 0 0 0 0 0 0 0 0 0 0 0 0 0 0 0 0 0 0 0 0 0 0 0 0 0 0 0 0 0 0 0 19 0 0 0 0 0 0 0 0 0 0 0 0 0 0 1 26 11 34 0 1 0 11 10 3 2 4 1 0 13 15 26 5 22 0 0 0 0 0 0 0 0 0 0 0 0 0 0 0 0 0 0 0 0 0 0 0 0 13 0 0 0 0 0 0 0 0 0 0 0 0 0 0 23 0 23 0 0 0 0 0 0 0 0 0 0 0 0 0 0 0 0 0 0 0 8 24 4 1 0 0 7 27 23 23 2 7 0 29 2 35 18 2 12 0 2 0 0 0 0 0 0 0 0 0 0 0 0 0 7 0 0 0 0 0 0 0 0 0 0 0 0 0 0 0 16 1 0 0 0 0 0 0 0 0 0 0 0 0 0 0 0 0 0 0 
 0 0 0 0 0 0 0 0 0 0 0 0 0 0 2 0 2 0 3 0 3 52 5 3 2 3 3 2 3 3 3 3 3 3 3 3 3 3 3 3 0 0 0 0 0 0 0 3 2 0 0 0 0 0 0 0 1 0 0 0 74 0 264 61 270 41 79 233 204 253 33 262 61 79 212 208 218 264 61 44 0 0 0 3 0 0 0 0 0 0 0 0 0 0 0 0 0 0 0 0 0 0 0 0 0 0 0 0 0 0 0 0 0 8 0 0 0 0 0 0 0 5 0 0 0 0 0 0 0 0 0 0 0 0 0 0 0 0 0 0 2 13 4 35 37 0 0 0 15 14 40 0 0 12 1 22 19 0 0 0 0 0 0 0 0 0 0 0 0 0 0 0 0 0 0 0 13 0 8 0 0 0 0 0 0 0 0 18 0 0 0 0 0 0 0 0 0 0 0 0 0 0 0 0 0 0 0 0 0 0 0 0 0 0 0 0 0 0 0 0 2 14 17 50 1 0 0 7 6 39 34 26 0 0 0 21 30 45 0 0 2 0 0 15 0 0 0 0 0 0 0 0 0 0 4 0 0 0 0 0 0 0 0 1 0 0 14 0 0 0 62 0 0 17 2 0 9 0 0 0 0 0 0 0 0 1 0 0 0 0 
