 0 98 74 57 27 173 468 415 23 44 43 55 50 158 385 50 48 266 32 172 1 0 0 0 0 0 0 0 0 0 0 0 2 2 0 2 0 3 0 0 1 3 4 0 0 0 0 0 0 0 0 0 0 0 0 3 0 1 3 3 11 1 0 35 0 0 0 0 0 0 0 0 0 1 0 0 0 0 52 0 10 39 27 11 0 0 43 48 18 1 0 0 14 32 38 11 20 1 0 22 0 0 0 0 0 0 0 2 0 0 0 0 0 2 0 0 0 19 0 0 0 0 0 0 0 0 0 0 0 22 0 2 0 0 0 0 0 0 28 0 1 0 0 0 0 1 0 0 0 0 0 0 0 3 0 6 0 0 8 0 11 21 19 0 0 0 3 40 20 0 10 2 13 37 15 17 0 0 1 1 0 0 0 0 0 0 0 0 0 0 1 2 9 0 0 1 0 0 0 1 0 0 0 0 0 0 0 0 0 0 0 0 0 0 0 0 0 0 0 0 0 0 0 1 0 0 0 0 0 1 0 0 0 0 0 0 0 0 0 0 0 0 0 0 2 2 0 0 0 0 1 4 0 0 0 0 0 0 0 0 0 0 7 0 0 0 0 0 0 0 0 0 0 0 2 0 0 0 0 0 0 0 0 0 0 0 0 4 0 0 
 98 0 388 56 201 64 311 488 549 52 241 119 52 281 539 315 128 31 57 76 1 0 3 2 0 1 0 0 3 0 71 0 2 2 2 5 0 3 0 0 1 3 0 3 5 0 0 0 0 2 3 0 0 0 0 3 2 0 3 3 0 1 0 3 2 3 0 0 0 0 0 2 0 2 0 0 0 2 0 0 0 22 8 24 0 0 0 1 28 8 14 5 0 14 0 23 52 21 0 0 0 1 0 0 0 0 0 0 0 0 0 0 0 0 2 0 2 0 0 0 19 0 0 7 0 0 0 0 0 0 0 0 0 16 1 0 0 0 0 1 0 0 0 0 0 0 0 0 0 0 0 0 0 0 0 0 0 7 0 0 0 0 11 0 0 1 0 0 24 28 11 0 0 0 15 10 26 0 0 0 0 0 0 0 2 0 0 1 0 0 0 0 12 0 0 0 9 0 0 0 0 0 0 0 0 0 0 0 0 1 0 0 0 0 0 0 0 0 0 0 0 0 0 0 1 0 0 0 0 0 0 0 0 0 0 0 2 0 0 0 0 0 0 0 0 0 2 0 2 0 0 12 0 0 0 0 0 0 2 0 0 0 23 0 0 2 0 0 0 0 0 0 0 0 0 0 16 0 0 0 0 0 0 0 0 0 0 0 0 0 
 74 388 0 404 51 69 84 83 241 368 225 98 89 61 261 228 431 304 123 37 2 0 0 1 0 0 2 0 0 0 0 0 2 2 0 2 2 3 0 0 2 3 0 0 7 66 3 3 0 0 0 0 63 0 1 3 0 0 3 3 51 4 0 3 0 0 0 0 0 0 0 1 0 33 2 0 0 1 0 0 0 1 19 36 34 0 0 0 19 41 24 43 0 0 0 31 97 21 0 0 0 0 0 0 0 0 0 0 0 0 0 0 1 0 0 0 0 1 0 0 2 0 0 2 0 0 0 0 0 0 0 0 0 13 0 0 0 0 0 0 0 2 0 0 0 2 0 0 0 0 0 0 0 0 0 2 0 0 0 0 0 0 13 27 0 0 0 0 18 38 24 9 26 1 10 12 31 26 0 0 0 0 0 0 0 0 0 0 0 0 0 0 0 0 0 0 0 0 0 0 0 0 0 0 0 0 0 0 1 0 1 0 15 0 11 0 0 0 0 0 0 0 0 0 0 0 11 0 0 0 0 0 0 0 0 1 0 0 0 0 0 5 0 0 0 0 7 0 0 91 2 19 7 0 0 0 0 0 0 0 0 0 16 0 0 0 0 0 0 0 0 0 0 0 0 15 12 7 0 0 0 0 0 0 0 0 0 0 0 0 
 57 56 404 0 312 259 256 100 111 487 411 427 277 50 270 37 220 592 78 61 58 0 0 0 0 0 0 2 0 0 1 0 2 2 0 2 0 3 2 0 2 3 0 0 4 0 0 0 61 0 0 0 0 0 1 3 0 0 3 3 0 10 0 3 0 0 0 0 0 0 0 38 35 3 10 0 0 0 0 0 0 0 22 42 26 2 0 0 6 41 25 71 0 0 0 1 9 15 0 0 0 0 0 0 0 0 0 0 0 0 0 1 10 0 0 15 0 21 3 0 0 0 2 0 0 0 0 0 1 0 0 0 2 0 0 0 0 0 0 0 0 0 0 0 0 1 0 0 0 0 0 0 0 0 0 0 0 0 0 0 0 0 0 23 18 10 0 0 0 7 28 20 0 9 0 0 0 18 1 0 0 0 0 0 0 0 1 0 0 0 0 9 1 0 0 0 0 0 7 19 0 0 0 22 17 0 0 10 0 0 18 0 0 0 0 0 0 0 0 0 0 0 37 0 0 0 0 2 0 0 1 0 0 0 0 0 0 0 0 1 0 9 0 0 0 2 51 2 1 57 2 8 1 2 0 0 0 0 0 0 1 0 0 0 0 0 0 0 0 0 0 0 0 0 0 17 0 11 0 0 0 0 0 0 0 0 0 0 0 0 
 27 201 51 312 0 641 55 65 336 77 97 402 83 71 79 66 64 36 78 110 3 0 0 0 0 0 0 0 0 0 0 0 2 2 0 3 0 3 6 0 3 3 51 0 0 0 0 0 0 0 1 0 0 0 2 73 0 0 3 3 0 2 0 3 0 0 0 0 0 2 0 47 0 3 3 0 0 0 0 0 0 0 0 13 28 26 0 0 0 0 18 7 0 0 0 0 1 0 0 0 16 0 0 0 0 0 11 2 0 0 0 0 25 2 0 0 0 0 45 40 1 0 20 0 0 0 0 0 0 0 0 2 0 0 0 0 0 0 0 0 0 0 0 0 0 0 0 0 0 0 11 0 0 10 0 0 0 0 0 0 6 0 0 0 33 44 0 0 12 0 0 24 0 5 8 0 0 1 0 0 0 0 8 0 0 0 65 0 0 0 1 2 45 19 0 1 0 0 27 35 0 0 18 0 0 25 0 0 0 0 0 0 0 0 0 0 0 0 0 0 0 0 0 1 0 0 0 0 0 0 0 0 0 0 0 9 0 0 0 0 0 0 0 0 2 0 2 0 0 2 0 10 0 0 0 0 0 0 0 0 0 0 0 0 0 0 0 0 0 0 0 0 0 0 0 0 0 1 0 0 0 0 0 0 0 0 0 0 0 0 
 173 64 69 259 641 0 476 39 45 55 66 56 25 241 65 55 70 65 43 41 3 0 0 0 0 0 0 3 1 0 0 0 3 1 0 2 1 5 300 0 3 3 0 0 0 0 0 0 0 0 1 0 0 0 2 47 0 0 3 3 0 0 0 3 0 0 0 51 0 2 0 2 0 3 1 0 0 2 0 0 0 1 0 2 20 19 0 0 0 0 0 0 0 0 0 1 1 0 0 0 13 0 0 0 0 0 19 0 0 2 0 2 35 19 0 0 0 0 59 40 0 0 1 0 0 0 0 0 0 0 13 0 0 0 0 0 0 0 0 0 0 0 0 0 0 0 2 0 0 0 10 0 0 0 0 0 0 0 0 0 7 0 0 2 22 26 0 2 0 0 0 1 0 0 5 0 0 0 2 14 0 0 6 0 0 0 43 0 0 0 0 0 69 27 0 0 0 0 37 42 0 0 10 0 0 0 0 0 0 0 0 0 0 0 0 0 0 0 0 0 0 0 0 0 0 0 0 1 0 0 0 0 0 2 0 0 0 0 0 0 0 0 0 0 0 2 0 0 1 10 1 8 3 2 0 0 0 0 0 0 1 0 0 0 0 0 0 0 0 0 0 0 0 0 0 1 0 0 0 0 0 0 0 0 0 0 0 21 0 0 
 468 311 84 256 55 476 0 129 51 240 77 24 420 475 253 36 26 44 58 374 2 2 3 3 0 1 3 73 2 2 79 0 2 2 35 4 0 3 3 0 2 3 0 0 3 0 3 2 0 0 2 0 3 0 1 3 3 3 3 3 0 0 0 3 5 0 0 0 5 37 4 0 0 3 0 0 0 0 0 39 28 16 38 0 0 0 33 54 0 0 0 2 20 45 55 15 0 2 1 20 0 0 0 0 0 0 0 0 11 0 0 0 0 0 0 0 0 0 0 0 0 0 0 0 2 0 0 0 1 0 0 0 0 0 0 0 0 0 0 0 0 0 0 0 0 0 0 0 0 0 0 0 0 14 2 7 0 0 0 0 17 25 26 1 0 4 18 47 2 0 0 0 9 41 17 25 2 0 1 0 0 0 0 0 0 0 0 0 0 0 0 0 0 0 0 0 0 32 0 0 0 0 0 0 0 0 0 0 0 0 0 0 0 0 0 0 0 0 0 0 0 0 0 0 0 0 0 0 0 0 0 0 0 0 0 0 0 1 0 0 0 0 0 0 0 2 2 2 2 1 1 14 0 0 0 0 0 2 0 0 0 0 0 0 0 0 0 0 0 0 0 0 0 0 0 0 0 0 0 0 0 0 0 0 0 2 0 0 0 0 
 415 488 83 100 65 39 129 0 64 34 80 140 104 435 176 31 29 32 274 52 3 0 0 0 0 0 0 0 0 1 2 0 2 2 0 74 0 3 0 0 3 3 0 0 0 0 0 0 0 0 1 0 0 0 2 3 0 0 3 3 0 0 0 5 0 0 0 0 0 76 0 0 0 3 0 0 0 0 0 0 1 70 33 27 0 0 1 42 18 30 5 0 2 28 10 43 16 15 0 19 0 0 0 0 0 0 0 0 0 2 0 0 0 0 0 0 0 0 0 0 1 0 0 0 0 0 0 0 0 0 0 0 0 0 0 0 0 0 0 0 1 0 1 0 0 0 0 1 0 0 0 0 0 0 0 3 0 0 0 0 9 22 32 7 0 0 0 22 44 31 33 0 1 26 28 20 36 1 0 0 0 0 0 0 0 0 0 0 2 0 0 0 13 2 0 0 0 0 0 0 0 3 0 0 0 9 0 1 0 0 0 0 0 0 0 0 0 7 0 0 0 0 0 0 0 0 0 0 0 0 18 0 0 2 0 2 0 0 0 0 0 0 0 0 0 1 0 0 1 0 0 4 0 0 0 0 0 0 0 0 0 0 0 0 0 0 0 0 0 2 0 0 0 0 0 1 0 0 0 0 0 0 0 0 5 0 0 0 0 0 
 23 549 241 111 336 45 51 64 0 502 56 33 86 301 151 171 334 381 169 72 4 0 0 0 3 0 0 0 2 0 0 0 2 3 0 2 0 3 3 0 4 3 0 1 7 0 0 0 0 0 0 3 0 0 1 4 0 4 3 4 0 13 0 8 0 0 3 0 0 0 0 0 3 3 1 0 0 48 1 0 0 18 13 39 15 0 0 0 19 44 22 78 0 0 0 25 24 41 0 0 0 0 0 0 0 0 0 0 0 0 0 0 1 14 0 0 0 0 0 0 0 0 0 0 13 0 0 0 0 0 0 0 0 9 0 0 0 0 0 0 0 0 0 0 0 0 0 0 0 0 13 0 0 0 0 0 0 0 0 0 0 28 20 26 0 0 0 0 30 37 31 0 0 0 12 25 56 20 0 0 0 0 0 0 0 0 0 0 0 0 0 0 0 0 0 0 0 0 0 0 0 0 0 1 0 0 0 0 0 0 1 0 0 0 0 0 0 0 0 0 0 0 0 0 0 0 0 0 0 0 0 0 0 0 0 0 0 0 0 0 0 0 0 0 0 0 4 0 2 5 0 7 11 0 0 0 0 0 0 0 0 0 26 0 0 0 0 0 0 0 0 0 0 0 0 15 11 9 0 0 0 0 0 0 0 0 0 0 0 0 
 44 52 368 487 77 55 240 34 502 0 432 63 57 53 92 442 271 193 50 278 7 0 0 0 2 0 0 0 0 0 0 0 4 3 0 2 0 76 0 0 8 6 0 66 3 0 0 0 0 0 5 0 3 2 6 7 0 0 7 7 3 7 2 8 0 0 1 2 1 6 0 1 0 3 5 0 0 2 0 0 0 2 21 25 12 10 0 0 13 39 26 108 0 0 0 20 25 72 0 0 20 0 0 0 0 0 5 0 0 0 0 0 0 0 0 0 0 0 19 0 0 0 0 0 0 0 56 0 0 0 0 0 0 15 0 0 0 0 10 0 0 2 7 0 0 0 0 0 0 0 1 0 0 0 0 0 0 0 0 0 0 0 0 28 0 0 0 0 1 29 20 10 0 3 0 9 1 37 0 0 0 0 0 0 0 0 0 0 0 0 0 0 0 0 0 0 0 0 0 0 0 0 0 16 13 0 0 0 0 0 32 0 0 0 0 0 0 0 0 0 0 0 0 0 0 0 0 0 0 7 0 0 0 0 0 0 0 0 0 0 0 16 0 0 0 2 172 0 4 174 0 15 17 0 0 0 0 0 0 0 0 0 14 0 0 0 0 0 0 4 0 0 0 0 0 32 16 9 0 0 0 0 0 0 0 0 0 0 0 0 
 43 241 225 411 97 66 77 80 56 432 0 442 236 35 49 85 278 398 56 271 2 2 1 0 0 0 0 0 0 0 0 2 2 2 0 2 0 3 0 207 3 3 0 0 7 0 0 4 0 0 1 0 0 0 2 4 0 0 3 3 0 7 0 3 0 0 0 0 0 1 0 36 0 3 4 0 0 0 0 0 18 0 18 28 36 24 0 0 1 34 21 48 0 0 0 0 16 11 0 0 0 0 0 1 0 0 0 0 0 0 0 0 7 0 0 0 0 0 4 0 0 0 0 1 0 0 0 0 0 0 0 0 0 0 0 0 0 0 2 0 0 1 0 0 0 1 0 0 0 0 0 0 2 1 0 0 1 0 0 0 0 0 2 27 25 9 0 0 0 1 29 11 0 2 0 1 0 13 0 0 0 1 0 0 0 0 2 0 0 0 0 0 0 0 0 0 0 0 0 20 0 1 1 16 12 0 0 0 0 0 17 0 0 0 0 0 2 0 0 0 0 0 0 0 0 0 0 0 0 0 0 0 1 0 0 0 0 0 0 0 0 10 0 0 0 2 92 0 0 54 0 6 1 0 0 0 1 0 0 0 0 0 0 0 0 0 0 0 0 0 0 0 0 0 0 8 0 7 0 0 0 0 0 0 0 0 0 0 0 0 
 55 119 98 427 402 56 24 140 33 63 442 0 233 44 34 236 84 93 246 74 1 0 0 0 0 0 0 0 1 0 0 0 2 2 2 2 0 3 0 208 1 3 0 0 0 0 0 0 7 0 0 2 0 0 2 3 0 0 3 3 0 2 0 5 0 0 0 0 0 0 0 30 0 2 10 0 0 0 0 0 0 0 0 29 38 20 0 0 0 10 48 29 0 0 0 0 9 28 0 0 0 0 1 0 0 0 14 0 0 0 1 10 9 0 0 0 0 0 43 0 0 0 0 0 0 0 0 0 0 0 0 0 0 0 0 0 0 0 0 0 0 0 0 0 0 1 0 0 0 0 1 0 0 0 0 0 0 2 0 0 0 0 0 14 16 17 0 0 0 0 0 12 0 7 2 0 0 35 0 0 0 0 20 0 0 0 1 0 7 0 0 0 20 2 2 0 0 0 89 11 0 0 5 16 15 1 0 0 0 0 14 0 1 0 0 0 0 0 0 0 0 10 0 0 0 0 0 0 11 0 0 0 0 0 0 0 0 0 0 0 0 12 0 0 0 6 178 0 0 176 0 12 0 0 0 0 0 0 0 0 0 0 0 0 0 0 0 0 0 0 0 0 0 0 0 18 0 0 0 0 0 0 0 0 0 0 0 0 0 1 
 50 52 89 277 83 25 420 104 86 57 236 233 0 82 34 19 113 446 271 246 1 0 0 0 0 0 0 0 200 0 0 0 2 4 79 2 0 3 0 0 1 3 0 0 0 0 0 2 0 0 0 0 0 0 0 3 0 80 3 3 0 1 0 3 0 0 0 0 0 0 2 0 0 7 0 0 0 0 0 0 26 1 0 0 0 0 62 1 0 0 0 0 5 39 45 0 21 0 1 20 0 0 0 0 0 0 0 0 0 0 0 0 0 0 0 0 1 0 0 0 0 0 0 0 0 0 0 0 0 0 0 0 0 0 0 0 0 0 0 0 8 0 0 0 0 0 0 0 0 0 0 12 0 3 0 5 0 0 0 0 33 27 0 0 0 0 26 14 0 0 0 0 14 24 1 0 0 0 10 25 0 0 0 0 0 0 0 0 0 0 0 0 0 0 0 0 0 0 0 0 0 0 0 0 0 0 0 0 0 0 0 0 0 0 0 0 0 0 0 0 0 0 0 0 0 19 0 0 0 0 0 0 0 0 0 0 0 0 0 0 0 0 0 0 0 0 1 0 0 2 2 93 0 0 0 0 0 0 0 0 0 0 0 0 0 0 0 0 0 0 0 0 0 12 0 0 0 0 0 0 0 0 0 0 0 0 0 0 0 0 
 158 281 61 50 71 241 475 435 301 53 35 44 82 0 463 46 66 31 95 194 3 2 0 1 3 0 0 0 0 1 0 0 2 1 0 2 0 3 0 0 3 3 0 0 0 0 0 0 0 0 1 0 0 0 2 3 0 0 3 3 0 0 0 3 0 0 0 0 0 31 0 0 0 3 0 0 25 0 0 0 10 38 34 4 0 0 19 29 19 32 9 0 16 39 47 17 13 1 0 16 0 0 6 0 0 0 0 0 0 0 0 0 0 0 0 0 0 0 0 0 0 0 0 0 0 0 2 0 0 8 0 0 0 0 0 0 0 0 0 0 0 0 0 0 0 0 0 0 0 0 0 0 0 3 0 9 0 0 0 0 38 19 10 0 0 0 1 30 21 1 13 0 15 14 12 10 0 0 0 0 9 0 0 0 0 0 0 0 0 0 0 0 11 0 0 0 0 0 0 0 0 18 0 0 0 0 0 0 0 0 0 0 0 0 0 0 0 0 0 0 0 0 0 0 0 0 0 0 0 1 0 0 0 0 0 0 0 0 0 0 0 0 0 0 0 0 0 0 10 0 0 18 0 0 0 0 0 0 0 0 0 0 0 0 0 0 0 0 0 0 0 0 0 0 0 0 0 0 0 0 0 0 0 0 0 0 0 0 0 0 
 385 539 261 270 79 65 253 176 151 92 49 34 34 463 0 75 29 43 346 77 2 0 204 0 2 0 0 0 203 0 0 0 2 2 0 4 0 6 3 0 2 3 0 0 0 0 6 62 0 0 6 24 0 0 1 3 0 0 3 3 0 0 0 5 0 0 0 0 0 1 0 0 0 3 0 0 0 0 0 0 1 51 40 30 0 0 0 71 42 19 1 1 11 36 11 64 26 24 0 11 0 0 8 0 0 0 14 0 0 0 0 0 0 0 0 0 0 1 0 0 28 0 0 2 0 0 0 0 0 0 0 0 0 0 0 0 0 0 0 0 2 0 0 2 0 0 0 2 0 0 0 0 0 0 0 4 0 0 0 0 1 25 49 11 0 0 0 31 68 37 18 0 0 28 24 43 52 2 0 0 0 0 0 0 0 0 0 0 0 0 0 0 3 0 0 0 0 0 0 0 0 0 0 0 0 0 0 1 1 0 0 0 0 0 0 0 0 0 0 0 0 0 0 0 0 0 0 0 0 0 0 0 0 0 1 1 0 0 0 0 0 1 0 0 0 2 2 0 3 0 0 5 0 0 0 0 0 0 0 0 0 0 0 0 0 0 0 0 0 0 0 0 0 0 0 1 0 0 0 0 0 0 0 0 0 0 0 0 0 0 
 50 315 228 37 66 55 36 31 171 442 85 236 19 46 75 0 532 612 126 292 1 0 0 0 0 6 0 0 0 1 74 0 2 3 0 2 0 5 0 0 1 3 0 0 3 0 0 0 0 0 0 0 0 0 0 3 0 0 3 3 0 6 50 14 0 0 0 0 0 0 0 0 0 2 0 0 0 0 0 0 1 60 21 32 17 9 0 0 16 42 18 37 0 0 0 35 19 37 0 0 0 0 0 0 0 0 0 2 0 0 0 0 1 2 0 0 0 0 0 1 0 0 0 0 0 0 1 0 0 0 0 2 0 10 0 0 0 0 0 0 0 1 0 0 0 0 0 0 0 0 0 0 0 0 1 0 0 0 0 0 1 10 23 57 0 0 0 0 26 41 35 3 0 0 9 13 41 24 0 0 0 0 0 0 0 0 0 0 0 0 1 2 0 0 0 1 0 0 0 1 0 0 1 0 0 0 0 19 17 0 1 0 0 0 0 0 0 0 0 0 0 0 0 1 0 12 0 0 0 2 0 0 0 0 0 1 0 0 0 0 0 1 0 0 2 1 3 1 0 4 0 12 15 0 0 0 0 0 0 0 0 0 8 0 0 0 0 0 0 0 0 0 0 0 1 17 11 10 0 0 0 0 0 0 0 0 0 0 0 0 
 48 128 431 220 64 70 26 29 334 271 278 84 113 66 29 532 0 326 426 27 2 0 1 2 0 1 0 0 0 2 0 78 2 75 0 2 72 7 0 0 2 3 0 0 3 0 0 9 0 0 0 0 0 69 1 3 1 0 3 3 0 39 2 7 0 1 0 0 0 0 59 0 0 3 3 51 0 0 0 0 1 20 16 45 12 0 0 0 40 39 24 38 0 0 0 47 12 53 10 0 0 0 0 0 2 0 0 0 0 0 0 0 0 0 0 0 0 0 0 1 0 0 0 0 0 0 2 0 0 0 0 0 0 21 0 0 0 0 0 0 0 0 0 0 0 0 0 0 0 0 2 0 0 0 0 5 0 0 0 0 1 14 11 35 0 0 0 0 28 27 25 0 0 0 29 32 30 26 0 0 0 0 0 0 0 0 0 0 0 0 0 0 0 0 0 0 0 21 0 0 0 0 0 0 13 0 0 0 0 0 1 0 0 0 0 0 0 0 0 0 0 0 0 0 0 0 0 0 0 1 0 0 0 0 0 0 0 0 1 0 0 1 0 0 0 1 86 1 0 86 1 10 4 0 0 0 0 0 0 0 0 0 8 0 0 6 0 0 0 21 0 0 0 0 0 44 14 6 0 0 0 0 0 0 0 0 0 0 0 0 
 266 31 304 592 36 65 44 32 381 193 398 93 446 31 43 612 326 0 40 45 2 0 0 0 0 0 0 0 0 4 0 0 2 1 0 2 0 3 0 0 2 3 0 0 4 0 0 2 0 0 0 2 0 0 1 3 1 0 3 3 0 11 0 3 0 0 0 0 0 1 0 1 0 3 16 0 0 0 0 0 0 0 8 31 10 10 0 0 12 30 33 20 0 0 0 30 19 32 0 1 0 0 0 0 0 0 0 0 0 0 0 0 0 0 0 0 0 0 0 0 0 0 20 0 0 0 0 0 0 0 0 0 0 14 0 0 0 0 0 0 0 0 0 0 0 0 0 0 0 0 1 0 0 0 0 0 0 0 0 0 0 0 3 58 0 0 0 0 0 39 23 18 0 1 1 15 1 44 0 0 0 0 0 9 0 0 0 0 0 0 0 0 0 0 0 1 0 0 0 8 0 0 0 39 20 0 0 0 0 0 25 0 0 0 0 0 0 0 0 0 0 0 0 0 0 0 0 0 0 0 0 0 0 0 0 0 0 0 0 0 0 15 0 0 0 0 170 0 6 176 1 16 10 0 0 0 0 0 0 0 0 0 18 0 0 0 0 0 0 0 0 0 0 0 0 84 14 9 0 0 0 0 0 0 0 0 0 0 0 0 
 32 57 123 78 78 43 58 274 169 50 56 246 271 95 346 126 426 40 0 394 1 0 0 0 0 1 0 0 2 0 2 0 2 2 0 2 0 3 1 1 1 3 0 0 0 2 0 0 2 0 0 0 0 0 3 3 0 23 3 3 0 2 0 3 0 0 0 0 0 0 0 0 0 4 0 0 0 0 0 0 25 0 1 0 0 0 25 2 9 0 0 0 13 33 19 0 23 0 9 22 0 1 2 0 0 0 0 0 0 0 2 0 0 0 0 0 0 0 0 0 0 0 0 0 0 0 0 2 0 0 0 0 0 13 0 0 0 30 0 0 0 0 0 0 0 2 0 0 1 2 0 0 0 2 0 1 0 0 0 0 11 0 11 0 0 0 25 1 15 8 1 0 17 0 0 7 11 0 14 32 0 0 0 0 1 0 0 0 0 0 0 0 0 0 0 0 0 8 0 0 0 0 0 0 0 0 0 0 0 1 0 0 2 0 0 0 0 0 0 14 0 0 0 0 0 0 0 0 0 0 0 0 0 0 0 0 0 0 0 0 0 0 0 0 0 2 0 0 0 0 0 16 0 0 0 0 0 0 0 0 0 0 0 0 0 0 0 0 0 0 0 0 0 0 0 0 0 0 0 0 0 0 0 0 0 0 0 0 0 0 
 172 76 37 61 110 41 374 52 72 278 271 74 246 194 77 292 27 45 394 0 1 1 0 0 1 0 0 74 1 0 0 1 2 12 3 2 1 6 0 0 1 7 0 0 0 0 0 0 0 0 0 0 3 0 0 3 0 12 3 3 0 4 0 3 0 0 4 0 0 0 0 0 0 3 0 0 0 0 0 0 59 12 5 0 0 0 33 24 0 0 0 0 28 37 74 10 0 0 1 32 0 20 0 0 0 0 0 0 0 0 0 0 0 0 0 0 0 0 0 0 0 0 0 0 0 0 0 0 0 0 0 0 0 0 0 0 0 0 0 0 0 0 0 0 0 0 0 0 0 0 0 0 0 4 0 3 0 0 0 0 27 25 0 0 0 0 19 21 0 0 0 0 13 16 0 0 0 0 19 31 0 0 0 0 0 0 0 0 0 0 0 0 0 0 0 0 0 0 0 0 0 0 0 0 0 0 0 0 0 0 0 0 0 0 0 0 0 0 0 0 0 0 0 0 0 0 0 0 0 1 0 0 1 0 0 0 0 1 0 0 0 0 0 0 0 3 0 2 0 0 0 10 2 0 0 0 0 0 2 0 0 0 0 0 0 0 0 0 0 0 0 0 0 9 0 0 0 0 0 0 0 0 0 0 0 0 0 0 0 0 
 1 1 2 58 3 3 2 3 4 7 2 1 1 3 2 1 2 2 1 1 0 117 279 53 33 46 311 497 49 35 24 31 64 92 287 31 61 41 51 357 70 0 0 1 0 4 0 4 0 3 0 3 0 0 0 2 0 3 3 0 0 0 2 2 5 3 0 1 3 0 0 1 50 3 0 3 3 0 0 0 0 0 0 0 0 0 0 0 0 0 0 0 0 0 0 0 0 0 0 0 0 9 19 0 0 0 15 23 42 12 1 14 0 21 43 20 27 4 1 0 0 0 0 0 0 0 0 0 0 0 0 0 0 0 0 0 0 0 0 0 0 0 0 0 0 0 0 0 0 0 6 0 19 0 0 0 0 0 0 0 0 0 0 0 1 0 0 0 0 0 0 0 5 0 0 0 7 0 14 0 20 72 4 2 18 0 0 32 68 0 15 0 0 1 21 34 13 21 0 0 0 0 0 0 0 0 0 0 0 0 0 1 0 0 0 0 41 0 0 0 1 0 0 0 0 0 0 0 10 0 0 0 0 0 0 0 0 0 0 0 0 0 0 0 0 0 0 0 0 0 0 0 0 0 5 23 2 0 0 4 2 0 0 0 0 0 1 0 0 0 0 0 0 0 0 0 0 0 0 0 0 0 0 0 0 0 0 0 0 0 
 0 0 0 0 0 0 2 0 0 0 2 0 0 2 0 0 0 0 0 1 117 0 687 65 38 36 378 435 375 32 53 246 57 79 385 550 253 52 44 68 6 0 0 2 0 3 0 3 0 3 0 3 0 0 0 1 0 3 3 0 0 0 3 0 2 1 0 0 7 0 0 0 0 0 0 8 3 0 1 0 0 0 0 0 0 1 2 0 0 0 0 0 0 0 0 2 0 0 0 0 0 36 47 18 0 0 0 19 37 46 8 10 0 1 3 28 53 37 0 0 0 0 0 0 0 0 0 0 0 0 0 0 0 14 12 0 0 0 0 2 0 0 0 0 1 0 0 0 2 0 2 0 0 0 0 0 0 0 12 0 0 0 0 0 0 0 0 0 0 0 0 0 0 0 0 0 4 0 0 0 0 12 13 24 1 0 0 9 40 19 35 21 0 0 0 2 42 41 0 0 0 0 1 1 0 0 0 0 0 0 0 0 0 0 0 0 0 0 0 0 0 16 0 0 0 0 0 0 0 0 0 0 0 2 0 0 0 2 0 0 0 0 19 0 0 0 0 0 0 0 0 0 0 0 16 0 0 0 0 2 14 2 0 0 0 0 8 0 0 0 0 0 0 0 0 0 0 0 0 0 0 0 0 0 0 0 0 0 0 0 
 0 3 0 0 0 0 3 0 0 0 1 0 0 0 204 0 1 0 0 0 279 687 0 280 67 258 360 101 526 414 46 257 46 55 71 107 237 343 38 53 3 0 0 2 0 3 0 3 0 3 0 3 0 0 0 0 0 3 3 0 0 0 3 0 3 2 0 0 2 0 0 0 0 0 0 3 3 0 0 0 0 0 0 0 0 1 0 0 0 7 0 0 0 5 0 1 0 0 0 0 0 45 11 50 30 0 0 19 15 10 12 35 0 2 0 23 21 48 0 0 0 0 0 0 1 0 0 0 0 0 0 0 0 0 0 0 0 0 0 0 0 0 1 0 1 0 0 0 0 0 1 0 0 0 0 0 0 0 0 0 0 0 0 0 0 0 0 0 0 0 2 0 1 0 0 0 3 0 0 0 0 0 22 15 0 0 0 20 18 27 39 12 0 0 15 1 17 24 0 0 0 1 1 0 0 0 0 16 0 0 0 0 0 0 0 0 0 0 0 1 0 0 0 0 0 0 0 0 0 1 0 0 0 0 0 0 0 0 0 0 0 0 21 0 0 0 0 0 0 0 0 0 0 0 16 2 0 4 2 2 19 32 0 0 0 0 12 0 0 0 0 0 0 0 0 0 0 0 0 0 0 36 0 0 0 0 10 0 0 0 
 0 2 1 0 0 0 3 0 0 0 0 0 0 1 0 0 2 0 0 0 53 65 280 0 122 35 297 68 96 389 213 366 45 285 66 272 360 548 278 63 3 0 0 1 2 4 0 3 2 3 10 3 0 0 0 0 0 5 3 0 0 46 5 0 8 3 0 2 2 0 0 2 0 0 0 3 5 19 1 0 0 0 0 0 0 0 0 0 0 0 0 0 0 0 0 0 0 0 0 0 0 0 0 56 27 21 0 0 0 12 40 31 0 0 0 10 1 0 0 0 0 0 0 0 0 0 0 0 0 0 0 0 0 0 0 0 0 0 12 24 0 0 0 0 0 0 0 0 0 0 0 0 0 0 0 0 0 0 0 1 0 0 0 0 0 0 0 0 0 0 0 0 0 0 0 0 0 0 0 0 0 0 10 22 70 49 0 0 0 20 89 19 0 0 0 0 8 6 0 0 13 0 0 0 28 0 0 0 0 0 0 8 0 0 0 0 0 0 13 10 0 1 0 0 0 0 0 0 0 0 0 3 0 0 0 0 0 0 0 0 0 0 0 0 0 0 0 0 0 0 0 0 0 0 12 0 0 52 86 1 4 18 0 0 0 0 0 0 0 0 0 0 0 0 0 0 0 0 0 0 0 53 0 0 0 0 30 0 0 0 
 0 0 0 0 0 0 0 0 3 2 0 0 0 3 2 0 0 0 0 1 33 38 67 122 0 600 42 61 84 68 129 342 47 80 75 96 46 32 62 73 5 2 0 3 0 3 1 3 2 0 1 0 1 7 0 0 0 3 1 0 0 2 0 0 4 0 31 2 0 0 0 2 4 0 0 24 0 2 0 0 0 0 2 0 0 0 0 0 0 0 0 0 0 0 0 0 0 0 0 0 0 0 0 0 25 63 0 0 0 0 22 9 0 0 0 0 0 0 0 0 0 0 0 1 0 0 28 0 0 0 0 0 7 1 0 0 0 0 66 77 2 0 0 0 0 0 2 0 0 0 0 0 0 0 0 0 2 0 0 10 0 0 0 0 1 1 0 0 0 0 0 0 0 0 0 0 0 0 0 0 0 0 0 1 11 45 0 0 0 1 0 22 0 0 0 0 2 0 0 0 0 0 0 0 0 0 65 0 0 0 0 0 17 0 0 0 0 0 56 27 0 0 0 0 0 0 2 0 0 0 0 8 0 0 0 0 0 0 0 0 0 0 0 0 0 0 0 0 0 0 0 0 0 0 10 0 2 5 5 4 3 0 0 0 0 0 0 0 0 0 0 0 0 0 0 0 0 0 0 0 0 0 0 0 0 0 0 0 0 0 
 0 1 0 0 0 0 1 0 0 0 0 0 0 0 0 6 1 0 1 0 46 36 258 35 600 0 18 16 43 25 167 53 25 44 110 87 56 60 44 41 3 0 0 1 0 3 1 4 0 3 0 3 6 5 32 0 3 4 193 4 0 0 3 0 2 3 0 0 0 0 0 1 0 0 0 3 3 0 0 0 0 0 0 0 0 0 0 0 0 16 0 4 0 0 0 0 0 0 0 0 0 0 0 0 10 21 0 0 0 0 74 0 0 0 0 0 0 0 0 0 0 0 2 0 14 0 32 0 0 0 0 0 56 27 17 0 0 0 35 30 0 0 0 1 0 1 0 0 0 0 0 0 0 0 0 0 0 0 0 3 0 0 0 0 0 0 4 0 0 0 0 0 0 0 0 0 0 0 0 0 0 0 0 0 1 16 0 0 0 19 3 4 0 0 0 0 0 0 0 0 20 0 0 0 0 0 19 10 0 0 0 0 29 0 33 0 0 0 38 5 0 0 0 0 0 0 0 0 0 0 0 0 0 0 0 11 0 0 0 0 0 0 0 0 0 0 0 0 0 0 0 0 0 0 14 2 0 0 6 1 5 0 0 0 0 0 0 0 0 0 0 0 0 0 0 0 0 0 0 0 0 0 0 0 0 0 0 0 0 0 
 0 0 2 0 0 0 3 0 0 0 0 0 0 0 0 0 0 0 0 0 311 378 360 297 42 18 0 64 32 21 35 29 424 321 243 22 23 40 481 296 7 2 0 2 0 3 0 3 2 0 0 0 0 0 0 1 2 0 0 0 0 0 0 0 0 0 1 3 0 0 0 1 0 0 0 0 0 0 36 0 0 0 0 0 0 0 0 0 0 0 0 0 0 0 0 0 0 0 0 0 77 0 13 0 0 0 35 35 12 0 3 0 13 37 46 47 8 13 1 42 0 0 0 0 0 0 0 0 0 0 0 0 0 15 0 0 0 0 0 0 0 0 0 0 0 18 0 0 0 19 12 0 0 0 0 0 0 0 0 0 0 0 0 0 0 0 0 0 0 0 0 0 15 0 0 0 0 0 0 0 74 32 11 0 25 0 13 25 13 0 1 0 0 18 46 46 11 2 16 0 0 0 28 0 0 0 0 0 9 0 0 0 0 0 0 0 0 0 0 0 0 1 0 0 0 0 0 0 0 0 0 0 0 0 0 0 0 0 0 0 0 0 0 0 0 0 0 0 0 0 0 0 0 0 6 0 2 0 0 2 2 0 0 0 0 0 0 0 0 0 0 0 0 0 0 0 0 0 0 0 0 0 0 0 0 0 0 0 0 0 
 0 0 0 2 0 3 73 0 0 0 0 0 0 0 0 0 0 0 0 74 497 435 101 68 61 16 64 0 302 64 223 26 304 301 200 27 35 39 45 35 10 0 0 2 0 3 0 3 2 3 0 3 0 66 0 1 1 3 3 0 0 0 3 0 2 3 0 1 11 0 0 0 0 0 0 3 4 3 0 0 0 0 0 0 0 0 0 0 0 0 0 0 0 0 0 0 0 0 0 0 0 9 58 1 0 0 14 31 36 28 22 6 0 6 21 45 21 75 0 0 0 0 0 0 0 0 0 0 0 0 0 0 0 0 2 0 0 0 0 0 0 0 0 0 0 0 0 0 0 0 28 0 0 0 0 0 0 0 0 0 0 0 0 0 0 0 0 0 13 0 0 0 0 0 0 0 11 0 0 0 3 27 24 11 41 0 0 13 51 14 34 0 0 0 49 18 15 16 0 0 0 0 0 0 0 0 0 0 0 0 0 0 0 0 0 0 0 0 0 0 0 0 0 0 0 0 0 0 0 15 0 0 0 0 0 0 0 0 0 0 0 0 23 0 0 0 0 0 0 0 0 0 0 0 8 0 2 1 0 2 0 0 0 0 0 0 24 0 0 0 0 0 0 0 0 0 0 0 0 0 0 0 0 0 0 0 0 0 0 0 
 0 3 0 0 0 1 2 0 2 0 0 1 200 0 203 0 0 0 2 1 49 375 526 96 84 43 32 302 0 394 27 36 61 103 100 152 202 335 142 73 3 0 0 1 0 3 0 3 0 3 0 3 0 0 1 0 1 3 3 0 0 0 3 39 39 2 0 0 5 0 0 0 0 51 0 3 3 0 0 0 0 0 0 0 9 0 0 0 0 0 0 0 0 0 0 0 0 0 0 0 0 6 9 31 10 0 2 24 17 21 19 18 0 0 1 28 15 45 0 0 0 0 0 0 0 0 0 2 0 0 0 0 0 0 0 0 0 0 0 0 0 0 0 0 0 0 0 0 0 0 2 0 0 0 0 0 0 0 0 0 0 0 0 0 0 0 0 0 0 0 0 0 1 0 1 0 2 0 0 0 1 1 14 22 0 0 0 14 18 20 38 16 0 0 0 0 9 31 9 0 0 0 0 0 0 0 0 0 0 0 0 0 0 0 0 6 0 0 0 0 0 0 0 0 0 0 0 0 1 0 0 0 0 0 0 0 15 4 0 0 0 0 24 0 0 0 0 0 0 0 0 0 0 0 12 2 2 4 2 0 7 27 0 0 0 0 19 0 0 0 0 0 0 0 0 0 0 0 0 0 0 21 0 0 0 0 10 0 0 0 
 0 0 0 0 0 0 2 1 0 0 0 0 0 1 0 1 2 4 0 0 35 32 414 389 68 25 21 64 394 0 356 34 28 83 92 399 342 112 64 80 3 1 0 2 0 3 0 3 0 66 0 3 0 5 0 0 0 3 3 0 0 0 3 0 6 1 0 0 0 0 0 0 0 0 0 3 3 8 1 0 0 0 0 0 0 0 0 2 0 0 0 0 11 0 0 0 0 0 0 0 2 29 1 53 24 1 0 0 0 29 14 34 0 0 0 1 21 0 0 0 0 0 0 0 0 0 1 0 0 0 2 0 0 0 0 0 0 0 1 0 0 0 0 0 0 0 0 0 0 0 0 0 0 0 1 0 0 0 0 0 0 0 0 0 0 0 0 2 0 0 0 0 0 2 0 9 0 0 0 2 0 0 26 62 59 13 0 0 18 24 18 66 0 0 0 7 3 20 0 0 0 0 0 0 1 0 0 0 0 0 0 0 0 0 0 0 0 0 1 0 0 0 0 0 0 0 0 0 0 0 0 0 0 8 0 0 0 0 0 0 0 0 0 0 0 0 0 0 0 0 0 0 0 0 11 0 0 150 151 0 14 21 0 0 0 0 0 0 0 0 0 0 0 0 0 0 0 0 0 0 0 2 0 0 0 0 35 0 0 0 
 0 71 0 1 0 0 79 2 0 0 0 0 0 0 0 74 0 0 2 0 24 53 46 213 129 167 35 223 27 356 0 366 35 43 115 91 165 342 42 51 3 0 0 1 0 8 0 5 4 3 0 4 0 0 0 0 0 3 5 2 0 1 3 0 47 5 0 1 1 2 6 2 0 0 0 5 4 5 0 3 0 0 0 0 0 0 0 0 2 4 0 0 0 0 0 0 0 0 0 0 0 0 1 41 54 22 1 0 9 9 12 36 0 0 0 11 1 0 0 0 0 0 0 0 0 0 0 1 0 0 0 0 0 1 0 0 0 0 21 22 0 0 0 0 0 2 0 0 0 0 1 0 0 2 0 0 0 0 0 1 0 0 0 0 0 0 0 0 0 0 0 0 0 0 2 0 0 0 0 0 0 0 17 35 12 40 0 0 1 28 21 31 0 0 0 0 16 9 2 0 0 0 0 0 0 0 0 0 0 0 0 0 0 0 0 0 0 0 17 9 0 0 0 2 0 0 0 0 0 0 0 0 0 0 0 0 0 0 0 0 0 0 0 0 0 0 0 0 0 0 0 0 0 0 9 0 0 47 44 0 3 13 0 0 0 0 0 0 0 0 0 9 0 0 0 0 0 0 0 0 0 21 0 0 0 0 10 0 0 0 
 0 0 0 0 0 0 0 0 0 0 2 0 0 0 0 0 78 0 0 1 31 246 257 366 342 53 29 26 36 34 366 0 32 248 39 50 70 68 53 40 3 0 0 2 0 3 0 3 0 3 0 3 0 0 0 0 0 3 3 63 0 0 3 0 6 1 4 0 0 0 0 2 0 0 0 3 3 3 1 6 0 0 0 12 0 1 0 0 0 0 0 0 0 0 0 2 0 0 0 0 0 0 0 33 18 48 0 0 0 19 33 33 0 1 0 0 0 0 0 0 0 0 0 0 0 0 13 0 0 0 0 0 0 0 1 0 0 0 41 29 0 0 0 0 1 0 0 0 2 0 0 0 0 0 0 0 0 0 0 9 0 0 0 0 0 0 0 0 0 0 0 0 0 0 0 0 0 0 0 0 0 0 15 26 38 39 0 0 0 7 1 26 0 0 0 0 7 4 0 0 0 0 1 1 0 0 0 1 0 0 0 0 6 0 0 0 0 0 41 8 0 0 0 0 0 0 0 0 0 0 0 0 0 0 0 0 0 2 0 0 0 0 0 0 0 0 2 0 0 0 0 0 0 0 15 0 2 153 151 0 0 2 0 0 0 0 0 0 0 0 0 0 0 0 0 0 0 0 0 0 0 2 0 0 0 0 0 0 0 0 
 2 2 2 2 2 3 2 2 2 4 2 2 2 2 2 2 2 2 2 2 64 57 46 45 47 25 424 304 61 28 35 32 0 69 39 23 28 41 461 252 3 2 6 6 0 9 0 3 6 0 0 20 4 0 0 1 0 0 0 0 0 0 0 0 0 6 0 52 0 0 0 6 6 0 0 2 0 0 23 0 0 0 0 0 0 0 0 0 0 0 0 0 0 12 0 0 0 0 0 12 36 22 0 0 0 0 19 42 12 0 0 0 19 30 24 0 0 0 11 46 0 0 0 0 0 0 0 0 0 0 0 0 0 0 0 0 0 17 0 0 0 0 0 0 0 10 0 0 0 0 0 0 0 0 0 0 0 0 0 0 24 0 0 0 0 0 0 0 0 0 0 0 2 0 2 0 0 0 0 0 44 16 0 0 0 0 13 38 0 0 1 0 0 20 4 70 0 0 11 23 0 0 0 0 0 0 0 0 1 0 0 0 0 0 0 0 0 0 0 0 0 0 0 0 0 0 0 0 0 0 0 0 0 0 0 0 0 5 0 0 0 0 0 0 0 0 0 0 0 0 0 0 0 0 7 2 0 0 0 1 3 0 0 0 0 0 0 0 0 0 0 0 0 0 0 0 0 0 0 0 0 0 0 6 0 0 0 0 0 0 
 2 2 2 2 2 1 2 2 3 3 2 2 4 1 2 3 75 1 2 12 92 79 55 285 80 44 321 301 103 83 43 248 69 0 341 59 18 245 110 388 7 0 2 3 2 3 2 5 2 3 2 3 2 0 2 4 2 3 5 0 0 0 4 2 5 3 0 1 4 0 2 1 1 0 0 5 3 0 0 0 0 0 0 0 0 0 0 0 0 0 0 0 0 0 1 0 0 0 0 0 0 9 20 0 0 0 10 23 46 17 1 11 0 23 39 22 17 4 1 0 0 0 0 0 0 0 0 0 0 0 0 1 0 0 0 0 1 0 0 0 0 0 0 0 0 0 0 0 0 0 6 0 0 0 0 0 0 0 9 0 0 0 0 0 0 0 0 0 0 0 0 0 5 0 0 0 7 0 0 0 19 30 4 0 18 0 1 23 25 1 15 0 0 0 21 32 14 50 0 2 0 0 0 0 0 1 0 0 1 0 0 2 1 0 0 0 0 0 0 0 0 0 0 0 0 0 0 0 0 0 0 0 0 0 0 0 0 0 0 0 0 0 0 0 0 0 2 0 0 0 0 1 0 0 6 0 2 2 0 2 2 2 2 2 0 0 2 0 0 0 0 0 0 0 0 0 0 0 0 0 0 0 0 0 0 0 0 0 0 2 
 0 2 0 0 0 0 35 0 0 0 0 2 79 0 0 0 0 0 0 3 287 385 71 66 75 110 243 200 100 92 115 39 39 341 0 80 105 62 60 132 10 5 0 2 0 8 0 3 1 8 4 5 0 0 1 1 0 6 6 0 0 1 3 6 2 1 2 1 13 0 0 3 5 2 6 7 3 1 1 0 0 0 0 0 0 0 0 0 0 0 0 0 0 0 0 0 0 0 0 0 0 7 58 0 24 0 16 26 29 19 22 15 0 9 22 32 36 95 0 0 0 0 0 0 0 0 0 0 0 0 0 0 0 0 0 1 0 0 0 0 0 0 0 0 0 0 0 0 0 0 17 0 0 0 0 0 0 0 0 0 0 0 0 0 0 0 0 0 0 0 0 0 3 0 0 0 10 0 0 0 0 81 27 11 24 0 0 21 60 16 34 4 0 0 60 18 15 13 0 0 0 0 0 0 0 0 0 0 0 0 0 0 0 0 0 0 0 0 0 0 0 0 0 0 0 0 0 0 0 0 0 0 2 0 0 0 0 2 0 0 0 0 14 0 0 0 0 0 0 0 0 0 0 0 7 1 0 1 0 1 2 0 0 0 0 0 24 0 0 0 0 0 0 1 0 0 0 0 0 0 0 0 0 0 0 0 0 0 0 0 
 2 5 2 2 3 2 4 74 2 2 2 2 2 2 4 2 2 2 2 2 31 550 107 272 96 87 22 27 152 399 91 50 23 59 80 0 252 370 55 69 6 2 3 3 0 5 65 7 2 3 0 3 0 0 0 0 0 3 6 0 0 3 2 0 4 3 0 2 3 0 0 0 0 2 0 3 3 0 0 1 0 0 2 1 0 0 0 0 0 0 0 0 0 0 0 0 0 0 0 0 0 23 11 31 9 2 0 19 14 10 14 17 0 0 1 21 28 75 0 0 0 0 1 0 0 0 0 0 0 0 0 0 0 0 0 1 0 0 0 0 0 0 0 0 0 0 2 0 0 0 0 2 12 0 0 0 0 0 0 0 0 0 0 0 0 0 0 13 0 0 0 0 13 0 0 0 3 0 0 0 0 0 11 12 0 0 0 18 28 44 41 9 0 0 0 0 8 12 0 2 2 0 0 0 0 9 0 0 0 0 0 0 0 0 0 0 0 0 0 1 0 0 0 0 0 0 2 0 0 0 0 0 0 0 0 0 0 0 0 0 0 0 20 0 0 0 0 0 0 0 0 0 0 0 13 0 0 3 2 0 22 20 1 0 0 0 14 0 0 0 0 0 0 0 0 0 0 0 0 0 0 18 0 0 0 0 12 0 0 0 
 0 0 2 0 0 1 0 0 0 0 0 0 0 0 0 0 72 0 0 1 61 253 237 360 46 56 23 35 202 342 165 70 28 18 105 252 0 554 245 46 3 0 0 2 0 3 0 3 0 3 0 3 0 0 0 0 3 3 3 0 0 0 3 86 6 2 0 0 0 0 0 0 0 0 0 49 3 2 0 0 0 0 0 0 0 0 0 0 0 0 0 0 0 8 0 0 0 0 0 0 0 22 1 46 21 0 0 31 18 11 0 65 0 0 1 23 21 54 0 0 0 0 0 0 0 0 0 0 0 0 0 0 0 0 0 0 0 0 0 6 0 0 0 0 0 0 0 0 0 0 0 0 0 0 0 15 0 0 0 0 0 0 0 0 0 0 0 0 0 0 0 1 0 0 0 0 2 0 0 0 0 0 1 14 10 0 0 12 15 32 38 18 0 0 0 0 14 17 0 0 0 0 0 0 0 0 0 0 0 0 0 0 0 0 0 7 0 0 4 0 0 0 0 0 0 0 0 0 0 0 0 0 0 0 0 0 0 0 0 0 0 0 28 0 0 0 0 0 0 0 0 0 1 0 13 2 0 85 0 1 7 12 0 0 0 0 0 0 0 0 0 0 0 0 0 0 0 0 0 0 0 21 0 0 0 0 1 0 0 0 
 3 3 3 3 3 5 3 3 3 76 3 3 3 3 6 5 7 3 3 6 41 52 343 548 32 60 40 39 335 112 342 68 41 245 62 370 554 0 284 40 3 66 0 2 0 3 3 3 2 0 0 0 0 0 0 2 0 2 28 0 0 0 0 3 3 0 0 0 0 1 0 0 0 0 0 0 0 2 1 3 0 0 0 0 0 0 0 0 0 0 17 0 0 0 0 18 0 0 0 0 0 33 0 43 28 0 0 1 0 24 16 60 0 0 0 13 23 1 0 0 0 0 0 0 0 0 0 0 0 0 0 0 0 0 0 0 0 0 30 2 0 0 0 0 0 0 0 0 0 0 0 0 0 0 0 0 0 0 0 0 0 0 2 0 0 0 0 0 0 0 0 2 0 0 0 0 0 0 0 0 0 0 11 33 39 19 0 0 20 16 13 32 0 0 0 0 12 14 0 0 0 0 0 0 0 0 0 0 0 1 0 0 0 0 2 0 0 0 2 0 10 0 0 0 0 0 0 0 0 0 0 0 0 0 0 0 0 0 0 0 0 0 1 0 0 0 0 0 0 0 0 0 0 0 3 0 3 186 157 3 21 17 0 0 0 0 0 0 0 0 0 0 0 0 0 0 0 0 0 0 0 15 0 0 0 0 11 0 0 0 
 0 0 0 2 6 300 3 0 3 0 0 0 0 0 3 0 0 0 1 0 51 44 38 278 62 44 481 45 142 64 42 53 461 110 60 55 245 284 0 264 8 3 0 4 2 2 0 3 0 7 0 8 0 0 1 63 0 10 6 1 0 3 2 0 6 4 0 26 2 0 3 3 5 2 0 3 5 2 39 1 0 2 0 0 2 20 0 0 0 0 0 1 0 0 0 0 1 0 0 0 56 6 0 0 0 0 10 2 1 0 0 2 32 14 1 0 7 0 33 59 0 0 0 0 0 0 0 0 0 0 0 0 0 0 0 0 0 0 15 0 0 0 0 0 0 0 0 2 0 2 4 0 0 0 0 0 0 0 0 0 6 0 0 0 15 31 26 0 0 0 0 0 2 0 0 0 0 0 0 0 9 0 0 0 0 0 50 21 0 0 0 0 10 42 10 12 0 0 13 9 0 0 15 0 0 0 0 0 0 0 8 0 9 0 0 0 2 0 0 0 0 0 0 0 0 0 0 18 0 0 0 0 0 0 0 0 0 0 0 0 0 0 0 0 0 1 0 0 0 0 0 0 0 0 15 0 0 0 0 0 3 0 0 0 1 0 0 0 0 0 1 0 1 0 0 0 1 0 0 0 0 0 0 0 0 0 0 0 0 0 
 0 0 0 0 0 0 0 0 0 0 207 208 0 0 0 0 0 0 1 0 357 68 53 63 73 41 296 35 73 80 51 40 252 388 132 69 46 40 264 0 12 0 0 2 0 3 0 5 2 3 3 3 3 3 3 0 0 3 5 0 2 0 6 0 4 7 0 4 0 0 0 4 0 36 0 3 3 2 1 0 0 0 0 0 0 6 0 0 0 0 0 0 0 0 0 0 0 0 0 0 38 0 17 0 2 1 41 35 3 0 0 0 12 27 45 12 3 1 9 23 0 40 0 0 0 0 0 0 0 0 0 0 0 0 0 0 0 0 0 0 0 0 0 0 0 0 0 0 0 0 2 0 0 1 0 0 0 0 1 0 2 0 0 0 0 0 0 0 0 0 0 0 5 0 1 24 0 0 0 0 29 29 0 0 0 0 28 74 26 12 0 0 0 23 54 57 5 0 12 11 0 0 0 0 0 0 0 0 0 0 0 7 0 0 0 1 0 0 0 0 0 8 0 0 0 0 0 0 0 0 0 0 0 0 0 0 1 0 0 0 0 0 0 0 0 0 0 1 0 0 0 0 0 0 2 0 2 0 0 0 0 2 0 0 0 0 0 0 0 0 0 0 0 0 0 0 0 0 0 0 0 0 0 0 0 0 0 0 0 0 
 1 1 2 2 3 3 2 3 4 8 3 1 1 3 2 1 2 2 1 1 70 6 3 3 5 3 7 10 3 3 3 3 3 7 10 6 3 3 8 12 0 312 91 288 42 241 273 245 250 34 20 27 43 150 480 32 170 65 56 171 0 0 1 0 1 3 51 18 1 0 1 0 2 0 0 0 0 0 0 4 0 0 0 0 0 0 0 0 0 0 0 0 0 0 0 0 0 0 0 0 0 0 7 0 0 0 14 1 21 3 0 7 0 4 6 9 7 1 0 0 17 39 24 0 0 0 0 33 32 3 1 0 1 20 1 29 25 26 0 0 0 0 0 8 0 4 0 0 0 11 0 5 26 0 0 0 0 0 0 0 0 0 0 0 0 0 0 0 2 0 0 1 0 0 0 0 7 0 0 5 20 8 0 0 0 0 0 1 6 0 0 0 0 0 30 7 0 4 1 0 10 28 23 1 0 0 11 30 3 15 10 0 0 22 16 23 29 9 0 1 0 0 0 0 0 0 0 0 0 0 0 0 0 0 0 0 0 0 0 0 0 0 10 0 0 0 0 0 0 0 0 1 0 1 0 47 0 0 0 1 0 0 0 0 2 2 1 0 0 0 0 0 0 0 0 0 0 0 0 0 0 0 0 0 0 0 0 0 2 0 
 3 3 3 3 3 3 3 3 3 6 3 3 3 3 3 3 3 3 3 7 0 0 0 0 2 0 2 0 0 1 0 0 2 0 5 2 0 66 3 0 312 0 348 49 37 48 70 332 247 62 42 38 55 53 356 195 477 45 323 53 0 0 0 0 0 3 0 0 0 0 0 0 0 0 0 5 0 0 0 1 0 0 0 0 0 0 0 0 0 0 0 0 0 0 0 0 0 0 0 0 0 0 0 0 0 0 0 0 0 0 0 0 0 0 19 0 0 0 0 0 0 29 20 23 0 0 0 11 21 31 44 10 0 1 3 26 18 26 0 0 0 0 0 0 0 0 0 0 0 1 0 3 2 0 0 0 0 0 0 0 0 28 0 0 0 0 0 0 0 0 0 0 0 0 0 0 0 0 0 4 0 0 0 0 0 0 0 0 0 0 0 0 0 0 0 0 0 0 0 0 0 31 10 13 0 1 0 11 48 41 23 3 0 1 0 42 46 34 0 0 0 0 0 0 0 0 0 0 0 0 0 0 0 0 0 0 0 0 0 0 0 0 8 0 0 0 0 0 0 0 0 5 0 0 0 0 0 0 0 8 0 0 0 1 0 4 0 0 0 0 0 0 0 0 0 0 0 0 0 0 0 0 0 0 12 22 0 0 0 0 
 4 0 0 0 51 0 0 0 0 0 0 0 0 0 0 0 0 0 0 0 0 0 0 0 0 0 0 0 0 0 0 0 6 2 0 3 0 0 0 0 91 348 0 95 56 27 60 128 191 296 62 39 278 53 76 146 186 231 39 60 0 0 0 0 0 0 0 0 0 0 0 0 0 0 0 0 0 0 0 0 0 0 0 0 0 0 0 0 0 0 0 0 0 0 0 0 0 0 0 0 0 0 0 0 0 0 0 0 0 0 0 0 0 1 0 0 0 0 0 0 3 1 12 14 20 10 0 0 0 39 48 33 0 0 0 1 5 7 0 0 6 0 1 0 0 0 0 0 0 0 0 5 0 0 0 0 0 0 0 0 0 1 0 0 0 0 0 0 0 0 0 0 0 0 0 0 0 0 0 0 0 0 0 0 0 0 0 0 0 0 0 0 0 0 0 10 0 0 0 0 0 7 0 35 22 10 0 0 27 13 0 0 0 0 0 14 26 32 0 0 0 0 0 0 0 0 0 0 0 0 0 0 0 0 0 0 0 0 0 0 0 0 0 0 0 0 0 0 0 0 0 9 0 0 0 0 0 0 0 13 0 0 1 1 0 12 2 1 0 0 31 0 0 0 0 1 0 0 0 0 0 0 0 0 6 29 0 0 0 0 
 0 3 0 0 0 0 0 0 1 66 0 0 0 0 0 0 0 0 0 0 1 2 2 1 3 1 2 2 1 2 1 2 6 3 2 3 2 2 4 2 288 49 95 0 91 274 81 290 84 331 148 234 80 89 222 57 59 248 51 55 0 3 0 0 0 0 0 0 0 0 0 0 0 0 0 0 1 0 0 19 0 0 0 0 0 0 0 0 0 0 0 0 21 0 0 0 0 0 0 0 0 0 0 0 0 0 0 0 0 0 0 0 0 0 0 0 0 0 0 0 0 0 1 33 47 20 0 0 0 0 1 39 0 0 0 0 0 18 0 0 0 0 13 0 0 0 0 6 0 0 0 0 1 0 0 0 0 0 0 1 0 0 0 0 0 0 0 0 0 0 23 0 0 0 0 0 0 0 1 0 0 0 1 13 0 0 0 0 0 0 0 0 0 2 0 0 0 0 0 0 0 0 0 38 20 0 0 0 1 1 38 27 0 0 0 0 0 0 0 0 0 0 0 0 0 0 1 0 0 0 0 0 18 0 0 0 0 0 35 0 0 0 0 0 0 0 0 0 0 0 0 2 0 0 0 0 0 0 0 21 0 0 10 4 0 30 1 35 0 0 19 0 0 0 0 0 0 0 0 0 0 0 0 0 0 1 0 0 0 0 
 0 5 7 4 0 0 3 0 7 3 7 0 0 0 0 3 3 4 0 0 0 0 0 2 0 0 0 0 0 0 0 0 0 2 0 0 0 0 2 0 42 37 56 91 0 277 249 314 84 78 93 458 87 95 94 77 58 282 66 59 0 0 21 0 0 1 3 0 0 0 0 3 0 0 0 0 4 0 1 0 0 0 0 2 0 4 0 0 3 4 0 6 0 0 0 0 0 5 0 0 0 0 0 0 0 0 0 0 0 0 0 0 0 0 18 0 0 0 0 0 0 0 0 1 12 10 0 0 0 0 1 9 0 0 0 0 0 1 0 0 0 1 0 0 0 0 20 8 0 0 0 0 4 1 0 0 0 0 1 15 0 0 0 4 0 0 0 0 2 5 4 0 0 0 3 0 2 5 7 0 0 0 0 0 0 0 0 0 0 0 0 0 20 0 0 0 0 0 0 0 0 0 0 2 0 20 0 0 0 1 3 23 0 0 0 0 0 0 0 0 4 2 0 0 0 0 40 0 0 0 0 0 42 0 3 0 0 0 41 24 0 3 0 0 0 0 2 0 0 0 0 11 0 0 2 0 0 0 0 0 0 16 7 1 0 5 0 3 0 0 0 0 0 0 0 0 0 0 0 0 0 0 0 0 0 0 0 0 0 0 
 0 0 66 0 0 0 0 0 0 0 0 0 0 0 0 0 0 0 2 0 4 3 3 4 3 3 3 3 3 3 8 3 9 3 8 5 3 3 2 3 241 48 27 274 277 0 40 249 256 38 65 69 84 42 52 228 51 57 50 58 0 0 50 3 212 0 4 0 0 2 0 6 10 0 0 0 5 3 133 0 0 0 0 0 0 0 0 0 0 0 0 0 0 0 0 0 0 0 0 0 0 0 0 0 0 0 0 0 0 0 0 0 0 12 0 0 0 0 40 0 0 0 0 0 0 0 0 0 0 0 0 0 0 0 0 0 0 0 0 0 24 0 0 0 0 0 65 8 0 0 0 0 8 23 3 0 0 0 24 6 0 0 9 0 0 0 0 0 0 0 0 0 0 0 0 0 0 0 9 0 0 0 0 0 0 0 0 0 0 0 0 0 0 0 0 0 0 0 0 0 0 0 0 0 0 25 0 0 0 0 0 0 0 0 0 0 0 0 0 0 17 29 0 0 0 0 36 7 0 0 0 0 23 3 18 0 1 0 32 40 0 0 0 0 0 0 0 0 0 0 0 8 0 0 0 0 0 0 0 0 0 0 6 4 0 6 1 0 1 0 0 0 0 0 0 0 0 0 0 0 0 0 0 0 0 0 0 0 0 0 
 0 0 3 0 0 0 3 0 0 0 0 0 0 0 6 0 0 0 0 0 0 0 0 0 1 1 0 0 0 0 0 0 0 2 0 65 0 3 0 0 273 70 60 81 249 40 0 83 53 35 31 117 355 234 63 42 30 248 77 201 5 0 0 0 4 3 2 0 0 0 0 0 0 5 4 0 0 0 0 14 0 0 0 0 0 0 0 0 0 0 0 0 0 0 0 0 0 0 0 0 0 0 0 0 0 0 0 0 0 0 0 0 0 0 0 0 0 0 0 0 32 29 22 0 0 0 37 31 14 0 0 13 25 30 28 19 6 10 0 0 0 4 6 1 0 7 3 0 0 0 0 3 5 4 12 0 7 0 0 0 0 1 0 0 0 0 3 0 4 0 0 33 0 0 0 0 0 0 0 6 0 0 0 0 0 0 0 0 1 0 0 0 0 0 0 0 0 0 0 0 9 6 6 0 0 0 32 8 6 0 0 0 0 37 15 15 2 0 0 11 3 7 0 0 0 0 0 0 4 8 0 0 0 0 13 12 7 0 0 0 0 0 0 0 0 0 0 0 0 0 0 16 0 0 0 0 0 0 0 0 0 0 1 0 0 0 0 0 0 0 0 0 0 0 0 0 0 0 0 0 0 0 0 0 0 0 0 0 0 0 
 0 0 3 0 0 0 2 0 0 0 4 0 2 0 62 0 9 2 0 0 4 3 3 3 3 4 3 3 3 3 5 3 3 5 3 7 3 3 3 5 245 332 128 290 314 249 83 0 295 34 264 235 167 311 199 113 88 48 30 90 0 2 18 6 0 9 0 0 4 7 4 0 0 0 0 10 8 4 0 4 0 0 0 0 0 0 0 0 0 0 0 38 0 0 0 0 0 0 0 0 0 0 7 0 0 0 0 0 0 9 14 0 0 0 0 0 0 0 0 0 6 15 18 0 0 0 0 36 34 30 23 0 0 1 0 36 29 15 0 0 0 0 0 3 8 3 0 0 0 11 6 29 0 0 0 4 0 7 0 10 0 2 0 0 0 0 0 0 4 0 0 0 0 0 0 0 0 0 0 2 0 0 0 0 0 0 0 0 4 0 0 0 0 0 0 0 0 0 0 0 21 21 22 11 0 0 1 6 16 13 11 0 1 1 1 26 20 18 1 2 0 0 0 8 15 0 0 0 0 0 12 19 0 0 0 0 0 0 0 0 0 0 12 0 0 0 0 0 0 0 0 8 0 0 0 0 0 0 0 0 0 0 1 0 0 2 3 0 0 0 4 0 0 0 0 12 0 0 0 0 0 0 0 0 0 15 0 0 0 0 
 0 0 0 61 0 0 0 0 0 0 0 7 0 0 0 0 0 0 2 0 0 0 0 2 2 0 2 2 0 0 4 0 6 2 1 2 0 2 0 2 250 247 191 84 84 256 53 295 0 298 255 36 110 80 317 142 105 233 50 79 1 0 0 11 1 0 0 0 0 1 0 0 51 0 0 0 2 3 0 0 0 0 0 0 0 0 0 0 14 0 0 0 0 0 1 0 0 0 0 0 0 0 0 0 0 0 0 0 0 0 0 0 0 0 0 0 0 0 4 0 0 0 6 43 15 12 0 0 0 45 59 28 0 0 0 41 5 11 0 0 0 0 1 0 0 0 0 0 1 0 0 5 1 0 0 0 0 0 0 0 0 7 0 0 0 0 14 0 0 0 1 0 0 0 0 0 0 0 0 0 0 0 0 0 0 6 0 0 0 0 0 0 0 0 0 0 0 0 0 0 0 1 1 35 20 0 6 0 29 22 6 0 0 0 0 21 18 32 0 0 0 0 0 0 0 0 1 0 0 0 0 0 0 0 0 23 0 0 0 0 0 0 1 0 0 0 0 0 0 0 0 2 0 0 0 0 0 0 0 9 0 0 1 1 1 20 0 7 2 0 19 0 0 0 23 0 0 0 0 0 0 3 0 0 3 17 0 0 0 0 
 0 2 0 0 0 0 0 0 0 0 0 0 0 0 0 0 0 0 0 0 3 3 3 3 0 3 0 3 3 66 3 3 0 3 8 3 3 0 7 3 34 62 296 331 78 38 35 34 298 0 312 266 52 102 109 193 343 99 279 66 57 0 0 0 3 5 0 0 0 0 0 0 0 0 0 0 0 2 0 0 0 0 0 0 0 0 0 0 0 0 0 0 0 0 0 0 0 0 0 0 0 0 0 0 0 0 0 0 0 0 0 0 0 0 0 0 0 0 0 0 0 0 13 36 12 14 0 0 0 0 30 45 0 0 0 0 0 29 0 0 0 0 4 0 0 0 0 0 0 0 0 0 6 0 0 0 0 0 0 0 0 5 0 0 0 0 0 0 0 0 0 0 0 10 0 28 0 0 0 0 0 0 0 0 0 0 0 0 0 0 0 0 0 0 0 0 0 0 0 0 0 0 0 38 25 0 0 0 8 17 31 22 0 0 0 0 0 16 0 0 0 0 0 0 0 5 0 0 0 0 0 0 1 0 0 0 0 0 1 0 0 0 0 0 0 40 0 0 0 0 0 5 0 0 0 0 0 0 0 50 0 0 64 63 0 24 1 69 0 0 6 0 0 0 0 0 0 0 0 0 0 0 0 0 11 14 0 0 0 0 
 0 3 0 0 1 1 2 1 0 5 1 0 0 1 6 0 0 0 0 0 0 0 0 10 1 0 0 0 0 0 0 0 0 2 4 0 0 0 0 3 20 42 62 148 93 65 31 264 255 312 0 255 52 243 307 93 104 306 36 58 0 0 0 0 0 0 0 0 0 0 0 0 0 0 0 0 0 0 0 0 0 0 0 0 0 0 0 0 0 0 0 0 0 0 0 0 0 0 0 0 21 0 0 0 0 0 0 0 0 0 0 0 0 0 0 0 0 0 0 0 0 0 0 37 25 60 0 0 0 1 0 31 0 0 0 0 0 24 0 0 0 0 7 0 0 0 0 7 0 0 0 1 9 0 0 0 0 0 0 0 1 0 0 0 0 0 0 0 0 0 7 0 0 0 7 0 0 0 12 0 0 0 0 0 0 0 0 0 0 0 0 0 0 0 0 0 0 0 0 0 11 0 0 24 12 1 0 0 0 0 10 67 0 0 0 0 0 0 0 0 1 0 0 0 0 0 1 0 0 0 0 0 15 0 0 0 0 0 21 0 0 0 0 0 0 0 0 0 0 0 0 5 0 0 0 0 0 0 0 9 0 0 12 36 0 21 6 4 2 0 18 0 0 0 0 0 0 0 0 0 0 0 0 0 0 0 0 0 0 0 
 0 0 0 0 0 0 0 0 3 0 0 2 0 0 24 0 0 2 0 0 3 3 3 3 0 3 0 3 3 3 4 3 20 3 5 3 3 0 8 3 27 38 39 234 458 69 117 235 36 266 255 0 22 41 257 40 107 287 51 40 0 2 62 0 0 0 2 0 0 0 0 4 0 0 0 0 0 0 0 0 0 0 0 0 0 0 0 0 0 0 0 0 0 9 0 0 0 0 0 0 0 0 0 0 0 0 0 0 0 0 0 0 0 0 0 0 0 0 0 0 0 0 0 10 11 11 0 0 0 0 0 2 0 0 0 0 0 12 0 0 0 8 2 0 0 10 0 9 0 0 0 0 13 0 0 0 0 0 18 0 7 0 1 0 0 0 0 0 0 0 4 0 0 0 0 0 0 0 6 0 0 0 0 0 0 0 0 0 0 0 0 30 0 0 0 0 0 0 0 0 0 0 0 12 6 23 0 0 0 0 28 42 0 0 0 0 0 0 0 0 0 0 0 0 0 0 26 0 0 0 0 0 22 0 0 0 0 0 20 21 0 0 0 0 0 0 0 0 0 0 0 6 0 0 2 0 0 0 0 1 0 15 65 65 0 0 0 63 0 0 0 0 0 0 0 0 0 0 0 0 0 0 0 0 0 0 0 0 0 0 
 0 0 63 0 0 0 3 0 0 3 0 0 0 0 0 0 0 0 0 3 0 0 0 0 1 6 0 0 0 0 0 0 4 2 0 0 0 0 0 3 43 55 278 80 87 84 355 167 110 52 52 22 0 530 193 31 30 25 362 159 2 5 9 4 4 2 0 2 9 20 6 0 0 0 1 6 8 11 0 1 0 0 0 3 0 0 0 0 0 0 0 18 0 0 0 0 0 0 0 0 0 0 0 0 0 1 0 0 0 0 0 0 0 0 0 0 0 0 0 0 8 55 0 0 0 0 8 37 11 0 0 0 24 29 31 5 0 0 0 0 0 2 0 10 6 4 0 0 0 6 7 6 4 0 0 8 0 4 0 0 0 0 0 0 0 0 5 0 24 0 0 4 0 0 0 0 0 0 0 0 0 0 0 0 0 0 0 0 0 0 0 0 0 0 0 0 0 0 0 0 34 0 0 0 0 0 51 62 0 0 0 0 54 36 61 2 0 0 8 3 0 0 7 21 7 0 0 0 0 2 4 9 0 5 0 0 4 4 0 0 0 0 0 0 0 0 0 0 0 0 0 2 0 0 0 0 0 0 0 0 0 0 0 0 0 1 8 0 0 0 5 0 0 0 0 3 0 0 0 0 0 0 0 0 0 0 0 0 0 0 
 0 0 0 0 0 0 0 0 0 2 0 0 0 0 0 0 69 0 0 0 0 0 0 0 7 5 0 66 0 5 0 0 0 0 0 0 0 0 0 3 150 53 53 89 95 42 234 311 80 102 243 41 530 0 308 38 39 29 66 490 0 0 0 0 0 7 0 0 0 0 56 1 0 0 0 24 0 0 0 9 0 0 0 0 0 0 0 0 0 0 0 0 0 1 0 0 0 0 0 0 0 0 0 0 10 12 0 0 0 0 12 0 0 0 0 0 0 0 0 0 8 40 54 21 0 0 0 42 55 1 1 0 5 22 0 40 27 17 6 6 12 0 0 0 0 1 0 0 0 2 0 1 29 0 0 0 9 0 0 12 0 0 0 0 0 0 0 0 1 0 0 0 0 0 0 0 0 0 0 3 0 0 8 0 0 8 0 0 5 0 0 0 0 0 0 0 0 0 0 0 9 51 20 0 0 0 24 50 11 9 47 0 23 23 10 18 36 37 10 7 0 0 0 0 0 0 0 0 0 0 0 0 0 0 0 0 0 0 0 0 0 0 17 0 0 0 0 0 0 0 0 5 0 1 0 0 0 0 0 1 0 0 0 0 0 2 0 0 0 0 0 0 0 0 0 0 0 0 0 0 0 0 0 0 0 0 0 0 2 0 
 0 0 1 1 2 2 1 2 1 6 2 2 0 2 1 0 1 1 3 0 0 0 0 0 0 32 0 0 1 0 0 0 0 2 1 0 0 0 1 3 480 356 76 222 94 52 63 199 317 109 307 257 193 308 0 151 71 287 58 316 0 5 0 3 51 8 0 4 0 0 0 2 0 1 0 0 2 3 0 15 0 0 0 0 0 0 0 0 0 0 0 4 0 0 0 0 0 0 0 0 0 0 0 0 0 0 0 0 0 4 0 0 0 0 0 0 0 0 0 0 8 26 29 0 0 0 0 27 39 45 32 0 0 0 0 38 16 20 0 0 0 0 0 8 0 0 0 0 0 4 11 5 0 0 0 0 0 0 0 0 6 26 0 0 0 0 0 0 0 0 0 0 0 0 0 0 0 0 0 9 0 0 0 0 0 0 0 0 0 0 0 0 0 0 0 0 0 0 0 0 0 52 14 0 0 0 0 17 45 17 12 0 0 0 0 64 55 34 0 0 0 0 0 0 0 10 9 0 0 0 0 0 0 0 0 0 0 0 0 0 0 0 5 0 0 0 0 0 0 0 0 3 0 0 0 0 1 0 0 1 0 0 0 0 0 4 0 0 3 0 0 0 0 1 0 0 0 0 0 0 0 0 0 0 0 15 0 0 0 0 
 3 3 3 3 73 47 3 3 4 7 4 3 3 3 3 3 3 3 3 3 2 1 0 0 0 0 1 1 0 0 0 0 1 4 1 0 0 2 63 0 32 195 146 57 77 228 42 113 142 193 93 40 31 38 151 0 373 175 62 273 2 0 6 3 0 0 0 0 0 0 0 0 0 0 1 0 3 3 3 0 0 0 0 0 0 8 0 0 0 0 0 0 0 0 0 0 1 0 0 0 15 0 0 0 0 0 19 0 0 0 0 0 0 8 0 0 0 0 13 25 0 0 1 48 7 6 0 1 0 35 34 8 0 0 0 14 0 14 0 0 0 0 1 0 0 0 0 0 3 12 0 4 6 0 0 0 0 0 6 10 0 5 0 0 3 19 0 0 0 0 0 1 0 0 0 0 0 0 0 0 2 0 0 0 0 7 19 0 0 0 0 9 12 24 0 0 0 0 18 0 0 1 0 23 2 7 0 0 12 10 1 0 0 10 1 1 25 8 0 0 0 0 0 0 0 0 6 0 0 0 0 12 8 0 14 0 0 0 4 14 0 0 0 0 0 0 0 0 0 1 0 7 0 0 0 0 0 0 0 11 0 0 1 1 0 11 0 0 2 0 14 0 0 0 0 0 0 0 0 0 0 0 1 0 15 12 0 0 0 0 
 0 2 0 0 0 0 3 0 0 0 0 0 0 0 0 0 1 1 0 0 0 0 0 0 0 3 2 1 1 0 0 0 0 2 0 0 3 0 0 0 170 477 186 59 58 51 30 88 105 343 104 107 30 39 71 373 0 308 38 45 2 0 0 0 1 4 0 0 1 2 4 0 2 0 0 0 0 0 0 0 0 0 0 0 0 0 0 0 0 0 0 0 0 0 0 0 0 0 0 0 0 0 0 0 0 0 0 0 0 0 0 0 0 0 0 0 0 0 0 0 0 1 6 45 13 18 0 0 0 43 52 34 0 0 0 1 0 31 0 0 0 0 1 7 0 0 0 0 0 0 0 2 0 0 0 0 0 0 0 0 0 14 0 0 0 0 0 0 0 0 1 0 0 0 0 0 0 0 0 1 0 0 0 0 0 0 0 0 0 0 0 0 0 0 0 0 9 0 0 0 0 0 1 16 17 0 0 0 18 33 1 0 0 0 0 19 12 35 0 0 0 0 0 0 0 4 1 0 0 0 0 0 0 0 0 0 0 0 0 0 0 0 0 0 0 0 0 0 0 0 0 12 0 0 0 0 0 0 0 31 0 0 0 4 1 39 0 3 2 0 11 0 0 0 0 0 0 0 0 0 0 0 0 0 54 16 0 0 0 0 
 1 0 0 0 0 0 3 0 4 0 0 0 80 0 0 0 0 0 23 12 3 3 3 5 3 4 0 3 3 3 3 3 0 3 6 3 3 2 10 3 65 45 231 248 282 57 248 48 233 99 306 287 25 29 287 175 308 0 65 274 0 0 0 0 0 0 0 0 0 0 0 0 0 0 0 0 0 0 0 208 3 0 0 0 0 0 5 0 0 0 0 0 6 9 10 0 0 0 0 6 0 0 0 0 0 0 0 0 0 0 0 0 0 0 0 0 0 0 0 0 0 0 14 50 6 14 0 0 0 0 31 34 0 0 0 0 0 19 0 0 0 0 4 0 0 0 5 0 0 0 0 18 6 0 0 0 0 0 0 0 3 30 0 0 0 0 11 0 0 0 1 0 15 0 0 0 0 0 9 13 0 0 0 0 0 0 0 0 0 0 0 0 0 0 0 0 0 0 0 0 0 0 0 35 22 0 0 0 7 32 51 32 0 0 0 0 0 25 0 0 0 0 0 0 0 0 0 0 0 0 0 0 1 0 0 0 0 0 1 0 0 0 0 0 0 0 0 0 0 0 0 9 0 0 0 0 0 0 0 16 0 15 65 62 5 24 0 65 0 0 7 0 0 7 0 0 0 0 0 0 0 0 0 0 22 10 0 0 0 15 
 3 3 3 3 3 3 3 3 3 7 3 3 3 3 3 3 3 3 3 3 3 3 3 3 1 193 0 3 3 3 5 3 0 5 6 6 3 28 6 5 56 323 39 51 66 50 77 30 50 279 36 51 362 66 58 62 38 65 0 456 7 7 2 0 0 0 1 0 0 0 0 0 0 7 10 0 2 0 1 1 0 0 0 0 0 0 0 0 0 0 0 0 0 0 0 0 0 0 0 0 0 0 0 0 13 0 0 0 0 0 0 0 0 0 0 0 0 0 0 0 7 0 0 0 0 0 30 0 0 0 0 0 54 0 20 0 0 1 15 15 0 8 1 3 0 0 1 0 1 0 0 0 0 1 5 2 7 0 0 0 0 0 0 0 0 0 8 0 0 0 0 5 0 0 0 0 0 9 0 1 0 0 0 0 0 0 0 0 0 0 0 0 0 0 8 0 0 0 0 0 24 0 1 0 0 0 16 2 0 0 0 16 29 30 29 0 0 0 4 18 0 7 7 0 0 0 0 0 7 5 0 0 0 0 0 0 4 6 0 0 0 0 0 0 0 0 0 0 0 0 0 6 0 0 0 0 0 0 0 0 0 0 0 0 0 2 0 0 1 0 0 0 0 0 0 0 0 0 0 0 0 0 0 0 0 0 0 0 0 0 
 3 3 3 3 3 3 3 3 4 7 3 3 3 3 3 3 3 3 3 3 0 0 0 0 0 4 0 0 0 0 2 63 0 0 0 0 0 0 1 0 171 53 60 55 59 58 201 90 79 66 58 40 159 490 316 273 45 274 456 0 0 0 0 0 0 0 0 0 0 0 0 0 0 0 0 0 0 203 0 204 0 0 0 0 0 0 0 0 0 0 0 0 0 0 0 0 0 0 0 0 0 0 0 0 0 14 0 0 0 0 0 0 0 0 0 0 6 0 0 0 12 33 0 0 0 0 14 33 0 0 0 0 48 32 36 2 2 0 4 46 0 0 0 0 0 4 0 0 0 1 0 0 2 0 0 0 0 0 0 0 0 1 0 0 0 0 3 0 4 0 0 8 0 0 0 0 0 0 0 9 0 4 0 0 7 0 0 0 0 0 0 0 0 0 0 0 0 0 0 0 31 14 6 0 0 0 73 16 0 0 1 0 28 40 41 21 17 0 2 58 0 0 15 0 0 0 0 0 0 0 0 0 0 0 0 0 0 0 0 0 0 0 0 0 0 0 0 0 0 0 0 6 0 2 0 0 0 0 0 3 0 0 0 0 0 2 0 0 2 0 0 0 0 0 0 0 0 0 0 0 0 0 0 0 0 0 0 0 2 0 
 11 0 51 0 0 0 0 0 0 3 0 0 0 0 0 0 0 0 0 0 0 0 0 0 0 0 0 0 0 0 0 0 0 0 0 0 0 0 0 2 0 0 0 0 0 0 5 0 1 57 0 0 2 0 0 2 2 0 7 0 0 85 69 48 34 17 248 426 261 49 22 39 45 173 210 46 34 46 86 197 0 0 0 0 0 0 0 0 0 0 0 0 0 0 0 0 0 0 0 0 0 0 0 0 0 0 1 0 0 0 0 0 0 0 0 0 0 0 0 0 0 1 0 0 1 1 0 0 0 0 1 1 1 0 0 0 1 0 1 0 0 52 41 22 0 0 18 0 11 19 0 1 0 18 14 26 25 0 0 0 0 0 0 0 0 0 0 0 0 0 0 0 0 0 0 0 0 0 0 0 0 0 0 0 0 0 0 0 0 0 0 0 0 0 0 0 0 0 0 0 0 0 0 0 0 0 0 0 0 0 0 0 0 1 0 0 0 0 0 0 11 23 17 29 0 0 10 10 33 9 0 0 2 13 15 1 49 3 0 0 0 0 0 0 0 0 0 0 0 0 0 0 0 1 10 0 0 0 0 0 0 0 0 0 0 0 0 0 0 0 0 0 0 20 2 0 0 0 0 0 0 0 0 0 0 1 0 0 0 0 
 1 1 4 10 2 0 0 0 13 7 7 2 1 0 0 6 39 11 2 4 0 0 0 46 2 0 0 0 0 0 1 0 0 0 1 3 0 0 3 0 0 0 0 3 0 0 0 2 0 0 0 2 5 0 5 0 0 0 7 0 85 0 287 57 54 32 66 194 210 44 40 32 31 52 347 167 142 37 71 65 8 0 0 2 4 0 0 0 37 11 5 5 2 0 0 27 10 0 0 0 0 0 0 0 0 0 0 0 0 0 0 0 0 15 0 0 0 0 0 0 0 0 25 0 0 0 0 0 0 0 0 0 0 0 0 0 0 0 0 0 0 10 0 6 0 19 0 7 0 34 19 4 0 0 0 32 9 21 0 10 0 0 0 0 12 0 0 0 0 37 6 8 0 0 0 2 0 4 0 0 2 3 2 5 1 2 2 1 3 2 2 1 3 1 2 3 2 2 3 2 0 0 0 0 0 0 0 0 0 0 0 0 0 0 0 0 0 0 0 0 0 0 19 10 20 0 0 0 17 46 13 25 2 0 0 25 14 19 0 0 15 0 5 12 0 0 0 0 1 8 0 0 6 0 20 0 18 0 0 0 0 0 0 0 0 0 19 0 0 0 20 0 0 22 2 14 0 0 0 0 0 0 0 0 0 2 0 0 0 0 
