 0 315 66 43 36 30 369 331 17 24 36 52 42 447 332 39 239 30 45 41 0 0 1 0 3 1 26 3 0 79 0 2 0 0 0 0 1 0 0 3 0 3 0 0 0 0 0 62 0 4 3 0 0 4 3 0 0 0 0 2 0 0 0 0 0 0 0 0 0 3 0 0 0 4 30 0 0 0 0 0 48 21 9 10 0 0 27 12 27 0 0 0 0 26 43 15 11 0 0 3 0 0 0 0 0 0 0 2 0 0 8 0 19 0 0 0 0 0 0 0 0 0 0 0 0 0 0 0 0 0 0 0 0 0 0 0 0 0 0 0 0 0 0 0 0 0 0 0 0 0 0 0 1 0 0 0 0 0 0 0 21 4 1 1 0 0 5 31 19 18 0 0 9 18 10 0 93 34 0 15 0 0 0 0 0 0 0 0 0 0 0 0 0 0 12 0 0 0 0 0 0 0 0 0 0 0 0 0 0 0 0 16 9 0 0 0 0 0 0 0 0 0 0 0 0 0 0 0 0 0 0 0 0 0 0 0 1 0 0 0 0 0 0 0 0 2 0 2 2 0 0 5 0 0 0 0 0 0 0 0 0 0 0 0 0 0 0 0 0 0 0 0 0 0 0 0 1 0 0 0 0 0 0 0 0 0 0 0 0 0 
 315 0 662 63 34 32 96 476 643 38 41 67 62 83 640 349 418 65 55 62 2 0 0 0 3 0 0 0 0 0 0 2 0 0 0 0 0 0 0 3 0 3 0 0 0 0 0 36 0 0 3 0 0 1 2 0 0 0 0 3 0 0 27 0 0 42 0 0 0 3 0 0 0 3 0 0 0 0 0 9 13 25 29 67 0 0 10 11 31 32 0 1 0 11 37 19 28 27 0 0 1 0 0 0 0 0 0 0 0 0 0 0 0 0 0 0 20 0 0 0 0 0 0 0 2 0 15 0 0 0 0 1 0 0 0 0 0 0 0 0 0 0 0 0 0 0 0 0 0 0 0 0 0 0 0 0 6 0 0 0 10 20 52 18 2 0 0 4 51 47 10 29 0 2 36 29 14 52 0 3 0 0 0 0 0 0 0 0 0 0 22 0 0 0 0 0 0 0 1 0 0 0 0 2 2 0 0 0 0 19 0 0 0 0 0 0 0 0 0 0 0 0 0 0 1 17 0 0 0 0 0 0 0 0 0 0 0 0 0 0 0 10 0 0 1 0 0 0 0 1 1 3 39 0 0 0 0 0 0 0 0 0 0 0 0 0 0 0 0 0 22 0 0 0 0 0 1 17 0 0 0 0 0 0 0 0 0 0 0 0 
 66 662 0 97 74 38 68 102 228 399 81 258 54 257 62 226 244 398 19 35 0 0 0 0 3 0 8 0 0 2 0 9 0 1 2 1 1 0 2 6 0 7 0 0 0 6 0 0 0 0 29 0 4 0 3 0 0 0 0 4 0 0 5 0 0 0 4 2 0 3 0 0 0 2 0 0 0 0 0 17 0 0 45 21 0 0 0 9 44 13 10 15 0 0 1 60 23 25 0 0 0 0 0 0 0 0 0 0 0 0 0 0 0 0 0 0 0 0 0 0 0 11 0 0 0 0 0 0 0 0 0 0 0 0 0 0 0 0 0 0 0 0 0 7 0 0 0 0 0 0 0 0 2 0 0 0 6 0 0 0 0 18 39 52 18 0 0 0 3 49 13 26 0 0 18 35 0 40 0 0 0 0 0 0 0 0 0 0 0 0 0 0 0 0 0 0 0 0 0 0 1 0 0 0 13 0 0 0 0 0 0 0 0 0 0 0 0 0 0 0 0 0 0 0 0 0 0 14 0 0 0 0 0 0 0 0 0 0 0 0 0 16 0 0 0 2 8 2 0 2 1 12 5 0 0 0 0 0 0 0 0 0 0 0 0 0 0 0 0 0 0 0 0 0 0 31 14 19 0 0 0 0 0 0 0 0 0 0 0 0 
 43 63 97 0 302 35 150 71 90 667 355 400 54 410 68 29 356 315 89 93 0 0 0 0 3 0 0 0 0 0 0 2 0 0 0 0 0 0 0 76 0 3 0 0 0 0 0 0 0 0 3 0 0 0 3 0 0 0 0 7 0 0 0 0 1 0 0 0 0 3 0 0 0 2 0 0 0 0 0 0 0 19 2 17 33 20 2 0 0 37 21 40 0 13 0 23 0 0 0 0 0 0 0 30 0 14 0 2 0 0 0 2 0 0 1 0 1 0 0 1 0 0 0 0 0 0 0 0 0 0 0 0 0 14 0 0 0 0 0 0 0 0 0 0 0 0 13 0 0 0 1 0 3 0 0 0 0 0 0 10 0 0 19 31 32 6 1 0 0 0 39 82 17 0 2 18 0 0 0 0 2 0 5 0 0 0 0 10 0 0 0 2 16 0 0 0 11 0 35 0 0 0 0 0 0 0 0 0 0 0 2 9 0 0 0 0 0 0 0 0 0 0 0 0 0 0 0 0 0 15 0 0 0 0 1 0 1 0 0 0 0 0 0 0 0 2 72 0 2 55 2 2 0 0 0 0 0 0 0 0 0 0 16 0 0 0 0 0 0 13 0 0 0 0 0 70 13 0 0 0 0 0 0 0 1 0 0 0 0 0 
 36 34 74 302 0 428 54 83 57 59 97 441 65 73 88 50 69 64 61 91 17 1 0 0 3 0 0 0 0 0 0 2 3 0 1 0 0 0 0 2 0 3 0 0 0 0 0 0 0 0 3 0 0 0 3 0 1 0 6 2 0 0 0 0 3 0 0 1 0 3 0 0 0 2 0 0 0 0 0 2 0 0 0 0 59 90 0 1 1 0 34 13 0 0 0 13 0 0 0 0 0 0 0 0 0 0 19 0 0 0 0 0 47 1 0 0 0 0 57 40 0 0 0 0 0 2 0 0 0 0 0 0 0 0 0 0 0 0 0 0 0 0 0 0 0 0 0 0 5 0 0 2 0 0 0 0 0 0 0 0 0 0 0 0 13 15 0 0 0 0 0 0 0 0 0 0 0 0 0 0 0 0 0 0 0 0 51 0 0 0 0 0 53 6 0 0 0 0 43 21 0 0 0 0 0 0 0 0 0 0 0 0 0 0 0 0 0 0 0 0 0 0 0 0 0 0 2 0 0 0 0 0 0 0 0 0 0 0 0 0 0 0 0 0 0 89 5 0 0 4 5 6 0 0 0 0 0 0 0 0 0 0 0 0 0 0 0 0 0 0 0 0 0 0 0 0 0 0 0 0 0 0 0 0 0 0 0 0 0 0 
 30 32 38 35 428 0 22 31 33 46 65 86 22 36 277 67 56 70 50 100 0 0 0 0 3 0 2 0 0 0 0 2 3 0 1 4 0 0 312 50 0 3 0 0 2 0 0 0 0 0 3 0 0 0 6 0 0 0 5 2 0 0 0 9 8 0 0 2 0 3 0 0 0 4 0 0 0 0 0 0 0 0 0 0 34 25 0 11 0 0 10 13 0 0 0 0 0 0 0 0 10 0 0 0 1 0 29 0 0 0 0 0 26 10 1 0 0 0 63 44 0 0 0 0 0 0 0 0 0 0 0 0 0 0 0 0 0 0 0 0 0 0 0 0 0 0 0 0 7 0 0 0 0 0 0 0 0 0 0 0 2 0 0 0 14 16 0 0 0 0 0 0 0 0 0 0 0 0 0 0 0 0 0 0 0 0 48 10 0 0 0 0 17 25 1 4 0 0 50 48 0 0 0 0 0 0 0 0 0 0 1 0 0 0 0 0 0 0 0 0 0 0 0 0 0 0 0 0 0 34 0 0 0 0 0 11 0 0 0 0 0 0 0 0 0 7 6 0 0 0 0 5 0 0 0 0 0 0 0 0 0 0 0 0 0 0 0 0 0 0 0 0 0 0 0 0 0 0 0 0 0 0 0 0 0 0 0 0 0 0 
 369 96 68 150 54 22 0 125 219 62 241 38 507 496 73 117 30 44 60 344 0 2 0 6 3 0 0 0 5 0 3 4 0 0 1 4 1 3 0 3 0 9 0 2 5 3 0 5 3 2 3 2 2 8 3 3 4 3 0 8 23 0 0 0 1 0 0 1 0 3 2 5 0 2 2 0 0 0 0 3 37 12 16 0 0 0 34 29 7 0 1 0 0 14 76 1 0 17 1 6 0 0 0 0 0 0 0 2 0 0 0 2 0 0 0 0 2 0 0 0 0 0 0 0 0 0 0 0 0 0 0 0 0 0 0 0 0 0 0 0 0 0 0 0 0 0 0 0 0 0 1 0 2 0 0 0 0 0 0 0 20 0 2 0 0 0 45 39 7 0 1 1 16 38 20 0 8 0 20 27 0 0 1 0 0 0 0 0 0 0 0 2 0 0 0 0 0 0 0 1 14 0 0 0 0 9 0 0 0 0 0 0 0 0 0 0 0 0 0 1 1 0 0 0 0 0 0 0 0 0 0 0 0 0 0 1 0 0 0 0 0 0 0 0 0 1 0 0 0 0 0 3 0 0 0 1 0 0 2 1 0 0 0 0 0 0 0 0 0 0 0 0 0 0 0 0 0 0 0 0 0 0 0 0 0 0 0 0 0 0 
 331 476 102 71 83 31 125 0 71 48 61 47 75 488 285 135 45 137 66 70 0 3 0 0 3 0 3 0 29 0 5 2 0 0 78 2 5 3 3 2 0 6 0 0 0 0 0 2 3 0 27 8 0 3 3 0 0 3 0 2 0 0 5 0 1 0 0 0 0 4 0 4 0 55 3 0 0 0 0 8 24 23 5 12 0 0 23 11 57 15 1 1 0 5 60 27 24 14 0 0 0 0 0 0 0 0 0 0 0 0 1 0 0 0 0 0 0 0 0 0 0 0 0 0 0 0 0 0 0 0 0 0 0 0 0 2 0 0 0 0 0 0 13 0 0 0 2 0 0 13 0 0 0 0 0 0 24 0 0 0 19 10 9 23 3 0 0 19 28 45 15 29 2 1 81 24 18 16 1 11 0 0 0 0 0 0 0 0 0 0 0 0 0 0 0 0 0 1 0 0 0 0 0 0 0 0 0 0 0 0 0 0 0 2 0 15 0 0 7 0 0 0 0 0 0 0 0 0 0 0 0 0 0 0 0 0 0 0 0 0 0 0 0 0 0 0 2 0 2 2 0 1 3 0 0 0 0 25 0 0 0 0 0 0 0 0 0 0 0 0 0 0 0 0 0 1 0 35 0 0 0 0 0 0 0 0 0 0 0 0 
 17 643 228 90 57 33 219 71 0 440 249 49 182 120 90 224 107 394 84 68 0 0 0 0 3 0 3 0 0 0 0 4 0 0 0 0 0 0 0 3 0 3 0 0 1 0 0 0 0 0 3 0 0 0 3 0 0 0 0 6 0 0 1 32 0 0 0 0 0 3 0 0 0 3 0 57 0 0 0 1 0 0 8 20 0 2 0 10 36 22 10 19 0 0 0 27 24 23 0 0 0 0 0 0 0 0 17 0 22 0 0 0 0 0 0 0 22 0 0 0 0 0 5 0 0 0 0 0 2 0 0 0 0 0 0 0 0 0 1 0 0 0 0 0 1 0 0 0 0 0 0 0 3 0 0 0 6 0 14 0 0 16 18 39 14 1 0 0 0 43 13 17 0 0 20 32 0 20 0 0 0 0 0 0 0 0 1 0 0 1 0 0 1 0 0 1 0 0 0 0 0 0 0 0 2 10 0 0 0 0 0 0 2 0 0 0 0 0 0 0 0 1 0 0 0 0 0 2 0 0 0 0 0 0 0 0 0 0 0 0 0 2 0 0 0 0 3 0 0 4 0 8 0 0 0 0 0 0 0 0 2 0 0 0 0 0 0 0 0 0 0 0 0 0 50 24 16 18 0 0 0 0 0 0 0 0 0 0 0 0 
 24 38 399 667 59 46 62 48 440 0 471 60 44 88 110 559 513 382 76 90 0 0 0 0 3 0 1 0 1 2 0 6 0 0 0 0 0 0 0 0 0 3 0 0 0 0 0 0 0 0 3 0 0 0 3 6 0 0 0 5 0 0 0 0 0 0 0 0 0 3 0 0 0 3 0 0 0 0 0 0 1 0 30 26 0 1 0 0 2 24 18 33 5 12 0 21 0 24 0 0 16 0 0 0 0 0 0 0 0 0 0 0 0 0 0 0 0 0 1 0 0 0 0 0 0 0 0 0 0 0 20 0 0 0 0 0 0 0 0 0 0 0 0 0 16 0 0 0 0 0 16 0 8 0 0 0 7 0 0 0 0 12 14 45 22 10 0 0 0 17 14 38 0 0 1 26 0 46 0 0 0 0 0 0 0 0 10 0 0 0 0 0 0 0 0 0 0 0 1 0 1 0 0 0 0 0 0 0 0 1 0 0 0 0 0 0 0 0 0 0 0 0 0 0 0 0 0 0 0 0 0 0 1 0 0 0 0 0 0 0 0 9 0 0 0 2 178 0 2 183 0 7 0 0 0 0 0 0 0 0 2 0 15 0 0 0 0 0 0 0 0 0 0 0 0 18 10 5 0 0 0 0 0 0 0 0 0 0 0 0 
 36 41 81 355 97 65 241 61 249 471 0 406 229 53 72 68 78 384 244 82 2 1 2 0 8 0 0 0 1 0 4 4 2 0 0 4 1 0 2 3 62 4 0 2 0 0 1 0 0 0 3 0 3 0 3 0 0 0 0 9 0 0 0 0 0 0 0 3 0 3 0 0 0 3 0 53 0 0 0 0 0 0 19 19 24 22 0 0 0 11 22 38 0 0 0 42 0 2 0 2 0 0 0 0 0 0 2 0 0 0 0 0 0 0 0 1 0 0 0 0 0 0 0 0 0 0 0 0 0 0 0 13 0 0 0 0 0 0 0 0 0 0 0 0 0 0 0 0 0 0 0 0 4 0 0 0 0 0 0 2 0 0 20 25 26 9 0 0 10 16 10 34 0 0 0 20 0 6 0 0 0 0 0 0 0 0 0 18 0 0 0 0 15 0 0 0 0 0 21 7 0 0 0 0 0 1 0 0 0 0 0 0 0 0 0 0 0 0 10 0 0 0 0 0 0 2 0 0 0 0 0 1 0 0 0 0 0 0 2 0 0 0 0 0 0 3 91 0 4 63 0 6 0 0 0 0 0 0 0 0 0 0 8 0 0 0 2 0 0 0 0 0 0 0 0 25 14 0 0 0 0 0 0 0 0 0 0 0 0 0 
 52 67 258 400 441 86 38 47 49 60 406 0 29 252 235 33 177 166 33 117 65 6 0 3 4 0 0 2 2 0 3 2 0 0 0 0 3 2 30 5 0 8 0 8 3 0 0 0 2 0 9 3 69 1 1 1 2 0 6 2 0 0 3 6 9 3 0 3 7 8 0 51 0 3 0 10 2 0 3 0 0 0 11 14 41 39 0 1 1 23 56 36 0 0 0 21 0 0 0 0 0 0 0 0 0 0 12 0 0 0 0 0 18 0 0 0 0 0 26 24 0 0 0 0 0 2 0 0 0 0 0 0 0 0 0 0 0 0 0 0 0 0 0 0 0 0 0 0 0 0 0 2 2 0 0 0 0 0 0 0 0 0 0 1 44 10 0 0 0 0 21 21 0 0 0 3 0 0 0 0 0 0 0 1 0 0 0 0 0 0 0 0 12 0 0 0 0 0 36 21 0 0 0 0 0 0 0 0 0 0 0 0 0 0 0 0 0 0 0 0 0 0 0 0 7 0 2 0 0 0 0 0 0 0 0 0 0 0 0 0 0 0 0 0 0 0 186 1 0 175 0 1 2 0 2 0 0 0 0 0 0 0 14 0 0 0 0 0 0 0 0 0 0 2 0 0 2 0 0 0 0 0 0 0 0 0 0 0 0 0 
 42 62 54 54 65 22 507 75 182 44 229 29 0 92 41 27 33 29 441 334 4 2 4 0 6 0 0 2 0 0 4 2 4 0 0 4 2 11 3 2 0 3 0 0 0 0 2 0 0 0 3 0 6 0 2 0 0 0 0 2 51 0 0 0 0 0 54 4 0 3 0 0 0 3 0 0 0 0 0 0 13 0 40 0 0 0 80 64 0 0 0 0 18 24 0 2 0 1 0 29 0 0 0 0 0 0 0 48 18 0 0 0 0 0 0 0 0 0 0 0 0 0 0 0 0 0 0 0 0 6 0 0 0 0 0 0 0 0 0 0 0 0 0 0 0 0 0 0 0 0 0 0 0 0 0 0 0 0 2 0 28 0 4 0 0 0 26 11 0 0 0 0 42 42 1 0 0 0 23 25 0 0 0 0 0 0 0 0 0 0 0 0 0 0 0 0 0 0 0 0 0 0 0 0 0 0 0 0 0 0 0 0 0 17 0 0 0 0 0 0 0 0 0 0 0 0 0 0 0 0 0 0 0 1 0 0 0 0 0 0 0 0 0 0 0 0 0 0 0 0 0 15 0 0 2 0 0 0 0 0 0 0 0 0 0 0 0 0 0 0 0 0 0 0 0 0 0 0 0 0 0 0 0 0 0 0 0 0 0 2 
 447 83 257 410 73 36 496 488 120 88 53 252 92 0 749 38 268 54 105 426 0 0 74 0 3 0 1 0 0 2 0 2 2 75 0 1 0 1 0 3 0 3 0 0 0 0 0 24 0 0 3 0 0 5 3 0 0 0 0 2 1 0 2 0 0 0 0 0 0 3 0 2 0 2 0 0 0 1 0 50 35 38 7 15 0 0 38 34 20 18 0 0 0 12 56 21 13 10 2 9 0 0 0 0 0 0 1 0 0 0 0 7 0 0 0 2 0 0 0 0 0 0 0 0 0 0 0 0 0 0 0 0 0 0 0 0 0 0 0 0 0 0 0 0 0 0 0 0 0 0 0 0 0 0 0 0 11 0 0 1 34 0 30 1 0 0 15 19 29 9 0 0 13 27 23 3 24 20 2 21 0 0 2 0 10 0 0 0 0 0 0 0 0 0 0 10 0 0 2 0 0 9 0 0 0 2 0 2 0 0 0 0 0 0 0 0 0 0 0 1 0 0 11 0 0 0 0 0 0 0 0 1 0 0 0 0 0 0 1 0 0 0 0 0 0 3 0 1 3 1 1 3 12 0 0 0 0 0 0 0 0 0 0 0 0 0 0 0 0 0 0 0 0 0 0 0 0 0 0 0 0 0 0 0 0 0 0 0 0 0 
 332 640 62 68 88 277 73 285 90 110 72 235 41 749 0 184 44 149 57 108 4 0 0 3 3 36 0 0 0 2 0 2 0 2 1 3 1 3 0 3 3 3 0 0 0 0 2 0 0 0 3 0 0 5 6 0 0 0 0 4 2 0 4 2 0 0 0 1 0 3 0 2 0 2 0 3 0 1 0 6 26 31 8 28 0 0 26 13 60 19 0 0 0 11 86 27 45 14 0 0 0 0 3 21 0 0 0 0 0 0 0 0 0 0 0 0 0 0 0 0 0 0 0 0 0 0 0 0 0 0 0 8 0 0 0 0 0 0 9 0 0 0 2 0 0 0 0 0 0 2 0 0 0 0 1 0 6 0 0 0 24 8 12 14 0 0 1 24 33 34 13 2 1 1 37 26 22 17 0 9 0 0 0 0 0 0 0 0 0 0 0 0 0 0 0 0 0 1 0 0 0 0 0 0 0 0 0 0 0 0 0 0 0 0 0 0 0 0 0 0 0 0 14 0 0 0 0 0 0 0 0 0 0 2 0 0 0 0 0 0 0 0 0 0 0 2 1 0 1 0 0 12 13 0 0 0 0 0 0 0 0 0 27 0 0 0 0 0 0 0 0 0 0 0 0 0 0 16 0 0 0 0 0 0 0 0 0 7 0 0 
 39 349 226 29 50 67 117 135 224 559 68 33 27 38 184 0 240 320 44 70 0 0 0 0 3 2 0 0 0 0 0 3 0 0 0 0 0 0 0 3 0 3 0 0 0 0 0 0 0 0 3 0 0 0 2 0 0 0 0 4 0 0 4 0 0 0 0 0 0 3 0 0 0 3 0 0 0 0 0 4 0 13 60 16 0 0 0 9 32 24 0 13 0 0 1 26 17 18 1 0 0 0 0 0 0 0 0 0 0 0 0 0 0 0 0 0 0 0 0 0 0 0 0 0 0 0 0 0 0 0 0 0 0 0 0 0 0 0 0 0 0 0 0 0 0 0 0 0 0 0 0 0 2 0 0 0 6 0 0 0 12 15 40 31 1 0 1 0 10 44 10 27 0 1 18 37 0 40 0 0 0 0 0 0 2 0 0 0 0 0 0 0 12 0 0 0 0 0 0 0 0 0 0 0 0 0 0 0 0 0 0 0 0 0 0 0 0 0 0 0 0 0 0 0 0 0 0 0 0 0 0 0 0 0 0 0 0 0 0 0 0 12 0 0 0 0 2 0 1 2 0 1 10 0 0 0 0 0 0 0 0 0 0 0 0 0 0 0 0 0 0 0 0 16 0 29 16 19 0 0 0 0 0 0 0 0 0 0 0 0 
 239 418 244 356 69 56 30 45 107 513 78 177 33 268 44 240 0 420 31 65 0 0 0 0 3 0 2 21 1 1 0 2 0 0 2 2 0 0 0 0 3 3 2 0 0 0 1 0 0 0 3 0 3 0 2 0 2 0 0 29 0 0 2 1 0 0 0 1 3 6 0 0 0 3 0 0 1 0 0 3 2 33 8 29 0 1 1 13 44 64 12 19 0 0 0 29 25 38 0 0 0 14 0 0 0 0 14 0 2 0 0 1 0 0 0 0 1 0 0 0 0 0 0 0 0 0 0 0 0 0 0 0 0 0 0 0 0 0 0 0 0 0 0 0 0 0 0 0 0 0 2 0 5 0 1 0 15 0 0 0 0 26 28 43 16 1 2 1 3 39 29 20 0 0 41 38 1 22 0 0 1 0 0 0 0 0 0 52 0 0 0 1 0 0 0 0 0 0 0 2 0 0 0 0 0 0 0 0 0 0 1 0 0 0 0 0 0 0 0 1 0 0 0 0 0 0 0 0 0 0 0 0 0 0 2 2 2 0 0 0 0 3 0 0 0 4 0 0 0 0 0 9 0 0 0 0 0 0 0 0 0 0 0 0 0 0 0 0 0 4 0 0 0 0 0 25 18 25 0 0 0 0 0 0 0 0 0 0 0 0 
 30 65 398 315 64 70 44 137 394 382 384 166 29 54 149 320 420 0 31 64 0 0 0 0 3 0 0 0 1 2 2 2 0 0 0 0 2 0 0 2 0 5 3 0 0 3 0 0 0 0 3 0 0 0 4 6 0 2 0 8 0 0 1 0 0 0 0 0 0 3 0 0 0 3 0 0 27 0 0 3 2 11 27 8 3 0 0 0 12 34 35 47 0 30 2 13 0 45 0 0 0 0 0 0 0 0 0 22 0 0 0 0 0 0 0 0 0 0 0 1 0 0 0 2 0 0 0 0 0 0 0 0 0 0 0 0 0 0 0 0 0 0 0 0 0 0 0 0 0 0 3 0 2 0 0 0 9 0 0 11 28 17 13 31 20 7 0 0 18 45 22 40 0 0 13 26 12 45 0 0 0 0 0 0 0 0 0 0 0 0 0 0 0 0 3 2 0 0 0 0 2 0 0 0 0 0 0 0 0 16 0 0 0 0 0 0 0 0 0 0 0 0 0 0 0 0 0 0 0 0 0 0 2 0 0 0 0 0 0 0 0 16 0 0 0 3 87 0 2 172 1 3 0 0 0 0 0 0 0 0 1 0 19 0 0 0 0 0 0 0 0 0 0 0 0 11 11 17 0 0 0 0 0 0 0 0 0 0 0 11 
 45 55 19 89 61 50 60 66 84 76 244 33 441 105 57 44 31 31 0 266 1 3 0 0 3 0 0 0 0 0 0 2 0 0 0 0 2 0 0 3 0 3 0 0 0 0 0 0 0 0 6 2 64 0 3 0 0 2 0 2 31 0 0 0 0 0 0 0 0 3 0 3 0 3 3 0 0 0 0 0 14 0 26 0 0 0 2 10 0 0 0 0 47 25 0 0 0 0 47 26 0 0 0 0 0 1 0 0 0 0 0 0 9 0 0 0 0 0 0 0 0 0 0 0 0 2 0 0 0 0 0 0 0 0 0 0 0 0 0 0 0 0 0 0 0 0 0 0 0 0 0 0 0 0 0 0 0 0 0 0 10 14 3 0 0 0 19 0 1 0 0 0 40 14 0 0 0 0 22 25 0 0 0 0 0 0 0 0 0 0 0 0 0 0 0 0 0 0 0 0 0 0 0 0 0 0 0 0 0 0 0 0 0 0 0 0 0 0 0 0 0 0 0 0 0 0 0 0 0 0 0 0 0 1 0 0 0 0 0 0 0 0 0 0 0 0 2 1 0 1 0 10 0 0 0 0 0 1 0 0 0 0 0 0 0 0 0 0 0 0 0 0 0 0 0 0 0 0 0 0 0 0 0 0 0 0 0 0 0 0 
 41 62 35 93 91 100 344 70 68 90 82 117 334 426 108 70 65 64 266 0 0 0 0 0 4 0 0 2 0 0 5 2 3 0 0 2 2 59 0 5 0 4 21 21 0 0 0 0 21 14 24 3 0 52 3 21 21 15 0 2 42 0 0 0 0 3 0 26 0 3 0 0 0 52 0 1 2 0 3 0 18 0 20 0 0 0 17 22 0 0 0 0 0 33 11 0 0 16 3 9 0 0 1 2 0 0 0 0 0 0 0 0 0 0 1 0 0 0 0 0 0 0 0 0 0 0 0 0 0 0 0 0 0 0 0 0 10 0 0 0 1 0 0 0 0 0 0 0 0 0 0 0 0 0 0 0 0 0 0 0 20 0 0 0 0 20 29 36 0 0 1 1 19 41 19 13 0 0 18 42 2 0 0 2 0 0 0 0 0 0 0 0 0 0 0 0 0 0 0 0 0 0 0 0 0 0 0 0 0 0 2 0 0 0 0 0 0 0 0 0 0 18 0 0 0 0 0 0 1 0 0 0 0 0 1 0 1 0 0 0 0 0 0 0 0 0 0 0 1 0 0 2 0 0 0 0 0 0 0 0 0 0 0 22 0 0 0 0 0 0 0 0 0 0 0 0 0 0 0 0 0 0 0 0 0 0 0 0 0 0 
 0 2 0 0 17 0 0 0 0 0 2 65 4 0 4 0 0 0 1 0 0 156 75 277 22 129 389 363 41 28 88 39 67 144 258 431 254 47 40 82 0 2 0 0 0 0 0 2 0 0 0 4 3 0 1 0 1 0 0 0 0 6 0 0 0 0 2 3 0 0 0 3 2 0 2 0 0 0 0 0 0 0 0 10 0 1 0 0 0 0 0 0 0 0 0 20 0 0 0 0 37 43 32 0 17 0 40 98 25 12 8 11 5 13 46 53 10 0 0 0 0 0 0 0 0 0 0 0 0 0 0 0 0 0 10 0 0 0 0 10 0 0 0 0 0 0 0 0 0 0 0 0 0 0 0 0 0 0 0 0 2 0 0 0 0 0 0 0 0 0 0 0 0 0 0 0 4 0 0 0 48 37 20 0 0 0 0 24 47 23 25 0 12 28 34 0 24 8 0 12 0 0 0 0 0 0 0 18 0 0 0 0 0 0 0 0 0 0 0 0 0 0 0 0 0 0 0 0 0 0 0 0 0 0 0 0 0 0 0 0 0 0 0 0 0 0 0 0 0 0 0 0 0 0 12 0 0 0 0 3 0 1 0 0 0 0 0 0 0 0 0 0 0 0 0 0 0 0 0 0 0 0 0 0 0 0 0 0 0 0 
 0 0 0 0 1 0 2 3 0 0 1 6 2 0 0 0 0 0 3 0 156 0 567 88 48 50 90 396 302 250 261 23 163 90 325 346 339 38 69 30 1 6 0 0 4 2 1 4 8 2 0 7 2 3 0 0 3 0 0 0 0 1 0 0 0 0 4 4 0 0 0 5 2 1 5 2 0 0 0 0 0 0 0 0 0 0 0 0 0 0 0 0 0 0 0 0 0 0 0 0 0 21 50 30 0 1 1 9 24 22 15 7 0 0 1 18 38 17 0 0 0 0 0 0 0 0 0 0 0 0 0 0 0 0 0 0 0 0 0 0 10 0 0 0 0 12 0 9 0 0 0 0 0 0 0 0 0 0 0 0 0 0 0 0 0 3 0 0 0 0 0 0 0 0 0 0 1 0 0 0 14 16 43 22 0 0 0 10 46 40 30 10 0 2 2 50 24 28 10 0 0 0 6 0 0 0 0 0 0 0 0 1 0 0 0 0 0 0 0 0 0 2 0 0 1 0 0 0 0 0 0 0 0 0 0 0 0 1 0 0 0 0 0 0 0 2 0 0 0 2 0 0 0 0 8 0 2 0 0 4 2 8 0 0 0 0 0 0 0 0 0 0 0 0 0 0 0 0 0 0 0 9 0 0 1 0 0 0 0 0 
 1 0 0 0 0 0 0 0 0 0 2 0 4 74 0 0 0 0 0 0 75 567 0 211 53 20 58 96 286 315 107 244 58 43 139 244 410 293 38 230 4 6 0 3 0 3 0 2 5 2 2 3 3 0 0 0 3 0 0 1 5 3 0 0 3 4 2 5 2 2 2 6 2 0 2 0 0 2 3 0 0 0 0 0 0 0 0 0 0 12 0 0 0 0 0 0 0 9 0 0 0 14 20 37 13 10 0 0 6 42 49 38 0 0 0 15 29 28 0 0 0 0 0 0 0 32 1 0 2 0 0 10 0 0 0 0 0 0 0 0 7 0 0 0 0 0 1 1 0 0 0 0 0 0 0 0 6 0 1 0 0 0 0 0 0 6 0 0 0 0 0 0 0 0 0 0 1 0 0 0 1 9 31 27 1 0 0 0 18 27 26 20 0 0 0 33 41 34 0 0 0 0 0 0 0 0 0 0 0 0 0 0 0 0 1 0 0 0 0 0 0 2 0 0 0 4 0 1 0 1 1 0 1 0 0 2 0 0 1 0 0 0 11 0 0 2 0 0 1 0 0 0 0 0 10 0 1 80 2 0 10 18 2 0 0 0 23 0 0 0 0 0 0 0 0 0 0 0 0 0 0 85 0 0 0 0 27 0 0 0 
 0 0 0 0 0 0 6 0 0 0 0 3 0 0 3 0 0 0 0 0 277 88 211 0 82 48 94 55 90 376 157 337 60 78 53 364 26 413 91 72 0 0 0 4 0 0 0 2 0 0 0 3 5 0 0 0 0 0 0 0 1 2 0 0 0 0 2 3 0 0 0 3 4 0 2 0 0 0 0 0 0 0 0 0 0 0 0 0 0 0 0 0 0 0 0 0 0 0 0 0 0 0 0 12 43 21 0 0 0 15 23 32 0 0 0 0 4 0 0 0 0 0 0 0 0 0 0 0 0 0 0 0 0 0 0 0 0 0 21 1 0 1 0 0 0 0 6 0 0 0 0 47 0 0 0 0 0 0 0 0 0 0 0 0 0 3 0 0 0 0 0 0 9 0 0 14 0 0 0 0 0 0 0 13 50 39 0 0 4 1 1 21 0 0 0 2 1 22 0 0 0 0 0 0 0 0 0 0 0 0 0 0 1 0 0 15 0 0 24 16 0 0 0 0 0 0 0 0 0 0 0 0 0 0 0 0 9 0 0 0 0 0 15 0 0 0 0 0 0 0 0 0 0 0 7 0 2 46 60 0 8 2 0 0 0 0 4 0 0 0 0 0 0 0 0 0 0 0 0 0 0 13 0 0 0 0 4 0 0 0 
 3 3 3 3 3 3 3 3 3 3 8 4 6 3 3 3 3 3 3 4 22 48 53 82 0 399 49 260 80 70 77 361 61 47 59 112 46 80 78 111 0 0 0 0 0 0 2 2 0 0 0 3 14 0 0 0 0 0 1 0 0 3 0 0 0 0 2 6 0 2 0 3 5 0 1 0 13 0 0 0 0 0 0 0 0 0 0 0 1 0 0 0 0 0 0 0 0 0 0 0 0 0 0 1 23 40 0 0 0 0 0 15 0 0 0 0 2 0 0 0 21 17 0 0 0 2 22 0 0 0 0 0 50 3 0 0 0 0 52 16 0 4 0 2 0 0 0 0 0 0 0 0 0 0 1 0 0 0 0 0 0 0 0 2 0 0 0 11 0 0 0 2 6 0 1 0 0 0 0 0 0 0 0 0 37 57 0 0 0 0 0 17 0 0 0 0 0 0 0 0 12 0 0 0 0 0 24 1 0 0 0 0 29 0 1 0 0 0 35 40 0 0 0 41 0 0 0 0 0 0 2 0 0 2 0 0 0 0 0 0 0 0 0 0 0 0 0 0 0 0 0 0 0 0 9 0 0 2 8 0 2 0 37 0 0 0 14 0 0 0 0 0 0 0 0 0 0 0 0 0 0 0 0 0 0 0 19 0 0 0 
 1 0 0 0 0 0 0 0 0 0 0 0 0 0 36 2 0 0 0 0 129 50 20 48 399 0 35 42 260 70 148 46 44 29 37 110 46 48 70 269 1 0 0 0 1 0 0 2 0 0 0 3 2 0 0 0 2 0 218 1 0 2 0 0 0 0 2 3 0 9 50 3 5 0 2 0 32 1 0 0 0 0 0 0 0 0 0 0 0 0 0 0 0 0 0 0 0 0 0 0 2 2 0 0 0 22 0 0 0 0 0 2 0 0 2 1 0 0 0 0 62 0 0 0 0 0 30 15 0 0 0 8 37 39 46 0 1 0 41 45 0 4 1 0 1 0 0 0 0 0 19 0 0 0 0 0 0 0 0 0 0 0 0 0 1 0 0 0 0 0 0 5 4 0 0 0 0 0 0 0 0 2 0 0 0 32 0 0 0 0 0 18 0 0 1 0 0 2 0 0 38 0 0 0 0 0 40 21 1 0 0 0 42 22 59 0 0 0 1 19 0 0 0 0 0 0 0 0 0 0 0 0 0 0 0 0 0 0 0 0 0 0 0 0 0 0 0 0 0 0 0 0 0 0 18 4 0 5 0 0 2 0 0 0 0 0 1 0 0 0 0 0 0 0 0 0 0 1 0 0 0 0 0 0 0 0 1 28 0 0 
 26 0 8 0 0 2 0 3 3 1 0 0 0 1 0 0 2 0 0 0 389 90 58 94 49 35 0 93 57 23 52 36 543 395 44 50 44 53 52 365 0 4 0 0 6 0 0 2 0 2 0 3 0 0 66 0 0 0 0 0 0 8 0 5 0 0 2 3 0 0 0 3 2 14 29 0 0 0 0 2 0 0 0 0 0 0 0 0 0 0 0 0 0 0 0 0 0 0 0 0 25 28 0 0 12 0 32 49 24 3 0 0 9 34 59 13 0 1 0 1 0 0 0 0 0 0 0 0 0 0 0 0 0 0 0 0 0 0 0 0 0 0 2 0 2 0 0 0 0 0 0 0 0 0 0 0 0 0 0 0 4 0 0 0 0 0 0 0 0 0 0 0 0 0 0 0 0 0 0 0 32 9 13 1 0 0 27 15 20 0 0 0 13 63 48 0 16 1 1 4 0 0 0 0 0 0 0 0 0 0 0 0 0 0 0 0 0 0 0 0 0 0 0 0 0 0 5 0 0 0 0 0 0 0 0 0 5 0 0 0 0 0 2 0 0 0 0 0 0 0 0 0 0 0 9 0 0 0 0 2 4 0 0 0 0 0 0 0 0 0 0 0 0 0 0 0 0 2 0 0 0 0 0 0 0 4 0 0 0 0 
 3 0 0 0 0 0 0 0 0 0 0 2 2 0 0 0 21 0 0 2 363 396 96 55 260 42 93 0 137 34 101 38 102 403 228 118 51 39 67 35 0 0 0 0 0 0 0 3 0 0 0 3 0 0 0 0 0 0 0 0 0 3 0 0 0 0 2 3 0 0 0 3 2 0 0 0 0 0 0 0 0 0 0 0 0 0 0 0 0 0 0 0 0 0 0 0 0 0 0 0 11 52 33 21 12 0 1 15 20 36 36 0 0 0 32 8 34 57 0 0 0 0 0 0 0 2 0 0 0 5 0 2 0 0 0 0 0 0 0 0 0 0 0 0 0 0 0 0 0 0 0 0 17 0 0 0 0 0 0 0 0 0 0 2 0 0 0 10 0 10 0 2 0 0 0 0 3 0 0 0 35 10 107 10 0 0 0 6 63 55 20 1 0 12 12 100 28 31 0 2 1 0 0 0 0 0 0 0 0 0 0 0 15 0 0 0 0 0 2 0 0 0 0 0 0 0 0 0 9 0 2 0 0 0 0 0 0 0 0 0 0 0 0 0 0 0 0 0 0 0 0 0 0 0 9 2 0 0 0 0 0 0 0 0 0 0 0 0 0 0 0 0 0 0 0 0 0 0 0 0 0 0 0 0 0 0 0 0 0 0 
 0 0 0 0 0 0 5 29 0 1 1 2 0 0 0 0 1 1 0 0 41 302 286 90 80 260 57 137 0 343 30 32 66 79 238 271 172 279 120 146 0 4 0 2 0 0 0 5 3 0 4 3 3 0 3 2 0 0 6 0 0 1 0 0 0 2 2 5 0 2 0 2 2 0 3 6 0 0 0 0 0 0 0 0 0 0 0 0 0 0 0 0 0 0 0 0 0 0 0 11 0 13 70 69 41 0 1 0 37 72 34 25 0 0 2 26 49 41 0 0 0 0 0 1 0 0 0 0 0 0 0 6 0 0 0 0 0 0 0 0 13 0 0 0 0 0 0 0 1 0 0 0 0 0 0 0 0 0 0 12 0 0 0 0 1 5 0 0 0 0 0 13 0 0 0 2 0 0 7 0 0 32 43 18 3 0 0 14 10 55 25 22 0 0 0 78 54 57 0 0 0 0 0 0 0 0 0 0 0 0 0 0 0 0 0 2 0 2 7 0 0 0 0 0 0 0 0 0 0 0 0 0 32 0 0 0 0 0 0 0 0 0 4 0 0 0 0 0 0 0 0 0 0 0 5 2 0 3 2 1 9 4 0 0 0 0 0 0 0 0 0 0 0 0 0 0 0 0 0 0 0 3 0 0 0 0 0 0 0 0 
 79 0 2 0 0 0 0 0 0 2 0 0 0 2 2 0 1 2 0 0 28 250 315 376 70 70 23 34 343 0 376 265 45 72 73 338 420 144 132 237 0 0 0 1 0 0 0 2 0 0 0 3 0 60 0 0 0 0 0 0 0 4 0 0 0 0 2 3 0 0 0 3 2 0 1 0 0 0 0 0 0 0 0 0 0 0 0 0 0 0 2 0 0 0 0 0 0 0 0 0 2 3 1 35 11 0 0 0 0 11 8 23 0 0 2 9 19 2 0 0 0 0 0 0 0 0 2 0 0 0 0 0 2 0 0 7 0 0 0 1 3 0 1 0 1 0 5 0 0 0 0 2 0 0 0 0 0 0 0 0 1 0 0 0 0 6 0 0 0 0 0 0 1 0 0 0 0 0 0 0 0 9 1 34 17 22 0 0 10 8 22 27 0 21 11 13 22 18 0 0 1 0 0 0 0 0 0 0 0 0 0 0 0 0 0 0 0 0 24 0 0 0 0 0 0 0 0 0 0 0 0 0 0 0 0 0 0 0 0 1 0 0 19 0 0 0 0 0 0 0 0 0 0 2 12 0 2 151 152 3 5 23 0 0 0 0 8 0 0 0 0 0 0 0 0 0 0 1 0 0 0 38 0 0 0 0 8 0 0 0 
 0 0 0 0 0 0 3 5 0 0 4 3 4 0 0 0 0 2 0 5 88 261 107 157 77 148 52 101 30 376 0 359 46 30 55 105 65 346 30 108 0 0 0 4 6 0 0 3 0 4 0 3 2 4 0 7 7 8 3 0 0 3 0 0 2 0 2 5 0 0 41 9 2 0 0 0 1 0 0 0 0 0 1 1 0 0 0 0 2 0 0 0 0 0 0 0 0 0 0 0 0 0 0 18 40 37 0 0 0 14 9 35 0 0 0 0 0 0 0 0 0 2 0 0 0 0 0 0 0 0 0 0 0 2 0 0 0 0 28 0 0 1 0 0 0 0 3 0 0 1 0 5 0 0 0 0 0 0 0 0 0 0 0 0 0 0 0 0 0 0 0 0 2 0 0 0 0 0 0 0 0 1 0 30 79 36 0 0 0 0 0 19 0 0 0 0 0 9 0 0 0 19 0 0 0 0 3 0 0 0 0 0 1 0 1 0 0 0 30 12 1 0 0 0 0 0 0 0 0 0 0 0 0 0 0 0 0 0 0 0 0 0 19 0 0 0 0 0 0 0 0 0 0 0 5 2 2 3 8 2 8 2 0 0 0 0 12 0 0 0 0 0 0 0 0 0 0 0 0 0 0 68 0 0 0 0 10 0 0 0 
 2 2 9 2 2 2 4 2 4 6 4 2 2 2 2 3 2 2 2 2 39 23 244 337 361 46 36 38 32 265 359 0 248 10 24 50 100 72 44 46 0 0 0 0 0 0 0 2 0 0 0 3 0 0 0 2 1 0 2 0 2 2 0 0 0 0 3 3 0 0 3 3 7 0 50 0 0 0 0 0 0 0 16 0 0 0 0 0 0 0 0 0 0 0 0 0 0 0 0 0 0 0 0 0 28 19 0 0 0 0 0 11 1 0 0 0 0 0 0 0 46 0 0 2 8 0 9 0 0 0 0 0 12 0 3 0 0 0 33 9 0 40 0 0 0 0 2 0 1 0 0 5 0 0 0 7 0 0 0 0 0 1 0 0 0 0 0 0 0 0 0 8 18 0 0 0 0 8 0 3 0 0 0 12 70 62 0 0 0 0 0 26 0 0 0 0 0 0 0 0 0 0 0 0 0 0 13 1 0 0 0 0 20 0 11 1 0 1 96 9 0 0 0 0 0 0 0 1 0 15 0 0 0 0 0 0 0 0 0 0 0 0 0 0 0 0 0 0 0 0 0 0 0 0 13 0 0 149 148 1 0 0 0 0 0 0 10 0 0 0 0 2 0 0 0 0 0 0 0 0 0 0 0 0 0 0 8 0 0 0 
 0 0 0 0 3 3 0 0 0 0 2 0 4 2 0 0 0 0 0 3 67 163 58 60 61 44 543 102 66 45 46 248 0 127 155 36 235 41 430 327 0 9 0 0 2 0 0 3 0 0 0 3 0 0 15 99 0 0 3 0 0 8 0 5 0 0 2 10 0 1 0 3 2 0 0 0 0 0 0 0 0 0 0 0 0 0 0 0 0 0 0 0 0 0 0 0 0 0 0 2 45 1 0 1 0 0 51 33 11 0 0 1 4 49 22 31 0 0 12 13 0 0 0 0 0 0 1 0 0 0 0 0 0 0 0 0 0 0 1 0 0 0 0 0 0 0 0 0 4 0 1 0 0 0 0 0 0 0 0 0 10 0 0 0 0 2 0 0 1 0 0 0 0 0 0 0 1 0 0 0 13 9 5 0 0 0 88 36 1 1 0 0 25 49 59 0 8 1 3 26 0 10 0 0 0 0 0 0 0 0 2 0 0 0 0 0 0 0 1 0 0 0 0 0 0 0 0 0 0 0 0 0 0 0 0 0 1 0 11 0 0 0 0 0 0 0 0 0 0 0 0 0 0 0 13 0 1 0 0 0 0 1 0 0 0 0 0 0 0 0 0 0 0 0 0 0 0 0 0 0 0 0 0 0 0 0 0 0 0 0 
 0 0 1 0 0 0 0 0 0 0 0 0 0 75 2 0 0 0 0 0 144 90 43 78 47 29 395 403 79 72 30 10 127 0 303 46 47 40 111 124 0 4 0 0 4 0 0 2 0 0 0 3 0 62 0 24 0 3 0 0 0 2 0 0 0 0 2 3 0 0 0 3 2 0 3 0 0 0 0 0 0 0 0 0 0 0 0 0 0 0 0 0 0 0 0 0 0 0 0 0 19 59 40 1 18 0 21 64 23 18 13 9 0 18 43 43 9 1 0 0 0 0 0 0 0 0 0 0 0 0 0 0 0 0 0 0 0 0 0 0 0 0 0 0 0 0 0 0 0 0 0 0 0 0 0 0 0 0 0 0 63 0 0 0 0 1 0 0 0 0 0 0 0 0 0 0 9 0 0 0 39 16 19 0 0 0 0 22 57 11 28 0 14 38 48 4 23 13 0 11 0 0 0 0 0 0 0 0 0 0 0 0 0 0 0 0 0 0 0 0 14 0 0 0 0 0 0 0 0 0 0 0 0 0 0 0 0 0 0 0 0 0 0 0 0 0 0 0 0 0 0 0 0 0 10 0 0 0 0 4 0 1 0 71 0 0 0 0 0 0 0 0 0 0 0 0 0 0 0 0 0 0 0 0 0 0 0 0 0 0 
 0 0 2 0 1 1 1 78 0 0 0 0 0 0 1 0 2 0 0 0 258 325 139 53 59 37 44 228 238 73 55 24 155 303 0 92 132 57 86 282 0 0 0 2 8 0 0 2 0 2 2 3 2 2 0 3 2 3 0 0 0 2 0 0 3 3 2 4 0 0 2 6 2 0 2 0 0 1 0 0 0 0 0 0 2 0 0 0 0 0 0 0 0 0 0 0 0 0 0 0 11 44 67 34 0 0 0 23 34 63 39 0 0 0 23 24 34 42 0 0 0 0 0 0 0 0 6 0 0 0 0 0 0 0 0 0 0 0 0 0 10 0 1 0 0 0 1 0 0 0 12 0 0 0 0 0 0 0 0 0 0 0 0 0 0 16 0 0 0 0 0 0 0 0 0 0 7 0 0 0 13 9 78 3 0 0 1 17 38 47 16 2 0 22 21 39 60 27 0 0 0 0 0 0 0 0 0 0 0 0 0 0 0 0 0 0 0 0 1 0 0 0 0 0 0 0 0 0 0 0 0 0 0 0 0 0 0 0 11 0 0 0 0 0 0 0 0 0 0 0 0 0 0 0 13 0 0 0 0 0 0 0 0 0 0 0 0 0 0 0 0 0 0 0 0 0 0 2 0 0 0 0 0 0 0 0 0 0 0 0 
 0 0 1 0 0 4 4 2 0 0 4 0 4 1 3 0 2 0 0 2 431 346 244 364 112 110 50 118 271 338 105 50 36 46 92 0 244 276 46 185 2 2 0 5 0 0 0 2 3 0 7 3 0 0 65 2 1 2 61 2 0 6 0 0 0 2 2 3 0 0 0 6 2 49 4 0 2 0 0 0 0 0 1 0 0 0 0 0 0 0 0 0 0 0 0 0 0 0 0 0 0 32 22 85 12 0 0 0 3 24 36 21 2 0 0 8 24 40 0 0 0 0 0 11 0 0 0 0 9 0 0 0 0 0 0 0 25 0 0 0 5 0 0 0 0 0 1 0 1 0 0 0 0 0 0 0 0 0 0 0 0 2 0 0 0 6 0 0 0 0 0 0 0 0 0 0 5 0 0 0 1 23 50 28 0 0 0 0 17 38 33 23 1 1 1 39 41 40 0 0 0 0 0 0 0 0 0 0 0 0 0 0 0 0 0 2 0 2 0 0 0 0 2 0 0 0 0 1 0 0 0 0 0 0 0 0 17 0 0 0 0 0 22 0 0 0 0 0 0 0 0 0 0 0 9 0 0 3 1 1 6 19 0 0 0 0 0 0 0 0 0 1 0 0 0 0 0 0 0 0 0 33 0 0 0 0 0 0 0 0 
 1 0 1 0 0 0 1 5 0 0 1 3 2 0 1 0 0 2 2 2 254 339 410 26 46 46 44 51 172 420 65 100 235 47 132 244 0 451 32 38 0 0 0 0 0 0 0 3 0 0 0 3 0 0 0 4 0 0 4 0 1 3 0 0 0 0 4 3 0 0 0 3 2 0 0 0 0 0 0 0 0 0 0 0 0 0 0 0 0 0 0 0 0 0 0 0 0 0 0 0 0 50 19 59 15 0 0 0 9 37 33 39 0 0 0 8 22 34 0 0 0 0 0 0 0 0 0 0 0 0 0 0 0 0 0 2 0 0 0 0 5 0 0 0 0 0 14 0 0 0 0 0 0 0 0 0 0 0 0 0 0 0 0 0 0 34 0 0 0 0 0 0 0 0 0 0 1 0 2 0 1 4 73 19 0 0 0 0 11 51 25 25 0 0 0 56 32 50 0 0 0 0 0 0 0 0 0 0 1 0 0 0 0 0 0 0 2 0 0 0 0 0 0 0 1 0 0 0 0 0 0 0 0 0 2 0 0 0 1 0 0 0 12 0 0 0 0 0 0 0 0 0 0 0 6 0 0 1 0 2 8 5 0 0 0 0 0 0 0 0 0 0 0 0 0 0 2 0 0 0 0 17 0 0 0 0 0 0 0 0 
 0 0 0 0 0 0 3 3 0 0 0 2 11 1 3 0 0 0 0 59 47 38 293 413 80 48 53 39 279 144 346 72 41 40 57 276 451 0 30 51 0 0 0 0 0 0 0 2 0 0 0 3 0 0 0 0 0 0 0 0 0 1 0 0 0 0 2 3 0 0 0 3 2 0 3 0 0 0 0 0 0 0 0 0 0 0 0 0 0 0 0 0 0 0 0 0 0 0 0 0 0 2 9 30 12 1 0 1 1 47 9 37 0 0 0 9 50 19 0 0 0 0 0 0 0 2 0 0 0 0 0 2 0 0 0 0 0 0 1 0 2 0 0 0 0 0 4 0 0 0 0 36 0 0 0 0 0 0 0 0 0 0 0 2 0 7 0 0 0 0 0 2 3 0 0 0 0 0 0 0 0 11 2 25 54 16 0 0 12 1 17 41 0 0 0 35 41 25 0 2 1 0 0 0 0 0 0 0 0 0 0 0 0 31 0 0 0 0 35 0 0 0 0 0 0 0 0 0 0 0 2 0 0 0 0 0 0 0 0 0 0 0 11 0 0 0 0 0 0 0 0 0 0 0 6 4 0 152 155 2 10 6 0 0 0 0 7 0 0 0 0 0 0 0 0 0 0 0 0 0 0 16 0 0 0 6 7 0 0 0 
 0 0 2 0 0 312 0 3 0 0 2 30 3 0 0 0 0 0 0 0 40 69 38 91 78 70 52 67 120 132 30 44 430 111 86 46 32 30 0 602 0 7 0 0 0 0 3 31 0 2 6 5 3 0 64 0 3 3 7 0 0 10 2 12 4 0 2 8 4 3 0 3 2 1 2 3 0 2 0 2 0 0 0 0 24 0 22 0 0 0 0 0 0 0 0 0 0 0 0 0 31 0 0 0 0 1 65 17 38 0 0 0 30 33 0 1 0 0 33 24 0 0 0 0 0 0 0 0 1 0 0 0 0 0 0 0 0 0 0 0 2 0 0 0 0 0 0 1 10 0 0 0 0 0 0 0 0 0 0 0 8 0 0 0 0 22 0 0 0 0 0 0 0 0 0 0 0 0 0 0 10 1 0 0 0 0 68 17 0 0 0 0 27 46 0 0 0 0 56 22 0 0 0 0 0 0 7 0 0 0 0 0 0 0 1 0 0 0 0 0 0 2 0 0 0 14 0 0 0 0 0 0 0 8 0 0 0 1 0 0 0 0 0 0 0 2 1 0 0 0 0 0 0 0 20 0 2 0 0 2 0 0 0 0 0 0 0 0 0 0 0 0 0 0 0 0 0 0 0 0 0 0 0 0 0 0 0 0 0 0 
 3 3 6 76 2 50 3 2 3 0 3 5 2 3 3 3 0 2 3 5 82 30 230 72 111 269 365 35 146 237 108 46 327 124 282 185 38 51 602 0 0 17 37 0 1 1 0 3 0 0 8 3 0 0 26 1 2 0 5 2 0 8 35 7 1 0 2 3 0 2 0 3 7 0 0 0 0 0 0 0 0 0 0 0 0 0 0 1 0 0 0 0 0 1 0 0 0 0 0 0 57 1 0 1 0 0 58 71 11 0 0 0 15 51 48 33 2 0 12 12 0 0 0 0 0 2 0 0 0 0 0 0 11 10 0 0 0 3 0 0 0 0 0 2 0 0 0 0 4 6 0 0 0 0 0 0 0 4 0 8 14 0 0 2 0 0 0 0 0 0 0 0 0 0 1 0 1 0 2 0 14 10 13 0 0 0 45 40 0 1 0 0 54 62 20 0 7 1 1 26 0 0 0 0 0 0 0 0 0 0 0 0 0 0 0 0 0 0 0 0 0 0 0 0 0 12 0 0 0 0 2 0 0 0 0 0 0 0 0 0 0 0 0 0 0 0 0 0 0 0 0 0 2 0 36 0 2 0 0 2 4 0 0 0 0 0 0 0 0 0 0 0 0 0 2 0 0 13 0 0 0 0 0 0 0 0 0 0 0 0 
 0 0 0 0 0 0 0 0 0 0 62 0 0 0 3 0 3 0 0 0 0 1 4 0 0 1 0 0 0 0 0 0 0 0 0 2 0 0 0 0 0 335 59 41 43 52 422 176 45 29 40 21 275 126 132 42 30 64 37 265 10 1 0 6 10 2 1 0 203 0 2 5 0 13 5 11 0 0 0 1 0 0 0 0 0 0 0 0 0 0 0 0 0 0 0 24 0 0 0 0 0 0 0 0 0 0 0 1 0 0 0 0 0 0 0 0 0 0 0 0 0 10 18 10 0 0 0 19 14 5 0 0 0 18 11 39 33 11 0 3 0 0 0 0 7 16 0 0 0 0 0 0 0 0 0 0 0 0 0 0 0 0 0 8 0 0 0 0 0 0 0 0 0 0 0 0 0 0 0 0 0 0 0 0 0 0 0 0 0 0 0 0 0 0 0 0 0 0 0 0 31 15 9 0 0 0 0 12 20 9 0 0 1 21 7 19 19 0 1 1 0 0 0 0 3 12 0 0 0 0 0 0 0 0 0 0 0 0 0 0 0 0 0 0 0 0 0 0 0 0 0 14 0 2 0 0 2 0 0 7 0 0 0 0 2 0 0 0 65 0 0 0 0 0 0 9 0 0 0 0 0 0 0 0 0 0 0 0 2 0 
 3 3 7 3 3 3 9 6 3 3 4 8 3 3 3 3 3 5 3 4 2 6 6 0 0 0 4 0 4 0 0 0 9 4 0 2 0 0 7 17 335 0 345 97 36 451 73 300 261 123 64 52 281 45 243 127 272 498 248 64 0 0 0 0 0 2 0 1 2 0 3 0 0 0 0 60 0 49 0 0 0 0 0 0 0 0 0 0 0 0 0 0 0 0 0 0 0 0 0 0 9 0 0 0 0 5 7 7 0 0 0 0 14 7 2 0 0 0 0 0 0 14 25 35 9 0 0 1 15 23 38 16 0 0 0 30 0 4 0 0 0 0 0 0 0 0 0 0 0 0 0 0 0 0 0 0 0 0 0 0 0 0 0 5 0 0 0 5 8 0 0 0 0 0 0 0 0 0 0 0 19 7 0 0 0 0 0 0 0 0 0 0 42 4 7 0 0 0 0 0 0 0 29 11 1 0 0 0 13 32 17 0 0 1 9 12 25 12 0 0 0 0 0 0 0 0 0 0 0 0 0 0 0 0 0 0 7 0 0 0 0 0 10 0 0 0 0 0 1 0 0 14 0 2 0 0 0 0 0 11 0 0 0 0 0 1 2 0 1 0 8 0 0 1 0 0 0 0 0 0 0 0 0 0 11 8 0 0 2 0 
 0 0 0 0 0 0 0 0 0 0 0 0 0 0 0 0 2 3 0 21 0 0 0 0 0 0 0 0 0 0 0 0 0 0 0 0 0 0 0 37 59 345 0 134 57 44 75 132 167 352 82 94 281 68 92 226 169 294 42 38 0 0 0 0 0 22 0 2 0 0 0 0 0 0 0 0 0 0 0 0 0 0 0 0 0 0 0 0 0 0 0 0 0 0 0 0 0 0 0 0 0 0 0 0 0 0 0 0 0 0 0 0 0 0 0 0 0 0 0 1 0 19 17 25 0 0 0 0 16 21 14 13 0 13 0 20 0 11 0 0 0 0 0 0 0 0 0 0 0 0 0 0 0 0 0 0 0 0 1 0 0 0 0 8 0 0 0 0 0 0 0 0 0 0 0 0 0 0 0 0 0 0 0 0 0 0 0 0 0 0 0 0 0 0 0 0 4 0 0 0 0 0 15 22 9 0 0 0 1 18 31 5 0 0 1 12 10 24 0 0 0 0 0 0 0 7 0 0 0 0 0 0 0 0 0 0 0 0 0 0 0 0 21 0 0 0 0 0 0 0 0 12 0 0 0 0 0 0 0 15 0 0 9 1 0 2 0 4 0 0 13 0 0 0 0 0 0 0 0 0 0 0 0 0 12 28 0 0 0 0 
 0 0 0 0 0 0 2 0 0 0 2 8 0 0 0 0 0 0 0 21 0 0 3 4 0 0 0 0 2 1 4 0 0 0 2 5 0 0 0 0 41 97 134 0 328 48 73 86 102 333 129 286 77 59 94 47 52 289 98 70 0 0 1 0 5 11 0 2 2 0 11 0 0 0 0 0 0 3 0 0 0 0 0 0 0 0 0 0 0 0 31 0 0 0 0 0 0 0 0 0 0 0 0 0 0 0 0 0 0 0 0 0 0 0 0 0 0 0 0 0 0 0 4 1 39 5 0 0 0 0 5 8 0 0 8 0 0 0 0 0 5 0 0 0 0 3 0 1 0 0 0 0 0 0 0 0 0 0 15 0 0 0 0 0 0 0 0 0 17 0 0 0 0 0 0 1 0 0 0 0 0 0 0 0 0 0 0 0 0 0 0 0 0 0 0 0 0 0 17 0 0 0 0 30 26 42 0 0 0 13 13 44 0 0 0 0 0 14 0 0 0 0 0 0 0 3 2 0 0 0 0 19 20 0 0 0 0 0 14 26 0 0 0 0 0 0 0 0 0 0 0 11 0 0 0 0 0 0 0 9 0 0 15 34 0 35 2 7 2 0 0 0 0 0 0 0 0 0 0 0 0 0 0 0 3 0 0 0 0 0 
 0 0 0 0 0 2 5 0 1 0 0 3 0 0 0 0 0 0 0 0 0 4 0 0 0 1 6 0 0 0 6 0 2 4 8 0 0 0 0 1 43 36 57 328 0 263 55 278 69 111 118 240 88 88 86 102 48 26 66 287 0 1 0 0 0 0 0 0 0 0 8 0 1 0 49 0 0 4 58 0 0 0 4 0 0 0 0 0 0 0 0 0 0 0 0 0 8 0 0 7 0 0 0 0 0 5 0 0 0 0 0 14 0 0 0 0 0 1 0 0 3 7 0 0 11 64 0 0 0 0 0 0 1 0 0 33 0 4 1 0 0 0 0 0 0 0 18 9 0 0 12 0 3 0 21 0 0 6 14 1 0 0 0 0 0 0 5 0 8 0 31 0 0 0 0 0 0 0 0 0 0 0 0 0 0 0 0 0 0 0 0 0 0 0 0 0 0 0 0 0 0 7 3 0 37 50 20 2 0 0 0 0 0 0 0 4 0 8 0 2 1 0 0 0 0 0 80 0 0 0 0 0 0 0 0 0 0 0 38 24 0 0 0 7 0 0 0 0 0 0 0 10 0 0 0 0 0 0 0 1 1 0 1 1 4 2 0 1 0 0 0 0 0 0 0 0 0 0 0 0 0 0 0 0 0 0 0 0 0 0 
 0 0 6 0 0 0 3 0 0 0 0 0 0 0 0 0 0 3 0 0 0 2 3 0 0 0 0 0 0 0 0 0 0 0 0 0 0 0 0 1 52 451 44 48 263 0 41 230 248 58 91 34 254 235 468 543 47 271 249 75 0 50 0 0 0 0 0 0 0 0 0 0 8 0 2 0 0 7 168 51 0 0 0 0 0 0 0 0 0 0 0 0 0 0 0 0 0 0 0 0 0 0 0 0 0 0 0 0 0 0 0 0 0 0 0 0 0 0 0 0 2 5 0 0 0 45 0 4 0 0 1 0 0 0 0 4 1 10 0 0 9 0 0 0 0 0 25 47 0 0 0 0 23 14 20 10 1 0 0 9 0 0 0 0 0 0 4 0 2 0 0 0 0 0 0 0 0 0 0 0 0 0 0 0 0 0 0 0 0 0 0 0 0 0 0 0 0 0 0 0 0 2 4 0 20 8 5 11 0 0 0 0 0 0 0 16 0 4 0 2 9 0 0 0 0 0 62 9 0 0 0 0 6 23 0 19 0 0 28 19 0 0 0 0 0 0 0 0 0 0 0 8 0 0 0 0 0 0 0 2 0 16 0 0 0 0 1 2 5 0 0 0 0 0 0 0 0 0 0 0 0 1 0 0 0 0 0 0 2 0 
 0 0 0 0 0 0 0 0 0 0 1 0 2 0 2 0 1 0 0 0 0 1 0 0 2 0 0 0 0 0 0 0 0 0 0 0 0 0 3 0 422 73 75 73 55 41 0 71 45 64 31 243 404 263 62 272 35 22 270 399 0 0 0 0 0 0 0 0 2 0 0 0 0 5 0 0 0 0 0 0 0 0 0 0 0 0 0 0 0 0 0 0 0 0 0 0 0 0 0 0 0 8 0 0 0 0 0 0 0 0 0 0 0 0 0 0 0 0 0 0 9 36 12 3 0 0 16 30 22 9 0 0 0 15 11 7 39 21 0 9 0 0 0 0 0 0 23 5 0 0 0 0 0 0 0 0 0 0 0 0 0 0 0 0 0 0 0 0 0 0 0 0 0 0 0 0 0 0 0 0 0 0 0 0 0 0 0 9 0 0 0 0 0 0 0 0 0 0 0 0 18 26 7 0 0 0 1 20 34 0 0 0 0 27 5 22 12 0 0 0 0 0 0 0 0 0 0 0 0 0 10 0 0 0 0 0 0 0 0 0 0 0 0 0 0 0 0 0 0 0 0 15 0 0 0 0 0 0 0 0 0 0 0 0 0 2 1 0 0 0 0 0 0 0 0 0 0 0 0 0 0 0 0 0 0 0 0 0 0 0 
 62 36 0 0 0 0 5 2 0 0 0 0 0 24 0 0 0 0 0 0 2 4 2 2 2 2 2 3 5 2 3 2 3 2 2 2 3 2 31 3 176 300 132 86 278 230 71 0 111 64 41 35 123 667 140 180 68 41 50 62 0 5 2 0 0 2 0 36 4 1 0 0 0 0 2 2 2 1 0 0 0 0 0 0 0 0 0 0 0 0 0 0 0 0 0 0 0 0 0 0 0 0 0 0 0 0 0 0 0 0 0 0 0 0 0 0 0 0 0 0 0 50 6 13 0 0 0 13 18 40 15 0 0 13 0 20 9 32 19 0 0 0 4 19 8 0 0 2 0 9 3 6 0 0 0 5 5 7 0 0 0 0 0 2 17 0 0 0 0 0 0 0 0 0 2 0 0 0 0 0 0 0 0 0 18 0 0 0 0 0 0 0 0 0 0 7 0 0 0 0 0 0 17 48 1 0 0 9 11 19 0 0 0 18 14 27 24 28 0 0 0 0 0 5 0 20 0 0 0 4 3 15 0 0 0 3 4 7 0 0 0 0 10 0 0 0 0 0 0 0 0 10 0 0 0 0 0 0 0 7 0 0 2 0 2 4 37 0 0 0 30 0 0 0 0 0 0 0 0 0 0 0 0 0 1 10 0 0 0 0 
 0 0 0 0 0 0 3 3 0 0 0 2 0 0 0 0 0 0 0 21 0 8 5 0 0 0 0 0 3 0 0 0 0 0 0 3 0 0 0 0 45 261 167 102 69 248 45 111 0 380 488 95 144 97 101 230 105 285 89 81 0 5 3 0 0 212 0 2 3 1 0 0 0 0 1 3 2 3 0 0 0 0 0 0 0 0 0 0 0 0 0 0 0 0 0 0 0 0 0 0 0 0 0 0 0 0 0 0 0 0 0 0 0 0 0 0 0 0 0 0 0 10 12 29 1 0 0 0 8 27 21 16 0 0 0 6 0 23 0 0 0 1 30 6 6 7 0 0 0 1 2 6 0 0 0 3 6 22 0 0 0 0 0 3 0 0 0 0 0 0 0 0 0 0 0 0 0 0 0 0 0 0 0 0 0 0 0 0 0 0 0 0 0 0 0 0 0 0 0 0 0 0 12 42 9 0 0 0 0 15 20 1 0 0 0 9 12 28 0 0 0 12 0 5 0 0 0 0 0 4 3 7 0 0 0 20 3 6 0 0 0 19 21 0 0 0 0 0 34 0 0 6 0 0 0 0 0 0 0 10 0 0 2 1 2 3 9 2 2 0 8 0 0 0 0 0 0 0 0 0 0 0 0 0 7 28 0 0 0 0 
 4 0 0 0 0 0 2 0 0 0 0 0 0 0 0 0 0 0 0 14 0 2 2 0 0 0 2 0 0 0 4 0 0 0 2 0 0 0 2 0 29 123 352 333 111 58 64 64 380 0 442 51 52 311 119 198 317 164 58 91 0 6 35 4 0 17 0 0 2 31 3 0 0 0 0 5 4 6 0 0 0 0 0 0 0 0 0 0 0 0 0 0 0 0 0 0 0 0 0 0 0 0 0 0 0 0 0 0 0 0 0 0 0 0 0 0 0 0 0 0 0 0 44 24 31 0 0 0 16 3 19 13 0 0 0 0 0 0 0 0 12 0 3 10 17 0 0 0 0 0 0 3 0 0 0 2 3 14 0 0 0 0 0 0 0 0 0 0 1 0 0 0 0 0 0 0 0 0 0 0 0 0 0 0 0 0 0 0 0 19 0 0 0 0 0 0 0 0 0 0 0 0 0 31 8 2 0 0 0 10 27 20 0 0 0 1 2 20 0 0 0 0 0 9 2 0 1 0 0 3 7 12 11 0 21 0 8 6 0 4 0 0 4 0 0 1 0 0 0 0 0 10 0 0 0 0 0 0 0 10 0 0 66 76 0 27 9 66 1 0 1 0 0 0 0 4 0 0 0 0 0 0 0 0 13 16 0 0 0 0 
 3 3 29 3 3 3 3 27 3 3 3 9 3 3 3 3 3 3 6 24 0 0 2 0 0 0 0 0 4 0 0 0 0 0 2 7 0 0 6 8 40 64 82 129 118 91 31 41 488 442 0 303 39 256 76 99 84 318 216 272 1 0 0 3 5 67 2 0 0 0 4 7 1 0 2 1 0 2 0 1 0 0 0 0 0 0 0 0 0 0 0 0 0 0 14 0 0 0 0 0 0 0 0 0 0 0 0 0 0 0 0 0 0 0 0 0 0 0 0 0 0 0 0 0 24 1 0 0 0 0 6 7 0 0 0 0 0 2 0 0 16 0 2 0 0 7 0 1 0 8 0 0 0 0 0 0 0 0 9 0 0 0 10 0 0 0 3 0 8 0 0 0 0 0 0 0 10 0 0 0 0 0 1 5 0 0 0 0 0 0 0 0 0 0 0 0 0 0 0 0 0 0 0 25 20 22 0 0 0 6 8 41 1 0 0 17 0 12 0 0 0 0 0 0 8 13 0 0 0 0 0 0 9 0 0 0 0 0 14 22 0 0 0 0 0 0 0 0 0 0 0 9 0 0 0 0 1 0 0 8 0 0 2 38 2 28 0 45 0 0 0 0 0 0 0 8 0 0 0 0 0 0 0 0 0 0 0 0 0 0 
 0 0 0 0 0 0 2 8 0 0 0 3 0 0 0 0 0 0 2 3 4 7 3 3 3 3 3 3 3 3 3 3 3 3 3 3 3 3 5 3 21 52 94 286 240 34 243 35 95 51 303 0 19 263 35 96 159 70 249 37 0 0 0 0 0 0 4 2 0 0 10 0 1 0 0 0 0 3 2 0 0 0 15 0 0 0 0 0 0 0 0 0 0 0 0 0 0 0 0 0 0 0 0 0 0 0 0 0 0 0 0 0 0 0 0 0 0 0 0 0 0 0 0 0 36 69 0 0 0 0 35 0 0 0 0 0 0 0 0 0 10 0 0 0 0 0 2 0 0 0 0 0 11 0 0 0 0 0 6 0 0 0 0 0 0 0 5 0 12 14 0 0 0 0 0 0 0 0 0 0 0 0 0 0 0 0 0 0 0 0 0 0 0 0 0 0 0 0 0 0 0 0 0 18 34 45 0 0 0 0 0 20 0 0 0 0 0 0 0 0 0 0 0 0 0 0 28 0 0 0 0 0 12 0 0 0 0 1 40 22 0 0 0 0 0 0 0 0 0 0 0 6 0 0 0 0 0 0 0 8 0 0 65 63 0 21 2 67 0 0 0 0 0 0 0 0 0 0 0 0 0 0 0 0 0 15 0 0 0 0 
 0 0 4 0 0 0 2 0 0 0 3 69 6 0 0 0 3 0 64 0 3 2 3 5 14 2 0 0 3 0 2 0 0 0 2 0 0 0 3 0 275 281 281 77 88 254 404 123 144 52 39 19 0 84 49 60 309 32 524 160 0 1 0 0 0 3 0 0 4 2 0 0 50 9 0 1 2 0 3 0 0 0 0 0 0 0 0 0 0 0 0 0 0 0 0 0 0 0 0 0 0 0 0 0 0 0 0 0 0 10 0 0 0 0 0 13 0 0 0 0 19 0 19 0 0 3 29 25 2 0 0 0 34 31 40 0 27 5 0 44 0 0 10 0 0 0 3 2 0 12 0 0 3 11 0 0 0 0 0 0 0 0 0 0 0 0 0 0 0 0 0 0 0 0 0 0 0 0 0 0 0 0 0 0 0 0 0 0 0 0 0 0 0 0 0 0 0 0 0 0 38 35 13 0 0 0 61 20 20 0 0 0 9 26 31 10 1 10 0 7 6 0 0 0 0 0 4 0 14 0 0 0 0 4 0 0 0 0 0 4 0 0 0 0 0 0 2 0 0 0 0 10 0 0 0 0 1 0 0 0 0 0 0 0 0 2 3 0 0 0 0 0 0 0 0 0 0 0 0 0 0 0 0 0 0 0 0 0 0 0 
 4 1 0 0 0 0 8 3 0 0 0 1 0 5 5 0 0 0 0 52 0 3 0 0 0 0 0 0 0 60 4 0 0 62 2 0 0 0 0 0 126 45 68 59 88 235 263 667 97 311 256 263 84 0 225 69 15 31 137 203 3 0 0 0 49 3 0 0 1 4 0 0 0 6 0 0 0 2 0 0 6 0 0 1 0 0 7 8 5 0 0 0 0 0 3 3 22 0 0 0 0 0 0 0 0 0 0 0 0 0 0 19 0 16 0 0 0 0 0 0 13 17 32 19 0 0 18 14 14 24 10 0 1 29 10 62 42 19 0 1 0 0 0 0 0 0 0 7 0 0 0 0 0 0 0 0 0 0 0 0 0 0 0 0 0 0 0 7 7 0 0 0 13 5 5 0 7 10 0 5 0 0 0 0 0 0 0 0 0 0 0 0 0 0 0 0 0 0 0 0 27 27 41 18 0 0 7 7 33 15 0 0 0 20 6 20 29 0 0 0 0 14 0 0 0 0 0 0 0 0 0 0 0 0 0 0 0 0 0 0 0 0 0 0 0 0 0 0 0 0 0 9 0 1 0 0 0 0 0 1 0 0 0 20 2 2 0 0 0 0 2 0 0 0 0 0 0 0 0 0 0 0 0 0 0 0 0 0 0 0 
 3 2 3 3 3 6 3 3 3 3 3 1 2 3 6 2 2 4 3 3 1 0 0 0 0 0 66 0 3 0 0 0 15 0 0 65 0 0 64 26 132 243 92 94 86 468 62 140 101 119 76 35 49 225 0 214 71 271 288 334 0 19 4 12 0 0 1 7 5 0 0 0 0 0 3 4 0 0 51 0 0 0 0 0 0 0 0 0 0 0 0 23 0 0 0 0 0 0 0 0 0 0 0 0 0 0 1 0 0 12 0 0 0 6 21 0 0 0 11 10 0 18 0 0 0 0 0 14 7 20 6 0 0 20 0 10 1 24 0 0 0 0 5 4 3 0 0 7 0 12 62 21 0 0 0 5 9 8 0 0 0 0 0 2 0 0 0 0 0 0 0 0 0 0 0 0 0 0 0 0 7 0 0 0 0 1 12 12 0 0 0 0 0 6 0 0 0 0 0 11 1 3 10 0 0 0 1 43 7 8 0 0 1 11 0 17 32 10 0 1 0 1 0 14 9 1 0 0 0 7 6 8 0 0 3 5 7 12 0 0 0 0 0 0 0 0 0 0 0 0 0 13 0 0 0 0 0 0 0 7 0 0 0 0 0 0 10 2 2 0 15 0 0 0 0 0 0 0 0 0 0 0 0 0 1 0 0 0 0 11 
 0 0 0 0 0 0 3 0 0 6 0 1 0 0 0 0 0 6 0 21 0 0 0 0 0 0 0 0 2 0 7 2 99 24 3 2 4 0 0 1 42 127 226 47 102 543 272 180 230 198 99 96 60 69 214 0 424 116 44 305 0 5 3 14 0 4 0 0 0 59 6 2 0 0 0 6 5 14 64 0 0 0 0 0 0 0 0 0 0 8 0 0 0 0 0 0 0 0 0 0 0 0 0 0 0 0 0 0 0 0 0 0 0 0 0 0 0 0 0 0 0 16 43 38 1 0 0 0 7 32 22 17 0 0 0 20 0 23 0 0 0 0 0 5 5 0 0 19 0 0 0 1 0 0 0 0 0 6 0 0 0 0 0 3 0 0 0 0 0 19 0 0 0 0 0 0 0 0 0 0 0 0 0 0 0 0 0 0 0 0 0 0 0 0 0 0 0 0 0 0 0 0 19 8 0 0 0 0 9 46 25 0 0 0 6 11 20 9 0 0 0 0 0 5 2 0 0 0 0 0 7 1 0 0 0 0 16 15 0 0 0 0 4 0 0 0 0 0 0 0 0 8 0 2 0 0 0 0 0 7 0 0 2 1 0 3 3 1 0 0 11 0 0 0 0 8 0 0 0 0 0 0 0 0 13 4 0 0 2 0 
 0 0 0 0 1 0 4 0 0 0 0 2 0 0 0 0 2 0 0 21 1 3 3 0 0 2 0 0 0 0 7 1 0 0 2 1 0 0 3 2 30 272 169 52 48 47 35 68 105 317 84 159 309 15 71 424 0 514 35 25 0 0 0 52 54 7 52 3 209 3 50 0 0 0 0 0 1 0 0 0 0 0 0 0 0 0 0 0 0 0 0 0 0 0 0 0 0 0 0 0 42 0 0 0 0 0 0 0 0 0 0 0 0 0 0 13 0 0 0 0 0 12 12 31 1 0 0 0 9 41 25 16 0 0 0 7 1 20 0 0 0 0 0 0 0 0 0 0 0 0 0 0 0 0 0 0 0 0 0 0 0 0 0 15 0 0 0 0 0 0 0 0 0 0 0 0 0 0 0 0 0 0 0 0 0 0 0 0 0 0 0 2 0 0 0 0 0 0 0 0 0 0 42 22 9 0 0 1 0 14 25 2 0 0 0 23 7 49 0 0 0 0 0 0 0 0 0 0 14 0 1 0 0 0 0 0 0 0 0 0 0 0 19 0 0 0 0 0 0 0 0 25 0 0 0 0 0 0 0 14 0 0 1 0 4 2 2 0 0 0 6 0 0 0 0 0 0 0 0 0 0 0 0 0 7 34 0 0 0 0 
 0 0 0 0 0 0 3 3 0 0 0 0 0 0 0 0 0 2 2 15 0 0 0 0 0 0 0 0 0 0 8 0 0 3 3 2 0 0 3 0 64 498 294 289 26 271 22 41 285 164 318 70 32 31 271 116 514 0 42 50 0 0 10 6 1 6 2 0 0 5 39 5 0 0 0 8 7 11 0 0 0 0 0 0 0 0 0 0 0 0 0 0 0 0 0 0 0 0 0 0 0 0 0 0 0 0 0 0 0 0 0 0 0 0 15 0 0 0 0 11 0 0 21 22 34 0 0 0 7 1 24 16 0 0 0 0 0 0 0 0 25 0 0 1 1 0 0 0 0 20 0 0 0 0 0 0 5 3 0 0 0 0 0 0 0 0 0 0 0 0 0 0 0 0 0 0 0 0 0 0 0 1 0 0 0 0 0 0 0 0 0 0 0 0 0 0 0 0 0 0 0 0 0 24 22 2 0 0 0 4 25 20 0 0 0 0 0 6 0 0 0 0 0 0 3 0 2 0 0 25 8 0 19 0 0 0 6 0 1 6 0 0 0 0 0 0 0 0 0 0 0 7 0 0 0 0 0 0 0 8 0 0 66 62 0 20 0 88 3 0 0 0 0 0 0 4 0 0 0 0 17 0 0 0 15 15 0 0 0 0 
 0 0 0 0 6 5 0 0 0 0 0 6 0 0 0 0 0 0 0 0 0 0 0 0 1 218 0 0 6 0 3 2 3 0 0 61 4 0 7 5 37 248 42 98 66 249 270 50 89 58 216 249 524 137 288 44 35 42 0 262 0 0 0 0 0 0 0 0 2 8 0 0 0 2 0 0 3 0 0 0 0 0 0 0 0 0 0 0 0 0 2 0 0 0 0 0 0 0 0 0 0 0 0 0 0 0 0 2 0 0 0 0 5 0 0 0 0 0 5 9 25 0 0 3 0 0 30 18 0 0 0 0 20 7 36 4 6 0 0 37 0 0 0 0 0 0 0 0 0 0 0 0 0 0 0 0 0 0 0 0 0 0 0 0 1 0 0 0 0 0 0 4 0 0 0 0 0 0 2 0 5 0 0 0 0 0 6 1 0 0 0 0 8 7 0 0 0 0 1 1 33 11 2 0 15 0 15 20 0 0 0 0 42 10 59 0 9 0 20 8 0 0 0 0 0 0 9 0 0 0 0 0 0 0 0 0 0 0 0 0 0 0 0 0 0 0 0 0 0 0 0 8 0 2 0 1 0 0 0 2 0 0 3 0 0 0 4 0 0 0 0 0 0 0 0 0 0 0 0 0 0 0 0 0 0 0 0 0 2 0 
 2 3 4 7 2 2 8 2 6 5 9 2 2 2 4 4 29 8 2 2 0 0 1 0 0 1 0 0 0 0 0 0 0 0 0 2 0 0 0 2 265 64 38 70 287 75 399 62 81 91 272 37 160 203 334 305 25 50 262 0 0 2 0 0 0 0 0 0 51 5 0 0 1 9 2 51 3 0 0 0 0 0 0 4 0 0 0 1 1 3 0 3 0 0 0 0 0 6 0 0 0 0 0 0 0 1 0 0 0 0 0 0 0 0 0 0 0 0 0 0 27 7 9 0 0 0 51 27 0 30 0 0 7 42 32 0 28 10 1 21 0 0 0 0 0 32 0 6 0 0 0 0 0 0 0 0 0 0 0 0 0 0 12 4 0 0 0 0 0 0 3 3 1 26 1 6 0 0 0 0 0 0 0 0 0 0 0 0 21 0 0 0 12 0 0 0 0 0 0 0 47 36 8 0 0 12 7 18 37 0 0 0 11 30 19 6 2 0 0 21 0 8 0 0 0 0 0 0 0 0 0 0 0 0 0 0 0 0 0 0 0 4 0 0 0 0 5 0 4 0 0 14 0 2 0 0 0 0 0 0 0 0 3 0 0 0 0 0 0 0 0 0 0 0 0 0 0 0 0 0 0 0 0 0 0 0 0 0 2 0 
 0 0 0 0 0 0 23 0 0 0 0 0 51 1 2 0 0 0 31 42 0 0 5 1 0 0 0 0 0 0 0 2 0 0 0 0 1 0 0 0 10 0 0 0 0 0 0 0 0 0 1 0 0 3 0 0 0 0 0 0 0 109 312 66 38 47 415 178 45 39 44 40 250 121 227 252 32 235 47 45 1 0 20 0 0 0 1 0 0 0 0 0 6 14 0 0 0 0 18 0 0 0 0 0 0 0 0 0 0 0 0 0 0 0 0 0 0 0 0 0 0 0 0 0 0 0 0 0 0 0 0 0 0 0 0 0 0 0 0 0 0 18 6 0 0 0 0 0 8 15 51 0 0 21 0 39 1 0 0 0 9 0 0 13 0 0 30 0 1 0 0 0 0 3 0 0 0 0 0 1 0 0 0 0 0 0 0 0 0 0 0 0 0 0 0 0 0 0 0 0 0 0 0 0 0 0 0 0 0 0 0 0 0 0 0 0 0 0 0 0 10 8 6 0 3 0 0 19 16 15 3 0 2 28 0 37 24 17 0 3 0 0 0 0 0 0 0 0 0 0 0 0 0 0 0 0 0 0 0 0 0 0 0 0 0 55 0 0 0 0 33 2 0 1 0 0 0 0 0 0 0 0 0 0 0 0 0 0 0 7 
 0 0 0 0 0 0 0 0 0 0 0 0 0 0 0 0 0 0 0 0 6 1 3 2 3 2 8 3 1 4 3 2 8 2 2 6 3 1 10 8 1 0 0 0 1 50 0 5 5 6 0 0 1 0 19 5 0 0 0 2 109 0 191 280 50 42 69 213 117 36 43 34 98 49 137 166 85 19 106 90 0 0 0 0 0 0 0 0 0 0 0 0 0 0 0 0 0 0 0 0 0 0 0 0 0 0 6 0 0 19 0 0 0 7 3 0 0 0 3 8 0 0 0 0 0 0 0 0 0 0 0 0 0 0 0 0 0 0 0 0 0 0 23 16 20 0 0 0 0 30 32 47 0 0 0 31 21 17 2 0 0 0 0 12 5 0 0 0 19 0 0 0 0 0 0 0 0 0 0 0 17 0 0 0 0 0 5 6 0 0 0 0 0 5 0 0 0 0 1 5 0 0 0 0 0 0 0 0 0 0 0 0 0 0 9 0 0 0 0 0 0 0 9 24 0 0 0 12 9 13 9 17 0 1 20 28 43 36 0 0 0 0 0 0 0 0 0 0 0 0 0 0 0 0 4 0 17 0 0 0 0 0 0 0 0 0 3 0 0 9 20 0 0 11 0 0 0 0 0 0 0 0 0 0 0 2 0 0 0 0 
