 0 103 293 33 252 236 324 309 53 38 116 39 46 150 306 30 40 33 48 122 1 0 4 2 2 0 5 4 2 1 4 6 0 0 2 74 2 0 2 204 0 0 1 6 0 0 3 0 3 4 2 2 3 2 0 0 6 5 3 2 0 31 0 0 0 38 0 8 3 0 0 0 0 0 0 2 0 3 0 0 25 22 44 0 0 0 1 46 19 0 10 0 14 28 18 18 0 9 0 1 1 0 0 0 0 0 0 0 0 0 0 0 0 0 0 0 0 0 0 1 0 0 0 0 0 0 0 0 0 2 1 0 0 0 0 0 0 0 0 0 0 0 0 0 0 0 0 0 0 0 0 14 0 1 0 0 2 0 0 0 7 33 18 0 0 0 14 12 23 0 1 0 0 10 34 11 11 0 0 0 0 27 0 0 0 0 0 0 0 0 0 0 0 0 0 0 0 0 0 0 0 0 0 0 0 1 0 0 0 0 0 0 0 0 0 0 0 0 0 0 0 0 0 0 0 0 0 21 0 0 0 0 0 0 0 0 0 0 1 0 0 0 0 0 0 1 0 0 4 0 0 14 0 0 0 0 0 3 0 0 0 0 0 0 0 0 0 0 0 0 0 0 0 0 0 0 0 0 0 0 0 0 0 0 0 0 0 0 0 0 
 103 0 501 309 32 14 106 539 351 51 120 128 109 48 399 399 397 53 63 302 0 0 5 0 2 2 2 2 0 0 2 2 0 0 43 1 0 0 0 2 0 0 0 40 2 0 3 0 9 3 2 1 2 0 0 0 5 1 0 67 0 2 1 2 0 0 0 6 3 0 2 0 0 0 0 2 0 0 0 36 0 39 44 10 0 0 0 20 27 26 10 0 0 13 25 69 31 67 22 0 0 0 0 0 0 0 0 0 0 0 0 0 0 0 0 0 0 0 0 0 0 0 0 0 1 0 0 0 0 11 0 0 0 0 0 0 0 0 0 0 0 0 0 0 0 5 0 0 0 0 0 0 0 21 0 0 0 0 1 2 0 23 49 15 0 0 0 3 31 22 7 0 0 1 13 41 43 26 0 1 0 2 0 0 0 0 0 0 0 0 0 0 0 0 0 0 0 0 0 0 0 0 0 0 0 0 0 0 0 0 0 0 0 0 0 0 0 0 0 0 0 0 0 0 1 0 0 0 0 0 0 0 2 0 0 0 0 0 33 0 0 7 0 0 0 1 0 0 1 0 1 6 20 0 0 0 0 0 0 0 0 0 0 0 0 0 0 0 0 0 0 0 0 0 0 10 0 0 0 0 0 0 0 0 0 0 0 0 0 0 
 293 501 0 108 235 29 282 105 455 398 45 89 371 144 269 237 104 646 45 415 4 3 3 2 0 0 75 5 2 0 0 3 0 2 0 0 0 0 0 0 0 0 3 3 3 2 5 0 3 3 2 0 1 0 2 3 7 3 0 2 3 3 2 0 3 3 0 2 1 1 0 0 0 1 0 3 1 0 1 0 0 32 30 12 0 0 0 10 19 32 36 2 0 0 22 20 45 32 0 0 0 0 9 13 0 0 0 0 0 0 0 0 0 0 0 0 0 0 0 0 0 0 0 0 0 0 0 0 0 0 0 0 0 0 0 0 0 0 0 0 0 16 0 0 0 3 0 0 0 0 0 0 1 0 0 0 0 0 0 0 1 8 16 33 0 0 0 54 25 33 24 10 0 0 1 21 6 17 0 0 0 0 0 1 0 0 15 0 0 0 0 0 0 0 0 1 0 0 0 0 2 0 0 0 0 0 0 0 0 0 0 0 0 0 0 0 0 0 0 0 0 0 0 0 13 0 0 0 0 0 0 0 0 0 0 12 0 0 0 2 0 8 0 0 0 2 8 0 5 10 0 9 18 0 0 0 0 0 0 0 0 0 2 0 0 0 0 0 0 0 0 0 0 17 0 7 0 2 0 0 0 0 0 0 0 0 0 0 0 1 
 33 309 108 0 78 46 119 87 61 686 167 339 49 298 73 62 44 410 81 152 1 0 2 0 0 0 3 2 0 0 0 4 0 2 0 0 0 0 0 0 0 0 0 3 1 0 3 0 5 3 2 0 3 0 0 0 68 0 0 0 0 1 0 0 0 0 0 1 3 0 0 0 0 0 0 2 0 0 0 0 0 0 0 52 58 20 0 0 0 13 31 21 0 20 0 14 22 0 0 0 0 0 0 0 0 0 0 0 0 0 0 0 0 0 0 0 0 0 33 2 0 0 0 0 0 0 0 0 0 1 0 0 0 0 8 0 12 0 0 0 0 0 0 5 0 0 4 0 0 0 7 0 0 2 0 0 0 0 0 0 0 0 0 37 2 16 0 0 3 10 23 49 0 0 0 1 1 0 0 0 0 0 0 0 8 0 0 1 0 0 0 0 10 0 0 0 0 0 24 0 0 0 0 0 0 0 0 0 0 0 0 0 0 0 0 0 0 0 0 0 0 0 0 0 0 0 0 0 0 0 16 0 0 0 0 0 0 0 2 0 0 1 0 0 2 0 95 0 7 52 2 2 0 0 0 0 0 0 0 0 0 0 11 0 0 0 0 0 0 0 0 0 0 0 0 10 11 3 0 0 0 0 0 0 0 0 0 0 0 14 
 252 32 235 78 0 388 51 256 71 80 87 572 62 77 99 68 56 21 54 80 0 0 1 0 0 0 4 2 0 3 3 5 0 1 3 2 6 0 3 3 5 0 0 3 6 3 3 0 3 9 2 1 6 3 0 3 10 0 0 0 0 3 0 0 2 0 2 6 3 0 0 0 1 0 0 2 0 0 1 1 0 0 0 1 45 25 0 0 0 1 1 10 0 0 0 0 1 0 0 0 1 0 0 0 0 0 30 0 0 0 0 0 11 0 1 0 0 0 50 2 0 0 0 0 0 0 0 0 0 0 0 0 0 0 0 0 0 0 0 0 0 0 0 0 0 0 0 0 0 0 0 0 0 0 0 0 0 0 0 0 0 0 0 0 22 31 0 0 0 1 9 9 0 0 0 0 18 0 0 0 15 0 0 0 0 0 0 0 0 42 0 0 12 19 0 0 0 0 44 50 0 0 0 0 0 0 0 0 0 0 0 0 0 0 0 0 0 0 0 0 0 0 0 0 0 0 0 0 0 0 0 0 0 0 0 0 0 0 0 0 0 0 0 0 0 2 6 0 4 7 0 8 0 0 0 0 0 0 0 0 0 0 0 0 0 0 0 0 0 0 0 0 0 0 10 0 0 0 0 0 0 0 0 0 0 0 0 0 0 0 
 236 14 29 46 388 0 20 23 33 42 61 81 30 53 77 84 78 69 52 110 0 0 2 0 1 0 3 2 0 0 3 3 0 0 0 0 2 0 224 2 0 0 0 3 0 0 3 0 3 3 87 64 6 0 0 0 3 0 0 0 1 0 0 0 0 0 0 2 3 0 0 2 4 0 0 2 0 1 3 0 0 0 0 1 1 42 0 0 0 1 1 0 0 0 0 0 1 0 0 0 9 0 1 0 0 0 11 0 0 0 0 0 77 1 0 0 0 0 26 11 0 0 0 0 0 0 0 0 0 0 0 0 0 0 0 0 0 0 15 0 0 0 0 0 0 0 0 0 0 0 0 0 0 0 0 0 0 0 0 0 0 0 0 0 37 21 0 0 0 1 0 0 2 0 0 0 0 0 0 0 0 0 0 0 9 0 14 9 0 0 0 0 40 25 18 0 1 0 22 28 0 0 0 0 2 0 0 0 0 0 0 0 0 0 0 0 18 0 0 0 0 0 0 0 1 0 0 0 0 0 0 0 0 0 0 0 0 0 0 0 0 0 0 0 0 0 4 0 2 0 0 15 0 0 0 0 0 0 0 0 0 0 0 0 0 2 0 0 0 0 0 0 0 2 0 0 0 0 0 0 0 0 0 0 0 0 0 0 0 2 
 324 106 282 119 51 20 0 114 64 61 20 21 423 417 54 43 52 39 54 499 4 0 3 0 0 1 2 3 0 0 3 2 0 2 0 0 2 0 0 2 0 0 0 3 2 0 3 0 6 3 2 0 2 0 3 0 40 0 0 0 0 3 2 0 0 0 0 0 2 0 0 3 0 0 0 2 0 0 3 0 85 10 8 0 0 0 34 35 24 0 1 0 31 11 23 15 0 0 17 45 0 0 0 0 0 0 0 0 0 0 0 0 0 0 0 0 0 0 0 0 0 0 0 0 1 2 0 0 0 0 0 0 0 0 1 0 12 0 2 0 0 0 0 0 1 0 0 0 0 0 2 18 4 8 0 0 0 0 0 0 15 23 0 0 0 0 16 30 1 0 0 0 19 23 27 1 2 0 16 15 0 0 0 0 0 0 0 0 0 0 0 1 1 0 0 0 0 0 0 0 0 0 0 7 2 0 0 0 0 0 1 0 0 0 0 15 0 0 0 0 0 0 13 0 0 0 0 0 0 0 0 0 0 0 0 0 0 0 0 0 0 0 0 0 0 0 1 0 0 0 1 5 0 0 0 0 0 0 0 0 22 0 0 0 0 0 0 0 0 0 0 0 0 15 0 0 0 0 0 0 0 0 0 0 0 0 0 0 0 0 
 309 539 105 87 256 23 114 0 212 54 77 24 163 452 168 138 53 33 69 371 4 0 3 0 0 0 3 3 0 3 0 3 0 0 0 0 0 0 1 0 0 0 0 3 2 0 3 0 3 3 2 0 4 53 0 0 7 0 0 0 0 3 2 0 0 0 0 2 2 0 0 0 0 0 0 2 0 0 0 0 14 64 59 1 0 0 0 27 43 14 11 0 0 9 46 40 0 26 0 19 0 0 0 0 0 0 1 0 0 0 0 0 27 0 0 0 0 0 10 0 0 0 0 0 0 0 0 0 0 0 0 0 0 0 0 0 0 0 0 0 0 0 0 0 0 2 0 0 0 0 0 0 5 0 0 0 0 0 0 0 11 35 20 10 0 0 2 27 28 0 24 0 1 1 32 29 15 35 0 21 1 0 0 0 0 0 0 0 0 0 0 0 24 0 0 0 2 0 0 0 0 0 0 0 0 0 0 0 0 0 0 0 11 0 0 0 0 0 0 2 0 0 0 0 0 1 0 0 0 1 0 0 0 0 0 0 0 0 0 0 0 1 0 0 0 0 0 0 2 0 1 5 0 0 0 0 0 0 0 0 0 0 0 0 0 0 1 0 0 0 0 0 0 0 0 0 0 0 0 0 0 0 0 0 0 0 0 0 0 0 
 53 351 455 61 71 33 64 212 0 464 157 96 288 137 200 310 401 298 70 509 2 0 2 0 0 0 3 2 0 1 0 3 0 0 0 0 0 0 2 0 0 0 0 3 3 0 3 0 3 3 2 0 1 0 0 0 8 0 0 0 0 3 0 0 0 0 0 6 2 0 0 0 0 0 0 2 0 0 0 0 0 29 58 28 19 2 0 11 16 24 42 1 0 13 13 9 60 35 2 0 0 0 0 0 0 7 0 0 0 0 0 0 0 0 0 0 0 0 0 0 0 0 0 0 0 0 0 2 0 0 0 0 2 0 0 0 0 0 0 0 0 0 0 0 0 38 0 0 0 0 0 0 0 0 0 0 0 0 0 0 0 24 21 53 0 1 0 34 19 37 29 15 0 0 0 18 10 11 0 0 16 0 0 0 0 2 0 18 0 0 0 0 0 1 0 0 0 0 0 0 0 0 0 0 0 0 1 0 0 0 0 0 0 0 2 0 0 0 0 0 0 0 0 0 10 0 0 0 0 0 0 0 0 0 0 0 0 0 0 0 0 8 0 0 14 0 5 0 2 2 0 1 21 0 0 0 0 0 0 0 0 0 0 0 0 0 0 0 0 13 0 0 0 0 0 9 0 0 0 0 0 0 0 0 0 0 0 0 0 0 
 38 51 398 686 80 42 61 54 464 0 462 142 78 80 97 348 410 157 83 148 3 72 1 0 0 1 3 2 0 0 0 3 0 0 0 0 1 0 6 1 0 0 0 3 0 0 3 0 3 3 2 0 3 3 0 0 4 1 0 0 0 0 1 0 0 0 0 3 3 0 0 2 0 0 0 2 0 0 0 0 0 1 18 74 46 28 0 1 0 15 43 58 1 0 0 11 49 13 2 0 0 0 0 1 0 2 0 2 0 0 10 0 0 1 0 0 2 0 10 0 0 0 0 1 0 0 0 0 0 0 0 0 0 0 12 0 0 0 0 0 0 0 0 5 0 31 0 0 2 0 2 0 0 0 0 0 0 0 0 0 0 0 18 48 0 2 0 2 11 23 24 26 0 0 0 37 7 2 1 0 0 0 0 0 0 2 0 0 0 0 0 0 0 1 0 0 0 0 0 0 0 0 0 0 0 0 0 0 0 0 0 9 0 0 26 0 2 23 0 0 0 0 0 0 0 0 0 0 0 0 0 0 0 0 0 0 0 0 0 0 0 68 0 0 0 0 173 0 4 189 2 9 18 0 0 0 0 0 0 0 0 0 10 0 0 25 0 0 0 0 0 0 0 0 0 32 19 10 0 0 0 0 0 0 0 0 0 0 0 0 
 116 120 45 167 87 61 20 77 157 462 0 438 27 25 286 91 106 408 35 96 1 0 4 0 0 2 6 2 0 6 0 6 0 2 1 0 6 0 0 1 0 0 0 3 1 70 3 0 3 3 5 0 6 0 0 5 10 0 0 0 0 7 0 31 0 0 4 7 3 0 0 0 0 0 0 2 0 0 0 0 1 2 0 32 57 19 0 0 33 24 35 35 0 2 0 15 38 0 0 0 16 8 0 0 0 0 0 0 0 0 0 0 0 0 0 0 0 0 61 0 0 0 0 0 0 0 0 0 0 0 0 0 0 0 15 0 0 0 0 0 0 0 0 23 0 0 0 0 0 0 26 0 0 0 0 0 0 0 0 0 0 0 0 23 1 19 0 0 9 13 23 41 0 0 0 0 0 0 0 0 0 0 0 0 0 0 0 0 0 0 0 0 10 1 0 0 0 1 13 0 0 0 0 0 0 0 0 0 0 1 0 0 0 0 0 0 0 0 0 0 2 0 0 0 0 0 0 0 0 0 0 0 0 0 0 0 0 0 0 0 0 0 0 0 0 2 57 0 0 93 0 5 0 0 0 0 0 0 0 0 0 0 3 0 0 0 0 0 0 1 0 0 0 0 0 15 15 4 0 0 0 0 0 0 0 0 0 0 0 0 
 39 128 89 339 572 81 21 24 96 142 438 0 18 51 36 44 114 363 249 35 2 0 5 2 0 0 108 2 0 0 0 218 4 0 4 0 2 0 1 1 0 3 3 3 8 0 3 0 3 4 2 1 99 0 0 2 4 2 8 0 0 1 0 6 0 0 0 2 3 0 0 1 0 12 0 2 0 7 0 21 0 0 0 41 41 18 0 0 0 15 27 38 0 0 0 11 11 2 0 0 0 0 0 0 0 0 0 0 0 0 0 0 0 0 0 9 0 0 54 1 0 0 0 0 0 0 0 0 0 0 0 0 0 0 4 0 0 0 0 0 0 0 0 4 0 0 0 0 0 0 3 0 0 0 0 0 0 0 0 0 0 21 0 28 20 26 0 0 2 11 27 10 1 0 0 0 1 17 0 0 0 0 0 0 0 0 1 0 1 0 0 0 8 2 0 0 0 0 19 0 0 8 0 0 0 0 0 0 0 0 0 0 0 0 0 0 0 0 0 0 0 0 0 0 0 0 0 0 0 0 0 0 0 0 0 0 0 0 0 0 0 9 0 0 0 6 93 2 5 204 0 8 0 2 2 0 0 0 0 0 0 0 0 0 0 0 0 0 0 0 0 0 0 0 0 14 18 9 0 0 0 0 0 0 0 0 0 0 0 0 
 46 109 371 49 62 30 423 163 288 78 27 18 0 290 115 127 126 38 406 250 1 0 1 0 0 0 3 2 0 0 0 5 0 0 0 0 0 0 0 0 0 0 0 3 0 0 3 0 3 3 2 0 3 0 56 0 5 0 0 0 0 0 1 0 0 0 0 2 3 0 0 29 0 0 0 2 0 1 0 0 19 23 39 74 0 0 42 30 0 18 7 1 11 34 0 0 0 19 28 43 0 0 0 0 0 8 0 0 0 0 0 0 0 0 0 0 0 0 0 0 0 0 0 0 0 0 0 0 0 0 0 0 0 0 0 1 0 0 0 2 0 0 0 0 0 32 0 0 0 0 1 64 0 0 0 0 0 0 0 0 14 0 18 1 0 0 26 9 6 12 0 2 14 12 1 18 24 14 5 0 35 0 0 0 0 0 0 0 8 0 0 0 1 0 0 0 0 0 0 0 0 1 0 0 0 0 0 0 0 0 0 0 13 0 0 0 0 0 0 0 0 0 0 0 0 2 0 0 0 0 0 0 0 0 0 0 1 0 0 0 0 0 0 0 0 0 1 0 0 0 0 3 0 0 0 0 0 0 0 0 0 0 0 0 0 0 0 0 0 0 0 0 0 0 0 16 0 1 0 0 0 0 0 0 0 0 0 0 0 0 
 150 48 144 298 77 53 417 452 137 80 25 51 290 0 511 297 460 236 178 288 1 0 3 0 0 0 4 2 0 2 0 3 0 0 0 0 0 0 0 1 21 0 0 3 2 0 3 0 3 3 2 0 2 0 0 0 66 0 0 0 0 5 0 0 1 0 0 6 3 0 0 0 0 0 0 2 0 0 0 0 33 30 47 0 0 0 0 52 23 0 14 0 15 29 33 22 0 37 0 16 0 2 0 0 0 0 0 0 0 0 0 0 0 0 0 0 0 0 0 0 0 0 0 0 0 0 0 0 0 0 0 0 0 0 0 0 0 0 0 0 0 0 0 0 0 0 0 0 0 0 0 13 6 1 0 0 0 0 0 0 19 19 33 0 0 0 23 26 15 0 1 0 13 24 22 31 35 17 0 19 0 0 0 0 0 0 10 0 0 0 0 0 0 0 0 0 0 1 0 0 0 0 0 0 0 0 0 0 0 0 0 2 0 0 13 0 0 0 0 0 0 0 0 0 0 0 0 0 0 0 0 0 0 0 0 0 0 0 0 0 0 0 0 0 2 2 2 0 0 0 0 6 0 0 0 0 0 0 0 0 1 0 0 0 0 0 0 0 0 1 0 0 0 0 0 0 0 12 0 0 0 0 0 0 0 0 0 0 0 0 
 306 399 269 73 99 77 54 168 200 97 286 36 115 511 0 195 65 36 74 144 4 0 2 0 0 0 3 2 0 0 0 3 0 0 0 2 0 0 0 0 0 0 0 3 0 0 3 0 3 3 2 0 3 0 0 0 6 0 0 0 0 0 2 0 0 0 3 10 3 3 0 0 0 0 0 2 0 1 0 0 43 94 57 0 0 0 0 59 42 14 7 0 0 10 57 27 0 32 0 1 0 0 0 0 0 0 0 0 0 0 0 0 0 0 0 0 0 0 0 0 0 0 0 0 0 0 0 0 0 0 0 0 0 0 0 0 0 0 0 15 0 0 0 0 0 2 0 0 0 0 0 0 0 0 0 0 0 0 0 0 7 56 24 37 0 0 0 26 17 0 13 0 0 0 27 31 29 27 0 12 0 0 0 0 0 0 0 0 0 0 0 0 0 0 0 0 0 0 0 0 0 0 0 1 0 0 0 0 0 0 0 0 0 0 0 0 0 0 0 0 0 0 0 0 0 0 0 0 0 0 0 54 0 0 0 0 0 8 0 0 0 0 0 0 0 0 0 4 2 0 2 8 9 0 0 0 2 0 0 0 0 0 0 0 2 0 0 0 0 0 0 0 0 0 0 0 0 0 0 0 0 0 0 0 0 0 0 0 0 0 
 30 399 237 62 68 84 43 138 310 348 91 44 127 297 195 0 497 303 53 69 3 2 2 3 3 2 3 3 3 5 3 3 0 0 0 3 3 0 0 0 0 0 0 3 3 0 3 0 3 5 5 7 6 0 0 0 9 3 0 0 0 1 0 0 0 2 0 3 3 0 0 6 1 0 0 2 0 2 0 2 0 38 27 10 0 0 0 20 74 67 25 13 0 0 21 35 41 32 0 0 0 0 0 0 0 0 0 0 0 0 0 0 0 0 0 0 0 0 4 0 0 0 0 0 0 0 0 0 0 0 0 0 0 0 2 0 0 0 0 0 0 0 0 5 2 4 0 0 0 0 1 0 0 0 0 0 0 0 0 0 0 24 11 22 0 0 2 9 39 31 30 11 0 0 0 27 15 23 0 0 0 0 0 0 0 0 0 0 0 16 0 2 0 0 0 0 18 0 0 0 0 0 0 0 1 0 0 0 0 18 0 0 0 0 0 0 0 0 0 0 1 0 0 0 0 0 0 0 0 0 0 0 0 0 12 0 0 0 0 0 0 7 0 0 0 0 3 0 0 2 0 5 66 0 0 0 0 0 0 0 2 0 0 0 0 0 0 0 0 0 0 0 0 0 0 3 0 0 0 0 0 0 0 0 0 0 0 0 0 0 
 40 397 104 44 56 78 52 53 401 410 106 114 126 460 65 497 0 649 30 39 2 0 2 3 0 0 3 3 0 74 3 4 0 0 0 0 0 0 0 2 0 3 0 3 4 0 3 0 3 3 2 3 3 3 0 0 7 0 0 0 1 4 2 0 0 2 0 3 3 2 0 0 0 42 3 2 0 0 0 0 2 35 33 17 2 0 0 12 18 38 37 7 0 0 34 22 47 27 0 0 0 0 0 0 0 0 0 0 0 0 0 0 0 0 0 0 0 0 0 0 0 0 0 0 0 0 0 0 0 0 0 2 0 0 0 0 0 0 2 0 0 0 0 0 0 9 10 0 0 0 2 0 0 0 0 0 0 0 0 0 0 11 16 31 0 0 1 11 12 34 27 24 0 0 1 28 5 16 0 0 0 0 0 0 0 0 0 0 0 0 0 1 0 0 0 0 29 0 0 0 0 0 0 0 2 0 0 0 0 2 0 0 0 0 0 0 0 0 0 0 0 0 0 0 0 0 0 0 0 0 0 0 0 0 0 0 0 0 0 0 0 8 0 0 0 1 2 0 1 4 0 12 17 0 0 0 0 0 0 0 0 0 0 0 0 0 0 0 0 0 0 0 0 0 0 11 5 0 0 0 0 0 0 0 0 0 0 0 0 0 
 33 53 646 410 21 69 39 33 298 157 408 363 38 236 36 303 649 0 19 255 1 0 31 0 2 2 2 3 0 0 0 209 0 0 0 0 3 1 0 2 0 0 0 3 2 0 4 0 3 3 2 0 2 0 0 0 4 3 0 0 0 2 1 0 0 0 2 0 3 0 0 0 5 2 3 2 0 0 3 0 0 2 0 47 19 33 0 0 1 19 38 97 0 0 0 10 52 16 14 0 0 0 0 0 0 0 0 0 0 0 0 0 0 0 0 0 0 0 9 0 0 0 0 0 0 0 0 0 0 0 0 0 0 0 7 0 0 0 0 0 0 0 0 4 0 3 0 0 0 0 10 0 0 0 2 0 0 16 0 0 0 0 27 40 0 0 0 0 20 49 5 16 2 0 0 8 8 0 40 0 0 0 0 0 0 19 0 0 0 0 0 0 0 0 0 0 0 0 0 0 0 0 0 0 0 0 0 0 0 0 0 0 0 0 21 0 0 0 0 0 0 0 0 0 0 0 0 0 0 0 0 0 0 0 0 0 0 0 0 12 0 6 0 0 0 1 189 0 0 240 0 7 26 0 0 0 0 0 0 0 0 0 21 0 0 0 0 0 0 0 0 0 0 0 0 26 19 26 0 0 0 0 0 0 0 0 0 0 0 0 
 48 63 45 81 54 52 54 69 70 83 35 249 406 178 74 53 30 19 0 316 2 0 3 0 0 0 2 2 0 0 1 2 0 0 0 0 0 0 0 1 115 0 0 3 2 0 3 0 3 3 2 0 2 0 0 0 7 0 0 0 0 2 2 8 0 0 0 0 3 0 3 0 0 51 0 2 0 0 0 0 12 0 0 0 0 0 109 1 0 38 0 0 53 19 0 0 0 0 49 43 0 1 0 0 0 0 0 0 0 0 0 0 0 0 0 0 0 0 0 0 0 0 0 0 0 8 23 0 15 0 0 0 0 0 0 0 0 0 0 7 0 20 0 0 0 0 0 0 0 0 0 0 0 6 0 0 6 0 0 0 9 0 0 0 0 0 16 0 0 16 2 1 19 5 9 0 0 0 24 26 0 0 0 0 0 0 0 0 0 0 0 0 0 0 15 0 0 2 0 0 0 0 0 5 0 0 35 0 0 0 0 1 0 0 0 0 0 0 0 0 0 0 0 0 0 0 0 0 0 0 0 0 0 0 0 0 0 0 0 0 0 0 0 0 1 2 0 0 2 2 0 7 0 0 0 0 0 0 0 0 0 0 0 2 0 0 0 0 0 2 0 0 0 0 0 0 0 0 0 0 0 0 0 0 0 0 0 0 0 0 
 122 302 415 152 80 110 499 371 509 148 96 35 250 288 144 69 39 255 316 0 3 0 3 0 26 3 3 2 0 4 0 7 0 0 0 1 2 0 2 0 0 0 2 3 2 0 6 0 3 3 2 0 4 0 0 0 47 5 0 0 0 0 1 0 0 2 2 3 3 0 0 0 0 2 3 2 0 0 3 0 32 1 0 19 0 0 31 56 12 0 0 0 12 52 19 15 0 1 31 25 0 0 0 0 0 0 0 0 0 0 0 0 0 0 0 0 0 0 0 0 0 0 0 0 0 0 0 0 27 0 0 0 0 0 0 0 0 0 0 0 5 0 0 0 0 0 0 0 0 0 0 13 36 6 0 0 0 0 0 0 5 11 0 0 0 0 34 51 1 0 0 0 37 46 23 43 1 20 27 18 0 0 0 0 0 0 0 0 0 0 0 0 0 0 0 0 0 0 0 0 0 0 0 0 0 0 0 0 0 0 0 0 0 0 0 0 0 0 0 0 0 0 0 0 0 0 0 0 0 0 0 0 0 0 0 0 0 0 0 0 0 0 0 0 0 2 0 0 5 0 1 7 0 0 0 0 0 0 0 0 0 0 0 0 0 0 0 0 0 0 0 0 0 0 0 0 0 0 0 0 0 0 0 0 0 0 0 0 0 0 
 1 0 4 1 0 0 4 4 2 3 1 2 1 1 4 3 2 1 2 3 0 338 116 334 44 274 350 517 44 34 33 117 289 104 294 40 33 47 54 117 0 0 0 2 0 0 0 2 0 0 1 15 0 0 26 0 0 2 0 0 0 8 7 0 0 0 4 0 0 0 4 0 6 0 0 0 0 0 5 3 0 0 0 0 0 0 0 0 0 0 0 0 0 0 0 0 15 0 0 0 25 26 40 1 0 0 11 56 19 0 0 10 0 46 28 27 2 0 0 0 0 0 0 0 0 0 0 0 0 0 0 0 0 0 0 0 0 0 0 0 0 0 0 0 0 0 1 0 0 0 0 0 0 0 0 0 0 0 0 0 0 0 0 0 14 0 0 0 0 0 3 0 2 0 0 0 0 0 0 0 32 55 12 1 0 0 19 8 28 34 5 0 0 0 11 34 28 0 0 0 0 0 0 0 0 0 0 0 0 30 0 0 0 0 0 0 0 0 0 0 0 0 0 9 0 0 0 0 0 0 0 0 0 0 0 0 0 0 0 0 0 0 1 0 0 0 1 0 0 0 0 0 0 0 1 2 2 0 2 0 2 2 0 0 0 0 0 0 0 0 0 0 0 0 0 0 0 0 0 0 0 0 0 0 0 0 0 0 0 0 
 0 0 3 0 0 0 0 0 0 72 0 0 0 0 0 2 0 0 0 0 338 0 314 54 264 39 97 642 370 52 34 48 42 42 336 339 332 50 77 22 0 0 0 2 0 0 0 6 0 0 1 1 0 0 0 0 1 1 0 0 0 0 1 32 0 0 3 0 51 0 0 0 3 0 30 0 0 0 0 0 0 0 0 0 0 0 0 0 0 0 0 0 0 0 0 0 0 11 0 0 3 9 12 18 16 0 0 20 29 51 35 12 0 2 15 5 44 37 0 25 0 0 0 0 0 0 0 0 0 0 0 0 0 0 0 0 0 0 0 0 10 0 0 0 0 0 5 0 0 0 0 0 0 0 6 0 0 0 0 0 0 0 0 0 0 4 0 0 0 0 0 0 0 0 0 0 0 0 0 0 21 28 13 0 7 1 0 13 12 49 14 9 0 0 0 14 26 59 0 0 0 0 0 0 0 1 0 0 0 0 0 0 0 0 0 0 0 0 0 0 0 0 0 0 0 0 0 0 0 0 0 0 0 0 0 0 0 0 0 0 0 0 0 0 0 0 0 0 0 0 0 0 0 0 2 0 0 1 0 0 13 11 0 0 0 48 0 0 0 0 16 0 0 0 0 0 0 0 0 0 0 14 0 0 0 0 0 0 0 0 
 4 5 3 2 1 2 3 3 2 1 4 5 1 3 2 2 2 31 3 3 116 314 0 177 272 32 278 92 289 545 118 270 62 57 56 237 432 281 38 77 0 0 0 4 1 0 0 6 2 3 4 2 0 0 2 3 4 1 0 0 0 4 2 0 3 3 3 0 1 0 2 3 61 2 0 2 0 1 0 0 0 0 0 0 0 0 0 0 0 0 1 0 0 0 0 0 0 0 0 0 1 2 0 67 29 7 0 1 31 38 46 29 0 11 0 24 22 30 0 1 0 0 0 0 0 1 0 0 0 0 0 0 0 2 0 0 0 0 0 0 15 0 14 0 0 0 9 0 0 0 1 0 0 0 5 0 0 17 0 0 0 0 0 0 0 5 2 0 0 0 0 0 0 0 0 0 0 0 28 0 1 1 34 40 34 1 10 0 2 33 61 57 0 0 11 10 18 28 0 0 0 0 0 0 0 0 0 0 0 0 0 0 0 0 0 0 0 0 0 1 0 0 0 0 0 0 0 0 0 0 0 0 0 0 0 0 0 0 0 12 0 0 0 0 0 0 0 0 0 0 0 0 0 0 8 0 0 9 77 8 19 3 0 0 0 0 0 0 0 0 0 0 0 0 0 0 0 0 0 0 0 29 0 0 0 0 11 0 0 0 
 2 0 2 0 0 0 0 0 0 0 0 2 0 0 0 3 3 0 0 0 334 54 177 0 90 26 64 77 300 409 140 263 269 296 163 73 262 330 82 62 0 0 0 2 0 0 0 3 0 0 1 1 0 0 0 0 2 1 0 0 0 3 1 0 0 0 3 0 0 0 0 0 3 0 5 1 0 0 0 4 0 0 0 11 0 0 0 0 0 0 0 0 0 0 0 0 0 0 0 0 0 0 1 32 52 21 0 0 1 1 6 34 0 0 0 12 6 0 0 0 0 0 0 0 1 0 0 0 0 0 0 0 9 0 0 0 2 0 7 0 0 0 0 0 0 0 0 0 0 0 0 0 0 0 0 0 0 0 0 0 0 0 0 0 2 0 0 0 0 0 0 0 0 0 0 0 2 0 4 3 0 0 25 44 31 24 0 2 0 14 36 28 0 0 0 9 1 19 0 0 0 0 0 0 0 0 0 0 0 0 0 2 0 0 0 0 0 0 10 11 0 0 0 0 0 0 4 0 0 0 0 0 0 0 0 0 0 0 0 0 0 0 17 0 0 0 0 0 0 0 0 0 0 0 13 0 0 77 48 3 1 0 0 0 0 0 7 0 0 0 0 0 0 0 0 0 0 0 0 0 0 0 0 0 0 0 6 0 0 0 
 2 2 0 0 0 1 0 0 0 0 0 0 0 0 0 3 0 2 0 26 44 264 272 90 0 685 269 64 82 74 96 343 79 89 73 61 60 50 65 69 6 1 3 2 0 2 0 3 0 1 1 0 1 0 1 2 2 3 29 1 0 0 2 0 0 0 3 0 0 0 0 3 3 2 0 2 0 0 0 0 0 4 0 0 0 0 0 0 0 0 0 18 0 0 0 0 0 0 0 0 0 0 0 0 1 34 0 0 1 0 1 12 0 0 0 0 0 1 0 0 21 1 0 0 0 0 60 0 32 0 0 0 69 0 0 0 0 0 46 25 0 0 0 0 0 0 0 6 0 0 0 0 0 0 0 0 1 0 0 0 0 0 2 0 2 1 0 0 0 0 0 0 0 0 0 0 0 0 0 4 0 0 0 11 5 12 0 0 0 0 1 0 0 0 0 0 0 0 0 0 0 0 0 0 0 0 21 0 0 2 0 6 41 0 3 0 0 0 18 45 0 0 0 0 0 0 0 0 0 0 0 0 0 0 0 0 0 0 0 0 0 0 0 0 0 0 0 0 0 0 0 0 0 0 10 0 0 3 3 0 5 0 0 0 0 0 0 0 0 0 0 0 0 0 0 0 0 0 0 0 0 0 0 0 0 0 0 0 0 0 
 0 2 0 0 0 0 1 0 0 1 2 0 0 0 0 2 0 2 0 3 274 39 32 26 685 0 53 45 48 43 54 57 40 44 43 51 70 51 270 79 0 0 0 58 0 0 0 3 0 2 0 0 16 0 0 248 3 3 190 1 0 0 1 0 0 0 3 0 0 0 0 0 3 0 0 0 0 1 40 1 0 0 0 0 0 0 0 0 0 0 0 0 0 0 0 0 0 0 0 0 0 0 0 0 0 33 0 0 0 0 0 0 0 0 0 0 0 0 0 0 23 1 0 0 0 0 41 0 0 0 0 1 43 3 9 0 0 0 58 66 0 0 0 1 0 0 0 8 11 0 0 0 0 0 13 0 0 0 0 0 0 0 2 15 4 1 0 0 0 0 0 0 0 0 0 0 7 1 0 4 0 0 0 4 0 21 0 0 0 0 0 1 0 0 0 0 0 0 0 0 1 0 0 0 0 0 19 1 0 2 0 0 40 38 14 0 0 0 32 24 0 0 0 0 0 0 0 10 0 0 0 0 0 0 0 0 15 0 0 0 0 0 0 0 0 0 0 0 0 0 0 0 0 0 11 0 2 3 0 0 0 0 0 0 0 0 2 0 0 0 0 0 0 0 0 0 0 0 0 0 0 0 0 0 0 0 0 0 0 0 
 5 2 75 3 4 3 2 3 3 3 6 108 3 4 3 3 3 2 2 3 350 97 278 64 269 53 0 106 55 42 64 36 412 369 39 30 40 23 306 274 0 0 0 2 0 0 0 2 0 0 4 2 0 0 0 0 2 1 0 0 0 0 0 0 0 0 4 0 0 0 0 0 3 0 0 0 0 33 0 0 0 0 0 0 0 12 0 0 0 0 1 0 0 0 2 0 0 0 0 0 66 60 28 1 0 0 21 36 0 1 0 0 13 67 24 22 26 0 0 35 0 0 0 0 0 0 0 0 0 0 0 0 0 0 0 0 0 0 0 0 0 0 0 0 0 0 0 0 0 0 1 0 0 0 0 0 0 0 0 0 0 0 0 0 1 1 2 0 0 0 0 0 7 0 0 0 0 0 0 0 59 31 12 0 0 0 13 38 31 11 0 2 14 28 29 31 10 0 1 2 0 0 0 0 0 0 0 0 0 0 0 0 0 0 0 0 0 0 0 0 0 0 0 0 1 0 0 0 0 0 0 0 0 0 0 0 0 0 0 0 0 0 0 0 0 0 0 0 0 0 0 0 0 0 5 0 0 0 0 0 3 0 0 0 0 0 0 0 0 0 0 0 0 0 0 0 0 0 0 0 0 0 0 0 0 0 0 0 0 0 
 4 2 5 2 2 2 3 3 2 2 2 2 2 2 2 3 3 3 2 2 517 642 92 77 64 45 106 0 70 33 80 37 100 391 205 26 70 41 84 53 0 1 0 2 0 0 0 8 0 0 2 2 0 0 0 0 2 50 0 0 0 0 2 0 0 0 3 0 0 0 0 0 3 0 0 0 0 0 0 0 0 0 0 0 0 0 0 0 0 0 0 0 0 0 0 0 0 0 0 0 55 33 32 14 0 0 0 44 44 74 1 12 1 42 32 15 67 32 0 1 0 2 0 0 0 0 0 0 0 0 0 0 0 0 0 0 0 0 0 0 1 0 1 0 0 0 4 0 0 0 0 0 1 0 2 0 0 0 0 0 0 0 0 0 0 1 0 1 0 0 0 0 0 0 0 0 0 0 0 0 17 97 14 0 1 0 0 35 34 30 16 0 0 0 10 10 21 16 0 0 0 0 0 0 0 0 0 21 0 1 0 0 0 0 1 0 0 1 0 0 0 0 0 0 0 6 2 0 0 0 0 0 0 0 0 0 0 0 1 1 0 0 0 0 0 0 0 0 0 0 0 0 0 0 107 0 0 0 0 2 4 0 0 0 0 0 0 0 0 0 0 0 0 0 0 2 0 0 0 0 0 37 0 0 0 0 0 0 0 0 
 2 0 2 0 0 0 0 0 0 0 0 0 0 0 0 3 0 0 0 0 44 370 289 300 82 48 55 70 0 438 45 43 92 121 83 154 99 346 106 57 0 0 0 2 0 0 0 4 14 0 2 2 18 0 0 0 2 1 0 0 0 27 1 0 0 0 3 0 0 0 0 0 3 0 0 0 0 0 0 0 0 0 0 0 0 0 0 0 0 0 0 0 0 0 0 2 0 0 0 0 2 6 0 43 25 1 0 1 56 44 29 29 0 0 0 22 41 37 0 0 0 0 1 0 0 0 0 0 2 0 0 0 0 11 1 0 0 10 0 0 10 0 0 0 0 0 14 0 0 0 0 0 0 0 5 0 0 0 0 0 0 0 0 0 0 4 0 0 0 0 1 11 0 0 0 0 0 0 6 0 0 7 29 38 19 1 0 0 0 32 37 44 0 0 12 11 19 40 0 0 0 0 0 0 0 0 0 0 0 0 0 0 0 0 0 0 0 0 12 0 2 0 0 0 0 0 0 0 0 0 0 0 0 0 0 0 0 0 0 0 0 0 0 0 0 0 0 0 0 0 0 0 0 0 8 0 2 2 2 0 11 13 0 0 0 0 2 0 0 0 0 0 0 0 0 0 0 0 0 0 0 26 0 0 0 0 10 0 0 0 
 1 0 0 0 3 0 0 3 1 0 6 0 0 2 0 5 74 0 0 4 34 52 545 409 74 43 42 33 438 0 384 64 60 74 71 830 399 50 287 78 0 0 0 3 0 0 3 2 64 0 2 1 2 2 0 0 1 2 2 0 1 4 3 0 0 0 3 0 0 0 0 0 3 0 0 0 0 0 0 0 0 0 0 0 0 0 0 0 0 0 0 0 0 0 0 0 0 0 0 0 0 1 0 47 43 23 0 0 17 20 49 14 0 0 0 12 1 29 0 0 0 0 0 0 0 0 0 0 0 0 0 0 0 0 0 0 0 0 0 0 9 0 0 0 0 0 0 0 0 0 0 0 0 0 3 0 0 0 0 0 0 15 0 0 0 5 0 0 0 0 0 0 2 0 0 0 0 0 5 0 0 0 48 40 50 38 0 0 0 23 34 44 0 0 1 12 10 43 0 0 0 0 0 0 0 0 0 0 0 0 0 0 0 0 0 0 0 0 11 0 0 0 0 2 0 0 0 0 0 0 0 0 0 0 0 0 0 0 0 0 0 0 23 0 0 0 0 0 0 0 0 0 1 0 9 5 2 168 170 3 16 9 0 0 0 0 11 0 0 0 0 0 0 0 0 0 0 0 0 0 0 0 0 0 0 0 10 0 0 0 
 4 2 0 0 3 3 3 0 0 0 0 0 0 0 0 3 3 0 1 0 33 34 118 140 96 54 64 80 45 384 0 274 48 43 41 71 317 327 37 134 0 0 0 2 0 0 0 2 0 0 1 1 0 0 0 0 2 1 0 0 0 19 2 0 0 0 3 0 0 0 0 0 52 0 0 0 0 0 0 0 0 1 0 2 0 0 0 0 0 0 0 0 0 24 0 0 2 0 0 0 0 0 0 45 30 41 0 0 0 0 9 37 0 0 0 12 0 0 0 0 0 0 0 0 0 0 1 0 0 0 0 0 6 0 0 0 0 24 17 0 7 0 0 0 0 0 0 1 0 0 0 0 0 0 0 2 0 0 0 0 0 0 0 0 0 0 0 0 0 2 0 2 0 0 0 0 0 0 6 7 0 0 22 64 35 26 0 0 0 32 37 38 0 0 0 12 2 11 0 0 0 0 0 0 0 0 0 0 0 0 0 4 0 0 0 0 0 0 12 24 0 0 0 0 0 0 0 0 1 0 0 9 0 0 0 0 0 0 0 0 0 0 29 0 0 0 0 0 0 0 0 0 0 0 4 0 0 7 48 0 4 0 0 0 0 0 21 0 0 0 74 0 0 0 0 0 0 0 0 0 0 0 0 0 1 0 12 0 0 0 
 6 2 3 4 5 3 2 3 3 3 6 218 5 3 3 3 4 209 2 7 117 48 270 263 343 57 36 37 43 64 274 0 37 30 39 35 136 72 46 37 3 0 0 3 0 0 0 5 0 2 6 0 0 0 0 0 0 1 0 0 0 1 5 0 0 2 3 0 0 3 0 0 4 0 0 5 0 0 0 0 0 0 0 0 0 1 0 0 0 2 0 0 11 0 0 0 0 0 0 0 0 0 0 27 14 24 0 0 0 0 0 6 0 0 0 0 0 0 0 0 0 0 0 0 0 0 0 0 0 0 0 0 21 0 0 0 0 0 34 11 0 0 0 0 0 0 0 0 0 1 0 0 0 0 0 0 0 0 0 0 0 2 0 0 0 0 0 0 0 0 0 0 0 0 0 0 0 0 0 0 0 0 1 0 6 60 0 0 0 1 0 14 0 0 0 4 0 13 0 0 0 0 0 0 0 0 0 0 0 0 0 8 12 0 0 0 0 0 22 22 0 0 0 0 11 0 0 0 0 0 0 0 0 0 0 0 0 0 0 0 0 0 17 0 0 0 0 0 0 2 0 0 0 0 21 2 0 155 94 0 2 0 0 1 0 0 15 0 0 0 0 0 0 20 0 0 0 0 0 0 0 0 0 0 0 0 4 0 0 0 
 0 0 0 0 0 0 0 0 0 0 0 4 0 0 0 0 0 0 0 0 289 42 62 269 79 40 412 100 92 60 48 37 0 97 32 245 37 50 892 174 0 0 0 2 0 0 0 2 0 0 66 65 9 0 0 0 0 3 0 0 4 0 2 0 0 0 40 0 0 0 0 0 3 0 0 0 0 0 0 0 0 0 0 0 0 10 0 0 0 0 1 0 0 1 1 0 0 0 0 0 40 13 20 1 0 0 37 10 13 0 0 0 39 28 62 47 0 0 0 44 0 0 0 0 0 0 0 0 0 0 0 0 0 0 0 0 0 0 0 0 0 0 0 0 0 0 14 0 0 0 1 0 0 0 0 0 0 0 0 0 23 0 0 0 5 0 1 0 0 0 0 0 5 0 0 0 0 0 0 0 22 0 1 0 0 0 46 9 10 0 0 2 40 43 45 53 1 0 14 10 0 0 0 0 0 0 0 0 0 0 0 0 0 0 0 0 0 0 0 0 0 6 0 0 15 0 0 0 0 0 0 0 0 0 0 0 0 0 0 0 0 0 0 0 0 0 0 0 0 0 0 0 0 0 4 0 0 0 0 1 2 0 0 0 0 0 0 0 0 0 0 0 0 0 0 0 0 0 0 0 0 0 0 0 0 0 0 0 0 0 
 0 0 2 2 1 0 2 0 0 0 2 0 0 0 0 0 0 0 0 0 104 42 57 296 89 44 369 391 121 74 43 30 97 0 429 24 47 43 118 165 0 0 0 2 0 0 0 2 0 66 29 2 0 0 0 0 0 1 0 0 0 0 3 0 0 0 3 0 0 0 0 8 3 0 0 0 0 0 6 0 0 0 0 0 3 0 0 0 0 0 0 0 3 0 0 0 0 0 0 0 44 40 47 16 0 2 11 48 16 0 1 12 0 34 36 17 3 0 0 1 0 0 9 0 0 0 0 0 0 0 0 0 0 0 0 0 0 0 0 0 0 0 0 0 0 0 0 0 0 0 0 0 0 0 0 0 0 0 0 8 0 1 0 0 0 0 0 0 0 0 0 0 0 0 0 0 0 0 0 0 30 48 12 1 0 0 36 30 20 12 2 0 2 0 29 42 29 0 0 0 0 0 0 0 0 10 0 0 0 0 0 0 0 15 0 0 0 0 0 0 0 0 0 0 0 0 0 0 0 0 0 0 2 0 0 1 0 0 0 0 0 0 0 0 0 1 0 0 0 0 0 0 1 0 6 0 2 0 0 1 3 0 0 0 0 0 0 1 0 0 0 0 0 0 0 0 0 0 0 0 0 0 0 1 2 0 0 0 0 0 
 2 43 0 0 3 0 0 0 0 0 1 4 0 0 0 0 0 0 0 0 294 336 56 163 73 43 39 205 83 71 41 39 32 429 0 56 64 33 65 115 1 3 7 20 7 3 0 12 0 1 5 4 3 1 1 4 6 3 0 1 0 0 4 0 1 0 6 0 0 0 0 0 5 0 0 1 3 1 2 0 0 0 0 0 0 0 0 0 0 0 1 0 0 1 1 9 0 0 0 0 30 30 45 10 0 0 0 47 42 35 1 22 0 34 49 25 47 15 0 0 0 0 0 0 0 0 0 0 0 12 0 0 0 0 0 0 0 0 0 0 0 0 0 0 0 0 10 0 0 0 1 0 0 11 0 0 0 0 0 0 0 0 0 0 0 1 0 0 0 0 0 0 0 0 0 0 0 0 0 0 24 49 14 0 0 0 1 30 30 32 17 2 0 0 23 21 29 11 0 0 0 0 0 0 18 0 0 0 0 0 0 0 0 0 0 0 0 0 0 1 0 0 0 0 0 0 0 0 0 0 0 0 0 0 0 0 0 0 22 0 0 0 0 0 0 0 0 0 0 0 0 0 2 0 5 1 0 0 0 0 0 0 0 0 0 0 0 0 0 0 0 0 0 0 0 0 0 0 0 0 0 22 0 0 0 0 0 0 0 0 
 74 1 0 0 2 0 0 0 0 0 0 0 0 0 2 3 0 0 0 1 40 339 237 73 61 51 30 26 154 830 71 35 245 24 56 0 208 345 40 54 0 0 0 2 0 0 0 7 0 1 2 2 0 1 0 0 2 0 0 0 0 59 0 0 0 0 3 0 0 0 0 54 3 0 0 0 0 0 0 0 0 0 18 0 0 0 0 0 0 0 0 0 0 0 0 0 0 0 0 0 0 0 0 100 21 1 0 0 24 40 63 34 0 0 0 27 42 40 0 0 0 0 0 0 0 0 0 0 0 0 0 0 1 0 0 0 0 0 0 0 7 0 0 0 0 0 2 0 0 0 0 0 0 0 5 0 0 0 0 0 0 0 0 0 0 5 0 0 0 0 0 0 0 0 0 0 0 0 6 0 0 0 46 44 60 24 0 0 0 45 114 41 0 0 9 10 38 31 0 0 0 0 0 0 0 0 0 0 0 0 0 0 0 0 0 0 0 0 4 1 0 0 0 0 0 0 0 0 0 0 0 0 0 11 0 0 0 0 0 0 0 0 2 0 0 0 0 0 0 0 0 0 0 0 15 0 2 2 3 0 12 15 0 0 0 0 0 0 0 0 0 0 0 0 0 0 0 0 0 0 0 33 0 0 0 0 7 0 0 0 
 2 0 0 0 6 2 2 0 0 1 6 2 0 0 0 3 0 3 0 2 33 332 432 262 60 70 40 70 99 399 317 136 37 47 64 208 0 396 50 32 0 0 0 2 0 61 0 6 0 0 3 2 0 0 0 0 2 1 0 0 1 10 3 0 0 0 3 0 0 0 0 0 3 0 0 0 0 2 0 0 0 0 0 0 0 0 0 1 2 0 0 0 0 0 0 0 0 0 0 0 0 6 0 47 22 1 0 1 39 46 50 29 0 0 1 24 43 46 0 0 0 0 0 0 3 1 0 0 0 0 0 0 0 1 0 0 0 0 0 0 10 1 0 0 0 0 16 0 0 0 0 0 0 0 5 0 0 0 0 0 0 13 0 0 0 5 1 0 0 0 0 0 0 2 0 1 0 0 6 0 0 1 65 38 25 1 0 0 1 33 92 35 0 0 12 16 52 35 0 0 0 0 0 0 0 0 0 0 0 0 14 1 1 0 0 0 0 0 1 1 0 0 0 0 0 0 0 0 0 0 0 0 0 2 0 0 0 0 0 0 0 0 0 0 0 0 0 0 0 0 0 0 0 0 3 0 0 0 0 1 12 14 0 0 0 0 5 0 0 0 0 0 0 0 0 0 0 0 0 0 0 31 0 0 0 0 12 0 0 0 
 0 0 0 0 0 0 0 0 0 0 0 0 0 0 0 0 0 1 0 0 47 50 281 330 50 51 23 41 346 50 327 72 50 43 33 345 396 0 33 19 0 0 0 3 0 0 56 2 0 0 2 1 0 0 0 0 1 2 0 0 1 3 3 0 51 0 3 0 0 0 0 0 3 0 43 0 0 0 0 0 0 0 0 0 0 0 0 0 0 0 0 0 0 0 0 0 0 0 0 0 0 0 0 49 47 15 0 0 10 14 56 21 0 0 0 13 1 39 0 0 0 0 0 0 0 0 0 0 0 0 0 0 0 0 0 0 0 0 0 0 6 0 0 0 0 0 0 0 0 0 0 0 0 0 22 0 0 0 0 0 0 0 0 0 0 5 0 0 0 0 0 0 0 0 0 0 0 0 9 0 12 0 31 32 51 42 0 0 0 24 40 59 0 0 16 12 16 37 0 0 0 0 0 0 0 0 0 0 0 0 0 0 0 0 0 0 0 0 11 0 0 0 0 0 0 18 0 0 0 0 0 0 0 0 0 0 0 0 0 0 0 0 20 0 0 0 0 0 0 0 0 0 0 0 1 0 0 150 146 4 21 21 0 0 0 0 11 0 0 0 0 0 0 0 0 0 0 0 0 0 0 0 0 0 0 0 9 0 0 0 
 2 0 0 0 3 224 0 1 2 6 0 1 0 0 0 0 0 0 0 2 54 77 38 82 65 270 306 84 106 287 37 46 892 118 65 40 50 33 0 335 0 0 0 2 1 0 0 2 0 0 29 24 25 1 20 0 2 1 0 0 71 0 2 0 0 0 5 0 0 0 0 6 3 0 1 0 0 0 0 0 0 0 0 0 1 11 0 0 0 0 0 0 0 0 0 0 0 2 0 0 43 0 4 0 0 0 20 0 2 0 0 0 44 22 55 4 0 0 0 75 0 0 0 0 0 0 0 0 0 0 0 0 0 0 0 15 0 0 0 0 0 0 0 0 0 0 0 0 0 0 0 0 0 0 0 0 0 0 0 0 0 0 0 0 10 14 0 0 0 0 11 0 5 0 0 0 0 0 0 0 11 0 0 0 0 0 34 11 17 0 0 0 42 78 22 4 0 0 55 90 0 0 0 0 0 0 0 0 0 0 0 0 0 0 0 0 0 16 0 14 0 0 0 1 0 0 0 0 0 0 0 0 0 0 0 0 0 0 0 0 0 0 2 0 0 0 0 0 0 0 0 0 0 0 7 0 0 0 0 0 2 0 0 0 0 0 0 0 0 0 0 0 0 0 0 0 0 0 0 0 0 0 0 0 0 0 0 0 0 0 
 204 2 0 0 3 2 2 0 0 1 1 1 0 1 0 0 2 2 1 0 117 22 77 62 69 79 274 53 57 78 134 37 174 165 115 54 32 19 335 0 0 0 9 4 0 0 0 2 0 0 3 65 7 0 0 0 2 1 0 0 5 0 3 0 0 0 7 0 0 0 0 0 3 0 0 0 0 0 0 0 0 0 0 0 0 0 0 0 0 0 0 0 0 0 0 0 0 0 0 0 18 27 16 0 0 0 68 19 0 0 0 2 15 33 14 27 0 0 0 40 0 11 0 0 0 0 0 0 0 0 0 1 0 0 0 0 0 17 0 0 0 0 0 1 0 0 0 0 0 0 0 0 0 0 1 0 0 0 0 0 0 0 2 0 4 1 0 0 0 0 1 1 0 0 0 0 0 0 0 0 20 0 1 12 0 1 36 13 12 0 0 0 45 20 22 39 11 0 12 7 1 1 0 0 0 0 0 0 0 0 0 0 0 0 0 0 0 0 0 0 0 0 0 0 0 0 0 0 0 0 0 0 0 0 0 0 0 0 0 0 0 0 0 0 0 0 0 0 0 0 0 0 0 0 12 0 0 0 0 0 1 2 0 27 0 0 0 0 0 0 0 0 0 0 0 0 0 0 0 0 0 0 0 0 0 0 0 0 0 2 
 0 0 0 0 5 0 0 0 0 0 0 0 0 21 0 0 0 0 115 0 0 0 0 0 6 0 0 0 0 0 0 3 0 0 1 0 0 0 0 0 0 118 82 52 41 46 333 577 292 251 44 45 281 93 247 31 34 44 49 338 0 0 0 0 3 0 0 0 0 0 5 0 0 0 0 51 0 0 0 0 0 0 0 0 0 14 0 0 0 0 0 0 0 0 0 0 0 0 0 0 0 0 0 0 0 0 0 0 0 0 0 0 0 11 0 0 0 0 0 0 9 25 38 16 0 0 0 39 80 39 0 0 0 0 15 36 22 0 13 0 0 0 0 0 0 0 0 0 0 0 0 0 0 0 0 0 0 0 0 0 0 0 0 0 0 0 0 0 0 24 0 0 0 0 0 0 0 3 1 0 0 0 0 0 0 0 0 0 0 0 0 0 0 0 0 0 0 0 0 0 22 23 48 13 0 0 0 55 21 0 27 0 0 0 1 19 16 8 0 0 0 0 0 0 0 0 0 0 0 0 0 0 0 0 0 0 0 0 0 0 0 0 0 0 0 0 0 0 0 0 0 7 0 2 0 0 0 0 1 0 0 0 0 0 0 2 2 0 2 0 0 0 0 0 0 0 0 0 0 0 0 0 0 0 0 0 0 0 2 0 
 0 0 0 0 0 0 0 0 0 0 0 3 0 0 0 0 3 0 0 0 0 0 0 0 1 0 0 1 0 0 0 0 0 0 3 0 0 0 0 0 118 0 300 45 17 29 52 298 256 51 68 12 46 58 265 193 99 53 46 264 0 2 0 0 0 0 1 0 55 0 0 0 6 16 2 0 0 1 3 7 0 0 0 0 0 0 0 0 0 0 0 0 0 0 0 0 0 0 0 0 0 2 0 0 0 0 22 0 0 0 0 0 0 0 0 0 0 0 0 0 0 11 6 16 11 1 0 14 30 28 101 10 0 0 8 42 10 99 0 0 0 1 0 0 0 0 4 1 0 0 0 9 2 2 0 0 0 3 1 2 0 0 0 0 0 0 0 0 0 0 0 0 0 5 0 0 0 0 0 0 0 0 0 0 0 0 1 0 0 0 0 0 0 27 0 0 0 0 0 0 0 50 46 13 6 8 0 0 25 19 44 0 0 0 0 17 13 49 0 0 4 1 0 0 0 0 1 0 1 0 0 0 0 5 1 0 1 0 0 0 0 0 5 0 0 0 0 0 0 0 0 11 0 0 0 0 0 0 0 13 0 0 0 0 0 3 2 0 0 0 12 0 0 0 0 0 0 0 0 0 0 0 0 0 10 10 0 0 1 0 
 1 0 3 0 0 0 0 0 0 0 0 3 0 0 0 0 0 0 0 2 0 0 0 0 3 0 0 0 0 0 0 0 0 0 7 0 0 0 0 9 82 300 0 109 31 27 72 328 278 253 125 34 54 303 85 415 87 444 249 65 0 0 0 0 0 0 0 0 0 5 0 206 0 0 0 0 0 0 0 0 0 0 0 0 0 0 0 0 0 0 0 0 0 0 0 0 0 0 0 0 0 0 0 0 0 0 0 0 0 0 0 0 0 0 0 0 0 0 0 0 0 0 9 17 13 33 0 0 14 10 34 27 0 0 0 2 18 54 0 0 0 0 0 0 0 0 0 0 0 0 0 0 0 0 0 15 0 8 6 0 0 0 0 0 0 0 0 0 0 0 2 0 0 3 0 0 0 0 0 4 0 0 0 0 0 0 0 0 0 0 0 0 0 0 0 0 0 0 0 0 0 4 11 21 9 12 0 0 40 41 29 15 0 0 0 5 20 22 0 0 0 0 0 0 0 0 0 0 0 0 0 0 1 0 10 0 0 0 22 5 0 0 14 0 0 0 0 0 0 0 0 12 0 2 0 0 0 0 0 14 0 0 4 1 0 14 0 1 2 0 15 0 0 0 0 0 0 0 0 0 0 1 2 0 31 15 0 0 2 0 
 6 40 3 3 3 3 3 3 3 3 3 3 3 3 3 3 3 3 3 3 2 2 4 2 2 58 2 2 2 3 2 3 2 2 20 2 2 3 2 4 52 45 109 0 59 287 77 281 91 286 90 251 78 88 127 49 49 476 110 89 0 63 0 0 0 0 0 4 1 1 0 0 2 0 0 0 0 0 49 0 0 0 0 0 0 0 0 0 0 0 0 0 0 0 0 11 0 0 0 0 0 0 0 0 0 0 0 0 0 0 0 0 0 0 0 0 0 0 0 0 0 5 5 22 14 29 0 17 0 12 18 73 0 0 0 3 0 6 7 0 0 0 0 0 11 0 0 0 0 0 0 0 10 8 0 21 0 0 45 16 0 0 0 0 0 0 0 0 0 0 4 0 0 5 0 0 0 0 0 0 0 0 0 0 0 0 0 0 0 0 0 0 0 0 0 0 0 0 0 0 6 0 6 0 19 44 0 2 5 26 13 17 0 0 0 12 0 6 0 0 0 0 0 0 0 0 0 0 0 0 0 0 7 0 0 0 0 0 37 0 0 0 0 0 0 0 0 0 0 0 0 5 0 0 0 0 0 0 0 1 0 0 8 2 0 18 2 30 0 0 0 0 0 0 0 0 0 0 0 0 0 0 0 0 0 9 0 0 2 0 
 0 2 3 1 6 0 2 2 3 0 1 8 0 2 0 3 4 2 2 2 0 0 1 0 0 0 0 0 0 0 0 0 0 0 7 0 0 0 1 0 41 17 31 59 0 285 26 37 50 109 310 532 65 54 51 56 46 37 281 270 2 2 0 0 0 0 2 0 3 5 0 0 0 0 0 52 0 0 2 2 0 0 0 0 0 0 0 0 0 0 0 0 10 0 0 0 11 0 0 10 0 0 0 0 0 0 0 0 0 0 0 0 0 0 0 0 0 0 0 0 0 0 0 0 16 4 0 0 0 0 0 0 0 0 0 0 0 0 0 0 0 1 0 0 0 0 9 0 0 0 0 0 19 10 0 0 0 0 36 14 0 0 0 0 0 0 0 0 6 0 0 0 0 0 0 0 0 0 0 0 0 0 0 0 0 0 0 0 0 0 0 9 0 0 0 0 0 0 0 0 0 0 0 0 23 20 0 0 0 0 0 9 0 0 0 0 0 0 0 0 8 0 0 0 0 0 26 0 1 0 0 0 31 9 22 0 0 0 38 19 0 0 0 0 0 0 0 0 0 0 0 11 0 0 0 0 0 0 0 1 0 0 1 2 0 4 3 9 2 0 0 0 0 1 0 0 0 0 0 0 0 0 0 0 0 0 0 0 0 1 
 0 0 2 0 3 0 0 0 0 0 70 0 0 0 0 0 0 0 0 0 0 0 0 0 2 0 0 0 0 0 0 0 0 0 3 0 61 0 0 0 46 29 27 287 285 0 32 249 260 51 517 479 27 62 270 252 43 628 57 246 3 0 0 52 0 2 0 0 3 0 4 0 3 0 0 58 0 0 115 0 0 0 0 0 8 0 0 0 0 0 0 0 0 0 0 0 0 0 0 0 0 0 0 0 0 0 0 0 0 0 0 0 0 0 0 0 0 0 0 0 0 0 33 0 14 5 0 0 3 5 0 3 0 0 0 7 17 8 0 0 18 0 0 31 0 0 16 1 0 0 0 0 11 16 48 11 1 0 0 13 2 0 0 0 0 0 0 0 3 0 0 0 0 0 0 0 0 0 8 0 0 0 0 0 0 0 0 0 0 0 0 0 0 0 0 0 0 0 0 0 1 0 0 16 11 0 0 0 0 5 2 0 0 0 0 12 11 1 0 0 4 0 0 0 0 0 15 22 0 0 0 0 18 23 4 0 0 0 12 37 0 0 0 0 0 0 0 0 0 0 0 14 0 2 0 0 0 0 0 0 0 0 3 0 0 7 8 0 1 0 0 0 0 0 0 0 0 0 0 0 0 0 2 0 0 0 0 0 1 0 
 3 3 5 3 3 3 3 3 3 3 3 3 3 3 3 3 3 4 3 6 0 0 0 0 0 0 0 0 0 3 0 0 0 0 0 0 0 56 0 0 333 52 72 77 26 32 0 103 59 243 243 245 327 307 259 48 36 37 54 435 51 0 0 0 6 0 0 0 0 0 4 0 0 0 0 0 0 54 0 0 0 0 0 0 0 0 0 0 0 0 0 0 0 0 0 0 0 0 0 0 0 0 0 0 0 0 0 0 0 0 0 0 0 0 0 0 0 0 0 0 24 7 19 24 11 7 0 45 12 8 6 0 0 39 11 18 25 0 17 0 0 0 0 0 0 0 0 22 0 0 0 0 0 0 0 0 0 0 0 0 0 0 0 6 0 0 0 0 0 0 0 0 0 0 0 0 0 6 0 0 12 0 0 0 0 0 0 0 0 0 0 0 0 0 0 0 0 0 0 0 20 11 20 20 5 0 10 44 10 0 0 6 0 76 21 24 17 13 0 14 0 0 0 0 0 0 0 0 0 0 0 0 1 0 0 0 0 0 4 6 0 0 0 0 0 0 0 0 0 0 0 10 0 2 0 0 0 0 1 0 0 0 0 0 1 2 2 0 2 0 0 0 0 0 0 0 0 0 0 0 0 0 0 0 13 0 0 0 1 0 
 0 0 0 0 0 0 0 0 0 0 0 0 0 0 0 0 0 0 0 0 2 6 6 3 3 3 2 8 4 2 2 5 2 2 12 7 6 2 2 2 577 298 328 281 37 249 103 0 251 43 275 457 92 564 180 333 253 673 287 108 0 0 0 0 0 0 0 0 0 53 6 0 0 0 0 0 0 0 0 0 0 0 0 0 0 0 0 0 0 0 0 0 0 0 0 0 0 0 0 0 0 0 0 4 0 0 0 0 10 2 6 0 0 0 4 0 5 7 0 0 0 15 32 31 0 1 0 31 74 13 11 1 13 1 2 36 18 47 0 0 0 0 0 0 0 0 0 0 0 0 0 0 0 0 0 0 0 7 0 0 0 0 0 0 0 0 0 0 9 0 0 0 0 0 0 0 0 0 0 0 0 2 2 0 6 0 0 5 0 5 0 1 0 0 13 0 7 7 0 0 0 37 25 0 0 0 0 40 49 19 48 0 0 0 0 20 19 30 0 0 0 0 1 0 0 0 0 2 0 0 0 0 0 0 0 0 0 0 0 0 0 0 16 0 0 0 0 0 0 33 0 17 0 1 0 0 0 0 65 16 0 0 0 0 2 1 0 0 0 0 0 0 0 0 0 0 0 0 0 0 0 4 0 0 2 0 0 0 1 0 
 3 9 3 5 3 3 6 3 3 3 3 3 3 3 3 3 3 3 3 3 0 0 2 0 0 0 0 0 14 64 0 0 0 0 0 0 0 0 0 0 292 256 278 91 50 260 59 251 0 205 249 30 79 135 210 158 127 132 95 57 0 0 0 0 0 0 0 0 2 0 1 0 0 3 1 0 0 8 3 3 0 0 0 0 0 0 0 0 0 0 0 0 0 0 0 0 0 0 0 0 0 0 0 0 0 0 0 0 0 0 0 0 0 0 0 0 0 0 0 0 0 15 2 2 0 13 0 0 37 21 46 9 0 0 8 33 4 65 0 0 0 0 0 0 0 0 0 0 0 0 0 0 0 0 0 0 0 17 1 1 0 0 0 0 0 0 0 0 0 0 7 0 0 13 0 0 0 0 0 0 0 8 0 0 0 0 0 0 0 0 0 0 0 0 0 0 0 0 0 0 0 10 26 11 0 0 0 0 26 18 47 11 0 0 0 1 9 36 0 0 0 0 0 0 0 0 0 0 0 0 9 0 0 0 0 0 0 0 0 0 0 0 14 0 0 0 0 0 0 0 2 0 0 0 0 0 0 0 0 15 0 0 0 3 0 22 0 1 2 0 15 0 0 0 0 0 0 0 0 0 0 0 0 0 35 16 0 0 1 6 
 4 3 3 3 9 3 3 3 3 3 3 4 3 3 3 5 3 3 3 3 0 0 3 0 1 2 0 0 0 0 0 2 0 66 1 1 0 0 0 0 251 51 253 286 109 51 243 43 205 0 459 57 42 325 101 279 121 70 288 80 0 3 0 4 13 6 2 6 5 23 6 11 1 0 0 2 4 2 0 0 0 0 0 0 0 0 0 0 0 0 0 0 0 0 0 0 0 0 0 0 0 0 0 0 0 0 0 16 0 0 0 0 0 0 0 0 0 0 0 0 0 0 14 41 17 29 0 0 0 13 32 33 0 21 0 0 55 13 0 0 0 0 0 0 0 3 0 0 0 0 0 0 0 0 0 14 0 0 16 1 0 0 0 0 0 0 0 0 0 0 5 0 0 6 0 0 0 0 9 0 0 0 0 0 0 0 0 0 0 0 0 0 0 0 0 0 0 0 0 0 0 8 0 16 36 36 0 0 0 42 10 6 0 0 0 0 0 21 0 0 0 0 0 0 0 0 0 0 0 0 0 13 0 0 0 0 0 0 42 0 0 0 0 0 0 0 0 0 0 0 0 6 2 0 0 0 0 0 14 11 0 0 73 85 2 21 2 63 1 0 14 0 0 0 0 0 0 0 0 0 0 0 0 0 11 3 0 0 0 0 
 2 2 2 2 2 87 2 2 2 2 5 2 2 2 2 5 2 2 2 2 1 1 4 1 1 0 4 2 2 2 1 6 66 29 5 2 3 2 29 3 44 68 125 90 310 517 243 275 249 459 0 217 54 497 69 570 75 440 486 254 1 0 6 0 0 0 0 0 1 1 0 0 1 0 0 3 0 0 4 1 0 0 0 0 0 7 8 0 0 0 0 0 0 0 0 0 0 0 0 9 0 0 3 0 0 0 38 0 0 0 0 0 42 4 7 1 0 0 0 25 0 5 0 39 11 21 0 0 0 0 1 16 0 0 0 0 0 0 0 0 0 0 0 0 0 0 0 0 0 0 0 0 0 0 0 15 0 0 8 0 0 5 0 0 0 3 0 0 0 0 0 0 5 0 0 0 0 0 0 0 0 0 0 0 0 0 12 1 0 0 0 0 4 8 24 1 0 0 3 12 0 0 0 0 7 17 0 0 0 19 16 14 0 0 0 0 0 7 0 0 0 0 0 0 0 0 0 6 0 0 0 0 7 0 0 0 0 0 22 0 0 0 0 0 0 0 0 0 0 0 0 7 0 1 0 0 0 0 66 0 0 0 6 0 4 1 2 34 2 0 0 0 0 0 0 0 0 0 0 0 0 4 0 0 0 11 0 0 0 0 
 2 1 0 0 1 64 0 0 0 0 0 1 0 0 0 7 3 0 0 0 15 1 2 1 0 0 2 2 2 1 1 0 65 2 4 2 2 1 24 65 45 12 34 251 532 479 245 457 30 57 217 0 33 25 112 52 84 297 259 25 0 12 0 0 0 0 0 2 0 0 0 0 2 0 0 52 0 0 4 3 0 0 0 0 0 10 0 0 0 0 0 0 0 0 0 0 0 0 0 0 0 0 0 0 0 0 11 0 0 0 0 0 2 32 0 1 0 0 0 21 0 0 0 11 23 29 0 0 0 0 2 10 2 0 0 0 0 0 0 0 0 0 0 0 0 0 0 0 0 0 0 0 13 0 1 0 0 0 35 22 0 0 0 0 0 14 0 0 6 0 3 0 0 1 0 0 0 0 0 0 1 0 0 0 0 0 3 0 0 0 0 0 19 19 0 9 0 0 18 18 0 0 0 1 30 20 0 0 0 0 1 17 0 0 0 0 0 14 0 0 0 0 0 0 0 0 3 0 0 0 0 0 2 0 0 0 0 0 45 0 0 0 0 0 0 0 0 0 0 0 0 7 0 0 0 0 0 0 1 12 0 0 64 65 2 30 1 72 2 2 0 0 0 0 0 0 0 0 0 0 0 0 0 0 0 1 0 0 0 0 
 3 2 1 3 6 6 2 4 1 3 6 99 3 2 3 6 3 2 2 4 0 0 0 0 1 16 0 0 18 2 0 0 9 0 3 0 0 0 25 7 281 46 54 78 65 27 327 92 79 42 54 33 0 146 42 30 36 32 531 211 0 3 0 0 0 3 2 3 0 0 0 0 0 3 0 0 0 0 0 0 0 0 0 0 0 5 0 0 0 0 0 0 0 0 0 0 0 0 0 0 0 0 0 0 0 0 6 0 0 0 0 0 6 4 0 9 0 0 1 11 16 10 0 0 0 0 0 9 0 0 0 0 0 46 10 0 12 0 13 25 0 10 0 0 0 0 0 0 0 0 0 0 17 0 0 0 0 0 0 0 1 0 0 28 1 4 0 0 0 0 0 8 0 0 0 0 3 2 0 0 1 0 0 0 0 0 28 0 0 8 0 10 3 2 0 2 0 0 15 21 26 0 10 9 0 0 23 25 0 0 0 0 0 51 49 6 20 1 1 19 0 0 0 0 0 0 0 0 0 0 0 0 0 0 0 0 0 0 0 11 0 0 0 0 0 0 0 0 0 0 0 9 0 0 0 0 0 0 2 0 0 0 0 0 2 0 0 0 2 0 0 0 0 0 0 1 0 0 0 0 0 0 0 0 0 0 0 0 0 0 
 2 0 0 0 3 0 0 53 0 3 0 0 0 0 0 0 3 0 0 0 0 0 0 0 0 0 0 0 0 2 0 0 0 0 1 1 0 0 1 0 93 58 303 88 54 62 307 564 135 325 497 25 146 0 332 261 43 52 313 174 0 0 0 11 7 0 0 0 0 1 10 8 0 0 0 0 0 0 0 2 0 0 0 0 0 0 0 0 0 0 0 0 0 0 0 0 0 0 0 0 0 0 0 0 0 0 7 0 0 0 0 0 0 0 0 0 0 0 0 0 11 51 21 20 0 0 0 38 80 18 0 0 0 9 9 38 23 1 0 0 0 0 0 0 0 3 0 0 0 0 0 0 0 0 0 0 0 0 0 0 10 10 0 0 0 0 0 0 0 0 0 0 0 0 0 0 0 3 0 0 0 0 0 0 0 0 0 0 0 0 0 0 0 0 0 0 0 0 0 0 19 61 43 13 0 0 0 61 23 0 3 0 0 1 0 41 24 8 0 0 0 0 10 0 3 30 0 0 0 0 0 1 0 0 0 0 0 0 0 1 0 0 1 0 0 0 0 0 0 0 0 14 0 0 0 2 0 0 0 0 0 0 1 2 0 6 4 0 0 0 0 2 0 0 0 38 0 0 0 0 0 0 0 0 0 0 0 0 1 0 
 0 0 2 0 0 0 3 0 0 0 0 0 56 0 0 0 0 0 0 0 26 0 2 0 1 0 0 0 0 0 0 0 0 0 1 0 0 0 20 0 247 265 85 127 51 270 259 180 210 101 69 112 42 332 0 400 144 411 115 310 45 0 0 0 0 0 0 0 0 1 7 58 0 0 0 0 0 50 0 0 0 0 0 0 0 0 0 0 0 0 0 0 0 0 0 0 0 0 0 0 0 0 0 14 0 0 0 0 0 0 0 0 0 0 0 0 0 0 0 0 7 20 50 11 0 0 0 67 38 31 18 0 0 7 14 26 18 37 0 0 0 0 0 0 0 0 0 0 0 0 0 0 0 0 0 0 0 4 0 0 0 0 0 1 0 0 0 0 0 0 0 0 0 0 0 0 0 5 0 0 10 0 0 0 0 0 0 0 0 0 0 0 0 0 0 0 0 0 0 0 6 37 55 0 0 0 9 36 65 9 25 0 12 0 13 18 21 20 0 0 0 0 0 8 0 0 0 0 0 0 0 0 0 0 0 0 0 0 0 0 0 0 16 0 0 0 0 0 0 0 0 16 0 2 0 0 0 0 1 12 0 0 0 0 0 0 0 0 0 0 0 0 0 0 0 0 0 0 0 0 0 0 0 0 0 0 0 0 2 0 
 0 0 3 0 3 0 0 0 0 0 5 2 0 0 0 0 0 0 0 0 0 0 3 0 2 248 0 0 0 0 0 0 0 0 4 0 0 0 0 0 31 193 415 49 56 252 48 333 158 279 570 52 30 261 400 0 151 310 246 65 0 0 0 0 0 0 0 0 0 4 0 0 0 0 0 0 0 0 0 0 0 0 0 0 0 0 0 0 0 2 0 0 0 0 0 0 0 0 0 0 0 0 0 0 0 0 0 0 0 0 0 0 0 0 0 0 0 22 0 0 8 0 13 10 12 9 2 0 11 13 48 23 0 40 0 9 20 28 0 4 0 0 0 0 0 0 0 37 0 0 0 0 0 0 17 20 0 3 1 0 12 0 0 0 0 0 0 0 0 0 2 0 0 6 0 0 0 0 0 0 0 0 0 0 0 0 0 0 0 0 0 0 0 0 0 0 0 0 0 0 0 4 17 6 0 2 7 1 27 47 47 15 1 10 3 0 8 26 3 0 0 0 0 0 0 0 6 0 0 0 0 0 1 0 0 0 0 0 3 0 0 0 14 0 0 0 0 0 0 0 0 15 0 2 0 0 0 0 0 30 0 0 5 2 1 22 4 1 0 0 12 0 0 0 0 0 0 0 0 0 0 1 0 0 10 10 0 0 2 0 
 6 5 7 68 10 3 40 7 8 4 10 4 5 66 6 9 7 4 7 47 0 1 4 2 2 3 2 2 2 1 2 0 0 0 6 2 2 1 2 2 34 99 87 49 46 43 36 253 127 121 75 84 36 43 144 151 0 138 57 40 0 0 2 0 0 0 42 0 0 2 0 0 0 2 0 0 0 0 0 0 4 0 0 0 0 0 0 0 24 1 0 0 1 0 19 15 0 1 1 3 0 0 0 0 0 0 0 0 0 0 0 0 0 0 0 0 0 0 0 0 18 14 0 10 13 1 0 5 0 0 21 32 0 20 7 0 0 10 0 6 0 0 0 0 0 0 0 0 0 0 0 0 10 6 0 19 0 0 1 0 1 9 0 0 0 0 19 19 1 0 0 0 12 12 8 5 0 5 0 16 0 0 0 0 0 0 0 0 0 0 0 0 0 0 0 0 0 0 0 0 6 6 5 8 0 0 11 5 0 9 11 0 6 8 6 0 9 7 6 0 0 7 0 0 0 0 0 0 0 0 16 0 0 0 0 0 0 0 0 0 0 0 10 0 0 0 1 0 0 2 0 3 0 1 0 0 0 0 4 1 0 0 0 0 0 2 1 0 0 0 0 0 0 0 0 0 0 0 0 0 0 0 0 0 0 10 0 0 0 0 
 5 1 3 0 0 0 0 0 0 1 0 2 0 0 0 3 0 3 0 5 2 1 1 1 3 3 1 50 1 2 1 1 3 1 3 0 1 2 1 1 44 53 444 476 37 628 37 673 132 70 440 297 32 52 411 310 138 0 45 42 0 0 0 13 7 0 0 3 1 12 4 21 0 0 0 2 0 4 0 0 0 0 0 3 0 0 0 0 0 0 0 0 0 0 0 0 1 0 0 0 0 0 0 0 0 0 0 0 0 0 0 0 0 0 0 0 0 0 0 0 0 0 8 23 17 39 0 0 0 13 35 27 0 0 0 0 10 10 0 0 0 0 0 0 4 3 0 0 0 0 16 0 0 0 0 13 0 2 20 2 0 0 0 0 0 0 0 0 0 0 7 0 0 9 0 0 0 0 0 0 0 0 0 0 0 0 0 0 0 0 0 0 0 0 0 0 0 0 0 0 0 0 0 17 16 17 0 21 0 23 26 5 0 0 0 0 4 24 0 0 0 0 0 0 34 9 0 0 0 0 5 23 0 0 0 0 0 0 15 12 0 11 0 0 0 0 0 0 0 0 0 7 0 0 0 0 0 1 0 0 2 0 62 62 3 21 3 63 3 0 14 0 0 0 0 8 0 0 0 0 0 0 0 0 18 7 0 0 0 0 
 3 0 0 0 0 0 0 0 0 0 0 8 0 0 0 0 0 0 0 0 0 0 0 0 29 190 0 0 0 2 0 0 0 0 0 0 0 0 0 0 49 46 249 110 281 57 54 287 95 288 486 259 531 313 115 246 57 45 0 312 0 0 0 0 0 0 0 0 0 0 0 0 0 0 0 0 0 0 0 0 0 0 0 0 0 0 0 0 0 0 0 0 0 0 0 0 0 0 0 0 0 0 0 0 0 9 0 0 0 0 0 0 0 0 0 0 0 0 0 0 24 24 7 0 0 0 29 4 0 0 0 0 39 59 16 7 4 6 15 44 0 0 0 0 0 0 0 1 0 0 0 0 0 0 0 0 0 10 0 0 0 0 0 6 3 0 0 0 0 0 0 0 0 0 0 0 8 6 0 0 0 0 0 0 0 0 0 0 0 5 0 0 0 0 0 0 0 0 0 0 60 0 6 0 0 0 30 3 4 6 3 0 11 38 50 15 1 0 2 27 2 6 0 0 0 0 0 0 0 0 0 0 0 0 0 0 0 0 0 0 0 0 0 0 0 0 0 0 0 0 0 7 0 2 0 0 0 0 0 2 0 0 0 0 0 2 3 0 0 0 0 0 0 0 0 2 0 0 0 0 0 0 0 0 0 0 0 0 0 0 
 2 67 2 0 0 0 0 0 0 0 0 0 0 0 0 0 0 0 0 0 0 0 0 0 1 1 0 0 0 0 0 0 0 0 1 0 0 0 0 0 338 264 65 89 270 246 435 108 57 80 254 25 211 174 310 65 40 42 312 0 0 0 0 0 0 0 52 0 0 0 0 0 32 0 0 0 0 0 0 50 0 0 0 51 0 0 0 0 0 0 0 0 0 0 0 0 0 0 0 0 0 0 0 0 0 0 0 0 0 0 9 0 0 0 0 0 0 0 0 0 17 10 25 5 0 1 0 28 0 13 6 0 0 57 20 0 40 0 10 13 0 0 0 0 0 0 0 0 0 0 0 0 0 0 0 0 0 0 4 58 0 0 0 2 0 0 0 0 0 0 0 0 0 0 0 0 33 2 0 0 0 0 0 0 0 0 0 0 0 0 0 0 0 0 0 0 0 0 0 0 35 19 37 49 24 1 30 5 0 0 0 6 0 27 45 14 25 10 0 15 0 0 0 0 0 0 0 0 0 0 0 0 14 0 0 0 0 0 3 4 0 0 0 0 0 0 0 0 0 0 0 9 0 2 0 0 0 0 1 2 0 0 0 0 0 3 0 0 0 0 0 0 0 0 0 2 0 0 0 0 0 0 0 0 0 0 0 0 0 0 
 0 0 3 0 0 1 0 0 0 0 0 0 0 0 0 0 1 0 0 0 0 0 0 0 0 0 0 0 0 1 0 0 4 0 0 0 1 1 71 5 0 0 0 0 2 3 51 0 0 0 1 0 0 0 45 0 0 0 0 0 0 361 112 44 47 34 345 426 21 33 240 24 99 111 481 19 35 24 46 51 0 0 0 0 0 0 0 0 0 0 0 0 0 0 0 0 0 0 0 0 0 0 0 0 0 0 4 3 0 0 0 0 7 0 8 0 0 0 0 4 0 0 0 0 0 0 0 0 0 0 0 0 0 0 0 0 0 0 9 0 9 10 13 0 0 0 0 17 19 1 0 0 8 20 12 8 8 8 0 0 0 0 0 0 5 0 0 0 0 0 0 3 0 0 0 0 0 0 0 0 6 0 0 0 0 0 0 0 5 0 0 0 6 9 2 0 0 0 0 9 0 0 0 0 9 0 0 0 0 0 0 0 0 0 0 0 0 14 0 0 0 27 33 9 0 0 0 20 23 26 25 0 0 0 8 21 15 7 0 0 0 0 0 0 0 0 0 0 0 0 0 0 0 0 7 0 0 0 0 0 0 0 0 0 0 0 10 0 0 0 0 0 0 2 0 0 0 0 0 0 0 0 0 0 0 0 0 0 0 0 
 31 2 3 1 3 0 3 3 3 0 7 1 0 5 0 1 4 2 2 0 8 0 4 3 0 0 0 0 27 4 19 1 0 0 0 59 10 3 0 0 0 2 0 63 2 0 0 0 0 3 0 12 3 0 0 0 0 0 0 0 361 0 210 64 33 26 75 407 171 69 38 37 76 278 402 137 327 28 86 38 0 8 0 0 0 0 0 0 0 0 0 0 0 46 0 0 0 0 0 0 0 0 0 9 5 4 0 0 0 0 9 5 0 0 0 0 0 8 0 0 0 0 0 0 0 0 0 0 0 0 0 0 0 0 0 0 0 0 4 0 0 0 0 0 0 11 0 0 9 9 7 0 0 2 0 0 0 0 17 6 0 0 0 0 0 0 0 0 0 0 0 0 0 0 0 0 0 0 0 0 0 0 0 7 10 5 0 0 0 6 0 7 0 0 0 7 0 6 0 0 0 0 0 0 0 12 7 0 0 0 0 7 0 0 0 0 0 0 6 0 0 0 9 14 1 0 0 0 2 21 10 10 9 17 0 0 8 16 0 0 20 0 0 0 0 0 0 0 0 0 0 0 0 0 6 0 0 5 0 0 0 0 0 0 0 1 7 0 0 0 2 0 0 11 1 1 0 0 0 0 0 0 0 0 0 1 10 4 0 0 
