 0 207 55 145 42 42 438 441 49 39 28 39 62 203 598 40 38 22 25 221 0 0 0 0 0 0 0 0 0 3 0 0 2 0 0 2 3 0 0 2 3 0 1 0 0 0 0 2 2 0 0 1 3 0 0 0 0 0 2 3 5 0 3 3 3 0 0 48 0 3 4 0 0 2 0 2 2 0 0 0 28 56 32 0 0 0 0 29 14 14 0 0 9 8 58 30 36 7 0 0 0 0 0 0 0 0 0 0 0 0 0 0 0 0 0 0 0 0 0 0 0 0 0 0 0 0 0 0 0 0 0 0 0 0 0 0 0 0 0 0 0 0 0 1 0 0 0 13 0 0 0 0 0 0 0 0 0 0 0 0 35 32 44 7 0 0 6 31 12 25 0 0 0 71 81 21 24 0 0 9 12 0 0 0 0 0 0 0 0 0 0 0 0 0 0 0 0 0 0 0 0 0 0 0 0 0 0 0 0 0 0 0 0 9 0 0 0 0 0 0 0 0 0 0 18 9 0 0 0 15 0 0 0 0 0 0 0 0 0 0 0 0 0 0 0 0 2 0 0 0 0 9 0 0 0 0 0 0 0 0 0 0 0 0 0 0 0 0 0 0 0 0 0 0 0 0 0 0 0 0 0 0 0 0 0 0 0 0 0 0 
 207 0 186 61 52 258 338 365 334 40 49 45 272 151 784 298 527 38 38 74 0 3 0 74 2 0 0 77 0 3 0 5 2 0 3 2 3 3 0 2 3 2 2 0 3 3 3 2 5 0 0 0 3 3 0 0 0 0 2 3 10 0 3 6 3 0 3 1 0 3 0 55 1 61 0 2 2 0 0 3 6 31 58 3 0 0 2 43 23 40 9 1 0 8 10 55 13 40 0 0 0 0 0 0 0 0 0 0 2 0 0 0 0 0 0 0 0 0 0 0 0 0 0 0 0 0 0 0 0 0 0 0 0 0 2 0 0 0 0 0 0 0 0 5 0 0 0 0 0 0 0 0 0 0 4 2 0 0 0 0 0 0 29 15 0 0 7 69 30 55 28 4 0 8 36 13 16 28 18 0 48 0 0 0 0 16 0 0 0 0 0 0 0 0 0 0 0 0 0 0 0 0 0 0 0 0 0 0 0 15 0 0 0 0 0 0 0 0 0 17 0 0 0 0 0 0 0 1 0 0 0 0 0 0 0 0 0 0 0 0 0 13 0 0 0 2 0 0 0 2 0 8 14 0 0 0 0 0 0 0 2 0 15 0 0 2 0 0 0 0 0 0 0 2 0 10 0 0 0 0 0 0 0 0 0 0 0 0 0 0 
 55 186 0 245 65 244 106 67 251 226 140 271 84 48 50 354 213 208 46 36 0 0 0 0 0 2 0 0 0 6 0 0 5 0 2 5 6 3 0 2 5 0 2 1 0 1 2 4 2 0 9 1 4 0 0 0 0 0 6 4 0 0 3 0 3 0 0 3 0 51 2 0 0 2 0 2 2 0 0 0 0 0 17 42 1 9 0 0 30 21 12 45 0 0 0 4 62 37 0 0 0 0 0 0 0 0 0 0 0 0 2 0 0 0 0 0 0 0 0 0 0 0 0 0 2 0 0 0 0 0 0 0 1 0 0 0 0 0 0 0 0 0 0 1 0 0 0 1 0 0 0 0 0 0 4 0 0 1 0 0 0 0 0 27 9 0 0 1 21 0 14 20 0 1 0 13 2 20 0 0 0 0 0 14 0 0 0 0 16 0 0 0 0 0 0 0 0 0 0 0 0 0 2 0 0 16 0 0 0 0 12 0 0 0 0 0 0 0 0 0 0 0 0 0 0 0 0 0 0 0 0 0 0 0 0 0 0 0 0 0 0 0 0 0 0 2 90 2 4 5 0 13 17 0 0 0 0 0 0 0 0 0 0 0 0 0 0 0 1 0 0 0 0 0 0 16 0 10 0 0 0 0 0 0 0 0 0 0 0 0 
 145 61 245 0 91 255 123 78 81 487 216 561 53 75 54 145 56 311 42 56 0 0 0 0 0 0 0 0 0 3 0 0 2 208 0 2 5 2 0 2 3 0 58 0 0 82 0 2 2 2 0 3 3 0 0 6 0 0 6 3 0 0 3 0 3 44 0 37 0 2 1 0 0 2 0 2 2 0 43 0 0 0 0 62 33 77 0 0 13 13 32 45 2 0 0 0 21 10 0 0 0 0 0 0 0 0 0 0 0 0 1 0 10 0 0 0 0 0 0 4 0 0 0 0 0 0 19 0 0 0 0 0 2 11 0 0 0 0 0 0 0 0 0 0 2 0 0 2 0 3 2 1 0 0 0 0 0 0 2 0 0 0 0 33 8 1 0 7 0 0 24 19 0 2 0 0 21 12 0 0 0 0 0 2 0 0 2 0 0 0 0 0 23 1 0 0 0 0 22 1 0 0 0 0 0 0 0 0 0 0 0 0 0 0 17 0 0 0 0 0 0 0 0 0 9 0 0 0 0 0 0 0 0 0 2 0 0 0 0 0 0 0 0 0 0 2 60 1 3 58 0 9 0 0 0 0 0 0 0 0 0 0 0 0 0 0 0 0 0 0 0 0 0 0 0 16 26 19 0 0 0 0 0 0 0 0 0 0 0 0 
 42 52 65 91 0 430 66 58 74 61 112 326 104 358 71 81 475 47 45 75 0 0 2 0 6 4 0 0 0 9 0 0 8 0 0 5 3 0 0 2 3 0 2 0 0 1 0 2 2 0 0 0 9 0 0 0 0 0 6 7 0 0 0 2 3 0 0 3 0 0 3 0 0 2 0 2 3 0 0 4 0 0 0 10 36 52 30 0 0 0 6 0 0 0 0 0 0 0 0 0 0 0 0 0 0 0 0 2 0 1 0 0 36 0 0 0 0 0 27 77 0 0 0 0 0 0 0 0 0 0 0 0 0 0 0 0 0 0 0 0 0 2 0 23 0 0 0 0 0 27 1 16 0 0 0 0 0 0 0 0 0 0 0 14 17 36 0 8 0 0 13 39 0 0 10 0 0 0 0 0 1 0 0 0 0 0 20 0 0 0 0 0 90 0 0 0 0 0 66 11 0 0 0 0 0 0 0 0 0 2 0 0 0 0 14 0 0 0 2 0 0 0 0 0 0 0 0 0 0 0 0 0 0 1 0 0 1 0 0 0 0 2 0 0 0 3 2 3 0 7 3 20 1 0 0 0 0 0 0 0 0 0 0 0 0 0 0 0 0 0 1 0 0 0 0 0 19 0 0 0 0 0 0 0 0 0 0 0 0 0 
 42 258 244 255 430 0 71 128 64 51 72 84 252 51 37 66 130 50 31 49 0 74 212 0 0 0 0 0 3 3 0 0 18 2 0 3 3 2 364 2 3 0 0 0 0 0 0 2 2 0 0 0 3 59 0 0 0 0 2 3 0 51 1 0 3 0 0 3 0 0 3 0 0 2 0 2 3 0 0 0 0 0 0 0 19 11 0 0 0 0 0 0 0 0 0 0 0 0 0 0 0 0 0 0 0 0 26 49 2 0 0 0 46 12 4 0 0 0 63 31 0 0 0 0 0 1 0 0 0 0 0 0 0 0 1 0 0 0 0 0 0 0 0 0 0 0 0 0 0 23 3 6 0 0 0 0 0 0 0 2 0 0 0 4 21 39 0 0 0 0 0 12 0 0 11 0 0 0 0 0 13 0 0 0 0 0 44 0 0 0 0 0 41 19 9 2 0 0 26 11 0 0 0 0 0 0 0 0 0 0 0 0 0 0 1 0 0 0 0 0 0 0 7 0 0 0 0 0 0 0 0 0 0 0 0 0 0 0 0 0 0 0 0 0 0 6 1 0 1 1 0 7 0 2 0 0 0 0 0 0 0 0 0 0 0 0 0 0 0 0 0 0 0 0 0 0 5 0 0 0 0 0 0 0 0 0 0 0 0 0 
 438 338 106 123 66 71 0 114 74 42 238 42 406 561 244 38 49 39 40 323 0 2 0 0 0 0 0 0 0 3 2 3 2 2 2 2 3 0 0 5 3 0 1 0 0 0 0 2 4 5 3 0 6 0 3 0 0 0 2 3 4 3 3 2 3 3 0 2 0 37 0 0 0 2 0 5 4 2 0 0 28 44 0 0 11 0 24 29 10 0 1 0 14 36 56 0 22 0 1 29 0 2 0 12 0 0 0 0 0 0 0 0 0 0 0 0 0 0 0 0 0 0 0 0 0 3 0 0 0 0 0 0 0 0 0 0 0 1 2 0 0 1 2 0 0 0 0 4 0 0 0 1 0 0 0 0 0 0 0 0 38 58 33 0 0 0 8 0 5 0 1 0 18 61 0 2 22 0 22 14 13 0 0 0 0 0 0 0 0 0 0 0 0 0 0 0 0 0 0 0 0 0 0 0 0 0 0 0 0 0 0 0 0 0 0 0 0 0 1 2 0 0 0 0 0 0 0 1 20 0 0 0 0 0 0 0 2 0 0 0 0 1 0 0 0 3 1 0 1 2 3 7 0 0 0 0 0 0 0 0 0 0 0 0 0 0 0 0 0 0 0 0 0 0 0 0 0 0 0 0 0 0 0 0 0 0 0 0 0 8 
 441 365 67 78 58 128 114 0 83 54 47 36 100 445 248 168 54 33 51 47 36 0 0 1 0 205 0 0 0 3 4 0 2 0 0 3 3 4 205 7 3 3 2 0 0 2 0 2 2 0 0 0 3 0 0 0 0 0 2 3 10 0 2 6 3 0 0 7 0 1 2 0 2 2 0 2 3 1 0 0 4 56 32 10 0 0 0 58 44 10 9 1 6 6 41 36 0 6 0 0 0 0 0 0 6 2 0 0 0 0 0 0 0 0 0 0 0 0 0 0 0 0 0 0 0 0 1 0 0 1 0 2 0 0 1 0 0 0 0 0 0 0 0 7 0 0 0 0 0 0 0 0 0 5 0 0 0 0 0 2 25 14 60 10 0 0 2 33 25 28 0 1 0 6 52 45 6 26 0 0 16 0 0 0 0 0 0 0 0 0 0 0 0 0 0 0 0 0 0 0 0 0 0 0 0 0 0 0 0 0 0 0 0 0 1 0 0 0 0 0 0 0 0 0 0 0 0 0 0 1 0 0 0 0 0 0 0 0 0 1 0 0 0 0 2 0 2 0 2 0 1 20 15 0 0 0 0 0 0 0 0 0 0 0 0 0 1 0 0 0 0 0 0 0 0 1 0 0 0 0 0 0 0 0 0 0 0 0 0 0 
 49 334 251 81 74 64 74 83 0 405 48 32 110 100 89 407 190 286 62 56 0 0 0 0 24 2 0 1 2 5 0 0 2 0 0 2 4 0 0 2 3 0 2 6 0 0 0 2 2 0 1 0 3 0 39 0 2 59 2 3 0 0 6 0 3 1 3 3 0 2 1 0 0 2 0 2 2 0 0 0 0 0 35 28 3 0 0 21 54 34 18 31 0 0 0 25 36 17 0 0 0 0 0 0 0 0 0 0 0 0 0 0 0 0 0 0 0 0 0 0 0 0 0 0 0 0 0 0 0 0 0 0 0 0 0 0 0 0 0 0 0 0 0 5 0 0 0 0 0 0 0 0 1 0 5 0 0 0 0 0 0 0 0 25 1 0 0 10 22 13 40 17 0 0 1 0 26 35 0 0 0 0 0 0 0 0 0 0 0 0 0 0 0 0 0 0 13 0 0 0 0 0 0 19 0 0 0 0 0 0 0 0 0 0 3 0 0 0 0 0 0 0 0 0 0 2 0 0 0 0 0 0 0 0 0 0 0 0 0 0 0 18 0 0 0 1 2 0 0 4 2 12 13 2 0 0 0 0 0 0 0 0 21 0 0 0 0 0 0 0 0 0 0 0 0 26 0 9 0 0 0 0 0 0 0 0 0 0 0 0 
 39 40 226 487 61 51 42 54 405 0 481 77 44 81 137 342 422 157 124 43 77 0 0 0 4 0 0 0 1 0 0 1 0 0 0 0 0 0 0 1 0 0 0 66 0 0 0 0 0 0 0 0 0 0 0 0 62 0 0 3 35 0 1 0 0 0 0 0 0 0 0 0 0 0 0 0 0 0 0 0 1 8 27 39 18 20 0 0 27 32 47 70 0 0 0 0 44 31 0 0 0 0 0 0 0 0 0 0 0 1 0 0 0 0 0 0 0 0 2 0 0 0 0 0 1 0 0 0 0 0 0 0 0 0 0 0 2 0 3 1 0 0 0 0 0 0 0 2 5 0 0 0 0 0 16 0 0 3 0 0 0 0 0 30 8 0 0 0 8 2 29 22 0 0 1 0 16 22 0 0 0 0 0 0 2 0 0 0 0 0 0 0 0 0 0 0 0 0 2 0 0 0 1 0 11 0 0 0 0 0 0 0 26 0 1 10 0 0 0 0 0 0 0 0 0 0 0 0 0 0 0 0 0 0 0 0 0 0 0 0 0 19 0 0 0 0 180 1 0 179 0 11 1 0 2 0 0 0 0 0 0 0 19 0 0 0 0 0 0 0 0 0 0 0 0 21 0 18 0 0 0 0 0 0 0 1 0 0 0 0 
 28 49 140 216 112 72 238 47 48 481 0 567 36 481 47 85 305 311 26 60 1 0 0 72 2 208 0 0 0 4 0 86 2 0 0 3 3 0 2 2 7 0 2 0 0 0 0 2 2 0 0 0 3 0 0 0 0 0 2 3 0 0 2 0 3 0 0 3 0 1 2 0 0 2 0 2 2 0 0 0 0 16 0 25 30 57 0 0 13 12 27 56 0 0 0 0 20 9 0 0 0 0 0 0 0 0 0 0 0 0 0 0 1 0 0 0 0 0 0 0 0 0 0 0 0 0 0 0 0 0 0 0 0 0 0 0 0 0 0 0 0 1 0 0 0 0 0 0 0 0 0 0 0 0 0 0 0 0 0 0 0 0 0 40 8 0 0 2 0 0 15 25 0 0 0 0 18 6 0 0 0 5 0 0 21 0 0 0 0 0 0 0 13 0 0 0 0 0 14 0 0 0 0 0 0 0 0 0 0 0 6 0 0 0 17 0 0 0 15 0 0 0 0 0 0 0 0 0 0 0 0 0 0 0 0 0 0 0 0 0 0 2 0 0 0 0 109 0 3 48 2 7 2 0 0 0 0 0 0 0 0 0 0 0 0 0 0 0 0 0 0 0 0 0 0 15 13 16 0 0 0 0 0 0 0 0 0 0 0 0 
 39 45 271 561 326 84 42 36 32 77 567 0 31 34 20 59 86 59 52 19 0 0 8 0 1 0 3 2 0 3 0 0 31 0 0 3 64 0 0 2 5 0 0 7 0 0 0 7 2 0 63 0 3 0 0 0 0 43 3 3 0 0 0 0 3 0 0 3 0 0 4 0 0 2 0 2 3 0 6 0 0 0 0 22 83 35 0 0 0 1 28 24 0 0 0 0 2 0 0 1 0 0 0 1 0 0 0 0 0 0 0 0 0 0 0 0 0 0 3 1 0 0 0 0 0 0 0 0 0 0 0 0 0 0 0 0 0 0 2 0 1 0 2 0 0 0 12 0 0 12 0 5 0 0 0 2 0 0 0 10 0 0 12 13 32 10 0 0 0 0 18 23 0 0 0 0 0 17 0 0 2 0 0 0 0 0 2 0 0 0 0 0 0 0 0 0 0 0 19 0 0 0 0 0 0 0 0 0 0 0 0 0 0 0 30 0 0 0 1 0 0 0 0 0 0 0 0 1 0 0 0 0 0 0 0 0 0 0 0 0 0 0 0 0 0 2 177 2 3 88 0 24 0 19 2 0 0 0 0 0 0 0 0 0 0 0 0 2 0 0 0 0 0 2 0 1 0 0 0 0 0 0 0 0 0 0 0 0 0 0 
 62 272 84 53 104 252 406 100 110 44 36 31 0 144 32 39 32 36 331 239 1 0 1 3 2 0 2 3 2 4 4 1 3 0 0 4 3 7 2 9 3 6 33 0 0 4 0 5 2 0 0 2 3 0 1 1 3 3 11 3 0 2 3 12 3 2 0 8 42 3 0 0 2 2 0 4 3 0 0 0 41 0 1 1 0 0 43 2 18 2 2 1 45 49 0 0 14 1 16 61 1 0 0 1 0 0 0 2 2 0 2 1 0 6 1 2 1 2 2 1 1 1 1 0 0 0 1 0 0 0 0 0 1 1 1 0 0 0 1 0 0 11 1 0 0 0 0 8 8 8 0 0 0 7 10 9 0 0 0 0 25 23 0 0 2 2 51 0 10 0 2 2 10 12 0 10 18 2 16 21 3 2 0 1 2 1 0 0 1 1 2 1 0 2 2 2 1 2 0 0 1 1 1 0 0 0 1 2 0 0 0 0 1 1 1 0 0 0 11 1 0 8 11 0 0 0 0 3 3 11 0 0 3 0 11 0 11 0 0 0 0 2 2 0 0 3 0 0 0 1 0 6 0 0 0 0 0 0 0 2 0 0 2 0 0 0 0 0 0 0 0 0 0 0 0 0 0 0 0 0 0 2 1 0 1 0 0 0 0 0 
 203 151 48 75 358 51 561 445 100 81 481 34 144 0 447 239 239 14 32 232 5 0 1 0 0 1 0 2 45 3 0 0 2 0 1 3 3 1 19 2 3 0 1 0 0 0 0 2 2 0 0 0 3 0 0 0 0 1 2 5 12 0 2 5 3 0 0 3 0 1 2 0 0 2 0 2 2 0 0 0 30 38 55 0 0 0 0 42 16 16 0 0 11 9 38 31 14 10 0 3 0 0 0 0 0 0 0 0 0 7 0 0 0 0 0 0 0 0 0 0 0 0 0 0 0 0 0 0 0 0 0 0 0 0 0 0 0 0 0 0 0 0 0 1 0 0 0 7 0 0 0 0 0 0 0 0 0 0 0 0 54 33 39 0 0 0 10 26 12 31 0 0 0 23 45 20 28 1 0 12 9 0 0 0 0 0 0 0 0 0 0 0 0 0 0 0 0 0 0 0 0 0 0 0 0 0 0 0 0 0 0 0 0 0 0 0 0 0 0 0 0 0 0 0 0 0 0 0 0 0 0 0 0 0 0 0 0 0 0 0 0 0 0 0 0 0 2 1 2 0 0 117 1 0 0 0 0 0 0 0 0 0 1 0 0 0 0 0 0 0 0 0 0 0 0 0 0 0 0 0 0 0 0 0 0 0 0 0 0 0 
 598 784 50 54 71 37 244 248 89 137 47 20 32 447 0 184 274 238 34 82 0 99 0 0 0 0 0 0 0 3 1 0 2 0 0 2 3 0 0 2 3 0 2 0 0 0 0 2 2 0 0 0 3 0 0 0 0 0 2 3 5 0 3 3 3 0 0 2 0 2 1 0 0 2 0 2 2 0 0 0 4 62 39 48 0 0 0 47 24 13 9 7 0 6 33 33 0 9 0 0 0 0 0 0 0 0 0 0 0 0 0 0 0 0 1 0 0 0 0 0 0 0 0 0 0 0 0 0 0 0 0 0 0 0 0 0 0 0 0 0 0 0 0 7 1 0 0 0 0 0 0 0 2 0 0 0 0 0 0 0 43 14 48 11 0 0 3 26 58 34 0 0 0 6 30 6 6 23 0 0 14 0 0 0 0 0 0 0 0 18 0 0 0 0 0 0 0 0 0 0 0 0 0 0 0 0 16 0 0 1 0 0 0 0 0 0 0 0 0 0 0 0 0 0 0 1 0 0 0 0 0 0 0 1 0 0 0 0 0 0 0 0 0 0 0 2 2 0 1 0 0 4 55 1 0 0 0 0 0 0 0 0 0 0 0 0 0 0 0 0 0 0 0 0 0 0 0 0 0 0 0 0 0 0 0 0 0 0 0 0 
 40 298 354 145 81 66 38 168 407 342 85 59 39 239 184 0 254 280 37 46 0 0 0 0 0 0 0 0 0 3 0 0 2 0 0 5 7 2 0 2 3 0 2 0 0 0 0 2 2 0 0 0 3 0 0 0 0 0 2 3 0 0 1 0 3 0 0 3 0 0 3 1 0 2 0 2 3 0 0 0 0 19 37 23 0 0 0 26 87 29 13 24 0 0 0 22 46 29 0 0 0 0 0 0 1 0 0 0 0 0 0 1 0 0 0 0 0 0 0 0 0 9 0 0 0 0 0 0 0 0 0 0 0 0 0 0 0 0 0 0 0 8 0 7 0 1 2 5 0 0 0 0 0 0 10 0 10 0 0 0 0 0 34 33 0 0 0 4 28 22 27 3 0 26 13 43 30 33 2 2 0 0 0 0 0 0 0 0 0 0 0 1 1 0 0 0 0 0 0 12 0 0 0 0 0 0 0 0 1 0 0 0 0 0 0 0 0 0 0 0 0 22 2 0 0 0 0 0 0 0 1 0 0 0 0 0 0 0 0 0 0 18 0 0 0 0 1 2 0 2 0 19 16 0 0 0 0 0 0 0 1 0 18 0 0 0 0 0 0 0 0 0 0 0 0 23 0 0 0 0 0 0 0 0 0 0 0 0 0 0 
 38 527 213 56 475 130 49 54 190 422 305 86 32 239 274 254 0 343 90 29 0 0 0 0 0 206 0 0 0 3 0 0 2 0 0 3 5 1 0 2 3 0 64 0 0 0 0 2 2 0 0 5 3 0 0 0 0 0 2 3 0 0 3 0 32 0 0 3 0 2 1 0 0 2 0 2 2 0 0 0 0 2 22 34 4 0 0 49 53 28 25 22 2 1 0 11 40 40 0 0 0 36 0 0 0 0 0 0 0 0 1 0 0 0 0 0 0 0 0 0 0 0 0 0 0 0 0 0 0 0 0 0 2 0 0 0 0 0 0 0 0 0 0 4 2 0 0 2 0 0 2 0 0 0 5 0 0 0 2 0 1 0 2 35 0 0 0 13 28 12 29 19 0 3 0 6 17 28 0 0 0 0 0 2 0 0 0 0 0 0 0 0 0 1 0 0 0 0 0 0 0 0 0 0 0 0 0 0 0 0 0 0 0 0 0 0 0 0 0 0 0 0 0 0 0 0 0 0 0 0 0 0 0 0 2 0 0 0 0 0 0 17 0 0 0 1 0 0 4 1 1 9 14 0 0 0 0 0 0 0 0 0 19 0 0 0 0 0 0 0 0 0 0 0 0 15 0 10 0 0 0 0 0 0 0 0 0 0 0 0 
 22 38 208 311 47 50 39 33 286 157 311 59 36 14 238 280 343 0 54 35 0 0 0 0 0 0 0 0 0 77 0 0 2 0 0 23 3 2 0 2 3 28 0 0 0 1 0 5 2 0 0 0 3 0 0 0 3 0 3 3 0 0 0 0 3 0 0 3 0 6 4 0 0 2 1 2 3 0 0 0 0 0 6 33 21 10 0 0 27 32 53 35 0 0 0 0 33 22 0 0 0 0 0 0 0 2 0 0 0 0 0 0 0 0 1 0 13 0 0 0 0 0 0 0 0 0 0 0 0 1 0 1 0 0 0 0 0 0 0 0 0 0 0 0 0 0 0 0 0 0 0 0 0 0 1 0 0 0 0 0 0 0 0 3 7 2 0 0 0 0 26 11 0 0 0 0 14 25 0 0 0 0 0 0 0 0 0 0 0 0 0 0 0 0 0 0 0 0 1 0 0 0 23 0 0 0 2 0 0 0 0 0 0 11 1 0 0 0 0 0 0 0 0 0 0 0 0 0 0 0 0 0 0 0 0 0 0 0 0 0 0 18 0 0 2 0 183 0 1 88 0 8 0 0 0 0 0 0 0 0 0 0 14 0 0 0 0 0 0 0 0 0 0 0 0 31 0 9 0 0 0 0 0 0 0 0 0 0 0 0 
 25 38 46 42 45 31 40 51 62 124 26 52 331 32 34 37 90 54 0 254 0 2 0 2 0 0 0 2 1 3 0 0 2 2 1 4 3 76 0 2 3 0 0 0 0 0 0 2 2 0 0 0 3 0 0 0 0 0 2 3 0 0 3 0 3 0 3 3 0 2 1 0 0 2 0 2 2 0 0 0 23 0 0 0 0 1 43 1 8 0 0 0 48 49 4 0 0 0 24 70 26 7 0 0 0 0 2 0 0 0 0 0 0 0 0 0 0 0 1 0 0 0 0 0 2 0 0 0 0 0 0 0 0 0 0 0 2 15 0 0 0 0 0 0 0 0 0 0 0 0 0 0 0 0 0 0 0 1 0 0 0 14 0 0 0 0 27 0 0 1 0 0 34 15 0 0 0 0 54 31 0 0 0 0 1 2 0 14 0 0 0 0 0 0 0 0 0 0 0 0 0 0 2 0 0 0 0 0 0 0 0 0 1 0 0 1 0 0 0 2 0 0 0 5 0 0 0 0 0 0 0 0 2 0 2 0 0 0 0 0 0 0 0 0 0 91 0 0 0 0 0 10 0 0 0 0 0 0 0 0 0 0 0 0 0 0 0 0 0 0 0 0 0 0 0 0 0 0 0 0 0 0 0 0 0 2 0 0 0 0 
 221 74 36 56 75 49 323 47 56 43 60 19 239 232 82 46 29 35 254 0 0 0 0 2 0 0 4 0 0 3 0 0 2 0 0 3 3 0 1 4 3 0 0 0 0 0 0 2 2 0 0 0 3 0 0 0 0 0 2 3 0 0 0 0 10 0 0 3 0 0 3 0 0 2 0 2 3 0 0 1 41 15 8 0 0 0 42 53 30 0 1 0 43 49 38 1 10 0 12 27 0 0 0 0 0 0 0 0 0 0 0 0 0 0 0 0 0 0 0 0 0 0 0 0 0 0 0 0 0 0 0 0 0 7 0 0 0 0 0 0 0 0 0 1 0 0 0 4 0 0 0 0 0 0 0 0 0 0 0 0 34 18 0 0 0 0 13 0 4 4 0 0 18 57 0 13 11 0 10 36 1 0 0 0 0 0 0 0 0 0 0 0 0 0 0 0 0 0 0 0 0 0 0 0 0 0 0 0 0 0 0 0 0 0 0 0 0 0 0 0 0 0 0 0 0 0 0 0 0 0 24 0 0 18 0 0 0 0 0 0 0 0 0 0 0 0 0 0 1 0 0 16 2 0 0 0 0 0 0 0 0 0 0 0 0 0 0 0 0 0 0 0 0 7 0 0 0 0 0 0 0 0 0 0 0 0 0 0 0 0 
 0 0 0 0 0 0 0 36 0 77 1 0 1 5 0 0 0 0 0 0 0 103 98 129 34 34 407 377 43 111 29 35 80 113 282 41 24 31 34 322 0 0 1 0 1 0 0 3 17 2 3 7 6 2 3 0 0 2 0 3 3 2 0 3 0 3 0 2 2 0 3 0 2 3 3 0 3 0 2 0 0 23 0 0 0 0 0 0 0 0 0 0 6 0 0 0 0 0 0 0 28 28 15 26 0 0 10 36 38 25 0 0 0 22 50 47 12 12 1 1 0 1 0 0 0 0 0 0 0 0 0 0 2 0 0 0 0 0 0 0 15 0 0 0 0 0 0 0 0 0 0 0 0 0 0 1 0 0 43 0 2 0 0 0 0 1 0 0 0 0 16 0 0 1 1 0 0 0 0 0 1 54 13 0 0 0 10 38 23 21 10 0 1 35 45 12 21 1 0 2 0 0 0 0 9 0 0 0 0 0 0 0 0 0 0 0 0 0 0 0 0 0 0 0 0 2 0 0 0 0 1 0 0 0 0 0 0 0 0 0 0 0 4 0 0 0 0 0 0 0 0 0 0 0 14 2 1 0 0 0 0 0 9 0 0 0 0 0 0 0 0 0 0 0 0 0 0 0 0 0 0 9 0 0 0 0 0 0 0 2 
 0 3 0 0 0 74 2 0 0 0 0 0 0 0 99 0 0 0 2 0 103 0 344 95 28 250 79 518 338 54 46 38 59 66 487 400 359 267 61 156 0 0 1 0 0 0 0 0 5 0 3 0 2 63 0 0 0 0 1 0 3 2 1 3 0 2 0 2 0 0 3 0 2 3 0 0 3 0 0 0 0 0 0 0 0 0 0 0 0 0 0 2 0 0 0 0 0 1 0 0 1 10 89 34 0 0 0 0 39 33 38 6 1 0 1 33 29 84 1 0 0 0 0 0 0 0 0 0 0 0 0 0 0 0 0 0 0 0 0 0 7 14 0 0 0 0 0 0 0 0 0 0 0 0 0 0 0 0 5 0 0 0 0 0 1 0 4 1 0 0 0 0 0 0 14 0 0 0 0 0 0 35 75 23 0 0 0 8 23 42 27 0 0 16 0 30 29 74 0 1 0 0 0 0 0 0 0 0 0 0 0 0 0 0 0 0 0 2 0 0 0 0 0 0 0 0 0 0 0 0 0 0 0 0 0 0 0 0 0 0 0 0 18 0 0 0 0 0 0 0 0 0 0 0 5 2 0 0 0 2 1 0 0 0 0 0 8 0 0 0 0 0 0 0 0 0 0 0 0 0 0 10 0 0 0 0 0 0 0 0 
 0 0 0 0 2 212 0 0 0 0 0 8 1 1 0 0 0 0 0 0 98 344 0 74 29 49 288 128 503 283 83 37 42 51 132 129 129 280 61 45 64 0 0 0 0 0 0 0 0 0 3 0 2 0 0 0 0 0 0 0 3 2 4 52 0 2 0 4 0 0 3 0 7 3 0 0 3 1 0 0 0 0 0 0 0 0 0 0 0 0 0 0 0 0 0 0 0 0 0 0 0 6 26 14 14 0 0 0 22 31 13 31 0 0 0 5 12 23 0 0 0 0 0 0 0 0 0 0 0 0 0 0 0 0 0 0 0 0 0 0 1 0 0 0 0 0 0 0 0 0 0 0 0 0 0 0 0 0 1 0 0 0 2 0 0 0 0 1 0 0 0 0 0 0 0 0 0 1 0 6 0 2 61 27 0 8 0 0 37 44 13 49 0 0 0 12 47 31 0 0 0 0 0 0 0 0 0 0 0 0 0 0 0 0 0 0 0 0 0 0 0 0 0 0 0 0 0 0 8 0 0 14 0 0 18 0 0 0 0 0 0 0 10 0 0 0 0 0 0 0 0 0 0 0 7 0 1 5 1 1 2 9 0 0 0 0 23 0 0 0 0 0 0 0 0 0 0 0 0 0 0 12 0 0 0 0 14 0 0 0 
 0 74 0 0 0 0 0 1 0 0 72 0 3 0 0 0 0 0 2 2 129 95 74 0 98 44 96 92 162 382 187 350 69 65 306 56 41 337 55 165 0 0 2 0 0 0 0 1 0 4 3 0 2 0 0 0 0 0 0 0 3 2 3 3 4 2 0 7 0 0 3 2 2 3 0 0 3 0 0 0 0 0 0 0 0 0 0 0 0 0 0 0 0 0 0 0 0 1 0 1 0 0 2 26 48 20 0 0 16 10 24 47 0 0 0 0 0 1 0 0 1 0 0 0 10 0 2 0 0 0 0 0 0 0 0 0 0 17 1 22 0 0 0 0 0 0 0 0 1 0 0 0 0 0 0 0 0 0 0 0 0 0 20 0 3 0 3 1 0 0 0 0 0 0 0 0 0 0 0 0 0 0 1 19 51 9 0 0 0 22 27 66 0 1 0 0 0 0 0 0 0 0 0 2 0 0 0 21 0 0 0 0 0 0 0 0 0 2 27 1 0 0 0 0 0 0 0 0 0 0 0 1 0 0 0 0 0 0 0 0 0 0 0 0 0 0 0 0 0 0 0 0 0 0 12 5 2 58 51 1 13 14 0 0 0 0 0 0 0 0 0 0 0 0 0 0 0 0 0 0 0 16 0 0 0 0 12 0 0 0 
 0 2 0 0 6 0 0 0 24 4 2 1 2 0 0 0 0 0 0 0 34 28 29 98 0 603 268 99 78 62 99 623 245 54 115 333 56 48 55 77 0 0 2 63 0 0 0 198 0 3 6 0 2 0 0 1 1 0 9 2 4 4 0 3 0 2 0 5 2 0 3 0 2 3 0 0 6 0 1 0 0 0 0 0 0 0 0 0 11 0 0 0 0 0 0 0 0 0 0 0 1 0 0 0 1 30 0 0 0 0 23 0 0 0 0 0 0 0 0 0 1 0 0 1 0 0 1 0 0 1 0 0 44 0 0 0 0 0 86 41 0 1 0 0 0 19 0 1 5 0 0 0 0 1 0 0 0 0 1 0 0 0 0 0 0 0 0 0 0 8 18 5 0 14 0 0 0 0 0 0 0 0 0 0 43 25 0 0 0 0 0 19 0 0 13 0 2 1 0 1 0 0 0 0 0 0 4 0 0 0 0 0 55 10 0 0 1 0 45 19 0 0 0 0 0 0 9 0 0 0 0 12 0 0 24 0 0 0 0 2 0 0 0 0 0 0 0 0 0 0 0 0 0 0 0 0 2 2 6 2 2 0 0 0 0 0 0 0 0 0 0 0 0 0 0 0 0 0 0 0 0 1 0 0 0 0 0 0 0 0 
 0 0 2 0 4 0 0 205 2 0 208 0 0 1 0 0 206 0 0 0 34 250 49 44 603 0 34 36 43 50 68 56 38 32 126 326 56 72 58 37 0 0 1 0 0 0 0 0 0 0 3 0 5 0 0 0 0 0 195 0 3 2 0 3 0 2 0 2 1 0 3 0 2 3 0 0 3 58 0 0 0 0 0 0 0 0 9 0 0 0 0 0 0 0 0 0 0 0 0 0 0 0 0 0 10 45 0 0 0 0 0 0 0 0 0 0 0 0 0 0 27 0 0 0 0 0 18 1 0 0 0 0 42 0 17 0 0 0 53 47 0 0 0 0 0 0 5 0 3 0 11 0 0 0 0 0 0 0 0 0 0 0 0 0 0 0 0 0 17 6 0 5 0 0 0 0 0 0 0 0 0 0 0 0 1 32 0 0 0 8 0 13 0 0 0 0 0 0 0 0 28 0 0 0 0 0 33 1 0 0 0 0 64 21 0 1 0 0 35 41 0 0 0 0 0 0 0 0 0 0 0 0 0 0 0 0 0 0 0 0 0 0 0 0 0 0 0 0 0 0 0 0 0 0 3 0 1 0 0 2 0 0 0 0 0 20 0 0 0 0 0 0 0 0 0 0 0 0 0 0 0 0 0 0 0 0 0 0 0 0 
 0 0 0 0 0 0 0 0 0 0 0 3 2 0 0 0 0 0 0 4 407 79 288 96 268 34 0 297 86 49 46 42 409 360 36 36 45 244 247 302 0 0 2 0 2 0 0 3 2 0 3 0 8 2 1 0 0 0 0 3 3 2 4 3 3 1 0 2 4 0 2 0 2 3 3 0 3 0 0 0 0 0 0 0 2 0 0 0 0 0 0 0 0 0 0 0 0 0 2 2 37 34 7 0 0 0 40 37 30 0 0 0 10 40 65 20 32 0 14 13 0 0 0 0 0 0 0 0 0 0 0 0 0 0 0 0 2 0 0 0 0 0 0 0 0 0 0 0 0 0 0 0 0 0 0 0 0 1 2 0 0 0 0 0 0 0 1 0 0 0 0 0 0 0 1 0 0 0 0 0 34 72 0 0 0 0 11 28 63 0 0 0 0 33 34 26 0 0 0 31 0 0 0 0 1 0 0 0 0 0 0 0 0 2 0 0 0 0 0 0 0 0 0 0 0 0 22 25 0 13 0 0 0 0 0 0 0 0 1 0 0 0 0 0 13 0 0 0 0 0 0 0 0 0 5 1 2 0 0 2 0 0 2 0 0 0 0 0 0 0 0 0 0 0 0 0 0 0 0 0 0 0 0 0 0 0 0 0 0 0 
 0 77 0 0 0 0 0 0 1 0 0 2 3 2 0 0 0 0 2 0 377 518 128 92 99 36 297 0 279 47 57 40 53 661 225 70 41 55 69 36 2 0 2 0 0 17 0 0 8 3 3 0 4 0 1 4 2 0 3 0 5 2 0 5 3 3 0 2 5 4 6 24 2 6 2 7 3 2 2 0 0 0 0 0 0 0 0 0 0 0 0 2 0 0 0 0 0 1 0 0 13 9 80 33 0 0 9 13 46 35 23 0 0 1 22 29 38 21 1 0 0 0 0 0 12 0 0 0 0 0 0 0 0 0 0 0 0 14 0 0 10 0 0 0 0 0 0 0 0 0 0 0 0 0 0 0 0 0 5 0 0 0 14 0 1 0 0 0 0 0 0 0 0 0 18 0 0 0 0 0 1 37 38 2 0 17 0 38 45 25 32 1 0 40 15 43 21 34 0 0 0 0 0 2 0 1 0 0 0 0 0 0 0 0 0 0 0 2 0 0 0 0 0 0 0 12 0 0 0 0 0 0 0 0 0 0 0 0 0 0 0 0 1 0 0 0 0 0 0 0 0 0 0 0 2 0 0 0 0 0 0 0 0 0 0 0 11 0 0 0 0 0 0 0 0 0 0 0 0 0 0 3 0 0 0 0 0 0 0 0 
 0 0 0 0 0 3 0 0 2 1 0 0 2 45 0 0 0 0 1 0 43 338 503 162 78 43 86 279 0 226 64 43 81 70 212 254 240 182 90 352 0 0 2 0 0 0 0 0 3 0 3 0 2 0 0 0 0 1 0 0 3 2 2 3 0 3 31 2 0 0 3 0 2 3 0 0 3 0 0 0 0 0 0 0 0 0 0 0 0 0 0 1 0 0 0 0 0 2 0 0 0 5 24 26 32 0 0 0 33 25 27 12 0 0 0 16 28 55 0 0 0 0 0 0 0 0 1 0 0 0 0 0 0 0 0 0 0 0 0 0 1 0 0 0 0 0 0 0 0 0 0 0 0 0 0 0 0 0 0 0 0 0 0 0 2 0 3 2 0 0 0 0 0 0 0 0 0 0 0 0 0 28 19 38 0 0 0 10 13 69 29 1 0 20 0 33 14 35 0 0 0 0 0 1 0 2 0 2 0 0 0 0 0 0 0 0 0 1 0 0 0 0 0 0 0 0 0 0 0 0 0 2 0 0 0 0 0 0 0 0 0 0 15 0 0 0 0 0 0 0 0 0 0 0 10 1 2 2 3 3 13 9 0 0 0 0 12 0 0 0 0 0 0 0 0 0 0 0 0 0 0 1 0 0 0 0 11 0 0 0 
 3 3 6 3 9 3 3 3 5 0 4 3 4 3 3 3 3 77 3 3 111 54 283 382 62 50 49 47 226 0 378 63 27 91 128 496 353 140 82 395 0 0 1 0 0 1 0 0 0 1 3 0 39 0 0 0 1 0 4 0 3 8 4 3 0 0 0 5 4 0 2 1 2 3 51 0 3 1 50 0 0 0 0 0 0 0 0 0 0 0 0 0 0 0 0 0 0 0 0 0 2 0 10 30 42 0 0 0 15 10 33 65 0 0 0 0 6 68 0 0 0 2 0 0 0 0 0 0 0 1 0 0 1 0 0 0 0 0 0 12 0 0 0 0 0 0 0 0 0 0 0 0 0 2 0 0 0 0 0 0 1 0 0 0 2 0 16 0 0 0 0 0 0 0 0 0 0 0 0 14 0 0 7 67 18 4 0 0 0 21 31 33 0 0 0 14 32 44 0 2 0 0 0 0 0 0 0 0 0 0 0 0 0 0 0 0 0 0 0 1 0 0 0 0 0 0 0 0 0 0 2 0 0 0 0 0 0 0 0 0 0 0 14 0 0 0 0 0 0 0 0 0 0 0 7 0 0 155 156 0 8 10 0 0 0 0 1 0 0 0 0 0 0 0 0 0 0 0 0 0 0 11 0 0 0 0 8 0 0 0 
 0 0 0 0 0 0 2 4 0 0 0 0 4 0 1 0 0 0 0 0 29 46 83 187 99 68 46 57 64 378 0 381 43 51 71 136 106 590 32 88 0 0 2 0 0 0 0 0 0 3 3 0 2 0 0 0 0 0 0 0 3 2 7 47 49 2 0 7 0 0 3 0 2 3 0 0 3 0 0 0 0 0 0 0 0 0 0 0 0 0 0 0 0 0 0 1 0 0 0 0 0 2 0 50 56 26 0 0 0 12 41 43 0 0 0 2 1 0 0 0 3 0 0 0 0 0 0 0 0 0 0 0 0 0 0 0 0 0 2 15 0 0 0 0 0 0 0 0 0 0 0 0 1 0 0 0 0 0 0 0 0 0 0 2 5 0 2 0 0 0 0 0 0 0 0 0 0 0 0 0 0 0 0 51 76 13 0 0 0 17 31 31 0 0 0 0 0 0 0 0 1 0 0 0 0 0 0 0 0 0 0 0 0 0 0 0 0 0 20 0 0 1 0 0 0 0 0 0 19 0 0 0 0 0 0 0 0 0 0 0 0 0 0 0 0 0 0 0 0 0 0 0 0 0 2 2 0 42 6 0 15 6 0 0 0 0 0 0 0 0 0 0 0 0 0 0 0 0 0 0 0 2 0 0 0 0 29 0 0 0 
 0 5 0 0 0 0 3 0 0 1 86 0 1 0 0 0 0 0 0 0 35 38 37 350 623 56 42 40 43 63 381 0 44 48 36 35 82 81 29 52 0 0 1 0 0 0 0 0 0 4 3 0 3 0 0 0 2 0 0 0 3 2 0 2 0 3 0 8 0 0 3 0 3 2 0 0 3 0 0 0 0 0 0 0 0 0 0 0 0 0 3 0 0 0 0 0 0 0 0 0 1 0 0 20 44 21 0 0 0 16 42 15 0 0 0 0 0 0 0 0 0 0 0 0 0 0 1 0 0 0 0 0 17 0 0 0 0 0 45 48 0 0 0 0 0 0 1 0 0 0 0 0 0 1 0 1 0 0 0 0 2 0 1 0 4 0 0 0 0 9 0 0 0 1 0 0 0 2 0 0 0 0 2 6 86 33 0 0 0 0 32 24 0 0 0 0 0 1 0 1 0 0 0 0 0 0 18 0 0 0 0 0 5 0 0 0 0 0 31 35 0 0 0 0 0 2 0 0 0 1 1 0 0 0 0 0 0 0 0 0 0 0 0 0 0 0 0 0 0 0 0 0 0 0 9 0 3 151 152 4 3 0 0 0 0 0 0 0 63 0 0 0 0 0 0 0 0 0 0 0 0 11 0 0 0 0 0 0 0 2 
 2 2 5 2 8 18 2 2 2 0 2 31 3 2 2 2 2 2 2 2 80 59 42 69 245 38 409 53 81 27 43 44 0 220 55 255 52 46 425 226 62 0 0 0 0 3 0 0 3 0 66 3 16 1 60 0 0 0 3 0 3 2 0 6 0 0 0 2 2 0 2 0 2 3 0 0 11 1 0 0 0 0 0 0 0 0 0 0 0 2 0 0 0 0 0 0 0 0 10 0 25 38 1 0 0 0 54 56 10 0 0 0 34 38 39 30 0 18 39 8 0 0 0 0 0 0 0 0 0 0 0 0 0 0 0 0 0 0 0 0 0 0 0 0 0 0 0 0 0 5 4 0 0 0 0 17 0 0 0 0 0 0 0 0 2 28 0 0 0 0 1 2 0 0 0 0 0 0 0 0 38 1 5 0 0 0 27 10 12 0 0 0 10 24 39 1 0 0 1 9 0 0 0 0 0 0 0 0 0 0 0 0 0 0 0 0 16 0 0 0 0 0 0 1 0 0 0 0 0 0 14 0 0 0 0 0 0 0 0 0 0 0 0 0 0 1 0 0 0 0 0 0 0 0 2 0 0 0 0 0 3 1 61 0 0 0 5 0 0 0 0 2 0 0 0 0 0 0 0 0 0 1 0 0 2 0 0 0 0 9 
 0 0 0 208 0 2 2 0 0 0 0 0 0 0 0 0 0 0 2 0 113 66 51 65 54 32 360 661 70 91 51 48 220 0 327 32 24 29 80 72 0 0 0 0 0 0 0 0 5 0 4 0 13 0 64 0 0 0 0 0 3 2 0 2 0 3 0 2 0 8 3 0 3 2 0 0 3 0 0 0 0 0 0 0 0 0 0 0 0 0 1 0 0 0 0 0 11 0 0 0 41 29 54 22 0 0 15 36 26 17 0 0 0 28 40 49 18 11 1 0 0 0 2 0 0 0 0 0 0 0 0 0 0 0 0 0 0 0 0 0 7 0 0 0 0 0 0 0 0 1 1 0 0 0 0 11 0 0 6 0 0 0 0 0 0 0 0 0 0 0 0 0 0 0 0 0 1 0 2 0 0 48 9 0 8 0 13 38 24 18 10 2 0 50 33 13 1 0 0 0 0 0 0 0 0 0 0 0 0 0 0 0 0 0 0 0 0 0 0 0 0 0 2 0 0 0 0 13 0 0 0 0 0 0 0 0 0 0 0 0 0 0 0 0 0 0 0 0 0 0 0 1 0 0 7 0 4 0 0 0 0 0 0 0 0 0 0 0 0 0 0 0 0 0 0 0 0 0 0 0 0 30 0 0 0 0 0 0 0 0 
 0 3 2 0 0 0 2 0 0 0 0 0 0 1 0 0 0 0 1 0 282 487 132 306 115 126 36 225 212 128 71 36 55 327 0 207 123 114 67 181 0 0 2 0 24 0 0 0 3 0 3 0 3 0 1 0 0 63 0 2 3 2 38 2 0 3 0 2 1 0 3 0 3 2 0 0 3 0 0 0 0 0 0 0 0 0 0 0 0 0 0 1 0 0 0 0 0 2 13 0 21 23 39 36 0 0 10 0 54 67 29 20 0 0 18 24 21 50 2 0 0 0 0 0 0 0 1 0 0 0 0 0 0 0 0 0 0 0 0 0 38 0 0 0 0 0 0 0 0 0 0 9 0 0 0 0 0 0 9 0 0 0 0 0 1 0 0 2 3 0 0 0 0 0 0 0 0 0 0 0 0 43 22 1 0 0 0 36 33 36 28 2 0 48 14 60 17 10 0 0 0 0 0 1 0 2 0 0 0 0 0 0 0 0 0 0 0 0 0 0 0 0 0 0 0 0 0 0 0 0 0 2 0 0 0 0 0 0 10 0 0 0 0 0 0 0 0 0 0 0 0 0 0 2 11 4 0 1 0 0 4 2 0 0 0 0 14 0 0 0 0 0 0 0 0 0 0 0 0 0 0 2 0 0 0 0 0 0 0 0 
 2 2 5 2 5 3 2 3 2 0 3 3 4 3 2 5 3 23 4 3 41 400 129 56 333 326 36 70 254 496 136 35 255 32 207 0 170 351 30 91 57 0 2 0 3 3 0 76 0 0 3 0 8 0 0 0 0 0 3 2 3 2 3 3 0 3 3 2 54 0 3 0 8 3 0 0 13 0 0 4 0 0 0 0 0 0 0 0 0 0 0 0 0 10 0 0 0 0 0 0 0 7 29 25 15 0 0 0 23 39 35 53 0 0 0 5 38 47 0 8 0 0 0 0 0 0 2 0 0 0 0 0 0 2 0 0 0 0 0 1 1 0 0 0 0 0 0 3 0 1 0 0 0 0 0 0 0 0 0 0 0 0 0 0 1 0 6 1 0 0 0 0 0 0 0 0 0 0 0 1 0 4 65 38 0 8 0 2 39 60 23 24 0 0 0 24 34 68 0 0 0 0 15 2 0 0 0 1 0 0 0 0 0 12 0 0 0 0 0 0 0 0 0 0 0 0 0 0 0 0 0 0 0 0 0 0 0 0 0 0 0 0 10 0 0 0 0 0 0 0 0 0 0 0 3 0 1 2 2 4 15 10 0 0 0 0 11 0 0 0 0 0 0 0 0 0 2 0 0 0 0 0 0 0 0 0 11 0 0 0 
 3 3 6 5 3 3 3 3 4 0 3 64 3 3 3 7 5 3 3 3 24 359 129 41 56 56 45 41 240 353 106 82 52 24 123 170 0 348 33 130 0 0 2 0 0 0 0 0 0 0 3 0 2 2 0 0 1 62 0 0 3 2 4 3 0 2 0 2 1 0 6 0 2 3 0 0 3 0 0 0 0 0 0 0 0 0 0 0 0 2 0 0 0 0 0 0 0 0 0 0 8 8 25 27 13 0 0 0 24 41 38 36 0 0 0 34 13 34 0 0 0 0 0 0 0 0 0 0 0 0 39 0 0 0 0 0 0 0 0 0 48 0 0 0 0 0 11 0 0 1 0 0 0 0 0 0 0 0 0 0 0 0 0 0 7 0 2 0 0 0 0 2 0 2 0 0 0 24 0 0 2 0 25 35 0 10 0 1 16 75 20 24 0 1 0 34 24 39 0 0 0 0 0 0 0 0 0 0 0 0 0 0 0 0 0 0 0 0 0 0 0 0 0 1 0 0 0 0 0 0 0 0 0 0 0 0 0 0 0 0 0 0 8 0 0 1 0 0 0 0 0 0 0 0 6 0 0 0 1 0 16 8 0 0 0 0 13 0 0 0 0 2 0 0 0 0 0 0 0 0 0 0 0 0 13 0 13 0 0 0 
 0 3 3 2 0 2 0 4 0 0 0 0 7 1 0 2 1 2 76 0 31 267 280 337 48 72 244 55 182 140 590 81 46 29 114 351 348 0 20 120 1 1 1 0 2 0 68 12 10 11 9 0 5 0 0 3 2 5 0 0 4 3 5 6 0 2 0 5 4 0 2 2 2 9 0 4 3 3 0 5 0 0 0 0 0 0 0 0 0 0 0 0 0 0 0 0 0 0 0 0 0 0 0 26 36 0 0 0 15 26 52 36 0 0 0 0 6 46 0 0 0 0 0 0 0 0 0 0 0 0 0 0 0 0 0 0 0 0 0 1 0 0 0 0 0 0 0 0 0 0 0 0 0 0 0 0 0 0 0 0 0 0 0 15 2 0 8 0 0 0 0 0 0 0 0 0 21 0 0 0 0 23 7 52 23 10 0 0 1 24 26 22 0 0 0 15 11 29 0 0 0 0 0 0 0 0 0 0 0 0 0 0 0 0 0 0 0 0 0 1 0 0 0 0 0 0 0 0 0 0 0 0 0 0 0 0 0 0 0 0 0 0 12 0 0 0 0 0 0 0 0 0 0 0 8 0 0 157 145 3 9 13 0 0 0 0 0 0 0 0 0 0 0 2 0 0 0 0 0 0 0 10 0 0 0 0 13 0 0 0 
 0 0 0 0 0 364 0 205 0 0 2 0 2 19 0 0 0 0 0 1 34 61 61 55 55 58 247 69 90 82 32 29 425 80 67 30 33 20 0 556 0 0 204 0 200 0 0 0 0 0 3 0 5 0 0 0 0 0 5 0 3 2 0 3 0 1 0 2 1 0 3 0 2 3 0 0 3 0 0 2 0 0 15 0 0 0 0 0 0 0 0 0 0 0 0 0 0 0 0 0 12 2 0 0 0 0 42 53 0 0 8 0 98 12 18 8 0 0 71 63 0 0 0 0 0 0 0 0 0 33 0 0 0 0 0 0 0 0 0 0 0 0 0 0 0 0 0 0 0 7 6 4 0 0 0 0 0 0 0 0 0 2 0 0 0 29 0 0 0 0 0 0 0 0 5 0 0 0 0 0 39 0 0 0 0 0 33 9 12 0 0 0 45 8 29 0 0 0 28 28 0 0 0 0 0 0 0 0 0 0 0 0 0 0 0 0 0 0 0 0 0 0 0 0 0 0 0 0 0 0 0 0 37 0 0 0 0 0 0 0 0 0 0 0 0 0 0 0 0 0 0 0 0 0 0 0 0 0 0 0 2 0 0 0 0 0 0 0 0 0 0 0 0 0 0 0 0 0 0 0 0 0 0 0 0 0 0 0 0 13 
 2 2 2 2 2 2 5 7 2 1 2 2 9 2 2 2 2 2 2 4 322 156 45 165 77 37 302 36 352 395 88 52 226 72 181 91 130 120 556 0 0 2 0 0 0 2 0 0 0 0 3 0 4 0 0 0 0 0 2 0 3 2 6 6 0 2 0 4 1 0 3 0 3 3 0 0 3 0 0 0 0 0 0 0 0 0 0 0 0 0 0 0 0 0 0 0 0 0 0 0 14 44 0 0 19 0 18 79 17 12 0 10 9 32 34 11 12 9 21 10 0 0 0 0 0 0 0 0 0 0 0 0 0 0 0 0 0 0 0 0 0 0 0 0 0 0 0 0 0 1 1 0 0 0 0 0 0 0 0 0 0 0 1 0 0 12 0 0 0 0 0 0 0 0 0 0 0 0 0 0 12 1 12 15 0 0 21 15 0 0 0 12 0 0 13 1 9 9 0 25 0 1 0 0 0 0 0 0 0 0 0 0 0 2 0 0 0 0 0 0 0 0 0 0 0 0 0 0 0 0 0 0 0 0 0 0 1 0 0 0 0 0 0 0 0 0 0 0 0 0 0 0 0 2 13 3 2 1 0 2 0 0 0 0 0 0 13 0 0 0 0 0 0 0 0 0 0 0 0 0 0 0 0 0 0 0 20 0 0 0 
 3 3 5 3 3 3 3 3 3 0 7 5 3 3 3 3 3 3 3 3 0 0 64 0 0 0 0 2 0 0 0 0 62 0 0 57 0 1 0 0 0 80 55 35 36 20 502 450 26 33 29 49 57 47 267 76 30 27 32 98 0 0 0 0 0 0 0 0 5 0 1 0 0 0 0 4 0 1 0 0 0 0 0 18 0 0 0 0 0 0 0 0 0 0 0 0 0 0 8 0 0 0 0 0 0 0 0 0 0 0 0 0 0 0 0 0 0 0 0 0 11 17 65 0 0 0 19 26 9 0 0 0 1 23 30 35 32 1 7 0 0 0 0 0 0 0 0 0 0 0 0 0 0 7 0 0 0 0 0 0 0 0 0 0 0 0 0 0 0 0 0 2 0 0 0 0 0 0 0 0 0 0 0 0 0 0 0 0 0 0 0 0 0 0 0 0 0 0 0 0 0 46 22 12 0 0 0 28 1 16 0 0 0 0 39 30 11 27 1 0 0 0 0 0 0 0 0 0 0 0 0 0 0 0 0 0 0 0 0 0 0 0 0 0 0 0 0 0 0 0 0 17 2 4 0 0 0 0 0 3 0 0 0 0 0 0 7 0 2 0 0 13 0 0 0 0 0 0 0 0 0 0 0 0 43 0 0 0 2 14 
 0 2 0 0 0 0 0 3 0 0 0 0 6 0 0 0 0 28 0 0 0 0 0 0 0 0 0 0 0 0 0 0 0 0 0 0 0 1 0 2 80 0 215 126 251 247 91 284 274 37 40 67 58 46 260 121 87 37 34 48 51 51 0 0 0 0 0 0 0 0 4 0 0 0 2 0 0 0 0 0 0 0 0 0 0 0 0 0 2 0 0 0 0 0 0 0 0 0 0 0 0 0 0 0 9 0 0 0 0 11 0 0 0 0 0 0 0 0 0 0 0 25 55 27 0 1 1 25 37 27 30 0 0 9 5 21 19 33 0 0 0 0 0 0 0 5 0 0 0 0 0 0 0 0 0 0 0 0 2 0 0 0 0 0 0 0 0 0 0 0 0 0 0 0 0 0 0 0 0 0 0 0 0 0 0 0 0 0 0 0 0 0 0 0 0 0 0 0 0 0 1 7 26 20 1 0 1 12 21 35 22 15 1 1 12 1 24 9 0 0 0 0 0 0 0 0 0 0 0 0 0 0 0 0 0 0 0 0 0 0 0 0 0 0 0 0 1 0 0 0 0 5 0 2 0 1 0 0 0 34 0 1 0 1 0 7 0 0 0 24 8 1 0 0 0 0 0 1 0 0 0 3 4 0 12 0 0 0 2 0 
 1 2 2 58 2 0 1 2 2 0 2 0 33 1 2 2 64 0 0 0 1 1 0 2 2 1 2 2 2 1 2 1 0 0 2 2 2 1 204 0 55 215 0 517 82 95 74 98 178 193 34 40 67 45 59 188 153 179 36 58 2 0 3 3 49 0 3 0 0 0 2 0 4 0 3 3 53 0 0 0 0 0 0 0 0 0 0 0 0 0 0 0 0 0 0 0 0 0 0 0 0 10 0 0 0 0 0 0 0 0 0 0 2 0 0 0 0 0 0 0 0 0 0 27 46 1 0 0 13 37 17 2 0 0 0 0 17 32 0 0 0 0 0 0 0 8 0 0 0 0 0 0 0 0 0 0 0 0 0 0 0 0 0 0 0 0 0 0 0 0 0 0 45 2 0 0 0 0 0 0 0 0 0 0 0 0 0 0 0 0 0 0 0 0 0 0 0 0 0 0 0 0 17 25 21 1 0 0 13 3 13 32 0 0 0 0 9 8 0 0 0 0 0 0 0 0 0 0 0 0 0 0 0 0 0 0 0 0 0 0 0 0 13 0 0 0 0 0 0 2 0 6 0 2 0 0 0 0 2 0 0 0 1 0 0 0 0 5 0 0 22 0 0 0 0 0 0 0 0 0 0 0 0 0 23 0 0 0 2 0 
 0 0 1 0 0 0 0 0 6 66 0 7 0 0 0 0 0 0 0 0 0 0 0 0 63 0 0 0 0 0 0 0 0 0 0 0 0 0 0 0 35 126 517 0 124 243 119 69 370 293 275 252 56 96 57 27 414 232 101 81 7 0 0 0 0 0 3 23 0 0 0 2 0 86 4 0 0 0 0 5 0 0 0 0 0 0 0 0 0 0 0 0 0 0 0 0 0 0 0 0 0 0 0 0 0 0 0 0 0 0 0 15 0 0 0 0 0 0 0 0 0 0 0 10 47 58 0 0 0 18 13 55 0 0 0 0 0 0 0 0 0 4 0 2 0 2 0 7 3 3 0 0 2 7 6 8 0 0 23 0 5 0 0 0 0 0 0 0 0 0 0 0 0 3 0 0 0 0 0 0 0 0 0 0 0 0 0 0 0 0 0 0 0 0 0 0 0 0 0 0 0 0 0 12 25 42 0 0 2 0 48 33 0 0 0 0 11 7 0 0 9 24 5 2 0 0 0 6 4 7 0 13 0 2 5 0 6 0 30 0 0 0 10 0 0 0 0 0 0 0 0 5 0 1 0 0 0 0 0 1 0 0 7 5 0 4 0 45 0 0 0 0 0 0 0 0 0 0 0 0 0 3 0 0 1 5 0 0 1 0 
 0 3 0 0 0 0 0 0 0 0 0 0 0 0 0 0 0 0 0 0 1 0 0 0 0 0 2 0 0 0 0 0 0 0 24 3 0 2 200 0 36 251 82 124 0 486 54 81 89 74 120 273 273 61 291 55 113 49 76 79 0 0 0 0 0 0 0 0 0 0 0 26 26 0 0 0 0 209 0 0 0 0 0 0 0 0 0 0 0 0 0 0 0 0 0 0 0 0 0 0 0 7 0 0 0 0 0 0 0 0 0 0 0 0 0 0 0 0 1 0 0 0 0 0 0 19 0 0 0 0 0 1 0 0 0 0 0 0 0 0 0 0 0 0 0 0 15 0 0 0 0 0 2 0 0 0 0 0 0 12 4 0 0 0 0 0 0 0 0 0 0 22 0 0 0 0 0 0 0 0 0 0 0 0 0 9 0 0 0 0 0 0 0 0 0 0 0 0 0 0 0 0 0 0 6 5 0 0 0 0 0 0 0 0 0 0 0 0 0 0 12 12 0 0 0 0 28 0 0 0 0 10 17 7 11 0 0 0 27 34 0 0 0 0 0 0 0 0 0 0 0 3 0 2 0 0 0 0 0 2 0 0 2 1 0 2 0 1 3 0 0 0 0 0 0 0 0 0 0 0 0 0 0 0 0 0 0 0 2 0 
 0 3 1 82 1 0 0 2 0 0 0 0 4 0 0 0 0 1 0 0 0 0 0 0 0 0 0 17 0 1 0 0 3 0 0 3 0 0 0 2 20 247 95 243 486 0 58 39 269 35 286 57 56 55 50 167 69 52 46 47 0 0 0 18 4 0 0 0 6 12 3 64 52 1 5 0 0 29 100 0 0 0 0 14 0 0 0 0 0 0 0 0 0 0 0 0 0 0 0 0 0 0 0 0 0 0 0 0 0 0 0 0 10 0 0 0 0 0 0 0 0 0 0 0 0 14 0 0 0 0 0 1 0 0 0 0 0 0 0 0 0 1 0 0 4 5 36 12 0 0 0 5 15 0 2 0 0 5 1 23 4 0 0 0 27 4 0 0 0 0 21 0 0 0 0 0 0 0 0 0 1 0 0 0 0 0 0 0 0 0 0 0 0 0 0 0 0 0 0 0 0 0 0 0 1 21 0 0 0 0 0 0 0 0 0 0 0 0 0 0 21 0 0 0 26 4 35 14 0 0 0 7 42 27 33 0 0 5 0 79 0 0 0 0 0 0 0 0 0 0 0 7 0 0 0 0 0 0 0 0 0 0 0 6 0 5 0 0 0 0 0 0 0 0 0 10 0 0 0 0 0 0 0 0 0 1 0 0 0 0 
 0 3 2 0 0 0 0 0 0 0 0 0 0 0 0 0 0 0 0 0 0 0 0 0 0 0 0 0 0 0 0 0 0 0 0 0 0 68 0 0 502 91 74 119 54 58 0 99 122 53 246 45 335 520 40 11 36 253 105 284 0 0 0 0 0 9 0 0 6 0 0 0 0 0 0 12 0 0 0 0 0 0 0 0 0 0 0 0 0 0 0 0 0 0 0 0 0 0 0 0 0 0 14 0 0 0 0 0 0 0 0 0 0 0 0 0 0 0 0 0 42 10 2 0 0 0 24 13 1 0 0 0 0 33 23 17 24 0 0 0 0 0 10 0 0 0 6 0 0 0 0 0 0 11 0 0 0 0 0 0 0 0 0 3 0 0 0 0 0 0 0 0 0 0 0 0 0 0 0 0 0 0 0 0 0 0 0 0 0 0 0 0 0 0 0 0 11 0 0 0 48 34 3 0 0 0 9 40 23 0 0 0 0 24 35 54 1 18 0 0 0 0 0 0 0 0 0 0 0 0 0 0 0 0 0 0 0 0 0 0 0 0 0 0 0 0 0 0 0 0 0 3 0 0 0 0 0 0 0 0 0 0 2 0 0 4 2 0 2 0 0 0 0 0 0 0 0 0 0 0 0 0 0 0 0 0 0 0 0 0 
 2 2 4 2 2 2 2 2 2 0 2 7 5 2 2 2 2 5 2 2 3 0 0 1 198 0 3 0 0 0 0 0 0 0 0 76 0 12 0 0 450 284 98 69 81 39 99 0 95 52 33 44 111 575 321 144 49 48 88 52 2 0 2 0 0 1 1 0 3 4 7 0 0 2 1 8 0 2 0 5 0 0 0 0 0 0 0 0 0 0 0 0 0 0 0 1 0 0 0 0 21 0 0 0 0 0 0 0 0 0 0 0 0 0 0 0 0 0 0 13 0 35 47 17 0 0 0 27 28 34 7 0 0 13 33 24 32 37 0 0 0 0 0 0 0 0 0 0 0 0 0 0 0 0 0 0 0 0 0 0 0 0 0 0 0 0 0 0 0 0 0 0 0 0 0 0 0 0 0 0 0 0 0 0 0 19 0 0 0 0 0 0 0 0 0 0 0 0 0 11 0 24 30 15 0 1 0 62 12 4 21 0 0 0 11 26 25 25 0 0 0 0 13 0 0 0 0 0 0 0 0 0 0 0 0 0 0 0 0 0 0 0 0 0 0 7 0 0 0 0 0 1 0 0 0 0 0 0 0 0 0 0 0 0 0 14 0 0 2 0 34 0 0 0 0 0 0 0 0 0 0 0 0 0 0 0 0 0 0 0 
 2 5 2 2 2 2 4 2 2 0 2 2 2 2 2 2 2 2 2 2 17 5 0 0 0 0 2 8 3 0 0 0 3 5 3 0 0 10 0 0 26 274 178 370 89 269 122 95 0 507 493 252 325 105 84 234 253 227 508 300 0 0 0 0 0 0 0 0 20 0 2 0 0 0 3 0 1 0 0 0 0 0 0 0 0 0 0 0 0 0 0 1 0 0 0 0 0 0 0 0 4 0 5 1 0 0 0 0 10 4 0 0 0 3 6 5 6 0 0 0 0 12 1 46 59 1 0 0 19 47 29 34 0 0 0 0 14 34 0 0 0 0 10 0 0 5 0 0 0 0 0 0 0 0 0 0 0 0 13 0 0 0 0 0 0 0 0 0 0 0 0 0 0 0 0 0 0 0 0 0 0 4 4 0 0 0 0 0 1 1 0 0 0 6 2 0 16 0 0 2 0 0 67 83 17 1 0 0 20 20 24 25 0 0 30 0 18 16 0 0 0 0 0 0 0 0 0 0 0 0 0 0 0 0 0 0 0 0 15 0 0 0 15 0 0 0 0 0 0 0 0 8 0 2 0 0 0 0 0 13 0 12 1 1 0 13 2 2 2 0 24 0 0 0 0 0 0 0 0 0 0 3 0 0 8 0 0 0 2 0 
 0 0 0 2 0 0 5 0 0 0 0 0 0 0 0 0 0 0 0 0 2 0 0 4 3 0 0 3 0 1 3 4 0 0 0 0 0 11 0 0 33 37 193 293 74 35 53 52 507 0 310 54 46 311 302 154 218 98 84 101 0 0 0 0 0 0 0 0 53 0 0 0 0 31 3 0 0 0 0 0 6 0 0 0 0 0 0 0 0 0 0 0 0 0 0 0 0 0 0 0 0 0 0 2 15 7 0 0 0 0 4 36 0 0 0 0 0 0 2 0 1 0 0 23 34 10 1 0 15 8 24 69 0 0 0 0 0 11 2 1 0 0 0 0 0 3 0 0 0 0 0 0 8 0 0 0 0 0 11 0 0 0 0 0 0 0 0 0 0 0 0 0 0 0 0 0 0 0 0 0 0 0 0 0 7 6 0 0 0 0 16 10 0 0 0 0 0 0 0 0 0 0 16 43 22 22 0 0 13 27 45 28 0 0 0 0 13 10 15 0 0 0 7 0 0 0 0 11 0 0 0 0 0 0 0 0 0 0 12 0 0 0 10 0 0 0 0 0 0 0 0 6 0 2 1 0 0 0 4 11 0 0 64 67 0 2 2 71 0 0 1 0 0 0 0 0 0 0 0 0 0 4 0 0 11 7 0 0 2 0 
 0 0 9 0 0 0 3 0 1 0 0 63 0 0 0 0 0 0 0 0 3 3 3 3 6 3 3 3 3 3 3 3 66 4 3 3 3 9 3 3 29 40 34 275 120 286 246 33 493 310 0 314 40 23 46 277 465 248 35 64 2 0 0 0 0 0 0 1 0 2 2 0 0 7 4 0 0 0 0 0 0 0 0 0 0 0 0 0 0 0 7 0 0 0 0 0 0 0 1 0 0 0 0 0 0 0 0 0 0 0 0 0 0 0 0 0 0 0 0 0 0 0 0 10 69 30 0 0 0 20 11 35 0 0 0 0 0 0 0 0 0 0 0 0 0 1 1 0 0 0 0 0 3 0 0 0 0 0 22 7 4 0 0 0 0 0 0 0 0 0 0 0 0 0 0 0 0 1 0 0 0 0 0 0 0 0 0 0 0 0 0 0 0 0 0 0 0 0 0 0 0 0 1 7 25 40 0 0 1 1 26 40 0 0 0 0 1 9 0 0 0 20 0 0 0 0 0 2 0 0 0 0 0 1 0 0 0 0 48 0 0 0 10 0 0 0 0 0 0 0 0 12 0 1 0 0 0 0 0 0 0 18 7 2 0 3 2 36 0 0 0 0 0 0 0 0 0 0 0 0 0 0 0 0 1 4 0 0 1 0 
 1 0 1 3 0 0 0 0 0 0 0 0 2 0 0 0 5 0 0 0 7 0 0 0 0 0 0 0 0 0 0 0 3 0 0 0 0 0 0 0 49 67 40 252 273 57 45 44 252 54 314 0 28 22 42 256 63 64 37 69 0 0 0 0 6 0 1 0 0 0 0 63 58 3 1 0 0 0 5 15 0 3 0 0 0 0 0 0 0 0 0 0 0 0 0 0 0 0 0 0 0 7 0 0 0 0 0 0 0 0 0 0 0 0 0 0 0 0 0 0 0 0 0 0 18 62 0 0 0 0 0 20 0 0 0 0 0 0 0 0 0 0 3 0 0 0 28 0 1 1 0 0 16 0 1 0 0 0 9 0 8 0 0 0 0 0 0 0 0 0 0 0 0 0 0 0 0 0 0 0 7 0 0 0 0 0 0 0 0 0 0 0 0 0 0 0 0 0 0 0 0 0 0 1 14 62 0 0 0 0 18 25 0 0 0 0 0 0 0 10 0 23 1 0 0 0 16 8 0 0 0 0 4 23 3 0 0 0 8 25 0 0 0 0 0 0 0 0 0 0 0 27 0 0 0 0 0 0 0 16 0 0 62 63 2 2 0 63 1 0 0 0 0 0 0 0 0 0 0 0 0 0 0 0 0 23 0 0 0 0 
 3 3 4 3 9 3 6 3 3 0 3 3 3 3 3 3 3 3 3 3 6 2 2 2 2 5 8 4 2 39 2 3 16 13 3 8 2 5 5 4 57 58 67 56 273 56 335 111 325 46 40 28 0 98 172 6 26 56 533 619 0 0 0 0 0 4 0 0 5 0 1 0 0 3 0 2 0 0 0 2 0 0 0 0 0 0 0 0 0 0 0 0 0 0 0 13 0 0 0 0 21 0 1 0 0 69 9 1 9 0 0 0 20 10 2 2 14 12 1 2 41 0 1 0 0 0 25 7 0 0 0 0 9 15 59 0 11 0 1 19 0 0 0 0 0 0 6 0 0 0 0 0 0 9 0 36 0 0 0 0 0 0 0 0 0 0 0 0 0 0 0 0 0 0 0 0 0 0 0 14 0 3 15 0 0 0 0 9 0 1 0 0 0 2 13 0 0 0 0 9 71 10 0 0 0 0 14 14 10 0 0 0 4 11 22 24 0 2 10 10 0 0 0 0 0 0 0 0 0 0 0 0 0 0 0 0 0 0 0 0 0 0 1 0 0 0 0 0 0 0 0 7 0 2 0 0 0 0 0 2 0 0 2 0 0 1 0 0 1 0 0 0 0 50 0 0 0 0 0 0 0 0 0 0 0 0 0 0 2 12 
 0 3 0 0 0 59 0 0 0 0 0 0 0 0 0 0 0 0 0 0 2 63 0 0 0 0 2 0 0 0 0 0 1 0 0 0 2 0 0 0 47 46 45 96 61 55 520 575 105 311 23 22 98 0 274 36 23 236 104 193 3 0 1 2 0 0 0 0 5 0 1 0 0 0 0 4 0 2 0 0 0 0 0 0 0 0 0 0 0 0 0 0 0 0 0 0 0 0 0 0 0 0 0 0 6 0 0 0 0 0 0 0 0 0 0 0 0 0 0 0 17 72 49 0 0 0 10 34 9 0 0 0 0 29 83 35 29 1 0 0 0 0 2 0 0 0 0 0 0 0 0 0 0 8 0 0 0 0 0 0 1 0 0 0 0 0 0 0 0 0 0 0 0 0 0 0 0 0 0 0 0 0 0 0 0 0 0 0 0 0 0 0 0 0 0 19 0 0 0 0 0 47 22 10 0 0 1 31 2 12 0 0 0 1 53 42 19 20 0 0 0 0 0 0 0 0 0 0 0 0 0 0 0 0 0 0 0 0 0 0 0 0 0 0 0 0 0 0 0 0 0 8 0 0 0 0 0 0 0 0 0 0 4 0 0 0 0 0 0 0 0 0 0 0 0 0 0 0 0 0 0 0 0 0 0 0 0 0 0 0 
 0 0 0 0 0 0 3 0 39 0 0 0 1 0 0 0 0 0 0 0 3 0 0 0 0 0 1 1 0 0 0 0 60 64 1 0 0 0 0 0 267 260 59 57 291 50 40 321 84 302 46 42 172 274 0 233 50 29 66 108 0 0 0 0 0 1 0 0 3 0 7 0 0 0 0 42 0 2 0 0 0 0 8 0 0 0 0 0 0 0 0 0 0 0 0 0 0 0 0 0 0 0 0 0 0 0 0 0 0 0 0 0 0 15 0 0 0 0 0 0 0 54 81 22 3 3 20 29 40 101 13 1 0 13 18 49 38 38 0 0 0 0 0 0 0 19 0 0 0 0 0 0 0 0 0 3 0 0 4 0 0 0 0 0 0 0 0 0 0 0 0 0 0 0 0 0 0 0 0 0 0 0 6 0 0 0 0 8 0 0 0 20 0 0 0 0 0 0 0 0 0 38 41 34 0 7 0 24 22 6 9 21 0 0 6 28 15 33 0 0 0 0 0 0 0 0 0 0 0 0 1 0 0 0 0 0 0 0 0 0 0 0 0 0 0 0 0 0 0 0 0 9 0 0 0 0 0 0 0 6 0 0 4 0 0 23 0 0 0 0 21 0 0 0 0 0 0 0 0 0 0 0 1 0 3 0 0 0 0 2 
 0 0 0 6 0 0 0 0 0 0 0 0 1 0 0 0 0 0 0 0 0 0 0 0 1 0 0 4 0 0 0 0 0 0 0 0 0 3 0 0 76 121 188 27 55 167 11 144 234 154 277 256 6 36 233 0 95 89 38 83 0 0 3 0 0 52 0 0 0 0 6 0 0 1 57 2 0 0 2 0 0 0 0 0 0 0 0 0 0 0 0 0 0 0 0 0 0 0 0 0 0 0 0 0 0 0 0 0 0 0 0 0 10 0 0 14 0 0 0 0 0 10 37 45 16 1 0 21 44 33 36 4 0 0 11 18 32 35 0 0 0 0 0 0 0 3 0 0 0 0 0 0 0 0 0 0 0 0 12 0 0 0 0 0 0 0 0 0 0 0 0 0 0 0 0 0 0 0 0 0 0 0 0 0 0 0 0 0 0 0 13 0 0 0 0 0 0 0 0 0 0 5 22 36 9 8 0 7 15 50 18 27 0 0 38 0 27 7 0 0 0 0 0 0 0 0 0 0 0 0 0 0 0 0 0 0 0 0 2 2 0 0 0 0 0 0 0 2 0 0 0 2 0 1 0 0 2 0 0 15 0 0 1 0 2 10 0 1 0 0 9 0 0 0 0 0 0 0 0 0 0 0 0 0 4 0 0 0 0 0 
 0 0 0 0 0 0 0 0 2 62 0 0 3 0 0 0 0 3 0 0 0 0 0 0 1 0 0 2 0 1 0 2 0 0 0 0 1 2 0 0 30 87 153 414 113 69 36 49 253 218 465 63 26 23 50 95 0 190 19 251 0 0 20 0 0 0 0 0 0 3 3 0 0 16 6 0 0 0 0 0 0 0 0 0 0 0 0 0 0 0 0 0 0 0 0 0 0 0 0 1 0 0 0 0 0 0 0 0 0 0 0 0 0 0 0 0 0 0 0 23 0 1 0 50 68 20 0 0 22 40 30 38 0 0 0 8 0 39 0 0 0 0 0 0 0 21 0 0 0 0 0 0 20 0 0 11 0 0 28 0 0 0 0 0 0 0 0 0 0 0 0 0 0 0 0 0 0 0 0 0 0 0 0 0 0 11 0 0 0 0 0 0 0 0 0 0 0 0 0 0 0 0 11 23 33 48 0 0 19 23 64 39 0 0 0 0 12 27 0 0 0 0 0 0 0 0 10 10 0 0 0 19 0 0 0 0 0 0 4 0 0 0 2 0 0 0 0 0 0 0 0 7 0 0 0 0 0 0 0 25 0 0 0 74 0 3 0 69 0 0 19 0 0 0 0 0 0 0 0 0 0 0 0 0 31 23 0 0 0 0 
 0 0 0 0 0 0 0 0 59 0 0 43 3 1 0 0 0 0 0 0 2 0 0 0 0 0 0 0 1 0 0 0 0 0 63 0 62 5 0 0 27 37 179 232 49 52 253 48 227 98 248 64 56 236 29 89 190 0 35 15 0 0 0 0 0 0 0 0 0 0 0 0 0 2 1 0 0 0 0 0 0 0 0 0 0 0 0 0 0 0 0 0 0 0 0 0 1 0 0 0 8 0 0 0 0 0 0 0 0 0 0 1 0 0 0 10 0 0 0 0 0 0 0 27 71 10 0 0 11 6 24 31 0 0 0 0 0 9 3 0 0 0 0 0 0 3 11 0 0 0 0 0 6 0 0 0 0 0 28 0 0 0 7 0 0 0 0 0 0 0 0 0 0 0 0 0 0 7 0 0 0 0 0 0 0 0 0 0 0 0 0 0 0 0 0 0 0 0 0 0 0 0 9 19 15 30 0 0 10 27 22 39 0 0 1 0 10 2 0 0 0 0 0 0 0 0 1 12 0 0 0 0 0 0 0 0 0 0 7 0 0 0 8 0 0 0 0 0 0 0 0 2 0 9 0 0 0 0 0 22 0 0 64 61 0 3 0 61 0 0 0 0 0 0 0 0 0 0 0 0 0 0 0 0 11 23 0 0 0 6 
 2 2 6 6 6 2 2 2 2 0 2 3 11 2 2 2 2 3 2 2 0 1 0 0 9 195 0 3 0 4 0 0 3 0 0 3 0 0 5 2 32 34 36 101 76 46 105 88 508 84 35 37 533 104 66 38 19 35 0 541 0 0 0 0 0 8 0 0 0 0 0 0 6 4 0 0 0 0 5 2 0 0 0 0 0 0 0 0 0 0 0 0 0 0 0 0 0 0 0 0 8 0 0 0 0 40 0 0 0 0 6 0 0 0 0 0 0 0 0 0 50 0 0 0 0 0 3 1 0 10 0 0 18 7 14 1 10 0 27 36 7 0 6 0 0 0 37 0 5 0 0 0 19 0 0 0 0 0 0 7 0 0 0 0 0 0 0 0 0 2 0 5 0 0 0 0 0 0 0 0 3 0 0 0 0 3 0 0 0 0 0 0 0 0 0 0 0 0 0 0 47 6 0 0 0 0 18 18 69 0 0 0 48 55 0 5 0 0 35 20 6 2 4 0 0 0 4 0 1 0 0 0 18 12 0 0 0 0 0 0 0 0 0 0 0 0 0 0 0 0 0 10 0 0 0 0 0 0 0 0 0 0 0 0 0 1 2 0 0 0 0 0 0 0 0 0 0 0 0 0 0 0 0 0 0 0 0 0 1 0 
 3 3 4 3 7 3 3 3 3 3 3 3 3 5 3 3 3 3 3 3 3 0 0 0 2 0 3 0 0 0 0 0 0 0 2 2 0 0 0 0 98 48 58 81 79 47 284 52 300 101 64 69 619 193 108 83 251 15 541 0 11 0 0 0 0 6 4 0 25 0 0 0 6 3 0 0 0 0 8 6 0 0 0 0 0 0 0 0 0 0 0 0 0 0 0 0 0 15 0 0 0 0 0 0 1 1 0 0 2 0 0 0 0 0 0 0 0 0 0 0 48 0 0 0 0 0 14 10 0 0 0 0 7 14 10 1 30 0 0 2 0 1 6 0 0 0 7 3 0 0 0 0 11 14 5 4 0 0 0 0 0 0 0 0 0 0 0 0 0 0 0 0 0 0 0 0 0 0 0 0 0 0 0 0 0 2 0 10 0 0 0 0 19 0 0 0 0 0 0 0 61 29 0 0 0 0 18 27 20 1 0 0 0 28 30 10 0 0 7 20 0 6 7 0 0 0 0 3 3 3 0 0 11 8 0 0 3 0 0 0 0 0 0 0 0 0 0 0 0 0 0 14 0 0 0 0 0 0 0 0 0 0 0 0 0 6 0 0 2 0 0 0 0 0 0 0 0 0 0 0 0 0 0 0 0 0 0 0 0 0 
 5 10 0 0 0 0 4 10 0 35 0 0 0 12 5 0 0 0 0 0 3 3 3 3 4 3 3 5 3 3 3 3 3 3 3 3 3 4 3 3 0 51 2 7 0 0 0 2 0 0 2 0 0 3 0 0 0 0 0 11 0 337 114 59 66 42 266 628 54 38 81 44 120 329 472 51 28 75 47 181 0 13 1 5 0 0 0 3 0 9 0 0 3 0 6 6 8 1 0 0 1 1 0 1 11 0 0 1 1 1 0 0 1 0 1 0 1 1 1 0 0 0 0 0 0 0 0 0 0 0 0 0 0 0 0 0 0 0 0 0 24 25 10 0 0 0 0 8 9 10 0 0 0 7 18 33 1 9 0 0 4 0 3 0 0 0 0 15 5 11 0 0 0 0 6 5 0 4 0 9 0 0 0 0 0 0 0 0 0 0 0 0 0 0 0 0 5 3 0 0 0 0 0 0 0 0 0 0 0 0 0 0 0 0 0 0 0 0 0 0 0 8 27 0 0 0 0 13 5 29 7 0 0 0 40 38 35 29 0 0 0 0 0 10 0 0 0 0 0 2 0 0 5 0 4 0 21 0 0 0 0 0 3 0 0 0 0 0 0 0 4 2 0 10 2 2 0 0 0 0 0 0 0 0 0 0 0 0 0 0 
 0 0 0 0 0 51 3 0 0 0 0 0 2 0 0 0 0 0 0 0 2 2 2 2 4 2 2 2 2 8 2 2 2 2 2 2 2 3 2 2 0 51 0 0 0 0 0 0 0 0 0 0 0 0 0 0 0 0 0 0 337 0 226 67 41 34 67 484 185 58 24 46 60 286 202 165 495 42 38 59 0 0 0 0 0 0 0 0 0 0 0 0 0 0 0 0 5 0 0 0 0 0 0 0 0 0 0 0 0 0 0 0 0 0 0 0 0 0 0 0 0 0 0 0 0 0 0 0 0 0 0 0 0 0 0 0 0 0 0 0 0 0 0 21 0 0 0 18 13 45 6 10 3 0 0 0 31 14 0 0 0 0 0 0 0 0 0 0 0 0 0 0 0 0 0 0 0 0 0 0 0 0 0 0 0 0 0 0 0 0 0 0 0 0 0 0 0 0 0 0 0 0 0 0 0 0 0 0 0 0 0 0 0 0 0 0 0 0 0 0 0 1 3 36 0 0 0 2 1 7 30 3 0 0 0 25 9 14 0 0 8 0 0 0 0 0 0 0 0 0 0 10 0 0 8 0 0 0 0 0 0 0 0 0 0 0 4 0 0 0 43 2 0 14 0 2 0 0 0 0 0 0 0 0 0 0 0 11 0 2 
