 0 107 335 118 30 338 668 429 264 243 37 253 44 197 467 273 22 32 45 243 2 75 2 0 0 3 0 3 0 0 0 0 2 0 0 1 0 3 0 0 3 0 37 2 0 1 0 4 0 0 3 17 0 0 3 3 3 0 2 0 2 1 0 3 0 0 0 5 0 0 1 0 4 3 2 2 3 1 0 0 51 84 29 0 0 0 7 52 9 28 2 0 1 10 42 26 23 19 0 12 0 0 0 0 0 0 0 0 0 0 0 0 0 7 0 0 0 0 0 0 0 0 0 0 0 0 0 0 0 0 0 0 0 0 2 0 0 0 0 0 0 0 2 0 1 5 0 0 0 0 0 0 23 0 0 0 0 2 0 0 46 29 18 0 0 13 20 32 0 0 0 0 1 6 32 10 8 11 0 7 0 0 0 0 0 0 0 1 0 0 0 0 3 0 0 0 0 0 0 1 0 0 0 0 14 0 0 0 0 0 0 0 0 0 0 0 0 0 0 0 0 0 0 0 0 0 0 0 0 0 0 0 0 0 0 0 0 0 0 0 0 0 0 0 0 2 0 2 0 0 0 10 0 0 0 0 0 0 0 0 0 0 0 1 0 0 0 0 0 0 0 0 0 0 0 0 0 0 0 0 0 0 0 0 0 0 0 0 0 0 
 107 0 382 58 32 105 71 456 489 53 33 34 56 139 746 620 392 34 90 45 2 0 2 2 0 4 0 3 0 1 0 0 2 0 0 0 1 3 0 0 3 0 3 0 0 0 0 0 0 29 3 0 0 0 3 3 0 0 0 0 2 0 0 3 0 0 0 0 0 0 3 0 0 3 2 3 3 0 43 0 13 34 30 12 0 0 0 21 39 34 25 0 0 0 0 67 45 45 0 28 0 0 0 0 0 0 0 0 0 0 0 0 0 0 0 0 0 0 0 0 0 0 0 0 0 0 0 0 0 0 0 0 0 0 0 0 0 0 0 0 0 0 0 0 0 0 0 0 0 0 22 0 0 0 0 0 0 0 0 0 18 25 29 0 0 6 0 0 31 28 1 1 0 0 13 27 32 42 0 2 0 0 0 0 0 0 0 0 0 0 0 0 0 0 0 0 0 0 0 0 0 0 0 0 0 0 0 0 0 0 0 0 0 0 0 0 0 0 0 0 0 0 0 0 0 0 0 0 0 0 0 0 0 0 0 0 0 0 0 0 0 12 0 0 0 0 0 0 1 0 0 11 13 0 0 0 0 0 0 0 0 0 0 0 0 0 0 0 0 0 0 0 0 0 0 21 19 14 0 0 0 0 0 0 0 0 0 0 0 0 
 335 382 0 219 59 30 64 514 539 623 151 67 54 52 55 520 256 372 65 43 0 0 2 0 0 5 0 3 3 0 0 0 5 0 1 0 3 3 2 0 3 0 6 34 0 0 0 0 0 0 3 0 0 0 3 6 0 0 0 0 2 3 0 3 0 0 0 0 0 0 3 0 3 3 2 38 3 0 0 0 2 7 38 48 13 0 0 0 18 22 64 14 0 0 0 31 38 1 0 0 0 0 0 0 0 3 0 0 0 0 0 0 0 0 0 0 0 0 0 0 0 0 0 0 0 0 0 0 0 0 0 0 0 0 0 0 0 0 0 0 0 0 0 12 2 0 0 0 0 0 0 0 0 0 0 0 0 0 0 0 0 0 12 41 0 0 0 0 23 7 0 0 0 1 0 29 13 29 0 0 0 0 2 0 0 0 0 2 0 0 0 0 0 0 0 0 0 0 0 12 0 0 0 0 0 0 0 0 0 0 0 0 0 0 0 0 0 0 0 0 0 0 0 0 0 0 0 0 0 0 0 0 0 0 0 0 0 0 1 0 0 11 0 0 0 2 6 0 0 88 2 15 14 0 0 0 0 0 0 0 0 0 10 0 0 0 0 0 0 0 0 0 0 0 0 36 8 10 0 0 0 0 0 0 0 0 0 0 0 0 
 118 58 219 0 74 47 309 186 98 463 320 354 147 151 63 66 56 408 100 51 0 0 2 0 2 3 0 3 0 45 0 0 2 0 0 0 1 3 0 0 3 0 3 0 0 0 0 0 0 0 3 0 0 69 3 48 0 0 0 0 4 0 0 3 0 0 0 0 0 0 3 5 0 3 2 4 3 0 3 0 0 3 31 26 18 39 0 0 0 15 31 31 4 0 0 0 13 0 1 0 0 0 0 0 0 0 0 0 0 0 0 0 0 0 0 16 1 0 0 0 0 0 0 0 0 0 0 0 1 0 0 0 0 0 0 0 0 0 0 0 0 0 0 7 0 0 0 0 0 0 0 0 1 0 0 0 0 0 0 0 0 1 0 26 0 0 2 1 9 0 38 60 0 0 0 1 0 0 0 0 0 0 0 1 0 0 0 0 0 22 0 0 0 0 0 0 0 0 18 1 2 0 0 0 1 0 31 0 0 0 0 0 0 0 12 0 0 0 0 21 0 0 0 0 0 0 0 0 0 0 0 0 0 0 0 0 0 0 0 0 0 3 0 0 0 1 53 0 0 59 2 5 2 1 0 0 0 0 0 0 0 0 6 0 0 0 0 0 0 0 0 0 0 0 0 13 0 0 0 0 0 0 0 0 0 0 0 0 0 0 
 30 32 59 74 0 546 65 79 90 85 92 331 282 59 79 85 57 34 71 64 0 0 2 0 0 2 5 3 1 0 2 0 4 0 0 7 2 3 1 0 74 0 3 0 0 0 0 0 0 0 3 0 48 0 3 6 0 0 0 0 13 0 0 3 0 82 0 0 0 0 3 6 0 3 2 7 2 0 0 0 0 0 0 0 16 37 12 0 0 0 0 45 0 0 0 0 0 0 0 0 0 0 0 0 2 0 8 0 0 0 0 0 31 0 0 0 0 0 61 27 0 0 0 0 0 0 0 0 0 0 0 0 0 0 17 0 0 0 0 1 1 0 0 0 0 1 0 0 0 0 0 0 0 0 0 0 0 0 0 0 0 2 7 0 32 40 0 14 0 0 25 12 0 0 0 0 0 0 0 0 2 0 0 0 0 0 0 0 0 1 0 0 44 1 0 0 0 0 51 28 0 0 0 0 16 0 0 0 0 0 0 0 0 0 6 0 0 0 0 0 0 0 0 0 0 0 0 0 0 0 0 0 1 0 0 0 0 0 0 0 0 0 0 0 0 2 5 0 89 4 0 6 0 0 0 0 0 0 0 0 1 0 0 0 0 0 0 0 0 0 0 0 0 0 0 0 0 0 0 0 0 0 0 0 0 0 0 0 0 0 
 338 105 30 47 546 0 38 19 52 76 76 61 258 35 35 150 64 51 63 42 0 0 2 0 1 3 0 3 0 0 0 0 2 0 0 0 0 3 235 0 41 0 3 2 0 1 0 0 0 0 3 1 48 0 3 3 0 0 0 0 4 0 0 3 0 33 0 0 0 0 0 2 0 5 3 62 3 0 0 2 0 0 0 14 23 0 0 0 0 0 0 24 0 0 0 0 0 0 0 0 0 0 0 0 0 0 16 0 0 0 0 0 33 1 15 0 0 0 48 33 0 0 0 0 2 0 0 0 0 0 0 0 0 0 1 0 1 0 0 0 0 0 0 0 0 0 0 0 0 0 0 0 24 0 0 0 0 0 0 0 0 0 0 0 19 43 0 0 0 0 0 0 2 0 0 0 0 0 0 0 11 0 0 0 0 0 69 0 0 0 0 0 58 1 1 0 0 0 29 45 0 0 0 2 32 0 1 0 0 0 0 0 0 0 0 0 0 0 0 0 0 0 0 1 0 0 0 0 0 0 0 0 0 2 0 0 0 0 0 0 0 0 0 0 0 6 5 0 0 6 0 3 2 0 0 0 0 0 0 0 0 0 0 0 0 0 0 0 0 0 0 0 0 0 0 0 0 0 0 0 0 0 0 0 1 0 0 0 0 0 
 668 71 64 309 65 38 0 185 67 45 80 46 720 352 45 35 50 40 145 306 0 0 2 0 0 2 0 3 0 0 0 0 3 0 0 0 2 3 0 0 3 0 3 3 0 0 0 0 0 0 3 2 0 0 66 3 6 0 0 0 2 0 0 3 0 0 34 3 0 2 3 2 0 3 2 3 3 4 0 0 28 18 14 0 0 11 18 24 1 1 0 0 27 26 40 6 2 0 8 19 0 0 0 0 0 0 0 0 0 0 0 0 0 0 0 0 0 0 0 0 0 0 0 0 0 0 0 0 0 0 0 0 0 0 0 0 0 0 0 0 0 1 0 0 0 0 0 0 0 0 1 0 0 0 19 1 0 0 2 0 22 18 0 0 2 1 35 30 0 0 0 0 0 10 23 0 2 0 0 21 0 0 0 0 0 1 0 0 0 0 0 0 4 0 0 0 0 2 0 0 0 0 13 0 0 0 0 0 0 0 0 1 0 0 0 0 7 0 0 10 0 0 2 0 0 0 0 2 1 0 0 0 0 0 0 0 0 0 0 0 0 0 0 0 2 2 0 0 0 0 0 14 0 0 0 0 0 0 0 0 0 0 0 0 0 0 0 0 0 0 0 0 0 1 0 0 0 0 0 0 0 0 0 0 0 0 0 0 0 0 
 429 456 514 186 79 19 185 0 306 20 245 45 70 331 178 37 111 19 58 132 0 0 2 0 0 3 0 3 0 0 8 0 2 2 0 6 2 3 0 0 3 43 6 0 0 0 48 0 0 0 3 4 0 37 3 3 0 0 0 0 2 0 0 3 0 0 2 4 0 0 3 0 0 3 2 3 3 0 0 0 9 13 55 0 0 0 18 20 47 32 0 0 0 0 14 99 39 37 0 0 0 0 0 0 0 0 0 0 0 0 0 0 0 0 0 0 0 0 0 0 0 0 0 0 0 0 0 0 0 0 0 0 0 0 0 0 0 0 0 0 0 0 0 0 0 0 0 0 0 0 0 0 0 1 0 0 0 0 0 0 26 48 11 0 0 4 0 29 25 14 0 0 0 12 46 14 19 16 0 3 0 0 0 0 2 0 0 0 0 0 0 0 2 0 0 0 0 0 0 0 0 0 0 0 0 0 0 9 0 0 0 0 0 0 0 0 0 0 0 0 0 0 0 0 0 0 0 0 0 0 0 0 0 0 0 0 0 0 0 0 0 0 0 0 0 2 0 2 0 0 0 10 0 0 0 0 0 0 0 0 0 0 1 42 0 0 0 0 0 0 0 0 0 0 0 0 0 1 0 0 0 0 0 0 0 0 0 29 0 0 
 264 489 539 98 90 52 67 306 0 648 137 256 92 211 70 186 114 401 322 61 0 0 2 4 0 5 0 3 1 0 0 0 8 0 0 2 1 3 0 0 3 0 3 0 0 0 0 0 0 61 3 0 0 0 10 9 0 0 0 0 2 0 0 3 0 0 0 0 0 0 3 0 0 3 2 3 3 0 0 0 0 14 41 45 0 0 0 0 37 40 36 13 0 0 0 44 40 22 1 0 0 0 0 0 0 0 0 0 0 0 0 0 0 0 0 0 0 0 0 0 0 0 0 0 0 0 0 0 0 0 0 0 0 0 0 0 0 0 0 0 0 0 0 4 0 0 0 0 0 0 0 0 0 0 0 0 0 0 0 0 0 17 14 13 0 2 0 0 35 33 0 1 0 2 2 17 40 49 0 0 6 0 1 0 0 0 0 0 0 0 0 0 1 0 0 0 0 0 0 0 0 0 0 0 0 0 16 0 0 0 0 0 0 0 15 0 0 0 0 0 0 0 0 0 0 0 0 0 0 0 0 0 0 0 0 0 0 0 2 0 0 11 0 0 0 2 6 0 1 2 2 8 7 0 0 0 0 0 0 0 0 0 7 0 0 0 0 0 0 0 0 0 0 0 0 28 16 13 0 0 0 0 0 0 0 0 0 0 0 0 
 243 53 623 463 85 76 45 20 648 0 475 47 39 143 87 484 466 78 371 88 1 0 2 0 0 3 3 3 3 0 1 0 2 5 0 1 1 3 0 0 5 2 3 0 55 3 0 0 0 0 3 0 0 0 3 10 0 0 0 5 3 0 0 3 3 0 0 0 2 0 3 0 0 3 2 3 6 6 3 1 2 17 9 49 22 0 0 0 13 24 50 40 0 0 0 23 15 1 0 0 0 0 0 0 0 0 0 0 0 0 0 0 0 0 0 0 0 0 0 0 0 0 0 0 0 0 0 0 0 0 0 0 24 0 0 0 0 5 0 0 0 0 0 4 2 0 0 0 0 0 0 0 0 0 0 0 0 0 0 0 0 0 16 43 0 0 0 0 13 11 17 26 0 1 10 11 0 18 0 0 0 0 2 0 0 0 0 0 0 0 22 0 0 0 0 0 0 0 0 1 0 0 0 0 0 0 0 0 0 0 0 0 0 0 0 0 0 0 0 0 0 0 0 0 1 0 0 0 0 0 0 0 0 0 0 0 0 0 1 0 0 18 0 0 0 2 189 0 0 176 3 11 11 0 0 0 0 0 0 0 1 0 5 0 0 0 0 0 0 0 3 0 0 0 0 25 15 17 0 0 0 0 0 0 0 0 0 0 0 0 
 37 33 151 320 92 76 80 245 137 475 0 347 253 52 54 98 307 429 435 52 0 0 2 0 0 3 2 3 0 0 0 3 2 2 0 2 1 3 0 2 3 0 5 0 0 0 0 0 0 0 3 2 0 0 3 31 0 0 0 0 2 0 0 3 1 0 0 0 0 3 27 49 0 3 2 3 4 0 2 0 0 0 14 33 8 31 0 0 0 13 27 62 0 0 0 0 7 0 0 0 0 0 1 0 0 0 0 0 0 0 0 0 1 0 0 0 0 0 1 0 0 0 0 0 1 0 0 0 0 0 0 0 0 0 2 0 2 0 0 0 0 0 0 14 0 0 0 0 0 0 0 0 0 0 0 0 0 2 0 0 0 0 0 67 12 4 8 0 11 1 28 52 0 0 0 0 0 0 0 0 0 0 0 0 0 2 0 0 0 0 0 0 0 0 0 0 0 0 0 0 12 0 0 1 0 0 2 0 0 0 0 0 0 0 10 0 0 0 0 0 0 0 0 2 0 0 0 0 0 0 0 0 0 1 0 0 0 0 0 0 0 0 12 0 0 0 53 0 1 51 0 3 0 0 0 1 0 0 0 0 0 0 10 0 0 0 0 0 0 0 0 0 0 51 0 28 0 0 0 0 0 0 0 0 0 0 0 0 0 0 
 253 34 67 354 331 61 46 45 256 47 347 0 48 38 31 284 289 91 59 24 0 1 2 1 1 3 0 3 2 0 0 0 2 0 2 3 6 5 0 0 5 0 3 0 0 0 0 0 0 3 3 0 25 0 5 5 0 4 0 0 38 0 1 55 0 0 5 4 3 0 3 5 10 14 2 6 3 0 1 6 0 0 2 0 31 7 0 0 0 1 12 51 0 3 0 0 22 0 1 0 1 0 0 0 0 0 1 0 0 0 0 0 1 0 0 2 1 0 15 1 0 0 0 0 0 2 0 0 1 0 0 0 2 0 0 0 0 0 1 0 0 0 0 3 0 0 0 0 1 1 0 0 0 0 0 14 0 0 1 0 0 0 0 32 9 39 0 1 0 0 29 27 0 0 0 0 0 0 0 0 1 0 0 0 0 0 0 0 0 0 16 0 18 2 0 0 0 0 0 28 0 0 0 0 21 0 0 0 0 0 0 0 0 0 0 0 0 0 0 0 0 0 0 0 0 0 0 0 0 0 1 0 0 0 0 0 0 0 0 0 0 0 0 0 0 8 183 1 6 86 1 5 2 2 0 0 0 0 1 0 0 0 0 0 0 0 0 0 0 0 0 0 0 0 0 0 0 0 0 0 0 0 0 0 0 1 0 0 0 0 
 44 56 54 147 282 258 720 70 92 39 253 48 0 64 115 37 260 121 486 333 0 0 2 2 0 9 0 80 0 0 1 0 2 0 0 0 1 3 0 0 3 0 5 5 0 0 0 0 0 0 64 29 0 0 3 3 6 0 0 0 2 0 0 3 0 0 0 0 43 0 3 0 0 3 2 3 3 14 0 0 27 45 0 0 0 0 23 31 1 0 0 0 49 18 37 0 0 0 5 32 0 0 0 0 0 2 0 0 0 0 2 0 0 0 0 0 0 0 0 0 0 0 0 1 0 0 0 0 0 0 0 0 1 0 0 0 0 0 0 0 0 0 0 0 0 0 0 0 0 0 0 0 0 0 3 0 0 0 0 0 14 0 0 0 0 0 16 19 0 0 0 0 8 30 0 0 0 0 0 30 0 0 0 0 0 0 0 0 0 0 0 0 1 1 0 0 0 0 11 0 0 0 0 0 0 0 0 0 0 0 0 0 0 0 0 0 0 0 0 0 0 0 0 0 0 0 1 0 0 0 1 0 0 0 0 0 0 0 0 0 0 0 0 0 0 0 0 0 1 0 0 12 0 0 0 0 0 0 0 0 0 0 0 0 0 0 0 0 0 2 0 0 0 0 0 0 0 0 0 0 0 0 0 0 0 0 0 0 0 0 
 197 139 52 151 59 35 352 331 211 143 52 38 64 0 346 133 45 342 169 177 0 0 2 0 2 3 0 3 0 0 0 0 3 0 0 0 1 52 0 0 3 0 3 0 0 0 0 0 0 0 9 7 0 0 3 3 3 1 0 0 2 0 0 3 0 0 0 9 0 0 3 0 0 3 2 3 3 4 0 0 26 41 34 0 0 0 14 42 0 16 9 0 0 6 24 0 1 10 1 14 0 0 0 0 0 0 0 0 0 1 0 0 0 0 0 0 0 0 0 0 0 0 0 0 0 0 0 0 0 15 0 0 0 0 0 0 0 1 0 0 0 0 0 0 0 0 2 0 0 0 0 0 0 0 0 0 0 0 0 10 38 36 15 0 0 11 26 34 0 2 0 0 0 35 48 11 10 10 0 0 0 1 0 0 0 0 1 0 0 0 0 0 0 0 0 0 0 0 0 0 0 0 0 0 0 0 0 0 15 0 0 0 0 0 0 7 0 1 0 0 1 0 0 0 25 0 0 0 0 0 0 0 0 0 0 0 10 0 0 0 0 0 0 0 0 0 0 0 0 1 0 21 85 0 0 0 0 0 0 0 0 0 0 0 0 0 0 0 0 0 0 0 0 0 0 0 13 0 0 0 0 0 0 0 0 0 0 0 0 0 
 467 746 55 63 79 35 45 178 70 87 54 31 115 346 0 81 41 17 66 89 0 0 2 0 2 3 0 3 6 1 0 2 2 1 0 0 1 6 0 0 3 0 3 0 0 0 0 0 0 0 3 13 0 0 3 3 0 0 0 0 2 0 0 3 0 0 0 12 0 0 3 0 5 3 2 3 3 0 0 0 19 20 54 0 0 0 17 14 28 15 3 1 0 0 15 48 39 44 0 0 0 0 0 0 0 0 0 0 0 0 0 0 0 0 0 0 0 0 0 0 0 0 0 0 0 0 0 0 0 0 0 0 0 0 0 0 0 0 0 0 0 0 0 0 0 0 0 0 0 0 0 0 0 0 0 0 0 9 0 0 13 44 14 0 0 3 0 15 17 21 0 0 0 1 71 10 20 10 0 2 0 0 0 0 0 0 0 0 0 0 0 0 1 0 0 0 0 0 0 0 0 0 0 0 0 0 15 0 0 0 0 0 0 0 0 0 0 0 0 0 0 0 0 0 0 0 0 0 0 0 0 0 9 0 0 0 0 0 0 0 0 0 0 0 0 0 2 0 0 1 0 8 0 0 0 0 0 0 0 0 0 0 0 0 0 0 0 0 0 0 0 0 0 0 0 0 0 0 0 0 0 0 0 0 0 0 0 0 0 13 
 273 620 520 66 85 150 35 37 186 484 98 284 37 133 81 0 152 383 240 49 0 0 2 1 0 3 0 3 0 0 0 0 2 0 0 0 1 3 0 4 3 0 3 0 0 0 0 0 0 0 3 2 29 0 3 5 0 0 0 0 2 0 0 3 0 0 0 0 0 0 3 0 0 3 5 3 3 0 0 0 0 15 32 43 1 0 0 0 31 23 51 13 0 0 0 38 30 17 0 0 0 0 0 0 0 0 14 0 0 0 0 0 0 0 0 0 0 0 0 0 0 0 0 0 0 0 0 0 0 0 0 0 0 0 0 0 0 0 0 0 0 0 2 6 1 0 0 0 0 0 0 0 0 0 0 0 0 0 0 0 0 15 14 10 0 0 0 0 36 23 0 1 0 0 0 30 13 16 0 0 0 0 1 0 0 0 0 1 0 0 0 11 0 0 0 0 0 9 0 2 0 0 0 0 0 0 0 0 0 0 0 0 0 0 0 12 0 0 0 0 0 0 0 0 0 0 0 0 0 7 0 0 0 21 0 0 15 0 0 0 0 10 0 0 0 1 2 0 0 3 0 8 15 0 0 0 0 0 0 0 0 0 7 0 0 0 0 0 0 0 0 0 0 0 0 47 8 9 0 0 0 0 0 0 0 0 0 0 0 0 
 22 392 256 56 57 64 50 111 114 466 307 289 260 45 41 152 0 422 53 48 1 0 2 0 0 3 0 3 34 56 0 0 3 0 0 0 2 6 0 2 3 0 3 0 0 0 0 0 0 0 3 0 0 0 3 5 0 0 0 0 2 0 0 3 0 0 0 0 0 0 3 0 0 3 2 3 3 0 0 0 2 13 31 40 0 0 0 9 37 31 31 13 0 0 0 43 44 34 0 0 0 0 0 0 0 0 0 0 0 0 0 0 0 0 0 0 0 0 0 0 0 0 9 0 0 0 0 0 0 0 0 0 0 0 0 0 0 0 0 0 0 0 1 3 2 0 0 0 0 0 0 0 0 0 0 1 0 0 0 0 38 13 7 11 0 0 0 0 32 39 0 1 0 1 0 21 7 29 0 0 0 0 2 0 0 0 0 19 0 0 0 0 0 0 0 0 0 0 0 0 0 0 0 0 0 0 0 0 0 0 0 0 0 0 0 0 1 0 0 0 0 0 0 0 0 0 0 0 0 0 0 0 0 0 0 0 0 0 1 0 0 10 0 0 0 0 2 0 0 3 0 4 1 0 0 0 0 0 0 0 0 0 7 0 0 0 0 0 0 0 0 0 0 0 0 23 10 31 0 0 0 0 0 0 0 0 0 0 0 0 
 32 34 372 408 34 51 40 19 401 78 429 91 121 342 17 383 422 0 53 34 0 0 2 0 0 3 0 3 0 0 2 0 4 0 0 0 1 3 0 0 3 0 3 0 0 0 0 0 0 0 3 0 0 0 4 16 0 0 0 0 3 0 0 3 0 0 0 0 0 0 3 0 0 3 2 3 3 0 0 0 0 15 30 44 21 0 0 0 13 25 44 19 0 0 0 5 9 0 0 0 1 0 0 0 0 0 0 0 0 0 1 8 0 0 0 0 0 0 0 0 0 0 11 2 0 0 0 0 0 0 0 0 2 1 0 0 0 0 0 0 0 0 0 4 0 0 0 0 0 0 0 18 0 0 0 0 0 0 0 0 0 0 20 50 0 0 0 0 27 13 13 29 0 0 0 18 0 27 0 0 0 0 0 0 0 0 0 0 0 0 0 0 3 0 0 0 0 0 0 0 0 0 0 0 0 0 0 0 0 1 1 0 0 0 0 0 0 0 1 0 0 0 0 0 0 0 2 0 0 0 0 2 0 0 0 0 0 0 0 0 0 14 0 0 0 1 173 0 0 171 0 8 19 0 0 0 0 0 0 0 0 0 7 0 0 0 0 0 0 1 0 0 0 0 0 32 15 25 0 0 0 0 0 0 0 0 0 0 0 0 
 45 90 65 100 71 63 145 58 322 371 435 59 486 169 66 240 53 53 0 405 0 0 2 0 2 2 0 3 0 0 0 0 3 0 0 0 2 3 0 0 3 0 3 4 0 0 0 0 0 0 3 0 0 0 34 3 2 0 0 0 2 0 53 3 0 0 51 0 0 0 3 0 0 3 2 3 2 5 0 0 26 17 0 0 2 6 27 1 0 0 0 0 30 17 9 0 0 0 42 35 1 0 0 0 0 0 1 0 0 0 0 0 0 0 0 8 0 0 0 0 1 0 2 0 0 0 15 0 0 0 18 0 0 0 0 0 0 0 0 0 5 2 0 0 0 0 0 0 0 0 0 0 0 1 6 0 0 0 0 1 0 0 0 0 0 0 52 0 0 0 0 0 29 25 1 0 0 0 11 46 0 0 0 0 0 0 0 0 0 0 0 0 0 0 0 0 0 0 0 0 9 0 0 0 0 0 14 0 2 0 1 0 0 0 0 0 8 0 0 0 0 0 0 0 0 0 0 0 0 0 0 1 0 0 0 0 0 0 0 0 0 0 0 0 0 1 1 0 1 0 2 11 0 0 0 0 0 0 0 0 0 0 0 30 0 0 0 0 0 0 0 0 0 0 0 0 0 0 0 0 0 0 0 0 0 0 0 0 0 0 
 243 45 43 51 64 42 306 132 61 88 52 24 333 177 89 49 48 34 405 0 0 0 2 2 0 4 0 75 0 0 0 0 2 0 0 0 0 3 0 0 3 0 3 6 0 0 0 0 0 0 3 0 0 0 3 3 9 0 0 0 3 0 0 3 0 0 0 0 0 0 1 0 0 3 2 2 3 10 0 0 25 15 0 0 0 0 33 41 7 0 0 0 26 29 73 1 0 0 14 13 0 0 0 0 0 0 0 0 0 0 0 0 0 0 0 0 0 0 0 0 0 0 0 0 0 0 0 0 0 0 0 0 0 0 0 0 0 0 0 0 1 6 0 0 0 0 0 0 0 0 1 0 0 0 5 0 0 10 0 0 10 16 0 0 0 1 36 13 0 0 0 0 1 20 9 0 68 9 1 55 0 0 0 0 0 0 0 0 0 0 0 0 5 0 0 0 0 0 0 0 0 0 0 0 0 0 0 0 0 0 0 0 0 0 0 0 0 0 0 0 0 0 0 0 0 0 0 0 0 0 0 0 0 0 0 0 0 0 0 0 0 0 0 0 0 1 0 0 2 0 2 2 1 0 0 0 0 0 0 0 0 0 0 31 0 1 0 0 0 0 0 0 0 0 0 0 0 0 0 0 0 0 0 0 0 0 0 0 0 0 
 2 2 0 0 0 0 0 0 0 1 0 0 0 0 0 0 1 0 0 0 0 69 71 30 33 239 385 337 242 41 22 42 60 125 370 32 32 33 43 204 1 0 1 0 0 0 0 0 0 0 0 0 2 0 2 0 0 0 0 0 0 3 3 3 3 1 0 0 0 0 0 2 0 3 3 1 0 2 3 0 7 0 2 0 0 0 0 2 0 0 2 0 0 0 0 0 0 0 0 0 15 47 32 0 0 0 13 41 30 12 2 0 0 41 30 35 38 0 0 0 0 0 0 0 0 0 0 0 0 0 0 0 0 0 0 0 0 0 0 0 0 0 0 0 0 0 0 0 0 9 0 0 0 0 0 0 0 0 0 0 0 0 0 0 0 0 0 0 0 0 0 0 0 0 15 0 0 0 41 0 24 71 26 26 0 15 9 26 13 13 7 0 1 7 61 32 24 39 1 0 0 0 0 0 0 0 0 0 0 0 0 0 0 0 0 0 0 0 0 0 0 0 0 0 0 0 0 0 2 0 0 0 0 0 0 0 0 0 0 0 0 0 0 0 0 0 0 0 0 0 0 0 0 0 4 0 0 0 0 0 2 0 0 0 0 0 0 0 0 0 0 0 0 0 0 0 0 0 0 0 0 0 0 0 0 0 0 0 0 0 
 75 0 0 0 0 0 0 0 0 0 0 1 0 0 0 0 0 0 0 0 69 0 341 86 51 39 88 408 317 52 36 239 257 70 371 340 212 49 252 63 0 0 5 3 4 62 1 0 0 6 0 3 1 0 2 0 3 0 0 0 0 3 6 3 3 3 0 3 5 0 0 2 0 3 3 0 0 2 3 0 0 0 0 0 0 0 0 0 0 0 0 0 0 0 0 0 0 0 0 0 0 9 27 29 1 0 0 18 32 30 12 0 10 0 0 36 43 64 0 0 0 0 0 0 0 0 0 0 0 0 0 0 9 0 0 0 0 0 0 0 0 0 0 0 1 0 0 0 0 0 0 0 0 0 0 0 0 0 0 0 0 0 0 0 0 0 0 0 7 0 0 0 0 0 4 0 0 0 0 0 0 1 0 41 8 1 0 0 43 24 22 37 0 0 0 35 33 37 0 0 0 0 0 0 0 0 0 0 0 0 0 0 0 10 0 0 0 0 0 0 0 0 0 0 0 0 0 0 0 0 0 0 0 0 0 0 0 0 0 0 0 0 0 0 0 0 0 0 0 0 0 0 0 0 5 0 0 0 0 2 11 2 0 0 0 0 21 0 0 0 0 0 0 0 0 0 0 0 0 2 0 19 0 0 0 0 17 0 0 0 
 2 2 2 2 2 2 2 2 2 2 2 2 2 2 2 2 2 2 2 2 71 341 0 175 274 100 84 123 202 341 103 30 50 59 54 274 122 277 38 58 207 0 210 0 0 0 0 0 0 0 0 0 2 0 209 0 0 0 1 0 0 2 3 2 3 1 0 0 0 0 3 2 0 2 2 0 0 3 3 0 0 0 0 0 0 0 0 0 0 0 0 0 0 0 0 0 0 0 0 0 0 1 11 55 16 1 0 0 13 18 20 63 0 0 1 10 11 70 0 0 0 0 0 0 0 0 0 0 0 0 0 0 0 0 0 0 0 0 8 0 0 0 0 0 0 0 1 0 1 0 9 0 0 0 0 0 0 0 0 0 1 0 0 0 1 0 0 0 4 0 6 0 0 0 0 0 0 15 0 0 0 1 12 26 32 11 0 0 43 27 12 19 0 0 0 11 22 47 0 0 0 0 0 0 1 0 0 0 2 0 0 0 0 0 0 0 1 0 0 0 0 0 0 2 0 0 0 0 0 0 0 0 0 0 0 0 0 0 0 0 0 0 7 0 0 0 1 0 0 0 0 0 0 0 2 0 1 4 89 0 9 1 1 0 0 0 19 0 0 0 0 0 0 0 0 0 1 0 0 0 0 9 0 0 0 0 12 0 0 0 
 0 2 0 0 0 0 0 0 4 0 0 1 2 0 0 1 0 0 0 2 30 86 175 0 155 162 226 80 88 377 85 354 63 141 184 70 196 339 266 61 208 0 208 0 6 0 0 0 0 0 0 0 0 62 2 0 0 0 1 63 0 3 3 2 3 1 0 0 0 0 0 3 0 3 3 0 0 2 3 0 1 1 0 0 0 0 1 0 0 0 0 0 0 0 0 0 0 0 0 0 0 0 0 46 30 36 0 0 0 33 54 45 0 0 0 0 0 1 0 0 0 0 0 0 0 0 0 0 0 0 0 0 20 0 1 0 0 0 17 10 0 0 0 0 0 0 0 0 3 0 2 0 1 0 0 0 0 0 0 10 0 0 3 0 0 1 0 0 4 0 3 0 0 0 2 2 0 5 0 0 0 0 16 0 17 49 0 0 12 6 36 11 0 0 0 0 0 25 0 0 0 0 0 0 18 0 0 0 0 10 0 7 0 0 0 0 16 0 10 9 2 0 0 0 0 0 0 0 0 0 0 0 0 0 19 39 0 0 0 0 0 0 17 0 0 2 0 0 0 0 0 0 0 0 0 2 0 49 52 1 2 29 0 0 0 0 18 0 0 0 0 0 0 0 0 0 0 0 0 0 0 10 0 0 0 0 0 0 0 0 
 0 0 0 2 0 1 0 0 0 0 0 1 0 2 2 0 0 0 2 0 33 51 274 155 0 279 105 140 74 83 116 272 130 73 186 182 49 33 151 73 0 0 0 0 3 3 0 0 3 0 3 3 0 7 2 0 1 4 1 3 0 3 3 3 103 3 2 0 0 0 0 4 0 3 3 0 0 3 3 0 0 0 0 0 0 0 0 0 0 0 0 2 0 0 0 0 0 0 0 0 0 0 18 37 4 29 0 29 22 0 0 6 0 0 0 0 2 29 0 0 12 2 0 0 0 0 21 1 2 0 0 0 19 0 0 0 0 0 41 11 0 0 0 0 0 0 2 0 0 0 0 0 0 0 2 0 0 0 0 0 0 0 0 0 0 0 0 0 0 0 0 0 0 0 7 0 0 0 0 0 0 0 1 24 29 47 2 0 22 0 21 9 0 0 0 5 4 8 0 0 0 10 0 0 0 2 0 0 0 0 0 0 8 9 0 0 0 1 42 9 0 0 0 0 0 1 0 0 0 0 0 0 0 0 0 0 0 0 0 0 0 0 0 0 0 0 0 0 0 0 0 0 0 0 2 3 0 6 2 1 8 0 0 0 0 0 0 0 0 0 0 0 0 1 0 0 0 0 0 0 0 0 0 0 0 0 0 0 0 0 
 3 4 5 3 2 3 2 3 5 3 3 3 9 3 3 3 3 3 2 4 239 39 100 162 279 0 33 38 252 250 87 292 236 60 59 285 67 81 41 45 0 3 4 0 0 0 1 0 2 0 0 0 1 0 2 0 0 0 197 3 0 3 3 3 3 2 0 0 0 0 0 4 0 3 3 0 0 2 3 0 1 0 0 0 0 0 0 0 0 1 0 0 0 0 11 0 0 0 0 0 0 0 0 0 9 20 0 0 0 0 0 0 0 0 0 0 0 1 0 0 6 23 0 0 0 0 50 0 0 0 0 0 32 3 2 0 0 2 43 31 0 0 0 0 0 0 3 0 0 0 0 0 1 0 0 2 0 0 0 0 0 0 0 0 0 0 0 0 0 0 0 0 0 3 0 2 0 0 0 1 7 0 0 0 13 1 0 0 0 0 0 20 0 0 0 0 0 0 0 0 17 0 0 0 0 0 10 15 0 0 0 0 23 42 11 0 0 0 31 25 2 0 0 0 0 0 1 0 0 2 0 0 0 0 0 0 0 0 0 0 0 0 0 0 0 0 0 0 0 0 0 0 0 0 5 0 0 0 6 2 0 1 0 0 0 0 0 0 0 0 0 0 0 0 0 0 0 0 0 0 0 0 0 0 1 0 0 0 0 0 
 0 0 0 0 5 0 0 0 0 3 2 0 0 0 0 0 0 0 0 0 385 88 84 226 105 33 0 93 271 257 229 33 535 407 44 47 40 15 135 306 1 0 0 0 0 2 0 0 0 65 0 0 1 0 2 0 0 0 0 0 0 2 3 2 3 1 0 45 0 0 0 2 0 2 2 0 0 3 3 0 2 0 0 0 0 0 2 0 0 0 0 0 0 0 0 0 0 0 0 0 39 31 16 0 0 0 22 34 0 2 0 0 33 62 49 12 36 2 2 28 0 0 0 0 0 0 0 0 1 0 0 0 0 0 2 0 0 0 0 0 0 0 0 0 0 0 0 0 0 0 0 0 2 0 0 0 0 0 0 3 0 0 0 0 0 1 0 2 0 0 0 0 0 0 0 1 0 0 5 0 37 41 25 0 0 0 10 42 0 13 0 0 0 43 62 7 17 0 13 15 0 0 0 0 0 0 0 0 0 0 0 0 0 0 0 0 0 0 0 0 1 0 0 0 0 0 0 0 0 0 0 0 0 10 0 0 0 0 0 0 0 0 0 0 0 1 0 0 0 0 0 0 0 0 0 0 2 0 0 4 4 0 0 0 0 0 0 0 0 0 0 0 0 0 0 0 0 0 0 0 0 0 0 0 0 0 0 0 0 0 
 3 3 3 3 3 3 3 3 3 3 3 3 80 3 3 3 3 3 3 75 337 408 123 80 140 38 93 0 172 42 21 34 98 381 217 122 43 43 64 48 0 0 3 0 0 0 0 0 0 1 0 3 1 0 2 0 0 0 0 0 0 52 3 2 4 0 0 0 0 3 0 4 0 26 3 0 1 2 5 0 0 0 0 0 0 0 0 0 0 0 0 0 0 0 0 0 0 0 0 0 1 3 8 0 0 0 10 31 30 12 1 0 0 0 38 28 33 22 0 0 0 0 0 0 0 0 0 0 0 0 0 0 0 0 0 0 8 0 0 0 0 0 0 11 0 0 0 0 0 0 0 0 0 0 1 0 0 0 0 0 0 0 0 0 0 0 0 0 0 0 0 0 0 0 4 0 0 0 18 0 10 34 0 47 0 0 0 9 29 27 5 8 0 1 31 18 54 9 0 0 0 0 0 0 0 0 0 0 0 0 0 0 0 0 0 0 0 0 0 0 0 0 0 0 0 0 0 0 0 0 0 0 0 0 0 0 0 0 0 0 0 0 0 0 0 0 0 0 0 0 0 0 0 0 0 0 2 0 0 0 0 0 0 0 0 0 0 0 0 0 0 0 0 0 0 0 0 0 0 0 0 0 0 0 0 0 1 0 0 8 
 0 0 3 0 1 0 0 0 1 3 0 2 0 0 6 0 34 0 0 0 242 317 202 88 74 252 271 172 0 307 58 33 312 73 161 307 365 266 86 277 0 0 2 0 0 0 0 0 0 1 0 0 0 0 2 0 0 0 59 0 0 3 3 3 3 1 0 0 0 0 0 2 0 3 3 0 0 2 3 0 0 0 0 0 0 0 0 0 0 0 0 0 0 0 0 0 0 0 0 0 0 3 22 35 39 1 0 19 31 22 7 31 13 0 0 9 9 116 0 0 0 0 0 0 0 0 8 0 0 0 0 0 0 20 17 0 0 0 0 1 0 1 0 2 0 0 0 0 2 0 0 2 0 0 0 0 0 0 2 0 0 0 0 2 0 0 0 0 0 0 0 2 0 0 4 0 0 0 0 0 0 2 8 48 23 0 0 0 63 31 29 30 0 0 0 15 15 30 0 0 0 0 0 0 0 0 0 0 0 0 2 0 0 0 0 0 0 0 0 0 12 0 0 0 0 0 0 0 0 0 0 0 0 0 0 18 0 0 0 0 0 0 8 0 0 0 0 0 0 0 0 0 0 0 8 0 1 4 1 2 11 1 0 0 0 0 18 0 0 0 0 0 0 0 0 0 0 0 0 0 0 10 0 0 0 0 17 0 0 0 
 0 1 0 45 0 0 0 0 0 0 0 0 0 0 1 0 56 0 0 0 41 52 341 377 83 250 257 42 307 0 391 31 55 93 108 332 308 358 63 83 0 0 3 0 7 2 0 0 1 0 0 0 0 64 2 0 0 0 0 0 0 3 3 2 3 1 0 0 0 0 0 7 0 3 3 0 27 2 3 0 0 0 0 0 0 0 0 2 0 0 0 0 1 0 0 1 0 0 0 0 0 0 12 47 36 2 0 0 3 13 60 37 0 0 0 14 9 29 0 0 1 0 0 0 0 0 0 0 0 0 0 0 0 0 0 0 0 0 15 0 0 0 0 0 0 1 0 0 9 0 0 0 0 0 0 0 0 0 0 0 0 0 0 0 0 0 0 0 7 0 6 0 0 0 0 0 0 7 1 0 0 0 44 40 43 29 0 0 49 10 62 12 0 0 0 20 0 26 0 0 0 2 0 0 0 0 0 0 0 0 0 0 0 0 0 0 0 0 0 0 0 0 0 0 0 0 0 0 2 0 0 0 0 0 0 0 0 0 0 0 0 0 3 0 0 0 0 0 0 0 0 0 0 0 6 0 3 150 157 4 11 20 0 0 0 0 10 0 0 0 0 0 0 0 0 0 0 0 0 0 0 89 0 0 0 0 12 0 0 0 
 0 0 0 0 2 0 0 8 0 1 0 0 1 0 0 0 0 2 0 0 22 36 103 85 116 87 229 21 58 391 0 383 45 114 63 307 228 357 39 56 0 3 2 11 6 5 5 0 2 9 7 0 0 0 3 5 4 0 1 4 3 2 6 5 4 4 0 3 3 0 4 7 1 2 7 1 0 5 3 8 0 0 0 0 0 0 0 0 0 0 0 0 0 1 0 0 0 0 0 0 0 0 0 19 37 36 0 0 0 20 35 48 0 0 0 0 0 0 2 0 0 0 0 0 0 0 0 0 0 0 0 1 0 0 0 0 0 0 14 10 0 0 0 0 0 0 0 0 4 0 0 0 0 0 0 0 0 0 0 0 0 0 2 0 0 0 0 0 5 0 3 0 0 0 19 0 0 4 0 0 0 0 16 1 33 68 0 0 9 6 32 10 0 0 0 0 0 19 0 0 0 0 0 0 0 0 0 0 0 0 0 0 1 0 0 0 0 0 16 12 0 0 0 0 0 0 0 0 0 0 2 0 0 0 0 0 0 0 0 2 0 0 6 0 0 0 0 0 0 0 2 0 0 0 0 4 0 48 45 2 0 17 0 0 0 0 14 0 0 0 0 0 0 2 2 0 0 0 0 0 0 11 0 0 0 0 0 0 0 0 
 0 0 0 0 0 0 0 0 0 0 3 0 0 0 2 0 0 0 0 0 42 239 30 354 272 292 33 34 33 31 383 0 37 36 31 541 99 47 250 254 0 0 0 0 32 0 0 0 2 0 0 0 0 0 2 0 0 0 0 5 0 3 3 3 3 1 0 0 1 0 0 2 0 3 3 0 0 2 3 0 0 0 0 0 0 0 13 0 0 0 0 0 0 0 0 0 0 0 0 0 0 0 0 10 35 58 0 0 0 0 28 22 0 0 0 0 0 0 0 0 1 0 0 0 7 0 2 0 0 3 0 0 17 0 1 0 0 0 51 29 0 0 0 0 0 0 0 0 16 0 0 0 0 0 0 0 0 0 0 0 0 0 0 0 0 0 0 0 1 0 1 0 0 0 0 0 0 2 0 0 0 0 18 0 22 22 0 0 1 0 23 49 0 0 0 0 0 10 0 0 0 0 0 0 0 0 0 0 0 0 0 0 7 0 0 0 0 0 20 5 0 0 0 0 0 0 0 0 0 0 0 0 0 0 0 0 0 0 0 0 0 0 0 0 0 0 0 0 0 0 0 0 0 0 3 0 0 147 148 0 9 18 0 0 0 0 1 0 0 0 0 0 0 0 0 0 0 0 0 0 0 15 0 0 0 0 0 0 0 0 
 2 2 5 2 4 2 3 2 8 2 2 2 2 3 2 2 3 4 3 2 60 257 50 63 130 236 535 98 312 55 45 37 0 85 54 136 233 238 455 224 1 201 0 1 0 0 0 0 0 0 0 0 203 0 5 0 0 0 0 0 0 40 3 2 3 1 0 0 0 1 0 2 0 3 3 3 0 2 3 0 0 0 0 9 1 0 0 0 0 0 0 0 0 0 0 0 0 0 0 0 57 72 12 0 0 0 31 15 0 0 0 0 19 49 17 0 0 0 15 52 0 0 0 4 0 0 0 1 0 0 0 0 17 0 0 0 0 0 0 0 0 0 0 0 0 0 0 0 0 0 1 0 0 0 0 0 0 0 0 0 0 0 0 0 1 0 1 0 0 0 0 0 0 0 0 0 0 0 12 0 46 19 16 0 0 0 67 36 0 7 0 0 9 40 13 20 6 0 12 28 0 0 0 1 0 0 0 0 0 0 0 0 0 0 0 2 0 0 0 0 0 0 1 0 0 12 0 0 0 0 0 0 1 0 0 0 0 0 0 0 0 0 0 0 0 0 0 0 0 0 0 0 0 0 0 4 1 0 0 0 4 0 0 0 0 0 0 0 0 0 0 0 0 25 0 0 0 0 0 0 0 0 0 0 0 0 0 0 0 0 
 0 0 0 0 0 0 0 2 0 5 2 0 0 0 1 0 0 0 0 0 125 70 59 141 73 60 407 381 73 93 114 36 85 0 446 37 44 34 97 256 1 0 0 0 0 0 0 0 0 21 2 0 2 0 2 62 0 0 1 0 0 3 6 3 3 1 0 1 0 0 0 2 0 3 3 0 0 3 3 0 0 0 0 2 1 0 0 0 1 0 0 0 1 2 0 0 0 0 0 0 15 114 34 0 0 0 12 38 37 21 0 0 0 19 26 35 44 2 1 0 0 0 0 0 0 0 0 0 0 0 0 2 0 0 0 0 0 0 0 0 0 0 0 0 0 0 0 8 0 0 0 0 0 8 0 0 0 4 0 0 0 0 0 0 0 0 0 0 0 0 0 0 0 0 7 0 0 0 9 0 53 66 17 22 0 0 23 16 15 20 7 0 2 0 55 48 36 8 0 7 0 0 2 0 0 0 0 0 0 0 0 0 0 0 0 0 0 0 11 0 0 0 0 0 0 0 0 0 0 0 0 0 1 0 0 0 0 0 0 0 0 0 0 0 0 1 0 0 0 0 0 0 0 0 0 0 0 0 0 2 2 2 0 0 0 0 0 0 0 0 0 0 0 0 0 0 0 0 0 0 0 0 0 0 0 0 0 0 0 0 
 0 0 1 0 0 0 0 0 0 0 0 2 0 0 0 0 0 0 0 0 370 371 54 184 186 59 44 217 161 108 63 31 54 446 0 201 53 53 65 103 0 64 3 0 0 0 0 0 0 0 0 0 1 0 2 0 0 0 0 0 0 2 3 2 3 1 0 0 0 0 7 2 25 52 2 0 0 3 3 0 11 0 0 0 0 0 0 0 0 0 11 0 0 0 0 0 0 0 0 0 0 13 31 2 0 0 15 22 71 12 0 0 1 1 38 47 30 32 0 0 0 0 0 0 0 0 0 2 0 0 0 0 0 0 0 0 0 0 0 0 0 0 0 0 2 0 0 0 1 0 2 0 0 9 0 0 0 0 0 0 0 0 0 0 0 0 0 0 0 0 0 0 0 0 5 0 0 10 1 0 2 46 4 29 0 0 2 10 19 49 27 9 0 0 44 17 56 7 0 0 0 0 0 0 0 15 0 0 0 0 1 0 0 0 0 0 0 0 0 0 0 0 0 0 18 0 0 0 0 0 0 0 0 2 0 0 0 0 0 0 0 0 0 0 0 0 0 0 0 0 0 0 0 0 0 2 0 0 0 0 3 1 0 0 0 0 0 0 0 0 0 0 0 0 0 0 0 0 0 0 0 0 0 0 0 0 1 0 0 0 
 1 0 0 0 7 0 0 6 2 1 2 3 0 0 0 0 0 0 0 0 32 340 274 70 182 285 47 122 307 332 307 541 136 37 201 0 340 276 212 68 0 0 8 0 0 0 0 0 0 0 0 0 0 0 2 0 0 0 0 0 0 3 3 2 8 1 2 0 0 0 0 2 0 3 3 0 0 2 3 0 1 0 0 0 0 0 11 0 0 1 0 0 0 0 0 0 13 0 0 0 1 1 9 29 1 1 0 1 10 22 18 27 12 1 0 20 17 51 0 0 0 0 0 0 0 10 0 0 0 0 0 13 0 2 22 0 0 2 0 0 0 0 0 0 0 0 0 0 0 0 0 0 10 0 0 2 0 0 0 0 0 0 0 0 1 1 0 0 7 0 5 0 0 0 0 2 0 0 0 1 0 0 9 30 8 16 18 0 35 37 11 18 0 0 0 17 34 64 0 1 0 0 0 0 0 0 0 2 0 0 0 0 0 0 0 0 0 0 0 0 1 0 0 0 0 0 12 1 0 2 0 0 0 0 0 0 0 0 0 15 0 0 7 0 0 2 0 0 0 0 0 0 0 0 2 0 2 2 4 0 11 1 0 0 0 0 36 0 0 9 0 0 0 0 0 0 0 0 0 0 0 6 0 0 1 0 10 0 0 0 
 0 1 3 1 2 0 2 2 1 1 1 6 1 1 1 1 2 1 2 0 32 212 122 196 49 67 40 43 365 308 228 99 233 44 53 340 0 298 84 241 0 0 0 0 7 0 0 0 0 0 0 2 3 0 2 4 0 0 0 0 0 3 3 3 4 1 0 0 0 0 0 2 0 3 3 1 6 8 3 0 0 0 0 0 0 25 0 0 0 0 0 0 0 0 0 0 0 0 0 0 0 0 14 45 26 1 0 1 1 28 32 46 10 0 0 14 6 46 0 0 0 0 0 0 0 14 0 0 0 0 0 7 3 0 0 0 0 0 8 0 0 0 0 0 0 0 0 0 10 0 0 0 0 0 0 0 0 0 0 2 0 0 0 0 0 0 0 0 4 0 3 0 0 0 0 0 0 3 0 0 0 2 21 56 22 14 0 0 33 26 42 64 0 0 0 11 13 35 0 0 0 0 0 0 0 0 0 0 0 0 0 0 0 0 0 0 0 0 0 0 0 0 0 0 0 0 0 0 0 0 0 0 0 0 0 0 0 0 0 14 0 0 11 0 0 1 0 0 0 0 0 0 0 0 2 0 0 7 145 1 9 1 0 0 0 0 17 1 0 0 0 0 0 0 0 0 0 0 0 0 0 51 0 0 0 0 49 0 0 0 
 3 3 3 3 3 3 3 3 3 3 3 5 3 52 6 3 6 3 3 3 33 49 277 339 33 81 15 43 266 358 357 47 238 34 53 276 298 0 41 30 0 0 3 2 11 0 0 0 1 3 12 26 0 0 2 1 3 0 0 0 0 3 3 2 3 4 0 3 3 0 0 2 0 3 3 0 0 2 3 0 0 0 0 0 0 0 0 0 0 0 0 0 40 0 0 0 0 0 0 0 0 0 14 46 36 2 0 0 0 25 84 49 0 0 0 17 9 24 0 0 1 0 0 0 0 0 0 0 0 0 0 0 0 0 0 0 0 0 33 2 0 0 0 0 0 0 0 0 5 0 0 0 0 0 0 0 0 0 0 0 0 0 0 0 0 0 0 0 6 0 4 0 0 0 0 0 0 9 0 0 0 0 35 22 30 23 0 0 10 14 30 48 0 0 0 13 1 28 0 0 0 0 0 0 0 0 0 0 0 0 0 0 0 0 0 0 0 0 1 0 0 0 0 0 0 0 0 0 0 0 0 0 0 0 0 0 0 0 0 0 0 0 4 0 0 0 0 0 0 0 0 0 0 11 0 0 5 155 153 3 6 12 0 0 0 0 12 0 0 0 0 0 1 0 0 0 0 0 0 0 0 36 0 0 0 0 26 0 0 0 
 0 0 2 0 1 235 0 0 0 0 0 0 0 0 0 0 0 0 0 0 43 252 38 266 151 41 135 64 86 63 39 250 455 97 65 212 84 41 0 256 64 0 63 0 0 0 0 0 0 0 0 0 72 0 2 0 0 64 0 0 0 3 3 2 3 51 0 0 0 0 0 2 0 2 2 12 0 3 3 0 2 2 0 0 7 0 0 0 0 2 0 0 0 0 0 0 0 0 0 0 47 12 0 0 0 2 34 0 0 0 0 0 59 44 11 0 1 2 46 50 0 0 0 0 0 0 0 0 0 0 0 0 0 1 1 0 0 0 0 0 0 0 0 0 0 0 0 0 0 0 0 0 2 0 0 0 0 0 22 0 0 3 3 0 26 12 0 0 0 0 0 0 0 0 0 1 0 0 7 2 18 0 1 0 0 1 46 13 0 0 0 0 45 63 0 0 0 0 60 35 0 0 0 0 0 0 0 1 0 0 0 0 0 0 0 0 0 0 0 0 1 0 0 0 0 0 0 2 0 1 0 0 0 0 0 0 0 0 0 0 0 0 8 0 0 1 0 0 0 0 0 0 0 13 0 0 2 0 0 3 0 0 0 0 0 0 0 0 0 0 0 0 0 0 0 0 0 0 0 0 0 0 0 0 2 0 0 0 0 0 
 0 0 0 0 0 0 0 0 0 0 2 0 0 0 0 4 2 0 0 0 204 63 58 61 73 45 306 48 277 83 56 254 224 256 103 68 241 30 256 0 1 0 0 0 0 0 0 0 0 0 0 0 1 1 2 80 0 64 0 0 0 3 21 3 3 1 0 0 0 0 0 2 0 3 55 3 0 2 3 0 0 0 0 0 0 0 0 0 0 0 0 0 0 0 0 0 0 0 0 0 63 50 12 0 0 0 46 23 0 0 7 0 19 43 45 0 12 0 1 36 0 9 0 0 0 0 0 0 0 8 0 0 0 0 0 0 0 0 0 0 0 1 0 0 0 0 0 0 0 0 0 0 0 0 0 0 0 0 0 0 0 7 0 0 0 0 0 0 0 0 0 0 0 0 0 0 0 0 6 0 50 49 35 0 0 0 21 60 10 1 0 0 0 46 41 18 6 0 13 31 0 0 0 0 0 0 0 0 0 0 0 0 0 0 0 0 0 0 0 12 0 0 0 0 0 0 0 0 0 0 0 0 0 0 0 0 0 0 0 0 0 0 0 0 0 0 0 0 0 0 0 0 0 0 0 2 0 0 0 2 0 2 0 0 0 0 0 0 0 0 0 0 0 0 0 0 0 0 0 0 0 0 0 0 0 0 0 0 0 0 
 3 3 3 3 74 41 3 3 3 5 3 5 3 3 3 3 3 3 3 3 1 0 207 208 0 0 1 0 0 0 0 0 1 1 0 0 0 0 64 1 0 69 51 29 42 277 442 251 54 26 31 34 89 171 245 40 32 40 43 172 0 0 0 0 0 21 0 0 0 1 2 0 0 5 3 0 0 0 0 0 0 0 0 0 18 2 0 0 0 0 0 0 0 0 17 0 0 0 0 0 2 0 0 0 0 0 12 0 0 0 0 0 22 5 0 0 0 0 16 14 26 40 34 0 0 0 0 27 22 15 0 0 0 21 15 9 49 18 0 1 0 0 0 0 0 0 0 0 0 0 0 23 0 0 0 0 0 0 0 0 0 0 0 0 12 4 0 0 0 0 0 0 0 0 0 0 0 0 0 0 11 0 0 0 0 0 20 0 0 0 0 0 14 0 0 0 0 0 0 19 22 0 9 0 0 0 0 49 24 13 11 0 2 14 11 18 33 44 0 0 0 0 0 0 1 0 0 0 0 0 0 0 0 0 0 14 0 0 0 0 0 0 0 0 0 0 0 0 0 0 0 4 0 0 0 0 0 0 0 0 0 0 2 0 0 0 0 0 0 0 26 0 0 0 0 0 0 0 0 0 0 0 0 0 0 0 0 0 0 0 
 0 0 0 0 0 0 0 43 0 2 0 0 0 0 0 0 0 0 0 0 0 0 0 0 0 3 0 0 0 0 3 0 201 0 64 0 0 0 0 0 69 0 305 56 46 63 133 309 165 57 56 31 258 64 461 301 169 42 32 52 5 1 1 0 5 0 20 4 0 2 0 0 0 52 3 1 0 0 6 0 0 0 0 0 0 0 0 0 0 0 0 0 0 0 0 0 0 0 0 0 0 0 0 0 0 3 0 0 0 0 0 0 0 0 0 0 0 0 0 0 0 0 25 24 0 0 0 13 8 72 27 0 18 0 6 72 30 34 0 0 9 0 5 1 0 0 0 5 4 12 0 3 0 0 0 0 2 5 0 0 0 0 0 14 45 0 0 0 0 0 0 0 0 20 0 0 0 0 11 0 0 0 0 0 0 0 0 0 0 0 0 0 9 0 0 0 0 0 0 0 10 0 23 77 0 0 0 19 7 21 28 22 0 1 0 22 48 39 0 0 0 14 5 10 14 0 0 5 6 7 2 2 31 5 16 0 8 1 0 0 0 0 7 0 0 0 0 0 0 0 0 4 0 0 0 0 0 0 0 0 0 0 0 0 2 31 0 2 0 0 19 0 0 0 0 0 0 0 0 0 0 0 0 0 15 12 0 16 0 0 
 37 3 6 3 3 3 3 6 3 3 5 3 5 3 3 3 3 3 3 3 1 5 210 208 0 4 0 3 2 3 2 0 0 0 3 8 0 3 63 0 51 305 0 571 60 33 63 120 264 270 41 260 278 64 292 398 118 258 41 60 0 0 0 0 4 0 2 0 0 0 5 0 0 0 0 0 0 0 5 0 0 0 0 0 0 0 0 0 0 0 0 0 0 0 0 0 0 0 0 0 0 4 0 0 0 0 0 0 6 9 0 0 0 0 0 1 5 6 0 0 1 0 0 79 11 7 0 0 21 31 41 30 0 0 0 33 21 13 13 0 0 0 0 0 0 0 0 0 0 3 0 0 0 0 0 0 0 0 1 0 0 0 1 0 3 9 0 0 0 0 0 0 1 0 0 0 0 0 0 0 0 0 0 8 17 0 0 31 4 3 6 0 0 0 0 0 25 3 0 0 0 0 15 36 16 0 0 0 2 34 19 66 0 0 0 3 12 23 0 0 0 0 0 0 0 0 0 0 0 0 0 0 20 0 0 0 0 0 3 0 0 0 18 0 0 0 0 0 0 0 0 2 0 1 0 0 0 0 0 4 0 0 1 1 2 10 2 34 0 0 0 0 0 0 0 0 0 0 0 0 0 6 0 0 8 0 0 0 0 0 
 2 0 34 0 0 2 3 0 0 0 0 0 5 0 0 0 0 0 4 6 0 3 0 0 0 0 0 0 0 0 11 0 1 0 0 0 0 2 0 0 29 56 571 0 90 51 286 296 82 288 136 252 59 296 47 506 227 234 78 65 0 0 0 0 0 5 0 3 0 0 0 5 0 0 0 32 4 0 5 0 0 12 0 0 0 0 5 3 0 0 0 0 8 0 4 0 0 11 0 0 0 0 0 0 0 0 0 1 0 0 0 0 0 0 0 0 0 0 0 0 0 0 0 23 17 24 0 1 0 0 12 32 0 0 0 0 7 0 0 15 1 0 0 13 0 0 0 0 0 0 2 1 10 2 0 0 0 0 10 0 2 0 0 0 0 0 5 0 0 0 0 0 20 5 0 0 1 0 0 4 0 0 0 0 0 0 0 0 0 0 0 0 0 0 0 0 0 16 0 0 0 0 0 0 23 13 0 0 0 0 15 24 0 0 0 0 0 0 0 0 0 0 0 0 7 0 0 0 18 0 0 0 17 0 0 0 0 0 13 1 0 0 0 0 0 0 0 0 0 0 0 13 0 1 0 0 0 0 0 9 0 27 33 4 1 4 2 4 2 0 0 0 0 14 0 0 0 0 0 0 0 2 0 0 0 11 0 0 0 0 
 0 0 0 0 0 0 0 0 0 55 0 0 0 0 0 0 0 0 0 0 0 4 0 6 3 0 0 0 0 7 6 32 0 0 0 0 7 11 0 0 42 46 60 90 0 272 51 43 63 98 331 448 101 62 532 110 110 248 57 369 0 0 10 0 0 57 0 0 4 0 0 0 0 0 0 0 1 0 1 0 0 0 0 0 0 0 0 0 0 0 0 0 0 0 0 0 0 0 0 0 0 0 0 8 5 9 0 0 0 0 7 4 0 0 0 0 0 0 0 0 0 0 0 1 13 23 0 0 0 0 1 0 0 0 0 0 0 0 0 0 20 0 0 9 0 0 13 0 0 0 1 0 29 2 0 0 0 0 36 21 0 0 0 13 0 0 14 0 0 0 0 0 12 0 0 0 0 0 0 0 0 0 6 0 0 3 0 0 0 6 0 4 0 0 0 10 0 0 0 0 0 0 0 0 9 43 0 0 0 0 0 0 0 0 0 0 0 0 1 0 28 0 0 0 10 0 31 0 0 0 0 0 9 7 0 0 5 0 41 20 0 0 11 0 0 0 0 0 0 0 0 13 0 1 0 0 0 0 5 2 0 0 2 1 0 2 5 1 0 0 0 0 0 0 0 0 0 0 0 0 0 1 0 0 0 0 0 0 0 0 
 1 0 0 0 0 1 0 0 0 3 0 0 0 0 0 0 0 0 0 0 0 62 0 0 3 0 2 0 0 2 5 0 0 0 0 0 0 0 0 0 277 63 33 51 272 0 278 39 45 50 83 47 30 75 43 74 82 55 46 45 1 0 4 0 0 23 0 0 0 0 0 0 0 0 32 0 0 0 103 0 0 0 0 0 0 0 0 0 9 0 0 0 0 0 6 0 0 0 0 0 0 0 0 0 0 0 0 0 0 0 0 0 0 0 0 0 0 0 0 0 0 1 51 0 10 0 0 0 0 0 0 0 0 5 0 0 0 0 1 1 14 0 13 0 0 0 35 0 0 0 0 0 7 0 0 0 0 0 11 14 0 0 0 0 0 0 11 0 0 0 0 0 0 0 0 0 0 0 0 0 0 0 0 0 0 0 0 0 0 0 0 0 0 0 0 0 0 0 0 0 0 16 0 0 0 28 60 5 65 0 0 0 1 8 0 0 2 0 0 54 21 0 0 0 0 0 46 1 0 0 0 0 4 27 0 10 0 0 19 25 0 0 0 0 0 0 0 0 0 0 0 12 0 0 0 0 0 0 0 1 0 0 1 0 1 5 4 0 0 0 0 0 0 0 0 0 0 0 0 0 0 0 0 0 0 0 0 0 0 0 
 0 0 0 0 0 0 0 48 0 0 0 0 0 0 0 0 0 0 0 0 0 1 0 0 0 1 0 0 0 0 5 0 0 0 0 0 0 0 0 0 442 133 63 286 51 278 0 93 59 30 252 32 371 268 41 229 315 439 238 181 0 11 4 0 0 0 0 2 6 1 4 0 0 5 1 4 4 4 0 0 0 0 0 0 0 0 0 0 0 0 0 0 0 0 0 0 0 0 0 0 0 0 0 0 0 0 0 0 0 0 0 0 0 0 0 0 0 0 0 0 41 21 17 0 0 0 38 24 36 0 0 0 14 59 20 0 11 0 0 0 0 0 0 10 0 0 0 10 2 6 0 0 3 0 0 0 1 2 0 0 0 0 0 0 0 0 0 0 0 0 0 0 0 6 0 0 0 0 0 0 0 0 0 0 0 0 0 0 0 0 0 0 0 0 0 0 0 0 0 0 17 50 0 0 0 0 52 19 46 18 0 0 28 32 10 11 2 0 0 0 0 0 0 40 2 0 0 0 5 0 3 3 0 0 19 0 0 20 0 0 0 0 0 0 0 0 0 0 0 0 0 3 0 0 0 0 0 0 0 0 0 0 0 0 0 2 6 0 0 0 5 0 0 0 0 0 0 0 0 0 0 0 0 0 0 0 0 15 0 0 
 4 0 0 0 0 0 0 0 0 0 0 0 0 0 0 0 0 0 0 0 0 0 0 0 0 0 0 0 0 0 0 0 0 0 0 0 0 0 0 0 251 309 120 296 43 39 93 0 277 19 267 28 288 646 129 492 62 264 61 39 0 0 0 0 6 0 0 0 0 3 4 0 0 4 2 0 0 0 0 0 0 0 0 0 17 0 0 0 0 0 0 0 0 0 1 0 0 0 3 0 0 0 0 0 0 0 0 0 0 0 0 0 0 13 0 0 0 0 0 0 26 20 33 5 1 0 0 12 50 23 2 0 0 11 16 29 24 14 0 0 0 0 0 0 0 0 0 0 0 6 0 9 0 0 0 0 0 0 0 0 0 0 0 0 19 0 0 0 0 0 0 0 4 0 0 16 0 0 10 0 0 0 0 0 0 0 0 0 0 0 0 0 0 0 3 0 0 0 9 0 1 0 10 4 0 0 0 5 28 38 23 2 0 12 0 9 36 47 0 0 0 0 0 0 0 0 0 0 0 0 7 0 0 0 0 0 0 0 0 0 0 0 0 0 0 0 0 0 0 0 0 13 1 2 0 0 0 0 0 2 0 0 0 0 0 3 0 0 1 0 21 0 0 0 0 0 0 0 0 0 0 0 0 0 0 0 0 0 0 0 
 0 0 0 0 0 0 0 0 0 0 0 0 0 0 0 0 0 0 0 0 0 0 0 0 3 2 0 0 0 1 2 2 0 0 0 0 0 1 0 0 54 165 264 82 63 45 59 277 0 63 49 42 90 120 496 237 150 37 82 94 0 13 2 0 12 0 0 0 0 2 6 0 0 2 2 0 0 0 6 1 0 0 0 0 0 0 0 0 0 0 0 0 1 0 0 0 0 0 0 0 0 0 0 0 0 4 0 0 0 0 0 23 0 0 0 0 0 0 0 0 1 4 34 11 0 0 3 11 13 57 15 0 3 16 8 29 46 41 4 0 0 0 0 0 0 0 0 0 0 8 0 3 0 0 0 0 0 0 0 0 0 0 0 0 6 0 0 0 0 0 0 0 0 0 0 0 0 0 0 0 0 0 0 0 0 3 0 0 0 1 0 5 0 0 0 0 0 0 0 0 0 0 29 38 1 0 0 56 16 34 21 12 5 0 0 27 50 119 14 0 0 0 0 0 0 0 0 0 0 0 0 0 13 0 11 0 0 0 0 0 0 0 8 0 0 0 0 0 0 0 0 11 0 2 0 0 0 0 0 0 0 1 1 1 0 10 3 1 0 0 19 0 51 0 0 0 0 0 0 0 0 0 0 0 16 0 0 0 0 0 
 0 29 0 0 0 0 0 0 61 0 0 3 0 0 0 0 0 0 0 0 0 6 0 0 0 0 65 1 1 0 9 0 0 21 0 0 0 3 0 0 26 57 270 288 98 50 30 19 63 0 283 44 52 116 292 576 189 367 160 97 0 2 8 0 2 0 0 51 46 2 11 0 0 0 0 5 12 8 13 0 0 0 0 0 0 0 0 0 0 0 0 0 0 0 0 0 0 0 0 0 0 0 0 0 0 0 0 0 0 0 0 60 0 0 0 0 0 0 0 0 0 0 0 37 35 11 0 0 0 20 33 32 0 0 0 12 1 20 0 0 0 0 0 7 0 1 0 0 0 0 22 3 0 0 0 0 0 0 4 0 0 17 0 0 0 0 0 0 0 0 0 0 0 0 0 0 0 0 0 0 0 0 0 0 0 0 0 0 0 0 0 0 0 0 1 0 0 0 0 0 0 0 19 31 6 0 1 0 7 1 33 36 0 0 0 11 10 0 0 0 0 0 0 0 3 0 0 0 1 6 0 0 47 11 0 0 0 3 10 0 0 0 6 0 0 0 0 0 0 0 0 8 0 1 0 0 0 0 0 12 0 0 65 64 2 14 5 64 0 0 15 0 0 0 0 3 0 0 0 0 0 0 0 0 11 10 0 0 0 0 
 3 3 3 3 3 3 3 3 3 3 3 3 64 9 3 3 3 3 3 3 0 0 0 0 3 0 0 0 0 0 7 0 0 2 0 0 0 12 0 0 31 56 41 136 331 83 252 267 49 283 0 314 53 16 67 305 119 373 36 62 0 0 0 208 1 2 0 0 0 0 0 0 0 208 0 0 3 0 1 0 0 0 0 0 0 0 0 0 0 0 0 0 0 0 0 0 0 0 12 0 0 0 0 0 0 0 0 0 0 0 0 0 0 0 0 0 0 0 0 0 0 0 0 19 29 25 0 0 1 0 12 50 0 0 0 1 0 5 0 0 1 0 0 0 0 0 0 0 0 0 2 0 15 2 0 0 0 0 20 0 0 0 0 0 0 0 0 0 0 0 0 0 6 0 0 0 0 0 0 0 0 0 0 0 0 0 0 0 0 0 0 0 0 0 0 0 0 0 0 0 0 0 0 0 21 11 0 0 0 1 9 16 0 0 1 0 0 1 0 0 0 0 0 0 7 1 0 0 0 0 0 0 11 0 0 0 0 0 17 1 0 0 0 0 0 0 0 0 0 0 0 3 0 0 0 0 0 0 0 22 0 0 30 34 1 1 2 4 4 0 0 0 0 0 0 0 0 0 0 0 0 0 0 0 0 8 0 0 0 0 
 17 0 0 0 0 1 2 4 0 0 2 0 29 7 13 2 0 0 0 0 0 3 0 0 3 0 0 3 0 0 0 0 0 0 0 0 2 26 0 0 34 31 260 252 448 47 32 28 42 44 314 0 20 40 29 43 304 75 115 35 0 0 5 0 0 9 0 0 50 0 0 0 0 0 0 0 8 3 4 0 6 0 0 0 0 0 1 2 0 13 0 0 10 0 2 0 7 3 0 0 0 0 0 0 0 0 0 0 0 0 0 0 0 0 0 0 0 0 0 0 0 9 0 0 30 38 0 0 0 0 18 17 0 0 0 0 0 0 0 0 10 0 0 0 0 0 0 0 0 0 16 0 8 6 0 0 0 0 8 0 4 3 3 0 0 0 0 3 0 0 0 0 3 1 3 1 4 0 0 0 0 0 0 0 0 0 0 0 0 0 0 0 0 0 0 0 0 0 0 0 0 0 0 0 11 48 0 0 0 0 0 0 0 0 0 0 0 0 0 0 0 0 0 0 3 0 0 0 0 0 0 0 8 0 0 0 0 0 22 26 0 0 0 0 0 0 0 0 0 0 0 3 0 0 0 0 0 0 0 23 0 0 63 65 2 1 4 63 0 0 0 0 0 0 0 0 0 0 0 0 0 0 0 0 0 7 0 0 0 0 
 0 0 0 0 48 48 0 0 0 0 0 25 0 0 0 29 0 0 0 0 2 1 2 0 0 1 1 1 0 0 0 0 203 2 1 0 3 0 72 1 89 258 278 59 101 30 371 288 90 52 53 20 0 130 34 49 67 265 379 193 0 0 0 47 18 39 0 0 1 0 0 0 0 0 0 0 0 0 1 0 0 0 0 0 3 8 0 0 0 28 0 0 0 0 29 0 0 0 0 0 0 0 0 0 0 0 0 0 11 0 0 0 20 0 0 0 0 0 7 15 29 16 18 0 0 0 9 16 0 0 0 0 3 41 18 1 0 0 1 9 0 0 0 0 0 0 0 0 0 0 0 1 0 0 0 0 0 0 0 0 0 0 0 0 10 10 0 0 0 0 8 0 0 3 0 0 0 0 0 0 0 0 0 0 0 0 1 0 0 0 0 0 12 0 0 0 0 0 0 19 34 19 0 0 0 6 38 38 1 0 0 0 39 24 21 0 0 0 0 7 0 0 0 8 0 0 0 1 0 10 0 0 0 0 0 0 0 10 0 0 0 0 0 0 0 0 2 0 0 0 0 5 0 0 0 0 0 0 0 0 0 0 0 0 2 0 2 0 0 0 0 0 0 0 0 0 0 0 0 0 0 0 0 0 0 0 0 0 0 0 
 0 0 0 69 0 0 0 37 0 0 0 0 0 0 0 0 0 0 0 0 0 0 0 62 7 0 0 0 0 64 0 0 0 0 0 0 0 0 0 1 171 64 64 296 62 75 268 646 120 116 16 40 130 0 324 43 31 42 246 223 0 0 0 3 8 0 0 0 2 5 11 0 0 5 0 50 0 22 55 0 0 0 0 0 0 0 0 0 0 7 0 0 0 0 0 0 0 0 0 0 0 0 0 0 0 0 13 0 0 0 0 0 0 0 0 0 0 0 0 0 36 19 68 0 0 0 0 48 30 22 0 0 0 21 14 21 9 19 0 8 0 0 0 0 0 0 0 0 0 0 0 2 0 0 0 0 0 0 0 0 0 0 13 0 10 0 0 0 0 0 0 0 0 0 0 0 0 0 16 0 0 0 0 0 0 0 0 0 0 0 0 0 0 0 0 0 0 0 0 0 27 1 10 0 0 0 2 37 42 15 20 1 1 7 14 20 32 33 0 0 0 0 0 0 0 0 0 0 0 0 0 0 0 0 0 0 0 2 0 27 0 0 1 0 0 0 0 0 0 0 0 5 0 1 0 0 0 0 2 14 0 0 0 0 1 3 0 0 0 0 12 0 0 0 0 0 0 0 0 0 0 0 0 0 3 0 0 0 0 0 
 3 3 3 3 3 3 66 3 10 3 3 5 3 3 3 3 3 4 34 3 2 2 209 2 2 2 2 2 2 2 3 2 5 2 2 2 2 2 2 2 245 461 292 47 532 43 41 129 496 292 67 29 34 324 0 137 250 243 67 122 0 0 1 2 4 0 54 0 0 7 8 3 0 3 0 1 0 0 0 0 0 0 0 0 0 25 0 0 0 0 0 4 0 0 0 0 0 0 0 0 0 0 11 0 0 0 0 0 0 0 0 0 0 0 0 0 0 0 0 0 13 18 18 1 0 0 0 12 43 25 1 0 0 18 26 31 52 8 0 0 0 0 0 0 31 4 0 0 0 12 0 10 0 0 0 0 0 0 0 0 0 0 0 0 9 0 0 0 0 0 0 0 0 0 0 0 0 0 0 0 17 0 0 0 0 0 0 0 0 0 0 0 2 0 0 0 0 0 0 0 3 0 4 0 0 0 0 18 30 42 26 1 0 10 0 14 43 44 0 0 0 0 0 0 14 3 0 0 0 0 0 0 0 0 0 0 0 0 0 0 0 0 1 0 0 0 0 0 0 0 0 11 0 1 0 0 0 0 0 1 0 0 0 0 2 0 2 0 1 2 4 0 0 2 0 4 0 0 0 0 0 0 0 0 0 0 0 0 0 0 
 3 3 6 48 6 3 3 3 9 10 31 5 3 3 3 5 5 16 3 3 0 0 0 0 0 0 0 0 0 0 5 0 0 62 0 0 4 1 0 80 40 301 398 506 110 74 229 492 237 576 305 43 49 43 137 0 106 228 51 64 0 0 0 0 6 0 0 0 0 0 0 0 0 0 0 0 0 4 8 0 0 5 0 4 0 11 0 0 1 0 10 3 0 0 0 0 0 0 0 0 0 0 0 0 0 0 0 0 0 0 0 0 0 0 0 0 0 0 1 0 0 0 0 105 10 1 0 0 11 27 39 75 0 0 10 46 17 10 0 0 0 0 0 0 0 0 0 0 0 2 0 0 0 0 0 0 0 0 1 0 0 0 0 1 3 0 19 0 0 2 2 5 1 0 0 0 0 0 0 0 0 0 0 0 0 7 0 0 0 0 0 0 0 0 0 0 0 0 0 0 0 0 16 43 20 0 0 0 2 22 51 43 0 0 0 43 20 11 12 0 0 0 0 0 0 0 0 0 0 0 0 0 20 0 0 0 0 0 2 0 0 5 8 0 0 0 2 0 0 0 0 6 0 2 0 0 0 0 0 4 0 0 7 1 0 11 2 1 0 0 0 0 0 0 0 0 0 0 0 0 0 3 0 0 8 0 0 0 0 0 
 3 0 0 0 0 0 6 0 0 0 0 0 6 3 0 0 0 0 2 9 0 3 0 0 1 0 0 0 0 0 4 0 0 0 0 0 0 3 0 0 32 169 118 227 110 82 315 62 150 189 119 304 67 31 250 106 0 382 78 109 0 0 0 0 4 0 0 0 0 0 0 0 0 0 0 0 0 0 3 0 0 0 0 0 0 0 13 7 0 0 0 0 4 0 4 0 0 0 0 0 0 0 0 10 0 0 0 0 0 23 0 0 0 0 0 0 0 0 0 0 0 16 1 51 10 3 15 0 15 15 10 12 0 4 1 9 21 6 0 0 0 0 0 0 0 0 0 0 0 5 0 0 7 0 0 0 0 0 0 0 33 1 0 0 0 0 7 1 0 0 0 0 0 6 1 0 0 0 0 1 0 0 0 0 0 0 0 0 0 0 0 0 0 0 0 0 0 0 0 0 17 14 12 18 10 0 2 14 0 27 20 25 10 0 0 13 7 17 0 0 0 0 0 0 0 0 0 0 0 0 1 0 0 1 0 0 0 0 1 0 0 0 17 0 0 0 0 0 0 0 0 4 0 2 0 0 0 0 0 0 0 1 1 0 0 4 3 1 0 0 0 0 0 0 0 0 0 0 0 0 0 4 0 0 9 0 0 0 0 0 
 0 0 0 0 0 0 0 0 0 0 0 4 0 1 0 0 0 0 0 0 0 0 0 0 4 0 0 0 0 0 0 0 0 0 0 0 0 0 64 64 40 42 258 234 248 55 439 264 37 367 373 75 265 42 243 228 382 0 24 254 0 0 0 0 5 0 0 0 0 0 0 0 0 0 3 0 7 0 5 0 0 0 0 0 0 0 0 0 0 0 0 0 0 0 0 0 0 0 0 0 0 14 0 0 0 0 0 0 0 0 0 0 0 0 0 0 0 0 0 0 0 9 4 36 22 16 1 8 21 36 60 44 0 1 3 9 7 38 0 4 0 0 0 0 0 0 0 0 0 0 0 1 0 0 1 0 0 0 5 0 0 0 0 0 0 0 0 0 0 0 0 0 0 0 0 0 0 0 0 0 0 0 0 0 0 0 0 0 0 0 10 0 0 0 0 0 0 0 0 0 4 1 24 44 13 1 0 20 14 9 12 57 0 2 12 15 21 6 1 14 0 0 0 0 10 0 0 0 0 0 0 0 28 0 0 0 0 0 15 0 0 0 9 0 0 0 0 0 0 0 0 8 0 14 0 0 0 2 0 24 0 0 62 62 0 10 2 82 2 0 0 0 0 0 0 0 0 0 0 0 0 0 0 0 15 22 0 0 0 0 
 2 0 0 0 0 0 0 0 0 0 0 0 0 0 0 0 0 0 0 0 0 0 1 1 1 197 0 0 59 0 1 0 0 1 0 0 0 0 0 0 43 32 41 78 57 46 238 61 82 160 36 115 379 246 67 51 78 24 0 188 0 0 3 1 11 5 1 0 0 2 1 2 2 0 0 0 0 2 2 0 0 0 0 0 0 0 0 0 0 0 0 0 0 0 0 0 0 0 0 0 0 0 0 11 0 2 22 0 0 0 0 0 0 0 0 0 0 0 0 9 0 19 0 0 0 0 41 1 0 0 0 0 18 20 56 0 0 0 2 21 0 0 0 0 0 0 0 0 1 0 0 0 0 0 0 22 0 0 0 0 0 0 0 0 0 0 0 12 0 0 0 0 0 5 0 0 0 0 0 0 0 0 0 0 1 0 0 0 0 0 0 5 0 0 0 0 0 0 0 0 6 43 0 0 0 0 38 41 0 0 0 0 37 19 2 0 0 0 18 20 16 0 0 0 0 0 0 16 0 0 17 0 0 0 0 0 0 0 0 0 0 0 0 0 0 0 0 0 0 0 0 6 0 0 0 0 1 1 2 0 62 0 0 0 0 3 0 0 0 0 0 0 2 1 0 0 0 0 0 0 0 0 0 0 0 0 0 0 0 0 
 0 0 0 0 0 0 0 0 0 5 0 0 0 0 0 0 0 0 0 0 0 0 0 63 3 3 0 0 0 0 4 5 0 0 0 0 0 0 0 0 172 52 60 65 369 45 181 39 94 97 62 35 193 223 122 64 109 254 188 0 0 0 0 0 0 0 0 6 0 0 0 0 0 0 2 0 0 0 2 0 0 0 0 0 0 0 0 0 0 0 0 0 0 0 0 0 0 0 0 0 0 0 0 0 1 6 0 0 0 0 0 8 0 0 0 0 0 0 0 0 30 18 16 0 0 0 58 15 27 0 0 0 58 34 21 1 0 0 6 0 0 0 0 0 0 0 0 9 0 0 0 0 0 0 0 0 0 0 0 0 0 0 0 0 0 0 0 0 0 0 0 0 0 0 0 0 0 0 0 0 0 0 1 0 0 6 0 0 0 0 0 9 0 0 0 0 0 0 0 0 35 29 0 0 0 0 38 19 24 8 4 0 34 29 19 44 12 0 6 6 0 8 0 7 3 0 0 0 0 0 0 0 0 0 0 0 0 0 0 0 0 0 0 0 0 0 0 0 0 0 0 16 0 0 0 0 0 0 1 2 0 0 1 0 2 2 1 0 0 0 0 0 0 0 0 0 0 0 0 0 0 0 0 0 0 0 0 0 0 0 
 2 2 2 4 13 4 2 2 2 3 2 38 2 2 2 2 2 3 2 3 0 0 0 0 0 0 0 0 0 0 3 0 0 0 0 0 0 0 0 0 0 5 0 0 0 1 0 0 0 0 0 0 0 0 0 0 0 0 0 0 0 320 77 279 50 56 232 288 29 48 47 34 90 81 193 47 266 57 125 126 0 0 0 0 0 5 0 0 0 0 1 23 0 0 0 0 23 0 0 0 0 0 0 0 0 0 3 6 0 0 0 0 0 0 0 0 0 0 3 4 0 0 0 0 0 0 0 3 0 0 0 0 0 0 0 0 1 0 0 0 6 7 21 0 1 0 0 20 16 15 0 0 0 19 9 0 26 10 0 1 0 0 0 4 2 2 0 0 0 0 8 5 0 0 0 3 0 0 0 0 0 0 0 7 0 0 0 0 0 0 0 0 1 1 1 0 0 0 1 0 0 0 0 0 0 0 0 0 0 0 0 0 0 0 0 0 0 16 0 0 0 17 19 7 0 0 0 30 24 14 22 19 0 18 37 0 37 15 0 1 2 0 0 11 0 0 0 0 0 0 0 0 0 0 12 0 0 0 0 0 0 0 0 0 0 0 12 0 0 0 6 0 0 0 1 1 0 0 0 0 0 0 0 0 0 1 0 0 0 0 
 1 0 3 0 0 0 0 0 0 0 0 0 0 0 0 0 0 0 0 0 3 3 2 3 3 3 2 52 3 3 2 3 40 3 2 3 3 3 3 3 0 1 0 0 0 0 11 0 13 2 0 0 0 0 0 0 0 0 0 0 320 0 263 63 31 39 70 307 207 62 62 35 40 265 200 223 150 58 42 61 0 0 0 0 0 0 0 0 0 0 5 0 0 0 0 22 0 0 15 0 0 0 1 0 0 0 0 0 0 0 0 0 0 0 0 0 0 0 0 0 0 0 0 1 1 2 1 0 0 0 1 0 0 2 2 0 0 0 2 2 1 10 17 8 8 18 0 1 21 18 0 5 0 0 0 14 29 15 0 0 0 0 0 2 0 0 0 0 0 0 0 0 0 0 0 1 0 0 0 0 0 0 0 0 0 0 0 0 0 0 0 0 0 0 0 0 9 0 0 0 0 0 0 0 0 0 0 0 18 0 0 0 0 0 0 0 0 0 0 0 0 7 33 19 8 11 0 3 19 16 27 39 0 0 9 4 12 21 0 14 6 0 0 0 0 0 0 0 0 0 0 0 0 0 5 0 0 0 0 0 0 0 0 0 0 0 60 0 0 0 26 0 0 36 0 0 0 0 0 0 0 0 0 0 0 0 0 9 4 0 
