 0 93 65 39 46 33 665 388 28 32 37 25 59 277 428 27 24 39 43 441 0 3 0 0 0 2 5 3 2 3 0 0 0 3 0 0 0 0 1 0 0 0 3 0 3 3 0 0 0 0 0 0 0 0 0 0 0 0 0 0 0 0 3 3 0 0 0 0 0 0 0 0 0 0 0 0 1 0 0 0 23 33 29 0 0 0 42 48 36 27 0 10 1 55 45 25 18 14 0 9 0 0 0 0 0 0 0 0 0 0 0 0 0 0 0 0 0 27 0 0 0 0 0 0 0 0 0 0 0 0 0 0 0 0 0 0 0 0 0 0 0 10 0 0 0 0 0 7 6 5 0 0 0 0 0 0 0 0 0 0 31 23 26 0 0 0 35 39 11 1 2 0 0 47 18 0 28 2 0 0 0 0 0 0 0 0 0 0 0 0 0 0 0 0 0 0 0 0 0 0 0 0 0 0 0 0 0 0 0 0 0 0 0 0 0 0 0 0 0 0 0 0 0 0 0 0 0 0 0 0 10 0 0 0 0 0 0 0 0 0 0 0 0 0 0 2 0 0 0 0 0 7 0 0 0 0 0 0 0 0 0 0 0 0 0 0 0 0 0 0 0 0 0 0 0 0 0 0 0 0 0 0 0 0 0 0 0 0 0 0 
 93 0 469 74 37 39 61 443 348 37 38 29 60 67 399 212 341 132 55 64 0 0 0 0 0 0 3 3 2 4 0 0 0 3 0 0 0 1 0 0 0 0 3 0 3 4 0 0 0 0 0 0 0 0 0 0 0 0 0 0 0 0 3 3 0 0 0 0 0 0 0 0 0 0 0 0 0 1 0 0 10 55 31 82 1 0 14 30 21 43 12 34 0 0 12 15 36 28 0 0 0 0 0 0 0 0 19 0 0 0 0 1 0 0 0 0 0 0 0 0 0 0 0 0 0 0 0 3 0 0 0 2 0 0 0 0 0 0 0 0 0 4 0 0 0 0 0 0 10 4 0 4 0 0 0 5 0 0 0 0 3 24 32 16 0 0 0 12 19 20 20 14 0 0 22 34 14 13 1 0 0 0 0 0 0 0 0 0 0 0 0 0 0 0 0 0 30 0 0 0 0 0 0 0 0 0 0 2 14 0 0 0 0 0 0 0 0 0 19 0 0 18 0 0 0 0 0 0 0 0 0 0 0 0 0 0 0 0 0 0 0 9 0 0 0 2 0 0 2 2 0 6 10 0 0 0 0 0 0 0 0 0 20 0 0 0 1 0 0 0 0 0 0 0 0 10 12 11 0 0 0 0 0 0 0 0 0 0 0 0 
 65 469 0 295 52 30 270 65 214 418 162 33 31 188 61 240 229 613 35 55 1 0 0 0 0 0 3 4 1 3 0 0 0 3 0 0 0 0 0 0 0 0 3 0 6 3 0 0 0 0 0 0 0 0 0 0 0 1 0 0 0 50 3 3 0 0 0 0 26 0 0 0 0 0 0 0 0 0 1 0 0 23 15 41 0 0 0 2 8 4 23 28 2 0 0 29 52 40 0 0 0 0 0 0 0 0 1 0 0 0 0 0 0 11 0 0 0 0 0 0 2 0 0 0 0 0 0 0 0 0 0 0 0 3 0 0 0 0 0 0 0 0 0 0 0 0 0 0 3 0 0 11 0 0 0 5 0 0 0 0 1 12 18 33 1 0 0 12 10 32 45 12 0 2 15 37 31 47 0 0 0 0 0 0 0 0 0 0 0 0 0 0 0 0 0 0 0 0 0 0 0 0 0 0 0 0 0 0 0 0 0 2 0 2 0 0 0 0 0 0 0 10 0 0 0 0 0 0 0 0 0 0 0 0 2 0 0 0 0 0 0 10 0 0 0 0 2 0 0 15 0 5 3 0 0 0 0 0 0 0 1 0 12 0 0 0 0 0 0 0 0 0 0 0 0 24 10 46 0 0 0 0 0 0 0 0 0 0 0 0 
 39 74 295 0 293 32 369 266 188 700 228 384 65 103 282 55 151 410 59 282 0 0 0 3 0 0 3 4 1 3 0 0 1 3 0 73 0 3 2 0 0 0 3 0 2 2 1 0 0 0 3 0 0 0 0 0 0 0 2 0 0 0 1 3 0 0 0 3 0 0 0 0 0 0 0 0 43 0 51 0 0 0 0 16 22 28 0 1 0 12 40 29 0 0 0 15 12 31 0 0 0 0 0 0 0 0 0 0 0 0 0 0 0 0 0 0 0 0 25 0 0 0 0 4 0 0 0 0 0 1 2 0 0 0 0 0 0 14 1 0 0 0 0 0 0 1 1 0 0 0 2 5 2 1 0 0 0 0 0 0 0 0 10 27 70 26 0 0 0 6 12 22 0 0 0 0 22 15 0 0 1 0 0 0 0 1 0 0 0 0 0 0 0 0 0 0 0 0 1 30 0 0 0 0 0 0 0 0 0 0 0 0 1 0 0 0 0 0 0 0 0 0 0 0 0 0 0 0 0 0 0 0 0 0 0 0 0 0 0 0 0 0 0 0 2 3 79 1 3 56 2 2 11 0 0 2 0 0 0 2 0 0 0 0 0 0 0 0 0 0 0 0 0 0 0 16 0 14 0 0 0 0 0 0 0 0 0 0 0 0 
 46 37 52 293 0 405 51 41 62 87 407 413 498 96 49 63 68 44 58 157 0 3 0 0 0 0 7 3 0 3 0 0 0 6 0 2 2 0 1 0 2 0 3 0 3 7 2 3 3 0 0 0 0 0 0 0 0 0 0 0 0 0 3 3 3 0 0 3 2 50 0 3 0 0 0 0 0 3 43 0 0 0 0 12 68 60 0 0 0 1 13 13 0 0 0 0 0 1 0 0 0 0 0 0 0 0 17 0 2 1 0 1 2 1 1 0 0 0 54 27 0 0 0 0 0 0 0 0 0 15 0 1 0 0 0 0 12 1 0 0 1 0 0 0 0 0 0 0 8 0 0 0 0 0 0 0 0 0 0 0 0 0 0 0 25 14 2 0 0 0 1 11 0 0 0 0 0 1 0 0 2 0 0 0 0 0 1 27 0 0 0 0 1 0 0 0 0 0 33 34 0 0 0 2 0 0 0 0 0 0 0 0 0 0 0 15 0 0 0 0 0 0 0 0 0 0 0 0 1 0 0 0 0 1 0 0 0 0 0 0 0 0 0 0 0 2 3 0 4 2 1 2 0 0 0 0 0 0 0 0 0 0 0 0 0 0 0 0 0 0 0 0 0 0 0 0 0 0 0 0 0 0 0 0 0 0 0 0 0 0 
 33 39 30 32 405 0 37 28 43 37 69 285 46 48 62 290 78 52 67 66 0 0 0 0 0 0 8 3 0 3 0 0 3 3 0 0 0 1 305 0 0 0 3 0 3 3 4 0 0 0 0 61 0 0 0 0 0 0 0 0 0 0 3 3 0 0 0 0 32 0 0 0 0 0 0 0 0 1 35 0 0 0 0 0 24 27 0 0 0 1 1 0 0 0 0 1 0 0 0 0 1 1 0 0 0 0 21 0 0 0 11 0 20 22 20 0 0 0 49 70 0 0 0 0 0 0 0 2 0 15 0 0 2 2 0 2 0 0 0 0 0 0 0 0 0 0 0 0 0 2 0 0 0 0 0 0 0 0 0 0 1 0 0 1 1 9 0 2 2 0 1 1 3 0 0 0 1 0 0 0 32 1 0 0 1 0 9 22 0 0 0 0 21 1 2 0 0 0 50 40 0 0 0 0 0 0 0 0 0 0 0 8 0 0 13 0 0 0 0 0 0 0 1 0 0 0 0 1 0 0 0 0 0 0 0 0 0 0 2 0 0 0 0 0 0 1 1 0 7 4 1 9 0 0 0 0 0 0 0 0 0 0 0 0 0 0 0 0 0 0 0 0 0 0 0 0 0 9 0 0 0 0 0 0 0 2 0 0 0 0 
 665 61 270 369 51 37 0 83 259 24 39 27 362 414 63 55 36 42 63 488 0 0 0 1 2 0 3 3 1 8 2 0 0 3 2 2 0 4 0 0 0 0 3 0 3 3 0 0 0 1 0 2 0 0 0 0 3 0 0 0 0 0 3 3 0 0 0 3 41 0 0 0 0 0 0 3 4 0 0 2 30 19 1 0 0 0 51 26 26 2 0 1 1 49 35 50 27 0 0 15 0 0 0 0 0 0 0 0 0 0 0 0 0 0 0 0 0 0 0 0 0 0 0 0 0 0 0 0 0 0 0 0 0 0 0 0 0 0 0 0 0 0 0 0 0 0 0 6 1 0 0 0 0 0 0 0 0 0 0 0 39 12 2 0 0 0 51 64 1 0 0 0 0 48 18 0 10 1 0 16 0 0 0 0 1 0 0 0 1 0 0 0 0 0 0 2 2 1 0 0 0 0 0 0 0 0 0 1 0 0 0 0 0 0 0 0 0 0 0 1 0 0 0 13 1 0 0 0 0 0 0 0 0 0 0 0 0 0 0 0 0 0 0 0 0 4 0 0 0 0 0 9 0 0 0 0 0 0 0 0 0 0 0 0 0 0 2 0 0 0 0 0 0 0 0 0 0 0 0 0 0 0 0 0 0 0 0 0 0 0 
 388 443 65 266 41 28 83 0 53 26 47 44 77 455 121 204 272 32 81 65 0 0 0 0 0 0 3 3 1 4 0 0 2 47 0 2 0 0 0 0 0 0 3 0 3 3 0 0 0 0 0 0 0 0 0 0 0 0 0 0 58 0 3 3 0 0 0 0 0 0 0 0 0 0 0 0 23 0 0 0 9 54 59 5 0 0 24 35 34 21 1 7 0 0 38 36 35 51 0 0 0 2 0 0 0 41 1 0 0 0 0 0 0 0 0 0 0 0 0 0 8 0 0 0 0 0 0 0 0 0 21 0 0 0 0 0 0 0 0 0 0 4 0 0 0 2 0 0 11 11 1 0 1 0 0 0 0 0 0 0 18 13 40 15 0 0 0 16 4 20 14 26 11 3 31 27 14 28 0 0 9 0 0 0 8 2 0 0 0 0 0 0 0 2 0 0 0 0 0 20 0 0 0 0 0 0 0 0 0 0 0 0 0 2 0 0 0 2 0 0 0 0 0 0 0 0 0 0 0 0 0 0 0 0 0 0 0 0 0 2 0 28 0 0 1 0 0 0 0 0 0 0 0 0 0 0 0 0 0 0 1 0 0 0 0 0 0 0 0 0 0 0 0 0 0 0 1 0 0 0 0 0 0 0 0 0 0 0 0 0 
 28 348 214 188 62 43 259 53 0 347 43 269 44 89 84 228 143 301 293 63 0 0 207 0 0 0 3 3 2 4 0 0 2 3 1 0 0 65 2 0 0 0 4 0 3 3 0 0 0 0 0 0 0 0 0 0 0 0 0 0 0 0 3 3 0 0 0 0 0 0 0 0 0 0 0 0 1 0 0 0 0 13 23 21 0 0 1 1 0 17 20 31 0 1 3 2 25 38 0 0 0 0 0 0 0 0 0 0 0 0 1 0 0 0 0 0 13 0 0 0 0 0 0 2 0 2 0 0 0 0 0 0 12 0 0 0 0 0 1 0 0 0 0 0 0 0 0 0 1 0 0 5 0 0 0 27 0 0 0 0 0 10 34 15 0 0 0 0 12 18 14 0 0 0 0 28 20 47 0 0 0 0 0 0 0 0 0 0 0 0 0 0 0 0 0 0 0 0 0 0 35 0 0 0 0 0 0 9 0 0 1 0 0 0 0 0 0 0 25 0 0 0 0 0 0 0 0 0 1 0 0 0 1 1 0 1 13 0 0 0 0 0 0 0 0 2 5 0 3 3 2 5 11 0 0 0 0 0 0 0 0 0 0 0 0 0 0 0 0 2 0 0 0 0 0 42 5 13 0 0 0 0 0 0 0 0 0 0 0 7 
 32 37 418 700 87 37 24 26 347 0 576 40 247 292 56 164 589 134 88 90 0 0 0 0 0 0 3 3 1 3 0 0 0 3 0 0 3 2 2 2 1 0 3 0 3 3 0 0 0 0 57 0 0 0 0 0 3 0 1 0 0 0 3 3 0 0 0 0 0 0 0 0 0 5 0 0 0 0 0 0 0 2 0 43 7 0 0 0 0 19 32 27 0 0 0 24 23 24 0 0 0 0 0 0 0 0 0 0 0 0 0 0 1 0 0 0 0 0 1 0 0 1 0 0 0 0 11 0 0 0 18 0 0 0 0 0 0 0 0 0 0 1 0 0 0 0 0 0 1 1 0 8 0 0 0 3 0 0 1 1 0 0 2 37 0 0 0 0 10 26 25 31 0 0 0 27 19 10 0 0 0 0 0 2 0 0 0 0 0 0 0 0 0 0 0 0 0 0 0 8 0 0 0 0 0 0 0 1 2 0 0 0 12 0 0 0 0 0 0 1 0 2 0 0 0 0 0 0 0 0 0 2 0 0 0 0 0 2 0 0 0 5 0 0 0 0 174 3 1 179 0 8 11 0 0 0 0 0 0 0 0 0 16 0 0 0 0 0 0 0 0 0 0 0 0 70 8 17 0 0 0 0 0 0 0 0 0 0 0 0 
 37 38 162 228 407 69 39 47 43 576 0 578 35 270 56 84 103 305 40 68 0 1 0 32 2 0 4 3 0 3 19 0 0 3 3 0 0 0 0 0 0 0 3 0 3 3 0 0 0 0 0 0 0 0 0 0 1 0 0 0 0 0 2 20 0 0 0 0 0 0 0 0 0 0 0 0 0 0 51 0 0 0 0 17 41 41 0 0 0 18 40 27 0 0 0 1 12 15 0 0 0 0 0 0 0 0 0 0 0 0 0 0 0 0 0 0 0 0 13 0 0 0 0 18 0 0 0 0 0 2 0 0 0 0 0 0 0 0 0 0 0 0 0 0 0 0 0 0 1 0 0 10 0 0 0 2 0 0 1 0 0 0 0 11 41 17 0 0 1 6 13 21 0 0 0 9 20 15 0 14 0 0 0 0 0 0 0 0 0 0 0 0 0 0 16 0 0 0 11 27 0 0 0 0 0 0 0 0 2 0 0 0 0 0 0 0 0 9 2 0 0 2 0 0 0 0 1 0 0 0 0 0 0 0 0 0 0 2 0 0 0 0 0 0 11 1 134 2 0 14 0 6 0 0 0 0 0 0 0 0 0 0 0 0 0 0 0 0 0 0 0 0 0 0 0 16 0 30 0 0 12 0 0 0 0 0 0 0 0 0 
 25 29 33 384 413 285 27 44 269 40 578 0 43 251 24 33 81 70 34 57 1 0 0 1 3 0 6 3 0 5 0 2 2 3 0 0 0 0 0 2 0 0 3 5 4 3 0 0 0 0 0 0 0 0 0 0 0 1 0 0 0 0 2 9 0 0 0 0 0 0 0 0 0 0 0 0 0 0 32 0 0 0 0 10 57 49 0 0 0 31 48 26 0 1 0 0 0 0 0 0 11 0 0 0 1 0 21 2 0 0 0 0 10 0 0 2 0 0 12 0 0 0 0 0 0 0 0 0 0 21 0 0 8 0 0 0 0 0 0 0 0 8 13 0 0 0 0 1 0 0 0 5 0 0 0 0 0 0 0 0 0 0 0 15 26 73 0 0 0 0 12 20 18 0 0 0 2 0 0 1 1 2 0 0 0 0 0 0 0 0 0 0 0 0 0 0 0 0 38 22 0 0 0 0 0 0 0 0 0 0 18 0 0 0 0 0 2 0 0 0 0 0 11 41 0 0 0 0 0 0 2 0 0 2 0 0 0 14 0 0 0 0 0 0 0 6 176 2 1 173 0 14 0 1 0 0 0 0 0 0 0 0 0 49 0 0 0 0 0 0 0 0 0 0 0 0 0 3 0 0 0 0 0 0 0 12 0 0 0 0 
 59 60 31 65 498 46 362 77 44 247 35 43 0 68 38 29 253 25 361 199 0 0 0 0 0 0 4 3 75 12 8 0 1 3 7 0 0 2 1 75 0 0 3 1 3 3 0 0 0 5 1 2 0 0 0 118 6 0 0 0 45 0 3 3 0 0 1 0 36 0 0 0 0 51 0 0 8 0 5 3 27 0 0 0 1 0 37 10 0 22 0 0 10 39 20 0 0 0 14 20 1 0 0 0 0 0 0 0 0 0 0 0 0 0 0 0 0 0 0 1 0 0 0 0 0 0 0 2 0 2 0 0 2 2 0 2 0 0 0 0 0 0 0 19 0 0 0 6 0 3 0 0 0 0 15 0 0 0 0 0 35 15 0 0 0 0 40 38 2 0 15 0 41 48 5 8 17 0 14 71 1 0 0 0 1 0 0 0 0 0 0 13 0 0 1 0 0 0 0 0 43 0 0 0 0 0 0 0 0 0 0 0 0 0 0 0 10 0 0 0 0 0 1 0 0 0 0 1 0 0 0 0 0 0 0 0 0 0 2 0 0 0 0 0 0 2 0 0 2 0 0 3 0 0 2 0 0 0 0 0 0 0 0 0 0 0 0 0 0 0 0 0 0 0 0 0 0 0 0 0 0 0 0 0 0 2 0 0 0 0 
 277 67 188 103 96 48 414 455 89 292 270 251 68 0 468 46 38 58 311 511 0 0 0 0 0 0 4 4 2 3 0 3 0 3 0 0 0 1 0 0 0 0 3 1 3 3 0 0 0 0 0 0 0 0 0 0 0 0 0 0 0 0 3 7 0 0 0 0 0 0 0 0 0 2 0 0 3 0 0 0 22 41 40 1 0 0 42 67 72 28 0 0 0 68 36 46 9 17 0 0 2 0 0 0 0 0 7 0 0 0 0 0 0 0 0 0 0 0 0 2 10 2 0 0 0 0 0 0 0 1 0 0 1 0 0 0 0 0 0 0 0 21 0 0 0 0 0 17 4 2 0 0 0 0 0 0 0 1 0 2 17 25 27 0 0 0 59 36 10 0 0 0 0 72 17 0 30 1 2 0 1 0 0 1 0 0 0 0 0 0 0 0 0 0 2 0 0 0 0 0 1 0 0 0 0 0 2 0 0 0 0 0 0 0 0 0 0 0 0 0 0 0 2 0 0 0 0 0 0 0 0 1 0 0 0 0 0 0 0 0 0 3 0 0 0 0 1 1 0 2 0 0 0 0 2 0 0 0 0 0 0 0 0 0 0 0 0 0 0 0 0 0 0 0 0 0 0 0 0 0 0 0 0 0 0 1 0 0 0 0 
 428 399 61 282 49 62 63 121 84 56 56 24 38 468 0 252 49 65 50 93 0 0 2 0 0 111 3 3 1 4 0 4 0 3 2 0 1 0 2 2 0 0 3 0 3 5 0 0 0 0 0 0 0 0 0 0 38 0 0 0 3 0 3 3 0 0 0 0 0 0 0 0 0 0 0 0 0 0 0 0 22 64 37 0 0 0 49 26 38 24 0 0 0 12 31 42 37 22 0 0 0 0 0 0 0 0 0 0 0 0 1 0 0 0 0 0 0 0 0 0 0 0 0 2 0 2 0 1 9 0 0 0 0 0 0 0 0 0 0 0 0 6 0 0 0 0 0 13 7 4 0 2 0 0 0 0 0 0 0 0 28 31 36 16 9 0 3 21 46 13 19 0 0 5 28 23 11 43 0 0 0 0 0 0 0 0 0 0 0 0 0 0 0 0 0 0 0 0 0 0 0 0 4 0 0 0 0 14 0 0 1 0 0 0 9 0 0 0 0 0 0 0 0 0 0 0 1 0 1 0 0 0 1 0 0 1 10 0 0 0 0 8 0 0 0 0 0 0 3 0 2 6 0 0 0 0 0 0 0 0 38 0 0 0 0 0 0 0 0 2 0 1 0 0 0 0 0 0 0 0 0 0 0 0 0 0 0 0 0 0 
 27 212 240 55 63 290 55 204 228 164 84 33 29 46 252 0 378 123 25 280 0 75 2 0 0 0 2 3 74 3 0 2 0 3 0 0 1 0 0 8 0 0 3 0 3 3 0 0 0 28 0 0 0 0 0 0 0 62 0 0 0 43 3 3 0 0 0 0 0 31 0 0 8 0 0 0 0 0 0 0 2 73 26 44 0 27 14 8 1 14 6 19 0 0 6 15 19 12 0 0 0 0 0 0 0 0 1 0 0 0 0 0 0 0 0 0 0 0 0 0 2 0 0 0 0 0 0 0 0 0 0 0 0 0 1 0 0 0 0 0 0 3 0 0 0 0 0 0 29 20 0 1 1 0 0 3 22 0 0 0 20 5 19 29 0 0 0 12 9 33 22 12 0 2 33 27 24 26 0 0 0 0 0 0 0 2 0 0 0 0 0 0 0 2 0 0 0 0 0 0 0 0 0 0 0 0 0 0 0 0 0 0 0 2 0 0 0 0 0 0 0 0 0 0 0 0 0 0 0 0 0 0 0 0 9 0 0 0 0 2 0 9 0 0 0 0 1 0 1 0 0 0 11 0 0 0 0 0 0 0 0 0 34 0 0 0 0 0 0 0 0 0 0 0 0 14 0 1 0 0 0 0 0 0 0 0 0 22 0 1 
 24 341 229 151 68 78 36 272 143 589 103 81 253 38 49 378 0 381 30 39 0 0 0 7 0 0 3 3 40 3 1 0 0 3 0 0 0 0 6 0 0 0 3 0 3 3 0 0 0 0 0 0 0 0 42 0 0 0 6 0 0 0 3 2 0 1 0 0 0 0 0 0 0 0 0 0 0 0 0 0 0 9 11 45 0 1 1 1 0 9 47 29 0 0 0 12 45 35 0 0 0 0 2 0 1 0 0 0 0 0 0 0 0 0 0 0 0 0 0 0 0 0 0 0 0 0 0 0 0 0 0 0 0 0 0 0 0 0 0 0 0 1 0 0 0 0 0 1 5 0 0 22 0 0 0 6 15 0 0 0 0 7 11 32 0 0 0 0 12 27 25 21 0 0 0 31 18 25 9 1 0 0 0 0 0 0 0 0 2 0 0 0 0 0 0 0 1 2 1 0 0 0 0 0 0 0 0 2 0 0 0 0 0 0 0 0 0 0 0 2 0 0 0 0 2 0 0 16 0 0 0 0 0 0 15 0 0 0 0 0 0 0 0 0 0 1 86 2 1 2 0 3 4 0 0 0 0 0 0 0 0 0 33 0 0 0 1 0 0 0 0 0 0 0 0 17 8 23 0 0 0 0 0 0 0 0 0 0 0 0 
 39 132 613 410 44 52 42 32 301 134 305 70 25 58 65 123 381 0 37 248 0 0 0 0 0 0 3 208 1 3 0 0 0 3 0 0 0 0 0 0 0 0 3 0 3 3 0 0 0 0 0 0 0 0 0 63 0 0 0 0 0 0 49 3 0 0 0 0 0 0 0 0 0 0 0 0 0 0 0 0 0 4 0 50 12 0 0 1 1 19 36 36 0 0 2 15 34 23 0 0 0 0 0 0 0 0 0 0 0 0 0 0 0 0 0 0 0 0 0 0 0 0 0 0 0 0 0 0 0 0 0 0 0 0 0 0 0 0 0 0 0 0 15 0 0 0 0 0 0 0 0 4 0 0 0 1 0 0 0 0 0 0 8 46 0 0 0 1 11 22 23 41 0 0 2 14 11 12 0 0 0 0 0 0 0 0 0 0 0 0 0 0 0 0 0 0 1 1 0 0 0 0 0 0 0 0 0 2 14 0 0 0 0 0 0 0 0 0 13 2 0 17 0 0 0 0 0 0 0 0 0 0 0 0 0 0 0 0 0 0 0 9 0 0 0 0 181 0 2 169 3 11 11 0 0 0 0 0 0 0 0 0 18 0 0 0 1 0 0 0 0 0 0 0 0 20 26 9 0 0 0 0 0 0 0 0 0 0 0 0 
 43 55 35 59 58 67 63 81 293 88 40 34 361 311 50 25 30 37 0 278 0 0 0 0 0 0 4 3 1 3 0 0 0 3 0 0 2 0 0 0 0 0 3 0 3 3 0 0 0 0 0 0 0 0 0 0 3 0 0 0 0 0 3 3 0 0 0 2 48 1 0 0 0 0 0 53 0 0 0 50 24 0 0 0 0 0 13 0 0 0 0 0 34 1 4 11 0 0 40 41 0 0 0 0 0 0 0 0 0 2 0 1 0 0 0 0 0 0 0 0 0 0 0 0 0 0 0 0 0 0 0 2 0 0 0 0 0 0 0 0 0 0 0 0 0 0 0 14 0 0 0 0 0 0 0 0 0 0 0 0 13 0 0 0 0 0 14 0 0 0 0 0 28 1 11 0 0 2 14 43 0 0 0 0 0 0 0 0 0 0 0 11 0 0 0 0 0 0 1 0 0 0 0 9 0 0 0 0 0 0 0 0 3 0 0 0 0 0 0 0 0 0 0 0 0 0 0 0 0 0 0 0 0 2 0 0 0 0 12 0 0 0 0 0 0 1 0 0 1 0 0 4 0 0 75 0 0 0 0 0 0 0 0 0 0 0 0 0 0 0 0 0 0 0 0 0 0 0 0 0 0 0 0 0 0 0 0 0 0 0 
 441 64 55 282 157 66 488 65 63 90 68 57 199 511 93 280 39 248 278 0 0 0 2 0 0 0 2 3 2 3 0 0 0 3 0 0 0 0 0 1 0 0 3 0 3 3 0 0 0 0 0 0 0 7 0 0 8 0 0 2 0 0 3 3 0 0 0 0 69 1 0 0 0 0 0 0 2 0 0 0 33 0 0 0 0 0 30 11 10 0 0 1 10 52 40 9 20 0 9 24 0 0 0 0 0 2 0 0 0 0 0 0 0 1 0 0 0 0 0 0 0 0 0 0 2 0 0 0 0 0 0 0 0 0 0 0 0 0 0 0 1 0 1 0 0 0 0 5 7 1 0 0 0 0 0 1 2 0 0 0 31 13 0 2 0 1 33 37 0 0 0 0 0 44 19 0 17 0 16 41 0 0 0 0 0 0 0 2 0 0 1 0 2 0 0 0 0 0 0 0 0 0 0 0 2 0 0 0 0 0 8 0 0 0 0 0 0 0 0 0 0 0 0 0 0 0 0 0 0 6 0 0 0 0 0 0 0 0 15 3 0 0 0 0 0 3 0 1 2 0 0 2 0 0 0 0 0 0 0 0 0 0 0 0 0 0 0 0 0 0 0 0 0 0 0 0 0 0 0 0 0 0 0 0 0 0 0 0 0 0 
 0 0 1 0 0 0 0 0 0 0 0 1 0 0 0 0 0 0 0 0 0 379 70 69 34 49 776 620 40 37 93 31 272 166 358 38 40 244 55 71 0 0 2 0 0 0 0 0 0 3 0 1 6 1 0 0 3 1 0 28 0 0 0 0 7 3 0 4 0 0 0 0 2 3 0 2 0 0 2 0 0 0 0 0 0 0 0 8 0 0 0 0 0 0 0 0 0 0 0 0 54 50 34 0 0 0 9 35 58 2 0 0 2 34 42 49 0 21 0 0 0 0 0 0 0 0 0 0 0 0 0 0 0 0 0 0 0 0 0 0 0 0 0 0 0 28 0 0 0 0 0 0 0 0 0 0 0 0 0 0 0 0 0 1 0 0 0 0 0 0 0 0 0 0 0 0 0 0 0 10 37 79 18 0 0 0 3 41 0 9 0 2 3 8 60 42 24 5 0 0 0 0 0 0 0 0 0 0 15 0 0 0 0 0 0 0 5 0 0 0 0 0 0 0 0 0 0 0 0 0 0 0 0 0 0 0 0 0 0 0 0 0 0 0 0 0 0 0 0 0 0 0 0 0 6 0 0 0 0 0 1 0 0 0 0 0 0 0 0 0 0 0 0 0 0 0 0 0 0 0 0 1 0 0 0 0 0 0 0 0 
 3 0 0 0 3 0 0 0 0 0 1 0 0 0 0 75 0 0 0 0 379 0 542 45 32 28 139 414 174 136 25 49 264 134 367 223 205 35 33 54 1 0 2 0 0 0 0 0 0 66 0 2 7 0 0 0 3 0 0 0 0 6 0 0 11 3 0 16 0 52 0 0 2 2 0 3 50 0 2 0 0 0 0 0 0 0 0 1 0 0 0 0 0 0 0 0 0 0 0 0 4 41 27 18 2 0 1 17 27 36 1 35 0 0 31 29 22 35 0 0 0 0 0 1 0 0 0 0 0 0 0 0 0 0 0 0 0 6 0 0 0 0 0 0 0 0 0 0 12 0 0 0 0 0 14 0 0 0 0 0 10 0 0 0 0 0 0 0 0 0 0 0 0 0 0 0 0 0 0 0 0 42 44 24 0 0 9 1 34 23 22 1 15 0 13 8 13 70 0 0 0 0 0 0 0 0 0 0 0 0 0 0 0 0 0 0 0 0 0 0 0 0 0 0 0 0 0 0 13 0 0 1 0 0 8 9 0 0 0 0 0 0 4 0 0 0 0 0 17 0 0 0 0 0 0 0 0 0 0 2 11 9 0 0 0 0 10 0 0 0 0 0 0 0 0 0 0 0 0 0 0 11 0 0 0 0 0 0 0 0 
 0 0 0 0 0 0 0 0 207 0 0 0 0 0 2 2 0 0 0 2 70 542 0 101 49 34 303 81 258 282 64 63 263 50 51 260 176 331 52 317 0 3 26 0 0 3 0 0 0 5 0 2 4 0 2 63 4 3 0 0 1 0 0 0 4 2 5 1 0 0 0 0 2 3 0 55 2 94 0 5 0 0 0 4 0 0 0 0 0 0 2 0 0 0 0 0 0 0 0 0 0 0 1 26 35 1 0 0 1 54 24 30 0 0 2 17 39 20 0 0 0 15 0 0 0 0 0 0 0 0 0 0 1 0 0 2 1 0 0 0 0 0 0 0 0 0 0 0 0 0 0 0 0 0 0 0 0 0 0 0 0 0 0 0 0 0 0 11 0 0 1 0 0 0 0 0 9 4 14 0 0 0 28 47 22 11 0 0 49 33 28 28 1 0 3 0 12 30 0 0 0 0 0 0 0 1 0 0 0 0 0 0 0 0 0 0 0 0 1 0 0 0 0 0 0 0 0 0 0 0 0 0 1 0 0 0 0 0 0 0 0 1 6 0 0 0 0 0 0 0 0 0 0 0 0 2 0 2 6 4 11 16 0 0 0 0 38 0 0 0 0 0 0 0 0 0 0 0 0 0 0 16 0 0 0 0 7 0 0 0 
 0 0 0 3 0 0 1 0 0 0 32 1 0 0 0 0 7 0 0 0 69 45 101 0 76 53 121 58 66 318 158 380 70 89 72 283 120 321 118 278 0 0 2 69 1 0 0 0 0 3 32 1 1 0 0 0 3 0 7 0 5 0 0 0 3 3 38 0 0 0 0 41 2 3 0 1 0 44 0 3 0 0 0 0 0 1 0 0 0 0 0 0 0 0 0 0 0 0 0 2 0 2 5 32 67 19 0 0 0 13 23 40 0 9 0 26 17 17 2 1 0 0 0 0 0 0 0 0 0 0 0 0 0 9 0 0 0 0 22 3 0 0 0 0 0 0 0 0 0 1 8 0 0 0 0 0 0 0 2 7 0 0 0 0 0 0 0 0 0 0 0 0 0 0 0 0 0 34 0 21 0 0 0 13 66 38 0 0 24 0 0 57 0 0 0 0 20 0 0 0 1 0 0 0 0 0 0 0 0 0 0 0 11 0 0 2 0 0 10 0 0 0 0 0 0 0 0 0 0 0 1 0 0 0 0 0 0 4 0 0 0 0 0 0 0 0 0 0 0 0 0 1 0 0 2 0 0 63 78 0 1 2 0 0 0 0 0 0 0 0 0 0 0 0 0 0 2 0 0 0 0 14 0 0 0 0 18 0 0 0 
 0 0 0 0 0 0 2 0 0 0 2 3 0 0 0 0 0 0 0 0 34 32 49 76 0 602 47 63 92 79 103 342 92 177 76 76 71 35 58 92 0 3 2 3 4 3 1 0 0 3 4 5 2 0 1 0 4 2 5 3 0 0 0 2 3 5 0 6 1 0 11 2 3 3 0 6 0 1 0 5 0 0 0 0 1 0 0 0 0 0 0 0 2 0 1 0 0 0 0 0 0 0 8 17 26 53 0 0 0 1 9 1 0 0 0 0 0 1 0 0 0 0 0 0 0 0 9 0 0 0 0 0 21 0 6 0 0 0 44 37 0 0 0 0 0 0 0 0 0 0 5 0 0 0 0 0 0 0 0 6 0 0 0 20 0 0 0 0 0 0 0 0 0 0 0 0 0 0 0 12 0 13 0 0 23 12 0 0 0 0 0 20 0 0 0 0 0 0 0 0 0 0 1 0 2 0 16 0 0 0 0 0 23 19 0 0 0 0 49 27 2 0 0 0 0 0 0 0 0 0 0 0 0 0 0 0 0 0 0 0 0 0 1 0 0 1 0 0 0 0 0 0 1 0 15 0 2 6 5 2 0 1 0 0 0 0 0 0 0 0 0 0 0 0 0 0 0 0 0 0 0 0 0 0 0 0 0 0 0 0 
 2 0 0 0 0 0 0 0 0 0 0 0 0 0 111 0 0 0 0 0 49 28 34 53 602 0 34 46 41 60 123 69 29 38 59 51 95 61 42 41 0 2 2 0 6 0 0 0 0 4 0 0 3 2 0 0 3 2 190 4 0 45 7 0 6 3 2 0 2 0 4 43 4 2 0 3 0 0 0 0 0 0 0 0 0 0 0 0 0 0 0 0 0 0 0 0 0 0 0 0 0 0 0 1 0 10 0 0 10 0 1 0 0 0 0 0 0 1 0 0 9 0 0 0 0 0 4 34 0 0 0 0 39 39 15 0 0 0 32 74 0 1 0 0 0 0 0 0 0 0 17 0 0 0 1 0 2 0 0 3 0 0 0 0 0 0 0 0 0 0 0 0 0 0 0 0 0 0 0 0 0 0 20 0 1 35 12 0 0 0 0 8 0 0 0 0 0 0 0 0 7 2 11 1 0 0 27 17 0 0 0 0 8 26 0 0 0 0 29 116 0 0 0 0 0 2 0 0 0 0 0 0 0 0 0 0 0 0 0 0 0 0 0 0 0 0 0 0 0 0 0 0 0 0 3 0 0 0 7 1 1 0 0 0 0 0 0 0 0 0 0 0 0 0 0 0 0 0 0 0 0 0 0 0 0 0 0 0 0 0 
 5 3 3 3 7 8 3 3 3 3 4 6 4 4 3 2 3 3 4 2 776 139 303 121 47 34 0 132 63 51 26 56 557 326 61 40 253 245 257 249 3 0 2 0 0 0 0 0 0 3 0 1 3 0 0 0 3 67 1 0 0 0 0 3 5 2 0 38 0 0 0 0 2 0 0 3 0 0 1 0 0 0 0 8 0 0 0 0 0 0 0 0 0 0 0 0 0 9 0 0 63 20 5 1 0 2 8 23 13 0 0 0 13 34 29 1 2 16 0 0 0 0 0 0 0 0 0 0 0 0 0 0 0 0 0 0 0 0 0 0 2 0 0 0 0 9 0 0 19 0 0 0 0 0 0 0 0 0 0 0 0 0 0 18 0 1 0 0 0 0 0 0 0 0 0 0 2 2 0 1 32 11 1 0 0 0 36 13 0 0 1 0 40 36 12 13 76 11 0 0 13 0 0 0 0 0 0 0 13 0 0 0 0 0 0 0 0 0 0 0 0 0 0 0 0 0 0 2 0 0 0 0 0 0 0 0 0 0 4 0 0 0 0 0 0 0 1 0 0 0 0 0 0 0 3 0 2 0 0 2 1 0 0 0 0 0 0 0 0 0 0 0 0 0 0 0 0 1 0 0 0 0 0 0 1 0 0 0 0 0 
 3 3 4 4 3 3 3 3 3 3 3 3 3 4 3 3 3 208 3 3 620 414 81 58 63 46 132 0 156 266 44 28 299 531 190 153 46 33 64 251 0 4 2 62 0 0 0 0 0 3 2 2 10 0 0 0 6 0 0 0 2 0 0 0 10 3 0 10 1 0 0 0 2 3 0 2 0 0 1 0 0 0 0 0 0 0 0 0 0 0 0 0 0 0 0 0 0 0 0 0 68 47 15 1 4 0 1 31 59 26 0 9 0 0 36 22 15 23 0 0 0 0 0 3 0 0 0 0 0 0 0 0 0 0 0 0 0 0 0 0 0 0 0 0 0 0 0 0 0 0 0 0 0 0 0 12 0 0 0 0 0 0 0 0 0 0 0 0 0 0 0 0 0 0 0 0 0 0 0 0 0 75 82 33 0 1 11 22 24 44 26 0 0 0 37 61 35 56 0 0 0 0 0 0 0 0 0 0 0 0 0 0 0 0 0 0 0 0 0 0 0 0 0 0 0 0 0 0 0 0 0 0 19 0 0 0 0 0 0 0 0 0 9 0 0 0 0 0 0 0 1 0 0 0 7 1 2 0 1 0 2 9 0 0 0 0 9 0 0 0 0 0 0 0 0 0 0 0 0 0 0 18 0 60 0 0 0 0 0 0 
 2 2 1 1 0 0 1 1 2 1 0 0 75 2 1 74 40 1 1 2 40 174 258 66 92 41 63 156 0 139 48 43 67 88 160 172 365 164 83 340 0 0 2 0 0 0 0 0 0 3 0 3 3 0 0 0 3 0 0 0 0 0 0 0 16 3 0 7 0 0 0 0 2 2 0 3 0 0 1 5 0 0 0 0 0 0 0 0 0 0 7 0 0 0 0 0 0 0 0 0 0 18 15 27 52 1 0 9 26 47 32 35 0 0 0 34 19 33 0 0 0 0 0 0 0 0 0 0 0 0 0 0 0 0 0 0 0 0 0 0 0 0 0 0 0 1 0 0 0 0 0 0 0 0 0 5 1 0 0 0 0 0 0 0 0 0 6 0 0 0 8 0 0 0 0 3 0 11 0 0 0 20 42 50 9 15 1 0 19 36 9 28 0 0 19 1 27 29 0 0 0 0 0 0 0 0 0 0 0 0 0 0 0 0 0 0 0 0 15 0 0 0 0 0 0 0 0 0 0 0 0 0 0 0 3 0 0 0 0 0 0 0 0 0 0 0 0 0 0 0 0 0 0 0 3 0 1 1 3 0 9 15 0 0 0 0 10 0 0 0 0 0 0 0 0 0 0 0 0 0 0 1 0 0 0 0 7 8 0 2 
 3 4 3 3 3 3 8 4 4 3 3 5 12 3 4 3 3 3 3 3 37 136 282 318 79 60 51 266 139 0 332 57 177 84 95 482 219 420 61 407 0 0 2 0 0 0 0 0 0 3 8 1 3 0 0 0 3 0 1 1 7 0 0 0 2 2 2 0 0 0 0 0 2 1 0 3 0 34 2 4 0 0 0 0 0 0 12 0 0 0 0 0 0 0 0 0 0 0 0 0 0 0 7 26 20 0 0 0 0 9 20 37 0 1 0 9 57 6 0 0 0 0 2 0 0 0 0 0 0 0 0 0 0 15 0 0 0 0 1 0 0 0 0 0 0 0 0 0 0 0 16 0 0 0 0 0 0 0 0 0 0 0 0 0 0 5 0 0 0 0 0 0 0 0 0 0 0 0 0 0 0 0 0 9 25 7 0 0 10 16 0 17 0 0 0 0 10 6 0 0 0 0 0 0 1 0 0 0 0 0 0 0 0 0 0 0 0 0 0 0 21 0 0 0 0 0 0 0 0 0 0 17 0 0 0 0 0 0 0 0 0 0 0 0 0 0 0 0 0 0 0 0 0 0 7 0 0 153 74 1 5 0 0 0 0 0 0 0 0 0 0 0 0 0 0 0 1 0 0 0 0 12 0 0 0 0 9 0 0 0 
 0 0 0 0 0 0 2 0 0 0 19 0 8 0 0 0 1 0 0 0 93 25 64 158 103 123 26 44 48 332 0 354 24 340 84 84 198 327 42 64 0 0 2 0 1 0 0 0 0 3 12 1 3 0 0 0 4 0 6 1 6 0 0 0 3 3 5 0 0 0 0 0 2 2 0 3 0 50 1 3 0 0 0 0 0 0 0 0 0 0 0 0 0 0 0 0 0 0 0 1 0 0 4 24 56 17 0 0 1 12 39 25 0 1 0 25 13 24 1 2 0 0 2 18 0 0 0 0 0 0 0 0 0 0 0 0 0 0 22 0 21 0 0 0 8 2 0 0 0 0 2 0 11 0 0 0 0 0 0 18 0 0 0 0 0 0 0 0 0 0 0 0 0 0 0 0 0 3 0 0 0 0 24 12 60 33 0 0 13 0 0 42 0 0 0 0 14 1 0 0 0 0 0 0 0 17 0 0 0 0 0 0 11 0 0 0 0 12 11 0 0 0 0 0 0 0 0 0 0 0 2 0 0 0 6 0 0 0 0 0 0 0 0 0 0 0 0 0 0 0 0 0 0 0 2 0 3 5 81 0 2 3 0 0 0 0 0 0 0 0 0 0 0 0 0 0 0 0 0 0 9 21 0 0 0 0 11 0 0 0 
 0 0 0 0 0 0 0 0 0 0 0 2 0 3 4 2 0 0 0 0 31 49 63 380 342 69 56 28 43 57 354 0 256 40 38 48 92 51 47 45 0 2 4 0 0 0 210 0 0 3 8 0 2 2 1 0 5 2 3 0 7 0 4 0 9 3 42 0 1 0 6 0 3 6 0 2 26 0 0 0 0 0 0 1 0 0 0 0 0 0 2 0 0 0 0 0 0 0 0 11 2 0 14 1 20 29 0 0 0 1 16 46 0 0 2 1 0 1 0 0 0 0 0 0 0 0 1 0 0 0 0 0 10 0 0 1 1 0 50 53 0 0 0 0 0 0 0 0 0 0 7 0 0 0 0 0 0 0 0 9 0 0 15 0 0 0 0 1 0 0 1 0 0 0 0 2 0 1 0 0 0 0 0 1 22 33 0 1 0 0 1 17 0 0 2 0 1 0 0 0 0 0 0 0 0 1 0 0 0 0 0 0 7 1 0 0 0 0 40 8 0 0 0 0 0 0 0 0 0 0 0 5 0 0 0 0 0 0 0 0 0 0 0 0 0 0 0 0 0 0 0 0 0 0 9 0 2 157 151 1 3 2 0 0 0 0 0 0 0 0 0 0 0 0 0 0 0 0 0 0 0 13 0 0 0 0 5 0 0 0 
 0 0 0 1 0 3 0 2 2 0 0 2 1 0 0 0 0 0 0 0 272 264 263 70 92 29 557 299 67 177 24 256 0 57 37 33 27 52 411 149 0 0 2 0 0 0 0 0 0 3 0 61 2 11 0 0 3 1 0 0 0 0 0 0 3 3 0 2 0 0 0 0 2 3 0 1 0 0 2 0 0 0 0 0 0 0 0 0 0 0 0 0 0 0 0 0 1 0 0 0 19 10 0 18 0 0 12 14 11 0 0 0 35 63 27 11 0 0 12 32 0 1 0 0 0 0 1 0 0 0 0 0 0 12 1 0 0 0 0 0 3 0 0 0 0 27 0 0 0 0 17 0 0 0 1 0 0 2 0 0 0 0 0 3 0 26 0 0 0 0 0 0 0 0 0 0 0 0 0 31 46 10 0 0 0 0 30 48 0 0 0 0 53 49 24 0 8 0 8 25 0 0 13 0 2 0 5 2 0 11 0 0 0 0 0 0 1 0 0 0 0 0 0 0 0 0 0 0 0 0 0 0 0 0 1 0 0 0 0 0 0 0 0 0 0 0 2 0 0 0 0 0 0 0 6 2 2 0 0 4 1 0 0 0 0 0 0 0 0 0 0 0 0 0 0 0 0 0 0 0 0 0 0 0 0 0 0 0 0 0 
 3 3 3 3 6 3 3 47 3 3 3 3 3 3 3 3 3 3 3 3 166 134 50 89 177 38 326 531 88 84 340 40 57 0 425 31 22 42 303 83 0 0 2 0 0 0 0 0 0 3 0 3 21 1 0 0 72 0 6 0 54 0 0 0 11 2 2 10 0 0 0 0 2 1 0 6 1 0 5 2 0 0 0 0 0 0 0 0 0 0 0 0 0 0 0 0 0 0 0 0 39 41 29 0 0 0 14 63 59 0 0 0 0 37 32 23 0 19 0 0 0 0 0 19 0 0 0 0 0 0 12 0 0 0 5 0 0 0 0 0 0 0 0 0 0 11 0 0 0 0 0 0 0 0 0 29 0 0 0 0 0 0 0 2 0 0 0 0 0 0 0 0 0 0 0 0 0 0 0 0 17 83 12 0 0 0 7 91 0 12 0 1 1 7 31 58 21 13 0 0 0 0 0 0 0 0 0 0 0 0 0 0 0 0 0 0 0 0 0 0 0 0 0 0 0 0 0 0 0 0 0 0 0 0 0 0 0 0 0 0 0 0 0 0 0 0 0 0 0 0 0 0 0 0 3 2 0 0 0 0 3 0 0 0 0 0 0 0 13 0 0 0 0 0 0 0 0 0 0 0 0 0 0 0 0 0 0 0 0 0 
 0 0 0 0 0 0 2 0 1 0 3 0 7 0 2 0 0 0 0 0 358 367 51 72 76 59 61 190 160 95 84 38 37 425 0 174 39 39 60 121 0 0 2 0 2 0 2 0 0 3 0 2 9 63 0 1 3 0 0 0 0 0 0 0 11 3 2 13 3 0 3 0 2 2 0 5 0 0 1 0 0 0 0 0 0 0 0 0 0 14 0 0 0 0 0 0 0 0 0 0 22 64 37 1 1 0 1 49 38 85 0 10 0 4 52 35 52 34 0 0 0 0 2 0 0 20 0 0 0 0 0 0 0 0 0 0 0 0 0 0 0 0 0 0 0 3 0 0 0 0 2 0 0 0 0 0 0 0 13 0 0 0 0 0 0 0 0 0 0 0 0 0 0 0 0 0 12 1 0 0 0 33 43 26 0 0 9 18 21 85 20 0 0 0 87 31 66 40 0 0 0 0 0 0 0 0 0 0 0 0 0 0 0 0 0 0 0 0 0 0 0 0 0 0 0 0 0 0 0 0 0 0 0 0 0 0 0 0 3 0 0 0 10 0 0 0 0 0 0 0 0 0 0 0 3 2 0 0 0 0 0 8 0 0 0 0 10 0 0 0 0 0 0 0 0 0 1 0 0 0 0 35 0 0 0 0 0 0 0 0 
 0 0 0 73 2 0 2 2 0 0 0 0 0 0 0 0 0 0 0 0 38 223 260 283 76 51 40 153 172 482 84 48 33 31 174 0 512 278 27 321 0 0 2 0 0 2 0 0 0 3 2 4 8 0 0 0 3 0 0 0 0 0 0 0 3 3 0 9 0 0 0 0 2 3 0 1 0 46 1 6 0 0 0 0 0 0 0 0 0 0 0 0 0 0 0 11 0 0 0 0 2 14 9 50 38 2 0 11 9 59 20 54 9 0 21 45 69 27 0 0 0 0 0 0 0 0 1 0 0 0 0 0 0 0 0 0 0 0 0 0 0 0 0 0 0 0 0 1 0 0 0 0 0 0 0 2 0 0 0 2 0 0 6 0 0 0 0 0 2 0 0 0 0 0 0 0 0 7 0 9 0 9 37 53 6 20 0 0 59 68 14 16 0 0 0 0 15 34 0 0 0 0 0 0 0 0 2 2 0 13 0 0 0 0 0 0 0 0 1 0 0 0 0 0 0 0 0 0 0 1 0 0 0 2 0 0 0 0 0 0 0 0 9 0 0 0 0 0 0 0 0 0 0 0 5 0 2 2 1 1 4 12 0 0 0 0 15 0 0 12 0 0 0 0 0 0 0 0 0 0 0 16 0 0 0 0 8 0 0 0 
 0 0 0 0 2 0 0 0 0 3 0 0 0 0 1 1 0 0 2 0 40 205 176 120 71 95 253 46 365 219 198 92 27 22 39 512 0 410 20 269 0 0 4 0 0 5 0 0 0 9 0 5 9 0 1 0 6 3 67 2 0 0 0 0 5 3 0 5 5 0 0 1 2 2 0 5 0 34 2 12 0 0 0 0 0 0 0 0 0 0 0 0 22 0 0 0 0 0 0 0 0 0 0 44 42 0 0 0 1 35 25 21 0 0 1 26 46 19 0 0 0 0 0 0 0 0 0 0 0 0 0 0 1 0 0 37 2 0 0 0 0 0 0 0 0 0 0 0 0 0 0 0 0 0 0 0 0 0 0 0 0 0 0 1 0 0 0 0 0 0 0 0 0 0 0 0 0 9 0 0 0 1 39 27 15 22 0 2 57 33 17 9 1 1 2 0 15 31 0 0 0 12 0 10 0 2 0 0 0 0 0 0 0 0 0 0 0 0 0 28 0 0 0 0 0 13 0 0 0 0 0 0 0 0 0 16 0 0 0 0 0 0 6 0 0 0 0 0 0 0 0 0 0 0 0 0 3 119 1 0 15 1 0 0 0 1 12 0 0 0 0 0 0 0 0 0 0 0 0 0 0 24 0 1 0 0 10 0 0 0 
 0 1 0 3 0 1 4 0 65 2 0 0 2 1 0 0 0 0 0 0 244 35 331 321 35 61 245 33 164 420 327 51 52 42 39 278 410 0 21 308 0 0 2 0 0 0 0 0 0 6 8 1 2 0 0 0 30 0 62 0 6 0 0 0 3 3 2 0 0 0 0 1 2 2 0 3 0 36 1 58 0 0 0 0 0 0 7 0 0 0 0 0 0 0 0 0 0 0 0 0 0 0 12 33 39 0 0 1 3 40 36 65 0 2 0 19 56 16 0 0 0 0 1 0 0 0 0 0 0 0 0 0 0 0 0 0 0 0 1 0 0 0 0 0 0 0 0 0 0 0 1 0 0 0 0 0 0 0 0 0 0 0 0 0 0 0 0 0 0 0 0 0 0 0 0 0 0 5 0 0 0 0 0 19 35 16 0 0 24 44 11 42 0 0 0 0 10 12 0 0 0 0 0 0 2 0 0 0 0 0 0 0 5 0 0 0 0 0 7 0 0 0 0 0 0 0 11 0 0 0 0 0 0 0 0 0 0 0 0 0 0 0 0 0 0 0 0 0 0 0 0 0 0 0 4 25 3 146 148 0 19 0 0 0 0 0 0 0 0 0 0 0 0 0 0 0 2 0 0 0 0 18 0 0 0 0 9 0 0 0 
 1 0 0 2 1 305 0 0 2 2 0 0 1 0 2 0 6 0 0 0 55 33 52 118 58 42 257 64 83 61 42 47 411 303 60 27 20 21 0 342 0 3 2 0 0 0 3 0 0 3 2 18 5 5 0 0 6 0 1 0 0 0 0 0 2 2 0 0 0 0 0 0 2 1 0 3 0 2 1 0 0 0 0 1 15 13 0 2 9 0 0 0 0 0 0 0 0 0 0 0 13 0 0 25 0 0 1 8 0 0 0 0 39 22 30 0 0 0 69 75 0 0 0 2 0 0 0 0 0 0 0 0 2 0 0 2 0 2 0 0 3 0 0 0 0 0 0 0 0 0 0 0 0 0 0 0 25 0 0 7 0 0 0 0 0 4 0 0 0 0 6 0 0 0 0 0 0 0 0 7 34 0 0 0 0 0 30 22 0 0 0 0 51 51 0 1 29 0 7 43 0 0 0 0 16 0 0 0 0 0 0 0 0 0 0 0 0 0 0 11 0 0 0 0 0 0 0 0 0 0 0 0 0 0 0 0 0 0 0 0 0 0 0 0 0 0 0 0 0 0 0 0 0 0 0 0 2 0 0 1 2 0 0 0 0 0 0 0 0 0 0 0 0 0 0 0 0 0 0 0 0 0 0 2 0 0 0 0 0 0 
 0 0 0 0 0 0 0 0 0 2 0 2 75 0 2 8 0 0 0 1 71 54 317 278 92 41 249 251 340 407 64 45 149 83 121 321 269 308 342 0 0 0 2 0 0 0 5 0 0 4 0 3 2 7 0 2 4 0 0 0 0 0 0 0 3 3 0 3 0 0 0 0 2 3 0 2 0 0 2 7 0 0 0 0 0 1 0 0 0 0 0 0 0 0 0 0 0 0 0 0 7 9 0 17 16 0 0 0 11 58 2 1 29 44 16 0 12 0 0 27 0 0 0 0 0 0 0 0 0 0 0 0 2 0 1 39 0 0 0 0 4 0 0 0 0 25 0 0 0 0 0 0 0 0 0 0 0 0 0 0 1 0 0 16 0 12 0 2 0 0 0 0 0 0 0 7 0 0 0 3 65 10 24 1 14 22 21 42 11 19 0 2 31 41 12 10 26 1 15 0 0 0 0 0 0 1 0 0 0 0 11 0 0 0 0 0 0 0 0 0 0 0 0 0 0 0 0 0 0 0 0 0 2 0 0 0 0 0 0 0 0 0 0 0 0 0 0 0 0 0 0 0 0 0 5 1 2 2 0 0 2 2 0 0 0 0 15 0 0 0 0 0 0 0 0 0 0 0 0 0 0 0 0 2 0 0 10 0 0 0 
 0 0 0 0 2 0 0 0 0 1 0 0 0 0 0 0 0 0 0 0 0 1 0 0 0 0 3 0 0 0 0 0 0 0 0 0 0 0 0 0 0 64 67 46 41 53 543 256 260 41 252 24 68 145 385 57 29 50 24 122 0 0 0 0 0 0 0 50 2 0 0 0 2 0 0 0 0 0 0 0 0 0 0 0 0 0 0 0 0 0 0 0 0 0 7 0 0 0 0 0 0 0 0 0 0 0 0 0 0 0 0 0 0 0 0 0 0 0 0 0 22 28 25 26 0 0 0 39 65 34 4 0 0 19 13 65 58 31 0 0 0 0 0 0 0 0 0 0 0 0 0 0 0 0 0 0 0 0 0 0 0 0 0 0 0 0 0 0 0 0 0 0 0 0 0 0 0 0 0 0 0 0 5 0 0 0 0 0 0 0 0 0 10 0 0 0 0 0 0 0 26 13 22 16 0 0 0 29 47 22 0 0 0 12 37 37 31 6 0 0 0 0 0 0 0 0 0 0 0 0 0 0 0 0 0 0 0 0 0 0 0 0 0 0 0 0 0 0 0 0 0 18 0 2 0 0 0 0 0 1 0 0 0 0 0 0 0 0 2 0 0 0 0 0 0 0 0 0 0 0 0 0 10 0 1 0 0 0 2 0 
 0 0 0 0 0 0 0 0 0 0 0 0 0 0 0 0 0 0 0 0 0 0 3 0 3 2 0 4 0 0 0 2 0 0 0 0 0 0 3 0 64 0 333 59 38 50 71 341 541 39 35 46 35 90 447 236 249 52 252 69 1 0 0 0 0 0 1 0 2 0 0 0 7 0 0 0 0 1 8 5 0 0 0 0 0 0 0 0 0 0 0 0 0 0 0 1 0 0 0 0 0 0 0 0 1 0 0 0 0 0 0 0 0 0 0 0 0 0 0 0 0 26 39 20 0 0 0 12 14 11 24 11 0 0 0 62 13 2 0 0 12 0 0 0 0 0 10 0 0 0 0 0 1 14 5 0 0 0 2 4 0 4 0 0 0 0 0 0 0 0 7 0 0 0 0 0 0 0 0 0 0 0 0 2 0 0 0 0 0 0 0 0 0 0 0 0 0 0 0 0 0 4 35 19 0 0 17 11 28 23 8 21 0 0 9 23 16 26 0 0 5 0 0 0 0 0 15 5 5 0 0 0 1 5 2 0 0 0 0 32 0 0 10 0 0 0 0 0 0 0 0 5 0 1 0 0 0 0 1 7 0 0 0 0 0 2 2 0 1 0 0 0 0 0 0 0 0 0 0 0 0 0 0 0 6 4 0 0 1 0 
 3 3 3 3 3 3 3 3 4 3 3 3 3 3 3 3 3 3 3 3 2 2 26 2 2 2 2 2 2 2 2 4 2 2 2 2 4 2 2 2 67 333 0 124 47 321 63 97 248 248 94 15 96 56 139 153 135 266 254 36 0 0 0 0 0 0 0 0 1 0 0 0 1 0 0 0 0 50 5 0 0 0 0 0 1 0 0 0 0 0 0 0 0 0 0 16 0 0 0 0 0 0 0 0 0 0 0 0 0 0 0 0 0 0 0 0 0 0 0 0 0 11 21 37 13 29 0 0 46 0 38 107 0 0 0 4 15 8 0 0 1 0 5 0 0 0 29 0 0 0 0 0 1 3 0 0 0 14 10 0 0 7 0 0 0 0 0 0 0 0 8 0 0 0 0 0 0 0 0 0 0 0 0 0 18 0 0 0 0 0 0 0 0 0 0 0 1 0 0 0 0 18 3 9 54 5 0 0 33 20 32 68 0 0 1 9 4 26 0 0 0 0 5 0 0 0 0 1 0 0 15 0 0 0 0 0 0 0 11 0 0 0 8 0 0 0 0 0 0 0 0 0 1 2 0 0 0 0 0 6 1 0 3 4 0 12 0 1 0 0 3 0 0 0 0 0 0 0 0 0 0 2 0 0 52 39 0 0 2 0 
 0 0 0 0 0 0 0 0 0 0 0 5 1 1 0 0 0 0 0 0 0 0 0 69 3 0 0 62 0 0 0 0 0 0 0 0 0 0 0 0 46 59 124 0 78 49 78 57 86 385 71 218 90 72 71 60 58 298 291 65 0 0 0 12 4 0 0 0 1 4 6 6 1 4 0 0 3 8 0 0 0 0 0 0 0 0 0 0 0 0 0 0 0 0 0 0 0 0 0 0 0 0 0 0 0 0 0 0 0 0 0 0 0 0 0 0 0 0 0 0 0 0 0 9 56 20 0 0 0 0 0 56 0 5 0 0 0 10 0 0 0 0 6 0 9 6 15 0 0 0 4 0 0 0 0 0 0 0 0 10 0 0 0 0 0 0 0 0 15 0 1 0 0 3 0 0 0 0 0 0 0 0 4 0 3 0 0 19 0 0 0 0 0 0 1 0 0 0 0 0 0 0 0 6 23 31 0 0 0 10 26 10 0 0 0 0 0 0 0 0 0 0 0 0 3 2 3 0 0 0 0 0 15 0 0 0 9 29 28 0 0 0 0 0 0 0 0 0 0 0 0 14 0 0 0 0 0 0 1 10 0 0 36 35 0 11 4 21 0 0 22 0 0 0 0 4 0 0 0 0 0 0 0 13 0 14 0 0 1 0 
 3 3 6 2 3 3 3 3 3 3 3 4 3 3 3 3 3 3 3 3 0 0 0 1 4 6 0 0 0 0 1 0 0 0 2 0 0 0 0 0 41 38 47 78 0 248 59 52 66 84 82 204 103 78 59 286 66 42 75 96 0 0 5 0 0 0 0 0 10 0 0 1 7 6 0 0 4 3 0 0 0 0 0 0 0 0 0 13 0 0 0 0 0 0 13 0 0 0 0 0 0 0 0 0 4 6 0 0 0 0 0 0 0 0 0 0 0 0 0 0 0 0 1 1 46 84 6 0 0 0 0 0 6 3 3 0 0 0 0 58 0 0 0 0 0 0 25 0 0 0 0 0 32 11 0 0 0 0 19 14 0 0 0 0 0 0 0 0 0 0 0 0 0 2 0 0 0 0 0 0 0 0 0 0 0 1 0 0 0 0 0 0 0 0 0 0 0 0 0 0 0 8 0 0 0 25 6 5 0 0 0 0 0 6 0 0 0 0 0 5 15 0 0 0 0 0 53 1 0 0 0 0 49 8 0 0 0 0 13 26 0 0 0 0 0 0 0 0 0 0 0 5 0 0 0 0 0 0 0 0 0 0 1 13 0 1 0 1 1 0 0 0 0 0 0 0 0 0 0 0 0 0 0 0 0 0 0 0 0 0 
 3 4 3 2 7 3 3 3 3 3 3 3 3 3 5 3 3 3 3 3 0 0 3 0 3 0 0 0 0 0 0 0 0 0 0 2 5 0 0 0 53 50 321 49 248 0 37 52 55 275 55 485 33 42 527 49 66 60 54 97 0 0 5 7 1 0 0 0 8 7 3 17 7 0 0 1 2 55 54 0 0 0 0 0 0 0 0 0 0 0 0 0 0 0 0 8 9 0 0 0 0 0 0 0 0 0 0 0 0 0 0 0 0 0 0 0 0 0 0 0 0 0 0 0 2 17 0 0 0 0 0 0 0 0 0 0 0 0 0 0 0 0 0 0 10 0 13 0 1 0 0 0 21 36 0 1 0 0 10 10 2 0 0 0 0 0 0 0 0 0 0 0 0 0 0 5 0 0 0 0 0 0 0 0 0 0 0 0 0 0 0 10 0 0 0 0 0 0 0 0 0 0 0 0 0 28 0 0 0 0 0 0 0 0 0 0 0 0 0 0 39 0 0 0 20 1 67 1 0 0 0 0 6 13 12 1 0 0 0 29 0 0 0 0 0 0 0 0 0 0 0 5 0 0 0 0 0 0 0 1 0 0 1 0 0 0 1 0 1 0 3 0 0 0 0 3 0 0 0 0 0 0 0 0 0 0 0 0 2 0 
 0 0 0 1 2 4 0 0 0 0 0 0 0 0 0 0 0 0 0 0 0 0 0 0 1 0 0 0 0 0 0 210 0 0 2 0 0 0 3 5 543 71 63 78 59 37 0 310 502 128 271 39 565 707 63 28 29 24 67 229 0 0 0 0 0 0 0 0 0 0 0 0 0 0 0 0 0 0 0 0 0 0 0 0 5 6 0 0 0 0 0 0 0 0 0 0 0 0 0 0 0 0 0 0 0 0 0 0 0 0 0 0 1 0 0 0 0 0 0 3 21 0 11 0 0 0 22 9 16 10 0 0 1 33 18 0 12 26 0 1 0 0 0 0 0 0 0 0 0 0 0 0 9 0 0 0 0 0 4 0 0 0 0 0 1 0 0 0 0 0 0 0 0 0 0 0 0 0 0 0 7 0 0 0 0 0 3 0 0 0 0 0 3 0 0 0 0 0 6 0 23 19 13 1 0 0 6 17 1 0 0 0 17 16 21 12 48 0 0 1 0 0 0 0 0 0 0 0 0 13 0 0 0 0 0 0 0 0 0 0 0 0 0 0 0 0 1 0 0 0 0 11 0 2 0 0 0 0 2 0 0 0 0 0 2 4 0 0 2 0 0 0 0 0 0 0 0 0 0 0 0 0 0 0 0 0 0 0 0 0 
 0 0 0 0 3 0 0 0 0 0 0 0 0 0 0 0 0 0 0 0 0 0 0 0 0 0 0 0 0 0 0 0 0 0 0 0 0 0 0 0 256 341 97 57 52 52 310 0 77 32 45 45 99 296 405 109 43 64 279 56 3 0 0 0 0 0 4 0 0 0 0 0 4 3 0 0 0 0 8 4 0 0 0 0 0 0 0 0 0 0 0 15 0 0 0 0 0 0 0 0 0 0 0 0 0 0 0 0 0 0 0 0 0 0 0 0 0 0 0 0 0 30 33 11 9 0 0 32 20 35 47 0 0 23 0 33 14 30 0 0 1 0 3 0 0 0 2 3 3 1 0 0 0 3 5 1 0 0 5 0 0 19 0 0 0 0 0 0 0 0 1 0 0 0 0 0 0 0 0 0 0 0 0 0 0 0 0 0 0 0 0 0 0 0 0 0 0 0 0 0 2 48 18 14 0 0 0 30 31 19 7 0 0 0 29 35 13 9 0 0 0 3 3 0 0 0 1 5 5 1 1 0 0 0 3 0 15 2 0 2 0 0 7 0 0 0 0 0 0 18 0 8 0 1 0 0 0 0 1 0 0 0 8 0 0 2 4 0 1 0 0 0 0 0 0 0 0 0 0 0 0 0 0 0 13 20 0 0 1 0 
 0 0 0 0 3 0 0 0 0 0 0 0 0 0 0 0 0 0 0 0 0 0 0 0 0 0 0 0 0 0 0 0 0 0 0 0 0 0 0 0 260 541 248 86 66 55 502 77 0 367 64 38 105 315 146 186 613 239 325 79 2 0 0 0 0 0 7 2 1 0 0 0 8 0 0 0 0 0 12 7 0 0 0 0 0 0 0 0 0 0 0 0 0 0 0 0 0 0 0 19 0 0 0 0 0 0 0 0 0 13 0 0 0 0 0 0 0 0 0 0 0 18 21 15 0 19 0 0 13 2 76 34 0 0 0 19 0 7 0 0 0 0 11 0 0 0 33 2 0 0 0 0 0 6 7 2 0 0 6 0 0 18 0 0 0 0 0 0 0 24 5 0 0 1 0 0 0 0 0 0 0 0 0 0 0 0 0 0 16 0 0 0 0 0 0 0 0 0 21 0 0 9 8 14 25 0 0 1 22 45 16 25 0 0 0 11 0 35 0 0 4 0 0 0 3 0 0 13 13 0 0 0 0 0 5 0 32 0 0 4 0 0 7 0 0 0 0 0 0 0 0 4 0 2 0 0 0 0 0 14 0 0 1 1 0 29 0 2 0 0 0 0 0 0 0 0 0 0 0 0 0 0 0 0 14 11 0 0 2 0 
 0 0 0 0 0 0 1 0 0 0 0 0 5 0 0 28 0 0 0 0 3 66 5 3 3 4 3 3 3 3 3 3 3 3 3 3 9 6 3 4 41 39 248 385 84 275 128 32 367 0 263 41 131 88 77 284 276 62 80 285 0 49 0 5 6 0 0 0 2 31 5 6 2 3 0 0 0 4 0 0 0 0 0 0 0 0 0 0 0 0 0 0 0 0 0 0 0 0 0 0 0 0 0 0 0 0 0 0 0 0 0 0 0 0 0 0 0 0 0 8 0 1 11 24 15 16 0 0 1 0 2 33 0 0 0 11 0 10 0 0 0 0 2 0 5 14 4 10 0 0 0 0 0 1 7 0 0 0 1 0 18 21 0 0 0 0 0 0 0 0 4 18 0 23 0 0 0 0 0 0 10 0 0 0 0 0 0 0 0 0 0 0 0 0 0 0 0 0 0 0 0 1 7 50 63 50 0 1 13 17 23 32 0 0 0 0 1 38 0 0 0 0 0 0 2 3 0 0 0 0 0 0 0 11 4 0 0 0 43 0 0 0 0 0 0 0 0 0 0 0 0 0 0 0 0 0 0 3 0 18 0 0 63 64 0 37 1 68 0 0 9 0 0 0 0 4 0 0 0 0 0 0 0 0 1 10 0 0 2 0 
 0 0 0 3 0 0 0 0 0 57 0 0 1 0 0 0 0 0 0 0 0 0 0 32 4 0 0 2 0 8 12 8 0 0 0 2 0 8 2 0 252 35 94 71 82 55 271 45 64 263 0 253 40 50 67 54 341 287 46 62 0 0 0 0 0 0 0 0 1 0 0 0 52 54 0 0 3 3 0 0 0 0 0 0 0 0 0 0 0 0 0 11 0 0 0 0 0 0 0 0 0 0 0 1 4 0 0 15 0 0 7 4 0 0 0 0 0 0 0 0 0 0 0 9 35 20 0 0 0 0 0 35 0 0 0 0 0 29 4 0 0 0 9 0 0 0 15 20 0 0 0 0 0 0 0 0 0 0 0 10 0 0 0 0 0 0 0 0 0 0 1 4 15 3 0 0 0 0 0 0 0 0 0 0 4 2 0 0 0 0 0 26 0 0 0 0 0 0 0 0 0 0 1 7 29 28 0 0 0 10 21 11 8 0 1 0 0 0 2 0 0 0 0 0 0 21 22 12 0 0 0 0 15 0 0 0 0 0 26 0 0 0 0 0 0 0 0 0 0 0 0 4 0 1 0 0 0 0 2 0 0 1 41 31 4 11 2 20 1 0 22 0 0 0 0 0 0 0 0 0 0 3 0 0 0 0 0 0 1 0 
 0 0 0 0 0 61 2 0 0 0 0 0 2 0 0 0 0 0 0 0 1 2 2 1 5 0 1 2 3 1 1 0 61 3 2 4 5 1 18 3 24 46 15 218 204 485 39 45 38 41 253 0 233 69 51 31 74 71 32 33 0 0 0 0 0 0 0 0 211 0 22 0 50 0 0 0 0 0 0 0 0 0 0 0 0 0 0 0 0 0 0 0 0 0 0 0 0 0 0 0 0 0 0 0 0 0 0 7 0 14 0 21 36 4 0 0 0 0 6 11 22 0 3 0 53 18 6 13 3 0 0 1 0 4 19 0 0 3 0 4 0 17 20 0 0 0 0 0 0 0 0 0 9 0 0 0 0 0 7 0 1 0 0 0 0 0 0 0 0 0 0 23 0 3 0 0 0 0 0 0 10 0 0 0 0 0 0 0 0 10 0 0 25 10 0 0 0 0 0 11 3 12 0 21 14 42 0 4 0 0 0 0 0 2 5 0 0 0 0 5 0 0 0 17 0 0 35 0 0 0 0 0 8 0 0 0 0 0 17 1 0 0 0 0 0 0 0 0 0 0 0 20 0 0 0 0 0 1 0 12 0 0 62 62 1 4 0 1 0 0 11 0 0 0 0 0 0 0 0 0 0 0 0 0 0 0 0 0 2 0 
 0 0 0 0 0 0 0 0 0 0 0 0 0 0 0 0 0 0 0 0 6 7 4 1 2 3 3 10 3 3 3 2 2 21 9 8 9 2 5 2 68 35 96 90 103 33 565 99 105 131 40 233 0 80 32 252 43 51 343 200 0 0 45 51 0 0 0 0 2 0 0 0 2 0 0 0 0 0 1 0 0 0 0 0 0 0 0 0 0 0 0 0 9 0 0 0 0 0 0 0 1 5 6 3 0 0 0 9 8 3 0 1 0 0 6 5 3 3 0 0 33 0 0 0 0 0 28 10 57 2 0 0 35 20 46 0 44 0 0 1 0 0 0 0 0 0 0 0 0 0 0 0 0 0 0 0 0 0 1 0 0 0 0 0 0 0 0 0 0 0 0 0 0 0 0 0 0 0 0 0 0 6 2 43 0 0 0 0 4 10 5 0 0 0 5 1 0 2 0 0 44 0 16 0 0 0 27 0 0 0 0 0 47 35 7 12 9 0 1 8 0 0 0 0 0 0 0 0 0 0 0 0 0 0 0 0 0 0 20 0 0 0 12 0 0 0 0 0 0 0 0 8 0 2 0 0 0 0 3 2 0 0 2 0 0 5 3 0 5 0 0 0 0 0 0 0 0 0 0 0 0 5 0 0 0 0 0 0 1 0 
 0 0 0 0 0 0 0 0 0 0 0 0 0 0 0 0 0 0 0 7 1 0 0 0 0 2 0 0 0 0 0 2 11 1 63 0 0 0 5 7 145 90 56 72 78 42 707 296 315 88 50 69 80 0 202 41 249 51 110 178 0 0 0 0 0 0 0 0 2 0 0 0 54 0 0 0 0 0 1 0 0 0 0 3 0 0 0 0 0 0 0 0 0 0 0 0 0 0 0 0 4 0 0 0 0 0 0 0 0 0 0 0 7 7 0 0 0 0 23 0 18 37 29 32 0 0 0 39 18 26 2 0 0 27 13 25 60 34 0 0 0 0 0 0 0 0 0 0 0 0 0 0 0 0 0 0 0 0 0 0 0 0 0 1 0 0 0 0 0 0 0 0 0 0 0 0 0 0 0 0 3 0 0 0 0 0 5 5 0 0 0 0 5 6 1 4 6 0 0 0 25 23 31 10 0 0 0 26 22 19 0 0 0 13 35 43 23 0 0 0 0 0 0 0 0 0 0 0 0 0 0 0 0 0 0 0 0 0 0 0 0 0 1 0 0 40 0 0 0 15 0 7 0 1 0 0 0 0 1 0 0 0 0 0 0 0 0 0 0 0 0 0 0 0 0 0 0 0 0 0 0 0 0 0 1 0 0 0 1 0 
 0 0 0 0 0 0 0 0 0 0 0 0 0 0 0 0 42 0 0 0 0 0 2 0 1 0 0 0 0 0 0 1 0 0 0 0 1 0 0 0 385 447 139 71 59 527 63 405 146 77 67 51 32 202 0 78 116 62 144 101 8 4 4 0 0 2 2 6 0 0 0 0 1 24 6 2 1 0 5 0 0 0 0 0 0 0 0 0 0 0 0 0 0 0 0 0 0 0 0 0 0 0 0 0 0 0 0 0 0 0 0 0 0 0 0 0 0 0 0 0 0 36 28 46 0 0 0 36 31 22 82 26 0 17 0 49 28 42 0 0 0 47 8 0 0 0 1 0 6 7 2 7 0 1 0 12 17 16 8 0 0 1 0 0 0 0 0 0 0 0 0 0 0 0 0 0 0 0 0 0 0 0 6 0 0 0 0 0 0 0 0 0 0 0 0 0 0 0 0 0 7 50 14 19 0 0 0 23 24 23 6 0 0 0 6 25 32 16 0 0 0 8 9 8 0 14 0 7 0 1 8 16 0 0 0 8 5 4 0 0 0 0 4 0 0 0 0 0 0 0 0 0 0 0 0 0 0 0 0 0 0 0 0 0 0 3 14 0 0 0 0 0 0 0 0 0 0 0 0 0 0 0 0 0 17 31 0 0 1 12 
 0 0 0 0 0 0 0 0 0 0 0 0 118 0 0 0 0 63 0 0 0 0 63 0 0 0 0 0 0 0 0 0 0 0 1 0 0 0 0 2 57 236 153 60 286 49 28 109 186 284 54 31 252 41 78 0 201 253 33 58 21 15 0 0 0 0 0 0 1 0 0 1 4 39 0 0 0 0 8 3 0 0 0 0 0 0 0 0 0 0 0 0 0 0 0 0 0 0 0 0 0 0 0 0 0 0 0 0 0 0 0 0 0 0 0 0 0 0 0 0 0 23 12 32 0 18 0 0 1 1 45 39 0 1 0 26 15 2 0 0 9 0 3 0 0 0 9 0 0 0 0 0 2 8 4 0 0 0 2 4 0 21 0 0 0 0 0 0 0 0 9 0 10 1 0 0 0 0 0 0 0 0 0 0 0 0 0 0 0 0 0 0 0 0 0 0 0 0 0 0 0 20 8 21 10 1 0 1 33 5 15 17 0 0 0 6 22 37 0 0 2 0 0 0 0 0 6 3 3 0 0 0 2 5 0 0 1 0 0 0 0 0 3 0 0 0 0 0 0 0 0 14 0 0 0 0 0 0 0 15 0 0 1 1 0 24 0 0 0 0 0 0 0 0 0 0 9 0 0 0 0 0 0 0 10 33 0 0 1 0 
 0 0 0 0 0 0 3 0 0 3 1 0 6 0 38 0 0 0 3 8 3 3 4 3 4 3 3 6 3 3 4 5 3 72 3 3 6 30 6 4 29 249 135 58 66 66 29 43 613 276 341 74 43 249 116 201 0 267 309 54 0 0 0 0 0 0 4 0 1 2 0 0 1 0 0 0 0 0 5 0 5 0 0 0 0 0 10 0 0 0 0 0 5 3 0 0 0 0 6 6 0 0 0 0 0 0 0 0 0 0 0 0 0 0 0 0 0 0 0 0 0 17 26 30 0 24 0 0 14 0 60 59 0 0 10 19 0 8 0 0 0 0 11 0 0 0 9 19 0 0 0 0 0 5 0 0 0 0 6 0 7 7 0 0 0 0 4 0 0 0 8 0 0 0 0 0 1 0 6 7 0 0 0 0 0 0 0 0 0 0 0 0 0 0 0 0 0 0 0 0 0 18 3 15 37 0 0 10 22 44 22 52 0 0 0 9 0 32 0 0 0 0 0 0 0 0 9 0 0 0 0 0 0 0 0 0 0 0 0 0 0 0 8 0 0 0 0 0 0 0 0 19 0 2 0 0 0 0 0 8 0 0 1 0 0 14 1 2 65 0 0 0 0 0 0 0 0 0 0 0 22 0 0 0 14 20 0 0 2 0 
 0 0 1 0 0 0 0 0 0 0 0 1 0 0 0 62 0 0 0 0 1 0 3 0 2 2 67 0 0 0 0 2 1 0 0 0 3 0 0 0 50 52 266 298 42 60 24 64 239 62 287 71 51 51 62 253 267 0 103 23 0 0 0 0 0 0 0 0 2 0 0 51 2 0 0 0 0 3 0 0 0 0 0 0 0 14 0 0 0 0 0 0 0 0 0 0 0 11 0 0 0 0 0 0 0 0 0 0 0 0 0 0 0 0 0 0 0 0 0 0 0 4 12 27 16 8 0 0 1 0 0 39 0 0 0 10 0 18 0 0 0 0 11 0 0 0 4 0 0 0 0 0 0 1 0 0 0 10 0 0 0 16 0 0 0 0 0 0 0 0 3 0 0 2 0 0 0 0 0 0 0 0 0 0 0 0 0 0 0 0 0 0 0 0 0 0 0 0 0 0 0 0 28 24 36 23 0 0 11 21 15 41 0 21 0 0 0 39 0 0 0 0 0 0 0 0 0 0 0 0 0 0 0 0 0 0 0 0 22 0 0 0 0 0 0 0 0 0 0 0 0 10 0 0 0 0 0 0 0 35 0 0 67 62 0 16 0 69 0 0 45 0 0 0 0 0 0 0 0 0 0 0 0 0 0 10 0 0 2 0 
 0 0 0 2 0 0 0 0 0 1 0 0 0 0 0 0 6 0 0 0 0 0 0 7 5 190 1 0 0 1 6 3 0 6 0 0 67 62 1 0 24 252 254 291 75 54 67 279 325 80 46 32 343 110 144 33 309 103 0 256 0 0 0 0 0 0 0 199 0 0 2 0 0 2 0 0 0 0 1 0 0 0 0 0 0 0 0 0 0 0 0 0 0 0 0 0 0 9 0 0 0 0 0 0 0 16 0 0 0 0 4 3 0 0 0 0 0 0 0 0 22 0 0 0 0 0 68 12 0 0 0 0 19 9 19 0 0 0 17 18 0 0 0 0 0 0 10 0 0 0 7 0 0 0 0 0 0 0 0 0 0 0 0 0 0 0 0 0 0 0 0 0 0 0 0 0 0 0 0 0 0 0 0 0 0 3 0 0 0 0 0 5 0 0 0 0 0 0 0 0 19 12 0 11 0 0 34 1 0 0 0 0 23 31 0 0 1 0 5 20 0 0 0 0 0 6 4 0 0 0 0 0 0 0 0 0 0 0 0 17 0 0 0 0 0 0 0 0 0 0 0 9 0 2 0 0 0 0 4 0 0 0 0 0 2 3 2 0 0 0 0 0 0 0 0 0 0 0 0 0 0 0 0 0 0 0 0 0 0 0 
 0 0 0 0 0 0 0 0 0 0 0 0 0 0 0 0 0 0 0 2 28 0 0 0 3 4 0 0 0 1 1 0 0 0 0 0 2 0 0 0 122 69 36 65 96 97 229 56 79 285 62 33 200 178 101 58 54 23 256 0 1 0 0 0 0 0 6 0 0 0 0 0 6 3 0 0 0 0 7 4 0 0 0 0 3 0 0 0 0 0 18 0 0 0 0 0 0 0 1 0 0 0 0 0 0 0 0 0 0 0 0 0 0 0 0 0 0 0 0 0 31 0 19 0 0 0 36 13 19 3 0 0 12 18 39 0 24 15 1 5 0 0 1 0 0 0 0 1 1 0 0 0 0 0 4 4 0 0 0 0 0 0 0 0 0 0 11 9 0 0 0 0 0 0 0 0 0 0 0 0 0 0 0 0 0 0 0 0 0 0 0 0 0 0 0 0 0 0 0 0 26 9 14 1 0 19 8 9 0 0 1 0 13 34 10 2 23 0 0 4 2 1 1 0 0 0 0 5 5 0 0 0 0 0 6 0 1 0 0 6 0 0 0 0 0 0 0 0 0 0 0 3 0 0 0 0 0 0 0 0 0 0 0 0 0 0 0 0 0 0 0 0 0 0 0 0 0 0 0 0 0 0 0 0 0 0 0 0 1 0 
 0 0 0 0 0 0 0 58 0 0 0 0 45 0 3 0 0 0 0 0 0 0 1 5 0 0 0 2 0 7 6 7 0 54 0 0 0 6 0 0 0 1 0 0 0 0 0 3 2 0 0 0 0 0 8 21 0 0 0 1 0 123 102 42 33 24 251 470 82 24 236 57 48 144 277 36 35 254 50 49 0 0 0 0 0 0 0 0 0 0 0 0 0 0 0 0 0 0 0 0 0 0 8 0 4 3 0 0 0 0 14 6 0 0 0 0 0 0 0 0 0 0 0 0 0 0 0 0 0 0 0 0 4 0 0 0 0 0 2 0 18 15 16 0 0 0 0 14 18 3 9 11 0 0 13 36 14 9 0 0 1 0 0 0 5 0 0 0 11 0 24 0 0 0 0 0 0 0 0 0 0 0 0 0 0 4 0 0 0 0 0 0 0 0 0 0 4 0 0 0 0 0 0 0 0 0 0 0 0 0 0 0 0 0 0 0 8 0 3 0 0 31 24 7 0 0 0 9 21 20 8 0 0 9 9 36 15 20 0 0 0 0 6 0 0 0 0 0 0 0 0 0 0 0 3 0 0 6 0 0 0 0 1 0 0 0 4 0 0 0 20 0 0 0 2 1 0 0 0 0 0 0 0 0 0 0 5 0 0 0 
 0 0 50 0 0 0 0 0 0 0 0 0 0 0 0 43 0 0 0 0 0 6 0 0 0 45 0 0 0 0 0 0 0 0 0 0 0 0 0 0 0 0 0 0 0 0 0 0 0 49 0 0 0 0 4 15 0 0 0 0 123 0 232 55 31 31 76 243 170 103 30 52 22 53 253 241 78 56 62 20 0 0 0 0 0 0 0 0 0 0 0 0 0 0 0 0 0 0 0 0 0 0 0 0 0 0 0 0 0 0 0 0 0 0 0 0 0 0 0 0 0 0 0 0 0 0 0 0 0 0 0 0 0 0 0 0 0 0 0 0 0 4 9 17 0 0 0 0 29 25 17 11 0 0 6 12 17 27 0 0 0 0 0 0 0 0 0 6 0 0 0 0 6 0 0 0 0 0 0 0 0 0 0 0 0 0 0 0 0 0 0 0 0 0 0 0 0 0 0 0 0 0 0 0 0 0 0 0 0 0 0 0 0 0 0 0 0 0 0 0 0 16 22 25 0 0 0 0 46 31 51 33 0 0 7 11 7 64 0 0 8 0 0 0 0 0 0 0 0 0 0 0 0 0 3 0 0 0 0 0 0 0 0 0 0 0 6 0 0 0 23 0 0 21 0 2 0 0 0 0 0 0 0 0 0 0 0 7 0 0 
