 0 183 292 49 245 46 468 421 50 26 252 54 277 202 624 34 21 30 39 214 0 0 2 0 1 3 3 1 0 0 3 0 3 2 5 0 0 3 0 0 0 0 2 2 0 3 2 0 0 3 0 1 0 1 5 5 0 0 0 0 4 0 5 0 0 4 34 1 3 0 0 2 3 0 0 2 0 0 1 0 67 21 26 2 0 0 10 58 44 1 45 0 17 28 44 26 44 2 2 5 0 0 0 0 0 0 0 0 0 0 0 1 0 0 0 0 0 0 0 0 0 0 0 0 0 0 0 0 0 0 0 0 0 0 0 0 0 0 0 0 0 0 0 6 0 0 0 0 0 0 0 0 0 0 0 0 0 0 5 0 33 19 19 0 0 0 28 23 1 22 0 0 1 17 30 44 0 7 0 1 0 0 0 0 0 0 0 0 0 0 0 0 0 0 0 0 0 0 0 0 0 0 0 0 0 0 0 0 0 0 0 0 0 12 0 0 0 0 0 0 0 0 0 0 0 0 0 0 0 0 0 0 0 0 0 0 0 0 10 0 0 0 0 0 0 0 0 0 0 0 0 5 90 0 0 0 0 0 0 0 0 0 0 0 0 0 0 0 0 0 0 0 0 0 0 0 0 0 0 0 0 0 0 0 0 0 0 0 0 0 
 183 0 190 61 44 57 87 556 95 38 46 45 41 157 233 201 234 41 45 149 0 1 21 25 2 2 3 0 27 17 24 1 3 2 3 2 34 22 3 2 0 0 27 0 0 3 0 0 0 3 0 0 0 0 0 3 0 0 0 0 61 51 0 0 0 6 0 0 3 0 0 2 3 0 0 0 0 0 1 0 17 21 44 1 0 0 0 27 15 20 41 0 7 1 18 15 37 56 0 5 0 0 0 0 0 0 0 0 0 0 0 0 0 0 0 0 0 0 0 0 0 0 0 1 0 0 0 0 0 0 0 0 0 0 0 0 0 0 0 0 0 0 0 11 0 0 0 0 0 1 0 0 0 0 0 0 0 0 29 0 6 47 58 14 0 2 0 63 41 23 17 1 0 14 8 18 7 32 0 0 0 0 0 0 0 0 0 0 0 0 0 0 0 0 0 0 0 0 0 0 0 0 0 0 0 0 0 0 0 0 0 0 0 0 0 0 0 0 0 0 0 0 0 0 0 0 0 0 2 0 0 9 0 0 0 0 0 0 0 0 0 0 0 0 0 2 0 0 4 1 0 0 10 0 0 0 0 0 32 0 0 0 16 0 0 0 0 0 0 0 0 0 0 0 0 15 0 0 0 0 0 0 0 0 0 0 0 0 0 0 
 292 190 0 113 267 36 71 113 177 315 260 45 78 263 292 203 184 313 29 136 2 2 0 2 0 4 5 82 2 2 1 3 5 4 2 73 0 2 2 0 0 0 2 0 0 3 0 0 0 3 0 0 0 0 0 3 3 0 0 0 0 0 0 0 0 11 30 0 3 0 0 2 3 0 0 0 0 0 2 0 0 20 53 13 14 0 0 0 19 40 10 58 6 0 1 13 12 54 0 0 0 0 0 0 0 0 0 0 0 0 0 0 0 0 0 0 0 0 0 0 0 0 0 0 0 0 0 0 0 0 0 0 0 12 0 0 0 0 0 0 0 0 0 0 0 0 0 0 0 0 0 0 0 4 0 14 0 0 0 0 0 28 11 25 0 0 0 0 25 11 12 0 0 0 0 0 19 23 0 0 0 0 0 0 0 0 0 0 0 0 0 0 0 0 0 16 0 0 19 0 0 0 0 0 0 0 0 0 13 0 0 0 0 0 0 0 0 0 0 0 0 0 0 0 0 0 0 0 0 0 0 0 0 0 0 0 0 0 0 0 0 0 0 0 0 2 2 0 0 5 0 9 21 0 0 0 0 0 0 0 0 0 0 0 0 0 0 0 0 0 0 0 0 0 0 14 20 14 0 0 0 0 0 0 0 0 0 0 0 0 
 49 61 113 0 93 34 120 79 318 464 189 383 87 383 54 59 126 415 92 53 0 2 0 16 0 4 3 0 0 0 0 0 4 2 2 0 0 0 3 0 0 0 2 0 0 3 0 0 1 2 0 2 0 0 0 3 0 0 0 0 0 2 0 0 0 6 0 0 3 0 0 2 5 0 0 0 0 0 0 0 0 0 0 28 64 23 0 0 0 14 28 49 0 0 2 0 9 18 0 0 0 0 0 0 0 0 1 0 0 0 0 0 0 1 0 0 0 0 2 19 0 0 0 0 0 0 0 0 0 0 0 0 2 16 0 0 0 0 0 0 0 0 0 0 0 0 0 0 0 0 0 0 0 2 0 0 0 0 0 0 0 2 0 3 20 43 0 0 0 0 0 34 0 0 0 0 20 0 0 0 0 12 0 0 0 0 0 0 0 0 0 0 0 0 0 0 0 0 0 9 0 0 2 0 0 0 0 11 0 0 0 0 0 0 0 0 0 2 7 0 0 0 0 0 0 0 0 0 0 0 0 0 0 0 0 0 13 0 0 0 0 29 0 0 0 0 63 0 4 54 0 3 0 0 0 0 0 0 0 0 0 0 0 0 0 0 0 0 0 0 0 0 0 0 0 9 16 14 0 0 0 0 0 0 22 0 0 0 0 0 
 245 44 267 93 0 443 53 76 58 87 400 381 87 334 59 83 65 252 62 81 0 0 2 2 0 5 4 3 2 2 0 5 6 2 2 5 77 2 5 0 0 66 4 0 0 4 0 0 0 2 2 0 0 0 2 3 0 0 1 0 0 3 0 0 0 4 0 0 3 1 1 2 3 0 0 0 0 0 0 0 0 0 0 0 44 36 0 0 12 0 0 43 0 0 0 0 0 0 0 0 0 0 0 0 0 0 53 0 1 0 0 0 29 0 0 0 1 0 48 23 0 0 0 1 0 23 0 0 0 0 0 3 2 0 0 0 0 0 0 0 4 0 1 0 0 0 0 0 0 1 0 0 0 2 0 0 0 1 2 0 0 0 0 0 16 19 0 0 0 0 0 3 0 0 0 0 0 0 0 0 0 0 0 0 0 0 0 0 0 0 0 0 10 0 0 0 0 0 49 0 0 0 0 0 0 0 0 0 0 0 0 19 0 0 0 0 0 2 0 0 0 0 0 0 0 0 0 0 3 0 0 0 0 0 0 0 0 0 0 0 0 40 0 0 0 0 7 0 5 24 0 7 0 0 0 0 0 0 0 0 2 0 0 0 0 0 0 0 0 0 0 0 0 0 0 0 0 0 0 0 0 0 0 0 0 0 0 0 0 0 
 46 57 36 34 443 0 36 22 31 47 155 269 41 256 43 79 72 47 45 40 0 0 1 0 0 4 3 0 0 0 0 0 5 3 2 1 0 0 309 0 0 43 2 0 0 3 0 0 0 2 0 1 0 0 0 3 0 0 0 0 0 0 0 0 3 3 8 3 4 0 4 2 3 0 0 0 38 0 0 0 0 0 0 0 3 31 0 0 0 0 0 13 0 0 0 0 0 0 0 0 0 0 0 1 0 2 58 0 0 2 0 0 75 31 0 0 0 0 32 48 2 0 0 0 0 16 0 0 0 0 0 0 0 0 0 0 2 0 0 0 3 0 0 0 0 0 0 1 0 0 1 0 0 0 0 0 0 0 0 4 0 0 0 0 12 10 0 0 0 0 1 0 0 0 0 0 0 0 0 0 1 0 0 0 0 0 39 0 0 0 0 0 32 1 0 0 0 0 75 8 0 0 0 0 0 0 0 1 0 0 0 15 0 0 0 0 0 0 0 0 0 0 0 1 0 0 0 0 0 0 0 0 0 0 0 0 0 2 0 0 0 0 0 0 0 3 5 1 5 9 0 0 0 0 0 0 0 0 2 0 0 0 0 0 0 0 0 0 0 0 0 0 0 11 0 0 0 0 0 0 0 0 0 0 0 0 0 0 0 0 
 468 87 71 120 53 36 0 323 58 139 29 33 723 469 51 255 42 259 284 203 0 0 0 0 0 3 3 0 0 2 0 0 3 2 2 0 0 0 3 0 0 0 2 0 0 3 0 0 0 2 0 66 0 0 6 3 0 0 2 0 0 0 0 0 0 3 0 0 31 0 0 2 3 0 0 0 0 0 0 0 58 11 0 0 0 0 42 38 18 0 0 0 17 60 25 17 1 0 6 16 0 0 0 0 0 0 0 0 0 0 0 0 0 0 0 0 0 0 0 0 0 0 0 0 0 0 0 0 0 0 0 0 0 0 0 0 0 0 0 0 0 0 0 6 2 0 0 0 0 0 0 0 9 0 4 0 1 0 0 0 45 0 1 0 0 0 24 39 0 0 1 0 0 46 31 13 0 0 0 0 0 0 0 2 0 0 0 0 19 0 26 0 5 0 0 0 0 0 0 0 0 2 0 0 0 0 0 0 0 0 0 0 0 0 0 0 0 0 0 0 0 0 0 0 2 0 0 0 0 0 0 0 2 0 0 0 0 0 0 2 0 0 0 0 0 0 0 0 4 2 0 5 0 0 2 0 0 0 0 0 0 0 1 0 0 0 0 0 0 0 0 0 0 0 0 0 0 0 0 0 0 0 0 0 0 0 0 0 0 0 
 421 556 113 79 76 22 323 0 203 31 35 48 344 509 261 46 33 20 144 359 0 0 0 0 0 3 3 1 0 0 2 0 5 2 2 0 0 77 3 203 0 0 6 0 0 3 0 0 0 2 0 2 0 0 0 2 1 0 0 0 0 0 0 0 0 8 0 0 2 0 0 2 3 0 0 0 49 0 0 0 14 90 26 0 9 0 0 30 33 18 15 0 9 39 32 77 34 38 32 10 0 0 0 6 2 0 0 0 0 0 0 0 0 0 0 0 0 0 0 2 0 0 0 0 0 0 0 0 0 0 0 0 0 0 0 0 0 0 0 0 0 0 0 14 0 0 0 0 0 0 0 0 0 0 2 0 0 0 7 0 11 35 54 8 0 0 0 33 49 28 73 0 0 18 6 32 1 34 0 0 0 0 0 0 7 0 0 6 0 0 0 0 0 0 0 0 0 0 0 0 0 0 0 0 0 1 0 0 0 0 0 0 0 0 0 0 0 0 0 0 0 0 0 14 0 0 0 0 0 0 0 0 0 0 0 0 0 0 0 0 0 0 0 0 0 2 0 0 1 1 0 17 12 0 0 0 0 0 0 0 0 0 1 0 0 0 0 0 0 0 0 0 0 0 0 26 0 0 0 0 0 0 0 0 0 2 0 0 0 0 
 50 95 177 318 58 31 58 203 0 273 33 37 136 93 188 372 459 206 61 151 0 0 0 5 2 5 8 3 2 5 0 2 3 3 4 0 4 8 1 3 5 0 7 0 4 6 0 65 3 3 0 0 0 0 0 3 4 1 0 0 0 6 0 1 6 3 32 0 6 0 0 2 5 4 5 3 0 0 1 0 14 26 21 6 9 0 0 16 0 27 11 10 12 0 0 15 14 29 0 0 0 0 0 0 0 0 0 0 0 0 0 0 0 0 0 0 0 0 0 0 0 9 0 0 0 0 0 0 0 0 0 0 0 0 0 19 47 0 0 0 0 0 0 0 0 0 0 0 0 0 0 0 0 0 0 0 15 0 2 0 0 10 14 8 0 4 0 0 33 95 21 1 0 0 0 0 7 35 0 0 0 0 0 0 0 0 0 0 0 0 0 0 0 0 0 0 0 0 0 0 0 14 0 0 0 0 0 0 0 0 0 0 0 13 0 0 0 0 0 0 0 0 0 0 0 0 0 0 0 0 0 0 0 0 0 0 0 0 16 0 0 0 0 0 0 0 46 2 2 1 0 2 0 0 0 0 0 0 0 0 0 0 14 0 0 52 0 0 0 0 0 0 0 0 0 20 26 22 0 0 0 0 0 0 0 0 0 0 0 0 
 26 38 315 464 87 47 139 31 273 0 437 34 277 83 88 523 579 278 78 61 0 0 0 0 0 3 3 0 1 0 0 0 3 2 2 0 0 0 3 0 0 0 3 0 0 3 0 0 0 2 0 0 0 0 0 3 0 0 0 0 0 0 0 0 0 7 0 0 3 0 51 2 3 0 0 0 0 0 4 0 0 1 26 42 15 0 0 1 22 39 72 11 0 0 1 0 14 11 0 0 0 0 1 0 0 0 0 0 0 0 0 0 0 0 0 0 0 0 1 0 0 0 0 0 0 0 0 0 0 0 0 0 0 0 0 0 0 0 0 2 1 0 0 0 0 0 0 1 0 0 0 0 0 0 0 0 0 0 0 0 0 1 1 36 11 34 0 0 24 19 34 30 0 0 0 0 70 1 0 0 0 0 0 0 0 0 0 0 0 0 0 2 0 0 0 0 0 0 0 12 0 0 0 0 0 0 0 0 15 0 0 0 0 0 0 0 0 0 0 0 0 2 0 0 0 0 0 0 0 0 0 0 0 0 0 0 12 0 0 0 0 0 0 0 0 3 179 1 0 175 1 11 0 2 1 0 0 0 0 0 0 0 15 0 0 0 1 0 0 0 0 0 0 0 0 14 16 19 0 0 0 0 0 0 0 0 0 0 0 0 
 252 46 260 189 400 155 29 35 33 437 0 370 37 48 52 79 112 302 42 59 0 0 0 0 0 3 3 0 0 0 2 1 3 2 2 0 0 1 3 0 0 0 2 0 0 3 0 0 0 3 0 2 0 0 0 3 0 0 0 1 0 1 0 0 0 7 0 0 3 0 0 2 3 0 0 0 0 0 1 0 0 0 0 10 52 37 0 0 0 14 29 38 0 0 0 0 11 0 2 0 0 0 0 2 0 0 0 0 0 1 0 0 0 0 0 0 0 0 3 13 0 0 0 0 0 7 11 0 20 0 0 0 0 15 0 0 0 11 0 0 2 0 0 0 0 0 0 0 0 0 0 0 0 0 0 0 0 0 0 0 0 0 0 5 23 39 13 0 0 0 0 23 0 0 0 0 16 0 0 0 0 0 0 0 0 0 0 0 0 1 0 0 14 2 0 1 0 0 17 0 0 0 0 0 0 0 0 2 0 0 0 0 0 0 0 8 2 0 2 0 0 0 0 2 0 0 0 0 0 0 0 0 0 0 18 0 0 1 0 0 0 15 0 0 0 0 90 0 1 11 1 11 0 0 0 0 0 0 0 0 0 0 0 0 0 0 0 0 0 0 0 0 0 0 0 16 18 0 0 0 0 0 0 0 0 0 0 0 0 0 
 54 45 45 383 381 269 33 48 37 34 370 0 22 22 34 36 73 78 27 29 0 3 2 0 0 3 3 0 0 0 0 0 3 2 2 0 4 4 0 0 1 3 2 0 3 3 0 0 0 2 0 0 0 2 0 3 3 0 0 29 0 47 0 2 0 5 2 0 3 0 0 2 3 0 2 0 0 1 3 0 59 0 0 0 57 79 0 0 0 0 46 57 0 0 0 0 1 0 0 0 0 0 0 0 0 0 0 0 0 0 0 0 17 0 0 0 0 0 28 49 0 0 0 0 0 21 0 0 0 0 0 0 0 0 0 0 0 0 0 0 4 0 0 0 0 0 13 0 0 0 0 0 0 0 0 0 0 0 0 1 0 0 0 11 32 32 0 0 0 0 0 61 0 0 0 0 14 0 0 0 0 0 0 0 0 0 0 0 0 0 0 0 30 0 0 0 0 0 23 0 0 0 0 0 0 0 0 0 0 0 0 0 0 0 0 0 0 0 0 0 0 0 5 0 0 0 0 0 0 0 0 0 0 0 0 0 0 0 0 0 0 15 0 0 0 2 229 2 2 184 0 8 0 0 0 0 2 0 0 0 0 0 0 0 0 0 0 0 0 0 0 0 2 0 0 14 0 0 0 0 0 0 0 0 0 0 0 0 0 0 
 277 41 78 87 87 41 723 344 136 277 37 22 0 93 33 110 109 35 698 266 4 0 0 0 0 3 3 0 23 0 1 0 3 2 2 0 0 0 3 0 0 0 2 0 0 3 0 73 0 3 79 1 0 0 25 3 65 0 0 0 0 0 8 0 0 3 0 0 3 0 0 2 3 1 0 0 0 0 1 0 51 0 0 0 0 0 23 29 14 0 0 0 33 49 0 0 10 0 47 31 0 0 0 0 0 0 0 0 0 0 0 0 0 0 0 0 0 0 0 0 0 0 0 0 0 0 0 1 0 1 0 0 0 0 0 0 0 0 0 0 0 0 0 4 0 0 0 0 0 0 0 0 0 0 4 0 0 0 0 19 32 0 0 0 0 0 41 0 0 0 0 0 7 13 20 0 0 0 0 15 0 0 2 0 0 0 0 0 0 0 0 0 0 0 0 0 0 0 0 0 0 0 0 0 13 0 0 0 2 0 0 0 0 2 0 0 0 0 0 0 0 0 0 0 0 0 0 0 0 0 0 0 0 0 0 0 0 0 0 0 0 0 0 0 0 0 0 0 1 2 0 15 0 0 0 0 0 0 0 0 0 0 0 0 0 0 0 0 0 0 11 0 0 2 0 0 0 0 0 0 0 0 0 0 0 0 0 0 0 2 
 202 157 263 383 334 256 469 509 93 83 48 22 93 0 489 48 33 37 85 332 0 41 2 0 0 3 3 0 0 0 0 0 3 2 2 0 0 0 3 0 0 0 2 0 0 3 0 0 48 2 0 1 0 0 9 2 0 37 0 0 0 0 0 0 0 1 2 3 2 0 3 2 3 0 0 0 0 0 0 0 45 17 19 1 0 0 1 59 47 1 13 14 18 98 37 44 56 0 0 8 0 0 0 2 0 14 0 0 0 0 0 0 0 0 0 0 1 0 0 0 0 0 0 0 0 0 0 0 0 9 0 0 0 0 0 0 0 0 2 0 0 11 0 26 0 0 23 0 0 0 0 0 0 0 0 0 0 0 15 0 33 22 29 0 0 0 29 42 3 32 0 0 2 20 23 34 0 14 0 0 0 0 0 0 0 0 0 0 0 1 0 0 0 2 0 1 0 0 0 7 0 0 0 0 0 0 0 0 0 0 0 0 0 0 0 19 2 0 0 0 0 0 0 2 0 0 0 0 20 0 0 0 0 0 0 0 0 0 0 0 0 0 0 0 0 2 0 0 0 2 0 23 0 0 1 0 0 0 0 0 0 0 0 0 0 0 0 0 0 0 0 0 0 0 0 2 0 19 0 0 0 0 0 0 0 0 0 0 0 0 
 624 233 292 54 59 43 51 261 188 88 52 34 33 489 0 130 273 42 59 169 18 3 3 0 1 3 6 4 2 0 0 0 3 5 2 0 0 3 0 0 0 64 6 0 0 3 0 0 3 3 0 5 1 1 0 6 0 0 0 0 0 0 2 0 0 4 0 0 3 0 0 3 3 0 0 0 0 0 3 0 16 50 33 0 1 0 0 39 36 15 11 0 7 14 57 70 69 33 0 6 0 0 0 0 0 0 0 0 0 0 0 0 0 0 0 0 0 0 0 0 0 0 0 0 0 0 0 0 0 0 0 0 0 0 0 0 0 0 0 0 0 0 0 0 0 0 0 0 0 0 0 0 0 0 0 0 0 10 4 0 7 48 47 1 0 0 0 36 63 21 1 1 0 33 8 39 0 27 0 8 0 0 0 0 0 0 0 0 0 0 0 0 0 0 0 0 0 0 0 0 0 0 0 0 0 0 0 0 0 0 0 0 0 0 0 0 0 0 0 0 0 0 9 0 0 0 0 0 0 0 0 0 0 0 0 0 0 0 0 0 0 0 0 0 0 2 0 0 1 2 0 13 29 0 0 0 0 0 0 0 0 0 1 0 0 0 0 0 0 0 0 0 0 0 0 20 0 0 0 0 0 0 0 0 0 0 0 0 0 0 
 34 201 203 59 83 79 255 46 372 523 79 36 110 48 130 0 367 385 57 136 0 0 0 0 1 9 3 0 1 0 4 1 4 2 2 0 2 75 3 2 0 0 7 0 4 9 0 0 0 3 0 2 0 0 0 3 0 0 2 0 3 0 2 0 0 8 0 0 3 0 4 8 3 0 0 0 0 0 1 0 0 24 29 16 11 1 0 0 15 56 14 25 10 0 3 15 12 87 0 0 0 0 0 0 1 0 0 0 0 0 0 0 0 2 0 0 0 8 0 1 0 0 0 0 0 0 0 0 0 0 0 0 0 0 0 0 0 0 0 0 0 0 0 0 0 0 0 0 0 0 0 0 0 0 0 0 0 0 2 0 0 17 22 17 0 11 0 0 45 11 12 4 0 0 0 5 19 20 0 0 0 2 0 0 0 0 0 0 0 0 0 0 0 0 0 0 0 0 0 0 0 0 0 0 0 2 0 0 0 0 0 0 0 0 0 0 0 0 0 0 0 0 0 0 0 19 0 0 0 0 0 0 0 0 0 0 0 0 0 0 0 0 0 0 0 2 3 0 0 2 0 7 12 0 0 0 0 0 0 0 0 0 10 0 0 0 0 0 0 0 0 0 0 0 0 22 20 17 0 0 0 0 0 0 0 1 0 0 0 0 
 21 234 184 126 65 72 42 33 459 579 112 73 109 33 273 367 0 342 56 43 0 0 0 0 2 2 5 5 1 2 0 0 3 5 2 0 2 0 4 0 1 0 5 0 2 3 0 0 0 3 2 1 0 1 1 3 0 1 0 0 0 0 0 0 0 18 0 0 3 0 0 2 3 0 0 0 0 0 3 0 0 15 11 18 16 0 1 1 13 46 17 13 0 2 0 0 13 96 0 0 0 0 0 0 0 0 0 0 0 0 0 0 11 0 0 1 28 0 0 0 0 0 0 0 0 0 0 0 0 0 0 0 0 0 0 0 0 0 2 0 0 23 0 0 0 0 3 0 0 0 0 0 0 0 0 0 0 0 0 0 0 16 21 19 0 18 0 0 34 25 30 8 1 0 0 1 27 7 0 0 0 0 0 0 0 0 0 0 2 0 0 0 0 2 0 1 0 0 0 0 0 35 0 0 0 0 0 0 0 0 0 0 0 0 0 0 2 0 0 0 0 0 0 1 0 0 0 0 0 0 0 0 0 0 0 0 0 0 0 0 0 0 0 0 0 3 84 0 1 0 1 5 8 0 0 0 0 0 0 0 0 0 18 0 0 1 0 0 0 0 0 0 0 0 0 1 26 10 0 0 0 0 0 0 0 0 0 0 0 0 
 30 41 313 415 252 47 259 20 206 278 302 78 35 37 42 385 342 0 45 29 0 0 0 3 2 6 3 2 2 0 2 0 3 2 2 0 0 0 3 36 0 0 5 0 0 8 0 0 0 2 0 0 0 2 2 2 0 2 3 0 0 0 42 52 0 9 0 0 2 2 2 5 3 0 0 0 0 2 0 0 6 1 29 33 32 0 11 0 19 37 53 15 6 0 1 0 5 39 0 0 0 0 0 0 0 0 1 0 0 0 0 0 0 0 0 0 0 0 0 9 0 1 0 0 0 2 0 0 1 0 0 0 0 0 9 0 0 0 4 0 59 0 2 0 1 0 0 0 0 0 2 2 0 0 0 0 0 0 0 0 0 1 0 35 11 25 2 0 0 14 24 29 0 0 0 0 42 0 0 0 1 0 0 0 0 0 0 0 0 0 0 0 0 0 1 0 0 0 0 0 0 0 0 0 0 0 0 12 0 0 0 0 0 0 2 0 0 0 0 0 0 0 0 0 0 1 0 0 0 0 0 0 0 0 0 1 2 0 0 0 0 4 0 0 0 4 192 0 3 170 0 0 86 0 0 0 0 0 0 0 0 0 14 0 0 0 0 0 0 0 0 0 0 0 0 19 16 10 0 0 0 0 0 0 0 0 0 0 0 0 
 39 45 29 92 62 45 284 144 61 78 42 27 698 85 59 57 56 45 0 179 4 1 0 0 2 3 3 0 0 6 0 0 5 2 2 0 0 0 3 0 0 0 2 0 0 3 0 0 0 8 0 2 0 0 0 3 0 0 0 0 0 0 0 0 0 3 0 0 3 3 0 2 3 0 0 0 2 0 0 0 13 0 2 0 0 0 87 19 0 0 1 0 15 48 0 0 0 0 24 48 0 14 0 0 0 0 0 0 0 0 0 0 0 0 0 0 0 0 0 0 0 0 2 0 0 0 0 0 0 0 0 0 0 0 0 0 0 2 0 0 0 0 0 0 0 0 0 0 0 0 0 2 0 0 2 0 9 0 0 0 4 2 0 0 0 0 10 0 5 0 0 8 23 12 10 0 0 0 19 35 0 0 0 0 0 0 0 0 0 0 0 7 0 0 0 0 0 0 0 0 0 0 0 0 0 0 9 0 0 0 0 0 0 0 0 0 0 0 0 2 0 0 0 0 0 0 0 0 0 2 0 0 0 0 0 6 0 0 0 0 0 0 0 0 0 0 0 0 0 1 0 23 0 0 0 0 0 0 0 0 0 0 0 0 0 0 2 0 0 0 0 0 0 0 0 0 0 0 0 0 0 0 0 0 0 0 0 0 0 0 
 214 149 136 53 81 40 203 359 151 61 59 29 266 332 169 136 43 29 179 0 0 3 4 0 0 3 6 1 2 0 0 4 3 2 5 0 0 0 3 0 0 0 2 0 0 3 0 0 0 5 1 2 0 0 5 7 4 0 0 0 0 0 0 0 3 6 0 0 3 0 2 5 5 0 0 0 0 2 2 0 42 5 5 15 0 0 52 26 6 11 15 1 22 31 23 20 31 0 18 27 0 0 0 0 0 0 0 0 0 0 0 0 0 0 0 0 0 0 0 0 0 0 0 0 0 0 0 0 0 0 0 0 0 0 0 0 0 0 0 0 0 0 0 0 0 0 0 0 0 0 0 0 0 15 0 0 0 0 11 0 24 10 18 9 0 0 18 1 7 16 9 0 2 15 43 18 11 5 0 0 0 0 0 0 0 0 0 0 0 0 0 0 0 0 0 0 0 0 0 0 0 0 0 0 0 0 0 0 0 0 0 0 0 0 0 0 0 9 0 0 0 0 0 0 0 0 0 0 0 0 0 0 0 0 0 0 0 0 0 0 0 0 0 0 0 0 0 1 0 2 0 0 0 0 0 0 0 0 0 0 0 0 0 0 0 1 0 0 0 0 0 0 0 0 0 18 0 0 0 0 0 0 0 0 0 0 0 0 0 0 
 0 0 2 0 0 0 0 0 0 0 0 0 4 0 18 0 0 0 4 0 0 83 82 47 52 21 414 369 26 236 30 20 270 60 281 30 30 37 52 201 0 3 4 2 0 3 0 0 0 63 0 3 0 0 0 1 3 2 0 0 3 0 0 2 52 0 52 0 1 0 0 3 0 3 0 0 3 0 1 0 0 0 0 0 0 0 0 0 0 0 0 0 0 0 0 0 0 0 0 0 36 62 17 0 0 0 0 37 35 12 21 0 0 14 36 31 56 17 0 6 0 0 0 0 0 0 0 0 0 0 0 0 0 0 0 0 0 0 0 0 0 0 1 0 0 2 0 0 0 0 4 0 0 0 0 0 0 0 0 3 0 0 0 0 0 0 0 2 4 6 0 0 0 0 0 4 0 0 0 0 42 24 15 0 0 0 10 51 21 0 3 0 1 19 82 1 23 0 0 18 0 0 0 0 0 0 0 0 0 0 0 0 0 0 0 0 0 0 0 0 0 0 11 0 0 0 0 0 0 0 0 0 0 0 5 0 0 0 0 0 0 0 0 0 0 0 0 0 0 0 0 0 0 0 5 0 0 0 0 0 1 2 0 0 0 0 0 0 0 0 0 0 0 0 0 0 0 0 0 0 0 0 0 0 0 0 0 0 0 0 
 0 1 2 2 0 0 0 0 0 0 0 3 0 41 3 0 0 0 1 3 83 0 301 268 31 57 77 428 569 71 33 37 20 52 341 274 269 35 70 84 0 0 3 2 0 3 0 0 0 0 0 3 0 0 0 1 3 2 0 0 3 0 0 2 0 0 1 0 2 0 0 0 0 3 0 0 0 0 5 0 0 0 0 0 0 0 0 0 1 0 0 0 0 1 0 0 0 0 1 0 14 38 42 18 0 1 0 13 58 19 37 23 4 3 12 43 34 9 0 0 0 0 0 0 0 0 0 15 0 21 0 0 0 0 0 0 0 0 0 2 0 2 0 0 0 0 13 0 0 2 0 0 0 0 0 0 0 0 0 0 0 0 0 0 0 0 0 1 9 5 0 0 0 0 0 0 5 15 3 0 13 36 17 10 0 0 0 1 38 31 11 0 0 0 24 29 25 29 0 0 0 0 0 0 0 0 0 0 0 0 0 0 0 0 2 8 1 2 0 0 0 0 0 0 0 0 0 0 0 0 0 0 0 1 0 0 0 0 0 7 0 0 2 0 0 0 0 0 0 0 0 0 0 2 7 1 0 0 1 0 11 0 0 0 0 0 10 0 0 0 0 0 0 0 0 0 0 21 0 0 0 0 0 0 0 0 0 0 0 0 
 2 21 0 0 2 1 0 0 0 0 0 2 0 2 3 0 0 0 0 4 82 301 0 148 40 40 45 201 236 342 123 38 57 59 149 171 497 280 34 54 0 1 67 2 1 3 0 0 0 28 0 3 0 0 0 1 5 2 0 3 3 0 0 2 0 0 1 0 5 0 0 0 0 3 0 0 0 0 14 0 0 0 0 0 0 0 0 0 0 0 0 0 0 0 0 0 0 0 0 0 0 2 17 25 0 0 0 0 8 35 35 45 0 1 0 38 4 17 0 0 0 0 0 0 0 0 0 0 0 0 0 0 9 0 0 0 0 0 21 0 0 0 10 0 0 0 0 0 0 4 0 0 0 0 0 0 1 0 0 0 0 0 4 0 0 0 0 0 15 0 0 0 0 0 0 0 9 0 4 0 0 35 13 52 15 3 0 0 12 58 49 18 0 0 13 49 14 51 0 0 0 0 0 0 0 0 0 0 0 0 0 0 17 0 0 0 10 0 0 0 0 0 0 0 0 0 0 0 0 0 0 0 0 0 0 0 0 0 0 0 0 0 21 0 0 0 0 0 0 0 0 0 0 0 6 0 0 5 75 1 2 50 0 0 0 0 2 0 0 0 0 0 0 0 0 0 0 0 0 0 0 13 0 0 0 0 9 0 0 0 
 0 25 2 16 2 0 0 0 5 0 0 0 0 0 0 0 0 3 0 0 47 268 148 0 137 44 64 71 387 428 238 622 286 57 71 50 343 360 84 77 0 0 3 2 0 3 4 0 0 0 0 3 17 0 0 1 3 2 0 0 3 0 0 3 0 0 1 0 0 0 0 0 0 3 0 0 0 0 1 0 0 0 0 0 0 0 0 0 0 0 0 0 0 0 9 0 0 0 0 0 0 0 0 22 60 12 0 0 0 13 1 31 0 0 0 1 0 11 1 0 0 0 0 0 0 0 1 0 1 0 0 0 14 18 0 0 0 0 24 0 0 0 0 0 0 0 0 0 0 0 0 0 0 0 0 0 0 0 0 0 0 0 7 0 0 0 0 0 0 0 0 0 0 0 0 0 0 0 6 0 0 0 0 42 50 40 0 0 1 19 38 45 19 0 0 5 0 13 0 0 0 0 0 0 0 0 0 0 0 0 0 0 0 0 0 0 0 0 2 0 0 0 0 0 0 0 0 0 0 0 0 0 0 0 0 0 0 0 0 0 0 0 16 0 0 0 0 0 0 0 0 0 0 0 3 0 2 77 43 0 4 13 0 0 0 0 12 0 0 0 0 0 0 0 0 0 2 0 0 0 0 34 0 0 0 0 11 0 0 0 
 1 2 0 0 0 0 0 0 2 0 0 0 0 0 1 1 2 2 2 0 52 31 40 137 0 590 55 304 98 127 129 365 293 95 82 63 68 54 276 276 0 0 3 2 1 3 0 0 56 0 1 3 0 0 0 1 3 2 1 0 3 0 0 42 0 0 1 5 0 2 0 0 0 3 0 0 0 0 0 0 0 0 0 0 9 0 0 0 0 0 0 0 0 0 0 0 0 0 0 0 0 0 0 3 50 66 0 0 0 0 0 2 0 0 0 0 0 0 0 0 0 0 0 0 0 0 26 0 0 0 0 0 49 36 0 0 0 0 56 25 1 0 0 0 0 0 0 0 8 0 0 0 0 3 4 1 0 0 0 0 6 0 0 0 0 0 1 0 0 0 0 15 0 0 0 0 0 0 0 0 0 0 0 0 26 38 0 0 0 0 1 12 0 2 0 0 0 0 0 0 19 0 0 0 0 0 20 3 0 0 0 0 32 2 0 1 0 0 32 60 1 0 0 0 0 0 0 0 0 0 2 2 0 0 0 2 0 15 3 0 0 0 0 0 0 0 0 0 0 0 0 0 0 0 6 1 0 13 2 3 0 0 0 0 0 0 0 0 0 0 0 0 0 0 0 0 0 0 0 0 0 6 0 0 0 0 0 0 0 0 
 3 2 4 4 5 4 3 3 5 3 3 3 3 3 3 9 2 6 3 3 21 57 40 44 590 0 23 41 56 68 281 278 35 275 252 271 57 64 61 265 0 0 3 6 0 3 0 0 0 0 0 3 5 0 0 1 27 2 188 61 3 0 0 11 0 50 1 11 0 0 0 0 0 3 0 0 0 0 0 0 0 0 0 0 0 20 0 0 0 0 0 0 0 0 0 0 0 0 0 0 0 0 0 0 0 54 0 0 0 0 0 0 0 0 2 0 0 0 0 0 2 0 0 9 0 0 56 0 0 0 0 0 42 48 8 0 0 0 29 50 0 0 0 0 0 0 0 0 22 0 0 3 0 7 0 0 0 0 0 0 0 0 0 0 0 0 0 0 0 0 0 0 0 0 0 0 0 0 1 0 0 0 0 0 1 27 0 0 0 0 0 0 0 0 0 0 0 2 0 2 2 0 0 0 0 1 47 15 0 0 0 0 51 29 11 0 2 2 55 47 0 0 5 0 0 2 0 0 0 0 0 0 0 0 0 0 0 0 0 0 0 0 0 0 0 2 0 0 0 0 0 0 0 0 11 5 0 0 0 0 2 1 0 0 0 0 0 0 0 0 0 0 0 0 0 0 0 0 0 0 0 0 0 0 0 0 0 0 0 0 
 3 3 5 3 4 3 3 3 8 3 3 3 3 3 6 3 5 3 3 6 414 77 45 64 55 23 0 159 257 336 41 27 458 788 52 20 41 36 60 269 0 1 3 2 0 2 0 61 0 0 0 3 0 0 0 2 3 2 0 0 3 3 4 2 4 0 2 0 0 0 0 7 0 3 0 1 0 1 0 0 0 0 0 0 0 0 0 0 0 0 12 0 0 0 0 0 0 0 0 0 33 10 0 0 0 0 0 37 2 10 1 1 0 42 34 0 20 26 18 4 0 0 0 0 0 0 0 2 0 0 0 2 0 0 22 0 0 0 0 0 0 0 3 0 20 5 1 0 0 0 17 0 0 0 0 0 0 0 0 0 0 0 0 0 0 1 0 1 0 0 2 0 0 0 0 0 2 0 0 0 47 10 33 0 0 0 39 78 2 0 14 0 19 53 29 12 39 0 0 61 0 0 0 0 0 0 0 0 0 0 1 0 0 0 0 0 0 0 0 14 0 0 0 0 2 0 0 0 0 0 0 0 0 0 0 0 0 0 0 0 0 0 0 0 0 0 0 0 0 0 0 2 0 0 6 20 1 0 0 0 1 0 0 0 0 0 0 0 0 0 0 0 0 0 0 0 0 0 0 0 0 0 0 0 0 0 0 0 0 0 
 1 0 82 0 3 0 0 1 3 0 0 0 0 0 4 0 5 2 0 1 369 428 201 71 304 41 159 0 177 59 31 38 371 319 219 210 43 255 66 79 0 0 3 2 2 5 0 0 0 0 0 3 0 0 0 1 3 2 0 0 3 0 1 2 0 0 2 0 39 0 2 6 0 9 0 2 0 3 8 0 2 0 0 0 0 0 0 0 0 0 0 0 0 0 0 0 0 0 0 0 25 42 40 0 0 0 0 27 45 21 32 0 0 9 49 23 73 35 0 0 0 0 0 0 0 0 0 0 0 0 0 0 0 11 0 0 0 0 0 0 0 0 0 0 0 0 0 0 0 0 0 0 0 0 0 0 0 0 0 0 0 0 1 0 0 0 2 4 0 9 0 0 12 14 0 0 2 9 0 0 32 103 55 0 0 0 0 65 36 9 1 1 0 2 111 25 29 14 16 1 0 0 0 0 0 0 0 0 0 13 0 0 0 0 0 0 0 0 0 0 0 0 6 0 0 6 0 0 0 0 2 2 0 0 0 9 0 0 0 0 0 0 0 0 0 0 0 0 0 0 0 0 0 0 5 0 2 0 19 2 13 0 0 0 0 0 0 0 0 0 0 0 0 0 0 0 0 0 0 0 0 1 0 0 0 0 0 0 0 0 
 0 27 2 0 2 0 0 0 2 1 0 0 23 0 2 1 1 2 0 2 26 569 236 387 98 56 257 177 0 438 51 64 71 83 370 277 247 360 56 79 2 0 3 4 3 4 2 0 0 0 65 6 3 2 0 2 66 2 2 0 7 0 0 11 4 0 2 40 7 0 5 0 0 3 1 5 0 3 9 2 0 0 0 0 0 0 0 0 0 0 0 15 0 0 0 1 0 0 0 0 1 0 35 60 0 0 0 1 4 38 23 32 0 0 4 14 27 19 0 0 0 0 0 0 0 3 0 0 0 0 0 0 0 0 0 0 0 0 0 0 0 0 0 0 0 0 0 0 0 5 0 0 0 0 0 0 0 0 0 0 0 0 5 0 0 0 3 0 0 4 0 0 12 2 0 0 6 7 9 0 0 28 31 47 0 0 0 0 27 60 25 17 0 0 14 65 11 60 0 0 0 0 0 0 0 0 0 0 0 3 0 0 0 0 0 0 0 0 8 0 0 0 0 0 0 0 16 0 0 0 0 0 0 0 0 8 0 0 0 0 0 0 50 0 0 0 0 0 1 0 0 0 0 0 22 0 1 9 2 0 15 11 0 0 0 1 4 0 0 0 0 3 0 17 0 0 0 0 0 0 0 40 0 0 0 0 4 0 0 0 
 0 17 2 0 2 0 2 0 5 0 0 0 0 0 0 0 2 0 6 0 236 71 342 428 127 68 336 59 438 0 414 281 114 291 91 467 522 184 282 99 0 0 3 2 0 3 0 0 0 0 0 3 0 1 1 1 3 2 0 0 3 0 0 2 0 0 0 0 9 0 0 1 50 50 0 0 0 0 0 0 0 0 0 2 0 0 0 0 0 0 0 0 0 0 0 0 10 0 0 0 0 0 1 26 11 0 0 0 7 15 24 48 7 0 1 0 0 13 0 0 1 0 9 0 0 1 0 1 0 0 0 0 1 0 0 0 0 0 21 0 0 0 0 0 0 0 0 0 0 4 0 8 0 0 0 10 0 0 0 0 0 0 5 0 0 0 0 0 3 0 2 0 0 0 0 1 4 0 6 0 0 1 0 46 21 9 0 0 3 55 61 39 0 0 0 14 0 38 0 0 0 0 0 0 0 11 0 0 0 0 0 0 0 0 14 0 0 0 0 0 0 0 0 0 2 0 0 0 0 0 0 0 0 0 0 0 13 0 0 0 0 0 17 0 0 70 0 0 0 2 0 0 0 0 0 1 3 153 152 2 2 15 0 0 0 0 11 0 0 0 0 0 0 0 2 0 0 0 0 0 0 12 0 0 0 0 11 0 0 0 
 3 24 1 0 0 0 0 2 0 0 2 0 1 0 0 4 0 2 0 0 30 33 123 238 129 281 41 31 51 414 0 357 39 55 50 73 173 401 65 58 0 0 2 2 0 3 0 0 2 1 0 65 0 65 0 0 3 2 0 0 3 0 0 3 0 0 0 0 0 0 0 0 0 3 0 0 0 0 0 0 0 0 0 0 0 0 0 0 0 0 0 0 0 0 0 0 23 0 0 0 0 0 0 13 53 12 9 0 0 20 0 46 0 0 0 0 0 10 0 0 0 0 0 0 0 0 2 0 0 0 0 0 24 0 0 0 4 0 45 0 0 0 0 0 0 2 0 0 14 0 0 0 0 0 0 0 0 0 0 0 0 2 4 0 0 0 0 0 0 0 0 0 0 0 0 0 0 0 6 0 0 0 1 46 55 32 19 0 0 8 54 56 11 0 0 0 0 13 0 0 0 0 0 0 0 0 0 0 0 0 0 0 0 0 0 0 0 0 1 1 0 0 0 0 0 0 0 0 0 0 0 0 0 0 0 0 0 0 0 0 0 0 18 0 0 0 0 0 0 0 0 0 0 0 10 0 0 47 83 1 2 12 0 0 0 0 0 0 0 0 0 0 0 0 0 0 0 0 0 0 0 31 0 0 0 0 10 0 0 0 
 0 1 3 0 5 0 0 0 2 0 1 0 0 0 0 1 0 0 0 4 20 37 38 622 365 278 27 38 64 281 357 0 46 30 41 267 56 82 126 49 0 0 3 2 0 2 0 0 0 0 0 3 3 0 0 2 3 2 0 3 3 0 0 2 0 0 2 5 0 0 0 0 0 3 0 1 0 1 0 0 0 0 0 0 0 0 0 0 12 0 0 0 0 0 0 0 0 0 0 5 0 0 0 2 59 46 0 0 0 0 9 19 0 0 0 0 0 0 0 0 0 0 1 0 0 0 21 0 0 0 0 0 54 0 1 0 0 0 75 0 0 0 0 0 0 0 0 0 0 1 0 0 0 0 0 0 0 0 8 0 0 0 0 0 0 0 0 0 0 0 0 0 0 0 0 0 0 0 0 0 0 0 0 1 45 73 0 0 0 1 29 35 0 0 0 0 0 10 0 0 0 0 0 0 0 0 42 0 0 0 0 0 15 0 0 0 0 0 64 0 0 0 0 0 0 0 0 0 0 0 0 0 0 0 0 0 0 0 0 0 0 0 0 0 0 0 0 0 0 0 0 0 0 0 7 2 0 154 148 0 0 0 0 0 0 0 0 0 0 0 0 0 0 0 0 0 0 0 0 0 0 18 0 0 0 0 14 0 0 0 
 3 3 5 4 6 5 3 5 3 3 3 3 3 3 3 4 3 3 5 3 270 20 57 286 293 35 458 371 71 114 39 46 0 185 40 24 19 43 428 245 0 1 3 2 0 3 0 0 0 0 0 3 0 0 0 1 3 2 0 0 3 0 0 2 3 0 0 0 0 0 0 2 0 3 0 0 0 0 0 0 0 8 0 0 0 0 0 0 0 0 0 0 2 0 0 0 0 0 2 0 18 18 0 0 0 0 31 24 11 0 0 0 15 54 8 2 22 2 22 23 0 0 0 0 0 0 0 0 0 0 0 0 0 0 0 0 0 0 0 0 0 0 4 0 0 13 0 0 0 0 10 0 12 0 0 0 0 0 0 3 0 0 0 0 1 11 0 0 0 0 0 0 0 0 0 0 0 0 0 0 48 0 10 0 0 0 56 29 1 0 0 0 22 50 0 15 5 0 24 51 0 0 0 0 0 0 0 0 0 0 0 0 0 0 2 0 0 0 0 5 0 0 0 0 0 0 0 0 0 0 0 0 0 0 0 0 0 0 0 0 0 0 0 0 0 2 0 0 0 0 0 0 0 0 6 0 0 0 0 0 2 0 0 0 0 0 0 0 0 0 0 0 0 0 0 0 0 0 0 0 0 0 0 1 0 0 0 0 0 0 
 2 2 4 2 2 3 2 2 3 2 2 2 2 2 5 2 5 2 2 2 60 52 59 57 95 275 788 319 83 291 55 30 185 0 265 72 33 38 107 256 0 2 3 2 0 3 0 0 0 0 0 65 0 0 0 1 3 2 0 0 3 0 0 2 54 4 14 0 1 3 0 3 0 3 0 0 0 0 2 0 2 0 0 0 0 0 0 0 0 0 0 0 0 0 1 0 0 0 0 0 29 39 23 14 0 0 0 24 21 14 12 0 0 21 23 21 46 26 0 6 0 0 0 0 2 0 0 0 0 0 0 0 0 2 0 0 0 2 0 0 0 0 5 0 0 2 0 0 0 0 2 0 0 0 0 0 0 0 0 0 0 0 0 0 0 0 2 0 0 0 0 0 0 0 0 0 0 0 0 0 23 22 15 0 0 0 1 21 17 14 0 0 0 19 30 1 29 0 0 1 0 0 0 0 0 0 0 0 0 0 0 0 0 0 0 0 0 0 0 0 0 0 0 0 0 0 0 0 0 0 0 0 0 0 0 0 0 0 0 0 0 0 0 0 0 0 0 0 0 0 0 0 0 0 11 0 3 0 0 0 1 0 0 0 0 54 0 0 0 0 0 0 0 0 0 0 0 0 0 0 0 0 0 0 0 0 0 0 0 0 
 5 3 2 2 2 2 2 2 4 2 2 2 2 2 2 2 2 2 2 5 281 341 149 71 82 252 52 219 370 91 50 41 40 265 0 177 335 41 152 120 0 0 65 2 0 3 0 0 1 0 0 3 0 0 0 1 3 30 1 0 3 0 0 2 0 0 1 65 2 0 0 0 0 3 0 0 0 0 10 0 0 0 0 1 0 0 0 0 0 9 0 0 0 0 0 0 1 0 0 0 29 45 47 0 0 0 0 28 79 30 28 0 0 10 21 49 46 57 0 0 2 0 0 0 0 0 0 0 0 0 0 0 0 0 0 0 10 0 0 0 0 0 0 0 0 0 0 0 0 9 0 0 0 0 0 0 0 0 0 2 0 0 1 0 0 0 0 5 0 22 0 0 0 0 0 2 2 7 2 0 18 57 64 0 0 0 0 39 28 18 14 1 0 0 67 30 47 37 0 2 0 0 0 0 0 0 0 0 0 0 0 0 0 0 0 18 0 0 0 0 0 0 2 0 0 2 0 0 0 0 0 0 0 0 0 0 0 0 0 0 0 0 0 0 0 2 0 0 0 0 0 0 0 0 17 0 0 0 0 0 13 0 0 0 0 0 12 0 0 0 0 0 0 0 0 0 0 0 0 0 0 1 0 0 0 0 0 0 0 0 
 0 2 73 0 5 1 0 0 0 0 0 0 0 0 0 0 0 0 0 0 30 274 171 50 63 271 20 210 277 467 73 267 24 72 177 0 314 187 33 66 0 0 2 2 0 3 0 0 1 1 0 3 0 4 4 0 3 6 0 0 3 0 0 3 0 0 48 0 9 4 0 0 0 3 0 0 0 4 4 0 0 0 0 0 0 0 0 0 0 0 0 0 0 0 0 2 0 0 0 0 1 27 16 8 14 0 0 0 22 31 16 35 0 0 1 55 29 27 0 0 0 0 0 0 0 4 0 0 0 0 0 0 0 0 0 0 0 0 2 0 0 0 0 0 0 0 0 0 0 4 0 0 0 14 0 0 0 0 0 0 0 0 0 0 0 0 0 44 0 3 0 0 0 0 0 0 25 3 1 0 31 46 29 36 0 0 0 0 15 38 40 9 0 1 32 57 17 42 0 0 0 17 0 0 0 0 0 0 0 0 0 0 0 0 0 0 0 0 0 0 0 0 0 0 0 0 0 0 0 0 0 0 0 0 0 0 0 0 0 0 0 0 20 0 0 0 0 0 0 0 0 0 0 0 10 0 2 4 1 0 8 11 0 0 0 62 9 0 0 0 0 0 0 0 0 0 1 0 0 0 0 24 0 0 0 0 0 0 0 6 
 0 34 0 0 77 0 0 0 4 0 0 4 0 0 0 2 2 0 0 0 30 269 497 343 68 57 41 43 247 522 173 56 19 33 335 314 0 332 30 24 0 0 3 2 0 3 0 0 0 0 0 3 0 0 0 1 3 2 0 0 3 0 0 2 0 0 0 0 3 0 0 0 0 3 0 0 0 0 1 0 0 0 0 0 0 0 0 0 0 0 0 0 0 0 0 0 0 0 0 0 0 0 22 63 0 0 0 0 10 26 21 95 0 0 17 10 22 19 0 0 0 0 0 0 0 0 0 9 0 0 0 0 1 0 0 0 0 0 6 0 0 0 0 0 0 0 0 0 0 2 0 0 0 0 0 0 0 0 0 0 0 0 2 0 0 0 0 0 0 2 0 0 0 0 11 0 17 2 4 0 2 26 22 47 11 0 0 0 22 44 43 39 0 0 16 28 20 27 0 0 0 0 0 0 0 0 0 0 0 0 0 10 0 0 0 0 0 0 0 0 0 0 0 0 0 0 0 0 0 0 0 0 0 0 0 0 0 0 0 0 0 0 20 0 0 0 0 0 0 0 0 0 0 0 21 0 1 77 0 2 9 13 0 0 0 0 22 0 0 0 0 0 0 0 0 0 0 0 0 0 0 24 0 0 0 0 0 0 0 0 
 3 22 2 0 2 0 0 77 8 0 1 4 0 0 3 75 0 0 0 0 37 35 280 360 54 64 36 255 360 184 401 82 43 38 41 187 332 0 40 36 0 0 3 2 0 3 0 0 0 0 0 4 0 0 0 1 3 2 0 0 3 2 0 2 15 0 1 0 1 0 0 23 0 4 0 0 0 0 0 0 0 0 1 1 0 0 0 0 0 0 0 0 0 0 0 0 0 0 0 0 0 0 1 77 32 0 25 0 9 25 24 113 0 0 0 1 0 20 0 0 0 0 0 0 0 0 0 0 0 0 0 0 1 0 0 2 0 0 15 0 11 0 0 0 0 0 0 0 0 4 0 0 0 0 0 0 0 0 0 0 0 0 3 0 0 0 0 0 0 0 0 0 0 0 0 0 2 0 4 0 0 0 0 89 31 10 0 0 0 36 48 58 0 0 2 13 0 36 0 0 0 13 0 0 0 0 0 0 0 0 0 1 0 2 0 0 0 0 2 0 0 0 0 0 0 0 0 0 0 0 0 0 0 0 0 0 0 0 0 0 0 46 7 0 0 0 0 0 0 0 0 0 0 0 12 3 2 158 142 0 6 8 0 0 0 0 30 0 0 0 0 0 0 0 0 0 0 13 0 0 0 43 0 0 0 0 12 0 0 0 
 0 3 2 3 5 309 3 3 1 3 3 0 3 3 0 3 4 3 3 3 52 70 34 84 276 61 60 66 56 282 65 126 428 107 152 33 30 40 0 235 0 63 3 2 0 7 0 0 0 0 0 3 3 3 0 1 6 2 0 0 3 1 0 5 5 0 1 0 0 3 0 0 3 3 0 0 0 2 2 0 0 0 0 2 0 1 0 0 0 0 0 1 0 0 0 0 1 0 0 0 0 0 0 0 0 0 43 26 0 0 0 0 58 46 1 0 1 0 40 31 1 0 0 0 0 0 0 0 0 0 0 10 0 0 0 0 10 0 0 0 17 0 2 8 0 0 0 0 0 0 1 0 0 0 0 0 0 0 0 17 0 0 0 0 14 18 0 0 0 0 0 0 0 0 0 1 0 0 1 0 17 0 0 0 0 0 35 0 0 0 0 0 40 20 0 11 0 3 41 93 0 0 0 0 0 2 0 0 0 0 0 0 0 0 0 0 0 0 0 0 0 0 0 0 0 0 0 0 0 0 0 0 0 0 0 0 0 0 0 0 0 0 0 0 0 0 0 0 0 0 0 0 0 0 10 0 0 0 0 3 2 0 0 0 0 0 0 0 0 0 0 0 0 0 0 0 0 0 0 0 0 0 0 0 0 0 0 0 0 0 
 0 2 0 0 0 0 0 203 3 0 0 0 0 0 0 2 0 36 0 0 201 84 54 77 276 265 269 79 79 99 58 49 245 256 120 66 24 36 235 0 0 1 2 2 0 6 0 0 0 1 0 3 0 0 0 0 3 2 1 0 3 0 1 2 2 0 0 0 0 0 2 6 0 3 0 0 0 0 0 0 0 0 0 0 0 0 0 0 0 0 0 0 20 0 0 0 0 0 0 0 72 35 0 0 0 0 13 21 0 9 13 0 0 37 5 0 21 31 15 27 0 0 0 0 0 4 0 0 0 6 0 0 0 0 0 18 0 0 0 0 0 0 3 0 0 7 0 0 0 3 21 18 0 0 0 0 0 0 0 0 0 0 0 0 0 9 0 0 0 0 0 0 0 0 0 0 0 0 0 0 55 9 38 0 0 0 48 120 0 0 0 0 19 84 12 13 26 0 6 50 0 0 0 0 0 0 0 0 12 0 0 0 0 0 0 0 0 0 0 0 0 0 0 0 0 0 0 0 0 0 0 0 0 0 0 0 0 0 0 0 0 0 0 0 0 0 0 2 0 0 0 0 0 0 6 2 2 0 0 3 0 3 32 0 0 0 0 0 0 0 0 0 0 0 0 0 0 0 0 0 0 0 0 0 0 0 0 0 0 0 
 0 0 0 0 0 0 0 0 5 0 0 1 0 0 0 0 1 0 0 0 0 0 0 0 0 0 0 0 2 0 0 0 0 0 0 0 0 0 0 0 0 312 84 283 59 49 338 216 61 37 31 468 488 168 245 260 48 42 47 54 0 0 3 0 0 46 0 0 0 0 0 0 0 0 0 0 0 0 0 0 0 0 0 0 0 0 0 0 0 0 0 0 0 0 0 0 0 0 0 0 0 0 0 0 0 0 0 0 0 0 0 0 0 0 0 0 0 0 0 0 24 15 22 0 0 0 0 53 26 32 0 0 1 0 24 34 19 0 0 0 0 0 0 0 1 0 0 0 0 0 0 0 0 0 0 6 1 0 0 0 0 0 0 0 7 0 0 0 0 0 0 0 0 0 0 0 0 0 0 0 0 0 0 0 0 0 0 0 0 0 0 0 0 0 0 0 0 0 0 0 0 25 18 20 0 0 18 24 45 19 0 0 0 8 22 17 18 1 0 0 0 0 0 0 0 0 0 0 0 22 0 0 0 0 0 0 0 0 0 0 0 0 0 0 0 0 0 0 0 0 0 10 0 0 0 0 0 0 1 0 0 0 0 1 0 0 4 0 2 13 1 0 0 0 0 0 0 0 0 0 0 0 0 0 0 15 0 0 1 0 
 0 0 0 0 66 43 0 0 0 0 0 3 0 0 64 0 0 0 0 0 3 0 1 0 0 0 1 0 0 0 0 0 1 2 0 0 0 0 63 1 312 0 242 63 34 20 90 244 251 47 33 53 45 46 173 177 89 74 67 252 0 2 0 0 0 0 0 0 0 0 0 0 0 0 0 0 0 0 0 0 0 0 0 0 0 31 0 0 0 0 0 16 0 0 0 0 0 0 0 0 0 0 13 0 0 0 49 0 0 0 0 0 25 0 0 0 0 0 12 0 1 0 18 9 9 0 0 9 12 11 20 8 0 0 3 10 9 34 0 0 3 0 0 0 0 0 0 9 0 0 1 0 0 0 20 0 0 0 0 4 0 0 0 0 11 0 0 0 0 0 0 0 0 0 0 0 0 0 0 0 0 0 0 0 0 0 2 0 0 0 0 11 8 0 0 0 0 0 23 0 0 0 17 27 46 0 0 0 4 17 7 15 0 0 0 25 14 15 0 0 0 0 0 0 0 0 0 0 0 0 0 0 0 0 0 0 0 0 0 0 0 0 19 0 0 0 0 0 0 0 0 6 0 0 0 0 0 0 1 0 0 0 0 0 0 15 0 0 1 0 0 0 0 0 0 0 0 0 0 0 0 0 0 0 0 68 0 0 1 0 
 2 27 2 2 4 2 2 6 7 3 2 2 2 2 6 7 5 5 2 2 4 3 67 3 3 3 3 3 3 3 2 3 3 3 65 2 3 3 3 2 84 242 0 104 48 42 126 198 199 270 484 31 74 277 53 174 201 455 38 53 2 0 0 0 2 0 0 0 0 0 0 0 0 206 0 0 0 0 0 1 0 0 5 4 0 0 0 4 0 0 0 0 0 0 0 17 2 19 0 0 0 0 0 0 0 0 0 0 0 0 0 0 0 0 0 0 0 0 0 0 0 16 14 30 87 0 0 0 14 41 32 23 0 0 0 18 21 43 0 0 0 0 0 0 5 0 0 0 0 0 0 0 0 0 0 1 21 0 0 0 0 6 17 0 1 0 0 0 10 2 3 0 0 0 0 0 0 5 0 0 0 0 0 0 0 0 0 0 0 0 0 0 0 0 0 0 0 0 0 0 0 0 11 12 10 10 0 1 12 33 37 43 0 0 16 22 38 41 0 0 0 0 0 0 0 0 0 4 0 3 0 0 1 0 0 0 0 0 0 0 0 0 9 0 0 0 0 0 0 25 0 0 0 1 0 0 0 0 2 21 0 0 5 1 2 20 0 1 0 0 12 0 0 0 0 0 0 0 0 0 0 0 0 0 12 0 0 0 1 0 
 2 0 0 0 0 0 0 0 0 0 0 0 0 0 0 0 0 0 0 0 2 2 2 2 2 6 2 2 4 2 2 2 2 2 2 2 2 2 2 2 283 63 104 0 76 50 309 66 108 533 159 254 271 66 53 282 168 211 79 68 10 0 0 0 0 60 0 0 0 0 0 0 0 0 0 9 0 1 0 56 0 0 0 0 0 0 0 0 0 0 0 0 0 0 0 0 0 0 0 0 0 0 0 0 0 0 0 0 0 0 0 0 0 0 0 0 0 0 0 0 1 0 0 12 24 24 0 4 0 4 32 16 0 0 2 0 0 7 0 6 0 0 0 0 0 0 0 6 0 0 0 0 15 1 0 0 0 0 0 1 0 0 0 0 0 0 0 0 0 0 0 0 0 0 0 0 0 13 0 0 0 0 0 0 0 0 0 0 0 0 0 0 0 0 0 0 0 0 0 0 1 1 0 1 30 64 1 0 0 2 8 3 0 7 12 0 0 1 0 0 0 0 0 0 0 0 13 0 0 0 0 0 0 0 1 0 0 0 0 0 0 0 0 0 0 0 0 0 18 0 0 0 0 0 0 0 0 0 0 18 0 0 57 34 0 0 0 44 0 0 0 0 0 0 0 0 0 0 0 0 0 0 0 0 0 0 0 0 1 0 
 0 0 0 0 0 0 0 0 4 0 0 3 0 0 0 4 2 0 0 0 0 0 1 0 1 0 0 2 3 0 0 0 0 0 0 0 0 0 0 0 59 34 48 76 0 434 46 85 302 50 177 612 100 77 61 97 269 31 81 85 3 51 0 1 0 55 0 0 0 0 0 0 0 37 3 1 2 0 2 0 0 0 0 0 0 0 0 0 0 0 0 0 0 0 0 0 0 0 0 0 0 4 0 0 0 0 0 0 0 0 0 0 0 0 0 0 0 0 0 0 0 0 0 1 17 23 0 0 0 0 0 7 0 0 0 0 0 0 0 0 19 1 0 0 0 0 19 5 0 0 0 0 28 0 20 0 0 0 41 15 0 0 0 0 0 0 0 0 0 0 0 0 0 0 0 0 0 0 0 0 0 0 0 0 0 0 0 0 0 0 0 0 0 0 11 0 0 0 0 0 0 0 1 0 22 0 0 0 0 0 0 0 0 0 0 0 0 0 0 0 0 0 0 0 0 0 25 0 0 0 0 0 15 0 12 0 0 0 23 33 0 0 0 0 0 0 0 0 0 0 0 18 0 0 0 0 0 0 1 4 0 0 1 4 0 7 1 2 0 0 0 0 0 0 0 0 0 0 0 0 0 0 0 0 0 0 0 0 1 0 
 3 3 3 3 4 3 3 3 6 3 3 3 3 3 3 9 3 8 3 3 3 3 3 3 3 3 2 5 4 3 3 2 3 3 3 3 3 3 7 6 49 20 42 50 434 0 38 38 46 37 88 65 57 68 38 79 68 47 58 61 12 31 0 0 0 1 55 0 0 2 0 0 6 6 0 0 5 6 104 6 0 0 0 0 0 0 0 20 0 0 0 0 0 0 0 0 0 0 0 0 0 0 0 0 0 0 0 0 0 0 0 0 0 0 0 0 0 0 0 0 0 0 0 6 1 18 0 0 0 7 1 0 0 0 0 0 0 0 0 0 13 12 0 0 0 0 16 10 0 0 0 0 23 45 23 5 6 4 15 46 0 0 0 0 0 0 0 0 0 0 0 0 0 0 0 0 1 0 0 0 0 0 0 0 0 0 0 0 0 0 0 0 0 0 0 0 22 0 0 0 0 0 0 0 0 0 0 0 0 0 0 0 0 0 0 0 0 0 0 0 10 0 5 0 0 0 29 5 0 30 4 0 28 16 15 0 2 1 69 43 0 0 0 0 0 0 0 0 0 0 0 11 0 0 0 0 0 0 0 1 0 0 0 0 0 1 4 0 0 0 0 0 0 0 0 0 0 0 0 0 0 0 0 0 0 0 0 0 0 0 
 2 0 0 0 0 0 0 0 0 0 0 0 0 0 0 0 0 0 0 0 0 0 0 4 0 0 0 0 2 0 0 0 0 0 0 0 0 0 0 0 338 90 126 309 46 38 0 120 43 39 35 282 548 345 48 251 34 40 315 280 0 0 15 2 4 3 0 0 0 1 1 0 0 0 0 51 0 2 0 0 0 0 0 0 0 0 0 0 0 0 0 0 0 0 0 0 0 0 0 0 12 0 0 0 0 0 0 0 0 0 0 0 0 0 0 22 0 0 0 0 109 16 1 0 0 0 0 21 45 36 0 0 0 40 24 11 1 0 0 7 0 0 0 0 1 3 0 0 0 0 0 0 0 0 0 0 0 10 0 0 0 0 0 0 0 0 0 0 0 0 0 0 0 0 0 0 0 0 0 0 0 0 0 0 0 0 0 0 0 22 9 0 0 0 0 0 0 0 0 0 37 27 4 0 0 0 20 20 13 0 0 0 0 18 20 2 1 0 0 18 0 0 0 0 0 2 0 0 0 0 29 5 0 0 0 0 0 0 0 0 0 0 0 0 0 0 0 0 0 18 0 13 0 2 0 0 0 0 1 2 0 0 0 0 0 0 2 0 0 0 0 0 0 0 0 1 0 0 0 0 0 0 0 0 0 0 0 0 2 0 
 0 0 0 0 0 0 0 0 65 0 0 0 73 0 0 0 0 0 0 0 0 0 0 0 0 0 61 0 0 0 0 0 0 0 0 0 0 0 0 0 216 244 198 66 85 38 120 0 532 56 29 34 153 229 65 84 279 128 287 49 0 0 0 0 0 0 0 0 0 0 0 0 0 0 0 0 0 0 0 0 0 0 0 0 0 0 0 0 0 0 0 0 0 0 0 0 0 0 0 0 0 0 0 0 0 0 0 0 0 0 0 0 0 0 0 0 0 0 0 0 39 8 34 0 0 0 0 14 35 30 0 0 0 0 28 27 24 19 0 1 1 0 0 0 4 0 0 0 0 0 0 0 0 0 0 0 0 0 0 0 0 0 0 0 7 0 0 0 0 0 0 0 0 0 13 0 0 0 0 0 0 0 0 0 0 0 0 0 0 0 0 0 0 0 0 0 0 0 0 0 0 0 21 6 2 0 0 18 34 6 1 0 0 8 10 23 15 29 0 8 0 0 0 0 0 0 0 0 0 0 0 0 0 0 0 0 0 0 0 0 0 0 11 0 0 0 0 0 0 0 0 14 0 2 0 11 0 0 1 0 0 0 2 0 0 24 0 0 0 0 0 0 0 0 0 0 0 0 0 0 0 0 0 0 0 13 0 14 2 0 
 0 0 0 1 0 0 0 0 3 0 0 0 0 48 3 0 0 0 0 0 0 0 0 0 56 0 0 0 0 0 2 0 0 0 1 1 0 0 0 0 61 251 199 108 302 46 43 532 0 215 35 35 109 84 132 182 254 206 102 261 6 0 0 0 0 0 0 0 0 1 0 0 0 1 0 0 0 58 0 0 0 0 0 0 0 0 0 0 0 0 0 7 0 0 0 0 9 0 0 0 0 0 0 29 0 0 0 0 0 0 0 0 0 0 0 0 0 0 0 0 3 11 29 40 33 0 0 4 13 8 32 22 0 0 3 14 28 43 0 0 0 0 0 0 26 0 0 0 0 0 0 0 0 0 0 2 0 0 0 0 0 0 0 0 6 0 0 0 0 0 0 4 0 0 0 0 0 0 0 0 0 0 0 0 0 0 0 0 0 0 0 0 0 0 0 0 0 0 0 5 0 6 28 14 10 20 0 0 9 71 19 28 0 0 0 10 21 23 0 0 0 0 0 0 0 0 0 0 0 0 0 0 0 0 0 0 0 0 0 0 0 0 8 0 0 0 2 0 0 0 0 11 0 0 0 4 0 0 0 1 0 0 5 2 0 7 2 1 0 0 21 2 0 0 0 0 0 0 0 0 0 0 0 0 14 9 0 0 2 0 
 3 3 3 2 2 2 2 2 3 2 3 2 3 2 3 3 3 2 8 5 63 0 28 0 0 0 0 0 0 0 1 0 0 0 0 1 0 0 0 1 37 47 270 533 50 37 39 56 215 0 198 116 136 97 63 519 163 110 95 78 6 0 0 0 0 3 0 0 0 0 0 0 0 1 0 41 0 0 0 0 0 0 0 0 0 0 0 0 0 0 0 0 0 0 0 0 0 0 1 1 0 16 0 0 0 0 0 0 0 0 0 0 0 0 0 0 0 0 0 0 0 0 20 33 22 1 0 0 0 9 36 19 0 0 0 11 0 23 0 0 0 0 0 0 1 0 0 6 0 0 0 0 0 0 0 0 0 0 0 0 0 0 0 0 0 0 1 1 0 0 0 0 9 0 0 0 0 0 3 5 0 0 0 0 0 0 0 0 0 0 0 0 0 0 0 0 0 0 0 0 0 0 0 15 42 38 0 0 0 26 31 28 0 0 0 2 7 10 0 0 0 0 0 0 0 0 0 0 0 0 0 0 0 0 0 0 0 0 0 17 0 0 0 0 0 0 0 0 0 0 0 11 0 0 0 0 0 0 0 18 0 60 64 64 0 2 0 86 2 0 10 0 0 0 0 0 0 0 0 0 0 0 0 0 64 0 0 0 0 0 
 0 0 0 0 2 0 0 0 0 0 0 0 79 0 0 0 2 0 0 1 0 0 0 0 1 0 0 0 65 0 0 0 0 0 0 0 0 0 0 0 31 33 484 159 177 88 35 29 35 198 0 147 54 43 74 99 179 276 247 59 4 0 53 0 0 50 0 0 0 0 0 0 0 210 0 35 0 0 0 0 0 0 0 0 0 0 0 0 0 0 0 0 0 0 0 0 0 0 0 0 0 0 0 0 0 0 0 0 0 0 0 0 0 0 0 0 0 0 0 0 0 0 0 8 23 25 0 0 0 0 32 18 0 0 0 0 0 1 0 0 0 0 0 0 0 0 1 6 0 0 0 0 8 0 0 0 0 0 23 10 0 0 0 0 0 0 0 0 0 0 0 0 0 0 0 0 0 0 0 0 0 0 0 0 0 0 0 0 0 0 0 0 0 0 0 0 0 0 0 0 0 0 0 0 36 44 0 0 0 0 0 0 0 0 0 0 0 1 0 0 0 0 0 0 0 0 3 0 0 0 11 0 0 0 1 0 0 0 0 0 0 0 0 0 0 0 0 0 0 0 0 5 0 0 0 0 0 0 0 19 0 0 55 34 2 3 1 78 0 0 0 9 51 0 0 0 0 0 0 0 0 0 0 0 0 0 0 0 2 1 
 1 0 0 2 0 1 66 2 0 0 2 0 1 1 5 2 1 0 2 2 3 3 3 3 3 3 3 3 6 3 65 3 3 65 3 3 3 4 3 3 468 53 31 254 612 65 282 34 35 116 147 0 251 24 47 41 287 69 24 25 18 23 0 0 0 0 3 210 0 0 0 0 20 13 0 3 0 0 5 12 0 0 0 0 0 0 0 0 0 0 0 0 0 0 0 0 0 0 0 0 0 0 0 1 0 0 13 0 0 0 0 0 0 0 0 0 0 0 0 0 0 0 0 0 29 22 0 0 1 0 13 0 0 0 0 0 0 0 0 0 2 0 0 11 0 0 2 14 0 1 0 0 6 33 0 0 3 0 10 21 0 0 0 0 0 0 0 0 0 0 0 0 0 0 0 0 0 0 0 0 0 0 0 0 7 0 0 0 0 0 0 0 5 0 0 0 0 0 0 0 0 0 0 0 25 36 0 0 0 0 3 0 0 0 0 0 0 1 0 0 5 0 1 0 0 0 20 2 0 7 1 0 0 3 0 0 0 2 18 0 0 0 1 0 0 0 0 0 0 2 0 4 0 0 0 0 0 0 0 1 0 0 68 4 0 4 2 66 4 0 0 0 0 0 0 0 0 0 0 0 0 0 0 0 0 0 0 0 2 0 
 0 0 0 0 0 0 0 0 0 0 0 0 0 0 1 0 0 0 0 0 0 0 0 17 0 5 0 0 3 0 0 3 0 0 0 0 0 0 3 0 488 45 74 271 100 57 548 153 109 136 54 251 0 128 38 40 247 32 338 130 0 6 14 3 0 2 0 1 0 4 5 1 0 0 2 0 1 3 0 0 0 0 0 0 0 0 0 0 0 0 0 0 0 0 0 0 0 0 0 0 0 0 0 0 0 0 0 0 0 0 0 0 0 0 0 0 0 0 0 0 18 7 0 0 0 0 14 21 1 0 0 0 27 30 22 0 0 0 0 4 0 0 0 0 3 3 0 0 1 0 0 0 0 3 0 0 0 0 0 0 0 0 0 0 0 0 0 0 0 0 0 0 0 0 0 0 0 0 0 0 0 0 0 0 0 0 0 0 0 0 0 0 0 0 0 0 4 0 0 0 36 18 7 12 0 0 31 8 1 0 0 0 1 21 23 10 0 0 0 20 0 0 0 48 0 11 0 0 0 0 0 5 0 0 0 0 0 0 0 4 0 0 0 0 0 0 0 0 0 0 0 6 0 2 0 0 0 0 1 0 0 0 0 0 2 0 0 0 0 0 0 0 0 0 0 5 0 0 0 0 0 0 0 0 0 0 0 0 0 0 
 1 0 0 0 0 0 0 0 0 0 0 2 0 0 1 0 1 2 0 0 0 0 0 0 0 0 0 0 2 1 65 0 0 0 0 4 0 0 3 0 168 46 277 66 77 68 345 229 84 97 43 24 128 0 332 38 37 25 175 75 0 0 5 0 3 0 0 0 0 0 0 0 0 0 2 0 0 0 0 0 0 0 0 0 0 0 0 0 0 0 0 0 0 0 0 5 25 0 0 0 0 0 0 0 0 0 0 0 0 0 0 0 0 0 0 0 0 0 0 0 28 21 22 4 1 0 0 37 30 35 22 1 0 0 20 20 27 6 0 0 0 0 0 0 0 0 0 0 0 0 0 0 0 0 0 21 0 0 0 0 0 0 0 0 7 0 0 0 0 0 0 0 0 0 0 0 0 0 0 0 0 0 0 0 2 0 0 0 0 0 0 0 0 7 0 0 0 0 0 0 0 31 40 33 0 0 16 21 28 18 8 0 0 8 16 23 9 3 0 6 0 0 0 0 0 0 0 18 0 0 11 19 0 0 0 0 0 0 0 0 0 0 0 0 0 0 0 0 0 0 0 8 1 0 0 0 0 0 2 0 0 0 0 0 0 1 2 0 0 0 0 0 0 0 0 0 0 0 0 0 0 0 1 0 5 15 0 0 0 0 
 5 0 0 0 2 0 6 0 0 0 0 0 25 9 0 0 1 2 0 5 0 0 0 0 0 0 0 0 0 1 0 0 0 0 0 4 0 0 0 0 245 173 53 53 61 38 48 65 132 63 74 47 38 332 0 70 43 331 91 88 54 0 0 0 0 0 0 0 0 0 0 0 0 0 0 0 0 0 0 0 22 6 0 0 0 0 8 1 0 0 19 0 3 19 5 0 1 0 9 1 0 0 19 0 0 0 4 0 0 10 0 0 0 6 0 0 0 0 0 0 41 25 20 14 2 0 0 14 52 43 0 0 0 0 9 14 33 21 0 14 0 0 5 0 0 0 0 0 0 0 5 0 0 0 0 15 0 0 0 0 7 0 0 0 5 0 13 4 0 0 1 0 0 0 20 5 0 0 0 0 0 0 0 0 0 0 0 0 0 0 0 0 0 0 0 0 0 0 0 0 0 12 27 23 3 0 2 25 41 21 2 13 0 41 8 38 25 34 0 0 0 16 0 0 0 0 0 0 0 0 0 0 0 0 0 0 0 0 0 0 0 0 16 0 0 0 0 0 0 0 0 16 0 1 0 0 0 0 0 1 29 0 1 0 0 46 2 0 0 0 1 0 0 0 0 0 0 0 0 0 0 0 0 0 0 14 0 0 0 0 
 5 3 3 3 3 3 3 2 3 3 3 3 3 2 6 3 3 2 3 7 1 1 1 1 1 1 2 1 2 1 0 2 1 1 1 0 1 1 1 0 260 177 174 282 97 79 251 84 182 519 99 41 40 38 70 0 202 226 45 50 3 0 0 0 0 0 0 0 0 0 207 0 0 0 0 0 0 0 0 0 0 0 0 0 0 0 0 0 0 0 0 0 0 0 0 0 0 0 0 0 0 19 0 0 0 0 1 0 0 0 0 0 0 0 0 20 0 0 5 0 0 9 30 46 57 0 0 1 19 11 30 35 0 0 0 10 22 38 0 0 0 0 0 0 3 0 1 0 0 0 0 0 2 0 0 0 0 0 4 0 0 0 0 0 0 0 0 0 6 0 0 0 0 0 0 0 0 0 0 0 0 0 0 0 0 0 0 0 0 0 0 0 0 0 0 0 0 0 10 0 0 1 11 7 13 11 0 0 16 40 48 32 0 0 2 12 21 42 0 0 0 0 0 0 0 0 0 0 0 0 0 9 18 0 0 12 0 0 0 4 0 0 9 0 0 0 0 0 0 0 0 2 0 2 0 0 0 0 1 12 0 0 2 1 2 12 3 1 2 0 9 0 0 0 0 0 0 0 0 0 0 0 0 0 15 0 0 0 2 0 
 0 0 3 0 0 0 0 1 4 0 0 3 65 0 0 0 0 0 0 4 3 3 5 3 3 27 3 3 66 3 3 3 3 3 3 3 3 3 6 3 48 89 201 168 269 68 34 279 254 163 179 287 247 37 43 202 0 173 25 36 5 0 0 1 0 0 0 0 0 1 0 0 2 1 0 9 0 2 0 0 0 0 0 0 0 0 0 0 0 0 0 0 0 0 0 0 0 0 0 0 0 0 0 0 0 1 0 0 0 0 0 0 0 0 0 0 0 0 0 0 0 13 22 20 24 0 0 0 0 20 41 9 0 0 0 11 1 49 0 0 0 0 0 0 6 0 0 0 0 0 0 0 0 0 0 0 0 0 0 0 0 0 0 0 1 0 0 0 0 0 0 0 0 0 0 0 0 0 0 0 0 0 0 0 0 0 0 0 0 0 0 0 0 0 0 0 0 0 0 0 0 0 12 10 37 76 0 0 13 21 27 39 0 1 0 30 20 24 0 0 0 0 0 0 0 0 0 0 0 0 0 0 0 0 0 0 0 0 63 0 0 0 0 0 0 0 0 0 0 0 0 7 0 1 0 0 0 0 0 21 0 0 66 2 0 25 2 63 0 0 18 3 0 0 0 0 0 0 0 0 0 0 0 0 12 0 0 0 0 3 
 0 0 0 0 0 0 0 0 1 0 0 0 0 37 0 0 1 2 0 0 2 2 2 2 2 2 2 2 2 2 2 2 2 2 30 6 2 2 2 2 42 74 455 211 31 47 40 128 206 110 276 69 32 25 331 226 173 0 56 51 30 0 0 0 0 7 2 62 0 28 0 1 0 4 2 2 0 0 0 0 0 0 0 0 0 0 0 0 0 0 0 0 0 0 0 0 0 0 0 0 0 0 0 0 0 0 0 0 0 0 0 0 0 0 0 0 0 0 0 0 0 0 25 35 23 1 0 13 6 31 57 20 0 0 0 15 19 49 0 0 10 4 2 1 12 0 0 0 2 3 4 0 0 24 11 6 3 4 0 0 0 0 0 0 0 0 0 0 3 0 0 0 0 0 0 0 6 0 0 0 0 0 11 0 0 0 0 10 0 0 0 0 0 0 0 0 0 0 0 0 0 0 32 23 54 37 0 0 0 25 22 41 0 0 0 27 8 19 0 0 4 1 5 0 1 0 0 9 6 11 6 0 0 0 15 0 4 10 0 0 0 0 5 0 0 0 0 0 0 0 0 4 0 0 0 0 0 0 0 16 0 0 70 64 2 3 1 0 0 0 13 0 0 0 0 0 0 0 0 0 0 0 0 0 12 29 0 0 1 0 
 0 0 0 0 1 0 2 0 0 0 0 0 0 0 0 2 0 3 0 0 0 0 0 0 1 188 0 0 2 0 0 0 0 0 1 0 0 0 0 1 47 67 38 79 81 58 315 287 102 95 247 24 338 175 91 45 25 56 0 319 0 0 0 1 12 3 0 0 0 6 0 8 6 0 2 2 2 199 2 6 0 0 0 0 0 0 0 0 0 0 0 0 0 0 0 9 0 20 0 0 0 0 0 0 24 1 0 0 0 0 0 0 0 0 0 0 0 0 0 18 11 2 0 0 0 3 25 0 0 0 0 0 17 36 8 0 0 0 0 37 19 0 0 0 0 5 0 11 4 0 0 0 0 3 0 0 0 0 0 0 0 0 0 0 0 0 0 0 0 0 0 0 0 0 0 0 0 0 0 0 0 0 0 0 0 0 0 0 0 0 0 0 0 0 0 0 0 0 0 0 26 0 0 0 0 0 20 9 0 0 0 0 23 22 19 0 0 0 0 31 0 0 4 0 0 5 0 0 0 0 0 0 0 0 0 0 0 11 0 0 0 0 0 0 0 0 0 0 0 0 0 9 0 2 0 0 0 2 1 2 0 0 0 0 2 3 0 0 0 0 0 0 0 0 0 1 0 0 0 0 0 0 0 0 0 0 0 0 0 0 
 0 0 0 0 0 0 0 0 0 0 1 29 0 0 0 0 0 0 0 0 0 0 3 0 0 61 0 0 0 0 0 3 0 0 0 0 0 0 0 0 54 252 53 68 85 61 280 49 261 78 59 25 130 75 88 50 36 51 319 0 0 0 5 0 0 0 0 0 2 0 0 0 0 0 0 0 0 0 0 0 0 0 0 0 0 0 0 0 0 0 0 0 0 0 0 0 0 0 0 0 0 0 0 0 0 0 0 0 0 0 0 0 0 0 0 0 0 0 0 0 15 8 0 0 0 0 18 19 1 0 0 0 12 39 17 0 1 5 0 2 0 0 7 0 0 0 12 0 0 0 0 0 0 0 0 44 0 0 0 0 0 0 0 0 0 0 0 0 0 0 0 0 0 0 0 0 0 0 0 0 0 0 0 0 0 0 0 0 0 0 0 0 0 0 0 0 0 0 0 0 33 21 14 0 0 0 81 12 0 0 0 0 0 26 53 11 0 0 0 17 0 0 0 0 0 0 0 13 0 0 0 0 0 0 0 0 0 0 0 0 0 0 0 0 0 0 0 0 0 0 0 6 0 0 0 0 0 0 1 0 0 0 0 0 0 2 0 0 2 0 0 0 0 0 0 0 0 0 0 0 0 0 0 0 0 0 0 0 1 0 
 4 61 0 0 0 0 0 0 0 0 0 0 0 0 0 3 0 0 0 0 3 3 3 3 3 3 3 3 7 3 3 3 3 3 3 3 3 3 3 3 0 0 2 10 3 12 0 0 6 6 4 18 0 0 54 3 5 30 0 0 0 111 91 63 60 79 205 515 50 27 36 42 270 131 204 51 30 48 41 237 0 0 0 0 0 0 0 0 0 0 11 0 0 0 0 0 0 0 8 0 0 0 0 0 0 0 0 0 0 5 0 0 0 0 0 0 0 0 0 0 0 0 0 0 0 0 0 0 0 0 0 24 0 0 0 0 0 0 3 0 5 9 20 2 0 0 0 19 25 10 19 26 5 45 26 14 34 13 3 3 0 0 0 0 0 0 0 0 1 0 0 0 0 2 3 0 0 0 0 0 0 0 0 0 0 0 0 0 0 0 0 0 0 0 0 19 0 0 9 0 0 0 0 0 6 4 0 0 0 0 6 0 0 0 0 0 0 0 0 0 44 23 18 1 3 2 0 14 58 30 8 1 0 4 20 31 52 45 2 1 0 0 0 0 0 0 0 0 0 0 0 0 0 0 11 0 0 0 0 0 0 0 0 0 0 0 0 4 0 0 4 2 0 0 0 2 0 0 0 0 0 0 0 0 0 0 0 0 0 0 
 0 51 0 2 3 0 0 0 6 0 1 47 0 0 0 0 0 0 0 0 0 0 0 0 0 0 3 0 0 0 0 0 0 0 0 0 0 2 1 0 0 2 0 0 51 31 0 0 0 0 0 23 6 0 0 0 0 0 0 0 111 0 231 58 30 263 58 208 146 321 36 33 66 41 166 141 147 32 84 36 0 0 0 19 2 5 0 0 13 7 0 2 0 0 0 0 0 0 0 0 0 0 0 0 0 0 3 0 0 0 0 0 0 13 0 0 0 0 4 0 0 0 0 0 8 14 0 0 0 0 0 0 0 0 0 0 0 0 0 0 1 0 44 14 1 0 0 53 22 10 28 17 0 0 14 0 18 8 0 0 6 0 0 9 5 0 0 0 0 0 0 2 0 0 0 0 0 0 0 0 0 0 0 0 0 0 0 0 0 0 0 0 0 0 0 0 0 0 0 0 0 0 0 0 0 0 0 0 0 0 0 0 0 0 0 0 0 0 0 0 0 31 7 0 7 0 11 1 24 9 29 17 0 11 8 17 0 0 0 0 0 0 1 0 0 0 0 0 0 1 0 0 0 0 3 0 0 0 0 0 0 0 0 0 0 0 15 0 0 0 49 0 0 19 2 2 0 0 0 0 0 0 0 0 0 0 0 0 0 0 
