 0 165 68 42 22 39 729 394 39 48 34 26 61 127 402 29 26 27 40 135 2 4 0 2 0 0 0 74 0 3 1 1 1 4 2 0 0 2 3 73 66 3 3 0 4 0 0 0 2 0 3 0 0 0 2 0 3 0 0 0 0 2 2 1 0 0 0 1 0 0 0 0 0 3 2 0 0 0 3 0 38 39 7 3 0 0 84 43 23 0 52 0 44 22 23 50 16 37 2 0 0 0 0 0 13 0 0 0 0 0 0 19 0 0 0 0 0 0 0 0 0 0 0 0 0 0 0 0 0 5 0 0 0 0 0 0 0 0 0 2 0 0 0 0 0 1 0 0 0 0 0 0 0 0 0 0 0 1 17 0 29 39 22 0 0 2 36 14 23 0 0 0 29 26 36 25 9 0 0 44 2 0 0 0 0 0 0 0 0 1 0 0 0 0 0 0 3 0 0 0 0 0 0 2 0 0 0 0 0 0 0 0 0 0 0 0 0 0 0 0 0 0 0 0 0 0 0 0 0 0 0 0 0 0 0 0 0 0 0 0 0 0 0 0 0 0 0 0 1 0 0 3 0 1 0 0 0 0 0 0 0 0 0 0 0 0 0 0 0 0 0 0 0 0 0 1 0 0 0 0 0 0 0 0 0 0 0 0 0 0 
 165 0 372 50 43 31 91 390 313 348 34 47 93 146 346 300 316 53 54 57 2 4 2 2 0 1 0 0 2 3 2 2 0 3 0 0 74 0 3 73 0 5 3 0 4 1 2 0 2 0 3 0 0 0 2 0 65 0 0 0 0 2 2 1 0 0 0 0 0 6 1 0 0 3 2 0 48 0 3 0 0 42 7 11 0 0 21 43 53 4 18 18 0 20 33 59 35 55 0 0 0 0 2 0 0 0 1 0 0 0 0 0 0 0 0 0 0 0 0 0 1 0 0 0 0 0 0 0 0 0 0 0 0 0 0 0 14 2 0 0 0 0 0 0 0 0 0 0 0 0 0 0 0 4 0 14 0 0 12 0 14 39 50 17 0 0 3 11 11 15 6 1 0 6 28 24 13 4 0 0 0 0 0 0 0 0 0 0 0 0 0 2 0 49 0 0 0 0 2 0 0 0 0 0 0 0 1 0 0 0 0 0 0 0 0 0 0 0 0 1 0 0 0 0 0 0 0 0 0 0 0 0 0 0 0 23 0 0 0 0 0 1 0 0 0 0 0 0 1 0 0 3 24 0 0 0 0 0 0 0 0 0 9 0 0 0 0 0 0 0 0 0 0 0 0 0 11 0 0 0 0 0 0 0 0 0 0 0 0 0 
 68 372 0 117 72 38 73 44 293 347 68 240 264 54 71 199 158 627 34 40 4 0 1 2 2 0 0 0 2 3 3 61 0 2 0 0 2 0 3 1 0 56 3 0 0 0 0 0 2 0 3 0 2 0 2 0 4 0 0 4 3 2 2 47 0 0 0 0 0 4 0 0 0 3 2 0 0 0 3 0 0 12 26 41 1 0 0 0 27 29 27 31 1 1 31 16 30 28 0 0 0 0 0 0 0 0 0 0 0 0 0 0 0 0 0 0 2 0 2 0 0 0 0 0 0 0 0 0 0 0 0 0 0 0 0 0 0 0 0 0 0 0 0 0 4 0 0 0 0 0 6 0 0 0 0 0 0 0 7 0 0 17 29 17 14 0 8 11 3 36 3 1 0 2 0 15 11 24 0 0 0 0 0 0 0 0 0 0 0 0 0 15 0 0 0 0 0 0 1 0 2 0 0 0 0 0 0 0 0 0 0 0 0 0 0 0 0 0 0 0 0 0 0 0 0 0 0 0 0 0 0 0 0 0 2 0 0 2 0 0 0 11 0 0 0 3 6 0 2 2 2 6 16 0 0 0 0 0 0 0 0 0 9 0 0 0 0 0 0 0 0 0 0 0 0 10 19 27 0 0 0 0 0 0 0 0 0 0 0 0 
 42 50 117 0 282 39 89 46 153 346 126 386 51 82 69 33 121 392 82 65 1 6 0 2 3 5 0 0 5 3 2 0 5 79 0 5 0 0 9 5 5 3 3 0 0 0 4 3 7 0 6 0 0 5 3 0 3 0 5 0 4 2 2 55 0 9 0 4 0 1 7 0 0 3 2 0 0 0 3 0 0 0 23 42 51 2 0 0 0 35 26 43 0 0 0 0 19 1 0 0 0 0 0 0 0 0 0 0 0 0 0 0 31 0 0 0 0 0 22 0 0 0 0 0 0 0 0 0 0 14 0 0 0 0 0 0 14 0 0 0 0 0 0 0 3 0 11 0 0 0 3 0 0 0 0 2 0 0 0 0 0 0 0 10 14 0 3 1 0 25 35 28 0 0 0 0 1 14 5 2 3 0 0 0 0 2 2 0 0 0 0 0 0 0 0 0 0 0 23 0 0 0 0 0 0 0 0 0 0 0 0 0 0 0 0 0 0 1 0 0 0 0 2 0 0 0 0 0 0 0 0 0 0 0 0 0 0 0 0 0 0 1 0 0 0 0 94 0 0 49 0 21 0 0 0 0 0 0 0 0 0 18 0 0 0 0 0 0 0 0 0 0 0 0 0 13 0 18 0 0 0 0 0 0 0 0 0 0 0 0 
 22 43 72 282 0 422 44 21 60 61 68 376 47 47 137 94 41 48 58 71 0 0 0 4 0 0 0 1 0 3 2 0 0 2 0 0 0 0 4 0 0 3 3 0 0 0 0 0 2 0 3 0 0 0 2 0 3 0 5 0 0 2 2 2 0 0 0 0 0 0 0 0 0 10 2 0 0 0 3 0 0 0 0 33 39 31 0 0 0 0 0 12 0 0 0 0 0 0 0 0 0 0 0 0 0 0 7 0 0 0 0 0 34 0 0 0 0 0 38 18 0 6 0 0 0 0 0 0 0 15 0 0 0 0 0 0 0 0 10 0 1 0 0 0 0 0 0 0 0 0 0 0 16 0 14 0 0 0 0 0 0 0 0 37 24 76 0 0 0 0 14 29 0 0 0 0 3 0 7 0 0 0 0 0 0 0 0 0 0 0 0 0 10 0 0 0 0 0 30 14 0 0 0 0 0 0 0 0 0 0 0 0 12 0 0 0 0 0 0 0 0 0 0 0 0 0 0 0 0 0 0 0 0 0 0 0 1 0 0 0 0 0 0 0 0 0 2 0 0 2 0 0 0 0 0 0 0 0 0 0 0 0 0 0 0 0 0 0 0 0 0 0 0 0 0 0 0 0 0 0 0 0 0 0 0 0 0 0 0 5 
 39 31 38 39 422 0 44 39 39 72 77 57 233 41 66 79 56 82 156 46 1 0 0 3 0 2 2 78 0 3 1 0 6 4 2 0 0 0 304 7 0 3 2 0 0 1 0 0 32 2 3 0 3 0 2 0 3 0 4 0 0 6 3 3 0 0 0 0 0 0 1 0 0 7 3 0 0 0 3 0 0 0 0 1 19 47 0 0 0 0 0 0 0 0 0 0 0 22 0 0 1 1 1 7 0 0 41 1 0 0 0 0 34 1 0 0 0 0 35 77 2 0 0 0 0 0 0 0 0 0 0 0 0 0 0 0 0 1 0 0 0 0 0 0 0 0 0 0 0 0 0 0 0 0 4 1 0 1 0 0 0 0 0 0 37 38 0 0 0 0 1 10 0 0 0 0 4 0 5 0 0 0 0 0 0 0 47 7 0 0 0 1 50 0 0 0 0 0 25 32 0 8 0 0 0 0 0 2 0 0 1 0 0 0 0 0 0 0 0 2 0 0 0 0 0 0 2 0 0 0 0 0 0 0 0 0 0 0 0 0 0 0 0 0 0 4 0 1 1 5 0 6 0 0 0 0 0 0 0 0 0 0 0 0 0 0 0 0 0 0 0 0 0 0 0 0 0 0 0 0 0 0 0 0 0 0 0 0 0 0 
 729 91 73 89 44 44 0 205 54 31 44 23 460 456 57 33 41 38 54 585 205 0 0 3 0 0 2 0 2 4 2 0 2 3 0 0 0 2 76 0 0 4 2 0 0 0 0 0 2 0 3 0 0 0 2 0 4 0 0 0 0 2 2 3 0 0 0 0 0 0 0 0 0 2 2 0 0 0 3 3 59 10 2 0 0 0 111 43 0 19 0 0 21 57 18 3 1 0 0 33 0 0 0 0 0 0 2 0 0 0 0 0 0 0 0 0 0 9 0 0 0 0 0 0 0 0 0 0 0 0 0 0 0 0 0 0 1 0 0 0 0 0 0 0 0 1 0 2 0 0 0 0 0 0 0 2 0 0 14 0 42 2 13 0 0 0 26 26 13 0 13 0 38 23 0 17 12 0 0 23 0 0 0 0 0 1 0 0 1 0 2 0 0 0 0 0 0 2 0 0 0 0 2 0 0 0 2 0 0 0 0 0 0 0 0 0 0 1 0 0 0 0 0 49 0 0 0 14 0 0 0 0 0 0 0 0 0 0 0 0 0 0 0 0 0 2 0 0 2 2 2 6 0 0 2 0 0 0 0 0 1 0 0 0 0 0 0 0 0 0 0 0 0 0 0 0 0 0 0 0 0 0 0 0 0 0 0 0 0 0 
 394 390 44 46 21 39 205 0 32 32 26 28 86 402 257 37 36 28 32 37 2 0 0 2 0 0 0 0 0 3 4 0 0 2 0 0 0 2 77 32 0 2 3 0 3 0 0 0 2 0 3 0 0 0 2 0 3 0 0 0 0 2 2 0 0 0 0 0 38 0 0 0 0 3 2 0 0 1 3 0 3 42 7 13 0 0 14 15 32 0 11 0 0 6 41 61 10 36 2 0 0 0 0 0 0 0 0 0 0 3 0 0 0 0 0 0 0 0 0 0 0 0 0 0 0 0 0 0 0 0 0 0 0 0 2 0 0 0 0 0 0 0 0 0 0 1 0 0 0 0 0 0 15 0 0 0 0 0 0 0 23 62 18 25 0 1 0 8 21 1 2 1 0 19 27 23 10 7 0 0 0 0 0 0 0 0 0 0 0 1 0 0 0 0 0 0 0 0 0 0 0 0 0 2 0 0 0 0 0 1 0 0 0 0 0 0 0 0 0 0 0 0 0 0 0 0 0 0 0 0 10 0 0 0 0 0 0 0 0 0 0 10 0 0 0 0 0 0 0 0 0 11 15 0 2 0 0 0 0 0 0 0 0 0 0 0 0 0 0 0 0 0 0 0 0 0 23 0 0 0 0 0 0 0 0 0 0 0 0 0 
 39 313 293 153 60 39 54 32 0 404 54 247 72 295 186 210 391 622 71 62 1 14 0 3 2 0 0 0 0 3 2 0 0 2 0 0 2 0 3 21 0 3 3 0 0 0 0 1 2 0 3 0 0 0 4 0 3 0 0 0 0 2 2 53 0 0 0 0 0 11 0 0 0 3 2 0 49 0 3 0 0 13 33 37 0 0 0 0 35 28 38 24 0 2 28 35 55 69 0 0 0 0 0 0 0 0 0 0 0 0 0 0 0 0 1 0 0 5 0 0 0 0 0 0 0 0 0 14 0 0 0 2 0 0 0 0 0 0 0 0 2 1 0 0 5 0 0 0 0 2 5 0 0 0 0 0 0 0 12 0 0 7 13 23 22 0 4 6 11 33 6 0 9 0 1 33 12 20 0 0 0 0 0 0 0 0 0 0 0 0 0 0 0 0 0 0 0 0 0 0 0 0 0 19 0 0 0 0 0 0 0 0 0 0 0 0 0 0 1 0 0 0 0 0 0 0 0 0 2 0 0 0 0 0 0 0 0 0 19 0 0 15 0 0 0 2 2 0 1 2 1 2 14 0 0 0 0 0 0 0 0 0 17 0 0 0 0 0 0 0 0 0 0 0 0 9 13 14 0 0 0 0 0 0 0 0 0 0 0 0 
 48 348 347 346 61 72 31 32 404 0 286 122 75 71 215 592 606 249 265 69 2 59 0 3 0 1 0 2 0 3 1 0 1 2 0 0 0 0 3 0 58 3 3 0 0 0 0 0 2 0 3 0 0 0 2 0 3 0 0 0 0 2 2 34 0 0 0 0 0 0 0 0 0 3 2 0 48 0 3 0 0 0 44 17 1 10 14 0 10 35 66 67 0 2 0 1 32 29 0 0 0 0 0 0 0 0 0 0 0 0 0 0 0 0 1 0 0 0 1 0 0 0 0 0 0 0 0 22 0 4 0 2 0 0 0 0 0 13 0 0 2 3 0 0 4 0 0 0 0 2 10 0 0 0 0 0 0 0 0 0 0 4 0 0 11 0 8 0 10 24 18 1 0 0 0 0 0 10 0 0 0 0 0 0 14 0 0 0 0 0 0 0 0 0 0 0 0 0 0 0 0 0 0 0 0 0 0 0 0 0 0 0 0 0 0 0 0 0 1 0 0 0 0 0 0 0 0 0 4 0 0 0 0 3 0 0 0 0 0 0 0 1 10 0 0 2 186 3 4 87 0 0 0 0 0 0 0 0 0 0 0 0 14 0 0 0 0 0 0 0 0 0 0 0 0 10 0 16 0 0 0 0 0 0 0 0 0 0 0 2 
 34 34 68 126 68 77 44 26 54 286 0 337 43 27 70 76 93 312 32 53 1 2 1 2 0 0 0 0 2 33 2 2 0 2 0 34 0 0 3 0 0 2 3 0 0 30 0 0 2 0 3 0 0 0 2 0 3 1 0 0 0 2 2 43 0 0 0 0 0 42 7 0 0 3 2 0 0 0 3 0 0 0 25 24 45 0 0 0 0 26 27 28 1 0 0 0 10 4 0 0 0 0 0 0 24 0 0 0 0 0 0 0 18 0 0 0 0 0 0 0 0 0 0 0 0 0 0 0 0 17 0 0 0 0 0 0 0 0 0 0 0 0 0 0 0 0 0 0 0 0 0 0 0 0 0 0 1 0 0 0 0 1 8 10 19 0 4 0 0 10 16 20 0 0 0 0 0 23 4 0 0 0 0 0 0 0 0 0 0 0 0 0 15 0 0 1 0 0 9 0 0 0 0 0 0 0 0 0 1 0 0 0 10 0 9 0 0 0 0 0 0 0 0 0 0 0 0 0 0 0 0 0 0 0 1 75 8 1 0 0 0 0 0 0 2 8 3 0 2 56 0 2 0 0 0 0 0 0 0 0 0 0 0 0 0 0 0 0 0 1 0 0 0 0 0 10 0 0 0 0 0 0 0 0 0 0 0 0 0 0 
 26 47 240 386 376 57 23 28 247 122 337 0 35 14 20 27 271 53 51 33 1 0 2 2 0 3 0 0 3 3 3 1 2 2 0 3 4 0 5 64 3 3 3 0 0 0 2 0 5 2 3 0 0 2 2 0 3 0 21 0 2 2 2 2 0 0 44 0 0 0 4 1 0 3 2 0 0 0 3 0 0 8 18 11 79 53 0 0 2 26 20 41 0 0 0 0 0 0 0 0 0 0 0 0 0 2 0 0 0 0 0 0 57 0 0 0 0 0 40 9 0 0 0 0 0 0 0 0 0 15 0 0 0 0 0 0 0 0 0 0 0 0 0 0 0 0 0 0 0 0 0 0 2 0 0 0 0 0 0 0 0 0 0 11 26 10 0 0 0 0 30 28 1 0 0 1 2 10 4 0 0 0 0 0 0 0 12 1 0 0 0 0 0 0 0 0 2 0 61 1 0 0 0 0 0 0 0 0 0 0 0 0 2 0 0 0 0 0 0 0 0 0 0 0 0 0 0 0 0 0 0 0 0 0 0 0 0 0 0 0 0 0 0 0 0 2 181 0 0 184 0 11 0 0 0 2 1 0 0 0 0 0 0 0 0 0 1 0 0 0 0 0 0 0 0 14 0 0 0 0 0 0 0 0 0 0 0 0 0 0 
 61 93 264 51 47 233 460 86 72 75 43 35 0 61 30 14 49 245 427 231 2 0 0 2 0 0 0 0 0 6 1 1 0 2 0 0 0 0 3 0 0 3 3 0 0 0 0 0 2 0 3 0 0 0 2 0 7 0 0 0 0 2 2 1 0 0 0 0 0 0 0 0 0 3 2 0 0 0 3 4 52 0 0 0 0 0 43 44 0 0 0 0 26 49 0 0 0 0 1 35 0 0 0 16 0 0 0 0 0 0 0 0 0 0 0 0 0 0 0 0 0 0 0 0 0 0 0 0 0 0 0 0 0 0 0 0 0 0 0 0 0 0 0 0 0 0 0 0 0 0 0 0 0 0 0 0 0 0 5 0 24 0 1 0 0 0 51 31 0 0 0 0 41 10 0 18 9 0 0 30 0 0 0 0 0 0 0 0 0 0 0 0 0 0 0 0 0 0 0 0 0 0 0 0 0 0 0 0 0 0 0 0 0 0 0 0 0 0 0 0 0 0 0 0 0 0 0 0 0 0 0 0 0 0 0 0 0 0 0 0 0 0 0 0 0 2 2 0 0 0 0 2 0 0 0 0 0 0 0 0 0 0 0 0 0 0 0 0 0 0 0 0 0 0 0 0 0 0 0 0 0 0 0 0 0 0 0 0 0 0 
 127 146 54 82 47 41 456 402 295 71 27 14 61 0 468 24 29 48 171 382 2 2 0 4 0 0 0 0 0 3 2 0 0 5 0 0 0 0 5 74 3 8 2 0 4 4 0 3 3 3 3 0 0 0 2 0 3 0 0 0 45 2 2 3 0 3 0 0 0 1 3 0 0 2 2 0 0 0 3 3 64 37 0 0 0 0 50 61 23 0 26 0 34 36 19 66 16 14 0 0 0 0 0 0 0 0 0 0 0 0 0 14 14 0 0 0 0 0 0 0 0 0 0 0 0 0 0 0 0 0 0 0 0 0 0 0 0 0 0 0 0 0 0 0 0 0 0 0 0 0 0 0 0 0 0 0 0 0 9 0 21 48 27 0 0 0 32 51 19 0 0 0 31 44 29 43 24 0 0 27 0 0 0 0 0 0 0 0 0 0 0 0 0 0 0 0 0 0 0 0 0 0 0 0 0 0 0 0 0 0 0 0 0 0 0 0 0 0 0 0 0 0 0 0 0 0 0 0 0 0 0 0 0 0 2 0 0 0 0 0 0 0 0 0 0 1 1 0 1 1 2 6 0 0 0 0 0 0 0 0 0 0 0 0 0 0 0 0 0 0 0 0 0 0 0 1 0 0 0 0 0 0 0 0 0 0 0 0 0 0 
 402 346 71 69 137 66 57 257 186 215 70 20 30 468 0 96 59 39 72 322 1 151 2 2 2 2 3 0 5 3 3 4 0 2 3 2 1 0 4 35 0 3 5 66 6 0 3 67 2 3 5 0 0 0 2 3 3 4 3 0 3 2 2 3 0 2 5 0 0 34 0 0 0 7 2 0 14 0 6 0 0 56 11 26 0 0 18 9 52 0 46 0 37 11 72 47 16 66 0 0 0 0 0 0 0 0 22 0 0 0 0 0 0 0 2 0 0 0 0 0 0 0 0 0 0 0 7 22 0 0 0 1 0 0 0 0 0 0 0 0 1 14 0 0 0 0 0 0 0 0 0 0 0 0 0 0 0 0 3 0 19 35 28 22 0 0 0 10 23 1 18 0 0 17 53 29 9 9 0 3 0 0 0 0 0 0 21 0 0 0 0 0 0 0 0 0 0 0 0 0 0 0 0 0 0 0 0 0 0 0 0 0 0 0 0 0 0 0 7 0 0 21 0 0 0 0 0 0 1 0 0 12 0 0 0 0 0 0 0 0 0 30 0 0 0 2 0 0 0 0 0 8 20 0 0 0 0 0 0 0 0 0 0 0 0 0 0 0 0 0 0 0 0 0 0 1 15 0 0 0 0 0 0 0 0 0 0 0 0 0 
 29 300 199 33 94 79 33 37 210 592 76 27 14 24 96 0 176 662 36 270 3 0 3 5 2 3 0 0 0 3 6 3 3 11 1 0 0 0 3 1 0 9 2 2 0 0 0 0 2 0 3 0 0 0 2 3 5 0 5 3 0 8 7 48 0 0 5 0 0 5 0 0 0 4 3 0 0 4 3 0 0 16 35 105 0 0 0 0 24 32 83 42 0 0 32 14 24 51 0 0 0 0 0 0 0 0 0 0 0 0 0 0 0 0 0 0 0 0 0 0 0 0 0 0 0 0 0 0 0 0 0 0 0 0 0 0 0 0 0 0 0 0 0 0 5 0 0 0 0 0 6 0 0 0 0 20 0 0 0 0 5 5 1 28 22 0 8 10 12 53 5 1 0 0 0 19 12 27 0 0 0 0 0 0 0 0 0 0 0 0 0 0 0 0 0 0 0 0 1 0 0 0 9 0 0 0 0 0 0 0 0 0 0 0 0 0 0 0 0 0 0 0 0 0 0 0 0 0 0 0 0 0 0 0 0 0 0 0 0 0 0 10 0 0 0 0 2 2 2 2 0 3 26 0 0 0 0 0 0 0 0 0 5 0 0 0 0 0 0 0 0 0 0 0 0 5 14 20 0 0 0 0 0 0 0 0 0 0 0 0 
 26 316 158 121 41 56 41 36 391 606 93 271 49 29 59 176 0 421 35 42 1 74 0 2 0 0 0 0 0 3 2 0 0 2 1 0 0 0 3 36 0 3 2 0 0 0 0 0 2 0 3 0 0 0 2 0 3 0 0 0 0 2 2 47 0 0 0 0 0 6 0 0 0 2 2 0 36 1 3 0 0 44 38 47 1 0 0 0 26 30 37 38 0 0 43 20 32 29 0 0 0 0 0 0 0 0 0 0 0 0 0 0 0 0 2 0 0 0 0 0 0 0 0 0 0 0 0 21 17 0 0 1 0 0 0 0 0 0 0 0 1 0 0 0 5 0 0 0 0 1 3 0 0 0 0 14 0 0 0 0 0 6 4 23 13 0 5 6 12 31 12 0 0 0 0 26 10 16 0 0 0 0 0 0 0 0 0 0 0 0 0 0 0 0 0 0 0 0 1 0 0 0 0 0 0 0 0 0 0 0 0 0 0 0 0 0 0 0 2 0 0 0 0 0 0 0 0 0 1 0 0 0 0 0 0 17 0 0 0 0 0 10 0 0 0 1 0 0 0 1 0 0 33 0 0 0 0 0 0 0 0 0 13 0 0 0 0 0 0 0 0 0 0 0 0 9 14 15 0 0 0 0 0 0 0 0 0 0 0 0 
 27 53 627 392 48 82 38 28 622 249 312 53 245 48 39 662 421 0 45 40 2 0 0 2 0 1 0 1 0 3 1 33 0 2 0 0 0 0 3 0 0 3 3 0 0 0 0 0 2 0 3 0 0 111 2 0 4 0 0 0 0 2 2 34 0 0 0 0 0 12 14 0 0 3 2 0 0 0 3 0 0 0 45 37 23 11 0 0 11 41 47 59 0 0 0 0 32 14 0 0 0 0 0 0 0 0 0 0 0 0 0 0 0 0 0 0 0 0 1 0 0 0 0 0 0 0 0 0 0 3 0 0 1 0 0 0 0 0 0 0 0 0 1 3 3 0 0 0 0 0 5 0 0 0 0 0 0 0 0 0 0 9 13 0 19 1 17 0 9 35 35 0 0 0 0 0 1 22 0 0 0 0 0 0 0 0 0 0 0 0 0 0 0 0 0 0 0 0 0 0 13 2 0 0 0 0 0 0 0 0 0 0 0 0 0 1 0 0 0 0 0 0 0 0 0 0 0 0 0 0 2 0 0 0 0 0 0 0 0 0 0 0 0 0 0 3 202 2 0 180 3 7 0 0 0 0 0 0 0 0 0 0 19 0 0 0 0 0 0 0 0 0 0 2 0 22 0 8 0 0 0 0 0 0 0 0 0 0 0 0 
 40 54 34 82 58 156 54 32 71 265 32 51 427 171 72 36 35 45 0 398 2 2 0 5 0 2 0 0 0 7 2 2 0 1 1 0 3 4 6 0 0 3 6 0 6 5 0 0 4 0 6 5 0 0 4 0 14 4 0 0 0 2 2 4 4 1 0 0 43 0 4 0 0 7 2 1 4 0 3 7 21 0 0 0 0 0 21 14 0 0 0 0 21 17 0 0 1 0 0 45 0 0 0 0 0 0 0 0 0 0 0 1 0 0 0 0 0 0 0 0 0 0 0 0 0 0 0 0 0 0 0 0 0 0 0 0 0 0 0 0 0 0 0 18 20 0 0 0 0 0 0 0 0 0 2 0 0 0 0 0 40 2 1 0 0 0 0 12 0 2 0 0 3 0 0 0 0 0 28 25 0 0 0 0 0 0 0 0 0 0 0 0 0 0 0 0 0 0 0 0 0 0 0 0 0 0 0 0 0 0 12 0 0 0 0 0 0 0 0 0 0 0 0 0 2 0 0 0 0 0 0 0 0 0 1 0 0 0 0 0 0 0 0 0 0 2 0 2 0 0 0 0 0 0 0 0 0 0 0 0 0 0 0 0 0 0 0 0 1 0 0 0 0 0 0 0 0 0 0 0 0 0 0 0 0 0 0 0 0 13 
 135 57 40 65 71 46 585 37 62 69 53 33 231 382 322 270 42 40 398 0 1 0 0 2 0 0 0 0 0 3 2 1 0 2 0 1 0 0 3 2 0 3 3 0 0 0 0 0 2 0 3 0 0 0 2 0 7 0 0 35 0 2 2 1 0 0 0 0 33 0 0 0 0 3 2 0 0 0 3 6 73 2 0 1 0 0 51 44 0 0 0 0 54 37 11 16 24 0 0 34 0 0 0 0 10 0 0 1 0 0 0 0 0 0 0 0 0 0 0 0 0 0 1 0 0 0 0 0 0 0 0 0 0 0 0 0 0 0 0 1 0 0 0 0 0 2 0 0 0 7 0 0 0 0 0 0 0 26 19 0 28 1 0 0 0 0 32 21 0 0 1 0 41 13 0 18 10 0 26 41 1 0 0 0 0 0 0 0 1 0 0 0 0 0 0 0 0 0 0 0 0 0 0 1 0 0 0 0 0 0 0 0 0 0 0 0 1 0 0 0 0 0 0 0 0 2 0 0 0 0 0 0 0 0 0 11 0 0 19 0 0 0 0 0 0 1 2 2 0 0 0 4 0 0 0 0 0 0 0 0 0 0 0 0 0 0 0 0 0 0 0 0 0 0 0 0 0 0 0 0 0 0 0 0 0 0 0 0 0 0 
 2 2 4 1 0 1 205 2 1 2 1 1 2 2 1 3 1 2 2 1 0 102 90 274 24 252 317 447 47 32 35 255 70 112 210 32 96 31 49 146 2 3 0 3 0 0 5 2 6 3 3 0 80 0 6 2 0 0 0 2 0 3 2 7 2 3 4 1 0 0 3 0 0 3 0 0 2 1 0 0 0 0 0 10 0 0 0 0 0 0 0 0 0 0 0 0 0 0 0 0 11 25 15 0 0 0 6 16 20 1 0 0 0 24 36 29 10 1 0 1 0 0 0 0 0 0 0 0 12 0 0 0 0 0 0 0 0 0 0 1 0 3 0 0 0 0 0 14 0 0 0 0 0 0 1 2 0 0 0 0 0 0 0 0 0 0 0 0 0 0 0 0 0 0 0 0 0 0 0 0 21 22 0 11 0 0 14 10 56 0 0 0 1 43 7 14 0 1 2 0 0 0 2 0 0 0 0 0 0 0 9 0 0 0 0 27 0 9 0 18 0 0 2 0 0 0 0 0 0 0 0 0 0 1 0 0 0 0 0 0 0 0 0 0 0 0 0 0 0 1 0 0 0 0 4 0 0 0 0 0 0 1 0 46 0 0 0 0 0 0 0 0 0 0 0 0 0 0 0 0 0 1 0 0 0 0 0 0 0 0 
 4 4 0 6 0 0 0 0 14 59 2 0 0 2 151 0 74 0 2 0 102 0 443 289 47 36 91 407 338 59 24 469 52 469 529 666 195 48 37 53 0 3 0 71 0 0 2 0 0 3 1 0 0 0 8 2 0 0 0 0 0 3 0 3 39 4 3 18 0 0 3 0 0 2 0 8 64 0 0 0 1 0 0 0 0 0 0 0 0 0 0 2 0 0 0 0 0 0 0 0 9 1 41 33 0 0 0 1 25 20 49 15 0 0 32 25 82 24 0 0 0 0 0 1 0 0 0 10 0 0 0 0 0 0 0 0 0 0 1 0 0 1 0 0 0 0 0 0 0 0 0 0 0 0 0 0 0 3 0 1 0 0 0 0 0 0 0 0 0 0 0 0 0 0 0 0 0 2 0 0 0 47 16 55 11 0 0 0 16 22 34 0 0 1 23 38 53 27 0 0 0 0 0 1 0 0 0 1 0 1 0 0 0 1 0 0 0 0 4 0 0 0 0 0 0 0 0 2 0 0 0 0 0 0 0 0 0 0 0 0 0 0 17 0 0 0 0 0 0 0 0 0 0 0 36 0 0 0 0 0 8 1 0 0 0 0 1 0 0 0 0 0 0 0 0 0 0 0 0 0 0 0 0 0 0 0 0 0 0 0 
 0 2 1 0 0 0 0 0 0 0 1 2 0 0 2 3 0 0 0 0 90 443 0 158 88 30 89 309 266 376 123 32 67 253 282 237 196 297 270 88 0 3 0 3 0 2 2 0 2 3 3 0 0 33 0 2 0 2 0 0 1 3 0 3 0 3 3 0 2 0 50 3 3 2 0 4 4 0 1 3 0 0 0 2 0 9 0 0 0 0 0 0 0 0 0 0 0 0 0 0 18 0 20 54 3 2 0 2 17 59 60 12 0 1 0 29 20 55 0 0 0 2 0 0 0 0 0 0 0 15 0 0 0 0 0 0 0 0 0 0 11 0 0 0 0 0 0 0 1 0 0 0 0 0 0 0 0 7 0 0 0 1 0 0 0 0 0 0 0 2 0 0 1 0 0 0 0 0 0 0 0 9 26 50 7 2 0 8 0 45 31 9 0 0 24 16 43 31 0 0 0 0 0 0 0 0 0 0 0 0 0 0 0 0 0 1 0 0 0 0 0 0 0 0 0 0 0 0 0 0 0 0 0 3 0 0 0 0 0 0 0 0 17 0 0 0 0 0 0 0 0 0 0 0 0 0 4 3 10 0 13 27 0 0 0 0 20 0 0 0 0 0 0 0 0 0 0 1 0 0 0 15 0 0 0 0 1 0 0 40 
 2 2 2 2 4 3 3 2 3 3 2 2 2 4 2 5 2 2 5 2 274 289 158 0 595 241 61 66 103 420 168 348 68 74 53 40 133 265 289 543 0 3 0 3 6 0 2 0 0 4 0 0 0 0 0 2 0 0 0 61 0 3 0 3 0 0 3 0 1 0 3 0 0 2 0 0 2 0 0 0 0 0 0 0 0 0 0 0 0 0 0 0 0 0 0 0 0 0 0 0 2 0 0 30 36 30 0 0 0 82 13 18 19 0 0 16 0 26 0 0 0 0 0 0 0 0 0 0 0 0 0 0 34 0 0 0 0 0 41 17 13 0 0 9 0 0 0 0 0 0 0 12 0 0 0 0 0 0 0 1 0 0 0 0 0 0 0 0 0 0 0 0 0 0 0 0 0 2 0 0 0 0 21 14 32 20 0 0 0 42 9 20 0 0 1 0 11 9 0 0 0 0 0 1 0 0 1 1 0 0 0 0 14 0 0 0 0 0 10 0 0 0 27 0 0 0 0 2 0 0 0 0 0 0 0 0 0 0 1 0 0 0 0 0 0 0 1 0 0 0 0 0 0 0 8 0 3 11 24 1 4 18 0 2 0 0 18 0 1 0 0 1 0 0 0 0 0 0 0 0 0 27 0 0 0 0 10 0 0 0 
 0 0 2 3 0 0 0 0 2 0 0 0 0 0 2 2 0 0 0 0 24 47 88 595 0 497 301 85 337 73 141 370 78 307 56 73 61 257 77 607 16 3 0 3 0 0 2 0 0 9 0 21 2 0 0 22 0 0 2 3 0 3 0 3 0 0 10 0 0 0 3 0 0 2 0 0 2 0 0 0 0 0 0 0 0 0 0 0 0 0 0 0 0 0 0 0 0 0 1 0 0 0 0 0 44 34 20 0 0 0 11 18 0 0 0 0 0 0 0 0 0 0 0 0 0 0 10 1 0 0 0 0 38 9 0 2 0 0 60 50 0 0 0 2 0 0 0 0 1 0 0 28 0 0 0 0 0 0 0 0 0 0 0 0 5 0 0 9 0 0 0 0 0 0 1 0 0 0 0 0 0 0 0 0 27 54 0 0 0 0 0 15 0 0 0 0 0 1 0 0 16 1 0 0 0 0 5 0 0 0 0 0 61 0 0 0 1 0 59 48 0 0 0 0 0 0 0 0 15 0 0 0 0 0 0 0 0 1 2 0 0 0 0 0 0 0 0 0 0 0 0 0 0 0 10 5 0 2 5 7 6 0 0 0 0 0 0 0 0 0 0 2 0 0 2 0 0 0 0 0 0 0 0 0 0 0 1 0 0 0 
 0 1 0 5 0 2 0 0 0 1 0 3 0 0 2 3 0 1 2 0 252 36 30 241 497 0 250 57 51 64 108 275 36 43 60 283 70 258 43 52 16 3 0 3 0 0 214 0 0 7 0 8 0 0 0 2 0 0 191 0 0 3 0 6 0 0 3 0 0 0 3 0 0 2 0 0 2 0 0 0 0 2 0 0 0 2 1 1 0 0 0 0 0 0 0 0 0 0 19 0 0 0 0 0 11 32 0 0 0 0 0 9 0 0 0 0 0 0 0 0 17 0 0 0 0 0 82 12 0 0 0 0 31 20 0 13 1 0 17 37 0 0 0 0 0 0 0 0 5 1 0 0 0 0 0 0 0 0 0 0 0 0 0 1 0 0 0 0 0 0 0 0 0 0 0 0 0 0 0 0 0 0 0 0 0 39 0 0 0 0 0 21 0 0 0 0 0 0 0 0 20 0 0 0 0 0 58 1 0 0 0 11 29 2 12 0 0 0 25 48 0 0 0 0 0 0 0 0 0 0 0 0 0 0 0 0 0 0 0 0 0 0 0 0 0 0 0 0 0 0 0 1 0 2 14 2 1 0 0 0 0 0 0 0 0 0 0 0 0 0 0 0 0 0 0 0 0 0 0 0 0 0 0 0 0 0 0 0 0 0 
 0 0 0 0 0 2 2 0 0 0 0 0 0 0 3 0 0 0 0 0 317 91 89 61 301 250 0 105 45 21 59 34 313 369 36 57 36 241 47 265 0 6 61 3 0 63 2 0 0 3 0 0 1 0 0 2 0 0 0 0 0 3 8 3 0 0 6 0 0 0 3 0 0 2 0 1 2 0 0 0 0 0 0 0 12 0 0 0 0 0 0 0 0 0 0 0 0 0 0 0 35 24 65 0 0 0 13 54 17 0 0 0 0 48 31 11 7 0 0 15 0 0 0 0 0 0 0 0 0 0 0 0 19 0 0 0 0 0 0 0 0 4 0 1 0 0 0 0 0 0 0 0 0 0 3 3 0 0 0 7 0 0 2 0 0 0 2 2 0 0 0 0 0 0 0 1 0 0 0 0 36 26 27 1 0 0 15 27 29 0 1 0 3 74 21 10 0 16 0 18 0 0 0 0 0 0 0 0 0 0 1 0 0 0 0 0 0 0 0 0 0 0 0 0 0 0 11 0 0 0 0 0 0 0 2 0 0 0 0 0 0 0 0 0 0 2 0 0 0 0 0 0 0 0 15 0 0 0 0 2 3 0 0 0 0 0 0 0 0 0 0 0 0 0 0 0 0 0 0 0 0 0 0 0 0 0 0 0 0 1 
 74 0 0 0 1 78 0 0 0 2 0 0 0 0 0 0 0 1 0 0 447 407 309 66 85 57 105 0 76 47 32 25 73 382 136 116 31 43 62 158 2 23 0 3 0 0 5 2 3 3 3 0 0 0 20 2 0 0 0 0 0 3 0 3 2 8 3 1 0 0 3 0 0 2 0 10 2 0 0 0 0 0 18 0 0 0 0 0 0 0 0 0 0 0 0 0 0 0 0 0 11 13 47 0 0 0 0 67 34 12 11 0 0 6 34 32 46 34 0 0 0 0 0 0 0 0 0 0 0 0 0 0 0 0 0 0 0 0 0 2 0 3 0 0 0 0 0 0 0 0 0 0 0 0 2 0 0 2 0 0 0 0 0 0 0 0 0 0 0 0 0 0 0 0 0 0 0 0 0 0 1 24 26 22 1 0 0 20 33 9 1 0 3 15 21 11 15 20 0 1 0 0 0 0 0 0 0 0 1 0 0 0 0 0 0 0 0 0 0 0 0 0 1 0 0 0 0 0 0 0 0 0 0 2 0 0 2 0 0 0 0 0 0 0 0 0 0 0 0 0 0 1 0 0 4 0 0 0 0 0 10 0 0 0 0 0 1 0 0 0 0 0 0 0 0 0 0 0 0 0 0 0 0 0 0 0 0 0 0 0 
 0 2 2 5 0 0 2 0 0 0 2 3 0 0 5 0 0 0 0 0 47 338 266 103 337 51 45 76 0 479 59 71 91 113 77 181 188 484 81 364 0 3 0 3 0 0 2 0 0 3 0 0 0 0 0 2 0 0 0 0 0 3 0 3 0 3 3 0 0 0 3 0 0 2 0 4 2 0 0 0 0 0 0 2 0 0 0 0 0 0 0 0 0 0 0 0 0 0 0 0 13 0 18 40 0 2 0 1 13 48 45 10 0 1 1 12 21 53 0 0 0 0 0 0 0 0 0 0 2 0 0 0 0 2 0 0 0 14 0 10 2 0 14 0 0 0 0 0 0 0 0 0 0 0 0 0 0 39 0 0 0 1 0 0 0 0 0 0 0 2 0 0 1 0 0 0 0 0 0 0 0 10 31 28 4 0 0 1 1 35 48 9 0 0 22 21 33 33 0 6 0 0 0 0 14 2 0 0 0 0 0 0 0 0 0 0 0 0 0 0 0 0 0 0 0 0 0 6 0 0 0 0 0 0 0 0 0 0 0 0 0 0 17 0 0 0 0 0 0 0 0 0 0 0 9 2 0 2 2 3 6 23 0 0 0 0 22 0 0 0 0 0 0 0 0 0 0 0 0 0 0 11 0 0 0 0 0 0 0 0 
 3 3 3 3 3 3 4 3 3 3 33 3 6 3 3 3 3 3 7 3 32 59 376 420 73 64 21 47 479 0 298 61 67 83 71 505 228 139 95 84 0 3 0 3 0 17 2 0 0 3 0 0 0 0 0 2 0 0 0 1 1 3 0 3 0 0 3 0 0 0 3 0 0 2 0 0 2 0 0 0 0 0 0 0 0 0 0 0 0 0 0 0 0 0 0 0 0 0 0 0 0 0 0 38 1 53 0 39 9 33 35 42 0 0 1 17 20 34 0 0 0 0 0 0 0 0 0 0 0 0 0 0 2 0 0 0 0 2 1 1 12 1 2 10 0 0 0 5 2 0 0 0 2 0 0 0 5 0 0 0 0 0 0 0 0 0 0 0 0 0 0 0 0 0 0 0 0 11 0 0 1 1 12 64 28 1 0 0 0 53 40 73 0 0 0 45 50 41 0 0 0 0 0 0 1 0 0 0 0 0 0 0 0 0 0 0 0 0 0 0 0 0 0 0 0 0 0 0 0 0 0 0 0 0 0 0 0 0 0 1 0 0 13 0 18 2 0 0 0 0 0 0 0 0 16 0 1 169 150 2 5 17 0 0 0 0 7 0 0 0 0 0 0 0 0 0 0 0 0 0 0 31 0 0 0 0 14 0 0 0 
 1 2 3 2 2 1 2 4 2 1 2 3 1 2 3 6 2 1 2 2 35 24 123 168 141 108 59 32 59 298 0 519 63 32 36 83 177 217 47 136 0 3 0 213 0 0 2 0 175 214 1 1 0 0 0 2 0 0 0 62 0 3 0 3 0 0 4 0 0 0 3 0 3 2 0 0 2 0 4 3 0 0 0 1 0 0 0 14 0 0 0 0 0 0 0 0 0 15 0 0 0 0 0 27 31 11 0 2 0 26 15 19 1 0 0 0 0 0 0 0 0 0 0 0 0 0 0 0 0 0 0 0 16 2 0 0 0 0 12 13 22 1 0 9 0 0 0 0 31 0 0 0 0 0 0 0 0 0 0 0 0 2 0 0 0 1 0 4 0 0 0 0 1 0 0 0 0 0 0 1 0 0 16 0 17 15 0 0 0 48 8 46 0 0 0 0 12 11 0 0 0 0 0 0 0 1 0 0 0 0 0 0 12 0 0 2 0 0 10 0 0 0 0 0 0 0 0 0 0 0 0 0 0 0 0 0 0 0 0 11 0 0 0 0 0 0 0 0 0 2 0 0 0 0 6 3 7 44 42 2 0 15 0 1 0 0 15 0 0 0 0 0 0 0 0 0 0 0 0 0 0 15 0 0 0 0 19 0 0 0 
 1 2 61 0 0 0 0 0 0 0 2 1 1 0 4 3 0 33 2 1 255 469 32 348 370 275 34 25 71 61 519 0 41 192 37 67 58 75 479 41 0 3 0 3 0 0 2 0 0 14 0 0 0 0 0 3 0 0 0 0 0 3 0 4 0 0 7 0 2 0 3 0 0 2 0 0 2 0 0 0 0 0 0 2 0 0 0 0 0 0 0 0 0 0 0 0 0 0 0 0 0 0 0 8 33 60 0 0 0 1 0 47 0 0 0 1 0 10 0 0 0 0 0 0 0 0 0 0 2 0 0 0 41 2 0 0 0 0 24 17 2 0 0 10 0 0 0 0 0 0 0 11 0 0 0 0 0 0 0 0 0 1 0 0 0 1 0 0 0 1 0 0 1 0 0 0 0 0 0 1 0 0 1 1 24 28 0 0 0 1 0 31 0 14 0 0 0 22 0 0 12 0 0 0 0 2 10 0 0 6 0 0 1 0 12 1 0 0 52 12 0 0 0 0 0 0 0 0 0 0 0 0 0 0 0 0 0 0 0 9 0 0 0 0 0 0 0 0 0 0 0 0 0 0 12 2 0 153 157 2 3 0 0 0 0 0 0 22 0 0 0 0 0 0 2 0 0 0 0 0 0 12 0 0 0 0 19 0 0 0 
 1 0 0 5 0 6 2 0 0 1 0 2 0 0 0 3 0 0 0 0 70 52 67 68 78 36 313 73 91 67 63 41 0 85 26 28 31 50 304 135 68 4 3 3 0 0 6 0 8 7 1 1 2 48 4 4 3 0 4 0 4 4 0 3 0 0 3 0 2 0 6 0 0 2 0 0 2 0 0 59 0 0 1 0 0 0 0 0 0 0 0 0 2 0 0 0 0 0 0 0 12 15 25 0 19 0 28 10 0 0 0 0 9 19 0 0 0 0 0 53 0 1 1 0 1 2 0 0 1 2 0 2 0 0 0 0 0 1 0 0 0 1 0 1 0 0 0 0 0 0 0 0 4 1 0 4 0 0 2 0 0 0 0 0 0 2 0 0 0 0 0 0 0 0 0 0 0 0 0 0 40 12 5 0 0 0 28 29 15 0 2 0 43 20 18 20 14 0 0 16 0 0 0 1 1 0 0 0 0 0 1 0 0 0 0 1 1 2 2 0 1 0 0 31 1 0 2 0 2 0 0 0 1 1 0 0 0 0 0 1 0 0 1 0 0 2 0 0 0 0 0 0 0 0 16 0 0 0 0 0 2 0 0 0 0 0 0 0 0 0 0 0 0 0 0 0 0 0 0 0 0 0 0 0 0 2 0 0 0 0 
 4 3 2 79 2 4 3 2 2 2 2 2 2 5 2 11 2 2 1 2 112 469 253 74 307 43 369 382 113 83 32 192 85 0 442 44 49 22 206 182 0 0 0 0 0 3 0 0 0 1 5 2 0 0 8 0 0 65 0 0 1 0 6 0 0 1 0 2 0 0 0 0 2 1 1 5 0 1 0 0 0 0 0 0 0 0 0 0 0 0 0 0 0 0 0 0 0 0 0 0 13 39 45 0 0 0 1 28 40 2 0 0 0 33 51 25 28 1 0 0 0 0 0 0 0 0 0 0 0 0 7 1 0 0 0 0 0 0 0 0 0 3 0 0 0 0 0 0 0 0 0 0 0 0 0 0 0 0 0 0 0 0 0 2 0 0 0 0 0 0 0 0 0 0 0 0 0 0 0 0 42 30 14 35 0 0 14 16 46 0 0 0 0 46 7 24 2 2 0 6 0 0 0 0 0 0 0 0 0 0 0 0 0 0 0 0 0 0 0 0 0 0 1 0 0 0 0 0 0 0 0 0 0 0 0 0 0 0 0 0 0 0 0 0 0 1 0 0 0 0 0 0 0 0 7 0 2 0 0 1 1 4 0 0 0 0 0 0 0 0 1 0 0 0 0 0 0 0 0 0 0 1 0 0 0 1 0 0 0 0 
 2 0 0 0 0 2 0 0 0 0 0 0 0 0 3 1 1 0 1 0 210 529 282 53 56 60 36 136 77 71 36 37 26 442 0 80 37 37 62 95 0 3 0 3 0 0 3 0 0 3 0 0 0 0 6 2 0 0 0 0 0 54 0 3 0 5 3 0 0 0 3 0 0 2 0 63 2 0 0 0 10 0 0 0 10 0 0 0 0 0 12 0 0 0 0 0 0 0 9 0 1 0 36 2 0 0 0 27 57 21 0 0 0 11 5 11 15 20 0 0 0 0 0 0 0 0 0 0 0 0 0 0 0 0 0 0 0 0 0 0 0 0 0 0 0 0 0 0 0 0 0 0 0 0 0 0 0 0 0 0 0 0 0 0 0 0 0 0 0 0 0 0 0 0 0 0 0 0 1 1 1 4 25 30 0 0 0 22 48 11 0 0 0 11 27 11 0 33 0 1 0 0 0 0 0 0 0 0 0 0 0 0 0 0 0 0 0 0 0 0 0 0 0 0 0 0 0 17 0 0 0 0 0 0 0 0 0 0 0 0 0 0 2 0 0 0 0 0 0 0 0 0 0 0 7 0 0 0 0 0 9 0 0 0 0 0 1 0 0 0 0 0 0 0 0 0 0 0 0 0 0 0 0 0 0 0 0 0 0 0 
 0 0 0 5 0 0 0 0 0 0 34 3 0 0 2 0 0 0 0 1 32 666 237 40 73 283 57 116 181 505 83 67 28 44 80 0 189 274 240 60 0 3 0 3 37 19 2 0 0 3 1 0 0 0 0 3 0 0 0 0 0 3 0 95 0 1 3 0 0 58 3 0 0 2 0 5 2 0 0 0 0 0 0 0 0 0 0 0 0 0 0 0 1 0 0 0 0 0 0 0 7 2 41 55 0 0 0 0 18 46 36 31 0 1 12 28 33 37 0 7 0 0 0 0 0 0 0 0 0 0 0 0 0 0 0 0 0 0 0 0 0 1 0 0 0 0 0 0 2 0 0 0 2 25 0 0 0 3 0 0 0 0 7 0 0 0 0 0 0 0 0 0 0 0 0 0 0 0 0 0 1 36 38 43 5 0 0 0 0 41 42 8 0 0 23 30 38 39 0 0 0 0 0 5 0 0 0 0 0 0 0 0 0 0 0 0 0 0 2 0 0 0 0 0 1 0 0 0 0 0 0 0 0 0 0 0 7 0 0 0 0 0 21 0 0 2 0 0 0 0 0 0 0 0 14 0 0 1 2 1 12 1 0 0 0 0 14 0 0 0 0 0 0 0 0 0 0 0 0 0 0 10 0 0 0 0 1 0 0 0 
 0 74 2 0 0 0 0 0 2 0 0 4 0 0 1 0 0 0 3 0 96 195 196 133 61 70 36 31 188 228 177 58 31 49 37 189 0 315 32 37 3 4 0 5 3 0 4 0 6 3 0 0 0 2 0 2 3 3 2 3 2 3 0 3 0 0 4 50 0 1 5 0 2 4 5 0 2 1 0 0 0 0 0 0 0 0 0 0 0 0 0 0 0 0 0 0 0 0 0 0 0 0 0 21 0 0 0 0 28 38 27 61 0 0 0 20 8 13 0 0 0 0 0 2 0 0 0 2 0 0 0 0 0 0 0 1 0 0 0 0 0 0 0 0 0 0 0 0 0 0 0 0 0 0 0 0 0 0 16 2 4 0 0 0 0 0 0 0 0 0 0 0 0 0 0 0 0 0 0 0 0 0 8 29 10 0 0 0 0 29 33 15 0 0 12 0 55 29 0 0 0 1 0 2 0 0 10 2 0 0 0 0 0 2 0 0 0 0 0 0 18 0 0 2 0 0 0 0 0 0 0 0 0 0 0 0 0 0 2 0 0 0 6 0 0 0 0 0 0 0 0 0 0 0 21 0 1 85 0 0 14 0 0 0 0 0 7 0 0 0 0 2 0 0 0 0 1 0 0 0 0 11 0 0 0 0 14 0 0 0 
 2 0 0 0 0 0 2 2 0 0 0 0 0 0 0 0 0 0 4 0 31 48 297 265 257 258 241 43 484 139 217 75 50 22 37 274 315 0 23 33 0 3 0 3 0 0 2 0 0 3 0 0 0 0 0 2 0 0 0 0 0 3 0 3 0 0 3 0 0 0 3 0 0 2 0 0 2 0 1 0 0 0 0 0 0 0 0 0 0 0 0 0 0 0 0 0 0 0 0 0 0 0 1 30 1 1 0 0 10 19 31 27 0 0 1 13 15 25 0 0 0 0 2 0 0 0 0 0 0 0 0 1 1 0 0 0 10 1 0 0 0 0 1 0 0 0 35 0 0 0 0 0 0 0 0 0 0 19 0 0 0 0 0 0 0 0 0 0 12 0 0 0 0 0 0 0 0 0 0 0 0 0 12 23 21 1 0 0 0 17 35 19 2 2 1 0 36 29 0 0 0 0 0 0 1 0 0 0 0 0 0 0 0 0 0 0 0 0 0 0 2 0 6 0 0 0 0 0 0 0 0 0 0 0 0 0 0 0 0 1 0 0 13 0 0 0 0 0 0 0 0 0 0 0 10 0 1 76 147 4 1 0 0 0 0 0 6 0 0 0 0 0 0 0 0 0 0 0 0 0 0 11 0 0 0 0 12 0 0 0 
 3 3 3 9 4 304 76 77 3 3 3 5 3 5 4 3 3 3 6 3 49 37 270 289 77 43 47 62 81 95 47 479 304 206 62 240 32 23 0 267 0 3 0 3 0 0 2 37 0 3 0 0 4 0 0 2 0 0 0 0 0 3 2 3 0 0 14 0 25 0 3 0 0 7 0 0 2 0 0 0 0 0 0 0 0 1 0 0 0 9 0 2 0 0 0 0 0 0 0 0 23 0 1 0 0 0 51 28 0 0 0 0 13 14 0 0 0 0 13 38 0 0 0 1 0 0 0 0 0 0 0 0 0 0 0 0 0 0 1 0 0 0 0 0 0 0 0 0 0 0 0 0 0 0 3 2 0 0 0 1 0 0 0 0 19 28 0 0 0 0 0 1 0 0 0 0 0 3 0 0 23 1 0 0 2 0 29 27 1 0 0 0 29 13 11 11 0 0 1 37 1 0 0 1 0 0 0 1 0 0 0 0 0 1 1 0 0 0 0 0 0 0 0 0 0 0 0 20 0 0 0 0 0 0 0 0 0 0 0 0 0 0 0 0 0 0 0 0 0 0 0 0 0 0 12 0 2 0 0 2 1 2 0 0 0 0 0 0 0 0 0 0 0 1 0 0 0 0 0 0 0 0 0 0 0 0 0 0 0 0 
 73 73 1 5 0 7 0 32 21 0 0 64 0 74 35 1 36 0 0 2 146 53 88 543 607 52 265 158 364 84 136 41 135 182 95 60 37 33 267 0 0 3 0 3 2 0 2 0 0 3 0 2 7 0 0 2 0 1 0 0 0 6 0 3 0 0 3 0 0 2 3 53 0 2 0 0 2 0 0 0 0 23 9 0 35 0 0 11 15 0 12 0 0 0 8 11 1 21 1 0 11 34 50 0 0 0 19 47 32 0 0 0 14 28 4 0 0 0 0 2 0 0 0 0 0 0 0 0 0 0 0 0 0 0 2 1 0 0 0 0 0 6 0 0 0 0 0 0 0 0 0 0 0 0 0 4 0 1 0 0 0 49 0 9 0 0 0 0 19 0 0 0 0 8 23 0 0 0 11 1 37 29 21 0 0 0 0 12 11 0 0 0 89 23 9 20 0 0 0 5 0 2 0 0 0 0 0 0 0 0 0 0 0 0 0 0 2 0 0 0 0 0 0 0 0 0 0 0 0 0 0 0 0 0 0 0 0 2 1 0 0 0 0 0 0 0 0 0 0 0 0 0 20 0 7 0 0 0 0 2 0 0 0 0 0 0 0 0 0 0 0 1 0 0 0 1 2 0 0 0 0 0 0 0 0 0 0 0 0 0 
 66 0 0 5 0 0 0 0 0 58 0 3 0 3 0 0 0 0 0 0 2 0 0 0 16 16 0 2 0 0 0 0 68 0 0 0 3 0 0 0 0 82 75 46 18 29 281 268 261 48 248 68 287 171 239 30 238 45 255 401 1 1 0 2 3 3 0 2 3 0 4 4 0 0 3 0 4 5 0 0 0 0 11 8 0 0 13 0 0 0 0 0 0 0 0 0 0 0 0 0 0 0 0 0 8 6 0 0 0 0 0 0 0 0 0 0 0 0 0 0 6 25 31 0 0 0 10 30 7 5 10 0 16 25 21 49 38 9 0 10 0 0 0 0 0 0 0 0 0 0 0 0 0 0 0 0 0 0 0 0 0 0 0 0 0 3 0 0 0 0 0 0 0 0 0 0 0 3 0 0 0 0 0 0 0 0 0 0 0 0 0 0 0 0 0 0 0 0 0 0 33 30 17 0 0 1 17 20 16 10 7 0 2 34 0 17 21 11 4 6 0 0 0 0 0 0 0 0 0 0 0 0 0 14 0 0 0 0 0 0 0 0 2 0 0 0 0 0 0 0 0 15 0 6 0 0 0 0 2 11 0 0 0 0 2 2 0 0 0 0 10 0 0 0 0 1 0 0 0 0 0 0 0 0 0 0 0 0 1 0 
 3 5 56 3 3 3 4 2 3 3 2 3 3 8 3 9 3 3 3 3 3 3 3 3 3 3 6 23 3 3 3 3 4 0 3 3 4 3 3 3 82 0 395 303 30 42 59 346 323 66 85 253 52 47 266 471 224 66 51 70 0 2 0 2 0 2 3 13 6 2 0 2 44 1 0 3 0 6 3 47 0 0 0 0 0 0 0 0 0 0 0 0 10 0 0 0 22 0 0 0 0 8 0 0 0 0 0 0 0 0 0 0 0 0 0 0 0 0 0 0 0 9 13 38 12 0 0 0 15 14 25 9 0 0 11 11 34 26 0 0 12 15 0 0 0 0 0 6 7 0 0 10 2 17 5 4 1 1 0 0 0 0 0 0 0 1 0 0 0 0 0 0 0 0 4 0 0 2 0 0 0 0 0 0 0 0 0 0 0 0 0 0 0 0 0 0 0 6 0 0 0 20 15 30 10 0 0 15 32 22 23 41 0 1 0 58 29 70 0 0 0 14 0 0 0 0 18 1 0 0 0 0 0 9 0 8 0 12 8 2 0 0 0 0 0 1 0 0 10 0 0 7 1 0 0 0 0 0 0 14 0 0 0 0 2 1 0 0 0 0 14 0 0 0 0 0 0 0 0 0 0 0 0 0 0 25 0 0 0 0 
 3 3 3 3 3 2 2 3 3 3 3 3 3 2 5 2 2 3 6 3 0 0 0 0 0 0 61 0 0 0 0 0 3 0 0 0 0 0 0 0 75 395 0 113 54 43 63 113 233 254 46 30 62 71 86 146 145 238 40 44 0 0 0 0 0 0 0 0 4 51 3 0 0 50 0 0 0 0 0 0 0 0 0 0 0 0 0 0 0 0 0 0 0 0 0 0 0 0 0 0 0 0 0 0 0 0 0 0 0 0 0 0 0 0 0 0 0 0 0 0 0 20 17 31 18 9 0 0 24 9 21 20 0 1 0 1 13 19 0 0 0 4 0 0 0 0 0 0 0 9 0 0 8 0 0 0 4 0 0 0 2 0 0 5 0 1 0 0 0 0 0 0 0 0 6 4 0 0 0 0 0 0 0 0 0 0 0 0 0 0 0 0 0 0 0 0 0 2 0 0 1 57 18 26 22 32 0 0 19 34 8 32 0 2 0 0 8 22 0 0 0 0 0 0 0 7 4 0 0 0 0 0 0 0 0 0 0 0 39 0 0 0 19 0 0 0 0 0 0 0 0 7 0 0 0 0 0 0 0 4 0 0 1 4 0 14 0 1 2 0 0 0 0 0 0 0 0 0 0 0 0 0 0 0 10 26 0 0 0 5 
 0 0 0 0 0 0 0 0 0 0 0 0 0 0 66 2 0 0 0 0 3 71 3 3 3 3 3 3 3 3 213 3 3 0 3 3 5 3 3 3 46 303 113 0 84 41 86 269 85 304 177 285 79 54 283 276 51 325 88 55 0 2 4 5 0 0 0 6 4 11 2 0 0 0 0 11 6 8 0 0 0 0 0 1 0 0 0 0 10 0 0 0 0 0 0 0 0 0 0 0 0 0 0 0 0 8 0 0 0 0 0 0 0 0 0 0 0 0 0 0 0 0 29 0 36 21 0 0 0 0 0 20 0 0 0 0 0 1 0 0 0 2 0 5 5 0 0 0 0 4 4 5 1 0 0 0 9 3 0 0 2 0 0 2 0 0 0 0 3 40 0 0 0 0 0 4 0 0 0 0 0 0 0 0 0 0 0 0 0 0 0 0 0 0 0 0 0 0 0 0 0 2 0 7 20 29 0 0 3 41 8 31 0 0 0 3 12 0 7 0 0 0 11 0 5 9 4 0 3 0 15 3 11 0 0 0 5 0 58 8 0 0 11 0 0 0 0 0 0 0 0 9 0 1 0 0 0 0 0 0 0 0 8 6 0 39 5 4 0 0 14 0 0 0 0 4 0 0 0 0 0 4 0 0 10 0 0 0 0 0 
 4 4 0 0 0 0 0 3 0 0 0 0 0 4 6 0 0 0 6 0 0 0 0 6 0 0 0 0 0 0 0 0 0 0 0 37 3 0 0 2 18 30 54 84 0 214 49 62 302 106 152 250 85 293 102 92 87 39 95 296 0 0 3 64 0 0 3 0 0 0 0 4 0 0 0 0 0 4 0 1 12 15 0 4 0 0 0 0 0 0 0 0 0 0 1 12 0 4 0 2 0 0 0 0 0 0 0 0 22 0 10 0 0 0 0 0 0 0 10 0 0 0 18 1 28 18 0 0 18 0 0 0 0 0 0 0 0 0 0 0 10 0 0 0 0 0 33 20 0 0 0 0 16 26 0 0 0 0 3 0 0 3 36 0 0 0 0 0 7 1 0 0 2 0 0 18 0 3 0 4 0 0 0 0 0 0 0 0 0 0 0 0 0 0 0 0 0 0 0 0 0 0 0 1 20 0 0 0 0 0 1 0 0 0 0 0 0 0 0 0 0 0 1 0 0 0 9 2 0 0 0 0 27 23 25 0 0 0 9 33 0 5 0 0 0 0 0 0 0 0 0 3 0 0 0 0 0 0 0 5 0 0 1 1 2 0 0 11 0 0 0 0 2 0 0 0 0 0 0 0 0 0 0 0 0 0 0 0 1 0 
 0 1 0 0 0 1 0 0 0 0 30 0 0 4 0 0 0 0 5 0 0 0 2 0 0 0 63 0 0 17 0 0 0 3 0 19 0 0 0 0 29 42 43 41 214 0 37 240 46 134 82 194 239 45 61 89 63 255 40 48 0 0 0 8 31 0 1 0 0 52 4 10 0 0 0 0 2 24 60 2 0 0 0 0 0 0 0 0 0 0 0 0 0 0 0 0 0 0 0 0 0 0 0 0 0 0 0 0 0 0 0 0 0 0 0 0 0 0 0 0 0 0 0 0 0 13 0 0 0 0 0 0 18 0 0 0 0 0 0 0 6 0 11 2 4 5 38 0 0 0 0 6 34 37 0 1 0 0 17 0 0 0 0 0 0 0 0 0 0 0 0 0 8 0 0 0 0 0 0 9 0 0 0 0 0 0 0 0 0 0 0 0 0 0 0 0 0 0 0 0 0 0 0 0 11 0 0 0 0 0 0 0 0 0 0 0 0 0 0 0 14 1 0 0 2 2 8 1 0 0 0 0 5 37 20 0 8 0 3 18 0 0 0 0 0 1 0 0 0 0 0 6 0 0 0 0 0 0 0 0 0 0 1 0 1 1 2 0 0 0 0 0 0 0 0 13 0 0 0 0 0 0 0 0 0 0 0 0 0 0 
 0 2 0 4 0 0 0 0 0 0 0 2 0 0 3 0 0 0 0 0 5 2 2 2 2 214 2 5 2 2 2 2 6 0 3 2 4 2 2 2 281 59 63 86 49 37 0 297 35 264 52 38 290 244 42 105 94 44 48 185 0 0 0 0 0 0 0 0 0 0 0 0 0 0 0 0 0 0 203 0 0 0 0 0 0 0 0 0 0 0 0 0 0 0 0 10 0 0 0 0 0 0 0 0 0 0 0 0 0 0 0 0 0 0 0 0 0 0 0 0 19 17 20 1 0 0 1 16 19 9 3 0 0 9 28 13 1 9 0 13 0 0 0 0 0 0 6 0 2 0 0 0 4 0 0 0 0 0 0 0 0 0 0 0 0 2 0 0 0 0 0 0 0 0 0 0 0 0 0 0 0 0 0 0 14 0 0 0 0 0 0 0 0 0 0 0 0 0 0 0 24 15 14 0 0 0 12 33 27 0 0 0 0 39 17 12 9 0 0 0 0 0 13 8 0 0 9 0 0 0 0 0 0 0 0 0 0 0 0 0 0 0 0 0 0 0 0 0 0 0 0 10 0 2 0 0 0 0 0 4 0 0 1 0 0 6 0 0 0 0 0 0 0 0 0 0 0 0 0 0 0 0 0 0 0 1 0 0 2 0 
 0 0 0 3 0 0 0 0 1 0 0 0 0 3 67 0 0 0 0 0 2 0 0 0 0 0 0 2 0 0 0 0 0 0 0 0 0 0 37 0 268 346 113 269 62 240 297 0 398 66 23 240 81 341 202 262 38 31 269 268 0 0 0 0 0 0 0 0 4 0 0 1 0 0 0 0 0 0 0 0 0 0 0 0 0 0 0 0 0 12 0 0 9 0 0 0 0 0 0 0 0 0 0 0 20 0 5 0 0 0 0 0 0 0 0 0 0 0 0 0 0 37 11 10 0 0 0 0 32 28 17 0 0 7 35 50 63 19 0 0 0 2 0 0 0 0 0 0 0 0 0 0 0 0 0 0 0 0 0 0 0 0 0 1 0 6 0 0 0 0 17 0 0 1 5 0 0 5 0 0 0 0 0 0 0 0 0 0 0 0 0 0 0 0 0 0 0 0 0 0 27 49 11 0 2 0 0 16 19 28 22 7 0 24 0 27 13 38 0 0 0 7 0 0 0 0 0 0 0 0 0 0 0 0 0 0 0 0 11 0 0 0 0 0 0 0 0 0 0 0 0 9 0 0 0 0 0 0 0 14 0 0 2 0 2 1 0 0 0 0 12 0 0 0 0 0 0 0 0 0 0 0 0 0 0 15 0 0 0 1 
 2 2 2 7 2 32 2 2 2 2 2 5 2 3 2 2 2 2 4 2 6 0 2 0 0 0 0 3 0 0 175 0 8 0 0 0 6 0 0 0 261 323 233 85 302 46 35 398 0 238 73 34 70 66 400 207 371 408 313 73 0 0 0 0 0 0 0 0 0 0 0 0 0 0 0 0 0 0 0 0 0 0 0 0 0 0 0 27 0 0 0 0 0 0 0 0 0 0 0 0 0 0 0 0 12 0 0 0 0 0 0 0 0 0 0 0 15 20 0 0 0 19 24 52 16 0 0 0 52 22 46 21 0 0 0 0 56 14 0 0 11 3 0 0 0 0 0 0 0 0 0 0 0 0 0 0 0 0 0 0 10 0 0 4 0 0 0 0 0 0 0 0 0 0 13 6 0 0 0 0 0 0 0 0 0 0 0 0 0 0 0 0 0 0 0 0 0 0 0 13 0 9 18 49 36 18 0 0 16 39 18 17 0 0 29 0 10 16 0 0 0 0 0 0 0 8 12 0 0 0 0 0 0 0 0 0 0 0 22 0 0 0 12 0 0 0 0 0 0 0 0 2 0 0 0 0 0 0 0 1 0 0 0 3 1 11 1 2 2 0 27 0 0 0 0 0 0 0 0 0 0 0 0 0 1 4 0 0 0 0 
 0 0 0 0 0 2 0 0 0 0 0 2 0 3 3 0 0 0 0 0 3 3 3 4 9 7 3 3 3 3 214 14 7 1 3 3 3 3 3 3 48 66 254 304 106 134 264 66 238 0 566 68 80 67 95 316 285 45 104 544 0 0 0 2 0 0 0 0 2 25 0 0 0 0 0 0 0 53 0 51 0 0 0 0 0 0 0 0 0 0 0 0 0 0 0 0 0 0 0 0 0 0 0 0 4 5 0 0 0 0 0 0 0 0 0 0 0 0 0 0 0 20 12 22 33 7 0 0 8 8 10 38 8 9 0 0 1 8 4 7 0 28 0 0 0 0 0 0 0 0 0 0 0 0 9 0 3 0 0 0 6 0 0 3 0 0 0 0 4 0 0 0 0 0 0 28 0 0 0 0 0 0 0 0 0 4 0 0 0 0 0 1 0 0 0 0 0 0 0 0 6 0 0 50 73 39 8 0 9 17 9 40 0 0 0 0 10 5 25 17 0 0 0 0 0 31 15 0 0 0 0 0 3 0 0 0 0 0 14 0 0 0 54 0 0 0 0 0 0 0 0 13 0 0 0 0 0 0 0 3 0 0 63 66 0 11 0 64 0 0 1 0 0 0 0 0 0 0 0 0 0 1 0 0 6 19 0 0 1 0 
 3 3 3 6 3 3 3 3 3 3 3 3 3 3 5 3 3 3 6 3 3 1 3 0 0 0 0 3 0 0 1 0 1 5 0 1 0 0 0 0 248 85 46 177 152 82 52 23 73 566 0 272 233 41 79 104 104 247 113 92 4 0 0 1 2 28 3 0 0 0 0 0 12 4 0 0 0 0 1 12 0 0 0 0 0 0 0 0 0 0 0 0 0 0 0 0 0 0 0 0 0 0 0 0 0 0 0 0 0 0 0 0 0 0 0 0 0 0 0 0 0 0 9 0 34 23 0 0 0 0 0 21 0 0 0 0 0 1 0 0 0 5 17 0 0 13 0 6 3 0 0 0 0 9 5 3 7 0 0 10 5 0 0 1 0 4 0 0 4 0 0 0 0 1 0 5 0 0 0 0 0 0 0 0 0 0 0 0 0 0 7 0 0 0 0 0 0 0 0 0 0 0 0 19 29 37 0 0 0 13 13 28 11 0 0 0 0 0 0 0 0 5 0 2 0 11 7 2 3 1 0 0 11 9 3 7 0 3 34 6 0 0 18 0 0 0 0 0 0 0 0 9 0 1 0 0 0 0 0 0 0 0 37 3 0 10 4 34 0 0 1 0 0 0 0 0 0 0 0 0 0 4 0 0 13 0 0 0 1 0 
 0 0 0 0 0 0 0 0 0 0 0 0 0 0 0 0 0 0 5 0 0 0 0 0 21 8 0 0 0 0 1 0 1 2 0 0 0 0 0 2 68 253 30 285 250 194 38 240 34 68 272 0 34 93 33 38 284 107 42 44 0 0 0 2 0 0 5 0 0 0 0 0 0 0 0 0 0 9 0 0 0 0 0 0 0 0 0 0 0 0 0 0 2 11 0 0 0 0 0 0 0 0 0 0 0 11 0 0 0 0 0 0 0 0 0 0 0 0 0 0 5 0 0 0 40 34 14 0 0 0 0 7 20 7 0 0 0 0 0 6 4 0 0 0 0 0 20 0 0 0 0 0 23 0 0 0 0 0 18 0 0 0 0 0 0 0 0 0 6 0 0 0 8 0 0 10 0 0 0 0 0 0 0 0 0 0 0 0 0 0 0 0 0 0 0 0 0 0 0 0 3 0 0 18 5 12 22 1 0 0 8 0 0 1 0 0 0 0 5 5 0 0 0 0 0 0 0 0 0 0 0 0 14 1 15 0 0 0 7 3 0 0 0 0 0 0 0 0 0 0 0 9 0 0 0 0 0 0 0 1 0 0 64 63 0 3 8 66 0 0 0 0 0 0 0 0 0 0 0 0 0 0 0 0 0 0 0 0 0 0 
 0 0 2 0 0 3 0 0 0 0 0 0 0 0 0 0 0 0 0 0 80 0 0 0 2 0 1 0 0 0 0 0 2 0 0 0 0 0 4 7 287 52 62 79 85 239 290 81 70 80 233 34 0 81 247 22 27 27 356 239 0 0 0 2 0 0 0 0 1 0 0 0 58 23 0 0 0 0 0 0 0 0 0 0 0 0 0 0 0 0 0 0 0 0 0 0 0 0 0 0 5 0 0 17 0 0 6 2 0 0 0 0 5 0 0 0 0 0 0 5 43 10 22 0 0 0 31 47 2 0 10 0 14 27 25 2 0 0 1 10 0 0 0 0 0 0 7 12 7 0 0 0 7 0 0 0 0 0 0 0 0 2 0 0 0 0 0 0 0 0 0 0 0 0 0 0 0 0 0 0 7 1 0 0 0 1 0 6 0 0 0 0 4 11 0 2 0 0 0 5 49 1 16 0 0 0 60 42 1 1 0 0 0 20 21 3 1 0 0 0 0 0 0 0 0 0 0 0 0 0 0 0 0 0 0 0 0 0 0 0 0 0 0 0 0 0 0 0 0 0 0 12 0 1 0 0 0 0 0 2 0 0 2 0 2 0 0 0 1 0 0 0 0 0 0 0 0 0 0 0 0 0 0 0 0 0 0 0 0 0 
 0 0 0 5 0 0 0 0 0 0 0 2 0 0 0 0 0 111 0 0 0 0 33 0 0 0 0 0 0 0 0 0 48 0 0 0 2 0 0 0 171 47 71 54 293 45 244 341 66 67 41 93 81 0 292 24 98 238 283 460 0 0 0 2 0 0 0 0 3 0 0 0 0 0 0 0 0 0 0 0 0 0 0 0 0 0 0 0 0 0 0 0 0 0 0 0 0 0 0 0 0 0 0 0 0 0 0 0 0 0 0 0 0 0 0 0 0 0 0 0 0 27 47 10 4 0 0 30 32 67 9 1 0 10 52 23 69 10 0 0 0 0 0 0 0 0 2 0 0 0 0 0 1 0 0 0 0 0 0 0 0 0 0 0 0 8 0 0 0 0 0 0 0 0 0 0 0 6 0 0 0 0 0 0 0 0 3 0 0 0 0 0 0 0 0 0 0 0 0 0 17 16 30 1 0 0 0 38 24 16 7 0 0 34 12 48 29 14 0 0 0 0 0 0 11 0 0 0 0 0 0 0 0 0 0 0 0 0 0 0 0 0 0 0 0 0 0 0 0 0 0 12 0 0 0 0 0 0 0 16 0 0 0 0 0 0 0 0 0 0 30 0 0 0 0 0 0 0 0 0 0 0 7 0 10 15 0 0 0 0 
 2 2 2 3 2 2 2 2 4 2 2 2 2 2 2 2 2 2 4 2 6 8 0 0 0 0 0 20 0 0 0 0 4 8 6 0 0 0 0 0 239 266 86 283 102 61 42 202 400 95 79 33 247 292 0 327 327 70 101 137 5 2 0 0 0 0 47 0 6 0 0 0 0 0 3 0 0 0 0 0 0 0 0 0 0 0 0 0 0 0 0 0 0 0 0 0 0 0 0 0 0 0 9 3 0 0 0 0 1 2 0 0 0 10 6 5 2 0 0 0 0 25 9 16 0 0 0 1 26 20 13 0 0 6 15 36 34 34 0 0 0 0 0 0 0 0 0 0 0 0 0 0 0 0 0 0 0 0 0 0 0 0 0 0 0 3 0 0 0 2 0 0 0 0 5 0 0 3 0 0 0 0 0 0 0 0 0 0 9 7 0 0 0 0 2 0 0 5 0 0 27 29 34 0 0 2 0 13 23 31 22 7 0 22 14 21 25 26 0 0 0 0 0 0 7 0 0 0 0 0 0 0 0 0 0 0 0 0 0 0 0 0 2 0 0 0 0 0 0 19 0 9 0 2 0 0 0 0 1 7 0 0 0 0 0 1 0 0 1 0 8 0 0 0 0 0 0 0 0 0 0 0 0 0 0 1 0 0 2 0 
 0 0 0 0 0 0 0 0 0 0 0 0 0 0 3 3 0 0 0 0 2 2 2 2 22 2 2 2 2 2 2 3 4 0 2 3 2 2 2 2 30 471 146 276 92 89 105 262 207 316 104 38 22 24 327 0 152 260 250 85 0 0 0 0 0 0 0 0 2 0 0 0 1 0 0 0 0 0 5 1 0 0 0 0 0 0 0 0 0 0 0 0 0 0 0 0 0 0 0 56 0 0 0 0 0 0 0 0 0 0 0 16 0 0 0 0 0 0 0 0 0 14 17 38 4 5 0 0 13 9 32 15 0 0 0 2 13 17 0 0 4 13 0 0 0 0 0 3 2 0 0 0 3 0 0 0 25 2 29 0 3 0 0 2 0 0 0 0 0 0 0 0 0 0 3 3 0 0 0 0 0 0 0 0 0 0 0 0 0 0 0 0 0 0 0 0 0 0 0 0 0 16 19 24 26 27 0 1 5 25 13 62 0 0 0 4 22 27 0 0 40 0 0 0 0 8 9 0 1 0 0 0 2 3 1 4 0 32 25 0 0 0 27 0 0 0 0 0 0 0 0 0 0 1 0 0 0 0 0 1 0 0 1 2 0 15 1 1 0 0 0 0 0 0 0 0 0 0 0 0 0 0 0 0 15 20 0 0 0 0 
 3 65 4 3 3 3 4 3 3 3 3 3 7 3 3 5 3 4 14 7 0 0 0 0 0 0 0 0 0 0 0 0 3 0 0 0 3 0 0 0 238 224 145 51 87 63 94 38 371 285 104 284 27 98 327 152 0 256 27 39 4 1 0 0 0 0 7 67 2 3 0 0 1 3 2 0 0 0 0 0 4 0 0 0 0 0 3 1 0 0 0 0 0 3 0 0 0 0 25 4 0 0 0 0 0 0 0 0 0 0 0 0 0 0 0 0 0 0 0 0 0 11 10 26 13 0 0 0 24 19 26 30 0 0 4 0 10 22 0 0 0 31 0 0 0 0 0 0 0 0 0 0 0 11 0 0 7 0 0 0 9 0 0 2 0 0 1 6 0 0 0 0 5 3 4 23 3 0 0 1 0 0 0 0 0 0 0 0 0 0 14 0 0 2 0 0 1 0 0 0 0 17 24 14 59 22 0 0 13 34 22 77 0 0 0 0 11 32 0 0 0 0 0 0 0 23 14 0 0 0 0 0 0 0 0 0 0 0 10 18 0 0 27 0 0 0 0 0 0 26 0 3 0 1 0 0 0 0 0 0 0 0 0 1 2 11 1 0 0 0 0 0 0 0 0 0 0 0 0 0 0 0 0 0 11 4 0 0 0 0 
 0 0 0 0 0 0 0 0 0 0 1 0 0 0 4 0 0 0 4 0 0 0 2 0 0 0 0 0 0 0 0 0 0 65 0 0 3 0 0 1 45 66 238 325 39 255 44 31 408 45 247 107 27 238 70 260 256 0 47 58 0 0 0 2 0 0 0 0 0 0 0 0 0 0 0 0 0 1 0 0 0 0 0 0 0 0 0 0 0 0 0 0 0 0 0 0 0 0 0 0 0 0 0 0 0 0 0 0 0 0 0 0 0 0 0 0 0 15 0 0 0 6 18 43 44 6 0 2 11 8 15 27 0 0 4 0 1 10 0 0 0 9 0 0 0 0 0 0 0 0 0 0 0 0 0 0 6 0 0 0 14 0 0 3 19 0 0 0 20 0 0 0 0 0 1 4 0 0 0 0 0 0 0 0 0 0 0 0 0 0 0 0 13 0 0 0 0 0 0 0 0 3 0 46 15 42 0 26 13 30 16 18 3 1 7 0 14 21 0 0 0 0 0 0 0 9 15 0 0 0 0 0 0 0 20 0 0 0 19 15 0 0 21 0 0 0 0 0 0 0 0 11 0 1 0 0 0 0 0 3 0 1 61 62 0 14 3 62 1 0 0 0 0 0 0 0 0 0 0 0 0 1 0 0 6 19 0 0 2 0 
 0 0 0 5 5 4 0 0 0 0 0 21 0 0 3 5 0 0 0 0 0 0 0 0 2 191 0 0 0 0 0 0 4 0 0 0 2 0 0 0 255 51 40 88 95 40 48 269 313 104 113 42 356 283 101 250 27 47 0 911 2 0 0 1 0 39 0 7 0 0 0 0 0 0 0 0 0 0 0 0 0 0 0 0 4 22 0 0 0 0 1 7 0 0 0 0 0 0 0 0 0 13 0 0 2 1 7 0 0 0 0 0 0 0 0 0 0 0 22 7 25 0 1 0 0 0 29 7 0 12 0 0 12 19 7 0 0 0 28 25 0 0 0 1 0 0 5 0 17 0 0 0 4 0 0 0 5 0 0 0 0 0 0 10 0 5 0 0 0 0 0 3 0 0 0 0 0 1 0 0 0 1 0 0 1 35 0 0 0 0 0 4 0 1 0 0 0 1 7 4 20 10 0 0 0 0 55 19 0 0 0 0 43 0 33 7 0 0 14 42 0 0 0 0 0 0 0 0 0 0 0 0 0 0 0 0 0 0 0 0 0 0 0 0 0 0 3 0 0 0 0 8 0 2 0 0 0 0 0 2 0 0 1 0 0 0 2 0 0 0 0 0 0 0 0 0 0 0 0 0 0 0 0 0 0 0 0 0 2 0 
 0 0 4 0 0 0 0 0 0 0 0 0 0 0 0 3 0 0 0 35 2 0 0 61 3 0 0 0 0 1 62 0 0 0 0 0 3 0 0 0 401 70 44 55 296 48 185 268 73 544 92 44 239 460 137 85 39 58 911 0 0 0 0 0 0 0 0 0 31 0 0 0 0 0 0 0 0 0 0 1 0 0 9 0 0 0 0 0 0 0 17 0 0 0 12 0 0 0 0 0 0 0 0 0 0 0 0 0 0 0 0 1 0 0 7 0 0 0 0 0 28 19 21 0 0 5 0 37 9 14 9 0 9 14 10 7 1 7 1 0 0 0 0 0 0 0 3 0 1 0 0 0 3 0 0 0 0 0 0 0 0 0 0 0 0 6 0 0 0 0 0 0 0 0 0 0 0 0 0 0 0 0 0 0 0 0 0 0 0 5 0 0 0 0 0 0 0 0 0 0 12 8 8 0 0 0 28 27 7 0 0 0 0 23 15 10 0 0 0 1 0 0 0 0 0 0 0 0 0 0 0 0 0 0 0 8 0 0 0 0 0 0 0 0 0 0 0 0 0 0 0 4 1 1 0 0 0 0 0 3 0 0 1 0 0 0 0 0 0 0 0 0 0 0 0 0 0 0 0 0 0 0 0 0 0 0 0 0 0 0 
 0 0 3 4 0 0 0 0 0 0 0 2 0 45 3 0 0 0 0 0 0 0 1 0 0 0 0 0 0 1 0 0 4 1 0 0 2 0 0 0 1 0 0 0 0 0 0 0 0 0 4 0 0 0 5 0 4 0 2 0 0 109 114 46 47 41 269 242 241 40 14 37 44 155 210 33 32 38 66 65 0 0 0 0 0 0 0 8 0 0 0 0 0 0 0 0 0 0 0 0 0 0 0 0 31 0 0 0 0 18 0 0 0 0 0 0 1 0 1 0 0 0 1 0 0 0 1 0 1 0 0 0 1 0 1 0 0 0 0 9 19 8 45 0 0 0 11 3 7 4 0 0 0 8 12 16 2 8 0 1 0 0 0 0 0 0 0 0 0 0 0 0 0 0 0 0 0 0 0 0 0 0 0 0 0 0 0 0 0 0 0 0 0 0 0 0 0 0 0 0 0 0 0 0 0 0 0 0 0 0 0 0 0 0 0 0 0 0 0 0 1 26 23 12 0 0 0 15 11 13 0 0 0 7 18 10 23 18 0 0 8 0 0 0 0 0 0 0 0 0 0 0 0 0 7 0 0 0 0 0 0 0 0 0 0 0 0 0 0 0 2 1 0 0 0 0 0 0 0 0 0 0 0 0 0 2 0 0 0 2 
 2 2 2 2 2 6 2 2 2 2 2 2 2 2 2 8 2 2 2 2 3 3 3 3 3 3 3 3 3 3 3 3 4 0 54 3 3 3 3 6 1 2 0 2 0 0 0 0 0 0 0 0 0 0 2 0 1 0 0 0 109 0 301 71 59 22 65 300 220 45 31 275 61 41 246 251 266 259 285 57 0 0 0 0 0 0 0 0 0 0 0 0 0 0 0 0 0 0 0 0 0 0 0 0 0 0 0 0 0 0 0 0 0 0 0 0 0 0 0 0 0 0 0 0 0 0 0 0 0 0 0 0 22 0 0 0 0 0 0 0 0 0 0 8 0 0 0 0 0 34 19 0 0 0 35 0 6 13 0 0 0 0 0 0 0 0 0 0 0 18 0 0 0 0 0 0 0 0 0 0 0 0 0 0 0 0 0 0 0 0 0 0 0 0 0 0 0 5 0 8 0 0 0 0 0 0 0 0 0 0 0 0 0 0 0 0 0 0 0 0 0 5 10 0 0 0 0 0 0 13 19 21 1 0 0 0 11 4 0 0 4 0 0 0 0 0 0 0 1 0 0 0 0 0 6 0 0 0 0 0 0 0 0 0 0 0 12 0 0 0 21 0 0 0 0 0 0 0 0 0 0 0 0 0 0 2 0 3 0 0 
