 0 70 282 43 27 31 433 399 41 26 86 21 77 156 373 113 137 33 29 223 2 0 0 3 2 2 3 3 4 0 3 0 2 3 1 3 0 0 0 3 0 0 10 0 3 3 0 2 0 0 4 2 0 0 22 0 0 3 0 3 0 0 2 0 0 0 0 41 3 0 0 0 0 0 4 0 2 0 3 51 71 17 17 0 0 0 10 41 66 1 0 0 11 59 28 31 22 7 13 22 0 0 0 0 0 0 12 0 0 0 0 0 0 0 0 0 0 0 0 0 0 0 0 0 0 0 0 0 0 0 0 0 0 0 0 0 0 0 0 0 5 0 0 0 0 0 0 0 0 0 0 0 0 0 0 0 0 0 0 0 41 29 22 0 0 0 0 45 19 0 1 0 0 9 29 21 16 16 0 14 0 0 0 0 0 0 0 0 0 0 0 0 0 0 0 0 0 0 0 0 0 0 0 0 0 0 0 0 0 0 0 0 0 0 0 0 0 0 0 0 0 0 0 0 0 0 0 0 0 0 0 0 0 0 0 0 0 0 0 0 0 1 0 0 0 2 0 2 0 0 0 11 0 0 0 0 0 0 0 0 0 0 0 0 0 0 0 0 0 0 0 0 0 0 0 0 14 0 0 0 0 0 0 0 0 0 0 0 0 0 
 70 0 427 34 181 21 69 496 549 37 88 56 202 132 392 365 233 37 26 52 0 0 1 3 2 2 3 4 3 73 0 0 0 3 0 4 0 1 0 5 0 0 3 0 3 3 0 2 5 0 4 2 0 0 0 0 0 2 0 3 0 0 2 0 0 0 0 0 3 0 0 0 0 0 3 0 2 0 2 0 0 26 116 18 46 2 0 14 31 13 36 0 2 1 1 57 32 62 0 0 0 0 0 0 0 0 0 0 0 0 0 0 0 0 0 0 0 0 0 19 2 0 0 0 0 0 0 0 2 0 0 0 0 0 0 0 0 0 0 0 46 0 0 0 0 3 0 0 0 0 0 0 0 0 0 0 0 2 0 16 9 50 24 26 0 0 3 0 25 31 28 0 2 0 0 20 29 37 0 0 0 0 0 0 0 2 0 0 0 0 0 0 0 0 0 0 0 0 0 0 0 0 0 0 0 0 0 0 1 0 2 0 1 0 0 0 0 0 2 1 0 0 0 0 0 0 0 0 0 0 0 0 37 0 0 0 0 0 0 0 0 3 0 0 0 0 1 0 0 1 0 14 0 0 0 0 0 0 0 0 0 0 0 0 0 0 0 0 59 0 0 0 0 0 0 13 15 12 0 0 0 0 0 0 0 0 0 0 0 0 
 282 427 0 121 49 49 76 108 468 861 153 245 298 516 81 137 646 401 246 34 0 0 0 3 0 3 3 3 5 0 0 0 1 3 0 3 0 0 0 3 0 0 3 0 4 3 0 2 7 0 5 6 0 0 0 0 0 2 0 3 0 0 3 7 0 0 0 1 2 0 0 0 0 0 3 0 2 1 3 0 0 25 32 26 28 0 1 0 59 24 58 25 0 0 1 11 25 55 0 0 0 0 0 0 0 0 0 2 0 0 0 0 0 0 0 0 0 0 0 0 15 0 0 0 0 1 0 0 0 0 0 0 2 0 0 0 0 1 0 0 0 0 1 0 0 2 0 0 0 0 0 0 0 0 0 1 0 0 0 0 2 16 11 15 0 0 1 1 20 50 20 7 0 0 0 7 8 20 0 0 0 0 0 0 0 0 0 0 0 0 0 0 1 0 0 0 0 0 0 0 0 0 0 0 1 0 0 0 13 0 0 0 0 0 0 0 0 0 0 0 0 0 0 0 0 0 1 0 0 0 0 0 0 2 0 0 0 1 0 0 0 19 0 0 0 2 4 0 1 8 0 7 0 0 0 0 0 0 0 0 0 0 0 0 0 0 0 0 0 0 0 0 0 2 0 29 1 28 0 0 0 0 0 0 0 1 0 0 0 0 
 43 34 121 0 64 39 74 309 67 444 158 407 61 307 266 261 135 400 301 39 0 0 0 3 0 3 3 3 4 0 0 0 0 3 0 3 0 3 0 3 0 0 3 0 4 8 0 2 0 0 5 2 0 0 0 0 0 3 1 3 0 0 3 0 0 0 0 0 3 1 0 8 0 0 0 0 2 0 3 0 0 0 0 11 19 83 0 0 0 23 13 37 0 0 0 2 0 8 0 0 0 0 0 8 0 0 1 13 0 0 0 0 31 0 0 0 0 0 22 2 15 0 0 0 0 0 0 0 0 0 0 0 0 0 0 0 0 18 0 0 0 1 0 0 0 0 0 0 0 0 0 0 0 0 0 0 0 0 0 0 0 0 0 10 34 36 0 0 0 18 5 50 0 0 0 0 0 0 0 0 0 0 14 0 0 0 1 0 0 0 0 0 35 0 0 0 0 0 6 1 0 0 0 0 0 0 0 0 14 0 0 0 0 0 18 0 6 0 0 0 0 0 0 0 0 0 0 0 0 0 0 18 0 0 0 0 0 0 0 0 0 14 0 0 0 3 52 0 0 96 2 10 12 0 0 0 0 0 0 0 0 0 29 0 0 0 0 0 0 0 0 0 0 0 0 17 0 0 0 0 0 0 0 0 0 0 0 0 0 0 
 27 181 49 64 0 669 56 79 112 78 108 412 163 65 64 159 51 42 93 71 0 0 0 3 0 3 42 3 3 112 0 0 2 3 0 3 0 7 6 5 0 4 2 0 9 6 0 2 0 0 10 2 0 0 0 2 0 4 6 3 0 0 2 0 0 0 10 4 3 13 0 5 3 0 41 0 2 46 0 0 0 0 0 12 19 76 0 0 1 0 0 0 2 0 0 0 1 0 0 0 21 0 0 0 0 0 36 0 0 0 0 0 0 0 0 1 0 0 70 52 2 0 0 0 0 0 0 0 2 0 0 0 0 0 0 0 0 0 0 0 0 8 0 0 0 0 0 0 0 0 0 0 0 0 27 0 0 2 0 0 0 0 0 0 44 28 0 0 0 0 0 22 2 0 0 0 0 0 0 0 0 0 0 15 0 0 2 0 0 0 16 0 37 0 0 0 0 0 47 11 0 0 0 0 0 0 0 0 14 0 2 0 1 0 2 0 0 0 2 1 0 0 10 0 0 0 0 0 0 0 0 0 0 0 0 0 0 0 0 0 0 0 0 0 0 0 3 0 3 2 0 12 11 0 1 0 0 0 0 0 0 0 37 0 0 0 0 0 0 0 0 0 0 0 0 0 0 0 0 0 0 0 0 0 0 0 0 0 0 0 
 31 21 49 39 669 0 320 256 45 45 70 68 56 52 56 304 269 62 278 50 3 65 4 3 0 5 3 6 3 0 2 0 3 5 0 3 0 0 304 3 1 0 3 0 2 6 3 4 0 0 4 5 1 2 0 8 0 5 6 3 1 0 3 2 2 2 2 0 3 11 1 6 0 0 0 2 2 0 3 2 0 0 0 0 13 33 0 0 0 0 0 0 0 0 1 0 0 0 0 0 18 0 0 0 1 0 25 0 0 0 1 0 21 17 0 0 0 0 22 36 0 2 0 0 0 0 0 1 0 0 0 0 0 0 0 0 0 0 0 2 0 10 0 2 0 0 0 0 0 0 0 0 0 0 2 0 0 10 2 0 0 0 0 0 17 4 0 0 0 0 0 1 0 0 0 0 0 0 0 0 1 0 0 0 0 0 17 0 0 0 4 0 47 14 0 0 0 0 48 39 0 1 2 0 0 5 0 0 0 0 0 0 0 0 10 0 0 0 0 0 0 0 0 0 0 0 0 0 0 0 0 0 0 0 0 0 0 0 0 1 0 0 0 0 1 1 10 1 1 5 0 5 1 0 0 1 0 0 0 0 0 0 0 0 0 0 0 0 0 0 0 0 0 0 0 0 0 0 0 0 0 0 0 0 0 0 0 0 0 0 
 433 69 76 74 56 320 0 81 276 39 38 50 538 347 43 40 89 37 72 398 2 0 0 3 2 3 3 3 5 0 0 0 0 3 0 3 0 0 0 3 0 0 17 0 3 4 0 2 0 0 4 2 0 0 0 0 0 3 0 3 0 0 3 0 0 0 0 54 3 0 0 0 0 0 0 0 2 0 3 0 93 19 14 0 0 0 2 39 13 0 0 0 18 66 44 9 21 0 1 17 1 0 0 0 3 0 2 0 0 0 0 0 0 2 0 2 0 0 0 0 0 0 0 0 0 2 0 0 0 0 0 0 0 0 0 0 0 0 0 0 0 0 0 0 0 0 0 0 0 0 0 0 0 0 0 1 2 0 0 0 29 0 1 0 0 0 0 45 2 0 0 0 0 52 55 17 12 1 11 10 24 0 0 0 0 0 0 0 0 0 0 0 0 0 0 0 0 0 0 0 0 0 0 0 0 0 0 1 0 0 0 0 0 2 0 0 0 0 0 0 0 0 1 0 0 0 1 0 0 0 0 0 0 0 0 0 0 0 0 0 0 0 0 0 0 2 0 0 3 0 0 2 0 0 0 0 0 0 0 0 0 0 0 0 0 0 0 0 0 0 0 0 0 0 0 0 0 0 0 0 0 0 0 0 0 0 0 0 0 0 
 399 496 108 309 79 256 81 0 93 268 346 57 372 409 138 43 47 126 281 56 0 0 0 3 0 1 5 5 6 0 0 2 4 3 73 3 0 0 0 3 0 0 12 0 5 3 0 2 5 0 6 2 0 0 0 2 0 2 0 3 0 0 2 0 0 0 0 1 3 0 0 0 1 0 4 0 2 0 1 0 13 66 30 28 6 0 2 43 58 10 0 0 0 144 73 45 70 58 0 0 0 0 0 0 0 0 0 0 18 0 0 0 0 0 0 0 0 0 0 0 0 0 2 0 0 0 0 0 0 0 0 0 0 0 0 2 0 0 0 0 7 0 0 0 0 2 0 0 0 0 0 0 47 0 0 0 0 0 1 0 11 45 38 2 0 0 4 10 34 36 25 0 0 14 24 22 16 36 0 0 0 0 0 0 0 0 0 0 0 0 0 0 0 0 0 2 0 0 0 0 0 0 0 0 0 0 0 0 0 0 0 0 0 0 0 0 0 0 0 0 0 0 0 0 0 0 0 0 2 0 0 0 0 0 0 0 0 0 0 0 0 0 0 0 2 2 0 0 2 0 0 5 0 0 0 0 0 0 0 0 0 0 0 0 0 0 0 0 0 0 0 0 0 0 0 10 38 0 0 0 0 0 0 0 0 0 0 0 0 0 
 41 549 468 67 112 45 276 93 0 444 220 51 93 133 98 171 445 435 114 78 0 0 0 3 2 3 3 3 5 25 0 0 2 3 0 3 0 0 0 3 0 73 3 0 6 21 0 2 6 0 5 2 0 0 0 0 0 2 0 3 0 0 3 0 0 0 0 0 3 0 0 0 0 0 0 0 2 0 3 0 0 34 27 33 31 0 0 0 35 24 41 25 0 0 0 12 77 52 2 0 2 1 0 0 0 0 0 0 21 0 0 0 0 1 0 0 0 0 0 12 15 0 0 0 0 0 0 0 0 0 0 0 0 0 0 0 0 0 0 0 8 0 0 0 0 4 0 0 0 0 0 0 0 0 0 0 0 0 0 0 0 15 12 38 0 1 4 0 22 44 37 22 0 0 0 20 17 24 0 0 19 0 0 0 0 0 0 0 0 0 0 0 1 0 0 0 0 0 7 0 0 0 0 0 0 0 0 2 2 0 0 0 0 1 2 0 0 0 0 0 0 0 2 0 0 0 0 0 0 1 0 2 0 0 0 0 0 28 0 0 0 21 0 0 0 0 4 0 2 2 2 10 0 0 0 0 0 0 0 0 0 0 0 0 0 0 0 0 0 0 2 0 0 0 0 12 1 2 0 0 0 0 0 0 0 0 0 0 0 0 
 26 37 861 444 78 45 39 268 444 0 591 281 103 174 296 408 548 151 98 65 0 0 0 76 0 3 3 3 4 0 0 0 84 3 2 3 0 0 0 3 0 0 3 0 2 58 0 2 2 0 4 2 0 0 0 0 0 2 0 3 0 0 2 0 0 0 50 0 3 0 0 1 0 0 2 0 2 0 3 0 0 0 13 20 42 2 0 0 0 25 62 36 0 0 0 12 0 18 0 0 0 0 0 0 0 0 0 0 0 0 0 0 14 0 0 0 0 0 2 1 10 0 0 0 0 0 0 0 0 0 0 0 0 0 0 0 0 0 0 0 0 0 0 0 0 2 0 0 0 0 0 0 0 0 0 0 0 0 0 0 5 19 16 54 0 16 0 0 0 35 19 57 0 0 0 10 18 0 0 0 0 0 0 0 0 0 0 0 1 0 0 0 0 0 0 0 0 0 11 1 0 0 0 0 0 0 0 0 2 0 0 0 0 0 1 0 0 0 0 0 0 0 0 0 0 0 0 0 0 2 0 0 0 0 0 0 2 0 0 0 0 16 0 0 0 1 179 2 2 174 3 10 0 2 0 0 0 0 0 0 0 0 0 0 0 0 1 0 0 0 0 0 0 0 0 21 0 16 0 0 0 0 0 0 0 0 0 0 0 0 
 86 88 153 158 108 70 38 346 220 591 0 354 37 33 142 209 501 383 48 74 2 0 0 4 2 2 3 3 4 2 73 0 1 3 0 5 0 0 0 4 0 0 3 2 4 11 0 58 0 0 5 2 0 2 0 0 1 3 1 3 1 0 2 2 0 0 0 0 5 1 2 0 0 1 0 0 2 0 2 0 0 10 15 18 25 29 0 0 9 13 1 24 0 0 0 10 1 22 0 0 0 0 0 0 0 0 0 0 0 0 0 0 12 0 0 0 2 0 13 0 14 0 0 0 0 0 0 0 0 2 0 0 0 0 2 0 0 0 0 0 0 0 0 0 0 0 0 0 0 0 0 0 0 7 0 0 0 0 0 0 0 0 1 11 26 38 3 0 0 13 10 44 0 0 0 1 1 0 0 0 0 0 0 0 0 0 0 2 0 0 0 0 10 0 0 0 0 0 25 0 0 0 0 0 0 0 0 0 16 0 0 0 0 0 0 0 0 0 0 0 0 0 0 0 0 0 0 0 0 0 0 13 0 0 2 0 0 0 0 0 0 16 0 0 0 0 94 0 0 8 0 8 9 0 0 0 0 0 0 0 0 0 13 0 0 0 0 0 0 0 0 0 0 0 0 12 17 0 0 0 0 0 0 0 0 0 0 0 0 0 
 21 56 245 407 412 68 50 57 51 281 354 0 284 48 28 35 174 79 38 43 0 1 0 3 0 3 6 3 3 0 2 0 2 3 1 3 0 1 0 6 3 0 3 0 2 13 1 2 0 1 4 2 0 3 0 0 0 4 9 3 0 0 5 0 0 0 0 0 3 6 0 6 0 0 0 0 2 0 5 0 0 0 0 14 31 74 0 0 0 12 0 11 0 0 0 0 0 0 8 0 1 0 0 0 0 0 0 0 0 0 0 0 12 0 0 0 2 0 21 26 0 0 0 0 0 0 0 0 0 2 0 0 0 0 2 0 0 0 0 0 0 7 0 0 0 0 2 0 0 0 0 0 0 0 0 0 0 0 0 0 0 0 0 15 9 24 0 0 0 2 10 51 0 0 0 0 0 0 0 0 14 0 0 0 0 0 0 2 0 0 0 1 30 0 0 0 0 0 10 0 0 0 0 0 0 0 0 0 13 0 0 0 0 0 10 0 0 0 0 31 0 0 0 0 0 0 0 0 0 0 0 0 0 0 0 0 0 0 0 0 0 0 0 0 0 4 178 0 4 175 4 4 4 0 0 0 0 0 0 0 0 0 12 0 0 0 0 0 0 0 0 0 0 14 0 15 0 0 0 0 0 0 0 0 0 0 0 0 0 0 
 77 202 298 61 163 56 538 372 93 103 37 284 0 116 41 42 144 40 518 313 0 0 0 5 0 3 3 37 3 0 0 0 2 3 2 3 0 0 0 3 0 0 11 0 2 3 0 2 0 0 67 2 0 0 0 0 0 4 0 3 0 0 2 0 0 0 0 0 3 0 0 0 0 0 0 0 2 0 3 0 145 0 0 0 0 0 43 22 4 0 0 0 19 15 1 0 0 2 34 39 0 0 0 0 0 0 0 0 0 0 1 0 0 0 0 0 1 0 0 0 0 0 0 0 0 0 0 0 0 1 0 0 0 0 1 0 0 0 0 0 0 0 0 0 0 0 1 0 0 0 0 0 0 0 0 0 4 0 0 0 31 0 0 0 0 0 42 28 0 0 0 0 9 47 22 0 0 0 9 24 0 0 0 0 0 0 0 1 0 0 0 0 0 0 0 45 0 0 0 0 0 0 0 0 0 0 0 0 0 0 0 0 0 0 0 0 0 0 0 0 0 0 0 0 0 16 0 0 0 0 0 2 0 0 1 0 0 0 0 0 0 0 0 0 0 3 0 2 0 2 0 5 0 0 0 0 0 0 0 0 1 0 0 0 0 0 0 0 0 0 0 0 0 0 51 0 0 0 0 0 0 0 0 0 0 0 0 0 0 0 
 156 132 516 307 65 52 347 409 133 174 33 48 116 0 797 52 186 210 118 336 0 0 0 3 0 6 3 3 4 0 0 0 0 3 0 3 0 0 0 3 0 0 3 0 4 4 0 2 8 0 4 3 0 0 0 0 0 3 0 3 106 0 2 0 0 0 0 6 3 0 0 0 1 0 5 0 2 0 1 0 97 41 0 0 18 0 14 51 27 15 17 10 10 35 45 23 41 32 1 12 1 1 0 0 0 0 0 0 0 0 0 0 0 2 0 0 0 0 0 0 16 0 0 0 0 0 0 0 0 0 0 0 0 0 0 0 0 0 0 0 4 0 0 0 0 0 0 0 0 0 0 0 0 0 0 0 0 0 0 0 24 15 31 2 2 0 0 22 20 20 2 2 0 10 30 14 19 0 0 0 0 0 0 0 0 0 0 13 0 0 0 10 1 0 2 0 0 0 0 0 0 0 0 0 0 0 0 1 0 0 0 0 0 2 0 0 0 0 0 0 0 0 1 0 0 0 0 0 0 0 0 0 0 0 0 0 0 0 0 0 0 20 0 0 0 3 3 0 0 1 0 8 0 0 0 0 2 0 0 0 0 0 0 0 0 0 0 0 0 0 0 0 0 0 0 0 39 0 0 0 0 0 0 0 0 0 0 0 0 0 
 373 392 81 266 64 56 43 138 98 296 142 28 41 797 0 78 45 34 73 111 0 0 0 3 0 2 3 3 2 0 0 0 2 7 0 3 0 2 0 3 0 0 12 0 4 3 0 2 5 0 5 2 0 0 0 0 0 2 0 3 0 0 2 0 0 0 0 5 3 0 0 0 0 0 3 0 2 0 2 0 17 47 34 20 1 0 0 30 101 10 1 0 2 42 39 45 41 56 0 0 0 0 10 0 1 0 0 0 0 2 0 0 0 0 0 0 0 0 0 2 0 2 0 0 0 0 0 1 11 0 0 0 0 0 0 0 0 0 0 2 7 0 0 2 0 2 0 4 0 0 0 0 0 0 0 0 0 0 0 0 12 68 21 4 0 0 2 6 56 29 22 0 0 15 26 27 11 54 0 0 0 1 0 0 0 0 2 0 0 0 0 0 0 0 0 0 0 0 0 0 0 1 0 0 0 0 0 0 0 0 0 0 0 0 15 0 0 0 0 0 0 0 0 0 0 0 0 0 0 0 0 0 2 0 0 0 0 17 0 1 0 0 0 0 0 0 0 0 1 1 1 4 0 0 0 0 0 0 0 0 0 0 63 0 0 0 0 0 0 15 0 0 0 0 0 10 9 0 0 0 0 0 0 0 0 0 0 0 0 0 
 113 365 137 261 159 304 40 43 171 408 209 35 42 52 78 0 222 400 61 68 75 0 0 3 0 3 5 3 5 0 0 0 1 5 0 3 0 0 0 3 0 0 3 0 6 4 0 2 8 0 5 2 0 30 0 0 0 2 0 3 0 0 2 0 0 0 0 0 3 0 0 0 0 0 3 0 2 0 1 1 0 23 70 35 29 0 0 2 32 26 58 26 0 0 0 12 37 70 0 0 0 0 0 0 1 0 0 0 0 2 0 0 0 0 0 0 0 0 0 2 16 2 0 0 11 0 0 1 0 0 0 0 0 0 0 0 0 0 0 2 3 0 0 2 0 6 0 0 0 0 0 0 0 0 0 0 0 0 0 0 0 19 10 42 0 1 1 0 18 47 21 3 0 2 0 10 52 28 0 0 0 0 0 0 0 0 2 0 0 0 1 0 1 0 0 0 0 0 0 0 0 1 0 0 0 0 0 0 0 0 0 0 0 0 0 0 0 0 0 0 0 0 0 0 0 0 0 0 0 0 0 0 2 0 0 0 0 0 0 1 0 20 0 0 0 2 2 0 0 5 0 14 0 0 2 0 0 0 0 0 0 0 0 0 0 0 0 0 0 0 0 0 0 0 0 15 0 2 0 0 0 0 0 0 0 0 0 0 0 0 
 137 233 646 135 51 269 89 47 445 548 501 174 144 186 45 222 0 241 70 360 0 0 0 3 0 3 3 3 4 0 1 0 4 3 0 3 0 0 0 3 4 0 8 0 4 3 0 2 11 0 3 2 0 0 0 6 0 2 0 3 0 0 2 0 0 4 0 2 3 0 0 0 2 0 0 0 2 0 0 2 15 30 19 14 46 3 3 27 27 21 61 39 12 13 7 12 6 25 0 30 0 0 2 0 0 17 0 0 0 0 0 0 0 0 0 0 0 0 3 0 19 0 0 0 0 0 1 0 0 0 0 0 2 0 0 0 0 0 0 0 0 0 0 0 0 3 0 0 0 0 0 0 0 0 0 0 0 0 0 14 0 0 6 30 0 0 5 7 1 21 11 6 6 13 9 0 18 0 0 0 0 0 0 6 0 0 0 0 0 0 0 0 0 0 0 0 2 1 0 0 0 0 0 0 1 0 0 0 0 0 0 0 0 0 0 1 0 0 0 0 0 0 0 0 0 0 0 0 0 0 0 0 0 2 0 0 0 0 0 22 0 14 0 0 0 0 89 1 1 1 1 14 0 0 1 0 0 0 0 0 0 0 0 0 0 0 0 0 0 0 0 0 0 2 0 21 0 13 0 0 0 0 0 0 0 0 0 0 0 0 
 33 37 401 400 42 62 37 126 435 151 383 79 40 210 34 400 241 0 44 51 0 2 0 3 0 2 4 109 4 0 2 0 2 3 0 3 0 0 2 4 0 0 3 0 2 29 0 2 0 0 4 72 0 0 0 0 0 2 0 3 0 0 2 3 0 0 0 0 3 0 0 0 0 0 0 0 2 0 3 0 0 1 28 15 37 0 0 0 2 26 39 40 0 0 2 13 1 17 0 0 0 0 0 0 0 0 0 0 1 0 0 0 14 0 0 0 0 0 0 1 12 0 1 0 0 0 0 0 0 0 0 0 0 0 0 1 0 0 0 0 7 0 0 0 0 2 8 0 0 0 0 0 0 0 0 0 0 0 2 0 0 21 1 53 0 15 0 0 0 23 16 53 0 0 0 25 18 0 0 0 0 0 0 0 0 0 0 0 0 0 0 0 0 0 0 0 0 0 10 0 0 0 0 0 0 0 0 0 1 0 0 0 0 0 0 0 0 0 0 0 2 1 0 0 0 0 0 0 1 0 0 0 0 0 0 0 0 0 0 0 0 8 0 0 1 1 170 0 3 169 0 11 0 0 0 0 0 0 0 0 0 0 0 0 0 0 0 0 0 0 0 0 0 0 0 35 0 10 0 0 0 0 0 0 0 0 0 0 0 0 
 29 26 246 301 93 278 72 281 114 98 48 38 518 118 73 61 70 44 0 292 0 2 4 3 0 3 6 6 82 6 79 2 6 5 0 18 8 4 0 3 0 0 10 4 7 4 0 2 0 0 32 3 0 9 0 0 0 67 3 3 0 0 2 0 4 0 0 0 9 0 5 0 1 0 0 0 4 2 1 0 5 1 0 0 0 0 32 7 0 0 0 0 49 0 0 0 0 0 24 42 1 0 0 0 0 0 2 0 0 0 0 0 0 0 0 2 0 15 0 0 0 0 0 1 0 2 0 0 0 0 0 0 0 0 0 0 0 1 0 0 0 0 0 0 0 0 0 0 0 0 0 0 0 0 0 0 5 0 0 0 9 0 0 0 0 0 31 14 0 0 11 1 15 21 0 2 0 0 23 11 0 0 0 0 0 0 0 0 0 0 0 0 0 0 0 0 0 0 0 0 0 0 0 0 28 0 0 0 0 0 0 0 0 3 0 0 0 0 0 0 0 0 0 0 0 0 0 0 0 0 0 4 0 0 0 0 0 1 1 0 0 0 0 0 0 3 1 0 4 0 0 8 0 0 0 0 0 0 0 0 0 0 0 0 0 0 1 0 0 0 0 0 0 0 0 0 0 0 0 0 0 0 0 0 0 0 0 0 0 0 
 223 52 34 39 71 50 398 56 78 65 74 43 313 336 111 68 360 51 292 0 1 1 0 3 2 3 5 6 7 4 0 3 1 5 0 4 2 1 0 4 3 0 9 0 2 3 0 2 3 0 4 5 0 0 2 0 3 4 0 3 0 0 2 3 0 0 0 1 11 6 0 0 0 1 2 0 5 0 2 3 68 0 0 0 0 0 38 40 0 0 12 0 16 79 30 9 13 0 23 25 0 0 0 0 0 0 0 0 1 1 0 16 0 0 8 0 0 0 0 0 0 0 1 0 0 0 0 0 0 0 0 0 0 0 0 0 0 0 0 0 0 0 2 0 0 0 0 0 0 0 0 0 0 0 0 0 2 0 2 0 32 0 0 0 0 0 63 28 12 0 0 0 1 25 48 15 13 0 25 15 0 0 0 0 0 0 36 0 0 0 0 1 0 0 0 0 0 0 0 0 0 0 0 0 0 0 0 0 0 0 13 0 0 9 0 0 0 0 0 0 2 0 0 0 0 0 0 0 0 0 0 0 0 0 0 0 0 0 0 0 0 0 0 0 0 1 0 0 0 0 0 4 0 0 0 0 0 0 0 0 0 0 0 0 0 0 0 0 0 0 0 0 0 0 0 0 0 0 0 0 0 0 0 0 1 0 0 0 0 0 
 2 0 0 0 0 3 2 0 0 0 2 0 0 0 0 75 0 0 0 1 0 75 283 40 49 30 776 376 270 37 35 53 273 130 381 38 30 38 51 274 2 0 1 0 0 2 0 0 0 0 0 3 0 63 0 0 0 1 0 0 0 3 3 3 0 2 0 0 1 0 0 0 0 3 0 0 0 0 0 2 0 0 0 0 0 0 0 0 0 0 0 0 0 0 0 0 2 0 0 0 27 23 35 1 0 2 16 53 20 12 20 0 0 30 103 42 15 23 0 3 0 0 0 0 0 2 0 0 0 0 0 0 0 0 0 0 0 0 0 1 0 0 0 0 0 0 18 0 0 0 2 0 0 0 0 0 0 0 0 0 0 0 0 0 0 0 0 30 0 0 0 0 0 0 0 8 0 2 0 0 27 41 46 0 0 0 46 43 68 79 11 0 0 24 34 13 30 10 0 0 0 0 0 0 0 0 0 0 0 0 0 0 0 0 0 0 0 0 0 0 0 0 0 9 0 0 0 0 0 0 0 0 0 0 0 0 0 0 0 0 0 0 0 0 0 0 0 0 0 0 0 0 0 0 0 2 1 0 0 4 0 0 0 0 0 0 0 0 0 0 0 0 0 0 0 0 0 0 0 0 0 11 0 0 0 0 0 0 0 1 
 0 0 0 0 0 65 0 0 0 0 0 1 0 0 0 0 0 2 2 1 75 0 473 56 43 34 101 408 303 60 246 24 41 278 391 327 283 75 84 47 0 0 27 9 1 0 0 0 0 0 0 3 0 0 0 0 0 1 0 0 0 2 3 3 0 2 0 0 0 0 0 0 0 2 0 0 0 0 0 2 0 0 0 0 0 0 0 0 0 0 0 0 0 0 0 0 0 0 0 0 17 18 40 15 0 0 0 50 15 40 22 0 0 25 30 24 21 82 0 0 0 0 0 0 0 0 0 0 0 0 0 0 0 0 2 0 0 0 0 0 0 0 0 0 0 2 0 0 0 0 19 0 0 0 19 17 22 0 2 0 0 0 0 0 0 0 0 6 0 0 0 8 0 0 0 0 0 0 0 0 0 10 27 58 0 1 0 14 29 96 25 0 0 0 13 35 75 25 0 0 0 0 0 0 0 0 0 0 0 18 0 0 0 0 0 0 0 0 0 0 0 0 0 0 0 1 0 0 0 0 0 0 0 0 0 0 0 0 2 0 0 0 1 0 0 0 0 0 0 0 0 0 0 0 7 0 0 0 0 0 18 1 0 0 0 0 0 0 0 0 0 0 0 0 0 0 0 0 0 0 0 11 0 0 20 0 17 0 0 0 
 0 1 0 0 0 4 0 0 0 0 0 0 0 0 0 0 0 0 4 0 283 473 0 154 62 111 178 124 198 359 266 25 66 76 273 213 241 378 40 49 0 1 1 4 2 0 0 0 0 0 0 7 0 0 6 0 1 2 0 0 0 2 3 3 4 2 0 0 0 0 0 0 0 0 0 0 0 0 2 34 0 0 2 0 0 0 0 14 0 0 0 0 0 1 0 0 0 2 0 0 0 19 0 50 38 0 0 2 11 37 36 13 0 0 0 0 14 43 0 2 0 0 8 0 1 0 14 0 0 0 0 0 0 0 0 0 0 0 0 0 0 0 0 0 0 0 0 0 0 0 31 0 0 0 0 0 1 0 0 0 0 0 0 0 0 1 0 0 0 0 0 0 0 0 0 0 0 0 0 0 0 12 1 45 0 8 0 0 35 27 16 12 0 0 0 49 30 18 0 0 0 0 0 0 0 0 0 0 0 0 0 0 0 0 1 0 0 0 0 0 2 0 0 0 0 0 0 0 0 0 0 0 0 0 0 1 1 0 0 0 0 0 21 0 0 0 0 0 0 0 0 0 0 0 6 0 0 3 2 2 8 0 0 0 0 0 1 0 0 0 0 0 0 0 0 0 0 1 0 0 0 21 0 0 0 0 9 0 0 0 
 3 3 3 3 3 3 3 3 3 76 4 3 5 3 3 3 3 3 3 3 40 56 154 0 95 23 130 49 92 406 347 339 49 69 293 44 111 343 63 62 0 0 1 0 2 0 0 0 0 0 0 3 0 0 0 0 0 0 0 7 0 2 3 3 0 3 1 0 2 0 0 0 0 3 0 0 0 0 0 2 0 0 0 0 0 0 0 0 0 0 0 0 1 11 0 0 0 0 0 0 0 0 0 34 45 4 0 0 0 10 20 51 0 0 0 0 12 1 0 0 0 0 0 0 0 0 0 0 0 0 0 0 0 0 0 0 0 0 53 0 0 0 0 0 1 0 0 7 0 0 2 0 0 0 0 0 1 2 5 0 0 0 0 0 2 0 0 0 0 0 6 0 0 0 0 0 0 8 0 0 0 0 0 11 37 11 0 0 10 0 24 32 0 0 0 1 1 5 0 0 0 0 0 0 0 0 0 0 1 0 0 0 32 0 0 0 0 0 36 15 0 0 0 18 0 0 0 0 0 0 0 0 1 0 0 0 0 0 0 0 0 0 9 0 0 0 0 0 0 0 0 0 0 0 10 0 0 53 45 0 4 7 0 0 0 0 45 0 0 0 0 0 0 0 0 0 0 0 0 0 0 12 0 0 0 0 0 0 0 0 
 2 2 0 0 0 0 2 0 2 0 2 0 0 0 0 0 0 0 0 2 49 43 62 95 0 394 261 65 74 293 89 342 80 48 110 114 63 42 48 71 0 0 1 0 5 1 0 0 0 0 0 3 0 0 2 0 0 0 0 4 0 2 3 3 1 6 0 0 13 0 0 0 0 0 0 0 0 0 0 2 0 0 0 0 0 0 0 0 0 0 0 0 0 0 0 0 2 0 0 0 3 0 0 0 6 52 0 0 0 0 0 7 0 0 0 2 2 0 0 0 0 0 0 0 0 0 2 0 0 0 0 0 58 0 0 0 0 0 32 48 8 0 3 0 2 0 22 0 0 0 2 0 1 0 0 1 2 0 0 0 0 0 0 0 0 0 0 0 0 0 5 8 0 0 0 0 0 8 0 0 0 0 0 0 27 21 0 0 1 0 20 18 0 0 0 0 20 0 0 0 0 0 0 0 2 0 47 0 0 0 0 0 37 0 0 0 0 0 40 46 0 0 0 0 0 0 0 0 0 0 0 0 0 0 0 0 0 0 0 0 0 0 0 0 0 1 0 0 0 0 0 0 0 0 2 0 2 3 3 0 2 0 0 0 0 0 0 0 0 0 0 0 0 0 0 0 0 0 0 0 0 0 0 0 0 0 0 0 0 2 
 2 2 3 3 3 5 3 1 3 3 2 3 3 6 2 3 3 2 3 3 30 34 111 23 394 0 39 50 65 43 60 49 27 29 42 73 95 61 40 38 0 0 2 0 2 2 1 30 0 0 0 3 0 0 0 0 0 212 195 1 0 3 3 3 0 8 0 0 7 0 0 0 0 2 2 0 0 0 0 2 0 0 0 0 0 0 0 0 0 0 0 0 0 0 0 0 0 0 0 0 0 0 0 0 0 64 0 0 0 0 0 10 2 0 0 0 0 0 14 0 1 0 0 0 0 0 27 2 1 0 0 0 51 10 1 0 0 0 3 81 0 0 1 0 2 0 0 1 0 0 0 0 0 0 0 0 1 0 0 0 0 0 0 0 0 2 0 0 0 0 0 36 0 0 0 0 0 0 0 0 0 0 0 0 0 32 0 0 0 0 0 3 0 0 0 2 0 1 0 0 39 1 0 0 0 0 64 7 0 0 0 0 3 17 0 1 33 0 33 50 1 0 0 0 15 0 0 0 0 0 0 0 0 0 0 0 0 2 0 0 0 0 26 0 0 0 0 0 0 0 0 0 0 0 81 0 10 4 9 0 10 2 0 0 0 0 1 0 0 0 0 0 0 0 0 0 0 0 0 0 0 0 0 0 0 0 0 0 0 0 
 3 3 3 3 42 3 3 5 3 3 3 6 3 3 3 5 3 4 6 5 776 101 178 130 261 39 0 434 145 43 27 33 351 321 127 327 116 32 52 197 2 0 71 0 1 0 0 0 3 0 2 3 3 0 2 7 0 1 0 0 0 2 3 6 0 4 0 0 0 0 49 1 0 4 5 0 2 0 1 4 0 0 1 0 0 0 0 0 0 0 0 0 0 0 0 0 0 0 0 0 8 44 18 11 0 18 10 10 29 11 0 0 55 38 48 1 3 16 0 13 28 0 0 0 0 0 0 0 0 0 0 0 0 0 0 0 0 0 0 0 20 0 0 0 0 0 0 0 0 2 0 0 0 0 0 0 0 0 4 0 0 0 0 0 0 0 0 2 0 0 0 0 0 0 0 0 0 0 0 0 32 24 12 23 0 0 43 29 12 10 3 0 0 31 45 4 15 11 0 16 0 0 15 0 0 0 0 0 0 0 0 0 0 0 0 0 0 0 3 0 0 0 0 0 0 0 0 0 0 0 0 0 0 0 0 0 0 0 0 0 0 0 0 0 0 0 0 0 0 0 0 0 0 0 0 0 0 0 0 0 0 0 0 0 0 0 0 0 0 0 0 0 0 0 0 0 0 0 0 0 0 0 0 0 0 0 15 0 0 0 
 3 4 3 3 3 6 3 5 3 3 3 3 37 3 3 3 3 109 6 6 376 408 124 49 65 50 434 0 82 30 239 49 81 389 179 120 25 50 54 130 0 1 1 0 2 0 0 0 0 0 0 3 0 0 0 0 0 0 0 0 0 2 3 5 0 2 0 0 1 0 0 0 0 2 0 0 0 0 0 2 0 0 0 15 0 0 0 0 0 0 0 0 0 0 0 0 0 0 0 0 14 45 38 15 0 0 66 28 8 33 3 0 0 26 57 27 23 33 0 0 0 0 0 0 0 0 0 6 0 0 0 0 0 0 0 0 0 0 0 0 7 0 0 0 0 0 7 0 0 0 1 0 0 0 0 0 0 0 0 0 0 0 0 0 0 18 0 9 0 0 0 0 0 0 0 8 0 0 0 0 1 9 21 22 0 0 2 45 34 25 27 0 0 14 16 63 31 24 0 0 0 0 0 0 13 0 0 0 0 0 0 0 0 0 0 0 0 0 0 0 0 0 0 0 0 0 0 0 0 0 0 0 0 44 0 0 0 0 0 0 0 0 0 0 0 0 0 0 0 0 0 0 0 0 11 1 4 0 0 2 4 0 0 0 0 0 0 0 0 0 0 0 0 0 47 0 0 0 0 0 0 3 0 0 0 0 2 0 0 0 
 4 3 5 4 3 3 5 6 5 4 4 3 3 4 2 5 4 4 82 7 270 303 198 92 74 65 145 82 0 316 56 387 104 72 108 160 171 288 113 284 1 4 3 39 5 4 89 4 1 0 3 5 1 0 0 0 0 2 0 3 0 2 3 3 0 2 0 0 0 29 0 3 0 1 0 0 3 0 1 2 0 0 0 0 0 0 0 0 0 0 0 0 0 0 23 0 0 0 12 0 0 21 0 39 40 0 0 0 13 20 30 3 0 0 0 0 6 33 2 0 0 0 0 0 0 0 0 0 0 0 2 0 0 0 0 0 0 2 0 0 0 0 2 0 2 0 0 0 0 0 0 0 0 0 0 0 0 0 0 0 0 0 0 0 0 0 0 2 0 0 0 0 0 0 0 0 0 0 2 0 0 6 0 39 1 7 0 0 10 13 15 52 0 0 0 35 36 21 0 0 0 0 2 0 0 0 0 0 1 0 0 0 0 0 0 0 0 0 0 0 0 0 0 0 0 0 0 0 0 0 0 7 0 0 0 0 0 0 3 0 0 0 10 0 0 0 1 0 0 0 0 0 0 0 4 0 0 2 2 0 13 0 0 0 0 0 1 0 0 0 0 0 0 0 0 0 0 0 0 0 0 11 0 0 2 0 7 0 0 2 
 0 73 0 0 112 0 0 0 25 0 2 0 0 0 0 0 0 0 6 4 37 60 359 406 293 43 43 30 316 0 412 49 57 40 94 441 519 183 53 88 0 0 8 6 1 0 0 3 0 54 3 5 0 0 0 0 0 1 0 4 4 6 3 3 0 2 0 0 1 0 0 4 0 3 4 0 0 4 0 2 0 0 0 0 0 0 2 0 0 0 0 0 0 0 0 0 21 0 0 0 0 0 1 28 50 14 0 0 32 32 19 51 0 0 0 0 13 20 0 12 0 0 0 0 0 1 0 0 0 0 0 0 0 2 0 0 0 0 27 2 0 0 1 0 0 0 0 7 0 0 10 0 0 0 0 2 0 0 0 0 0 0 0 2 0 0 0 0 2 0 5 0 0 1 0 0 0 2 0 0 0 0 0 16 9 16 0 0 5 34 15 74 0 0 1 5 14 19 4 0 9 0 0 0 0 0 20 2 0 0 0 0 2 0 0 0 0 0 17 1 0 0 0 2 22 0 0 0 0 0 0 0 0 0 0 0 0 0 0 0 0 0 3 0 0 2 0 0 0 0 0 0 0 0 13 0 4 154 155 0 13 9 0 0 0 0 32 0 0 0 0 0 0 0 0 0 0 0 0 0 0 11 0 0 0 0 14 0 0 0 
 3 0 0 0 0 2 0 0 0 0 73 2 0 0 0 0 1 2 79 0 35 246 266 347 89 60 27 239 56 412 0 359 45 279 72 176 400 352 42 48 0 0 1 0 2 2 0 0 0 0 0 3 0 0 0 0 0 0 20 5 0 47 3 3 0 3 0 0 0 0 7 0 0 2 0 0 0 0 0 2 0 0 0 0 0 0 0 0 0 0 0 0 0 0 0 0 0 0 0 0 0 0 2 38 83 4 0 0 0 9 28 53 0 0 0 0 10 0 0 0 0 1 2 0 0 0 0 0 0 0 0 0 0 0 1 0 0 0 48 0 0 0 0 9 0 0 0 7 0 0 2 0 0 0 0 0 1 0 2 0 0 0 0 0 0 0 0 0 0 0 7 0 0 0 0 0 0 12 0 0 0 1 0 20 34 14 0 2 10 0 28 79 0 0 0 1 0 3 0 0 0 0 0 0 6 0 0 0 0 0 2 0 37 0 0 0 0 0 25 12 0 8 0 0 0 0 2 0 0 0 1 0 0 0 0 0 0 0 0 0 0 0 9 0 0 0 0 0 0 1 0 0 0 0 8 0 0 43 81 3 4 6 0 0 0 0 18 0 0 0 0 19 0 0 0 0 0 0 0 0 0 14 0 0 0 0 0 0 0 0 
 0 0 0 0 0 0 0 2 0 0 0 0 0 0 0 0 0 0 2 3 53 24 25 339 342 49 33 49 387 49 359 0 91 26 21 90 88 86 21 30 0 208 2 208 1 0 0 0 0 0 0 212 0 0 1 0 0 0 0 5 0 2 3 3 0 2 0 0 54 0 0 0 0 3 0 0 0 1 0 2 0 0 0 0 0 0 0 0 0 0 0 0 0 0 0 0 9 0 0 0 1 0 0 11 25 69 0 0 0 0 0 58 0 0 0 0 13 0 0 0 0 0 0 27 0 0 0 0 0 0 0 0 0 0 0 0 0 0 42 0 0 0 2 0 4 0 0 6 0 0 0 0 0 0 0 0 1 0 0 0 0 0 0 0 0 0 0 0 0 0 8 16 0 0 0 8 0 14 0 22 0 0 0 0 26 6 0 0 0 0 8 30 0 0 0 0 0 12 0 0 0 0 0 0 0 0 0 0 0 0 0 0 23 0 0 0 0 0 21 43 0 0 0 0 0 0 0 0 0 23 0 0 0 0 0 0 0 0 0 0 0 0 0 0 0 0 0 0 0 0 0 0 0 0 0 2 4 153 156 3 75 6 0 0 0 0 18 0 0 0 0 0 0 0 0 0 0 0 0 0 0 0 0 0 0 0 0 0 0 0 
 2 0 1 0 2 3 0 4 2 84 1 2 2 0 2 1 4 2 6 1 273 41 66 49 80 27 351 81 104 57 45 91 0 152 44 42 36 39 404 338 0 0 0 0 0 0 0 0 0 0 1 6 0 0 0 12 0 0 0 0 0 5 3 4 3 2 17 3 0 0 0 0 0 0 0 0 0 1 0 5 0 0 1 0 0 0 0 0 0 0 0 0 0 0 0 0 6 0 0 0 11 8 0 0 0 0 0 27 13 0 0 0 37 51 2 26 0 0 7 6 0 0 0 0 0 0 0 0 0 0 0 0 0 0 0 0 0 0 0 0 0 1 18 0 0 0 0 0 0 0 0 0 0 0 0 0 0 0 0 0 0 0 25 0 0 0 0 0 0 0 0 4 0 0 0 0 0 7 0 0 36 30 10 0 0 0 61 16 6 0 0 0 31 29 28 0 0 0 17 69 0 0 0 0 0 0 0 0 0 0 0 0 0 4 0 0 0 0 0 0 0 0 0 0 0 0 0 0 0 0 0 0 0 0 0 0 0 0 0 0 0 0 0 0 0 0 0 0 0 0 0 0 0 2 4 0 0 0 0 0 0 0 0 0 0 0 0 0 1 0 0 0 0 0 0 0 0 0 0 0 0 0 0 0 0 0 0 0 0 0 
 3 3 3 3 3 5 3 3 3 3 3 3 3 3 7 5 3 3 5 5 130 278 76 69 48 29 321 389 72 40 279 26 152 0 400 257 52 38 84 586 0 0 1 57 0 0 0 0 0 0 0 3 0 0 0 0 0 0 0 0 0 2 3 3 0 3 0 0 0 0 0 0 0 1 0 0 0 0 0 2 0 0 0 0 0 0 0 0 0 0 0 0 0 0 0 0 0 0 0 0 35 30 37 1 0 0 22 55 82 12 7 0 0 77 63 40 15 18 0 0 0 0 0 0 0 5 0 0 0 0 0 0 0 0 0 1 0 0 0 0 0 0 0 0 0 0 0 0 0 0 0 0 0 0 0 0 0 0 1 0 0 1 0 0 7 0 1 43 0 0 0 0 0 0 0 0 0 10 0 0 42 36 35 0 18 0 47 36 30 28 12 0 0 64 90 0 31 10 0 2 0 0 0 0 0 0 1 0 0 0 0 0 0 0 0 0 0 0 0 0 0 0 0 0 0 0 0 0 0 0 0 0 0 0 0 0 0 0 0 0 0 0 0 0 0 0 0 0 0 0 0 0 0 0 2 0 0 0 0 0 2 2 0 0 0 0 0 0 0 0 0 0 0 0 0 9 0 0 0 0 0 10 0 0 0 0 0 7 0 0 
 1 0 0 0 0 0 0 73 0 2 0 1 2 0 0 0 0 0 0 0 381 391 273 293 110 42 127 179 108 94 72 21 44 400 0 221 61 43 83 113 0 0 1 15 2 0 1 0 0 0 0 3 0 0 0 0 0 0 4 0 1 2 3 5 2 2 0 0 1 1 2 1 0 3 0 1 0 2 0 2 0 0 0 0 0 0 0 0 0 0 0 0 0 0 0 0 0 0 0 0 13 43 42 21 0 0 26 43 24 40 9 1 0 17 64 10 42 39 0 0 0 0 0 0 0 0 0 0 0 0 0 0 0 0 0 0 0 0 0 0 0 0 1 0 1 0 0 0 0 0 0 0 0 0 0 0 1 2 0 0 0 0 0 0 2 0 0 5 0 0 0 0 0 0 0 0 0 0 0 0 0 9 30 21 0 0 1 51 30 16 30 0 0 14 14 65 33 28 0 0 0 0 0 0 0 0 0 0 2 0 0 0 0 0 0 0 0 0 0 0 0 0 0 0 0 0 0 0 0 0 0 0 1 0 0 0 0 0 0 0 0 0 0 0 0 0 0 0 0 0 0 0 0 0 6 0 2 0 0 0 6 5 0 0 0 0 0 0 0 0 0 0 0 0 51 0 0 0 0 0 0 9 0 0 0 0 3 0 0 0 
 3 4 3 3 3 3 3 3 3 3 5 3 3 3 3 3 3 3 18 4 38 327 213 44 114 73 327 120 160 441 176 90 42 257 221 0 285 316 37 79 4 0 2 2 2 0 0 0 0 0 65 7 0 0 6 0 0 2 0 0 1 8 3 3 0 2 2 0 2 4 0 0 0 3 0 0 0 0 0 2 24 0 0 0 0 0 0 0 0 0 0 0 0 0 2 0 0 0 0 0 0 20 15 34 24 0 0 6 12 46 21 20 0 0 4 12 32 72 0 0 0 0 0 0 0 0 0 1 0 0 0 0 0 0 0 0 0 0 1 0 0 0 0 0 1 0 0 0 0 0 17 0 2 0 0 0 0 0 0 0 0 0 0 0 0 0 0 17 0 0 0 0 0 0 0 0 0 0 0 0 1 10 7 45 0 0 0 13 58 82 17 11 0 1 4 54 24 26 0 0 0 0 0 0 0 0 0 0 0 0 0 0 0 0 0 0 0 0 1 0 0 0 0 0 0 0 20 0 0 0 0 0 0 0 2 0 0 0 0 0 0 0 0 0 0 1 2 0 0 0 0 0 0 0 7 0 2 3 3 1 11 1 0 0 0 0 1 0 0 0 0 0 0 0 0 0 0 0 0 0 0 1 0 0 0 0 9 0 0 0 
 0 0 0 0 0 0 0 0 0 0 0 0 0 0 0 0 0 0 8 2 30 283 241 111 63 95 116 25 171 519 400 88 36 52 61 285 0 341 226 30 0 0 1 6 2 0 0 0 0 0 0 3 0 0 0 0 26 0 0 0 0 2 3 3 2 2 0 0 0 0 0 0 0 4 0 0 1 3 0 2 0 0 0 0 0 0 0 0 0 0 0 0 0 0 0 0 0 0 0 0 0 12 0 30 28 0 0 0 15 37 27 25 0 0 0 0 47 45 0 0 0 0 0 0 0 0 0 0 0 0 0 0 0 0 0 0 0 0 13 0 0 0 0 0 0 0 0 0 0 0 6 0 0 0 0 0 1 0 0 0 0 0 0 0 0 0 0 0 0 0 7 0 0 0 0 0 0 2 0 0 0 10 11 58 0 23 0 0 25 35 21 12 0 0 0 32 20 19 0 0 0 0 0 0 0 0 0 0 0 0 0 0 0 0 0 0 0 0 1 0 0 0 0 0 0 0 0 0 0 0 0 0 0 0 0 0 0 0 0 0 0 0 28 0 0 0 0 0 0 0 0 1 0 0 4 2 0 3 77 10 12 0 0 0 0 0 1 0 0 0 0 0 0 0 0 0 0 0 0 0 0 17 0 0 0 0 8 0 0 0 
 0 1 0 3 7 0 0 0 0 0 0 1 0 0 2 0 0 0 4 1 38 75 378 343 42 61 32 50 288 183 352 86 39 38 43 316 341 0 248 31 0 0 2 4 1 0 0 0 0 0 0 3 0 0 0 0 59 2 0 1 0 2 31 3 2 2 0 0 1 0 3 0 0 52 0 0 0 3 0 2 0 0 0 0 0 0 0 0 0 0 0 0 0 0 0 0 0 0 0 0 3 0 0 57 21 12 0 0 11 17 27 84 0 0 0 0 17 33 0 0 0 0 0 0 0 14 0 0 0 0 0 0 0 0 0 0 0 0 25 0 0 0 0 0 0 0 0 5 1 0 18 0 0 0 0 10 0 0 0 0 0 0 0 0 0 0 0 1 0 0 6 1 0 0 0 0 0 3 0 23 0 0 0 27 15 16 0 0 24 36 3 26 19 0 0 12 13 65 0 0 0 0 0 0 0 0 13 0 0 0 0 0 0 0 0 0 0 0 24 0 0 0 0 0 0 0 0 0 0 0 0 0 0 0 0 8 0 0 0 0 0 0 12 0 0 0 0 0 0 0 0 0 0 0 2 0 2 152 147 2 19 7 0 0 0 0 20 0 0 0 0 0 0 0 0 0 0 0 0 0 0 8 0 0 0 0 14 0 0 0 
 0 0 0 0 6 304 0 0 0 0 0 0 0 0 0 0 0 2 0 0 51 84 40 63 48 40 52 54 113 53 42 21 404 84 83 37 226 248 0 144 0 0 47 0 2 64 0 0 0 1 2 3 0 0 0 23 0 201 4 0 0 33 47 3 6 6 11 0 2 4 3 0 0 3 0 6 0 0 0 6 0 0 0 0 0 1 0 0 0 0 0 0 0 0 0 0 0 0 15 0 20 20 0 2 0 0 29 1 26 0 0 0 64 18 1 0 0 0 26 53 0 0 0 0 0 0 1 0 0 0 0 0 0 0 0 0 0 0 0 0 0 1 0 0 0 2 0 0 0 0 0 0 0 0 0 0 0 0 0 0 0 0 0 0 11 40 0 0 0 2 0 0 0 0 0 0 0 0 0 0 30 1 0 0 0 0 20 11 0 0 1 0 35 26 8 0 0 0 57 77 0 0 0 0 0 0 0 0 0 0 0 0 1 0 1 0 0 0 0 0 0 0 13 0 1 0 0 0 0 0 0 2 0 0 0 0 0 0 1 0 0 0 2 0 0 0 0 0 0 0 0 0 0 0 0 0 2 0 0 0 17 0 0 0 0 0 0 0 0 0 0 0 0 0 0 0 0 0 0 0 0 0 0 0 17 0 0 0 0 0 
 3 5 3 3 5 3 3 3 3 3 4 6 3 3 3 3 3 4 3 4 274 47 49 62 71 38 197 130 284 88 48 30 338 586 113 79 30 31 144 0 0 0 4 0 5 0 0 0 0 0 3 5 0 0 0 5 0 0 0 2 2 4 3 3 0 2 0 0 1 0 0 1 0 2 2 0 0 0 0 2 0 0 0 0 0 0 0 0 0 0 0 0 0 0 1 0 0 0 0 0 33 12 11 0 0 0 39 13 18 0 0 0 12 36 12 26 1 0 0 13 0 0 0 0 0 0 0 15 0 0 0 0 0 0 0 17 0 0 0 0 0 1 0 0 0 0 0 10 0 0 0 0 0 0 0 0 0 0 0 0 0 0 0 0 1 5 0 0 0 0 0 0 0 0 0 0 0 0 0 0 37 37 11 0 0 0 27 35 10 0 0 0 1 69 86 0 12 12 1 22 0 0 0 0 0 0 0 0 0 0 0 0 0 0 0 0 0 0 0 0 0 0 0 0 0 0 0 0 0 0 0 0 0 0 2 0 0 0 0 0 0 0 0 0 0 0 0 0 0 0 0 0 0 0 5 1 0 0 0 0 0 3 0 0 0 0 0 0 0 0 0 0 0 0 0 0 0 0 0 0 0 0 0 0 0 0 0 0 0 0 
 0 0 0 0 0 1 0 0 0 0 0 3 0 0 0 0 4 0 0 3 2 0 0 0 0 0 2 0 1 0 0 0 0 0 0 4 0 0 0 0 0 68 263 55 21 36 314 337 37 52 31 37 117 217 306 233 97 28 64 184 37 28 11 0 7 0 0 4 4 4 0 0 0 0 2 53 16 3 0 7 0 0 0 0 0 0 0 0 0 0 0 0 0 0 0 0 0 0 0 0 0 0 0 0 0 0 0 0 0 0 0 20 0 0 0 0 0 0 0 0 2 34 35 26 0 0 10 16 30 24 10 0 0 12 29 45 20 0 0 0 0 4 2 4 4 11 0 0 0 2 5 0 0 0 0 0 18 0 0 0 0 0 4 0 0 0 0 14 0 0 0 0 0 0 0 0 0 0 0 0 0 0 0 0 0 0 0 0 0 0 0 0 0 0 0 0 0 0 0 0 8 24 16 7 0 0 0 55 7 9 1 0 0 1 35 19 29 20 0 0 0 0 0 3 3 0 10 0 0 0 5 3 0 0 0 0 0 11 0 0 0 0 0 0 0 0 0 0 0 0 0 2 0 0 0 0 0 0 0 0 0 0 0 0 2 2 5 0 0 0 7 0 0 0 0 0 0 0 0 0 0 0 0 0 0 1 0 0 0 0 
 0 0 0 0 4 0 0 0 73 0 0 0 0 0 0 0 0 0 0 0 0 0 1 0 0 0 0 1 4 0 0 208 0 0 0 0 0 0 0 0 68 0 353 283 48 266 37 391 231 288 54 35 29 111 549 259 329 255 31 268 4 0 0 0 6 5 0 2 0 0 0 14 0 0 0 0 0 0 0 0 0 0 0 0 0 0 0 0 0 0 0 0 0 0 0 0 0 0 0 0 0 0 0 0 0 0 0 0 0 0 0 9 0 0 0 0 0 0 0 0 0 11 19 43 0 0 0 0 21 33 18 0 0 0 0 13 27 26 0 0 0 0 0 0 10 0 0 0 0 2 0 8 0 5 0 0 1 0 0 0 0 0 4 0 0 0 0 0 4 0 0 0 0 0 0 0 3 0 0 0 0 0 0 0 0 0 0 0 0 0 0 0 0 0 0 0 0 0 0 0 0 18 38 18 0 0 0 0 39 17 14 26 0 5 0 0 29 54 0 0 0 0 0 0 0 0 0 0 0 0 0 0 0 0 0 0 0 0 0 0 0 0 4 0 0 0 0 0 0 0 0 11 0 0 0 0 0 0 0 8 0 0 0 0 0 1 0 0 0 0 1 0 0 0 0 0 0 0 0 0 0 0 0 0 23 29 0 0 0 0 
 10 3 3 3 2 3 17 12 3 3 3 3 11 3 12 3 8 3 10 9 1 27 1 1 1 2 71 1 3 8 1 2 0 1 1 2 1 2 47 4 263 353 0 94 259 318 59 125 192 317 71 258 65 79 57 138 147 242 41 32 0 0 0 0 0 0 1 0 0 0 0 1 0 0 0 0 0 1 2 0 13 0 8 0 0 0 3 9 0 0 0 0 6 3 8 2 0 6 5 6 0 0 0 0 0 0 0 0 0 6 0 0 0 0 0 0 0 0 0 0 0 0 0 2 1 1 0 0 0 31 22 15 0 0 0 0 18 12 0 0 0 2 0 1 2 2 0 0 1 0 2 1 0 6 1 1 3 1 0 0 3 1 0 0 0 20 10 12 3 0 0 0 0 43 8 1 0 1 9 4 0 0 0 0 0 0 0 0 0 0 0 0 0 0 0 0 0 0 0 0 0 0 15 3 2 2 0 0 17 29 15 21 0 0 0 0 8 39 0 0 0 0 1 1 0 2 0 1 1 0 2 1 0 0 0 1 0 1 21 0 0 0 19 0 0 0 0 0 0 0 0 14 0 0 0 0 0 0 1 10 0 0 2 1 0 19 2 1 2 0 0 0 0 0 0 0 0 0 0 0 0 0 0 0 21 19 0 0 0 1 
 0 0 0 0 0 0 0 0 0 0 2 0 0 0 0 0 0 0 4 0 0 9 4 0 0 0 0 0 39 6 0 208 0 57 15 2 6 4 0 0 55 283 94 0 85 253 64 78 101 285 83 270 58 59 90 45 57 197 65 47 0 0 0 0 0 0 0 0 0 7 0 0 0 0 0 0 0 2 0 0 0 0 0 0 0 0 0 0 0 0 0 0 0 0 0 0 0 0 0 0 0 0 0 3 3 27 0 0 0 0 3 0 0 0 0 0 0 5 3 0 0 0 0 0 8 21 0 0 0 7 31 32 0 0 0 0 0 0 0 0 0 0 0 0 2 0 0 6 0 0 0 0 1 3 0 0 1 0 15 10 1 0 0 6 0 11 0 0 0 0 0 0 5 0 0 0 0 0 0 0 40 7 6 5 4 6 0 1 1 1 0 0 0 0 0 4 5 9 0 0 0 0 0 11 27 39 0 3 1 1 15 3 0 0 0 0 0 0 0 0 0 0 0 0 0 0 0 0 0 0 0 0 4 0 0 0 0 0 11 10 0 0 5 0 0 0 0 0 0 0 0 3 0 0 0 0 0 0 2 2 0 29 7 11 0 10 0 7 0 0 5 0 0 0 0 0 0 0 0 0 0 5 0 0 0 0 0 0 1 0 
 3 3 4 4 9 2 3 5 6 2 4 2 2 4 4 6 4 2 7 2 0 1 2 2 5 2 1 2 5 1 2 1 0 0 2 2 2 1 2 5 21 48 259 85 0 210 42 82 65 83 328 180 82 56 83 328 71 57 275 52 0 0 0 0 0 0 0 3 0 0 0 0 0 0 0 0 0 0 0 1 0 0 0 0 0 0 0 0 0 0 0 16 0 0 0 0 0 0 0 0 0 0 0 0 0 0 0 0 0 1 14 0 0 0 0 0 0 0 0 0 0 0 0 0 25 20 0 0 0 0 0 0 0 0 0 0 13 0 0 0 21 0 0 0 0 0 0 0 0 8 0 0 6 0 0 0 0 0 8 8 7 0 0 0 0 0 0 0 0 0 0 0 3 0 0 0 0 0 0 0 0 0 0 0 0 0 0 0 0 0 0 0 0 0 0 0 0 17 0 0 0 0 0 1 0 17 0 0 0 0 0 0 0 0 0 0 0 0 0 0 7 0 0 0 0 0 26 3 0 0 0 0 0 1 10 9 0 0 16 14 0 0 0 0 0 0 0 0 0 3 0 9 1 0 0 0 0 2 0 1 63 0 1 3 2 2 2 2 2 0 0 0 2 0 0 0 0 0 0 0 0 0 0 0 0 0 1 0 0 0 
 3 3 3 8 6 6 4 3 21 58 11 13 3 4 3 4 3 29 4 3 2 0 0 0 1 2 0 0 4 0 2 0 0 0 0 0 0 0 64 0 36 266 318 253 210 0 43 257 42 42 66 105 42 38 37 529 282 126 57 58 0 0 0 0 0 0 0 0 0 0 0 0 0 0 0 0 0 2 102 1 0 0 0 4 0 0 0 0 0 4 0 5 0 0 0 0 0 0 0 0 0 0 0 0 0 0 0 0 0 0 11 0 13 0 0 0 0 0 0 0 4 0 0 0 33 19 0 0 0 0 0 1 0 0 0 0 0 0 0 0 4 7 0 0 0 0 19 5 0 0 0 0 20 12 9 0 2 0 3 13 5 0 0 5 0 0 0 0 0 0 0 25 0 0 0 0 0 0 0 0 0 0 0 0 0 0 0 0 0 0 0 0 6 0 14 0 0 0 0 0 0 0 0 0 0 2 0 0 5 0 0 0 0 0 3 0 0 0 0 0 48 0 3 0 0 0 28 65 1 0 0 0 38 1 12 0 24 0 55 23 0 3 0 0 0 0 7 0 0 0 0 5 0 0 0 0 0 0 0 0 0 0 6 0 0 2 0 0 5 0 0 0 0 0 0 0 0 3 0 0 0 0 0 0 0 0 0 0 2 0 
 0 0 0 0 0 3 0 0 0 0 0 1 0 0 0 0 0 0 0 0 0 0 0 0 0 1 0 0 89 0 0 0 0 0 1 0 0 0 0 0 314 37 59 64 42 43 0 58 45 37 34 248 331 318 36 39 30 45 44 231 0 20 6 0 33 0 0 0 0 0 0 0 0 0 0 0 0 0 0 0 0 0 0 0 0 0 0 0 1 0 0 0 0 0 25 0 0 0 0 0 0 0 0 0 0 0 0 0 0 0 0 0 0 0 0 0 0 0 0 0 30 26 30 0 0 0 16 40 22 23 0 0 0 49 41 34 14 0 0 0 0 0 0 0 0 0 0 0 0 3 0 0 0 0 0 0 2 0 0 0 0 0 10 0 0 0 0 0 0 0 0 0 0 0 0 0 0 0 0 0 0 0 0 0 0 0 0 0 0 0 0 0 0 0 0 0 0 0 0 0 7 28 0 0 0 0 0 30 0 6 0 0 17 66 28 18 11 20 0 0 0 0 0 0 0 0 0 0 0 12 0 0 0 0 0 0 0 0 0 0 0 0 0 0 0 0 0 0 0 0 0 4 0 0 0 0 0 0 0 0 0 0 0 0 0 0 0 0 0 0 0 0 0 0 0 0 0 0 0 0 0 0 0 0 0 0 0 0 1 0 
 2 2 2 2 2 4 2 2 2 2 58 2 2 2 2 2 2 2 2 2 0 0 0 0 0 30 0 0 4 3 0 0 0 0 0 0 0 0 0 0 337 391 125 78 82 257 58 0 106 59 277 20 239 555 394 259 35 273 277 143 5 0 22 0 5 0 0 0 0 0 0 2 0 0 0 0 0 0 0 0 0 0 0 0 0 0 0 0 0 0 0 0 0 0 0 0 0 0 0 0 0 0 0 0 0 0 0 0 0 0 0 0 0 0 0 0 0 0 0 0 0 32 33 28 0 0 0 0 49 22 7 0 1 1 48 34 26 16 0 0 0 0 0 0 0 0 0 0 0 4 0 0 0 44 0 0 2 0 0 0 0 0 6 0 0 0 0 0 4 0 0 0 0 0 0 0 0 0 0 0 0 0 0 0 0 0 0 0 0 0 0 0 0 0 0 0 0 0 0 0 6 6 6 1 0 0 0 1 44 20 16 0 0 0 23 0 36 76 0 0 0 0 0 0 0 0 0 21 0 0 0 0 0 0 0 0 0 0 0 0 0 0 20 0 0 0 0 0 0 0 0 3 0 0 0 0 0 0 0 11 0 0 0 0 0 69 2 0 2 0 0 0 0 0 0 0 0 3 0 0 0 0 0 0 0 9 0 0 0 0 
 0 5 7 0 0 0 0 5 6 2 0 0 0 8 5 8 11 0 0 3 0 0 0 0 0 0 3 0 1 0 0 0 0 0 0 0 0 0 0 0 37 231 192 101 65 42 45 106 0 270 31 25 79 84 86 228 105 191 277 61 6 0 0 0 0 0 0 0 0 0 0 0 0 0 0 0 0 0 0 0 0 19 0 0 4 0 0 0 31 7 3 3 0 0 0 4 8 5 0 0 0 0 0 0 0 0 0 0 0 0 0 0 0 0 0 0 0 0 0 0 8 1 0 13 0 2 0 0 1 15 37 17 0 0 14 2 11 30 0 0 0 13 0 0 0 0 0 0 0 0 0 0 0 3 0 0 2 0 0 0 0 5 8 0 0 0 0 0 1 5 6 0 0 0 0 6 0 5 0 0 0 0 0 0 0 0 16 0 0 0 0 0 0 0 0 0 0 0 0 0 0 0 7 16 1 1 0 0 17 24 23 27 0 0 0 0 9 20 0 0 0 0 0 0 0 0 0 0 0 0 0 0 0 0 0 0 0 0 35 0 0 1 11 0 0 0 0 0 0 0 0 5 0 2 0 0 0 0 0 23 0 0 1 1 2 10 0 1 0 0 0 0 0 0 0 0 0 0 0 0 0 0 0 0 19 30 0 0 1 0 
 0 0 0 0 0 0 0 0 0 0 0 1 0 0 0 0 0 0 0 0 0 0 0 0 0 0 0 0 0 54 0 0 0 0 0 0 0 0 1 0 52 288 317 285 83 42 37 59 270 0 281 149 38 46 100 311 754 354 80 70 0 0 0 1 4 23 0 0 0 0 1 0 0 0 0 2 0 0 0 3 18 0 0 0 0 0 0 0 0 0 13 0 0 0 0 0 0 0 0 0 0 0 0 0 0 0 0 0 0 0 0 0 0 0 0 0 0 0 0 0 0 0 0 9 9 18 0 0 23 20 30 22 0 0 0 0 0 17 0 0 0 0 0 0 2 0 23 0 0 0 0 0 0 7 0 0 1 0 0 0 2 0 0 2 0 0 0 0 0 0 0 0 3 0 0 0 0 0 0 9 0 0 0 0 0 0 0 0 0 0 0 0 0 0 0 0 0 0 0 0 0 0 11 18 33 9 0 0 1 0 16 31 0 0 0 0 0 20 0 0 0 0 0 0 0 0 0 0 0 0 0 0 8 0 0 0 0 0 6 0 0 0 1 0 0 0 0 0 0 0 0 4 0 0 0 0 0 0 0 11 0 0 64 63 1 4 3 62 1 0 9 0 0 0 0 0 0 0 0 0 0 0 0 0 20 18 0 0 0 0 
 4 4 5 5 10 4 4 6 5 4 5 4 67 4 5 5 3 4 32 4 0 0 0 0 0 0 2 0 3 3 0 0 1 0 0 65 0 0 2 3 31 54 71 83 328 66 34 277 31 281 0 400 54 37 288 105 130 507 60 58 0 0 0 0 0 0 0 0 0 0 0 0 0 0 0 0 0 0 0 0 1 0 0 0 13 0 7 0 0 0 5 0 0 0 0 0 0 0 16 2 0 0 0 0 0 0 0 0 0 0 0 0 0 0 0 0 0 0 0 0 0 0 0 0 7 1 0 0 0 0 16 23 0 0 0 0 0 0 0 0 0 0 0 0 0 0 0 0 0 0 0 0 1 0 0 0 5 0 38 10 13 0 0 4 0 0 15 5 0 0 7 0 13 10 0 0 0 0 7 13 0 0 0 0 0 0 0 0 0 0 0 0 0 0 0 0 0 0 0 0 0 0 0 20 5 29 0 0 0 0 0 2 0 0 0 0 0 0 0 0 0 0 0 0 0 0 15 0 0 0 0 0 0 0 0 0 0 0 15 8 0 0 0 0 0 0 2 0 0 0 0 11 0 0 0 0 0 0 0 8 0 0 0 2 6 12 6 4 2 0 0 0 0 0 0 0 0 0 0 0 0 0 0 0 0 4 0 0 0 0 
 2 2 6 2 2 5 2 2 2 2 2 2 2 3 2 2 2 72 3 5 3 3 7 3 3 3 3 3 5 5 3 212 6 3 3 7 3 3 3 5 37 35 258 270 180 105 248 20 25 149 400 0 25 23 52 27 70 90 45 46 0 0 0 0 0 2 0 2 0 0 0 0 0 0 0 0 0 5 0 0 0 0 0 0 0 0 0 0 0 0 0 0 0 0 0 0 0 0 0 0 0 0 0 0 0 0 0 0 0 0 0 0 0 0 0 0 0 0 0 0 1 0 0 0 32 27 0 0 0 0 12 12 0 0 0 0 0 0 0 0 0 0 0 0 0 0 0 1 0 0 0 0 0 1 0 0 2 0 19 18 18 0 0 6 0 0 0 0 0 0 0 0 5 0 0 0 0 0 0 0 0 0 0 0 0 0 0 0 0 0 0 0 0 0 0 0 0 0 0 0 0 0 0 13 32 56 0 0 0 0 12 11 10 0 0 0 0 0 0 0 0 0 0 0 0 0 33 0 1 0 0 0 9 0 0 0 0 0 1 18 0 0 0 0 0 0 0 0 0 0 0 23 0 0 0 0 0 0 0 2 0 27 67 67 1 0 0 99 0 0 11 0 0 0 0 0 0 0 0 0 0 0 0 0 0 0 0 0 1 0 
 0 0 0 0 0 1 0 0 0 0 0 0 0 0 0 0 0 0 0 0 0 0 0 0 0 0 3 0 1 0 0 0 0 0 0 0 0 0 0 0 117 29 65 58 82 42 331 239 79 38 54 25 0 102 272 46 33 40 332 229 6 1 3 3 17 2 0 2 3 3 2 0 0 0 3 5 0 0 0 0 0 0 0 29 0 0 0 0 0 0 0 0 0 0 0 0 1 0 0 0 0 0 0 0 0 0 0 0 0 0 0 0 0 0 0 0 0 0 0 0 36 7 15 0 0 0 57 32 0 1 0 0 8 48 1 11 21 0 0 24 0 0 1 0 0 0 0 0 0 0 0 0 0 0 0 0 1 0 0 0 0 0 0 0 0 5 0 0 0 0 0 0 9 0 0 0 5 0 0 0 9 0 0 0 0 13 0 0 0 0 0 0 0 0 2 0 0 0 0 0 25 12 1 0 0 0 18 39 0 0 0 0 8 45 29 61 0 0 0 19 13 0 0 0 0 0 0 0 0 0 0 0 0 0 0 0 0 0 0 0 0 0 0 0 0 0 0 0 0 0 0 2 0 0 0 0 0 0 0 0 0 0 0 0 0 0 2 0 0 0 0 0 0 0 0 0 0 0 0 0 0 0 0 0 0 0 0 0 1 1 
 0 0 0 0 0 2 0 0 0 0 2 3 0 0 0 30 0 0 9 0 63 0 0 0 0 0 0 0 0 0 0 0 0 0 0 0 0 0 0 0 217 111 79 59 56 38 318 555 84 46 37 23 102 0 325 62 41 38 76 305 56 0 5 0 13 4 0 0 0 0 0 4 0 0 0 0 0 0 0 0 0 0 0 0 0 0 0 0 0 0 0 0 0 0 0 0 0 0 0 0 0 0 0 0 0 0 0 0 0 0 0 0 0 0 0 0 0 0 0 0 12 43 49 20 0 0 15 58 26 9 11 0 1 18 44 37 43 2 0 1 0 0 0 0 0 0 0 0 0 7 0 4 0 0 0 0 1 0 0 0 0 0 7 0 0 0 0 0 0 0 0 0 0 0 0 0 0 0 0 0 0 0 0 0 0 0 0 0 0 0 0 0 0 0 0 0 0 0 0 0 2 33 28 12 0 0 0 65 11 11 1 0 2 0 40 29 35 22 0 0 0 0 0 0 0 0 0 0 0 0 0 0 0 0 0 0 0 0 0 0 0 0 1 0 0 14 0 0 0 0 0 3 0 0 0 0 0 0 0 0 0 0 0 0 0 3 2 0 2 0 0 0 0 0 0 0 0 0 0 0 0 0 0 0 0 0 0 0 0 0 
 22 0 0 0 0 0 0 0 0 0 0 0 0 0 0 0 0 0 0 2 0 0 6 0 2 0 2 0 0 0 0 1 0 0 0 6 0 0 0 0 306 549 57 90 83 37 36 394 86 100 288 52 272 325 0 101 287 49 60 79 7 0 8 0 2 0 0 0 0 0 3 0 0 0 0 0 0 3 0 0 0 0 0 0 0 0 0 0 0 0 1 0 0 0 0 0 0 0 0 0 0 0 0 0 0 0 0 0 0 0 0 0 0 0 0 0 0 0 0 0 0 22 16 56 0 0 0 0 39 20 25 0 0 0 32 68 38 12 0 0 0 20 0 0 0 0 0 0 0 4 0 0 0 0 0 0 2 0 1 0 26 0 5 0 0 0 0 0 2 0 0 0 0 0 0 0 0 0 0 0 0 0 0 0 0 0 0 0 0 0 0 0 0 0 0 0 0 0 0 0 8 13 16 53 5 0 0 1 33 27 18 7 0 0 15 0 37 39 1 0 0 0 0 0 0 0 0 0 0 0 0 0 0 0 0 0 11 0 0 0 0 0 10 0 0 0 0 0 0 0 0 0 0 0 0 0 0 0 0 13 0 0 3 0 3 2 0 0 0 0 0 0 0 0 0 0 0 0 0 0 0 0 9 0 2 10 0 0 0 0 
 0 0 0 0 2 8 0 2 0 0 0 0 0 0 0 0 6 0 0 0 0 0 0 0 0 0 7 0 0 0 0 0 12 0 0 0 0 0 23 5 233 259 138 45 328 529 39 259 228 311 105 27 46 62 101 0 197 186 65 47 0 0 0 0 0 0 0 0 0 0 0 0 3 0 6 0 0 0 0 0 0 0 0 0 0 0 0 0 0 0 0 0 0 0 0 0 0 0 0 0 4 0 0 0 0 0 14 0 0 0 0 0 0 8 0 0 0 0 8 4 0 0 0 4 0 31 0 0 0 37 23 17 0 0 0 0 25 24 0 0 0 0 0 0 0 0 0 0 1 0 0 0 0 26 0 0 2 0 0 0 0 0 0 16 8 17 0 0 3 0 0 0 0 0 10 0 0 0 0 0 13 0 0 0 0 0 0 0 0 0 0 0 0 10 11 0 0 0 7 15 0 0 6 24 5 8 0 6 17 31 24 17 0 0 0 0 11 44 0 0 0 0 0 0 0 0 0 0 0 0 14 0 1 14 0 20 0 0 24 0 0 0 10 0 0 0 0 0 0 0 0 11 0 1 0 0 0 0 0 26 0 0 4 2 0 23 5 1 2 0 0 0 0 0 0 0 0 0 0 0 0 0 0 0 57 10 0 0 2 0 
 0 0 0 0 0 0 0 0 0 0 1 0 0 0 0 0 0 0 0 3 0 0 1 0 0 0 0 0 0 0 0 0 0 0 0 0 26 59 0 0 97 329 147 57 71 282 30 35 105 754 130 70 33 41 287 197 0 198 55 42 0 0 0 0 0 0 0 0 0 0 0 0 25 0 0 0 0 0 0 0 0 0 0 0 0 0 0 0 0 0 0 0 0 0 0 0 0 0 0 0 0 0 0 0 0 0 0 0 10 0 0 0 0 0 0 0 0 0 0 0 0 1 1 5 0 1 0 0 1 29 21 22 0 0 0 5 14 31 0 0 0 0 0 0 0 0 0 0 0 0 0 0 0 3 0 0 2 0 0 0 0 0 0 0 0 0 0 0 3 15 0 0 0 0 0 0 0 0 0 0 0 0 0 0 0 0 0 0 0 0 0 0 0 0 0 0 0 0 0 0 0 0 6 16 1 8 0 0 17 28 20 30 0 0 0 0 11 29 0 0 0 0 29 0 0 0 0 0 4 10 0 0 0 0 0 0 0 0 20 0 0 0 10 0 0 0 0 0 0 0 0 10 0 0 0 0 0 0 0 10 0 0 1 0 2 24 3 2 1 0 0 0 0 0 0 0 0 0 0 0 0 0 0 0 19 20 0 0 0 3 
 3 2 2 3 4 5 3 2 2 2 3 4 4 3 2 2 2 2 67 4 1 1 2 0 0 212 1 0 2 1 0 0 0 0 0 2 0 2 201 0 28 255 242 197 57 126 45 273 191 354 507 90 40 38 49 186 198 0 31 244 5 0 0 0 0 1 16 0 0 0 0 0 6 3 3 0 0 0 0 0 0 11 0 0 0 0 2 0 0 0 0 0 7 0 0 0 0 0 23 0 0 0 0 0 0 0 0 0 0 0 0 0 0 0 0 0 0 8 0 0 0 0 17 8 14 0 0 0 0 21 36 17 0 0 0 17 0 28 2 0 5 0 4 7 0 0 0 2 6 2 0 0 1 0 10 6 9 5 0 0 0 0 0 9 0 0 1 0 0 0 0 0 3 0 1 0 0 0 0 10 0 0 0 0 0 0 0 0 0 0 0 0 0 0 0 0 0 0 0 0 0 0 13 21 20 21 0 0 0 0 0 52 0 0 19 0 0 0 0 0 0 3 3 0 0 0 12 6 14 0 0 0 0 5 2 3 2 0 33 0 0 0 0 0 0 0 0 0 0 0 0 15 0 0 0 0 0 0 0 0 0 26 3 66 0 22 1 67 0 0 0 0 0 0 0 0 0 0 0 0 0 0 0 0 0 1 0 0 1 0 
 0 0 0 1 6 6 0 0 0 0 1 9 0 0 0 0 0 0 3 0 0 0 0 0 0 195 0 0 0 0 20 0 0 0 4 0 0 0 4 0 64 31 41 65 275 57 44 277 277 80 60 45 332 76 60 65 55 31 0 157 0 0 0 0 0 1 0 0 4 0 0 0 0 0 50 0 0 0 0 0 0 0 0 1 0 5 0 0 0 0 0 0 0 0 0 0 0 0 0 0 48 0 0 0 0 0 3 0 0 0 0 0 0 0 0 0 0 0 6 18 60 0 1 0 0 0 42 11 21 0 0 0 39 33 0 1 0 0 0 45 0 0 9 11 3 0 0 8 16 0 21 0 0 0 0 0 2 0 0 0 0 0 0 1 8 6 0 0 0 1 0 4 0 0 0 0 0 0 0 0 0 0 0 0 0 52 0 0 0 0 0 0 9 0 0 0 0 0 3 0 28 6 0 0 0 0 46 4 14 0 0 0 18 56 19 25 0 0 25 20 0 5 0 0 0 0 0 0 0 0 0 0 3 0 0 0 0 6 0 0 0 0 0 0 0 0 3 0 0 0 0 10 0 2 0 0 0 0 0 2 0 0 7 0 0 0 4 0 0 0 0 0 0 0 0 0 0 0 0 0 0 0 0 0 0 0 0 0 0 0 
 3 3 3 3 3 3 3 3 3 3 3 3 3 3 3 3 3 3 3 3 0 0 0 7 4 1 0 0 3 4 5 5 0 0 0 0 0 1 0 2 184 268 32 47 52 58 231 143 61 70 58 46 229 305 79 47 42 244 157 0 0 0 5 0 7 3 0 48 0 0 0 0 0 0 0 0 0 0 0 0 0 0 0 0 0 0 0 0 0 0 0 0 0 0 0 0 0 0 0 0 0 0 0 1 3 3 0 0 0 0 1 3 0 0 0 0 0 0 0 0 48 3 38 0 0 0 25 30 17 30 0 0 1 50 44 21 20 0 4 0 0 0 0 0 0 0 0 0 0 7 0 0 0 0 0 0 15 0 0 0 0 0 0 0 0 0 0 0 0 0 0 0 0 0 0 0 0 0 0 0 0 0 0 1 5 14 0 0 0 0 4 4 0 0 0 0 0 0 7 0 26 18 1 0 0 0 1 35 13 0 0 0 17 60 27 50 3 17 5 19 0 0 0 0 0 0 0 0 0 0 0 0 0 0 0 0 0 0 0 0 0 0 1 0 0 63 0 0 0 0 0 6 0 0 0 0 0 0 3 0 0 0 0 0 0 0 2 0 0 0 0 0 0 0 0 0 0 0 0 0 0 0 0 0 0 0 0 0 0 0 
 0 0 0 0 0 1 0 0 0 0 1 0 0 106 0 0 0 0 0 0 0 0 0 0 0 0 0 0 0 4 0 0 0 0 1 1 0 0 0 2 37 4 0 0 0 0 0 5 6 0 0 0 6 56 7 0 0 5 0 0 0 78 74 41 65 22 242 228 29 59 48 55 56 85 474 45 38 44 46 80 0 0 0 0 0 0 0 0 0 0 0 0 0 0 0 0 0 0 0 0 0 0 0 0 0 0 0 0 0 0 0 0 0 0 0 0 0 0 0 0 1 7 0 4 0 0 1 0 4 4 9 0 0 0 2 0 8 1 0 0 0 20 7 10 0 0 0 0 36 43 8 0 0 0 16 16 9 8 0 0 0 0 0 0 0 5 0 0 0 0 0 0 0 0 0 0 1 0 0 2 0 0 0 0 0 0 0 0 0 24 0 0 0 0 0 0 0 0 0 0 0 0 0 8 0 0 0 0 5 11 6 0 0 3 0 0 4 4 0 0 8 22 30 18 0 2 0 27 25 21 26 0 0 0 11 28 15 10 0 0 0 0 2 0 0 0 0 0 0 0 0 0 0 0 9 0 0 0 0 0 0 0 0 0 0 0 1 1 0 0 13 0 0 6 1 0 0 0 0 0 0 0 0 0 0 12 0 0 0 0 
 0 0 0 0 0 0 0 0 0 0 0 0 0 0 0 0 0 0 0 0 3 2 2 2 2 3 2 2 2 6 47 2 5 2 2 8 2 2 33 4 28 0 0 0 0 0 20 0 0 0 0 0 1 0 0 0 0 0 0 0 78 0 279 79 26 32 72 299 227 42 63 241 56 68 258 215 203 61 48 108 0 0 0 0 0 0 0 0 0 0 0 0 0 0 0 0 0 0 0 0 0 0 0 0 0 0 0 0 0 0 0 0 17 0 0 0 0 0 0 0 0 0 0 0 0 0 0 0 0 0 0 0 0 0 0 0 0 0 0 0 0 14 28 29 16 18 0 0 15 6 24 18 0 0 1 10 31 15 17 0 0 5 0 0 0 6 0 0 0 8 0 0 0 0 0 0 27 0 5 0 0 0 0 0 0 0 0 0 0 0 0 0 0 0 0 0 0 0 0 0 0 0 0 0 0 0 0 0 0 0 12 0 0 0 0 0 0 0 0 0 20 4 14 48 1 0 0 0 5 11 19 35 0 0 11 18 1 42 0 0 11 0 0 0 0 0 0 0 0 0 0 0 0 0 3 0 0 0 0 0 0 0 0 0 0 0 7 2 0 0 16 4 0 9 4 0 0 0 0 0 0 0 0 0 0 1 0 0 1 0 
