 0 99 60 54 24 28 340 253 38 19 33 30 153 160 317 255 35 142 42 122 2 0 3 2 5 4 78 0 75 0 0 0 1 0 7 1 0 2 1 0 10 0 61 5 1 1 3 0 6 3 2 0 63 0 0 3 5 2 0 2 3 2 3 1 1 3 1 0 0 0 0 2 53 0 3 1 0 0 0 0 0 10 40 2 0 0 0 22 12 16 0 0 13 27 41 3 13 3 1 0 0 0 0 0 1 0 0 0 3 0 15 0 0 17 0 0 0 0 0 0 0 0 0 0 0 0 0 0 0 0 0 0 0 0 0 0 0 0 8 0 0 0 7 0 0 0 0 0 0 0 0 0 0 8 0 0 0 0 0 0 20 43 0 0 0 4 0 12 35 0 0 0 7 36 25 22 0 0 2 0 0 1 0 0 0 12 0 0 1 1 0 0 0 20 0 0 0 0 0 0 0 0 0 0 0 0 0 0 0 0 0 0 0 0 0 0 0 2 0 0 0 0 0 0 0 0 0 1 0 0 0 0 0 0 0 0 0 0 0 0 0 0 0 0 0 0 0 0 0 0 0 5 0 0 0 0 1 0 0 0 0 0 0 0 1 0 0 0 0 0 0 0 0 0 0 0 0 0 0 0 0 0 0 0 0 1 0 0 0 1 
 99 0 485 80 240 37 64 371 661 49 119 39 72 53 407 355 296 50 31 64 0 1 0 2 1 0 3 0 0 0 0 0 3 0 0 0 0 3 0 2 0 0 3 3 0 1 0 0 0 2 0 0 0 0 0 17 4 0 0 3 0 0 3 0 70 0 0 0 0 0 0 0 3 0 3 3 0 0 0 0 4 59 36 32 0 0 0 21 59 21 51 14 0 0 25 46 35 32 0 0 0 1 0 0 0 0 0 0 0 2 0 0 0 0 0 0 0 1 0 0 0 0 0 0 0 1 0 0 0 0 0 2 0 0 0 0 0 2 0 0 0 0 0 0 0 0 2 3 0 2 0 0 0 0 0 5 0 0 0 1 9 7 28 2 8 0 0 9 29 26 8 13 0 0 45 48 48 32 0 4 0 0 5 0 0 0 0 0 0 2 0 0 0 0 2 0 0 0 0 0 0 0 1 0 1 0 0 1 0 0 0 0 2 16 0 0 0 0 0 0 0 0 0 0 0 2 0 0 0 0 0 0 0 0 1 0 0 0 0 0 0 9 0 0 0 0 0 0 0 0 0 9 0 0 0 0 0 0 0 0 0 0 0 0 0 0 0 0 0 1 0 0 0 0 0 0 7 0 0 0 0 0 0 0 0 0 0 0 0 2 
 60 485 0 103 77 31 281 56 159 247 50 264 294 58 54 176 356 279 249 474 0 2 3 4 7 2 4 4 5 1 3 2 1 3 5 2 4 3 5 3 0 0 5 5 2 1 2 2 2 0 2 3 0 0 2 3 4 0 4 4 0 5 5 2 32 0 7 4 2 0 4 0 3 0 5 3 2 0 1 0 0 88 18 22 0 0 0 0 17 22 25 11 0 0 20 31 40 23 0 0 0 0 0 0 0 0 0 0 0 0 0 0 14 0 0 0 0 0 0 0 0 0 0 0 0 0 0 0 0 0 0 0 0 0 0 0 0 0 0 0 0 0 0 0 0 0 0 0 0 0 0 0 0 0 0 0 0 0 0 0 0 20 48 20 25 0 0 0 0 22 0 9 0 0 13 0 30 0 0 56 0 0 0 0 0 0 0 0 0 0 0 0 0 0 0 0 0 0 0 0 0 0 0 0 0 0 0 0 0 0 0 0 0 0 0 0 0 0 0 0 0 0 0 0 0 0 16 0 0 0 0 0 0 0 0 0 0 0 0 0 0 0 0 0 0 0 4 0 2 3 2 7 0 0 1 0 0 1 2 0 0 0 0 0 0 0 0 2 0 0 0 0 0 0 0 2 8 1 0 0 0 0 0 0 0 0 0 0 0 0 
 54 80 103 0 88 50 106 72 100 485 216 631 282 82 78 480 140 397 90 58 0 0 0 0 0 0 15 0 0 0 0 1 3 0 0 1 2 5 0 0 70 0 3 5 0 2 0 0 62 0 0 0 2 0 0 65 2 3 0 3 0 23 3 0 0 0 2 0 0 0 3 0 3 0 3 37 0 0 0 0 0 1 15 25 39 33 0 0 13 30 10 48 0 0 0 1 3 7 0 0 0 0 10 0 0 0 0 0 0 0 0 0 0 0 1 0 0 0 0 0 0 1 0 0 0 0 10 0 0 0 0 0 0 0 0 0 0 0 0 0 0 0 0 0 0 0 0 0 0 0 0 1 0 0 16 0 0 0 0 0 0 0 19 27 20 0 0 0 1 8 24 20 0 0 1 0 35 0 0 0 0 0 0 0 0 0 0 2 0 0 1 0 0 0 0 0 0 0 11 0 0 0 0 13 0 0 0 0 1 0 0 0 0 0 0 0 0 0 0 0 0 0 0 0 0 0 0 0 0 0 0 0 0 0 0 0 0 0 0 0 0 11 0 0 0 0 92 2 0 11 0 180 13 0 0 0 0 2 0 0 0 0 5 0 0 0 0 0 0 0 0 0 0 0 0 25 0 5 0 0 0 0 0 0 0 0 0 0 0 0 
 24 240 77 88 0 422 41 54 299 64 75 837 88 61 89 44 46 28 261 285 2 0 0 0 3 73 2 0 0 0 0 2 3 0 1 0 0 2 1 0 0 0 4 3 40 2 0 0 0 0 0 0 0 0 0 4 2 0 0 2 1 0 3 0 2 53 0 0 0 0 37 0 3 0 2 0 0 31 0 0 0 0 0 13 48 36 0 0 0 0 9 0 0 0 0 0 0 0 0 0 0 0 0 0 0 0 14 1 0 0 0 0 19 2 0 0 0 0 24 19 0 0 0 0 0 0 0 0 0 0 0 0 0 0 0 0 0 0 0 0 0 0 0 0 0 0 0 0 0 0 7 0 0 0 0 0 0 0 0 0 0 0 0 0 21 49 0 0 0 0 0 0 0 0 9 0 0 0 0 0 0 0 0 0 0 0 0 0 0 0 0 0 8 0 0 0 0 0 45 8 0 0 0 25 0 0 0 0 0 0 0 0 0 0 0 0 0 0 0 0 0 0 0 0 0 0 0 0 0 0 0 0 0 0 0 0 0 0 0 0 0 0 0 0 0 0 3 0 6 5 0 17 0 0 0 0 0 0 0 0 0 0 0 0 0 0 1 0 0 0 0 0 0 0 0 0 0 3 0 0 0 0 0 0 0 0 0 0 0 0 
 28 37 31 50 422 0 51 38 264 34 88 55 26 53 57 55 74 50 32 81 2 0 0 17 1 0 3 0 0 7 0 1 4 0 0 75 0 3 323 1 0 0 4 3 57 1 63 61 0 0 0 0 0 2 0 5 11 0 0 3 32 0 3 0 0 0 0 0 0 51 0 0 3 0 34 3 0 0 0 0 0 0 0 0 8 41 0 0 0 0 20 0 0 2 0 0 0 0 0 0 15 6 0 0 0 0 33 0 0 0 0 0 42 26 1 0 0 0 48 33 0 0 0 0 0 0 0 0 0 0 0 0 0 0 3 0 0 0 0 0 0 0 0 0 2 0 0 0 0 0 18 0 0 0 0 0 0 0 0 0 0 2 0 0 22 30 0 0 0 0 0 0 0 45 0 2 0 0 0 0 2 0 0 0 0 0 14 0 0 0 0 0 37 14 0 1 0 0 36 50 0 0 0 1 0 2 0 0 0 0 0 0 0 0 0 0 0 0 0 1 0 0 0 0 0 0 0 0 2 0 0 1 0 13 0 0 19 0 2 0 0 0 0 0 0 2 0 0 4 6 0 16 0 0 0 0 0 0 0 0 0 0 1 0 0 0 0 0 0 0 0 0 0 0 0 0 0 8 0 0 0 0 0 0 0 0 0 0 0 0 
 340 64 281 106 41 51 0 122 38 39 100 24 368 861 84 38 37 54 54 345 0 0 0 1 2 1 79 0 2 0 0 1 2 0 0 2 0 5 0 0 4 2 3 3 3 3 0 0 4 0 0 3 1 0 0 3 2 1 0 3 0 0 3 0 0 3 0 0 0 0 0 0 44 0 3 3 0 0 0 0 42 20 0 1 0 0 3 33 0 0 0 0 17 17 21 1 4 0 0 0 0 0 1 0 0 0 0 0 0 2 0 0 0 0 0 0 0 1 0 0 0 0 0 0 0 2 0 0 0 0 0 2 0 1 0 0 0 0 0 0 0 0 0 0 0 0 2 4 0 0 0 0 0 0 0 26 0 1 1 0 26 20 0 0 0 1 26 19 13 0 2 0 44 99 4 21 0 2 8 6 0 0 0 0 0 0 0 0 0 2 0 0 0 0 0 0 0 0 0 0 0 0 1 0 0 0 0 1 0 0 0 0 2 0 1 0 0 0 0 0 0 0 1 0 0 0 0 0 0 0 0 0 0 0 0 0 0 0 0 0 0 0 0 0 0 0 0 0 1 2 0 11 0 0 0 0 0 0 0 0 0 0 0 0 0 0 2 0 0 0 0 0 1 0 0 0 0 0 0 0 0 0 0 0 0 0 0 0 0 2 
 253 371 56 72 54 38 122 0 99 283 56 36 115 662 160 223 64 156 48 62 0 0 0 2 2 0 2 2 2 2 0 0 1 0 1 2 0 3 27 0 1 0 3 3 1 2 0 0 4 0 62 0 0 0 0 25 2 0 0 2 2 0 3 0 2 0 0 0 0 0 0 0 2 0 2 0 50 36 0 0 10 13 19 1 0 0 1 24 35 8 14 0 1 3 32 43 28 13 0 0 0 0 0 0 0 0 0 0 0 0 0 0 0 0 0 0 0 0 19 0 0 0 0 0 0 0 0 1 0 0 14 0 0 0 0 0 0 0 2 0 0 0 0 0 1 0 0 3 0 0 0 0 0 1 6 28 1 0 0 0 20 22 7 36 0 4 0 14 31 27 0 0 0 43 23 27 0 11 1 0 1 0 0 0 0 0 0 0 0 0 0 0 0 0 0 0 0 0 0 0 0 10 0 0 0 2 0 0 1 0 0 0 16 0 0 0 0 0 0 8 0 1 0 0 0 0 0 0 1 0 0 0 0 0 0 0 0 13 2 0 0 0 0 0 0 0 0 0 0 1 1 6 0 0 0 0 0 0 0 0 1 0 0 0 0 0 0 0 0 0 0 0 0 0 0 0 0 0 0 0 0 0 0 0 0 0 0 0 0 0 
 38 661 159 100 299 264 38 99 0 454 55 238 290 91 106 323 261 411 70 287 0 0 0 1 2 0 2 2 0 2 0 0 1 0 1 0 0 2 6 0 0 0 20 3 0 2 0 0 0 0 29 0 64 47 0 97 66 0 0 2 0 0 6 0 1 0 0 0 0 0 0 0 3 0 3 2 0 0 0 0 0 44 29 54 2 0 0 0 33 39 34 43 0 0 67 50 36 32 0 0 0 0 0 0 0 0 0 0 0 0 0 0 0 0 0 0 0 0 0 0 0 0 0 0 0 0 0 0 0 0 0 0 0 0 0 1 0 0 0 0 0 1 0 0 0 21 0 0 0 0 0 0 0 0 0 0 0 0 0 0 2 21 40 40 23 2 0 2 0 47 4 29 2 0 1 0 35 14 0 29 0 0 0 0 0 0 2 0 0 0 0 0 0 0 0 0 0 0 0 0 0 0 0 0 0 0 0 0 0 0 0 0 0 0 1 12 0 0 0 0 0 0 0 0 2 0 0 0 0 0 0 0 0 21 0 0 0 1 0 0 0 8 0 0 0 2 3 0 2 2 0 6 1 0 0 0 0 0 0 0 0 0 0 0 0 0 0 0 0 0 0 0 0 0 0 10 9 0 0 0 0 0 0 0 0 0 0 0 0 0 
 19 49 247 485 64 34 39 283 454 0 442 56 51 337 133 872 391 90 79 91 0 0 0 1 2 0 2 0 0 0 0 0 1 0 1 0 0 2 1 0 0 0 3 3 0 1 0 0 0 0 0 0 0 0 0 91 2 0 1 2 0 0 3 0 1 0 0 0 0 0 0 0 3 0 3 1 0 0 0 0 0 26 11 45 14 0 0 0 14 47 28 83 0 0 0 0 1 28 0 0 0 0 0 0 0 0 26 0 0 0 0 0 0 0 0 0 0 0 0 0 0 0 0 0 0 0 0 0 0 15 0 0 0 6 0 0 0 0 0 0 0 0 0 0 0 0 0 0 0 0 19 0 0 0 0 0 0 0 0 0 0 0 29 19 11 0 2 0 0 13 43 44 0 0 0 6 39 10 0 6 0 6 0 0 0 0 0 0 0 0 0 0 0 0 0 0 0 0 0 0 0 0 0 0 6 0 0 0 0 0 0 0 0 0 0 0 0 0 0 0 0 0 0 0 0 0 0 0 0 0 0 0 0 0 0 0 0 0 0 0 0 7 0 0 0 0 174 2 2 172 0 8 14 0 0 0 0 0 0 0 0 0 10 0 0 0 0 0 0 0 0 0 0 0 0 26 14 7 0 0 0 0 0 0 0 0 0 0 0 0 
 33 119 50 216 75 88 100 56 55 442 0 414 235 41 55 78 211 629 47 157 0 1 0 0 2 0 2 0 0 0 0 0 2 3 5 1 0 5 1 1 3 0 3 3 0 2 0 70 4 1 2 0 0 4 0 61 4 4 6 8 5 0 6 3 35 3 0 0 3 0 50 0 2 0 4 0 0 2 0 0 0 0 16 25 53 39 0 0 10 40 14 63 0 0 0 0 0 13 0 0 0 0 0 0 0 0 0 0 0 0 0 0 0 0 29 0 0 2 0 1 0 0 0 0 16 1 0 0 0 0 0 0 0 0 12 0 0 1 0 0 0 0 0 0 0 2 1 0 0 1 0 0 0 0 0 0 0 0 0 0 0 0 18 32 42 0 0 0 0 21 22 29 0 0 2 0 57 3 0 0 0 0 0 0 0 0 0 0 0 0 0 0 0 0 1 0 0 0 11 30 0 0 2 24 2 0 0 2 0 0 0 0 0 0 0 0 0 0 0 0 0 0 2 0 0 1 0 0 0 0 0 0 0 0 0 0 0 0 0 0 0 6 0 0 0 3 55 0 0 94 0 18 10 0 0 0 0 2 0 0 0 0 20 0 0 0 1 0 0 2 0 0 0 0 0 28 0 8 0 0 0 0 0 0 0 0 0 0 0 10 
 30 39 264 631 837 55 24 36 238 56 414 0 243 36 33 36 62 40 37 32 0 0 0 0 3 74 3 0 0 0 0 0 2 2 0 4 0 3 3 0 0 0 4 3 63 1 0 0 0 0 0 3 0 0 0 4 2 0 0 3 0 3 3 0 0 0 0 0 0 0 7 0 3 0 3 3 0 0 0 0 0 0 0 12 45 49 0 0 0 0 4 28 0 0 0 0 0 0 0 0 1 0 0 0 0 0 0 0 0 0 0 0 9 0 0 0 0 9 29 15 0 0 0 15 0 24 0 0 0 0 0 0 0 0 0 0 11 0 0 0 0 0 0 0 2 0 0 0 0 0 1 0 0 0 0 0 0 0 0 0 0 0 0 10 14 0 0 0 0 16 20 17 0 0 0 0 0 0 0 0 0 0 0 0 0 0 0 0 0 0 0 0 7 0 0 0 0 0 11 0 0 0 0 18 0 0 0 2 0 0 0 0 0 0 0 0 0 0 0 0 0 0 0 0 0 0 0 0 0 0 0 14 0 0 0 0 0 0 0 0 0 0 0 0 0 2 181 2 4 183 0 13 14 0 0 0 0 0 0 0 0 0 11 0 0 0 0 0 0 0 0 0 0 0 0 18 0 15 0 0 0 0 0 0 0 0 0 0 0 0 
 153 72 294 282 88 26 368 115 290 51 235 243 0 316 51 31 315 113 333 398 2 0 0 2 2 0 3 2 0 3 0 3 4 0 0 0 0 98 1 0 6 0 3 3 1 1 0 0 0 0 0 0 0 0 62 3 2 0 0 3 0 0 4 0 0 3 0 0 0 0 0 0 54 0 3 3 0 0 3 0 27 1 0 1 0 0 26 8 0 0 0 0 24 29 22 0 0 0 0 0 0 0 0 0 1 0 0 0 0 0 0 0 0 0 0 0 0 0 0 0 0 0 0 0 1 0 0 0 0 0 0 0 0 0 0 0 0 0 0 0 2 0 0 0 0 0 0 0 2 0 0 0 0 15 0 0 0 0 0 0 30 1 0 0 0 0 53 40 1 0 0 0 19 74 0 0 0 0 28 7 0 1 0 0 0 0 0 0 1 0 0 0 0 2 0 0 0 0 0 0 0 0 0 0 0 0 0 0 0 0 0 0 0 0 0 0 0 2 0 0 0 0 0 0 0 0 0 1 0 0 0 0 0 0 0 0 0 0 0 0 0 0 0 0 0 3 0 0 0 0 0 7 0 1 0 0 0 0 0 0 0 0 0 0 0 0 0 2 0 0 0 0 0 0 0 0 0 0 0 0 0 0 0 0 0 0 0 0 0 0 
 160 53 58 82 61 53 861 662 91 337 41 36 316 0 504 39 251 36 61 212 0 0 0 2 2 0 3 0 0 0 0 1 2 74 0 0 0 3 0 0 3 0 3 3 1 1 0 0 10 1 0 0 0 0 0 3 2 2 0 3 0 0 3 0 0 0 0 0 0 0 35 0 77 0 3 3 0 0 0 0 9 19 22 2 0 1 15 54 43 21 0 0 20 43 59 0 29 1 0 0 0 0 0 0 0 0 0 0 0 0 0 0 0 0 0 0 0 0 1 0 0 0 0 0 0 0 0 0 0 0 0 0 0 0 0 0 1 0 0 0 0 0 0 0 0 0 0 5 0 0 0 0 0 0 0 5 0 0 0 0 10 4 7 0 0 7 10 20 40 0 0 0 46 57 30 38 0 18 0 0 0 0 1 8 0 0 0 0 13 0 0 0 0 0 0 0 0 0 0 0 0 0 0 0 0 0 0 14 0 0 1 0 0 0 0 0 0 0 0 0 0 0 0 0 0 0 0 0 1 0 1 0 0 0 0 17 0 0 0 1 0 0 0 0 0 1 0 2 2 0 2 10 0 2 0 0 0 0 0 0 0 0 0 0 0 0 0 0 0 0 0 0 0 0 0 0 1 0 0 0 0 0 0 0 0 19 0 0 0 0 
 317 407 54 78 89 57 84 160 106 133 55 33 51 504 0 213 261 28 60 108 0 0 0 1 1 0 3 2 4 2 9 0 2 0 0 2 0 3 74 0 0 3 3 3 1 2 0 0 7 0 0 0 0 0 0 4 2 4 0 3 0 0 3 0 0 0 0 0 0 2 0 0 3 0 12 2 0 0 0 0 10 60 38 2 0 0 0 34 25 24 25 0 0 1 33 53 77 33 0 0 0 0 0 0 0 0 0 0 0 0 0 16 0 0 0 0 0 0 1 0 0 0 0 0 0 0 0 0 0 0 0 0 0 0 0 0 0 0 0 0 0 0 0 0 0 0 0 6 0 0 0 0 0 0 0 5 22 0 0 0 12 33 10 11 0 5 0 23 35 40 0 1 0 14 92 51 0 28 0 2 0 0 0 0 0 0 0 0 0 0 0 0 0 0 0 0 0 0 0 0 0 0 0 0 0 0 0 0 0 0 0 0 0 0 0 0 0 0 0 0 0 0 0 0 0 0 0 0 0 0 0 0 0 0 0 0 0 0 0 1 0 0 0 0 0 3 0 2 0 0 0 16 0 0 6 0 0 0 0 0 3 0 2 0 0 0 0 0 0 0 0 0 0 7 0 0 0 0 0 0 0 3 0 0 0 0 0 0 0 0 
 255 355 176 480 44 55 38 223 323 872 78 36 31 39 213 0 659 599 255 58 0 0 0 2 1 0 3 0 0 90 0 0 2 0 0 1 0 3 0 0 0 0 3 3 0 2 65 0 0 0 0 0 0 0 0 77 2 1 0 3 0 0 3 0 0 0 0 0 0 0 0 0 3 0 3 3 0 0 0 0 0 65 60 39 1 0 0 0 15 20 46 43 0 0 33 49 20 51 0 0 2 0 0 0 0 0 0 0 0 0 0 1 0 0 0 0 0 0 0 0 0 0 0 0 0 0 0 0 0 0 0 0 0 0 0 0 0 0 0 2 2 0 12 0 0 0 0 0 0 0 1 0 0 0 0 0 0 0 0 0 2 8 44 24 16 13 0 0 1 32 7 63 0 1 14 2 37 18 0 8 0 5 0 2 0 2 0 0 0 0 0 0 0 0 0 0 0 0 0 1 0 0 0 0 0 0 0 0 0 0 0 0 0 1 0 0 0 15 0 0 0 0 0 0 0 0 0 0 0 0 0 0 18 0 0 1 0 0 0 0 0 9 0 0 0 88 4 0 0 4 0 7 3 0 0 0 0 0 0 0 0 0 10 0 0 0 0 0 0 0 0 0 0 0 0 11 9 0 0 0 0 0 0 0 0 0 0 0 0 0 
 35 296 356 140 46 74 37 64 261 391 211 62 315 251 261 659 0 609 32 18 2 0 0 3 1 1 3 0 0 0 0 0 2 1 0 2 0 3 0 1 0 0 3 3 0 2 0 6 0 0 0 0 12 0 0 70 2 2 0 3 12 0 3 0 0 0 0 0 0 0 0 31 10 0 3 2 0 0 43 0 0 35 21 36 16 0 0 0 63 34 38 39 0 0 14 30 23 51 0 0 0 0 0 1 0 0 0 0 0 0 0 0 1 0 2 0 0 0 0 0 2 0 0 0 0 0 0 0 0 0 0 0 1 0 0 0 0 0 0 0 0 0 0 0 0 2 0 0 2 0 0 0 0 0 0 0 0 0 0 0 0 0 48 28 17 0 2 0 0 15 19 16 0 0 20 9 54 21 0 15 0 1 0 0 0 0 0 0 0 0 0 0 0 1 0 0 0 1 1 0 0 0 0 0 0 0 0 0 0 0 0 0 0 0 0 5 0 0 0 0 0 0 0 2 0 0 2 0 0 0 0 0 0 0 0 0 0 0 6 0 0 9 0 0 0 2 89 0 1 1 1 9 1 0 0 0 0 0 0 0 0 0 1 0 0 0 0 0 0 9 0 0 0 0 0 31 6 11 0 0 0 0 0 0 0 0 0 0 0 0 
 142 50 279 397 28 50 54 156 411 90 629 40 113 36 28 599 609 0 20 118 0 0 0 3 0 0 3 0 0 0 0 0 3 0 0 0 3 4 0 0 0 0 3 3 0 1 0 0 0 0 0 0 0 0 0 36 65 0 64 3 0 0 3 0 0 0 0 0 27 0 0 0 3 0 3 3 0 0 0 0 0 74 20 42 41 0 0 0 51 15 39 97 0 1 0 1 0 57 0 0 0 0 0 14 0 0 1 0 0 0 0 0 0 17 11 0 0 0 0 0 0 0 0 0 0 0 0 2 0 0 0 0 0 0 0 0 0 0 1 0 0 14 0 0 0 0 0 0 0 0 0 0 0 2 0 0 2 0 0 0 1 1 26 26 20 0 0 1 0 14 27 46 0 0 1 2 62 11 0 7 2 0 0 0 0 0 0 0 0 0 0 0 1 0 0 0 0 0 0 0 0 0 0 0 0 1 0 0 0 0 0 0 0 8 0 0 0 0 0 0 0 1 0 0 0 0 0 0 0 0 0 0 0 0 6 0 0 0 1 0 0 4 0 0 0 3 170 0 0 174 3 15 14 0 0 0 0 0 0 0 2 0 12 2 0 0 0 0 0 0 0 0 0 0 0 26 10 27 0 0 0 0 0 0 0 0 0 0 0 0 
 42 31 249 90 261 32 54 48 70 79 47 37 333 61 60 255 32 20 0 368 0 0 2 1 1 0 3 0 0 0 0 0 2 0 2 0 2 4 0 0 20 0 3 3 1 1 0 0 0 0 0 0 0 0 0 3 2 0 0 2 0 0 3 0 1 4 0 0 0 0 0 0 3 0 3 1 0 0 0 0 29 0 0 0 0 15 39 15 0 0 2 0 35 8 0 0 0 0 30 46 13 0 0 0 0 0 0 0 0 0 0 0 0 0 0 0 0 0 0 0 0 0 0 0 0 0 0 0 0 0 0 0 0 0 0 0 0 0 0 0 0 0 2 0 0 0 0 0 0 0 0 0 0 1 0 0 0 0 0 0 28 0 0 0 0 0 45 14 0 0 0 0 68 3 0 0 0 0 69 29 0 0 0 0 0 0 0 0 0 0 0 0 0 0 0 0 0 0 0 0 0 0 0 0 0 0 0 0 0 0 0 0 0 0 0 0 0 0 0 0 0 0 0 0 0 0 0 0 0 0 29 0 0 0 0 0 0 0 0 0 0 0 0 0 0 0 0 1 0 0 0 18 0 0 0 0 0 0 0 0 0 0 0 0 0 0 3 0 0 0 0 0 0 0 0 0 0 0 0 0 0 0 0 0 0 0 0 0 0 0 
 122 64 474 58 285 81 345 62 287 91 157 32 398 212 108 58 18 118 368 0 1 0 0 2 0 0 3 0 2 0 0 0 7 0 0 0 0 3 2 0 3 0 3 3 2 2 0 0 14 1 0 0 0 0 0 3 2 2 0 3 0 0 3 0 0 3 0 0 0 0 0 0 54 0 3 3 0 1 0 0 23 1 0 0 0 0 25 7 0 0 0 0 16 39 23 0 0 0 0 1 11 0 0 23 0 0 0 0 0 0 0 0 0 0 0 0 0 0 0 0 0 0 0 0 0 0 0 0 0 0 1 0 0 0 0 0 0 0 0 0 0 5 0 0 0 0 0 0 0 0 0 0 0 0 0 0 0 0 16 0 21 10 0 0 0 0 66 35 13 0 0 18 26 22 0 1 0 0 19 8 0 0 0 0 0 0 0 0 0 0 0 0 0 0 0 0 0 0 0 0 0 0 0 0 0 0 0 0 0 0 0 0 0 0 0 0 0 0 0 0 0 0 0 0 21 0 0 0 0 0 2 0 0 0 0 0 0 0 0 1 0 0 0 0 0 0 3 0 1 1 2 3 0 0 0 0 0 0 0 0 0 0 0 0 0 0 0 0 0 0 0 0 0 0 0 0 0 0 0 0 0 0 0 0 0 0 0 0 0 0 
 2 0 0 0 2 2 0 0 0 0 0 0 2 0 0 0 2 0 0 1 0 92 70 53 36 33 548 326 54 18 242 61 301 123 277 94 36 53 42 126 1 0 4 3 3 0 6 62 0 3 1 89 0 0 3 1 0 7 0 0 0 0 0 0 0 3 0 2 36 5 3 2 0 3 0 0 0 0 3 1 0 0 0 0 0 0 0 0 0 0 0 0 0 2 0 0 0 0 0 0 15 25 14 27 0 0 11 32 12 60 33 0 0 0 22 2 15 0 1 0 0 0 0 0 0 2 0 0 0 0 0 7 0 0 0 0 0 0 0 0 0 0 0 0 4 2 0 0 1 0 0 19 0 0 0 0 0 0 0 0 0 0 0 0 0 1 0 0 2 0 1 0 0 0 1 0 0 30 0 0 74 24 12 0 0 0 9 49 36 0 0 0 8 52 29 5 34 9 0 0 0 0 0 0 0 0 0 0 0 0 0 0 0 0 2 2 0 0 0 0 0 0 0 4 0 0 0 0 0 0 0 0 0 2 0 0 0 0 0 0 0 0 0 0 0 0 0 0 73 0 0 0 0 0 13 0 0 0 1 0 0 0 0 0 0 0 0 0 0 0 0 0 0 0 0 0 0 0 0 0 0 0 0 0 0 0 0 0 0 2 
 0 1 2 0 0 0 0 0 0 0 1 0 0 0 0 0 0 0 0 0 92 0 430 293 41 39 66 471 348 41 42 40 33 54 365 471 349 40 324 234 3 27 4 3 0 4 0 0 0 0 3 0 0 0 2 0 3 7 1 0 0 0 4 2 6 0 0 2 0 6 11 5 47 3 2 5 5 0 3 0 0 0 0 0 0 0 0 0 0 0 0 0 0 0 0 0 0 0 0 0 0 11 23 57 0 0 1 22 36 28 77 11 0 0 5 44 59 62 0 0 0 0 0 0 0 0 0 0 0 0 0 0 0 0 0 0 0 15 0 0 0 0 0 0 0 0 0 0 0 0 0 0 0 0 0 0 0 0 0 0 0 0 0 0 0 0 0 0 0 0 0 0 0 0 0 0 0 0 0 0 0 35 37 18 0 0 21 51 37 41 3 37 0 1 0 76 45 23 0 0 0 0 0 0 0 0 0 0 0 2 0 0 0 0 0 0 0 0 0 0 0 0 0 0 0 0 0 0 0 0 0 0 0 0 0 0 0 0 0 0 0 0 12 0 0 0 0 0 0 0 0 0 0 0 17 0 3 0 0 0 4 0 0 0 0 0 23 0 0 0 0 0 0 0 0 0 0 0 0 0 0 14 0 0 0 0 10 0 0 0 
 3 0 3 0 0 0 0 0 0 0 0 0 0 0 0 0 0 0 2 0 70 430 0 93 40 98 68 217 198 364 49 47 83 48 40 204 172 411 42 47 0 0 5 57 0 2 2 0 0 0 0 0 0 0 2 0 0 3 0 0 0 6 0 0 0 0 0 2 0 0 3 0 1 3 0 0 0 0 3 0 0 0 0 0 0 0 0 0 0 0 0 0 0 0 0 0 0 0 0 11 0 44 16 23 11 14 0 0 39 12 32 33 0 0 12 47 41 65 0 0 0 0 0 0 0 0 0 0 0 0 0 0 0 0 0 1 0 0 3 0 16 0 0 0 8 0 0 0 0 0 0 0 0 0 0 0 0 0 0 0 0 0 0 0 0 2 0 1 0 0 0 0 0 0 0 0 0 0 19 0 0 31 49 31 1 0 0 15 20 42 56 43 0 0 0 61 20 74 0 0 4 2 0 0 0 0 0 0 1 0 0 0 1 0 0 0 0 0 1 0 2 0 0 0 0 0 0 2 0 0 0 0 0 0 0 0 0 0 0 6 0 0 12 0 0 0 0 0 0 1 0 0 0 0 2 0 0 2 5 4 0 20 0 0 0 0 26 0 0 0 0 0 0 0 0 0 1 0 0 0 0 41 0 13 0 0 5 0 0 0 
 2 2 4 0 0 17 1 2 1 1 0 0 2 2 1 2 3 3 1 2 53 293 93 0 64 41 103 91 95 233 113 184 87 88 53 33 36 193 97 63 1 0 3 24 0 2 0 65 0 2 21 15 0 0 3 0 0 3 0 0 0 51 0 0 0 0 0 2 0 51 3 0 0 3 25 0 0 0 3 0 0 0 0 0 0 0 0 0 0 0 1 0 0 0 0 0 0 0 0 0 0 0 0 0 27 14 0 0 12 4 1 9 0 0 0 5 0 0 0 0 0 0 0 0 0 0 0 0 0 0 0 0 1 0 0 2 0 0 10 0 0 0 0 0 0 0 0 0 0 0 0 0 0 0 2 0 0 0 0 0 0 0 0 0 0 0 0 0 0 0 0 0 0 0 20 0 0 0 0 0 0 0 0 11 24 15 0 0 0 31 20 26 0 0 0 0 11 38 0 0 0 0 0 0 0 0 0 0 2 0 0 0 2 0 0 0 0 0 16 0 0 0 0 0 0 0 0 0 0 0 0 0 0 16 0 0 0 0 0 0 0 0 0 0 0 0 0 0 0 0 0 0 0 0 4 0 0 5 41 0 2 0 21 0 0 0 0 0 0 0 0 0 0 0 0 0 0 0 0 0 0 0 0 0 0 0 0 0 0 2 
 5 1 7 0 3 1 2 2 2 2 2 3 2 2 1 1 1 0 1 0 36 41 40 64 0 410 263 86 91 90 84 337 76 68 288 71 279 49 276 68 2 0 4 3 0 1 6 2 0 13 0 0 0 1 4 2 0 7 1 4 0 0 0 0 0 6 0 2 0 0 3 0 0 3 0 0 0 0 3 0 0 0 0 0 0 0 0 0 0 10 0 0 0 0 0 0 0 0 0 0 0 0 0 0 41 31 0 0 0 0 0 1 0 2 0 0 0 0 0 0 0 10 0 0 0 0 7 0 0 0 0 0 68 12 0 0 0 0 42 33 0 0 0 0 0 0 0 0 0 0 0 9 0 0 0 0 0 0 0 0 0 1 9 0 0 0 0 0 0 0 0 0 0 0 0 0 0 0 0 0 0 0 0 14 47 26 0 0 0 1 0 0 0 0 0 0 0 0 0 0 0 0 0 0 0 0 11 0 0 0 0 0 24 0 0 0 0 0 47 28 0 0 0 0 0 0 0 0 0 0 0 0 0 0 0 0 0 0 0 0 0 0 2 0 0 0 0 0 0 0 0 0 0 0 13 1 0 4 2 4 2 3 0 0 0 0 0 0 0 0 0 0 0 0 0 0 0 0 0 0 0 0 0 0 0 0 0 0 0 0 
 4 0 2 0 73 0 1 0 0 0 0 74 0 0 0 0 1 0 0 0 33 39 98 41 410 0 28 51 263 71 67 80 36 58 41 260 45 68 35 73 0 0 4 3 0 0 0 0 0 4 0 1 6 0 2 0 3 3 196 0 0 0 0 3 0 25 0 3 0 1 3 3 0 3 0 1 0 0 3 0 0 0 0 0 0 0 0 0 0 0 0 0 0 0 0 0 0 0 0 0 0 0 2 0 0 41 0 0 0 0 2 0 0 0 2 0 2 0 0 0 22 0 0 0 0 0 20 0 0 0 0 0 42 22 0 0 0 0 59 80 0 0 0 0 0 0 0 0 6 0 0 0 0 0 0 0 0 0 0 0 0 1 0 0 0 0 0 0 0 0 0 0 0 0 0 0 24 2 0 0 24 0 1 0 3 30 0 0 0 0 0 0 0 0 0 0 0 0 0 0 12 0 0 0 0 2 46 1 0 0 0 0 65 2 0 0 0 0 30 38 0 0 0 9 0 0 0 0 0 0 0 0 0 0 0 0 0 0 0 0 0 0 0 0 0 0 0 0 0 0 0 0 0 0 10 0 1 0 5 1 2 0 0 0 0 0 0 0 0 0 0 0 0 0 0 0 0 0 0 0 0 0 0 0 0 0 0 0 0 0 
 78 3 4 15 2 3 79 2 2 2 2 3 3 3 3 3 3 3 3 3 548 66 68 103 263 28 0 75 346 54 31 38 462 380 286 38 252 44 309 302 1 0 9 3 2 2 6 0 0 0 0 0 0 0 3 1 4 68 0 0 0 4 0 0 0 0 0 2 5 10 3 0 0 9 0 6 0 0 5 15 0 0 0 0 0 4 0 0 0 0 0 0 0 0 0 0 0 0 0 0 40 48 11 1 0 0 10 22 0 32 0 0 1 39 32 0 0 13 0 25 0 0 0 0 0 0 0 0 0 0 0 0 0 0 0 0 0 0 0 0 0 0 0 0 4 0 0 0 0 0 0 0 0 0 0 0 0 0 0 0 0 0 0 0 0 0 0 0 5 0 0 0 0 1 0 0 0 19 0 0 79 22 1 0 0 0 14 56 24 0 0 0 6 48 42 18 0 0 0 2 0 0 0 0 0 0 0 0 0 0 0 0 0 1 0 0 0 0 0 0 0 0 0 0 0 0 0 0 0 0 0 0 0 0 0 0 0 0 0 0 0 0 0 0 0 0 0 0 0 0 0 0 0 0 10 0 1 0 0 0 4 0 0 0 0 0 0 0 0 0 0 0 0 0 0 0 0 0 0 0 0 0 0 0 0 0 0 0 0 0 
 0 0 4 0 0 0 0 2 2 0 0 0 2 0 2 0 0 0 0 0 326 471 217 91 86 51 75 0 410 74 53 35 103 415 230 127 61 17 65 279 1 0 5 3 1 2 2 1 0 0 0 0 0 0 3 0 0 7 0 0 0 0 2 0 8 0 0 2 3 9 3 0 0 3 0 0 0 0 3 0 0 2 0 0 0 0 0 0 0 1 0 0 0 0 0 0 0 0 0 0 1 41 8 30 1 0 0 27 49 46 45 0 0 32 8 29 44 61 0 1 0 0 0 0 0 0 0 1 0 0 0 0 16 0 0 0 0 0 0 0 2 0 0 0 0 0 0 0 0 0 0 0 0 0 0 0 0 0 0 0 0 0 0 2 0 0 0 0 0 0 0 12 0 0 0 0 2 0 0 0 0 80 45 31 0 19 0 56 50 20 15 10 0 21 0 62 15 13 0 0 0 0 0 0 0 0 0 0 0 1 0 0 0 0 0 0 0 0 0 0 0 0 0 0 0 0 0 0 0 0 0 0 0 0 0 0 0 0 0 0 0 0 14 0 0 0 0 0 0 0 0 0 0 0 6 0 2 0 2 1 1 0 0 0 0 0 0 0 0 0 0 1 0 0 0 0 0 0 0 0 0 27 0 0 0 0 0 0 0 0 
 75 0 5 0 0 0 2 2 0 0 0 0 0 0 4 0 0 0 0 2 54 348 198 95 91 263 346 410 0 353 55 255 109 299 199 244 212 286 92 310 0 0 33 3 0 1 2 1 0 0 0 0 0 0 3 0 0 4 0 0 0 0 0 0 0 0 0 2 1 0 5 0 0 3 0 0 0 0 3 0 0 0 0 0 0 0 0 0 0 0 0 0 0 0 0 0 0 0 0 0 0 17 15 30 1 9 0 21 61 10 42 35 0 0 8 82 33 45 0 0 0 1 0 0 0 0 0 0 0 0 0 0 0 0 0 0 0 0 13 0 0 0 0 0 0 0 0 0 0 0 0 0 0 1 0 0 0 0 0 0 0 0 0 0 0 0 0 0 0 0 0 0 0 0 0 0 1 0 0 0 0 31 50 14 2 0 0 14 18 30 39 64 0 18 1 64 8 51 0 0 0 0 0 0 0 0 0 0 0 0 11 0 0 0 0 0 0 0 1 0 0 0 0 0 0 0 0 0 0 0 0 0 0 0 0 0 0 0 0 0 0 0 11 0 0 0 0 0 0 0 0 0 0 1 2 0 0 2 2 0 0 21 0 0 0 0 2 0 0 0 0 0 0 0 0 0 0 0 0 0 0 29 0 0 0 0 3 0 0 0 
 0 0 1 0 0 7 0 2 2 0 0 0 3 0 2 90 0 0 0 0 18 41 364 233 90 71 54 74 353 0 410 65 64 83 303 263 379 613 118 113 1 0 4 4 3 1 1 2 0 0 67 1 0 63 3 0 5 4 0 0 0 0 5 0 6 0 0 2 0 0 3 2 0 3 0 0 0 0 3 0 0 2 0 0 0 0 0 0 0 18 0 0 0 0 0 0 0 0 0 0 0 0 19 29 28 14 0 0 2 10 10 66 0 0 1 22 15 5 0 0 0 1 0 0 0 0 0 1 0 0 0 0 0 0 0 0 0 0 16 0 0 0 0 0 0 0 0 0 0 0 0 0 0 19 0 0 0 0 0 0 0 0 0 0 0 0 0 0 0 0 0 0 0 0 0 15 2 0 0 0 0 0 0 56 2 16 0 0 0 30 22 79 0 0 0 6 21 28 0 0 0 0 0 0 0 0 0 0 0 0 0 0 0 0 0 0 24 0 21 0 0 0 0 0 0 0 0 0 0 0 0 0 55 0 0 0 0 0 20 0 0 0 2 0 0 2 0 0 0 0 0 0 0 0 7 2 3 154 162 2 18 14 0 0 0 0 14 0 0 0 0 0 0 0 0 0 0 0 0 0 0 0 0 0 0 0 15 0 0 0 
 0 0 3 0 0 0 0 0 0 0 0 0 0 0 9 0 0 0 0 0 242 42 49 113 84 67 31 53 55 410 0 358 25 27 68 65 95 373 42 56 1 0 5 3 0 2 1 1 0 4 0 0 0 0 3 0 0 3 0 0 0 0 0 0 52 0 0 2 0 0 3 0 0 3 0 0 1 0 3 0 0 0 0 0 0 0 0 0 0 0 0 0 0 0 0 0 0 0 0 0 0 0 0 0 41 19 0 0 0 0 0 41 0 0 0 0 0 10 0 0 0 0 0 0 0 0 0 0 0 0 0 0 12 0 0 0 0 0 26 0 0 0 0 0 0 0 0 0 0 1 0 0 0 12 11 0 1 0 0 0 0 0 0 0 0 0 0 0 0 0 0 0 0 0 0 0 0 0 0 0 0 0 0 42 61 16 0 0 1 38 31 36 0 0 0 0 11 9 0 0 0 0 0 0 0 0 0 0 0 0 0 0 0 0 0 0 0 0 32 0 0 0 0 0 0 0 0 0 0 0 0 0 0 0 0 0 0 34 0 0 0 0 0 0 0 0 0 0 0 0 0 0 0 0 35 0 1 10 16 5 13 14 0 0 0 0 0 0 0 0 0 0 0 0 0 0 0 0 0 0 0 0 0 0 0 0 0 0 0 0 
 0 0 2 1 2 1 1 0 0 0 0 0 3 1 0 0 0 0 0 0 61 40 47 184 337 80 38 35 255 65 358 0 45 266 24 45 75 272 40 47 0 0 6 3 1 3 0 0 0 7 3 0 0 0 2 0 5 3 0 0 0 2 0 1 0 0 0 2 0 1 3 5 0 7 0 3 0 0 4 0 0 0 0 0 0 0 2 0 0 0 0 0 0 2 0 2 0 0 0 0 0 0 0 0 24 40 0 2 0 0 0 21 0 0 0 0 0 0 0 0 0 0 0 0 1 0 9 0 0 0 2 0 22 0 0 0 0 0 49 40 0 0 0 0 0 2 0 0 0 2 0 0 8 0 9 13 0 0 0 0 0 1 0 0 0 0 0 0 0 1 1 0 0 0 8 0 0 0 0 0 0 0 0 42 52 73 0 0 0 1 2 29 0 0 0 0 1 2 0 0 0 0 0 0 0 0 1 1 0 0 0 12 0 0 2 1 0 0 68 0 0 0 0 0 0 0 0 0 0 0 0 0 0 2 0 0 1 0 0 0 0 0 0 0 0 0 1 0 0 0 0 0 0 0 29 0 4 148 151 3 16 0 0 0 0 0 0 0 0 0 0 0 0 0 0 0 0 0 0 0 0 0 0 0 0 0 0 0 0 0 
 1 3 1 3 3 4 2 1 1 1 2 2 4 2 2 2 2 3 2 7 301 33 83 87 76 36 462 103 109 64 25 45 0 393 265 42 47 242 457 250 1 0 4 3 2 1 96 1 0 0 0 0 0 0 3 4 0 3 0 0 0 0 2 0 0 0 0 2 0 13 5 0 0 3 0 0 0 0 3 10 0 0 0 0 1 10 0 0 0 0 0 0 0 1 0 0 0 0 0 0 57 14 15 0 0 0 32 7 0 0 0 0 36 46 36 0 8 0 20 56 0 0 0 0 2 1 0 0 0 0 0 2 0 0 0 0 0 0 0 0 0 0 0 0 11 1 0 0 2 0 2 0 0 0 0 0 0 0 0 0 0 15 0 0 3 19 0 0 9 0 3 0 0 11 1 0 0 7 0 0 62 1 0 0 0 0 44 9 19 0 0 0 63 72 42 0 0 0 1 41 0 0 0 0 0 0 0 0 0 0 0 5 0 0 0 0 0 0 0 0 0 0 0 0 0 0 0 0 0 0 0 0 0 0 0 7 2 0 0 0 0 0 0 0 0 0 0 0 0 0 0 0 0 0 4 1 0 0 0 0 5 2 0 0 0 0 0 0 0 0 0 0 0 0 0 0 0 0 0 0 0 0 0 0 0 0 0 0 0 0 
 0 0 3 0 0 0 0 0 0 0 3 2 0 74 0 0 1 0 0 0 123 54 48 88 68 58 380 415 299 83 27 266 393 0 419 43 24 45 91 268 1 0 4 3 1 1 1 0 0 2 0 2 1 0 3 1 0 3 1 0 0 0 0 0 0 2 44 2 5 8 26 0 0 3 0 1 0 0 3 1 0 0 0 0 0 0 0 0 2 0 0 0 0 0 0 0 0 0 0 0 13 24 31 21 0 0 14 25 27 42 36 0 0 17 60 1 23 18 0 0 0 0 0 0 0 0 0 0 0 0 0 0 0 0 0 0 0 2 0 0 0 0 0 0 2 0 0 0 0 0 0 0 0 0 0 0 1 0 0 0 0 0 0 0 0 0 0 0 0 0 0 0 2 1 0 0 0 1 0 0 31 19 21 0 0 1 10 34 37 10 0 0 0 39 38 16 42 9 0 1 0 0 0 0 0 0 0 0 0 0 0 0 0 0 0 0 0 0 0 0 0 0 2 0 0 0 0 6 0 0 0 0 0 0 0 0 0 0 0 0 0 0 0 0 0 0 0 0 0 0 0 0 0 0 3 0 0 0 0 2 2 1 0 0 0 0 0 0 0 0 0 0 0 0 0 0 0 0 0 0 0 0 0 0 0 0 0 0 0 0 
 7 0 5 0 1 0 0 1 1 1 5 0 0 0 0 0 0 0 2 0 277 365 40 53 288 41 286 230 199 303 68 24 265 419 0 151 275 45 83 93 3 0 5 3 1 4 5 1 0 3 0 2 0 1 3 0 1 7 0 1 0 0 0 0 3 6 0 2 9 0 6 7 0 3 0 72 3 3 3 0 0 0 0 0 0 0 0 0 2 0 0 0 0 0 14 0 0 0 19 0 1 94 7 35 0 0 1 35 59 50 44 0 0 18 9 37 53 62 10 2 0 0 0 0 0 0 0 0 0 0 0 0 0 0 0 0 0 2 0 0 0 0 0 0 0 0 0 0 0 11 0 0 0 0 1 0 1 0 0 0 0 0 0 0 0 2 0 0 0 0 0 10 0 0 0 0 0 0 0 0 0 64 52 0 0 0 2 38 46 2 10 0 0 23 0 73 25 35 0 0 0 0 0 0 0 0 0 0 1 0 0 0 0 0 0 0 0 0 0 0 0 0 0 0 0 0 0 0 0 0 0 0 0 0 0 0 0 2 0 0 0 0 15 0 0 0 0 0 0 0 0 0 0 0 4 2 0 0 0 0 7 1 65 0 0 0 0 0 0 0 0 0 0 0 0 0 0 0 0 0 0 30 2 0 0 0 0 0 0 0 
 1 0 2 1 0 75 2 2 0 0 1 4 0 0 2 1 2 0 0 0 94 471 204 33 71 260 38 127 244 263 65 45 42 43 151 0 140 173 42 43 1 2 3 3 2 4 1 2 1 0 0 2 0 0 4 0 1 6 0 0 0 0 0 0 0 0 0 53 0 0 3 3 0 3 0 0 0 0 3 0 0 0 0 0 0 0 0 0 0 2 0 0 0 0 0 0 0 0 0 0 0 0 13 22 10 13 0 1 70 3 25 21 0 0 26 36 26 14 0 0 0 2 0 0 0 0 0 2 0 0 0 0 0 0 0 0 0 0 0 0 1 0 0 0 0 0 0 0 0 0 0 0 0 0 0 0 0 0 0 0 0 0 0 1 0 0 0 0 0 0 0 0 0 0 0 0 0 6 0 0 0 28 27 11 0 0 0 26 31 15 23 36 0 0 0 25 26 42 0 0 0 0 0 0 0 0 0 0 0 0 0 0 0 0 7 0 0 0 0 0 0 0 0 0 0 0 0 0 0 0 0 4 0 0 10 0 15 0 0 0 0 0 14 0 0 0 0 0 0 0 0 0 0 0 4 0 1 1 1 0 2 0 0 0 0 0 14 0 0 0 0 0 0 0 0 0 0 1 0 0 0 19 0 0 0 0 15 0 0 0 
 0 0 4 2 0 0 0 0 0 0 0 0 0 0 0 0 0 3 2 0 36 349 172 36 279 45 252 61 212 379 95 75 47 24 275 140 0 391 36 33 3 0 5 3 0 2 2 0 3 0 0 0 1 0 2 2 1 3 3 0 0 3 0 0 0 0 0 5 0 0 5 3 0 3 0 0 3 3 3 3 2 0 0 0 0 0 0 0 0 0 0 0 0 0 0 0 0 0 0 0 0 13 11 40 13 14 0 0 44 3 26 39 0 0 13 41 24 37 0 0 0 0 0 0 0 0 0 0 0 0 0 0 0 0 1 0 0 0 1 0 0 0 0 0 0 0 0 0 0 0 0 0 0 0 0 0 0 0 0 0 0 0 0 0 0 0 0 0 0 15 0 0 0 13 0 0 0 14 0 0 2 27 23 11 0 1 0 12 16 32 38 38 0 0 9 37 21 53 0 0 0 0 0 0 0 0 0 0 0 0 0 0 0 0 0 0 0 0 1 0 0 0 0 0 0 0 0 0 0 0 0 0 0 0 0 8 0 0 0 0 0 0 19 0 0 0 0 0 0 0 0 0 0 9 23 2 0 15 0 1 0 12 0 0 0 0 14 0 0 0 0 0 0 2 0 0 0 0 0 0 0 25 0 0 0 0 12 0 0 0 
 2 3 3 5 2 3 5 3 2 2 5 3 98 3 3 3 3 4 4 3 53 40 411 193 49 68 44 17 286 613 373 272 242 45 45 173 391 0 35 32 0 5 4 3 0 1 5 0 0 1 0 0 0 0 31 0 0 7 0 0 0 0 0 2 0 0 0 2 0 1 3 0 0 3 0 51 0 0 3 74 0 0 0 0 0 0 0 0 0 0 0 0 0 0 0 0 0 0 0 0 0 0 21 48 15 25 0 0 0 10 28 51 0 0 0 30 15 11 0 11 0 0 0 0 0 0 0 0 0 0 10 0 0 0 0 0 0 0 18 2 0 0 0 0 0 0 0 0 0 0 0 0 0 0 0 0 0 0 0 0 0 0 0 0 0 0 0 0 0 0 0 0 0 0 0 0 0 0 1 0 0 0 0 53 1 18 0 0 0 38 25 58 0 0 0 0 8 29 0 0 0 0 0 0 0 0 0 0 0 0 0 0 0 0 0 0 0 0 14 0 0 0 0 0 2 0 0 0 0 0 0 0 0 0 0 0 0 0 0 0 0 0 2 0 0 0 0 0 0 0 0 1 0 0 10 0 0 150 153 4 16 35 0 0 0 0 12 0 0 0 0 0 0 0 0 0 0 0 0 0 0 0 0 0 0 0 7 0 0 0 
 1 0 5 0 1 323 0 27 6 1 1 3 1 0 74 0 0 0 0 2 42 324 42 97 276 35 309 65 92 118 42 40 457 91 83 42 36 35 0 262 1 3 8 3 14 2 26 0 3 0 1 2 0 3 66 1 0 66 2 0 0 0 1 2 4 2 0 3 0 0 3 0 1 3 0 4 3 3 5 14 0 0 0 0 0 8 0 0 0 0 3 0 0 0 0 0 0 0 0 0 50 37 0 1 0 0 35 9 16 0 0 0 31 48 1 0 0 0 31 89 0 20 0 0 0 0 0 0 0 0 13 0 0 0 0 0 0 0 0 0 0 0 0 0 8 0 0 0 0 0 10 0 0 0 0 0 17 0 0 0 0 0 0 0 12 33 0 0 10 0 0 0 0 14 0 0 0 1 0 0 31 1 0 0 0 0 34 7 2 0 0 0 35 11 12 0 0 0 28 43 0 0 0 0 0 0 0 0 0 0 0 0 0 0 0 0 0 0 0 0 0 0 0 0 0 0 0 0 0 0 0 0 0 0 0 0 0 0 0 0 0 0 0 0 0 0 0 0 0 0 0 0 0 0 9 0 2 0 0 2 4 0 0 0 0 0 0 0 0 0 2 0 0 0 0 0 0 0 0 0 0 0 0 0 0 0 0 0 0 0 
 0 2 3 0 0 1 0 0 0 0 1 0 0 0 0 0 1 0 0 0 126 234 47 63 68 73 302 279 310 113 56 47 250 268 93 43 33 32 262 0 1 0 4 3 1 2 62 1 0 0 0 0 0 0 3 1 3 3 1 0 0 0 0 0 0 0 0 2 5 9 3 0 0 3 0 0 0 0 3 14 0 0 2 0 0 11 0 0 0 0 0 0 0 0 0 0 0 0 0 0 46 38 44 0 0 0 44 15 0 22 0 0 11 90 51 0 0 19 11 34 0 0 0 0 0 0 0 0 0 0 1 10 0 17 0 0 0 0 0 0 0 0 0 15 9 0 0 2 31 0 33 0 0 1 0 0 0 0 0 0 0 0 0 0 0 21 3 0 6 14 0 0 0 7 0 0 0 6 0 1 67 0 5 0 0 0 30 45 39 0 0 1 46 54 35 0 0 0 0 14 0 0 0 0 0 0 0 0 0 0 0 0 0 0 0 7 0 1 0 0 0 19 0 0 0 0 0 0 0 0 0 0 0 0 0 0 0 0 0 9 0 0 0 0 0 0 0 0 0 0 0 2 0 0 5 0 0 0 1 0 2 3 0 0 0 0 0 0 0 0 0 0 0 0 0 0 0 0 0 0 0 0 0 0 0 0 0 0 0 0 
 10 0 0 70 0 0 4 1 0 0 3 0 6 3 0 0 0 0 20 3 1 3 0 1 2 0 1 1 0 1 1 0 1 1 3 1 3 0 1 1 0 84 291 67 46 35 225 253 259 34 46 42 68 147 264 57 34 271 278 321 0 58 0 0 0 0 2 2 0 0 0 0 0 0 0 1 0 6 1 0 0 0 0 0 0 0 0 10 0 0 0 0 1 7 0 0 3 0 0 0 0 0 0 0 0 0 0 0 0 0 0 0 0 0 0 0 0 0 0 0 8 44 0 0 0 0 0 12 25 9 0 0 0 8 99 50 5 8 0 13 0 0 3 0 0 0 0 0 0 5 0 0 0 0 0 0 0 0 0 0 0 9 0 0 5 0 2 0 22 0 0 0 23 7 0 0 0 0 2 0 0 0 0 0 0 0 0 0 0 0 0 0 0 1 0 0 0 0 0 0 41 24 57 29 0 0 0 16 36 26 0 0 0 26 38 17 23 20 0 0 0 0 0 0 0 0 0 0 0 0 0 0 0 0 0 0 0 1 0 0 0 0 0 0 0 0 0 0 0 19 0 15 0 2 0 0 0 0 1 0 0 0 0 0 0 0 2 0 0 0 0 0 0 0 0 0 0 0 0 0 0 0 0 0 0 0 0 0 2 0 
 0 0 0 0 0 0 2 0 0 0 0 0 0 0 3 0 0 0 0 0 0 27 0 0 0 0 0 0 0 0 0 0 0 0 0 2 0 5 3 0 84 0 440 60 236 22 78 503 183 37 49 34 59 56 236 66 169 52 58 41 1 4 4 0 0 0 0 4 1 0 0 0 56 1 2 3 4 6 0 204 0 0 0 0 0 0 0 0 0 0 0 0 0 0 0 0 0 0 0 0 0 0 0 0 0 0 0 0 0 0 0 0 0 0 0 0 0 0 0 0 0 10 33 0 0 0 0 18 6 17 10 16 0 0 1 27 32 32 0 0 0 1 1 6 0 0 0 1 0 2 5 6 0 0 0 0 1 3 0 0 0 0 0 0 21 0 0 0 0 0 0 0 0 0 0 1 0 0 0 0 0 0 0 0 0 0 0 0 0 0 29 0 0 0 0 0 0 0 0 0 0 13 26 15 9 3 0 1 10 30 16 1 0 0 0 10 42 43 0 0 0 0 0 3 0 0 0 0 1 0 1 5 0 0 0 0 0 0 0 0 0 0 0 0 0 0 0 0 0 0 0 10 0 0 0 0 0 0 0 0 0 0 0 0 1 7 12 0 0 0 30 0 0 0 0 0 0 0 0 0 0 0 0 0 0 3 0 0 0 0 
 61 3 5 3 4 4 3 3 20 3 3 4 3 3 3 3 3 3 3 3 4 4 5 3 4 4 9 5 33 4 5 6 4 4 5 3 5 4 8 4 291 440 0 136 263 35 293 420 100 246 104 48 92 65 94 341 168 224 289 45 0 0 2 8 2 0 2 2 2 0 2 0 0 0 2 0 10 0 2 0 0 0 0 0 0 0 0 0 0 0 0 0 0 0 0 0 0 0 0 0 0 0 0 0 0 0 0 0 0 0 0 0 0 0 0 0 0 0 0 0 0 3 19 25 0 12 0 0 0 21 15 12 0 0 0 22 12 17 16 0 0 0 0 0 0 0 0 0 0 0 0 0 0 5 0 0 0 0 0 0 0 0 0 0 0 0 0 0 0 0 0 0 0 0 0 19 0 0 0 0 0 0 0 0 0 0 0 0 0 0 0 0 0 0 0 0 0 13 0 0 0 0 0 6 9 18 0 0 0 10 13 18 0 0 0 11 1 23 0 0 0 0 0 0 0 0 0 0 0 0 0 17 0 0 0 0 0 0 0 0 0 0 15 0 0 0 0 0 0 0 0 9 0 1 0 0 0 2 0 12 0 0 3 3 0 13 0 2 0 0 0 0 0 36 0 0 0 0 0 0 0 0 0 0 0 7 0 0 1 0 
 5 3 5 5 3 3 3 3 3 3 3 3 3 3 3 3 3 3 3 3 3 3 57 24 3 3 3 3 3 4 3 3 3 3 3 3 3 3 3 3 67 60 136 0 90 46 117 73 81 311 84 520 302 78 260 49 140 259 57 71 0 0 0 1 0 0 0 0 0 0 0 0 0 0 0 3 2 1 0 2 0 0 0 0 0 0 0 0 0 0 0 0 0 0 0 0 0 0 0 0 0 0 0 0 0 5 0 0 0 0 0 0 0 0 0 0 0 0 0 0 0 0 0 50 32 30 0 0 0 13 25 0 0 0 0 3 0 18 0 0 0 0 0 0 0 0 13 0 0 0 0 0 10 0 0 0 0 0 21 1 0 6 13 0 0 0 0 0 0 16 0 0 0 0 0 9 0 0 0 0 0 0 0 0 0 0 0 0 0 0 0 10 0 0 0 0 0 0 0 0 0 0 0 0 20 9 0 0 0 0 25 41 0 0 0 0 0 9 16 0 0 0 0 0 0 0 1 0 0 0 0 0 22 0 0 0 0 0 3 19 0 0 13 0 0 60 0 0 0 0 0 8 0 0 0 0 0 0 0 19 0 0 36 36 0 2 0 36 1 0 0 0 0 0 0 0 0 0 0 0 0 0 0 0 9 15 0 0 0 0 
 1 0 2 0 40 57 3 1 0 0 0 63 1 1 1 0 0 0 1 2 3 0 0 0 0 0 2 1 0 3 0 1 2 1 1 2 0 0 14 1 46 236 263 90 0 280 291 71 81 99 101 235 109 290 70 289 266 33 70 57 0 0 0 0 0 0 0 0 0 0 0 0 0 0 0 0 0 0 3 29 0 0 0 0 0 27 0 0 0 0 0 0 0 0 0 0 0 0 20 0 0 0 0 0 0 0 0 0 0 0 0 0 3 0 0 0 0 0 0 0 0 0 0 1 3 19 0 0 0 0 0 0 0 0 0 0 0 0 0 0 0 1 0 0 0 0 8 0 0 0 7 0 8 0 0 0 0 0 22 7 0 0 2 0 0 0 0 0 0 4 0 0 0 0 0 1 0 0 0 2 0 0 0 0 0 0 21 0 0 0 0 0 0 0 0 0 0 0 3 17 0 0 0 0 2 19 0 0 0 0 0 13 0 0 0 0 0 0 0 0 34 0 0 0 0 2 16 0 0 0 0 0 22 0 0 0 0 0 22 33 0 0 0 0 0 0 0 0 0 0 0 5 0 0 0 0 0 0 0 2 0 0 0 1 0 2 0 17 0 0 0 0 0 0 0 0 0 0 0 0 0 0 0 0 0 0 0 0 0 0 
 1 1 1 2 2 1 3 2 2 1 2 1 1 1 2 2 2 1 1 2 0 4 2 2 1 0 2 2 1 1 2 3 1 1 4 4 2 1 2 2 35 22 35 46 280 0 263 30 57 42 72 298 39 69 47 44 340 83 258 55 0 0 0 1 0 0 0 3 0 1 0 3 0 0 0 0 0 0 102 3 0 0 0 0 0 0 0 0 0 0 0 0 0 0 0 0 0 0 23 0 0 0 0 0 0 0 0 0 0 0 0 0 0 0 21 0 0 0 0 0 0 0 0 0 1 12 0 0 0 0 4 0 0 0 0 0 0 0 0 0 20 13 0 0 0 0 0 0 0 0 0 0 0 0 0 0 0 0 20 24 0 0 0 0 3 0 0 0 0 4 0 0 0 0 0 0 0 0 0 2 0 0 0 0 0 0 0 0 0 0 0 0 0 0 0 0 0 0 0 0 0 0 0 0 0 19 0 12 0 0 0 1 0 0 0 0 0 1 0 0 40 36 0 0 0 0 27 1 0 0 0 0 37 0 0 0 0 0 66 40 0 0 0 0 0 0 2 0 0 0 0 5 0 0 0 0 0 0 2 0 0 0 0 0 1 6 1 0 1 0 0 0 0 0 0 0 0 0 0 0 0 0 0 0 1 0 0 0 0 0 
 3 0 2 0 0 63 0 0 0 0 0 0 0 0 0 65 0 0 0 0 6 0 2 0 6 0 6 2 2 1 1 0 96 1 5 1 2 5 26 62 225 78 293 117 291 263 0 72 42 267 53 36 293 189 81 288 41 36 62 173 0 0 0 0 0 0 0 3 0 0 0 3 12 0 0 3 0 0 11 5 0 0 0 0 0 14 0 0 0 0 0 0 0 0 0 0 0 0 0 0 4 0 0 1 0 0 42 0 0 0 0 0 5 3 0 0 0 0 9 21 19 66 0 0 0 0 18 8 29 0 7 0 0 18 23 22 0 0 0 0 7 2 2 0 0 0 5 3 3 0 0 0 5 39 7 0 0 0 3 1 0 0 0 0 0 0 0 0 7 0 0 0 6 8 0 0 0 5 0 0 3 0 0 0 0 0 22 0 0 0 0 0 14 0 0 0 0 0 22 17 59 66 1 0 0 0 0 30 16 0 0 0 10 20 66 11 0 0 17 0 9 8 0 0 0 0 0 7 3 0 0 14 46 17 1 0 2 0 0 0 0 0 0 0 0 0 0 0 0 0 0 2 0 0 0 0 0 0 1 0 0 0 0 0 2 1 0 0 0 0 0 0 0 0 0 0 0 0 0 0 0 0 0 0 0 0 0 0 0 0 
 0 0 2 0 0 61 0 0 0 0 70 0 0 0 0 0 6 0 0 0 62 0 0 65 2 0 0 1 1 2 1 0 1 0 1 2 0 0 0 1 253 503 420 73 71 30 72 0 162 42 34 39 113 314 170 214 51 41 89 51 0 0 0 1 66 0 0 0 0 0 0 0 0 0 50 0 1 8 0 210 0 0 0 0 0 0 0 0 0 0 0 0 0 0 0 0 0 0 0 0 0 0 0 0 0 0 0 0 0 0 0 0 0 1 0 0 0 0 0 0 7 31 27 6 0 1 0 41 34 39 1 2 0 0 14 14 44 12 0 0 0 0 0 0 0 0 0 0 0 5 0 0 0 0 0 0 0 0 0 0 0 0 0 0 16 0 0 0 0 0 0 0 0 0 0 0 0 0 0 0 0 0 0 0 0 0 0 0 0 0 0 0 11 0 0 0 0 0 0 0 0 29 38 11 0 0 0 0 34 19 9 0 0 21 20 33 21 12 0 0 0 0 0 0 0 0 0 0 0 0 0 0 0 1 0 0 0 0 0 0 0 0 0 0 0 0 0 0 0 0 0 11 0 2 0 0 0 0 0 1 0 0 1 0 1 4 0 0 1 0 10 0 0 0 0 0 0 0 0 0 0 0 0 0 0 12 0 0 1 0 
 6 0 2 62 0 0 4 4 0 0 4 0 0 10 7 0 0 0 0 14 0 0 0 0 0 0 0 0 0 0 0 0 0 0 0 1 3 0 3 0 259 183 100 81 81 57 42 162 0 267 243 29 91 93 136 395 253 373 274 264 0 0 0 5 206 0 0 0 0 0 2 0 0 0 0 0 7 0 0 0 0 1 3 0 0 0 0 0 17 0 0 15 0 11 1 2 0 0 0 0 0 0 0 0 0 0 0 0 0 0 0 0 0 0 0 0 0 0 0 0 0 0 44 25 1 10 0 0 6 69 16 14 0 0 0 13 21 20 0 0 0 0 0 0 0 0 0 0 0 1 0 0 0 0 0 0 0 24 0 0 7 7 5 0 0 0 0 8 8 2 0 0 0 5 10 17 0 8 0 0 0 0 0 0 0 0 0 0 16 0 0 0 0 0 0 0 0 0 0 0 0 0 8 15 44 12 0 0 10 30 25 38 0 0 0 48 18 20 0 0 0 0 0 0 0 0 0 0 0 0 0 0 0 0 0 0 0 15 0 0 0 0 15 0 0 0 0 0 0 0 0 6 0 1 0 0 0 0 0 10 0 0 0 1 0 14 0 13 0 0 13 0 0 0 0 0 0 0 0 0 0 0 0 0 0 8 0 0 1 0 
 3 2 0 0 0 0 0 0 0 0 1 0 0 1 0 0 0 0 0 1 3 0 0 2 13 4 0 0 0 0 4 7 0 2 3 0 0 1 0 0 34 37 246 311 99 42 267 42 267 0 727 282 63 246 73 398 183 307 53 272 0 0 0 26 0 3 0 0 0 0 0 0 1 0 0 0 8 0 0 0 0 0 0 0 0 0 0 0 0 0 0 0 0 0 0 0 0 0 0 0 0 0 0 0 1 4 0 0 0 0 0 0 11 0 0 0 0 0 0 0 0 0 27 25 52 16 0 0 0 10 41 16 5 11 0 17 12 17 6 1 0 0 0 0 0 0 0 0 0 0 0 0 0 26 0 0 0 0 3 0 11 0 3 0 0 0 0 0 0 0 0 0 0 23 0 4 0 0 0 0 0 0 0 0 4 1 0 0 0 0 1 1 0 0 0 0 1 0 0 0 0 0 0 3 35 12 3 0 1 1 13 14 0 0 0 1 9 35 13 1 0 1 0 0 0 0 0 8 0 0 0 0 0 0 0 0 0 0 7 0 0 0 6 0 0 0 0 0 0 0 0 2 0 2 0 0 0 0 1 18 0 0 65 63 2 8 0 64 0 0 0 0 0 0 0 0 0 0 0 0 0 0 0 0 8 0 0 0 2 0 
 2 0 2 0 0 0 0 62 29 0 2 0 0 0 0 0 0 0 0 0 1 3 0 21 0 0 0 0 0 67 0 3 0 0 0 0 0 0 1 0 46 49 104 84 101 72 53 34 243 727 0 471 47 54 50 126 174 251 250 23 4 0 2 1 0 3 4 6 0 0 0 3 23 4 18 5 3 50 50 6 0 0 0 0 0 4 0 0 0 0 0 0 0 0 0 0 0 0 0 0 0 0 0 0 0 11 0 0 0 0 0 0 0 1 0 0 0 0 0 0 0 0 0 35 26 57 0 0 0 11 24 0 0 0 0 0 0 0 0 0 0 6 6 0 0 0 34 21 14 0 0 0 11 0 0 15 4 4 15 1 0 0 11 10 0 0 0 0 0 0 0 0 0 0 0 5 0 0 0 0 0 0 0 0 0 0 0 0 0 0 0 0 0 0 0 0 0 0 0 0 5 20 0 0 20 9 0 0 0 0 14 42 0 0 0 0 0 13 0 0 0 0 11 0 0 0 1 0 11 3 0 0 7 0 3 31 5 10 2 17 0 0 13 0 0 0 0 0 0 0 0 8 0 2 0 0 0 0 1 8 0 0 33 39 0 0 1 34 0 0 7 0 0 0 0 0 0 0 0 0 0 0 0 0 7 0 0 0 1 0 
 0 0 3 0 0 0 3 0 0 0 0 3 0 0 0 0 0 0 0 0 89 0 0 15 0 1 0 0 0 1 0 0 0 2 2 2 0 0 2 0 42 34 48 520 235 298 36 39 29 282 471 0 38 54 254 26 90 125 251 24 0 0 0 0 0 0 4 0 0 0 0 0 0 54 0 0 0 0 0 0 0 0 0 0 0 0 0 0 0 0 0 0 0 0 0 0 0 0 0 0 0 0 0 0 0 0 12 0 0 0 0 0 0 0 0 0 0 0 0 0 0 0 0 0 23 22 0 0 0 0 0 0 0 0 0 0 0 0 0 0 0 0 0 0 0 0 4 0 0 0 0 21 3 0 0 2 0 0 34 10 0 0 6 0 0 0 1 0 0 0 0 0 0 0 0 0 0 0 0 0 0 0 0 0 0 0 0 0 0 0 0 0 0 0 0 0 0 0 0 0 0 0 14 0 24 30 0 1 0 0 0 21 0 0 0 0 0 0 0 0 9 0 0 0 0 0 0 0 0 0 0 37 46 0 0 0 0 0 45 14 0 0 0 0 0 0 0 0 62 0 0 2 0 0 0 0 0 0 0 15 0 0 65 63 0 0 37 63 1 0 0 0 0 0 0 0 0 0 0 0 0 0 0 0 1 0 0 0 0 0 
 63 0 0 2 0 0 1 0 64 0 0 0 0 0 0 0 12 0 0 0 0 0 0 0 0 6 0 0 0 0 0 0 0 1 0 0 1 0 0 0 68 59 92 302 109 39 293 113 91 63 47 38 0 169 53 62 46 36 385 170 0 0 0 1 0 0 0 7 0 1 0 3 0 0 0 11 0 0 0 2 0 0 0 0 0 0 0 0 0 0 0 0 0 0 0 0 0 0 0 0 0 0 0 0 0 0 0 0 0 0 0 0 0 0 0 0 0 0 0 0 83 23 0 0 0 0 29 5 22 0 0 0 13 32 85 49 0 0 0 14 0 0 0 0 0 0 0 0 11 1 0 0 0 0 0 0 0 0 0 0 0 9 0 0 0 0 0 0 0 0 0 0 0 0 0 0 7 0 0 0 0 0 0 0 0 0 0 0 0 0 0 0 0 0 0 0 0 0 0 0 53 6 0 0 0 25 19 38 3 0 0 0 25 12 34 12 0 0 0 10 0 0 0 0 0 0 0 0 0 0 0 0 0 0 0 0 0 0 0 0 0 0 0 0 0 0 0 0 0 0 0 3 0 0 0 0 0 0 0 0 0 0 0 0 0 2 1 0 0 0 0 0 0 0 0 0 0 0 0 0 0 0 0 0 0 0 0 0 0 0 
 0 0 0 0 0 2 0 0 47 0 4 0 0 0 0 0 0 0 0 0 0 0 0 0 1 0 0 0 0 63 0 0 0 0 1 0 0 0 3 0 147 56 65 78 290 69 189 314 93 246 54 54 169 0 328 42 46 35 182 220 4 3 0 1 1 1 2 4 0 0 0 0 3 0 2 3 3 9 0 0 0 0 0 0 0 10 0 0 0 0 0 0 0 0 0 0 0 0 0 0 0 0 3 11 0 0 0 0 0 0 0 0 0 0 0 0 0 0 0 0 6 38 0 0 3 0 0 22 45 13 9 5 0 10 35 48 11 11 0 0 0 0 0 0 0 0 0 0 0 13 0 0 0 0 0 0 7 0 0 0 0 0 0 0 17 0 0 0 0 0 0 0 0 0 0 0 0 0 0 0 0 13 0 0 0 0 0 0 0 0 0 0 0 0 0 0 0 0 5 0 39 26 31 18 4 0 1 12 25 82 8 8 0 18 50 13 28 10 0 1 0 0 0 0 0 0 7 0 0 0 0 0 0 0 0 0 0 0 0 6 0 0 0 0 0 0 0 0 0 0 0 15 0 3 0 0 0 0 1 3 0 0 1 0 1 1 2 0 0 0 0 0 0 0 0 0 0 0 0 0 0 0 15 0 6 0 0 0 2 0 
 0 0 2 0 0 0 0 0 0 0 0 0 62 0 0 0 0 0 0 0 3 2 2 3 4 2 3 3 3 3 3 2 3 3 3 4 2 31 66 3 264 236 94 260 70 47 81 170 136 73 50 254 53 328 0 185 38 63 51 165 0 0 0 0 0 0 0 1 0 0 0 0 0 0 0 1 0 4 52 49 0 0 0 0 0 0 0 0 0 0 0 0 0 0 0 0 0 0 0 0 0 0 0 0 0 0 0 0 0 0 1 0 0 0 0 0 0 0 0 0 11 53 14 2 0 0 1 10 19 14 1 0 0 0 11 13 25 49 0 1 0 0 0 0 0 0 0 0 0 3 0 0 0 0 0 0 0 0 0 0 0 0 0 10 3 0 0 0 0 0 0 0 0 0 0 0 0 0 0 0 0 0 0 0 0 0 0 0 0 0 0 0 0 0 0 0 0 0 0 0 3 29 39 24 12 0 2 5 30 29 7 0 4 28 12 26 21 19 0 0 0 0 0 0 0 0 0 0 0 0 0 0 0 0 0 0 0 0 0 0 0 0 0 0 0 0 0 0 0 0 0 13 0 2 0 0 0 0 1 2 0 0 3 0 0 0 0 0 0 0 14 0 0 0 0 0 0 0 0 0 0 0 0 0 0 7 0 0 2 0 
 3 17 3 65 4 5 3 25 97 91 61 4 3 3 4 77 70 36 3 3 1 0 0 0 2 0 1 0 0 0 0 0 4 1 0 0 2 0 1 1 57 66 341 49 289 44 288 214 395 398 126 26 62 42 185 0 142 118 455 549 0 0 0 0 0 0 0 0 0 0 0 0 0 0 0 0 0 0 0 0 0 0 0 0 0 0 0 0 11 0 12 12 0 0 0 3 0 11 0 0 0 0 0 0 9 0 0 4 0 0 0 0 0 0 0 0 0 0 0 0 2 36 29 0 0 0 0 0 24 16 10 7 0 0 0 20 13 23 0 0 0 0 0 0 0 0 0 0 0 10 0 0 0 0 0 0 0 0 0 0 0 0 6 3 2 0 0 0 0 10 10 16 0 0 0 1 12 1 0 0 0 0 0 0 0 0 0 0 0 0 0 4 0 0 0 0 0 0 0 0 1 1 23 15 12 0 10 0 15 11 12 1 0 2 2 0 22 16 0 12 0 0 0 0 0 0 0 0 0 0 0 0 0 0 0 0 0 0 0 6 0 0 0 0 0 0 0 0 0 62 0 6 10 1 0 0 0 0 0 2 0 0 2 1 2 8 1 0 0 0 3 0 0 0 0 12 0 0 0 0 0 0 0 0 0 0 0 0 1 0 
 5 4 4 2 2 11 2 2 66 2 4 2 2 2 2 2 2 65 2 2 0 3 0 0 0 3 4 0 0 5 0 5 0 0 1 1 1 0 0 3 34 169 168 140 266 340 41 51 253 183 174 90 46 46 38 142 0 280 28 47 0 0 208 5 6 0 0 0 0 0 0 5 0 0 0 0 7 0 0 0 0 0 0 0 0 0 0 0 9 0 0 0 0 0 1 0 0 0 0 10 0 0 0 10 8 0 0 0 0 0 0 0 0 0 14 0 0 0 0 0 0 0 24 89 46 10 0 0 10 57 72 10 10 0 1 14 23 25 0 0 0 0 0 0 0 0 0 0 0 0 0 0 0 0 0 0 0 0 4 0 0 0 16 0 0 0 0 0 0 0 0 0 0 0 0 25 0 0 0 0 0 0 0 0 0 0 0 0 0 0 0 0 0 0 0 0 0 0 0 0 0 0 15 2 12 14 0 0 0 2 18 38 0 0 0 17 12 30 0 0 0 0 0 0 0 0 8 0 0 0 0 0 0 22 0 0 1 0 0 0 0 0 15 0 0 0 0 0 0 0 0 6 0 2 0 0 0 0 0 13 0 0 0 64 0 11 1 1 2 0 11 0 0 0 0 0 0 0 0 0 0 0 0 0 13 8 0 0 2 0 
 2 0 0 3 0 0 1 0 0 0 4 0 0 2 4 1 2 0 0 2 7 7 3 3 7 3 68 7 4 4 3 3 3 3 7 6 3 7 66 3 271 52 224 259 33 83 36 41 373 307 251 125 36 35 63 118 280 0 111 36 0 0 0 13 0 5 0 0 0 5 0 0 0 0 3 4 2 4 0 0 0 0 0 0 0 0 0 0 0 0 0 0 0 0 0 0 0 0 0 0 3 0 0 0 0 0 0 0 0 0 0 0 0 0 0 0 0 0 0 0 0 0 23 50 51 11 0 0 0 36 69 17 0 0 0 11 19 33 0 6 0 0 0 0 0 0 0 0 0 9 0 0 0 0 0 0 0 0 5 20 0 0 5 0 0 0 0 0 0 0 0 1 0 0 0 4 0 0 0 0 0 0 0 0 0 0 0 0 0 0 0 0 0 0 10 0 0 0 0 0 0 0 1 0 40 11 0 0 0 0 30 34 0 0 0 0 10 19 0 0 1 0 0 0 0 0 0 0 0 0 0 0 0 0 0 0 0 0 9 0 0 0 9 0 0 0 0 0 0 0 0 21 0 2 0 0 0 0 0 7 0 2 66 62 0 7 4 62 0 0 2 0 0 0 0 0 0 0 0 0 0 0 0 0 11 0 0 0 1 0 
 0 0 4 0 0 0 0 0 0 1 6 0 0 0 0 0 0 64 0 0 0 1 0 0 1 196 0 0 0 0 0 0 0 1 0 0 3 0 2 1 278 58 289 57 70 258 62 89 274 53 250 251 385 182 51 455 28 111 0 264 0 0 0 0 0 0 0 0 0 0 0 0 0 0 0 1 0 2 0 0 0 0 0 0 0 0 0 0 0 0 0 0 0 0 0 0 0 5 0 0 0 0 0 0 0 9 0 0 0 0 0 0 0 0 0 0 0 0 0 0 32 2 5 2 10 0 23 17 2 7 3 1 6 31 5 10 8 0 5 37 0 0 20 0 0 0 0 0 5 0 0 0 0 0 0 0 0 0 0 0 0 2 0 0 0 0 2 0 0 0 0 0 0 0 0 0 13 0 0 0 0 0 0 0 0 0 0 0 0 0 0 0 0 0 0 0 0 0 0 0 4 9 3 0 0 0 39 23 1 6 0 17 58 0 17 0 0 12 0 18 0 0 0 0 0 0 0 10 0 0 0 0 0 0 0 0 0 0 0 9 0 0 0 0 0 0 0 0 0 0 0 7 0 0 0 0 0 0 2 2 0 0 0 0 0 1 0 0 0 0 0 0 0 0 0 0 0 0 0 0 0 0 5 0 11 0 0 0 0 0 
 2 3 4 3 2 3 3 2 2 2 8 3 3 3 3 3 3 3 2 3 0 0 0 0 4 0 0 0 0 0 0 0 0 0 1 0 0 0 0 0 321 41 45 71 57 55 173 51 264 272 23 24 170 220 165 549 47 36 264 0 0 0 0 0 52 0 0 6 0 0 0 0 0 0 0 6 0 1 0 0 0 3 0 0 0 0 0 0 0 0 0 0 0 0 0 0 0 0 0 0 0 0 0 0 0 0 0 11 0 0 0 0 0 0 0 0 0 0 10 0 11 26 1 0 7 0 16 10 4 4 5 8 10 29 33 22 0 0 0 0 0 0 0 0 0 0 0 0 14 0 0 0 0 0 0 0 0 0 0 0 0 5 0 0 0 0 0 0 0 0 0 0 0 0 0 0 6 0 0 0 0 0 0 0 0 0 0 0 0 0 0 0 0 0 0 0 0 0 0 0 65 56 6 12 1 0 22 59 18 9 5 12 15 15 30 10 0 7 0 13 0 0 0 0 0 0 0 0 0 12 0 0 0 0 0 0 0 0 0 21 0 0 0 0 0 0 0 0 0 0 0 13 0 0 0 0 0 0 2 2 0 0 2 2 3 0 0 0 3 0 0 0 0 0 0 0 0 0 0 0 0 0 14 0 18 0 0 0 0 0 
 3 0 0 0 1 32 0 2 0 0 5 0 0 0 0 0 12 0 0 0 0 0 0 0 0 0 0 0 0 0 0 0 0 0 0 0 0 0 0 0 0 1 0 0 0 0 0 0 0 0 4 0 0 4 0 0 0 0 0 0 0 71 63 41 42 256 517 204 59 38 258 23 264 60 436 39 39 42 52 100 0 14 0 0 0 0 0 0 0 0 0 0 0 0 0 0 0 0 0 0 0 0 0 0 0 0 0 0 0 0 0 0 0 21 0 0 0 0 0 0 0 0 0 0 0 0 0 0 0 0 0 0 0 0 0 0 0 0 0 0 0 10 18 1 0 0 0 23 29 0 0 0 0 1 8 41 12 17 0 0 0 0 0 0 0 0 4 4 0 0 7 1 0 0 0 0 0 0 0 0 0 0 0 0 0 0 0 0 0 0 0 0 0 0 0 0 0 0 0 0 0 0 0 0 0 0 0 0 0 0 0 0 0 0 0 0 0 0 0 0 0 14 3 0 0 0 0 13 39 23 0 0 0 17 20 54 41 21 0 0 16 0 0 0 0 0 0 0 0 0 0 0 0 0 8 0 0 0 0 0 0 0 0 0 0 0 0 0 0 0 10 1 0 6 0 0 0 19 0 0 0 0 0 0 0 2 0 9 0 0 
 2 0 5 23 0 0 0 0 0 0 0 3 0 0 0 0 0 0 0 0 0 0 6 51 0 0 4 0 0 0 0 2 0 0 0 0 3 0 0 0 58 4 0 0 0 0 0 0 0 0 0 0 0 3 0 0 0 0 0 0 71 0 289 67 21 30 39 274 496 483 33 25 278 56 247 632 204 54 50 34 0 0 0 0 0 0 10 0 0 0 0 0 0 0 0 0 6 0 0 0 0 0 0 0 0 0 0 8 0 0 0 0 0 3 13 0 0 0 0 0 0 0 0 0 0 0 9 0 0 0 0 0 0 0 0 0 0 0 0 0 0 0 1 24 0 5 0 0 0 55 11 30 0 0 0 0 12 32 0 0 0 0 0 0 0 0 8 0 0 0 0 6 0 0 0 0 0 0 0 0 0 0 0 0 0 0 0 0 0 0 0 0 0 0 0 0 0 0 0 0 0 0 0 0 0 0 0 0 9 0 0 0 0 0 0 0 0 0 0 0 0 0 0 32 5 0 0 0 18 53 41 82 0 0 0 18 7 30 0 0 23 0 0 10 0 0 0 0 0 0 0 0 0 0 4 0 21 0 0 0 0 0 0 0 0 0 0 0 0 0 18 0 0 8 1 0 0 0 0 0 0 0 0 0 0 0 0 0 0 0 
